[[-0.6125   0.68     0.05416  0.05416  0.05416  0.03584  0.03584  0.03584
   0.05416  0.03584  0.4185   0.045    0.0225   0.045  ]
 [-0.8825   0.95     0.05416  0.05416  0.05416  0.03584  0.03584  0.03584
   0.05416  0.03584  0.4185   0.315    0.0225   0.315  ]
 [-5.0675   5.135    0.       0.05416  0.       0.       0.03584  0.
   0.05416  0.03584  0.4185   4.5      0.0225   4.5    ]
 [-0.6125   0.698    0.05416  0.05416  0.05416  0.03584  0.03584  0.03584
   0.05416  0.03584  0.4185   0.045    0.0405   0.045  ]
 [-0.8825   0.968    0.05416  0.05416  0.05416  0.03584  0.03584  0.03584
   0.05416  0.03584  0.4185   0.315    0.0405   0.315  ]
 [-5.0675   5.153    0.       0.05416  0.       0.       0.03584  0.
   0.05416  0.03584  0.4185   4.5      0.0405   4.5    ]
 [-0.6125   0.7025   0.05416  0.05416  0.05416  0.03584  0.03584  0.03584
   0.05416  0.03584  0.4185   0.045    0.045    0.045  ]
 [-0.8825   0.9725   0.05416  0.05416  0.05416  0.03584  0.03584  0.03584
   0.05416  0.03584  0.4185   0.315    0.045    0.315  ]
 [-5.0675   5.1575   0.       0.05416  0.       0.       0.03584  0.
   0.05416  0.03584  0.4185   4.5      0.045    4.5    ]
 [-0.6125   0.7476   0.05416  0.05416  0.05416  0.03584  0.03584  0.03584
   0.05416  0.03584  0.4185   0.045    0.09     0.045  ]
 [-0.8825   1.0175   0.05416  0.05416  0.05416  0.03584  0.03584  0.03584
   0.05416  0.03584  0.4185   0.315    0.09     0.315  ]
 [-5.0675   5.2025   0.       0.05416  0.       0.       0.03584  0.
   0.05416  0.03584  0.4185   4.5      0.09     4.5    ]
 [-0.6125   0.7925   0.05416  0.05416  0.05416  0.03584  0.03584  0.03584
   0.05416  0.03584  0.4185   0.045    0.135    0.045  ]
 [-0.8825   1.0625   0.05416  0.05416  0.05416  0.03584  0.03584  0.03584
   0.05416  0.03584  0.4185   0.315    0.135    0.315  ]
 [-5.0675   5.2475   0.       0.05416  0.       0.       0.03584  0.
   0.05416  0.03584  0.4185   4.5      0.135    4.5    ]
 [-0.6125   0.8375   0.05416  0.05416  0.05416  0.03584  0.03584  0.03584
   0.05416  0.03584  0.4185   0.045    0.18     0.045  ]
 [-0.8825   1.1075   0.05416  0.05416  0.05416  0.03584  0.03584  0.03584
   0.05416  0.03584  0.4185   0.315    0.18     0.315  ]
 [-5.0675   5.2926   0.       0.05416  0.       0.       0.03584  0.
   0.05416  0.03584  0.4185   4.5      0.18     4.5    ]
 [-0.6125   0.8825   0.05416  0.05416  0.05416  0.03584  0.03584  0.03584
   0.05416  0.03584  0.4185   0.045    0.225    0.045  ]
 [-0.8825   1.1525   0.05416  0.05416  0.05416  0.03584  0.03584  0.03584
   0.05416  0.03584  0.4185   0.315    0.225    0.315  ]
 [-5.0675   5.3375   0.       0.05416  0.       0.       0.03584  0.
   0.05416  0.03584  0.4185   4.5      0.225    4.5    ]
 [-0.6125   0.9725   0.05416  0.05416  0.05416  0.03584  0.03584  0.03584
   0.05416  0.03584  0.4185   0.045    0.315    0.045  ]
 [-0.8825   1.2425   0.05416  0.05416  0.05416  0.03584  0.03584  0.03584
   0.05416  0.03584  0.4185   0.315    0.315    0.315  ]
 [-5.0675   5.4275   0.       0.05416  0.       0.       0.03584  0.
   0.05416  0.03584  0.4185   4.5      0.315    4.5    ]
 [-0.6125   1.1075   0.05416  0.05416  0.05416  0.03584  0.03584  0.03584
   0.05416  0.03584  0.4185   0.045    0.45     0.045  ]
 [-0.8825   1.3775   0.05416  0.05416  0.05416  0.03584  0.03584  0.03584
   0.05416  0.03584  0.4185   0.315    0.45     0.315  ]
 [-5.0675   5.5625   0.       0.05416  0.       0.       0.03584  0.
   0.05416  0.03584  0.4185   4.5      0.45     4.5    ]
 [-0.6125   1.2875   0.05416  0.05416  0.05416  0.03584  0.03584  0.03584
   0.05416  0.03584  0.4185   0.045    0.63     0.045  ]
 [-0.8825   1.5575   0.05416  0.05416  0.05416  0.03584  0.03584  0.03584
   0.05416  0.03584  0.4185   0.315    0.63     0.315  ]
 [-5.0675   5.7425   0.       0.05416  0.       0.       0.03584  0.
   0.05416  0.03584  0.4185   4.5      0.63     4.5    ]
 [-0.6125   1.4675   0.05416  0.05416  0.05416  0.03584  0.03584  0.03584
   0.05416  0.03584  0.4185   0.045    0.81     0.045  ]
 [-0.8825   1.7375   0.05416  0.05416  0.05416  0.03584  0.03584  0.03584
   0.05416  0.03584  0.4185   0.315    0.81     0.315  ]
 [-5.0675   5.9225   0.       0.05416  0.       0.       0.03584  0.
   0.05416  0.03584  0.4185   4.5      0.81     4.5    ]
 [-0.6125   5.1575   0.05416  0.       0.       0.03584  0.       0.
   0.05416  0.03584  0.4185   0.045    4.5      4.5    ]
 [-0.8825   5.4275   0.05416  0.       0.       0.03584  0.       0.
   0.05416  0.03584  0.4185   0.315    4.5      4.5    ]
 [-5.0675   9.6125   0.       0.       0.       0.       0.       0.
   0.05416  0.03584  0.4185   4.5      4.5      4.5    ]
 [-0.6125   0.86     0.05416  0.14416  0.14416  0.03584  0.12584  0.12584
   0.05416  0.03584  0.4185   0.045    0.0225   0.045  ]
 [-0.8825   1.13     0.05416  0.14416  0.14416  0.03584  0.12584  0.12584
   0.05416  0.03584  0.4185   0.315    0.0225   0.315  ]
 [-5.0675   5.3151   0.       0.14416  0.       0.       0.12584  0.
   0.05416  0.03584  0.4185   4.5      0.0225   4.5    ]
 [-0.6125   0.878    0.05416  0.14416  0.14416  0.03584  0.12584  0.12584
   0.05416  0.03584  0.4185   0.045    0.0405   0.045  ]
 [-0.8825   1.1481   0.05416  0.14416  0.14416  0.03584  0.12584  0.12584
   0.05416  0.03584  0.4185   0.315    0.0405   0.315  ]
 [-5.0675   5.333    0.       0.14416  0.       0.       0.12584  0.
   0.05416  0.03584  0.4185   4.5      0.0405   4.5    ]
 [-0.6125   0.8825   0.05416  0.14416  0.14416  0.03584  0.12584  0.12584
   0.05416  0.03584  0.4185   0.045    0.045    0.045  ]
 [-0.8825   1.1525   0.05416  0.14416  0.14416  0.03584  0.12584  0.12584
   0.05416  0.03584  0.4185   0.315    0.045    0.315  ]
 [-5.0675   5.3375   0.       0.14416  0.       0.       0.12584  0.
   0.05416  0.03584  0.4185   4.5      0.045    4.5    ]
 [-0.6125   0.9275   0.05416  0.14416  0.14416  0.03584  0.12584  0.12584
   0.05416  0.03584  0.4185   0.045    0.09     0.045  ]
 [-0.8825   1.1975   0.05416  0.14416  0.14416  0.03584  0.12584  0.12584
   0.05416  0.03584  0.4185   0.315    0.09     0.315  ]
 [-5.0675   5.3825   0.       0.14416  0.       0.       0.12584  0.
   0.05416  0.03584  0.4185   4.5      0.09     4.5    ]
 [-0.6125   0.9725   0.05416  0.14416  0.14416  0.03584  0.12584  0.12584
   0.05416  0.03584  0.4185   0.045    0.135    0.045  ]
 [-0.8825   1.2425   0.05416  0.14416  0.14416  0.03584  0.12584  0.12584
   0.05416  0.03584  0.4185   0.315    0.135    0.315  ]
 [-5.0675   5.4275   0.       0.14416  0.       0.       0.12584  0.
   0.05416  0.03584  0.4185   4.5      0.135    4.5    ]
 [-0.6125   1.0175   0.05416  0.14416  0.14416  0.03584  0.12584  0.12584
   0.05416  0.03584  0.4185   0.045    0.18     0.045  ]
 [-0.8825   1.2875   0.05416  0.14416  0.14416  0.03584  0.12584  0.12584
   0.05416  0.03584  0.4185   0.315    0.18     0.315  ]
 [-5.0675   5.4725   0.       0.14416  0.       0.       0.12584  0.
   0.05416  0.03584  0.4185   4.5      0.18     4.5    ]
 [-0.6125   1.0625   0.05416  0.14416  0.14416  0.03584  0.12584  0.12584
   0.05416  0.03584  0.4185   0.045    0.225    0.045  ]
 [-0.8825   1.3325   0.05416  0.14416  0.14416  0.03584  0.12584  0.12584
   0.05416  0.03584  0.4185   0.315    0.225    0.315  ]
 [-5.0675   5.5175   0.       0.14416  0.       0.       0.12584  0.
   0.05416  0.03584  0.4185   4.5      0.225    4.5    ]
 [-0.6125   1.1525   0.05416  0.14416  0.14416  0.03584  0.12584  0.12584
   0.05416  0.03584  0.4185   0.045    0.315    0.045  ]
 [-0.8825   1.4226   0.05416  0.14416  0.14416  0.03584  0.12584  0.12584
   0.05416  0.03584  0.4185   0.315    0.315    0.315  ]
 [-5.0675   5.6075   0.       0.14416  0.       0.       0.12584  0.
   0.05416  0.03584  0.4185   4.5      0.315    4.5    ]
 [-0.6125   1.2875   0.05416  0.14416  0.14416  0.03584  0.12584  0.12584
   0.05416  0.03584  0.4185   0.045    0.45     0.045  ]
 [-0.8825   1.5575   0.05416  0.14416  0.14416  0.03584  0.12584  0.12584
   0.05416  0.03584  0.4185   0.315    0.45     0.315  ]
 [-5.0675   5.7425   0.       0.14416  0.       0.       0.12584  0.
   0.05416  0.03584  0.4185   4.5      0.45     4.5    ]
 [-0.6125   1.4675   0.05416  0.14416  0.14416  0.03584  0.12584  0.12584
   0.05416  0.03584  0.4185   0.045    0.63     0.045  ]
 [-0.8825   1.7375   0.05416  0.14416  0.14416  0.03584  0.12584  0.12584
   0.05416  0.03584  0.4185   0.315    0.63     0.315  ]
 [-5.0675   5.9225   0.       0.14416  0.       0.       0.12584  0.
   0.05416  0.03584  0.4185   4.5      0.63     4.5    ]
 [-0.6125   1.6475   0.05416  0.14416  0.14416  0.03584  0.12584  0.12584
   0.05416  0.03584  0.4185   0.045    0.81     0.045  ]
 [-0.8825   1.9175   0.05416  0.14416  0.14416  0.03584  0.12584  0.12584
   0.05416  0.03584  0.4185   0.315    0.81     0.315  ]
 [-5.0675   6.1025   0.       0.14416  0.       0.       0.12584  0.
   0.05416  0.03584  0.4185   4.5      0.81     4.5    ]
 [-0.6125   5.3375   0.05416  0.       0.       0.03584  0.       0.
   0.05416  0.03584  0.4185   0.045    4.5      4.5    ]
 [-0.8825   5.6076   0.05416  0.       0.       0.03584  0.       0.
   0.05416  0.03584  0.4185   0.315    4.5      4.5    ]
 [-5.0675   9.7925   0.       0.       0.       0.       0.       0.
   0.05416  0.03584  0.4185   4.5      4.5      4.5    ]
 [-0.6125   2.39     0.05416  0.90916  0.90916  0.03584  0.89084  0.89084
   0.05416  0.03584  0.4185   0.045    0.0225   0.045  ]
 [-0.8825   2.66     0.05416  0.90916  0.90916  0.03584  0.89084  0.89084
   0.05416  0.03584  0.4185   0.315    0.0225   0.315  ]
 [-5.0675   6.845    0.       0.90916  0.       0.       0.89084  0.
   0.05416  0.03584  0.4185   4.5      0.0225   4.5    ]
 [-0.6125   2.408    0.05416  0.90916  0.90916  0.03584  0.89084  0.89084
   0.05416  0.03584  0.4185   0.045    0.0405   0.045  ]
 [-0.8825   2.678    0.05416  0.90916  0.90916  0.03584  0.89084  0.89084
   0.05416  0.03584  0.4185   0.315    0.0405   0.315  ]
 [-5.0675   6.863    0.       0.90916  0.       0.       0.89084  0.
   0.05416  0.03584  0.4185   4.5      0.0405   4.5    ]
 [-0.6125   2.4125   0.05416  0.90916  0.90916  0.03584  0.89084  0.89084
   0.05416  0.03584  0.4185   0.045    0.045    0.045  ]
 [-0.8825   2.6825   0.05416  0.90916  0.90916  0.03584  0.89084  0.89084
   0.05416  0.03584  0.4185   0.315    0.045    0.315  ]
 [-5.0675   6.8675   0.       0.90916  0.       0.       0.89084  0.
   0.05416  0.03584  0.4185   4.5      0.045    4.5    ]
 [-0.6125   2.4575   0.05416  0.90916  0.90916  0.03584  0.89084  0.89084
   0.05416  0.03584  0.4185   0.045    0.09     0.045  ]
 [-0.8825   2.7275   0.05416  0.90916  0.90916  0.03584  0.89084  0.89084
   0.05416  0.03584  0.4185   0.315    0.09     0.315  ]
 [-5.0675   6.9125   0.       0.90916  0.       0.       0.89084  0.
   0.05416  0.03584  0.4185   4.5      0.09     4.5    ]
 [-0.6125   2.5025   0.05416  0.90916  0.90916  0.03584  0.89084  0.89084
   0.05416  0.03584  0.4185   0.045    0.135    0.045  ]
 [-0.8825   2.7725   0.05416  0.90916  0.90916  0.03584  0.89084  0.89084
   0.05416  0.03584  0.4185   0.315    0.135    0.315  ]
 [-5.0675   6.9575   0.       0.90916  0.       0.       0.89084  0.
   0.05416  0.03584  0.4185   4.5      0.135    4.5    ]
 [-0.6125   2.5475   0.05416  0.90916  0.90916  0.03584  0.89084  0.89084
   0.05416  0.03584  0.4185   0.045    0.18     0.045  ]
 [-0.8825   2.8175   0.05416  0.90916  0.90916  0.03584  0.89084  0.89084
   0.05416  0.03584  0.4185   0.315    0.18     0.315  ]
 [-5.0675   7.0025   0.       0.90916  0.       0.       0.89084  0.
   0.05416  0.03584  0.4185   4.5      0.18     4.5    ]
 [-0.6125   2.5925   0.05416  0.90916  0.90916  0.03584  0.89084  0.89084
   0.05416  0.03584  0.4185   0.045    0.225    0.045  ]
 [-0.8825   2.8625   0.05416  0.90916  0.90916  0.03584  0.89084  0.89084
   0.05416  0.03584  0.4185   0.315    0.225    0.315  ]
 [-5.0675   7.0475   0.       0.90916  0.       0.       0.89084  0.
   0.05416  0.03584  0.4185   4.5      0.225    4.5    ]
 [-0.6125   2.6825   0.05416  0.90916  0.90916  0.03584  0.89084  0.89084
   0.05416  0.03584  0.4185   0.045    0.315    0.045  ]
 [-0.8825   2.9525   0.05416  0.90916  0.90916  0.03584  0.89084  0.89084
   0.05416  0.03584  0.4185   0.315    0.315    0.315  ]
 [-5.0675   7.1375   0.       0.90916  0.       0.       0.89084  0.
   0.05416  0.03584  0.4185   4.5      0.315    4.5    ]
 [-0.6125   2.8175   0.05416  0.90916  0.90916  0.03584  0.89084  0.89084
   0.05416  0.03584  0.4185   0.045    0.45     0.045  ]
 [-0.8825   3.0875   0.05416  0.90916  0.90916  0.03584  0.89084  0.89084
   0.05416  0.03584  0.4185   0.315    0.45     0.315  ]
 [-5.0675   7.2725   0.       0.90916  0.       0.       0.89084  0.
   0.05416  0.03584  0.4185   4.5      0.45     4.5    ]
 [-0.6125   2.9975   0.05416  0.90916  0.90916  0.03584  0.89084  0.89084
   0.05416  0.03584  0.4185   0.045    0.63     0.045  ]
 [-0.8825   3.2675   0.05416  0.90916  0.90916  0.03584  0.89084  0.89084
   0.05416  0.03584  0.4185   0.315    0.63     0.315  ]
 [-5.0675   7.4525   0.       0.90916  0.       0.       0.89084  0.
   0.05416  0.03584  0.4185   4.5      0.63     4.5    ]
 [-0.6125   3.1775   0.05416  0.90916  0.90916  0.03584  0.89084  0.89084
   0.05416  0.03584  0.4185   0.045    0.81     0.045  ]
 [-0.8825   3.4475   0.05416  0.90916  0.90916  0.03584  0.89084  0.89084
   0.05416  0.03584  0.4185   0.315    0.81     0.315  ]
 [-5.0675   7.6325   0.       0.90916  0.       0.       0.89084  0.
   0.05416  0.03584  0.4185   4.5      0.81     4.5    ]
 [-0.6125   6.8675   0.05416  0.       0.       0.03584  0.       0.
   0.05416  0.03584  0.4185   0.045    4.5      4.5    ]
 [-0.8825   7.1375   0.05416  0.       0.       0.03584  0.       0.
   0.05416  0.03584  0.4185   0.315    4.5      4.5    ]
 [-5.0675  11.3225   0.       0.       0.       0.       0.       0.
   0.05416  0.03584  0.4185   4.5      4.5      4.5    ]
 [-0.7476   0.725    0.14416  0.05416  0.05416  0.12584  0.03584  0.03584
   0.14416  0.12584  0.4185   0.045    0.0225   0.045  ]
 [-1.0175   0.995    0.14416  0.05416  0.05416  0.12584  0.03584  0.03584
   0.14416  0.12584  0.4185   0.315    0.0225   0.315  ]
 [-5.2025   5.18     0.       0.05416  0.       0.       0.03584  0.
   0.14416  0.12584  0.4185   4.5      0.0225   4.5    ]
 [-0.7476   0.743    0.14416  0.05416  0.05416  0.12584  0.03584  0.03584
   0.14416  0.12584  0.4185   0.045    0.0405   0.045  ]
 [-1.0175   1.013    0.14416  0.05416  0.05416  0.12584  0.03584  0.03584
   0.14416  0.12584  0.4185   0.315    0.0405   0.315  ]
 [-5.2025   5.1981   0.       0.05416  0.       0.       0.03584  0.
   0.14416  0.12584  0.4185   4.5      0.0405   4.5    ]
 [-0.7476   0.7476   0.14416  0.05416  0.05416  0.12584  0.03584  0.03584
   0.14416  0.12584  0.4185   0.045    0.045    0.045  ]
 [-1.0175   1.0175   0.14416  0.05416  0.05416  0.12584  0.03584  0.03584
   0.14416  0.12584  0.4185   0.315    0.045    0.315  ]
 [-5.2025   5.2025   0.       0.05416  0.       0.       0.03584  0.
   0.14416  0.12584  0.4185   4.5      0.045    4.5    ]
 [-0.7476   0.7925   0.14416  0.05416  0.05416  0.12584  0.03584  0.03584
   0.14416  0.12584  0.4185   0.045    0.09     0.045  ]
 [-1.0175   1.0625   0.14416  0.05416  0.05416  0.12584  0.03584  0.03584
   0.14416  0.12584  0.4185   0.315    0.09     0.315  ]
 [-5.2025   5.2475   0.       0.05416  0.       0.       0.03584  0.
   0.14416  0.12584  0.4185   4.5      0.09     4.5    ]
 [-0.7476   0.8375   0.14416  0.05416  0.05416  0.12584  0.03584  0.03584
   0.14416  0.12584  0.4185   0.045    0.135    0.045  ]
 [-1.0175   1.1075   0.14416  0.05416  0.05416  0.12584  0.03584  0.03584
   0.14416  0.12584  0.4185   0.315    0.135    0.315  ]
 [-5.2025   5.2926   0.       0.05416  0.       0.       0.03584  0.
   0.14416  0.12584  0.4185   4.5      0.135    4.5    ]
 [-0.7476   0.8825   0.14416  0.05416  0.05416  0.12584  0.03584  0.03584
   0.14416  0.12584  0.4185   0.045    0.18     0.045  ]
 [-1.0175   1.1525   0.14416  0.05416  0.05416  0.12584  0.03584  0.03584
   0.14416  0.12584  0.4185   0.315    0.18     0.315  ]
 [-5.2025   5.3375   0.       0.05416  0.       0.       0.03584  0.
   0.14416  0.12584  0.4185   4.5      0.18     4.5    ]
 [-0.7476   0.9275   0.14416  0.05416  0.05416  0.12584  0.03584  0.03584
   0.14416  0.12584  0.4185   0.045    0.225    0.045  ]
 [-1.0175   1.1975   0.14416  0.05416  0.05416  0.12584  0.03584  0.03584
   0.14416  0.12584  0.4185   0.315    0.225    0.315  ]
 [-5.2025   5.3825   0.       0.05416  0.       0.       0.03584  0.
   0.14416  0.12584  0.4185   4.5      0.225    4.5    ]
 [-0.7476   1.0175   0.14416  0.05416  0.05416  0.12584  0.03584  0.03584
   0.14416  0.12584  0.4185   0.045    0.315    0.045  ]
 [-1.0175   1.2875   0.14416  0.05416  0.05416  0.12584  0.03584  0.03584
   0.14416  0.12584  0.4185   0.315    0.315    0.315  ]
 [-5.2025   5.4725   0.       0.05416  0.       0.       0.03584  0.
   0.14416  0.12584  0.4185   4.5      0.315    4.5    ]
 [-0.7476   1.1525   0.14416  0.05416  0.05416  0.12584  0.03584  0.03584
   0.14416  0.12584  0.4185   0.045    0.45     0.045  ]
 [-1.0175   1.4225   0.14416  0.05416  0.05416  0.12584  0.03584  0.03584
   0.14416  0.12584  0.4185   0.315    0.45     0.315  ]
 [-5.2025   5.6075   0.       0.05416  0.       0.       0.03584  0.
   0.14416  0.12584  0.4185   4.5      0.45     4.5    ]
 [-0.7476   1.3325   0.14416  0.05416  0.05416  0.12584  0.03584  0.03584
   0.14416  0.12584  0.4185   0.045    0.63     0.045  ]
 [-1.0175   1.6025   0.14416  0.05416  0.05416  0.12584  0.03584  0.03584
   0.14416  0.12584  0.4185   0.315    0.63     0.315  ]
 [-5.2025   5.7875   0.       0.05416  0.       0.       0.03584  0.
   0.14416  0.12584  0.4185   4.5      0.63     4.5    ]
 [-0.7476   1.5125   0.14416  0.05416  0.05416  0.12584  0.03584  0.03584
   0.14416  0.12584  0.4185   0.045    0.81     0.045  ]
 [-1.0175   1.7825   0.14416  0.05416  0.05416  0.12584  0.03584  0.03584
   0.14416  0.12584  0.4185   0.315    0.81     0.315  ]
 [-5.2025   5.9675   0.       0.05416  0.       0.       0.03584  0.
   0.14416  0.12584  0.4185   4.5      0.81     4.5    ]
 [-0.7476   5.2025   0.14416  0.       0.       0.12584  0.       0.
   0.14416  0.12584  0.4185   0.045    4.5      4.5    ]
 [-1.0175   5.4725   0.14416  0.       0.       0.12584  0.       0.
   0.14416  0.12584  0.4185   0.315    4.5      4.5    ]
 [-5.2025   9.6575   0.       0.       0.       0.       0.       0.
   0.14416  0.12584  0.4185   4.5      4.5      4.5    ]
 [-0.7476   0.905    0.14416  0.14416  0.14416  0.12584  0.12584  0.12584
   0.14416  0.12584  0.4185   0.045    0.0225   0.045  ]
 [-1.0175   1.175    0.14416  0.14416  0.14416  0.12584  0.12584  0.12584
   0.14416  0.12584  0.4185   0.315    0.0225   0.315  ]
 [-5.2025   5.36     0.       0.14416  0.       0.       0.12584  0.
   0.14416  0.12584  0.4185   4.5      0.0225   4.5    ]
 [-0.7476   0.923    0.14416  0.14416  0.14416  0.12584  0.12584  0.12584
   0.14416  0.12584  0.4185   0.045    0.0405   0.045  ]
 [-1.0175   1.193    0.14416  0.14416  0.14416  0.12584  0.12584  0.12584
   0.14416  0.12584  0.4185   0.315    0.0405   0.315  ]
 [-5.2025   5.378    0.       0.14416  0.       0.       0.12584  0.
   0.14416  0.12584  0.4185   4.5      0.0405   4.5    ]
 [-0.7476   0.9275   0.14416  0.14416  0.14416  0.12584  0.12584  0.12584
   0.14416  0.12584  0.4185   0.045    0.045    0.045  ]
 [-1.0175   1.1975   0.14416  0.14416  0.14416  0.12584  0.12584  0.12584
   0.14416  0.12584  0.4185   0.315    0.045    0.315  ]
 [-5.2025   5.3825   0.       0.14416  0.       0.       0.12584  0.
   0.14416  0.12584  0.4185   4.5      0.045    4.5    ]
 [-0.7476   0.9725   0.14416  0.14416  0.14416  0.12584  0.12584  0.12584
   0.14416  0.12584  0.4185   0.045    0.09     0.045  ]
 [-1.0175   1.2425   0.14416  0.14416  0.14416  0.12584  0.12584  0.12584
   0.14416  0.12584  0.4185   0.315    0.09     0.315  ]
 [-5.2025   5.4275   0.       0.14416  0.       0.       0.12584  0.
   0.14416  0.12584  0.4185   4.5      0.09     4.5    ]
 [-0.7476   1.0175   0.14416  0.14416  0.14416  0.12584  0.12584  0.12584
   0.14416  0.12584  0.4185   0.045    0.135    0.045  ]
 [-1.0175   1.2875   0.14416  0.14416  0.14416  0.12584  0.12584  0.12584
   0.14416  0.12584  0.4185   0.315    0.135    0.315  ]
 [-5.2025   5.4725   0.       0.14416  0.       0.       0.12584  0.
   0.14416  0.12584  0.4185   4.5      0.135    4.5    ]
 [-0.7476   1.0625   0.14416  0.14416  0.14416  0.12584  0.12584  0.12584
   0.14416  0.12584  0.4185   0.045    0.18     0.045  ]
 [-1.0175   1.3325   0.14416  0.14416  0.14416  0.12584  0.12584  0.12584
   0.14416  0.12584  0.4185   0.315    0.18     0.315  ]
 [-5.2025   5.5175   0.       0.14416  0.       0.       0.12584  0.
   0.14416  0.12584  0.4185   4.5      0.18     4.5    ]
 [-0.7476   1.1075   0.14416  0.14416  0.14416  0.12584  0.12584  0.12584
   0.14416  0.12584  0.4185   0.045    0.225    0.045  ]
 [-1.0175   1.3775   0.14416  0.14416  0.14416  0.12584  0.12584  0.12584
   0.14416  0.12584  0.4185   0.315    0.225    0.315  ]
 [-5.2025   5.5625   0.       0.14416  0.       0.       0.12584  0.
   0.14416  0.12584  0.4185   4.5      0.225    4.5    ]
 [-0.7476   1.1976   0.14416  0.14416  0.14416  0.12584  0.12584  0.12584
   0.14416  0.12584  0.4185   0.045    0.315    0.045  ]
 [-1.0175   1.4675   0.14416  0.14416  0.14416  0.12584  0.12584  0.12584
   0.14416  0.12584  0.4185   0.315    0.315    0.315  ]
 [-5.2025   5.6525   0.       0.14416  0.       0.       0.12584  0.
   0.14416  0.12584  0.4185   4.5      0.315    4.5    ]
 [-0.7476   1.3325   0.14416  0.14416  0.14416  0.12584  0.12584  0.12584
   0.14416  0.12584  0.4185   0.045    0.45     0.045  ]
 [-1.0175   1.6025   0.14416  0.14416  0.14416  0.12584  0.12584  0.12584
   0.14416  0.12584  0.4185   0.315    0.45     0.315  ]
 [-5.2025   5.7875   0.       0.14416  0.       0.       0.12584  0.
   0.14416  0.12584  0.4185   4.5      0.45     4.5    ]
 [-0.7476   1.5125   0.14416  0.14416  0.14416  0.12584  0.12584  0.12584
   0.14416  0.12584  0.4185   0.045    0.63     0.045  ]
 [-1.0175   1.7825   0.14416  0.14416  0.14416  0.12584  0.12584  0.12584
   0.14416  0.12584  0.4185   0.315    0.63     0.315  ]
 [-5.2025   5.9675   0.       0.14416  0.       0.       0.12584  0.
   0.14416  0.12584  0.4185   4.5      0.63     4.5    ]
 [-0.7476   1.6925   0.14416  0.14416  0.14416  0.12584  0.12584  0.12584
   0.14416  0.12584  0.4185   0.045    0.81     0.045  ]
 [-1.0175   1.9625   0.14416  0.14416  0.14416  0.12584  0.12584  0.12584
   0.14416  0.12584  0.4185   0.315    0.81     0.315  ]
 [-5.2025   6.1475   0.       0.14416  0.       0.       0.12584  0.
   0.14416  0.12584  0.4185   4.5      0.81     4.5    ]
 [-0.7476   5.3825   0.14416  0.       0.       0.12584  0.       0.
   0.14416  0.12584  0.4185   0.045    4.5      4.5    ]
 [-1.0175   5.6526   0.14416  0.       0.       0.12584  0.       0.
   0.14416  0.12584  0.4185   0.315    4.5      4.5    ]
 [-5.2025   9.8375   0.       0.       0.       0.       0.       0.
   0.14416  0.12584  0.4185   4.5      4.5      4.5    ]
 [-0.7476   2.435    0.14416  0.90916  0.90916  0.12584  0.89084  0.89084
   0.14416  0.12584  0.4185   0.045    0.0225   0.045  ]
 [-1.0175   2.705    0.14416  0.90916  0.90916  0.12584  0.89084  0.89084
   0.14416  0.12584  0.4185   0.315    0.0225   0.315  ]
 [-5.2025   6.89     0.       0.90916  0.       0.       0.89084  0.
   0.14416  0.12584  0.4185   4.5      0.0225   4.5    ]
 [-0.7476   2.453    0.14416  0.90916  0.90916  0.12584  0.89084  0.89084
   0.14416  0.12584  0.4185   0.045    0.0405   0.045  ]
 [-1.0175   2.723    0.14416  0.90916  0.90916  0.12584  0.89084  0.89084
   0.14416  0.12584  0.4185   0.315    0.0405   0.315  ]
 [-5.2025   6.908    0.       0.90916  0.       0.       0.89084  0.
   0.14416  0.12584  0.4185   4.5      0.0405   4.5    ]
 [-0.7476   2.4575   0.14416  0.90916  0.90916  0.12584  0.89084  0.89084
   0.14416  0.12584  0.4185   0.045    0.045    0.045  ]
 [-1.0175   2.7275   0.14416  0.90916  0.90916  0.12584  0.89084  0.89084
   0.14416  0.12584  0.4185   0.315    0.045    0.315  ]
 [-5.2025   6.9125   0.       0.90916  0.       0.       0.89084  0.
   0.14416  0.12584  0.4185   4.5      0.045    4.5    ]
 [-0.7476   2.5025   0.14416  0.90916  0.90916  0.12584  0.89084  0.89084
   0.14416  0.12584  0.4185   0.045    0.09     0.045  ]
 [-1.0175   2.7725   0.14416  0.90916  0.90916  0.12584  0.89084  0.89084
   0.14416  0.12584  0.4185   0.315    0.09     0.315  ]
 [-5.2025   6.9575   0.       0.90916  0.       0.       0.89084  0.
   0.14416  0.12584  0.4185   4.5      0.09     4.5    ]
 [-0.7476   2.5475   0.14416  0.90916  0.90916  0.12584  0.89084  0.89084
   0.14416  0.12584  0.4185   0.045    0.135    0.045  ]
 [-1.0175   2.8175   0.14416  0.90916  0.90916  0.12584  0.89084  0.89084
   0.14416  0.12584  0.4185   0.315    0.135    0.315  ]
 [-5.2025   7.0025   0.       0.90916  0.       0.       0.89084  0.
   0.14416  0.12584  0.4185   4.5      0.135    4.5    ]
 [-0.7476   2.5925   0.14416  0.90916  0.90916  0.12584  0.89084  0.89084
   0.14416  0.12584  0.4185   0.045    0.18     0.045  ]
 [-1.0175   2.8625   0.14416  0.90916  0.90916  0.12584  0.89084  0.89084
   0.14416  0.12584  0.4185   0.315    0.18     0.315  ]
 [-5.2025   7.0475   0.       0.90916  0.       0.       0.89084  0.
   0.14416  0.12584  0.4185   4.5      0.18     4.5    ]
 [-0.7476   2.6375   0.14416  0.90916  0.90916  0.12584  0.89084  0.89084
   0.14416  0.12584  0.4185   0.045    0.225    0.045  ]
 [-1.0175   2.9075   0.14416  0.90916  0.90916  0.12584  0.89084  0.89084
   0.14416  0.12584  0.4185   0.315    0.225    0.315  ]
 [-5.2025   7.0925   0.       0.90916  0.       0.       0.89084  0.
   0.14416  0.12584  0.4185   4.5      0.225    4.5    ]
 [-0.7476   2.7275   0.14416  0.90916  0.90916  0.12584  0.89084  0.89084
   0.14416  0.12584  0.4185   0.045    0.315    0.045  ]
 [-1.0175   2.9975   0.14416  0.90916  0.90916  0.12584  0.89084  0.89084
   0.14416  0.12584  0.4185   0.315    0.315    0.315  ]
 [-5.2025   7.1825   0.       0.90916  0.       0.       0.89084  0.
   0.14416  0.12584  0.4185   4.5      0.315    4.5    ]
 [-0.7476   2.8625   0.14416  0.90916  0.90916  0.12584  0.89084  0.89084
   0.14416  0.12584  0.4185   0.045    0.45     0.045  ]
 [-1.0175   3.1325   0.14416  0.90916  0.90916  0.12584  0.89084  0.89084
   0.14416  0.12584  0.4185   0.315    0.45     0.315  ]
 [-5.2025   7.3175   0.       0.90916  0.       0.       0.89084  0.
   0.14416  0.12584  0.4185   4.5      0.45     4.5    ]
 [-0.7476   3.0425   0.14416  0.90916  0.90916  0.12584  0.89084  0.89084
   0.14416  0.12584  0.4185   0.045    0.63     0.045  ]
 [-1.0175   3.3125   0.14416  0.90916  0.90916  0.12584  0.89084  0.89084
   0.14416  0.12584  0.4185   0.315    0.63     0.315  ]
 [-5.2025   7.4975   0.       0.90916  0.       0.       0.89084  0.
   0.14416  0.12584  0.4185   4.5      0.63     4.5    ]
 [-0.7476   3.2225   0.14416  0.90916  0.90916  0.12584  0.89084  0.89084
   0.14416  0.12584  0.4185   0.045    0.81     0.045  ]
 [-1.0175   3.4925   0.14416  0.90916  0.90916  0.12584  0.89084  0.89084
   0.14416  0.12584  0.4185   0.315    0.81     0.315  ]
 [-5.2025   7.6775   0.       0.90916  0.       0.       0.89084  0.
   0.14416  0.12584  0.4185   4.5      0.81     4.5    ]
 [-0.7476   6.9125   0.14416  0.       0.       0.12584  0.       0.
   0.14416  0.12584  0.4185   0.045    4.5      4.5    ]
 [-1.0175   7.1825   0.14416  0.       0.       0.12584  0.       0.
   0.14416  0.12584  0.4185   0.315    4.5      4.5    ]
 [-5.2025  11.3675   0.       0.       0.       0.       0.       0.
   0.14416  0.12584  0.4185   4.5      4.5      4.5    ]
 [-1.895    1.1075   0.90916  0.05416  0.05416  0.89084  0.03584  0.03584
   0.90916  0.89084  0.4185   0.045    0.0225   0.045  ]
 [-2.165    1.3775   0.90916  0.05416  0.05416  0.89084  0.03584  0.03584
   0.90916  0.89084  0.4185   0.315    0.0225   0.315  ]
 [-6.35     5.5625   0.       0.05416  0.       0.       0.03584  0.
   0.90916  0.89084  0.4185   4.5      0.0225   4.5    ]
 [-1.895    1.1255   0.90916  0.05416  0.05416  0.89084  0.03584  0.03584
   0.90916  0.89084  0.4185   0.045    0.0405   0.045  ]
 [-2.165    1.3955   0.90916  0.05416  0.05416  0.89084  0.03584  0.03584
   0.90916  0.89084  0.4185   0.315    0.0405   0.315  ]
 [-6.35     5.5805   0.       0.05416  0.       0.       0.03584  0.
   0.90916  0.89084  0.4185   4.5      0.0405   4.5    ]
 [-1.895    1.13     0.90916  0.05416  0.05416  0.89084  0.03584  0.03584
   0.90916  0.89084  0.4185   0.045    0.045    0.045  ]
 [-2.165    1.4      0.90916  0.05416  0.05416  0.89084  0.03584  0.03584
   0.90916  0.89084  0.4185   0.315    0.045    0.315  ]
 [-6.35     5.585    0.       0.05416  0.       0.       0.03584  0.
   0.90916  0.89084  0.4185   4.5      0.045    4.5    ]
 [-1.895    1.175    0.90916  0.05416  0.05416  0.89084  0.03584  0.03584
   0.90916  0.89084  0.4185   0.045    0.09     0.045  ]
 [-2.165    1.445    0.90916  0.05416  0.05416  0.89084  0.03584  0.03584
   0.90916  0.89084  0.4185   0.315    0.09     0.315  ]
 [-6.35     5.63     0.       0.05416  0.       0.       0.03584  0.
   0.90916  0.89084  0.4185   4.5      0.09     4.5    ]
 [-1.895    1.22     0.90916  0.05416  0.05416  0.89084  0.03584  0.03584
   0.90916  0.89084  0.4185   0.045    0.135    0.045  ]
 [-2.165    1.49     0.90916  0.05416  0.05416  0.89084  0.03584  0.03584
   0.90916  0.89084  0.4185   0.315    0.135    0.315  ]
 [-6.35     5.675    0.       0.05416  0.       0.       0.03584  0.
   0.90916  0.89084  0.4185   4.5      0.135    4.5    ]
 [-1.895    1.265    0.90916  0.05416  0.05416  0.89084  0.03584  0.03584
   0.90916  0.89084  0.4185   0.045    0.18     0.045  ]
 [-2.165    1.535    0.90916  0.05416  0.05416  0.89084  0.03584  0.03584
   0.90916  0.89084  0.4185   0.315    0.18     0.315  ]
 [-6.35     5.72     0.       0.05416  0.       0.       0.03584  0.
   0.90916  0.89084  0.4185   4.5      0.18     4.5    ]
 [-1.895    1.31     0.90916  0.05416  0.05416  0.89084  0.03584  0.03584
   0.90916  0.89084  0.4185   0.045    0.225    0.045  ]
 [-2.165    1.58     0.90916  0.05416  0.05416  0.89084  0.03584  0.03584
   0.90916  0.89084  0.4185   0.315    0.225    0.315  ]
 [-6.35     5.765    0.       0.05416  0.       0.       0.03584  0.
   0.90916  0.89084  0.4185   4.5      0.225    4.5    ]
 [-1.895    1.4      0.90916  0.05416  0.05416  0.89084  0.03584  0.03584
   0.90916  0.89084  0.4185   0.045    0.315    0.045  ]
 [-2.165    1.67     0.90916  0.05416  0.05416  0.89084  0.03584  0.03584
   0.90916  0.89084  0.4185   0.315    0.315    0.315  ]
 [-6.35     5.855    0.       0.05416  0.       0.       0.03584  0.
   0.90916  0.89084  0.4185   4.5      0.315    4.5    ]
 [-1.895    1.535    0.90916  0.05416  0.05416  0.89084  0.03584  0.03584
   0.90916  0.89084  0.4185   0.045    0.45     0.045  ]
 [-2.165    1.805    0.90916  0.05416  0.05416  0.89084  0.03584  0.03584
   0.90916  0.89084  0.4185   0.315    0.45     0.315  ]
 [-6.35     5.99     0.       0.05416  0.       0.       0.03584  0.
   0.90916  0.89084  0.4185   4.5      0.45     4.5    ]
 [-1.895    1.715    0.90916  0.05416  0.05416  0.89084  0.03584  0.03584
   0.90916  0.89084  0.4185   0.045    0.63     0.045  ]
 [-2.165    1.985    0.90916  0.05416  0.05416  0.89084  0.03584  0.03584
   0.90916  0.89084  0.4185   0.315    0.63     0.315  ]
 [-6.35     6.17     0.       0.05416  0.       0.       0.03584  0.
   0.90916  0.89084  0.4185   4.5      0.63     4.5    ]
 [-1.895    1.895    0.90916  0.05416  0.05416  0.89084  0.03584  0.03584
   0.90916  0.89084  0.4185   0.045    0.81     0.045  ]
 [-2.165    2.165    0.90916  0.05416  0.05416  0.89084  0.03584  0.03584
   0.90916  0.89084  0.4185   0.315    0.81     0.315  ]
 [-6.35     6.35     0.       0.05416  0.       0.       0.03584  0.
   0.90916  0.89084  0.4185   4.5      0.81     4.5    ]
 [-1.895    5.585    0.90916  0.       0.       0.89084  0.       0.
   0.90916  0.89084  0.4185   0.045    4.5      4.5    ]
 [-2.165    5.8551   0.90916  0.       0.       0.89084  0.       0.
   0.90916  0.89084  0.4185   0.315    4.5      4.5    ]
 [-6.35    10.04     0.       0.       0.       0.       0.       0.
   0.90916  0.89084  0.4185   4.5      4.5      4.5    ]
 [-1.895    1.2875   0.90916  0.14416  0.14416  0.89084  0.12584  0.12584
   0.90916  0.89084  0.4185   0.045    0.0225   0.045  ]
 [-2.165    1.5575   0.90916  0.14416  0.14416  0.89084  0.12584  0.12584
   0.90916  0.89084  0.4185   0.315    0.0225   0.315  ]
 [-6.35     5.7425   0.       0.14416  0.       0.       0.12584  0.
   0.90916  0.89084  0.4185   4.5      0.0225   4.5    ]
 [-1.895    1.3055   0.90916  0.14416  0.14416  0.89084  0.12584  0.12584
   0.90916  0.89084  0.4185   0.045    0.0405   0.045  ]
 [-2.165    1.5755   0.90916  0.14416  0.14416  0.89084  0.12584  0.12584
   0.90916  0.89084  0.4185   0.315    0.0405   0.315  ]
 [-6.35     5.7606   0.       0.14416  0.       0.       0.12584  0.
   0.90916  0.89084  0.4185   4.5      0.0405   4.5    ]
 [-1.895    1.31     0.90916  0.14416  0.14416  0.89084  0.12584  0.12584
   0.90916  0.89084  0.4185   0.045    0.045    0.045  ]
 [-2.165    1.58     0.90916  0.14416  0.14416  0.89084  0.12584  0.12584
   0.90916  0.89084  0.4185   0.315    0.045    0.315  ]
 [-6.35     5.765    0.       0.14416  0.       0.       0.12584  0.
   0.90916  0.89084  0.4185   4.5      0.045    4.5    ]
 [-1.895    1.355    0.90916  0.14416  0.14416  0.89084  0.12584  0.12584
   0.90916  0.89084  0.4185   0.045    0.09     0.045  ]
 [-2.165    1.625    0.90916  0.14416  0.14416  0.89084  0.12584  0.12584
   0.90916  0.89084  0.4185   0.315    0.09     0.315  ]
 [-6.35     5.81     0.       0.14416  0.       0.       0.12584  0.
   0.90916  0.89084  0.4185   4.5      0.09     4.5    ]
 [-1.895    1.4      0.90916  0.14416  0.14416  0.89084  0.12584  0.12584
   0.90916  0.89084  0.4185   0.045    0.135    0.045  ]
 [-2.165    1.67     0.90916  0.14416  0.14416  0.89084  0.12584  0.12584
   0.90916  0.89084  0.4185   0.315    0.135    0.315  ]
 [-6.35     5.8551   0.       0.14416  0.       0.       0.12584  0.
   0.90916  0.89084  0.4185   4.5      0.135    4.5    ]
 [-1.895    1.445    0.90916  0.14416  0.14416  0.89084  0.12584  0.12584
   0.90916  0.89084  0.4185   0.045    0.18     0.045  ]
 [-2.165    1.715    0.90916  0.14416  0.14416  0.89084  0.12584  0.12584
   0.90916  0.89084  0.4185   0.315    0.18     0.315  ]
 [-6.35     5.9      0.       0.14416  0.       0.       0.12584  0.
   0.90916  0.89084  0.4185   4.5      0.18     4.5    ]
 [-1.895    1.49     0.90916  0.14416  0.14416  0.89084  0.12584  0.12584
   0.90916  0.89084  0.4185   0.045    0.225    0.045  ]
 [-2.165    1.76     0.90916  0.14416  0.14416  0.89084  0.12584  0.12584
   0.90916  0.89084  0.4185   0.315    0.225    0.315  ]
 [-6.35     5.945    0.       0.14416  0.       0.       0.12584  0.
   0.90916  0.89084  0.4185   4.5      0.225    4.5    ]
 [-1.895    1.58     0.90916  0.14416  0.14416  0.89084  0.12584  0.12584
   0.90916  0.89084  0.4185   0.045    0.315    0.045  ]
 [-2.165    1.85     0.90916  0.14416  0.14416  0.89084  0.12584  0.12584
   0.90916  0.89084  0.4185   0.315    0.315    0.315  ]
 [-6.35     6.035    0.       0.14416  0.       0.       0.12584  0.
   0.90916  0.89084  0.4185   4.5      0.315    4.5    ]
 [-1.895    1.715    0.90916  0.14416  0.14416  0.89084  0.12584  0.12584
   0.90916  0.89084  0.4185   0.045    0.45     0.045  ]
 [-2.165    1.985    0.90916  0.14416  0.14416  0.89084  0.12584  0.12584
   0.90916  0.89084  0.4185   0.315    0.45     0.315  ]
 [-6.35     6.17     0.       0.14416  0.       0.       0.12584  0.
   0.90916  0.89084  0.4185   4.5      0.45     4.5    ]
 [-1.895    1.895    0.90916  0.14416  0.14416  0.89084  0.12584  0.12584
   0.90916  0.89084  0.4185   0.045    0.63     0.045  ]
 [-2.165    2.165    0.90916  0.14416  0.14416  0.89084  0.12584  0.12584
   0.90916  0.89084  0.4185   0.315    0.63     0.315  ]
 [-6.35     6.35     0.       0.14416  0.       0.       0.12584  0.
   0.90916  0.89084  0.4185   4.5      0.63     4.5    ]
 [-1.895    2.075    0.90916  0.14416  0.14416  0.89084  0.12584  0.12584
   0.90916  0.89084  0.4185   0.045    0.81     0.045  ]
 [-2.165    2.345    0.90916  0.14416  0.14416  0.89084  0.12584  0.12584
   0.90916  0.89084  0.4185   0.315    0.81     0.315  ]
 [-6.35     6.53     0.       0.14416  0.       0.       0.12584  0.
   0.90916  0.89084  0.4185   4.5      0.81     4.5    ]
 [-1.895    5.7651   0.90916  0.       0.       0.89084  0.       0.
   0.90916  0.89084  0.4185   0.045    4.5      4.5    ]
 [-2.165    6.0351   0.90916  0.       0.       0.89084  0.       0.
   0.90916  0.89084  0.4185   0.315    4.5      4.5    ]
 [-6.35    10.22     0.       0.       0.       0.       0.       0.
   0.90916  0.89084  0.4185   4.5      4.5      4.5    ]
 [-1.895    2.8175   0.90916  0.90916  0.90916  0.89084  0.89084  0.89084
   0.90916  0.89084  0.4185   0.045    0.0225   0.045  ]
 [-2.165    3.0875   0.90916  0.90916  0.90916  0.89084  0.89084  0.89084
   0.90916  0.89084  0.4185   0.315    0.0225   0.315  ]
 [-6.35     7.2725   0.       0.90916  0.       0.       0.89084  0.
   0.90916  0.89084  0.4185   4.5      0.0225   4.5    ]
 [-1.895    2.8355   0.90916  0.90916  0.90916  0.89084  0.89084  0.89084
   0.90916  0.89084  0.4185   0.045    0.0405   0.045  ]
 [-2.165    3.1055   0.90916  0.90916  0.90916  0.89084  0.89084  0.89084
   0.90916  0.89084  0.4185   0.315    0.0405   0.315  ]
 [-6.35     7.2905   0.       0.90916  0.       0.       0.89084  0.
   0.90916  0.89084  0.4185   4.5      0.0405   4.5    ]
 [-1.895    2.84     0.90916  0.90916  0.90916  0.89084  0.89084  0.89084
   0.90916  0.89084  0.4185   0.045    0.045    0.045  ]
 [-2.165    3.11     0.90916  0.90916  0.90916  0.89084  0.89084  0.89084
   0.90916  0.89084  0.4185   0.315    0.045    0.315  ]
 [-6.35     7.295    0.       0.90916  0.       0.       0.89084  0.
   0.90916  0.89084  0.4185   4.5      0.045    4.5    ]
 [-1.895    2.885    0.90916  0.90916  0.90916  0.89084  0.89084  0.89084
   0.90916  0.89084  0.4185   0.045    0.09     0.045  ]
 [-2.165    3.155    0.90916  0.90916  0.90916  0.89084  0.89084  0.89084
   0.90916  0.89084  0.4185   0.315    0.09     0.315  ]
 [-6.35     7.34     0.       0.90916  0.       0.       0.89084  0.
   0.90916  0.89084  0.4185   4.5      0.09     4.5    ]
 [-1.895    2.93     0.90916  0.90916  0.90916  0.89084  0.89084  0.89084
   0.90916  0.89084  0.4185   0.045    0.135    0.045  ]
 [-2.165    3.2      0.90916  0.90916  0.90916  0.89084  0.89084  0.89084
   0.90916  0.89084  0.4185   0.315    0.135    0.315  ]
 [-6.35     7.385    0.       0.90916  0.       0.       0.89084  0.
   0.90916  0.89084  0.4185   4.5      0.135    4.5    ]
 [-1.895    2.975    0.90916  0.90916  0.90916  0.89084  0.89084  0.89084
   0.90916  0.89084  0.4185   0.045    0.18     0.045  ]
 [-2.165    3.245    0.90916  0.90916  0.90916  0.89084  0.89084  0.89084
   0.90916  0.89084  0.4185   0.315    0.18     0.315  ]
 [-6.35     7.43     0.       0.90916  0.       0.       0.89084  0.
   0.90916  0.89084  0.4185   4.5      0.18     4.5    ]
 [-1.895    3.02     0.90916  0.90916  0.90916  0.89084  0.89084  0.89084
   0.90916  0.89084  0.4185   0.045    0.225    0.045  ]
 [-2.165    3.29     0.90916  0.90916  0.90916  0.89084  0.89084  0.89084
   0.90916  0.89084  0.4185   0.315    0.225    0.315  ]
 [-6.35     7.475    0.       0.90916  0.       0.       0.89084  0.
   0.90916  0.89084  0.4185   4.5      0.225    4.5    ]
 [-1.895    3.11     0.90916  0.90916  0.90916  0.89084  0.89084  0.89084
   0.90916  0.89084  0.4185   0.045    0.315    0.045  ]
 [-2.165    3.38     0.90916  0.90916  0.90916  0.89084  0.89084  0.89084
   0.90916  0.89084  0.4185   0.315    0.315    0.315  ]
 [-6.35     7.565    0.       0.90916  0.       0.       0.89084  0.
   0.90916  0.89084  0.4185   4.5      0.315    4.5    ]
 [-1.895    3.245    0.90916  0.90916  0.90916  0.89084  0.89084  0.89084
   0.90916  0.89084  0.4185   0.045    0.45     0.045  ]
 [-2.165    3.515    0.90916  0.90916  0.90916  0.89084  0.89084  0.89084
   0.90916  0.89084  0.4185   0.315    0.45     0.315  ]
 [-6.35     7.7      0.       0.90916  0.       0.       0.89084  0.
   0.90916  0.89084  0.4185   4.5      0.45     4.5    ]
 [-1.895    3.425    0.90916  0.90916  0.90916  0.89084  0.89084  0.89084
   0.90916  0.89084  0.4185   0.045    0.63     0.045  ]
 [-2.165    3.695    0.90916  0.90916  0.90916  0.89084  0.89084  0.89084
   0.90916  0.89084  0.4185   0.315    0.63     0.315  ]
 [-6.35     7.88     0.       0.90916  0.       0.       0.89084  0.
   0.90916  0.89084  0.4185   4.5      0.63     4.5    ]
 [-1.895    3.605    0.90916  0.90916  0.90916  0.89084  0.89084  0.89084
   0.90916  0.89084  0.4185   0.045    0.81     0.045  ]
 [-2.165    3.875    0.90916  0.90916  0.90916  0.89084  0.89084  0.89084
   0.90916  0.89084  0.4185   0.315    0.81     0.315  ]
 [-6.35     8.06     0.       0.90916  0.       0.       0.89084  0.
   0.90916  0.89084  0.4185   4.5      0.81     4.5    ]
 [-1.895    7.295    0.90916  0.       0.       0.89084  0.       0.
   0.90916  0.89084  0.4185   0.045    4.5      4.5    ]
 [-2.165    7.565    0.90916  0.       0.       0.89084  0.       0.
   0.90916  0.89084  0.4185   0.315    4.5      4.5    ]
 [-6.35    11.75     0.       0.       0.       0.       0.       0.
   0.90916  0.89084  0.4185   4.5      4.5      4.5    ]]