1		-0.18377900		-0.00288592		-0.00463181		-0.00000956		-0.00784001		
2		-0.19283100		-0.00468161		-0.00719676		-0.00001284		-0.00349988		
3		-0.19381100		-0.00602951		-0.00918944		-0.00002450		0.00000000		
4		-0.10937000		-0.00320118		-0.00509900		-0.00001385		-0.00731543		
5		-0.11785500		-0.00495377		-0.00767976		-0.00001868		-0.00329481		
6		-0.11933900		-0.00627614		-0.00954755		-0.00003617		0.00000000		
7		-0.09977270		-0.00327782		-0.00521794		-0.00001497		-0.00720884		
8		-0.10829800		-0.00501823		-0.00778038		-0.00002030		-0.00322475		
9		-0.10981700		-0.00633260		-0.00964327		-0.00003913		0.00000000		
10		-0.05446550		-0.00402068		-0.00641591		-0.00002690		-0.00612715		
11		-0.06195810		-0.00570565		-0.00889038		-0.00003831		-0.00274705		
12		-0.06285860		-0.00694137		-0.01062780		-0.00007092		0.00000000		
13		-0.03736740		-0.00470818		-0.00754113		-0.00004496		-0.00532424		
14		-0.04352090		-0.00650178		-0.01007240		-0.00006081		-0.00251559		
15		-0.04458490		-0.00751849		-0.01159530		-0.00010463		0.00000000		
16		-0.02804420		-0.00538102		-0.00864287		-0.00007653		-0.00458533		
17		-0.03351930		-0.00714969		-0.01122490		-0.00010240		-0.00213323		
18		-0.03445500		-0.00820450		-0.01268120		-0.00015668		0.00000000		
19		-0.02204890		-0.00603727		-0.00974590		-0.00013967		-0.00396130		
20		-0.02661430		-0.00786788		-0.01227070		-0.00017324		-0.00189351		
21		-0.02755520		-0.00875087		-0.01351650		-0.00024591		0.00000000		
22		-0.01468580		-0.00718911		-0.01160990		-0.00042743		-0.00304369		
23		-0.01811720		-0.00914916		-0.01432830		-0.00048388		-0.00153124		
24		-0.01868710		-0.00996650		-0.01557360		-0.00057474		0.00000000		
25		-0.00875552		-0.00865075		-0.01397090		-0.00145775		-0.00184155		
26		-0.01100340		-0.01078230		-0.01692810		-0.00156233		-0.00081220		
27		-0.01140340		-0.01141320		-0.01788860		-0.00167763		0.00000000		
28		-0.00471290		-0.00994959		-0.01609360		-0.00416710		-0.00094882		
29		-0.00595296		-0.01219430		-0.01941740		-0.00430062		-0.00039671		
30		-0.00620226		-0.01281070		-0.02009110		-0.00447177		0.00000000		
31		-0.00248207		-0.01075800		-0.01735420		-0.00823314		-0.00061555		
32		-0.00327468		-0.01311190		-0.02080780		-0.00835489		-0.00022412		
33		-0.00338284		-0.01351260		-0.02151330		-0.00847954		0.00000000		
34		0.00000000		-0.01188990		-0.01916780		-0.15694800		0.00000000		
35		0.00000000		-0.01433440		-0.02277380		-0.16589800		0.00000000		
36		0.00000000		-0.01475100		-0.02337630		-0.30272500		0.00000000		
37		-0.18990000		-0.00250060		-0.00393923		-0.00001163		-0.00283379		
38		-0.19679300		-0.00418101		-0.00625735		-0.00002301		-0.00158180		
39		-0.19813500		-0.00494832		-0.00743185		-0.00004001		0.00000000		
40		-0.11540100		-0.00280040		-0.00442361		-0.00001419		-0.00275604		
41		-0.12192100		-0.00453328		-0.00677193		-0.00002813		-0.00151406		
42		-0.12296900		-0.00525628		-0.00789256		-0.00004835		0.00000000		
43		-0.10581100		-0.00287673		-0.00454468		-0.00001481		-0.00273592		
44		-0.11230000		-0.00457245		-0.00687331		-0.00002916		-0.00145664		
45		-0.11336900		-0.00533373		-0.00799533		-0.00005285		0.00000000		
46		-0.05932290		-0.00363205		-0.00579490		-0.00002185		-0.00247294		
47		-0.06511300		-0.00536337		-0.00812154		-0.00004256		-0.00129117		
48		-0.06601930		-0.00601526		-0.00918494		-0.00007277		0.00000000		
49		-0.04147760		-0.00435727		-0.00699792		-0.00003592		-0.00228843		
50		-0.04626360		-0.00612821		-0.00934914		-0.00006233		-0.00126184		
51		-0.04719440		-0.00679757		-0.01031640		-0.00010100		0.00000000		
52		-0.03148180		-0.00505301		-0.00814428		-0.00006901		-0.00202532		
53		-0.03556680		-0.00687361		-0.01058720		-0.00010362		-0.00110811		
54		-0.03633220		-0.00747906		-0.01153200		-0.00015127		0.00000000		
55		-0.02490920		-0.00572684		-0.00925777		-0.00014129		-0.00180248		
56		-0.02849960		-0.00757596		-0.01185280		-0.00018495		-0.00095198		
57		-0.02924320		-0.00819552		-0.01263200		-0.00026933		0.00000000		
58		-0.01675360		-0.00694805		-0.01126670		-0.00045844		-0.00136995		
59		-0.01938680		-0.00888635		-0.01395290		-0.00053171		-0.00073939		
60		-0.01992800		-0.00947431		-0.01480070		-0.00064764		0.00000000		
61		-0.01009440		-0.00843067		-0.01370310		-0.00157880		-0.00096036		
62		-0.01185410		-0.01052840		-0.01667570		-0.00166193		-0.00044880		
63		-0.01208060		-0.01109170		-0.01745390		-0.00175846		0.00000000		
64		-0.00526143		-0.00985731		-0.01597660		-0.00441343		-0.00050336		
65		-0.00635869		-0.01196240		-0.01917550		-0.00452631		-0.00023710		
66		-0.00647744		-0.01266480		-0.01993670		-0.00461618		0.00000000		
67		-0.00286345		-0.01074360		-0.01737460		-0.00857015		-0.00024509		
68		-0.00345898		-0.01301180		-0.02066370		-0.00831002		-0.00012667		
69		-0.00348381		-0.01372770		-0.02140720		-0.00850017		0.00000000		
70		0.00000000		-0.01188720		-0.01916800		-0.16277000		0.00000000		
71		0.00000000		-0.01433750		-0.02280150		-0.17179700		0.00000000		
72		0.00000000		-0.01475320		-0.02344320		-0.30857400		0.00000000		
73		-0.19292200		-0.00250349		-0.00375022		-0.00002925		-0.00000517		
74		-0.20049200		-0.00384417		-0.00579229		-0.00005990		-0.00000759		
75		-0.19987600		-0.00420288		-0.00619757		-0.00018972		0.00000000		
76		-0.11809500		-0.00280989		-0.00424426		-0.00002982		-0.00000642		
77		-0.12433300		-0.00420684		-0.00631745		-0.00006019		-0.00000929		
78		-0.12510600		-0.00453949		-0.00671645		-0.00019188		0.00000000		
79		-0.10847900		-0.00289048		-0.00436604		-0.00003001		-0.00000663		
80		-0.11458900		-0.00428250		-0.00645310		-0.00006074		-0.00000973		
81		-0.11554800		-0.00461986		-0.00684974		-0.00019230		0.00000000		
82		-0.06205970		-0.00367126		-0.00557924		-0.00003378		-0.00000593		
83		-0.06701880		-0.00509640		-0.00776632		-0.00006689		-0.00001050		
84		-0.06727070		-0.00540521		-0.00813212		-0.00020623		0.00000000		
85		-0.04387110		-0.00426311		-0.00678695		-0.00005608		-0.00000620		
86		-0.04789490		-0.00584448		-0.00907527		-0.00009127		-0.00001116		
87		-0.04867030		-0.00627638		-0.00954661		-0.00023096		0.00000000		
88		-0.03372060		-0.00498720		-0.00796248		-0.00010420		-0.00000751		
89		-0.03715960		-0.00661724		-0.01037690		-0.00016181		-0.00000953		
90		-0.03757990		-0.00707947		-0.01084180		-0.00029833		0.00000000		
91		-0.02690430		-0.00569362		-0.00910841		-0.00023003		-0.00001008		
92		-0.02996710		-0.00735576		-0.01160990		-0.00029739		-0.00000889		
93		-0.03016030		-0.00785472		-0.01211730		-0.00044917		0.00000000		
94		-0.01832330		-0.00715900		-0.01114990		-0.00071900		0.00000159		
95		-0.02037340		-0.00875434		-0.01388790		-0.00082383		-0.00001111		
96		-0.02071830		-0.00928831		-0.01443000		-0.00097775		0.00000000		
97		-0.01095100		-0.00846714		-0.01361570		-0.00219103		-0.00000585		
98		-0.01231020		-0.01043960		-0.01662790		-0.00235415		-0.00000837		
99		-0.01249440		-0.01103250		-0.01724320		-0.00259612		0.00000000		
100		-0.00595347		-0.00980526		-0.01590270		-0.00514382		-0.00000958		
101		-0.00656253		-0.01207890		-0.01917290		-0.00531932		-0.00001126		
102		-0.00664624		-0.01266360		-0.01984640		-0.00523239		0.00000000		
103		-0.00325565		-0.01067550		-0.01731940		-0.00989472		-0.00000926		
104		-0.00353963		-0.01306240		-0.02075560		-0.00928305		-0.00000908		
105		-0.00361737		-0.01363440		-0.02141830		-0.00942428		0.00000000		
106		0.00000000		-0.01188770		-0.01918250		-0.21257800		0.00000000		
107		0.00000000		-0.01440070		-0.02277780		-0.22123900		0.00000000		
108		0.00000000		-0.01483630		-0.02350140		-0.35842100		0.00000000		
109		-0.18969200		-0.00568547		-0.00932471		-0.00001163		-0.01095090		
110		-0.19578900		-0.00726578		-0.01147040		-0.00002301		-0.00446648		
111		-0.19782600		-0.00889057		-0.01375560		-0.00004001		0.00000000		
112		-0.11480500		-0.00599681		-0.00984715		-0.00001420		-0.00979964		
113		-0.12204000		-0.00754085		-0.01187790		-0.00002813		-0.00410520		
114		-0.12320900		-0.00896746		-0.01394000		-0.00004835		0.00000000		
115		-0.10537300		-0.00607252		-0.00997375		-0.00001481		-0.00957013		
116		-0.11242900		-0.00760296		-0.01198940		-0.00002916		-0.00401763		
117		-0.11283900		-0.00908660		-0.01414680		-0.00005289		0.00000000		
118		-0.05922120		-0.00683143		-0.01120050		-0.00002185		-0.00784083		
119		-0.06499170		-0.00835196		-0.01321600		-0.00004255		-0.00336184		
120		-0.06546380		-0.00958455		-0.01502180		-0.00007278		0.00000000		
121		-0.04116970		-0.00762698		-0.01249950		-0.00003592		-0.00657861		
122		-0.04600090		-0.00911030		-0.01450320		-0.00006232		-0.00298418		
123		-0.04711450		-0.01025590		-0.01608720		-0.00010080		0.00000000		
124		-0.03139080		-0.00842797		-0.01379900		-0.00006901		-0.00551853		
125		-0.03541170		-0.00994111		-0.01578140		-0.00010363		-0.00253325		
126		-0.03639800		-0.01094210		-0.01713810		-0.00015120		0.00000000		
127		-0.02487660		-0.00907824		-0.01505200		-0.00014128		-0.00466047		
128		-0.02880310		-0.01062230		-0.01695950		-0.00018495		-0.00200642		
129		-0.02898830		-0.01165010		-0.01832440		-0.00026933		0.00000000		
130		-0.01670640		-0.01046960		-0.01722930		-0.00045846		-0.00339626		
131		-0.01980730		-0.01204230		-0.01923710		-0.00053190		-0.00135935		
132		-0.02019340		-0.01281960		-0.02018540		-0.00064762		0.00000000		
133		-0.00994737		-0.01219140		-0.01997590		-0.00157879		-0.00211649		
134		-0.01198810		-0.01384470		-0.02208550		-0.00166194		-0.00085315		
135		-0.01207800		-0.01447140		-0.02294220		-0.00175851		0.00000000		
136		-0.00553947		-0.01367310		-0.02238620		-0.00441410		-0.00115467		
137		-0.00649687		-0.01546770		-0.02470420		-0.00452406		-0.00047843		
138		-0.00672719		-0.01593050		-0.02530850		-0.00461612		0.00000000		
139		-0.00305551		-0.01459290		-0.02394310		-0.00857032		-0.00059403		
140		-0.00358927		-0.01629310		-0.02628450		-0.00831062		-0.00023891		
141		-0.00357672		-0.01693970		-0.02692100		-0.00849917		0.00000000		
142		0.00000000		-0.01582220		-0.02587400		-0.15730600		0.00000000		
143		0.00000000		-0.01769600		-0.02837320		-0.16649000		0.00000000		
144		0.00000000		-0.01809700		-0.02892990		-0.30322900		0.00000000		
145		-0.19870000		-0.00511597		-0.00828023		-0.00000443		-0.00419777		
146		-0.20268400		-0.00671095		-0.01034810		-0.00002640		-0.00201314		
147		-0.20358800		-0.00761663		-0.01153960		-0.00004165		0.00000000		
148		-0.12234300		-0.00544388		-0.00883984		-0.00000488		-0.00396792		
149		-0.12687000		-0.00701493		-0.01085130		-0.00003007		-0.00180652		
150		-0.12636200		-0.00779780		-0.01196680		-0.00005430		0.00000000		
151		-0.11270000		-0.00552641		-0.00897853		-0.00000503		-0.00390760		
152		-0.11705500		-0.00709416		-0.01098980		-0.00003091		-0.00178410		
153		-0.11757600		-0.00797414		-0.01216650		-0.00004859		0.00000000		
154		-0.06497630		-0.00637995		-0.01039060		-0.00000757		-0.00336149		
155		-0.06824720		-0.00791818		-0.01238860		-0.00003885		-0.00167155		
156		-0.06905590		-0.00871013		-0.01338090		-0.00007067		0.00000000		
157		-0.04589550		-0.00717166		-0.01180660		-0.00001934		-0.00294972		
158		-0.04930320		-0.00886010		-0.01376560		-0.00005751		-0.00149009		
159		-0.04958270		-0.00945531		-0.01457000		-0.00009404		0.00000000		
160		-0.03552400		-0.00800149		-0.01314690		-0.00005607		-0.00254709		
161		-0.03806760		-0.00968830		-0.01513190		-0.00009799		-0.00120653		
162		-0.03860480		-0.01028510		-0.01605340		-0.00014699		0.00000000		
163		-0.02811420		-0.00880719		-0.01446880		-0.00013658		-0.00218984		
164		-0.03048710		-0.01044550		-0.01646230		-0.00018536		-0.00101060		
165		-0.03110800		-0.01102850		-0.01731830		-0.00025341		0.00000000		
166		-0.01909270		-0.01022560		-0.01684320		-0.00049034		-0.00164938		
167		-0.02081350		-0.01184500		-0.01891910		-0.00056355		-0.00081568		
168		-0.02131060		-0.01242210		-0.01961250		-0.00064675		0.00000000		
169		-0.01160150		-0.01191220		-0.01969690		-0.00169427		-0.00107510		
170		-0.01245450		-0.01372120		-0.02192560		-0.00177764		-0.00043666		
171		-0.01277950		-0.01414060		-0.02246440		-0.00182565		0.00000000		
172		-0.00608598		-0.01357280		-0.02234480		-0.00466061		-0.00061081		
173		-0.00673757		-0.01525170		-0.02464710		-0.00473522		-0.00021474		
174		-0.00678468		-0.01571810		-0.02518780		-0.00479864		0.00000000		
175		-0.00330465		-0.01456170		-0.02388940		-0.00892143		-0.00028859		
176		-0.00369539		-0.01635800		-0.02624320		-0.00903518		-0.00010767		
177		-0.00376171		-0.01686860		-0.02685950		-0.00860931		0.00000000		
178		0.00000000		-0.01555410		-0.02579770		-0.16321700		0.00000000		
179		0.00000000		-0.01754550		-0.02832830		-0.17265200		0.00000000		
180		0.00000000		-0.01817170		-0.02891260		-0.30911300		0.00000000		
181		-0.20289000		-0.00489205		-0.00796884		-0.00000223		-0.00001835		
182		-0.20575700		-0.00631805		-0.00972870		-0.00003197		-0.00001766		
183		-0.20510600		-0.00669846		-0.01007140		-0.00012735		0.00000000		
184		-0.12723400		-0.00523928		-0.00852759		-0.00000223		-0.00001812		
185		-0.13011600		-0.00668643		-0.01031960		-0.00003210		-0.00002241		
186		-0.13009200		-0.00703891		-0.01068320		-0.00012714		0.00000000		
187		-0.11699500		-0.00531491		-0.00866671		-0.00000228		-0.00001949		
188		-0.12010600		-0.00676979		-0.01046430		-0.00003225		-0.00002226		
189		-0.11997700		-0.00713552		-0.01081960		-0.00012720		0.00000000		
190		-0.06885050		-0.00615270		-0.01013170		0.00000385		-0.00002366		
191		-0.07051490		-0.00758787		-0.01193740		-0.00003751		-0.00002031		
192		-0.07154570		-0.00802096		-0.01230350		-0.00013249		0.00000000		
193		-0.04947550		-0.00702292		-0.01152010		-0.00002483		-0.00002359		
194		-0.05104930		-0.00846234		-0.01340240		-0.00006389		-0.00001730		
195		-0.05132270		-0.00888619		-0.01378830		-0.00015591		0.00000000		
196		-0.03839570		-0.00782590		-0.01293380		-0.00009817		-0.00002280		
197		-0.03959810		-0.00930764		-0.01479140		-0.00013283		-0.00001653		
198		-0.03997770		-0.00976185		-0.01522920		-0.00023349		0.00000000		
199		-0.03053020		-0.00865541		-0.01424660		-0.00023954		-0.00002482		
200		-0.03181160		-0.01014840		-0.01619680		-0.00026791		-0.00002102		
201		-0.03219430		-0.01058270		-0.01660860		-0.00038268		0.00000000		
202		-0.02110830		-0.01008310		-0.01665410		-0.00079164		-0.00002214		
203		-0.02202480		-0.01164220		-0.01865810		-0.00077788		-0.00001548		
204		-0.02206400		-0.01205720		-0.01910500		-0.00096287		0.00000000		
205		-0.01272030		-0.01185520		-0.01958530		-0.00221804		-0.00002036		
206		-0.01327670		-0.01350860		-0.02176890		-0.00225008		-0.00001059		
207		-0.01326860		-0.01393140		-0.02214730		-0.00255275		0.00000000		
208		-0.00675453		-0.01357780		-0.02229860		-0.00582920		-0.00001776		
209		-0.00696233		-0.01531370		-0.02458330		-0.00533619		-0.00000714		
210		-0.00717459		-0.01574220		-0.02503970		-0.00540491		0.00000000		
211		-0.00359035		-0.01456550		-0.02388550		-0.00966423		-0.00001839		
212		-0.00379516		-0.01635830		-0.02625550		-0.00968737		-0.00000579		
213		-0.00389037		-0.01680020		-0.02670770		-0.00965620		0.00000000		
214		0.00000000		-0.01589120		-0.02593620		-0.21319300		0.00000000		
215		0.00000000		-0.01766200		-0.02838350		-0.22215900		0.00000000		
216		0.00000000		-0.01814070		-0.02887930		-0.35929600		0.00000000		
217		-0.19171500		-0.02810570		-0.04656890		-0.00002925		-0.01336030		
218		-0.19873100		-0.02855150		-0.04697550		-0.00005989		-0.00497765		
219		-0.19817800		-0.02992700		-0.04908500		-0.00018973		0.00000000		
220		-0.11798800		-0.02859750		-0.04722630		-0.00002982		-0.01205070		
221		-0.12436700		-0.02891650		-0.04758840		-0.00006018		-0.00449320		
222		-0.12407600		-0.02979340		-0.04933010		-0.00019187		0.00000000		
223		-0.10819900		-0.02880470		-0.04749860		-0.00003001		-0.01159490		
224		-0.11323100		-0.02866980		-0.04757140		-0.00006074		-0.00447081		
225		-0.11471500		-0.02987120		-0.04946040		-0.00019229		0.00000000		
226		-0.06074330		-0.02969170		-0.04904350		-0.00003378		-0.00955524		
227		-0.06699200		-0.03007730		-0.04942140		-0.00006689		-0.00365722		
228		-0.06696990		-0.03104630		-0.05092110		-0.00020619		0.00000000		
229		-0.04379250		-0.03087810		-0.05080540		-0.00005609		-0.00773440		
230		-0.04758090		-0.03071740		-0.05095960		-0.00009129		-0.00320393		
231		-0.04868800		-0.03188940		-0.05230180		-0.00023099		0.00000000		
232		-0.03362700		-0.03195950		-0.05242390		-0.00010421		-0.00648796		
233		-0.03718820		-0.03208850		-0.05264810		-0.00016180		-0.00253503		
234		-0.03800820		-0.03280660		-0.05368020		-0.00029835		0.00000000		
235		-0.02684270		-0.03289600		-0.05398160		-0.00023006		-0.00566954		
236		-0.02975580		-0.03312440		-0.05412920		-0.00029743		-0.00228133		
237		-0.03038150		-0.03332300		-0.05494140		-0.00044920		0.00000000		
238		-0.01834450		-0.03464520		-0.05666310		-0.00071904		-0.00398316		
239		-0.02073400		-0.03466610		-0.05677560		-0.00082381		-0.00158299		
240		-0.02087400		-0.03494470		-0.05740630		-0.00097771		0.00000000		
241		-0.01108000		-0.03655550		-0.05987490		-0.00219097		-0.00242886		
242		-0.01235360		-0.03677110		-0.05994490		-0.00235385		-0.00107742		
243		-0.01328060		-0.03687050		-0.05997850		-0.00259651		0.00000000		
244		-0.00591513		-0.03845760		-0.06270400		-0.00514413		-0.00128267		
245		-0.00678728		-0.03878430		-0.06265500		-0.00531931		-0.00063581		
246		-0.00714852		-0.03874460		-0.06256000		-0.00523214		0.00000000		
247		-0.00323169		-0.03951920		-0.06444900		-0.00989592		-0.00069249		
248		-0.00381777		-0.03961270		-0.06434810		-0.00928340		-0.00035056		
249		-0.00406474		-0.03948770		-0.06436940		-0.00942146		0.00000000		
250		0.00000000		-0.04086820		-0.06653890		-0.15929100		0.00000000		
251		0.00000000		-0.04100940		-0.06639720		-0.16767200		0.00000000		
252		0.00000000		-0.04109510		-0.06645120		-0.30436300		0.00000000		
253		-0.20219200		-0.02738600		-0.04512940		-0.00000223		-0.00566207		
254		-0.20463200		-0.02786530		-0.04554480		-0.00003197		-0.00228769		
255		-0.20444300		-0.02825680		-0.04649660		-0.00012736		0.00000000		
256		-0.12581600		-0.02799760		-0.04597160		-0.00000222		-0.00510705		
257		-0.12887200		-0.02824630		-0.04634170		-0.00003211		-0.00209546		
258		-0.12990800		-0.02876980		-0.04721540		-0.00012739		0.00000000		
259		-0.11703300		-0.02800160		-0.04612620		-0.00000228		-0.00510417		
260		-0.11941900		-0.02834760		-0.04655780		-0.00003225		-0.00208878		
261		-0.11985400		-0.02896560		-0.04748240		-0.00012718		0.00000000		
262		-0.06852730		-0.02918290		-0.04816590		0.00000387		-0.00418442		
263		-0.07112340		-0.02949790		-0.04840830		-0.00003751		-0.00171251		
264		-0.07096260		-0.02986300		-0.04915420		-0.00013249		0.00000000		
265		-0.04940130		-0.03042870		-0.05001230		-0.00002487		-0.00353512		
266		-0.05137170		-0.03062980		-0.05018230		-0.00006389		-0.00142479		
267		-0.05190760		-0.03095570		-0.05076460		-0.00015592		0.00000000		
268		-0.03801700		-0.03143110		-0.05174180		-0.00009816		-0.00291747		
269		-0.03961570		-0.03169600		-0.05193100		-0.00013283		-0.00131532		
270		-0.04035440		-0.03183640		-0.05233160		-0.00023358		0.00000000		
271		-0.03069350		-0.03241760		-0.05336610		-0.00023956		-0.00257859		
272		-0.03201830		-0.03268730		-0.05353500		-0.00026791		-0.00112627		
273		-0.03229570		-0.03283530		-0.05386490		-0.00038271		0.00000000		
274		-0.02096670		-0.03428100		-0.05623390		-0.00079160		-0.00188139		
275		-0.02189290		-0.03439000		-0.05636770		-0.00077792		-0.00079808		
276		-0.02228220		-0.03463840		-0.05663030		-0.00096302		0.00000000		
277		-0.01267200		-0.03640810		-0.05957360		-0.00221806		-0.00116509		
278		-0.01362200		-0.03678940		-0.05949860		-0.00224997		-0.00060943		
279		-0.01328280		-0.03677680		-0.05972910		-0.00255301		0.00000000		
280		-0.00670171		-0.03839300		-0.06262260		-0.00583094		-0.00067052		
281		-0.00733434		-0.03834160		-0.06229740		-0.00533619		-0.00042002		
282		-0.00739297		-0.03848790		-0.06261550		-0.00540546		0.00000000		
283		-0.00362244		-0.03959760		-0.06447920		-0.00966461		-0.00037232		
284		-0.00399284		-0.03956060		-0.06431200		-0.00968809		-0.00015716		
285		-0.00420823		-0.03943390		-0.06468090		-0.00965742		0.00000000		
286		0.00000000		-0.04085320		-0.06654730		-0.16469600		0.00000000		
287		0.00000000		-0.04104460		-0.06628190		-0.17398300		0.00000000		
288		0.00000000		-0.04107930		-0.06672150		-0.31048100		0.00000000		
289		-0.20847700		-0.02716170		-0.04477860		0.00000001		-0.00004796		
290		-0.20859600		-0.02727370		-0.04483370		0.00000005		-0.00000626		
291		-0.20871700		-0.02725840		-0.04480390		-0.00000317		0.00000000		
292		-0.13211500		-0.02766860		-0.04560360		-0.00000000		-0.00005020		
293		-0.13190800		-0.02741890		-0.04565180		0.00000003		-0.00000969		
294		-0.13151800		-0.02747770		-0.04562220		-0.00000359		0.00000000		
295		-0.12237900		-0.02778860		-0.04580960		-0.00000002		-0.00004965		
296		-0.12197500		-0.02753720		-0.04581660		0.00000002		-0.00001104		
297		-0.12195400		-0.02759170		-0.04582430		-0.00000359		0.00000000		
298		-0.07245440		-0.02907430		-0.04781990		-0.00000713		-0.00007455		
299		-0.07272320		-0.02879180		-0.04784580		-0.00000711		-0.00001675		
300		-0.07334710		-0.02878850		-0.04782110		-0.00000935		0.00000000		
301		-0.05286290		-0.03021620		-0.04974570		-0.00004994		-0.00002539		
302		-0.05326400		-0.03031950		-0.04977920		-0.00004975		-0.00001443		
303		-0.05294960		-0.03008220		-0.04980740		-0.00005680		0.00000000		
304		-0.04126800		-0.03141340		-0.05147350		-0.00016294		-0.00002258		
305		-0.04120010		-0.03155540		-0.05154130		-0.00016265		-0.00000724		
306		-0.04154480		-0.03123230		-0.05152620		-0.00016759		0.00000000		
307		-0.03362640		-0.03246880		-0.05311360		-0.00036922		-0.00001914		
308		-0.03326890		-0.03259110		-0.05316850		-0.00036353		0.00000111		
309		-0.03362400		-0.03233750		-0.05318700		-0.00036181		0.00000000		
310		-0.02296180		-0.03424430		-0.05612730		-0.00103822		-0.00002063		
311		-0.02286460		-0.03437340		-0.05610640		-0.00107910		-0.00001404		
312		-0.02323340		-0.03420860		-0.05602310		-0.00108204		0.00000000		
313		-0.01380600		-0.03643980		-0.05950560		-0.00285075		-0.00001406		
314		-0.01403540		-0.03653890		-0.05940140		-0.00284641		-0.00000223		
315		-0.01381700		-0.03646400		-0.05960570		-0.00281471		0.00000000		
316		-0.00732152		-0.03837970		-0.06251210		-0.00649184		-0.00001688		
317		-0.00761891		-0.03846170		-0.06235610		-0.00652259		-0.00000188		
318		-0.00756794		-0.03823850		-0.06244890		-0.00642563		0.00000000		
319		-0.00409222		-0.03953770		-0.06434760		-0.01134830		-0.00000709		
320		-0.00392407		-0.03955100		-0.06434930		-0.01133670		-0.00000558		
321		-0.00406152		-0.03950240		-0.06425160		-0.01170260		0.00000000		
322		0.00000000		-0.04096890		-0.06659550		-0.21443600		0.00000000		
323		0.00000000		-0.04105420		-0.06668320		-0.22378100		0.00000000		
324		0.00000000		-0.04108090		-0.06671800		-0.36030500		0.00000000		
325		-0.18402000		-0.00220650		-0.00481891		-0.00001055		-0.00821387		
326		-0.19381600		-0.00367084		-0.00736437		-0.00000818		-0.00409679		
327		-0.19546200		-0.00503325		-0.00988910		-0.00001914		0.00000000		
328		-0.10956500		-0.00242590		-0.00530811		-0.00001542		-0.00769491		
329		-0.11841800		-0.00384515		-0.00784958		-0.00001233		-0.00389908		
330		-0.12025400		-0.00521916		-0.01021980		-0.00002879		0.00000000		
331		-0.09997410		-0.00247127		-0.00542022		-0.00001669		-0.00755692		
332		-0.10888600		-0.00389281		-0.00795188		-0.00001342		-0.00381686		
333		-0.11075300		-0.00526113		-0.01031480		-0.00003128		0.00000000		
334		-0.05486400		-0.00298572		-0.00660439		-0.00003035		-0.00659567		
335		-0.06272120		-0.00438201		-0.00907564		-0.00002590		-0.00334742		
336		-0.06380370		-0.00563883		-0.01125870		-0.00005892		0.00000000		
337		-0.03784800		-0.00347290		-0.00777163		-0.00004662		-0.00574028		
338		-0.04424130		-0.00485660		-0.01023700		-0.00004249		-0.00314438		
339		-0.04596360		-0.00609638		-0.01227910		-0.00009039		0.00000000		
340		-0.02856330		-0.00392790		-0.00889822		-0.00007128		-0.00504540		
341		-0.03399800		-0.00534712		-0.01134110		-0.00006797		-0.00286730		
342		-0.03534060		-0.00649662		-0.01325530		-0.00013044		0.00000000		
343		-0.02259250		-0.00435355		-0.00995228		-0.00011249		-0.00448834		
344		-0.02758350		-0.00578471		-0.01242150		-0.00011127		-0.00252674		
345		-0.02886620		-0.00685265		-0.01411680		-0.00020618		0.00000000		
346		-0.01531600		-0.00515715		-0.01188200		-0.00028228		-0.00346098		
347		-0.01913800		-0.00669739		-0.01458280		-0.00029197		-0.00204268		
348		-0.02009240		-0.00770603		-0.01610840		-0.00043016		0.00000000		
349		-0.00945548		-0.00616291		-0.01427830		-0.00090119		-0.00231617		
350		-0.01214190		-0.00780955		-0.01727420		-0.00093180		-0.00131079		
351		-0.01258370		-0.00868400		-0.01867410		-0.00107139		0.00000000		
352		-0.00522610		-0.00715828		-0.01662000		-0.00260216		-0.00136557		
353		-0.00695261		-0.00885821		-0.01995960		-0.00265444		-0.00072167		
354		-0.00723044		-0.00969634		-0.02105200		-0.00276957		0.00000000		
355		-0.00304218		-0.00778188		-0.01805360		-0.00531864		-0.00093238		
356		-0.00413237		-0.00957004		-0.02157960		-0.00537065		-0.00042124		
357		-0.00440869		-0.01031540		-0.02252900		-0.00542466		0.00000000		
358		0.00000000		-0.00896017		-0.02047990		-0.12672600		0.00000000		
359		0.00000000		-0.01100540		-0.02421050		-0.13360200		0.00000000		
360		0.00000000		-0.01157080		-0.02524290		-0.24422500		0.00000000		
361		-0.19036600		-0.00190868		-0.00404136		-0.00001343		-0.00319765		
362		-0.19751800		-0.00323233		-0.00634640		-0.00001573		-0.00205423		
363		-0.19838400		-0.00416256		-0.00788565		-0.00003560		0.00000000		
364		-0.11566200		-0.00211837		-0.00452836		-0.00001648		-0.00310703		
365		-0.12262300		-0.00349423		-0.00685920		-0.00001953		-0.00198006		
366		-0.12467800		-0.00440354		-0.00829629		-0.00004410		0.00000000		
367		-0.10616600		-0.00217147		-0.00465080		-0.00001741		-0.00309150		
368		-0.11313200		-0.00354716		-0.00698219		-0.00002057		-0.00198749		
369		-0.11450700		-0.00447773		-0.00847897		-0.00005348		0.00000000		
370		-0.05974950		-0.00269753		-0.00590408		-0.00002585		-0.00290186		
371		-0.06609590		-0.00403080		-0.00821224		-0.00003117		-0.00178070		
372		-0.06721980		-0.00498376		-0.00964070		-0.00007498		0.00000000		
373		-0.04205450		-0.00320296		-0.00710443		-0.00003723		-0.00274770		
374		-0.04706710		-0.00455478		-0.00947064		-0.00004537		-0.00170993		
375		-0.04822650		-0.00552263		-0.01084130		-0.00010096		0.00000000		
376		-0.03207670		-0.00366733		-0.00826785		-0.00005862		-0.00255362		
377		-0.03659100		-0.00506104		-0.01069420		-0.00007043		-0.00156721		
378		-0.03799460		-0.00596580		-0.01191980		-0.00014048		0.00000000		
379		-0.02558250		-0.00412703		-0.00938424		-0.00009990		-0.00226423		
380		-0.02966850		-0.00559198		-0.01198120		-0.00011817		-0.00136145		
381		-0.03072460		-0.00642578		-0.01308100		-0.00020132		0.00000000		
382		-0.01752100		-0.00494364		-0.01141230		-0.00028417		-0.00182668		
383		-0.02068640		-0.00649953		-0.01419710		-0.00031618		-0.00116155		
384		-0.02150040		-0.00724292		-0.01518000		-0.00043328		0.00000000		
385		-0.01078820		-0.00599072		-0.01398580		-0.00094784		-0.00135669		
386		-0.01297610		-0.00761970		-0.01704310		-0.00099651		-0.00083872		
387		-0.01355540		-0.00840335		-0.01802230		-0.00110551		0.00000000		
388		-0.00606893		-0.00702798		-0.01641650		-0.00272147		-0.00081667		
389		-0.00756150		-0.00875128		-0.01972590		-0.00278944		-0.00041520		
390		-0.00793268		-0.00945103		-0.02070050		-0.00288835		0.00000000		
391		-0.00356033		-0.00780767		-0.01800200		-0.00553402		-0.00049468		
392		-0.00435458		-0.00959113		-0.02160370		-0.00560200		-0.00025263		
393		-0.00458628		-0.01019160		-0.02242430		-0.00566153		0.00000000		
394		0.00000000		-0.00880624		-0.02041970		-0.13157800		0.00000000		
395		0.00000000		-0.01095560		-0.02431760		-0.13840600		0.00000000		
396		0.00000000		-0.01158960		-0.02526380		-0.24922800		0.00000000		
397		-0.19350500		-0.00182162		-0.00376135		-0.00004229		-0.00002684		
398		-0.20054600		-0.00296831		-0.00580776		-0.00004354		-0.00004368		
399		-0.20121700		-0.00346694		-0.00626136		-0.00014621		0.00000000		
400		-0.11898500		-0.00203328		-0.00425368		-0.00004285		-0.00002832		
401		-0.12560800		-0.00321317		-0.00633445		-0.00004484		-0.00004336		
402		-0.12601100		-0.00361441		-0.00672054		-0.00014843		0.00000000		
403		-0.10952300		-0.00208595		-0.00437456		-0.00004311		-0.00002861		
404		-0.11588800		-0.00326486		-0.00646938		-0.00004463		-0.00004274		
405		-0.11684300		-0.00377058		-0.00693932		-0.00014920		0.00000000		
406		-0.06295520		-0.00261231		-0.00560270		-0.00003805		-0.00003171		
407		-0.06834340		-0.00380311		-0.00777573		-0.00004880		-0.00004443		
408		-0.06929580		-0.00433226		-0.00830516		-0.00015848		0.00000000		
409		-0.04491150		-0.00312075		-0.00679288		-0.00005296		-0.00003243		
410		-0.04932190		-0.00431391		-0.00909844		-0.00006642		-0.00004959		
411		-0.05050640		-0.00488594		-0.00961357		-0.00018136		0.00000000		
412		-0.03485440		-0.00361383		-0.00800683		-0.00009343		-0.00004989		
413		-0.03855210		-0.00485181		-0.01037560		-0.00010839		-0.00005121		
414		-0.03941090		-0.00540195		-0.01092720		-0.00022654		0.00000000		
415		-0.02816750		-0.00408145		-0.00912346		-0.00017027		-0.00005191		
416		-0.03160320		-0.00536274		-0.01164980		-0.00018844		-0.00004392		
417		-0.03195820		-0.00593546		-0.01222030		-0.00032314		0.00000000		
418		-0.01958290		-0.00494802		-0.01122820		-0.00047321		-0.00004100		
419		-0.02218950		-0.00630550		-0.01395860		-0.00051373		-0.00004739		
420		-0.02259110		-0.00690751		-0.01459600		-0.00067384		0.00000000		
421		-0.01229070		-0.00603896		-0.01379700		-0.00140935		-0.00004776		
422		-0.01399210		-0.00752711		-0.01686960		-0.00149208		-0.00003739		
423		-0.01423400		-0.00812274		-0.01755880		-0.00172269		0.00000000		
424		-0.00696278		-0.00709496		-0.01632390		-0.00363446		-0.00004482		
425		-0.00797331		-0.00874497		-0.01968040		-0.00345676		-0.00001623		
426		-0.00818229		-0.00938267		-0.02045050		-0.00351713		0.00000000		
427		-0.00406938		-0.00782244		-0.01795540		-0.00673498		-0.00003723		
428		-0.00471418		-0.00956795		-0.02149130		-0.00700154		-0.00001050		
429		-0.00478794		-0.01018370		-0.02226640		-0.00646837		0.00000000		
430		0.00000000		-0.00887988		-0.02052340		-0.17131300		0.00000000		
431		0.00000000		-0.01091460		-0.02444170		-0.17862100		0.00000000		
432		0.00000000		-0.01163500		-0.02536770		-0.28975300		0.00000000		
433		-0.19015400		-0.00420734		-0.00959790		-0.00001343		-0.01159720		
434		-0.19649600		-0.00558399		-0.01170400		-0.00001573		-0.00522727		
435		-0.19906000		-0.00720015		-0.01460800		-0.00003559		0.00000000		
436		-0.11535300		-0.00441838		-0.01011260		-0.00001649		-0.01054940		
437		-0.12287200		-0.00575779		-0.01210590		-0.00001953		-0.00485111		
438		-0.12422500		-0.00728575		-0.01491090		-0.00004409		0.00000000		
439		-0.10564200		-0.00445926		-0.01023360		-0.00001741		-0.01035120		
440		-0.11273800		-0.00581468		-0.01222710		-0.00002057		-0.00476216		
441		-0.11456900		-0.00731557		-0.01497410		-0.00005347		0.00000000		
442		-0.05941030		-0.00497453		-0.01150820		-0.00002584		-0.00844286		
443		-0.06588160		-0.00632825		-0.01342240		-0.00003117		-0.00412199		
444		-0.06644210		-0.00769008		-0.01579560		-0.00007497		0.00000000		
445		-0.04189140		-0.00548409		-0.01276740		-0.00003724		-0.00726664		
446		-0.04725250		-0.00680883		-0.01469230		-0.00004537		-0.00377534		
447		-0.04842110		-0.00808046		-0.01677500		-0.00010098		0.00000000		
448		-0.03206430		-0.00599109		-0.01406750		-0.00005862		-0.00617877		
449		-0.03662530		-0.00730409		-0.01590790		-0.00007043		-0.00328437		
450		-0.03756200		-0.00852389		-0.01789440		-0.00014053		0.00000000		
451		-0.02556940		-0.00647317		-0.01529840		-0.00009990		-0.00533837		
452		-0.03011410		-0.00780687		-0.01715040		-0.00011817		-0.00265858		
453		-0.03045500		-0.00897340		-0.01899210		-0.00020132		0.00000000		
454		-0.01738600		-0.00735545		-0.01750020		-0.00028419		-0.00415309		
455		-0.02090200		-0.00878649		-0.01946930		-0.00031620		-0.00209059		
456		-0.02142680		-0.00979986		-0.02103940		-0.00043329		0.00000000		
457		-0.01077760		-0.00854079		-0.02034290		-0.00094783		-0.00272149		
458		-0.01328330		-0.00995783		-0.02242190		-0.00099653		-0.00138279		
459		-0.01360420		-0.01091370		-0.02360340		-0.00110543		0.00000000		
460		-0.00630845		-0.00966053		-0.02293280		-0.00272175		-0.00170492		
461		-0.00768687		-0.01118490		-0.02530800		-0.00278941		-0.00079438		
462		-0.00815544		-0.01195630		-0.02619450		-0.00288819		0.00000000		
463		-0.00358762		-0.01047630		-0.02475860		-0.00553404		-0.00103077		
464		-0.00453671		-0.01201230		-0.02719670		-0.00560255		-0.00051579		
465		-0.00480983		-0.01267990		-0.02793570		-0.00566088		0.00000000		
466		0.00000000		-0.01191320		-0.02752750		-0.12675500		0.00000000		
467		0.00000000		-0.01337890		-0.03032390		-0.13419100		0.00000000		
468		0.00000000		-0.01396240		-0.03094820		-0.24494800		0.00000000		
469		-0.19917300		-0.00373522		-0.00841073		-0.00000718		-0.00481655		
470		-0.20348600		-0.00514867		-0.01045400		-0.00001933		-0.00269514		
471		-0.20535900		-0.00620186		-0.01211810		-0.00005065		0.00000000		
472		-0.12312800		-0.00395589		-0.00897144		-0.00000815		-0.00457959		
473		-0.12791800		-0.00532027		-0.01096710		-0.00002225		-0.00245974		
474		-0.12876300		-0.00641096		-0.01259460		-0.00005672		0.00000000		
475		-0.11332500		-0.00401103		-0.00911924		-0.00000837		-0.00452315		
476		-0.11810500		-0.00537595		-0.01110140		-0.00002297		-0.00242754		
477		-0.11893500		-0.00646876		-0.01271690		-0.00005678		0.00000000		
478		-0.06578730		-0.00456496		-0.01052060		-0.00001119		-0.00399059		
479		-0.06948060		-0.00598935		-0.01251980		-0.00003064		-0.00219285		
480		-0.07037300		-0.00693360		-0.01385530		-0.00007155		0.00000000		
481		-0.04658450		-0.00511926		-0.01194370		-0.00001885		-0.00359298		
482		-0.05062960		-0.00648816		-0.01388040		-0.00004306		-0.00205207		
483		-0.05114220		-0.00745274		-0.01529900		-0.00009051		0.00000000		
484		-0.03633130		-0.00566580		-0.01327030		-0.00003931		-0.00318075		
485		-0.03921770		-0.00703988		-0.01523770		-0.00006761		-0.00182906		
486		-0.04020400		-0.00793481		-0.01650010		-0.00027133		0.00000000		
487		-0.02922560		-0.00618303		-0.01460780		-0.00008165		-0.00279872		
488		-0.03182450		-0.00762912		-0.01662580		-0.00011669		-0.00163514		
489		-0.03273860		-0.00844280		-0.01776760		-0.00018684		0.00000000		
490		-0.02009160		-0.00713099		-0.01701350		-0.00028099		-0.00222317		
491		-0.02235170		-0.00853406		-0.01910540		-0.00033194		-0.00120889		
492		-0.02302240		-0.00939947		-0.02007640		-0.00042509		0.00000000		
493		-0.01258860		-0.00834818		-0.01994080		-0.00099271		-0.00157753		
494		-0.01428320		-0.00988883		-0.02222290		-0.00105652		-0.00074067		
495		-0.01453880		-0.01058260		-0.02305080		-0.00113141		0.00000000		
496		-0.00707002		-0.00953957		-0.02284610		-0.00285285		-0.00101296		
497		-0.00807488		-0.01109820		-0.02525920		-0.00292913		-0.00041712		
498		-0.00834510		-0.01177600		-0.02600670		-0.00302556		0.00000000		
499		-0.00418328		-0.01040660		-0.02465790		-0.00573244		-0.00058767		
500		-0.00474839		-0.01188450		-0.02714930		-0.00581460		-0.00026767		
501		-0.00497839		-0.01258840		-0.02786530		-0.00591021		0.00000000		
502		0.00000000		-0.01191560		-0.02749150		-0.13159700		0.00000000		
503		0.00000000		-0.01398320		-0.03013210		-0.13903100		0.00000000		
504		0.00000000		-0.01394480		-0.03095730		-0.24961600		0.00000000		
505		-0.20424900		-0.00362313		-0.00798002		-0.00000196		-0.00007514		
506		-0.20723600		-0.00479066		-0.00974946		-0.00002777		-0.00007703		
507		-0.20705100		-0.00529103		-0.01015320		-0.00010089		0.00000000		
508		-0.12853300		-0.00374486		-0.00853451		-0.00000207		-0.00007726		
509		-0.13196800		-0.00501736		-0.01031750		-0.00002818		-0.00007220		
510		-0.13261400		-0.00552552		-0.01073620		-0.00010322		0.00000000		
511		-0.11873300		-0.00380343		-0.00867904		-0.00000209		-0.00007680		
512		-0.12213200		-0.00507586		-0.01046320		-0.00002831		-0.00007347		
513		-0.12187400		-0.00560374		-0.01087040		-0.00010348		0.00000000		
514		-0.07031200		-0.00449196		-0.01011820		-0.00000583		-0.00008276		
515		-0.07227730		-0.00566020		-0.01195450		-0.00003136		-0.00007406		
516		-0.07300510		-0.00619498		-0.01237360		-0.00010458		0.00000000		
517		-0.05089480		-0.00506384		-0.01154430		-0.00002173		-0.00008441		
518		-0.05291940		-0.00624088		-0.01342570		-0.00004720		-0.00007486		
519		-0.05370360		-0.00677452		-0.01380600		-0.00012313		0.00000000		
520		-0.03965800		-0.00561568		-0.01296260		-0.00006594		-0.00008707		
521		-0.04158140		-0.00677583		-0.01486240		-0.00009378		-0.00007754		
522		-0.04209650		-0.00735074		-0.01529010		-0.00017487		0.00000000		
523		-0.03208380		-0.00616710		-0.01427010		-0.00014798		-0.00008996		
524		-0.03377960		-0.00733874		-0.01623460		-0.00017857		-0.00007784		
525		-0.03434880		-0.00792773		-0.01670020		-0.00027248		0.00000000		
526		-0.02278480		-0.00696887		-0.01672540		-0.00048488		-0.00008010		
527		-0.02402640		-0.00836362		-0.01875390		-0.00051054		-0.00007010		
528		-0.02411040		-0.00897293		-0.01931000		-0.00063311		0.00000000		
529		-0.01414390		-0.00843780		-0.01985000		-0.00150134		-0.00007972		
530		-0.01516920		-0.00968114		-0.02202100		-0.00158460		-0.00005761		
531		-0.01540740		-0.01031870		-0.02252770		-0.00171424		0.00000000		
532		-0.00803170		-0.00970612		-0.02269090		-0.00382307		-0.00007659		
533		-0.00869842		-0.01101910		-0.02515670		-0.00388207		-0.00001375		
534		-0.00880923		-0.01166410		-0.02564970		-0.00398208		0.00000000		
535		-0.00474128		-0.01054420		-0.02461290		-0.00682572		-0.00005760		
536		-0.00510430		-0.01191170		-0.02715190		-0.00680253		-0.00000399		
537		-0.00515595		-0.01255840		-0.02764330		-0.00669663		0.00000000		
538		0.00000000		-0.01172400		-0.02758800		-0.17258600		0.00000000		
539		0.00000000		-0.01341390		-0.03029690		-0.17954800		0.00000000		
540		0.00000000		-0.01407710		-0.03095210		-0.29010100		0.00000000		
541		-0.19240100		-0.02037940		-0.04711010		-0.00004229		-0.01478670		
542		-0.20006700		-0.02071850		-0.04728210		-0.00004354		-0.00618408		
543		-0.20124400		-0.02207370		-0.05020570		-0.00014623		0.00000000		
544		-0.11849000		-0.02061600		-0.04776840		-0.00004285		-0.01343890		
545		-0.12569800		-0.02087820		-0.04797040		-0.00004484		-0.00568261		
546		-0.12600500		-0.02200550		-0.05050890		-0.00014842		0.00000000		
547		-0.10762200		-0.02065090		-0.04791100		-0.00004311		-0.01334030		
548		-0.11477800		-0.02132080		-0.04778190		-0.00004463		-0.00564466		
549		-0.11640000		-0.02205820		-0.05064790		-0.00014921		0.00000000		
550		-0.06178290		-0.02140760		-0.04955440		-0.00003806		-0.01059830		
551		-0.06914880		-0.02194820		-0.04953390		-0.00004880		-0.00471643		
552		-0.06864840		-0.02258340		-0.05188220		-0.00015845		0.00000000		
553		-0.04488180		-0.02187000		-0.05129270		-0.00005297		-0.00897772		
554		-0.04916030		-0.02264000		-0.05116720		-0.00006644		-0.00428878		
555		-0.05058930		-0.02321740		-0.05316710		-0.00018137		0.00000000		
556		-0.03476180		-0.02250390		-0.05284770		-0.00009344		-0.00766982		
557		-0.03839940		-0.02324970		-0.05269360		-0.00010840		-0.00384650		
558		-0.04000580		-0.02360150		-0.05447340		-0.00022656		0.00000000		
559		-0.02784490		-0.02342670		-0.05438920		-0.00017027		-0.00672185		
560		-0.03196850		-0.02387760		-0.05412870		-0.00018846		-0.00324438		
561		-0.03270740		-0.02428450		-0.05564120		-0.00032315		0.00000000		
562		-0.01931230		-0.02462400		-0.05704140		-0.00047319		-0.00521739		
563		-0.02234630		-0.02505630		-0.05698720		-0.00051370		-0.00248765		
564		-0.02333800		-0.02522400		-0.05787380		-0.00067385		0.00000000		
565		-0.01238080		-0.02601320		-0.06047340		-0.00140988		-0.00329585		
566		-0.01440530		-0.02649830		-0.06017440		-0.00149176		-0.00166817		
567		-0.01510730		-0.02684490		-0.06063190		-0.00172296		0.00000000		
568		-0.00732691		-0.02757030		-0.06331260		-0.00363421		-0.00189333		
569		-0.00834822		-0.02796990		-0.06348860		-0.00345719		-0.00101909		
570		-0.00870513		-0.02804590		-0.06350130		-0.00351630		0.00000000		
571		-0.00447140		-0.02865710		-0.06549780		-0.00673668		-0.00105345		
572		-0.00497096		-0.02871970		-0.06550030		-0.00700189		-0.00067046		
573		-0.00535167		-0.02882030		-0.06565950		-0.00646783		0.00000000		
574		0.00000000		-0.02996190		-0.06893740		-0.12875900		0.00000000		
575		0.00000000		-0.03012000		-0.06873280		-0.13557700		0.00000000		
576		0.00000000		-0.03037190		-0.06898530		-0.24870100		0.00000000		
577		-0.20356800		-0.01952030		-0.04539750		-0.00000196		-0.00695108		
578		-0.20630200		-0.01994760		-0.04576110		-0.00002777		-0.00331682		
579		-0.20708800		-0.02076180		-0.04731300		-0.00010090		0.00000000		
580		-0.12700500		-0.02009360		-0.04620890		-0.00000206		-0.00639327		
581		-0.12903200		-0.02071000		-0.04648660		-0.00002818		-0.00325250		
582		-0.13026000		-0.02060780		-0.04778710		-0.00010322		0.00000000		
583		-0.11717700		-0.02015140		-0.04640140		-0.00000209		-0.00628640		
584		-0.11973100		-0.02077880		-0.04667440		-0.00002831		-0.00320255		
585		-0.12196400		-0.02106570		-0.04816730		-0.00010346		0.00000000		
586		-0.06991690		-0.02097920		-0.04833800		-0.00000582		-0.00533496		
587		-0.07240350		-0.02069010		-0.04851640		-0.00003136		-0.00269784		
588		-0.07306080		-0.02165830		-0.04975460		-0.00010504		0.00000000		
589		-0.05046450		-0.02174230		-0.05013270		-0.00002175		-0.00459814		
590		-0.05311650		-0.02145070		-0.05022440		-0.00004720		-0.00233921		
591		-0.05369470		-0.02243020		-0.05137960		-0.00012312		0.00000000		
592		-0.03957150		-0.02246460		-0.05189620		-0.00006532		-0.00401524		
593		-0.04199590		-0.02281270		-0.05194700		-0.00009378		-0.00194372		
594		-0.04229340		-0.02278080		-0.05286780		-0.00017490		0.00000000		
595		-0.03229430		-0.02271300		-0.05353740		-0.00014800		-0.00356893		
596		-0.03440090		-0.02358520		-0.05340250		-0.00017858		-0.00174976		
597		-0.03445860		-0.02372980		-0.05440540		-0.00027247		0.00000000		
598		-0.02273640		-0.02395650		-0.05642790		-0.00048485		-0.00274468		
599		-0.02399780		-0.02476850		-0.05657780		-0.00051055		-0.00136405		
600		-0.02457780		-0.02496660		-0.05690880		-0.00063318		0.00000000		
601		-0.01444960		-0.02604800		-0.05992810		-0.00150135		-0.00178128		
602		-0.01551680		-0.02622580		-0.05984300		-0.00158453		-0.00100705		
603		-0.01579180		-0.02656680		-0.06016340		-0.00171441		0.00000000		
604		-0.00815352		-0.02756470		-0.06338190		-0.00382318		-0.00105482		
605		-0.00902174		-0.02773060		-0.06318050		-0.00388186		-0.00072655		
606		-0.00897408		-0.02785190		-0.06366420		-0.00398261		0.00000000		
607		-0.00504880		-0.02822890		-0.06536430		-0.00682550		-0.00057605		
608		-0.00513545		-0.02857520		-0.06567690		-0.00680219		-0.00034893		
609		-0.00550270		-0.02872650		-0.06580750		-0.00670062		0.00000000		
610		0.00000000		-0.03008550		-0.06870580		-0.13344200		0.00000000		
611		0.00000000		-0.03031100		-0.06869150		-0.14082900		0.00000000		
612		0.00000000		-0.03033350		-0.06879290		-0.25439900		0.00000000		
613		-0.21196600		-0.01917860		-0.04472380		0.00000001		-0.00007920		
614		-0.20878600		-0.01939190		-0.04479880		-0.00000045		-0.00006053		
615		-0.21210900		-0.01956670		-0.04485880		-0.00000253		0.00000000		
616		-0.13404000		-0.01953420		-0.04561080		-0.00000000		-0.00015321		
617		-0.13418200		-0.01974260		-0.04564070		-0.00000064		-0.00007633		
618		-0.13587300		-0.01989660		-0.04567210		-0.00000297		0.00000000		
619		-0.12457100		-0.01961930		-0.04581390		-0.00000001		-0.00015204		
620		-0.12576600		-0.01992240		-0.04586800		-0.00000053		-0.00009968		
621		-0.12576500		-0.01999000		-0.04587820		-0.00000297		0.00000000		
622		-0.07548690		-0.02052750		-0.04784040		-0.00000442		-0.00012809		
623		-0.07563420		-0.02066020		-0.04785410		-0.00000325		-0.00007749		
624		-0.07602110		-0.02063690		-0.04783470		-0.00000848		0.00000000		
625		-0.05553690		-0.02134070		-0.04969810		-0.00003145		-0.00011707		
626		-0.05576130		-0.02148460		-0.04983250		-0.00003192		-0.00007596		
627		-0.05622600		-0.02142830		-0.04976950		-0.00003794		0.00000000		
628		-0.04419870		-0.02206470		-0.05151840		-0.00010336		-0.00005252		
629		-0.04377200		-0.02257960		-0.05157790		-0.00010415		-0.00006719		
630		-0.04477350		-0.02222380		-0.05154660		-0.00010943		0.00000000		
631		-0.03631520		-0.02282420		-0.05320550		-0.00022807		-0.00011313		
632		-0.03661400		-0.02302530		-0.05324730		-0.00023270		-0.00006340		
633		-0.03636000		-0.02298260		-0.05328090		-0.00024640		0.00000000		
634		-0.02565530		-0.02420650		-0.05625750		-0.00068716		-0.00009234		
635		-0.02566280		-0.02447610		-0.05646520		-0.00069804		-0.00006140		
636		-0.02573290		-0.02435580		-0.05631050		-0.00070993		0.00000000		
637		-0.01626290		-0.02591220		-0.05990770		-0.00194791		-0.00006435		
638		-0.01651190		-0.02606010		-0.05979750		-0.00194836		-0.00003570		
639		-0.01638580		-0.02604760		-0.05994630		-0.00196087		0.00000000		
640		-0.00949767		-0.02738450		-0.06327200		-0.00461282		-0.00004106		
641		-0.00988266		-0.02714670		-0.06316220		-0.00460740		0.00006443		
642		-0.00936767		-0.02766020		-0.06335010		-0.00458457		0.00000000		
643		-0.00561479		-0.02840930		-0.06548650		-0.00821839		-0.00001678		
644		-0.00537118		-0.02866030		-0.06558690		-0.00820716		0.00007611		
645		-0.00551945		-0.02870920		-0.06560950		-0.00813312		0.00000000		
646		0.00000000		-0.03007460		-0.06902560		-0.17305700		0.00000000		
647		0.00000000		-0.03036620		-0.06912460		-0.18058400		0.00000000		
648		0.00000000		-0.03037910		-0.06895730		-0.29155700		0.00000000		
649		-0.18420200		-0.00180752		-0.00493521		-0.00000955		-0.00843281		
650		-0.19268200		-0.00299618		-0.00751892		-0.00000583		-0.00449985		
651		-0.19487600		-0.00430325		-0.01036980		-0.00001485		0.00000000		
652		-0.10980700		-0.00198113		-0.00543325		-0.00001409		-0.00795761		
653		-0.11874900		-0.00315126		-0.00796523		-0.00000882		-0.00428422		
654		-0.12083100		-0.00444611		-0.01079400		-0.00002214		0.00000000		
655		-0.10027500		-0.00202515		-0.00555389		-0.00001528		-0.00785171		
656		-0.10919300		-0.00319099		-0.00810151		-0.00000963		-0.00424283		
657		-0.11103500		-0.00447848		-0.01085540		-0.00002426		0.00000000		
658		-0.05505480		-0.00241887		-0.00672862		-0.00002834		-0.00692841		
659		-0.06298470		-0.00356258		-0.00920932		-0.00001860		-0.00377353		
660		-0.06460410		-0.00483912		-0.01183890		-0.00005504		0.00000000		
661		-0.03811120		-0.00280944		-0.00792050		-0.00004355		-0.00605910		
662		-0.04475710		-0.00393566		-0.01039520		-0.00003056		-0.00342480		
663		-0.04658850		-0.00512054		-0.01278590		-0.00008000		0.00000000		
664		-0.02888560		-0.00316261		-0.00904294		-0.00006451		-0.00530457		
665		-0.03455560		-0.00428365		-0.01151740		-0.00004922		-0.00328280		
666		-0.03597660		-0.00545343		-0.01373700		-0.00010397		0.00000000		
667		-0.02289890		-0.00349068		-0.01013940		-0.00009512		-0.00477482		
668		-0.02808470		-0.00467939		-0.01271490		-0.00007874		-0.00282803		
669		-0.02935510		-0.00573411		-0.01474500		-0.00015866		0.00000000		
670		-0.01561020		-0.00409169		-0.01203260		-0.00021351		-0.00380493		
671		-0.01967240		-0.00529328		-0.01475390		-0.00019780		-0.00242147		
672		-0.02086490		-0.00634647		-0.01661440		-0.00031343		0.00000000		
673		-0.00982411		-0.00484585		-0.01447810		-0.00063110		-0.00265618		
674		-0.01274730		-0.00612144		-0.01748350		-0.00061730		-0.00167357		
675		-0.01338130		-0.00711290		-0.01920740		-0.00080077		0.00000000		
676		-0.00572610		-0.00561470		-0.01688530		-0.00179793		-0.00166075		
677		-0.00756527		-0.00698281		-0.02019000		-0.00178488		-0.00108704		
678		-0.00800206		-0.00788192		-0.02165280		-0.00196737		0.00000000		
679		-0.00345104		-0.00613089		-0.01846980		-0.00372861		-0.00120476		
680		-0.00470401		-0.00756005		-0.02204730		-0.00369976		-0.00068663		
681		-0.00509739		-0.00838041		-0.02322620		-0.00387121		0.00000000		
682		0.00000000		-0.00719833		-0.02146750		-0.10551700		0.00000000		
683		0.00000000		-0.00892031		-0.02552390		-0.11142700		0.00000000		
684		0.00000000		-0.00955793		-0.02659740		-0.20430600		0.00000000		
685		-0.19059900		-0.00159158		-0.00411785		-0.00001282		-0.00345910		
686		-0.19804700		-0.00266923		-0.00642813		-0.00001120		-0.00240116		
687		-0.19900600		-0.00363564		-0.00824828		-0.00003050		0.00000000		
688		-0.11598000		-0.00176533		-0.00461807		-0.00001598		-0.00342655		
689		-0.12280600		-0.00284820		-0.00694410		-0.00001418		-0.00236336		
690		-0.12457500		-0.00381693		-0.00872471		-0.00003781		0.00000000		
691		-0.10643900		-0.00180712		-0.00474077		-0.00001674		-0.00341332		
692		-0.11328200		-0.00289041		-0.00706902		-0.00001484		-0.00235006		
693		-0.11504200		-0.00385930		-0.00885214		-0.00004231		0.00000000		
694		-0.05994410		-0.00221542		-0.00597657		-0.00002494		-0.00325378		
695		-0.06648810		-0.00329610		-0.00830471		-0.00002291		-0.00215182		
696		-0.06796880		-0.00428471		-0.01003990		-0.00006228		0.00000000		
697		-0.04225570		-0.00259772		-0.00718856		-0.00003520		-0.00316543		
698		-0.04762500		-0.00368846		-0.00957048		-0.00003349		-0.00200903		
699		-0.04899680		-0.00468046		-0.01122630		-0.00008405		0.00000000		
700		-0.03232560		-0.00294702		-0.00836796		-0.00005188		-0.00290875		
701		-0.03720290		-0.00406827		-0.01081820		-0.00005106		-0.00189992		
702		-0.03870180		-0.00502539		-0.01234190		-0.00011277		0.00000000		
703		-0.02589370		-0.00329736		-0.00949233		-0.00008121		-0.00268324		
704		-0.03026150		-0.00445299		-0.01206160		-0.00008250		-0.00174482		
705		-0.03153860		-0.00538162		-0.01353280		-0.00015581		0.00000000		
706		-0.01794260		-0.00392941		-0.01155620		-0.00020502		-0.00218253		
707		-0.02129070		-0.00512714		-0.01430350		-0.00021102		-0.00154019		
708		-0.02233220		-0.00603523		-0.01568440		-0.00031329		0.00000000		
709		-0.01122800		-0.00470304		-0.01415070		-0.00064590		-0.00168203		
710		-0.01373090		-0.00599923		-0.01721780		-0.00065725		-0.00115022		
711		-0.01456680		-0.00682087		-0.01837430		-0.00081952		0.00000000		
712		-0.00655100		-0.00551378		-0.01667750		-0.00185543		-0.00112102		
713		-0.00809593		-0.00690981		-0.02008330		-0.00187900		-0.00066911		
714		-0.00856439		-0.00771023		-0.02117550		-0.00202480		0.00000000		
715		-0.00397853		-0.00607931		-0.01834800		-0.00384781		-0.00070080		
716		-0.00500243		-0.00760261		-0.02200660		-0.00386953		-0.00044377		
717		-0.00532532		-0.00825157		-0.02302300		-0.00400158		0.00000000		
718		0.00000000		-0.00718609		-0.02142460		-0.10956400		0.00000000		
719		0.00000000		-0.00886776		-0.02548210		-0.11543300		0.00000000		
720		0.00000000		-0.00954180		-0.02655590		-0.21136400		0.00000000		
721		-0.19444200		-0.00145832		-0.00376980		-0.00004146		-0.00006611		
722		-0.20173500		-0.00245434		-0.00580301		-0.00003513		-0.00009707		
723		-0.20214100		-0.00295943		-0.00632148		-0.00011680		0.00000000		
724		-0.11961400		-0.00162317		-0.00425574		-0.00004234		-0.00007025		
725		-0.12653600		-0.00271722		-0.00633607		-0.00003600		-0.00009784		
726		-0.12738900		-0.00314947		-0.00686813		-0.00011927		0.00000000		
727		-0.11004200		-0.00166509		-0.00437746		-0.00004265		-0.00007131		
728		-0.11664200		-0.00276211		-0.00647305		-0.00003636		-0.00010104		
729		-0.11748400		-0.00321566		-0.00700398		-0.00011994		0.00000000		
730		-0.06347560		-0.00206317		-0.00560227		-0.00004633		-0.00009407		
731		-0.06926590		-0.00317274		-0.00777363		-0.00004033		-0.00011417		
732		-0.07031650		-0.00362733		-0.00833814		-0.00012567		0.00000000		
733		-0.04567220		-0.00244398		-0.00682124		-0.00005782		-0.00009136		
734		-0.05024070		-0.00359028		-0.00912001		-0.00005188		-0.00011896		
735		-0.05152070		-0.00408458		-0.00967040		-0.00014156		0.00000000		
736		-0.03552980		-0.00281688		-0.00802542		-0.00008582		-0.00010362		
737		-0.03985100		-0.00389560		-0.01040400		-0.00008013		-0.00007423		
738		-0.04066370		-0.00448924		-0.01104700		-0.00017890		0.00000000		
739		-0.02895100		-0.00315972		-0.00914907		-0.00013831		-0.00010658		
740		-0.03261350		-0.00426877		-0.01165620		-0.00013315		-0.00007259		
741		-0.03341530		-0.00488777		-0.01232930		-0.00024649		0.00000000		
742		-0.02038420		-0.00379352		-0.01126400		-0.00034408		-0.00010844		
743		-0.02318730		-0.00496853		-0.01400390		-0.00034995		-0.00006947		
744		-0.02389420		-0.00559183		-0.01468060		-0.00049447		0.00000000		
745		-0.01314780		-0.00461520		-0.01390500		-0.00098928		-0.00010381		
746		-0.01509130		-0.00604895		-0.01693470		-0.00102457		-0.00010294		
747		-0.01559190		-0.00650796		-0.01768310		-0.00120127		0.00000000		
748		-0.00782831		-0.00543505		-0.01646020		-0.00256150		-0.00008906		
749		-0.00897263		-0.00699321		-0.01984860		-0.00261708		-0.00009490		
750		-0.00933600		-0.00750260		-0.02075210		-0.00258732		0.00000000		
751		-0.00480767		-0.00603039		-0.01819710		-0.00485287		-0.00007361		
752		-0.00552030		-0.00748683		-0.02193600		-0.00492458		-0.00002818		
753		-0.00570211		-0.00820142		-0.02286980		-0.00547182		0.00000000		
754		0.00000000		-0.00689877		-0.02129890		-0.14425600		0.00000000		
755		0.00000000		-0.00881610		-0.02558850		-0.15005400		0.00000000		
756		0.00000000		-0.00950862		-0.02657820		-0.24269500		0.00000000		
757		-0.18999600		-0.00334274		-0.00978053		-0.00001282		-0.01198160		
758		-0.19798900		-0.00457074		-0.01191180		-0.00001120		-0.00573820		
759		-0.19963600		-0.00613881		-0.01528630		-0.00003052		0.00000000		
760		-0.11550100		-0.00350124		-0.01028860		-0.00001599		-0.01096710		
761		-0.12302100		-0.00468236		-0.01229920		-0.00001417		-0.00543883		
762		-0.12424600		-0.00614134		-0.01536450		-0.00003781		0.00000000		
763		-0.10577300		-0.00353483		-0.01041370		-0.00001674		-0.01072580		
764		-0.11299900		-0.00470904		-0.01240830		-0.00001484		-0.00534928		
765		-0.11500100		-0.00615886		-0.01544220		-0.00004231		0.00000000		
766		-0.05962450		-0.00393479		-0.01170260		-0.00002494		-0.00884854		
767		-0.06643630		-0.00507927		-0.01362840		-0.00002291		-0.00464805		
768		-0.06704710		-0.00645311		-0.01640940		-0.00006228		0.00000000		
769		-0.04215210		-0.00431683		-0.01296340		-0.00003520		-0.00764850		
770		-0.04766840		-0.00544394		-0.01486780		-0.00003349		-0.00426343		
771		-0.04924810		-0.00678609		-0.01737420		-0.00008406		0.00000000		
772		-0.03242060		-0.00468992		-0.01424700		-0.00005188		-0.00663003		
773		-0.03687330		-0.00581528		-0.01615490		-0.00005106		-0.00374765		
774		-0.03828760		-0.00712147		-0.01845740		-0.00011293		0.00000000		
775		-0.02589290		-0.00506084		-0.01550690		-0.00008121		-0.00577659		
776		-0.03017390		-0.00620051		-0.01744480		-0.00008250		-0.00322077		
777		-0.03126600		-0.00742750		-0.01955240		-0.00015582		0.00000000		
778		-0.01783170		-0.00572249		-0.01773740		-0.00020502		-0.00462751		
779		-0.02127630		-0.00686880		-0.01971530		-0.00021103		-0.00257875		
780		-0.02230150		-0.00805596		-0.02158830		-0.00031328		0.00000000		
781		-0.01127660		-0.00660793		-0.02060490		-0.00064589		-0.00311451		
782		-0.01398400		-0.00777724		-0.02265620		-0.00065727		-0.00185941		
783		-0.01454450		-0.00883942		-0.02419250		-0.00081959		0.00000000		
784		-0.00669529		-0.00748086		-0.02332120		-0.00185558		-0.00204877		
785		-0.00842192		-0.00875370		-0.02568620		-0.00187901		-0.00115614		
786		-0.00882703		-0.00965022		-0.02681340		-0.00202456		0.00000000		
787		-0.00396266		-0.00813445		-0.02531160		-0.00384782		-0.00132194		
788		-0.00517741		-0.00942576		-0.02773120		-0.00386979		-0.00077303		
789		-0.00539136		-0.01028320		-0.02881450		-0.00400112		0.00000000		
790		0.00000000		-0.00943641		-0.02866050		-0.10568900		0.00000000		
791		0.00000000		-0.01087780		-0.03146020		-0.11187100		0.00000000		
792		0.00000000		-0.01149490		-0.03238810		-0.20792500		0.00000000		
793		-0.19911500		-0.00299298		-0.00852662		-0.00000807		-0.00531091		
794		-0.20414800		-0.00416283		-0.01058540		-0.00001409		-0.00306073		
795		-0.20609700		-0.00531340		-0.01261640		-0.00004054		0.00000000		
796		-0.12337400		-0.00315688		-0.00907494		-0.00000920		-0.00504434		
797		-0.12809400		-0.00430795		-0.01108240		-0.00001635		-0.00306493		
798		-0.12899300		-0.00543471		-0.01296150		-0.00004681		0.00000000		
799		-0.11368100		-0.00319808		-0.00922133		-0.00000948		-0.00498947		
800		-0.11841900		-0.00434963		-0.01121940		-0.00001691		-0.00303184		
801		-0.11985200		-0.00552329		-0.01318600		-0.00004825		0.00000000		
802		-0.06597880		-0.00361634		-0.01063270		-0.00001247		-0.00448331		
803		-0.07025830		-0.00475246		-0.01258640		-0.00002293		-0.00268061		
804		-0.07138660		-0.00580407		-0.01433910		-0.00006236		0.00000000		
805		-0.04700360		-0.00402842		-0.01204990		-0.00001863		-0.00401734		
806		-0.05127750		-0.00519069		-0.01402060		-0.00003121		-0.00239258		
807		-0.05203690		-0.00628555		-0.01573880		-0.00007927		0.00000000		
808		-0.03653640		-0.00442590		-0.01342970		-0.00003217		-0.00361044		
809		-0.03976080		-0.00558669		-0.01535810		-0.00004872		-0.00235663		
810		-0.04112120		-0.00662680		-0.01695590		-0.00020990		0.00000000		
811		-0.02963890		-0.00480612		-0.01474600		-0.00005985		-0.00323739		
812		-0.03252400		-0.00597325		-0.01667590		-0.00008056		-0.00213420		
813		-0.03357080		-0.00701061		-0.01819020		-0.00026927		0.00000000		
814		-0.02068820		-0.00553105		-0.01716160		-0.00018827		-0.00264428		
815		-0.02309950		-0.00668345		-0.01921800		-0.00021704		-0.00173073		
816		-0.02400790		-0.00764534		-0.02047540		-0.00047775		0.00000000		
817		-0.01320580		-0.00642322		-0.02010520		-0.00064758		-0.00202083		
818		-0.01488690		-0.00770018		-0.02241510		-0.00069378		-0.00112699		
819		-0.01566500		-0.00858346		-0.02359240		-0.00083260		0.00000000		
820		-0.00775219		-0.00740595		-0.02312570		-0.00192153		-0.00129942		
821		-0.00891254		-0.00868665		-0.02561020		-0.00196873		-0.00073249		
822		-0.00941809		-0.00948446		-0.02650650		-0.00207797		0.00000000		
823		-0.00466886		-0.00805742		-0.02508810		-0.00394471		-0.00085025		
824		-0.00549170		-0.00939319		-0.02766680		-0.00399704		-0.00047514		
825		-0.00583432		-0.01014280		-0.02851400		-0.00412873		0.00000000		
826		0.00000000		-0.00942697		-0.02868120		-0.10963500		0.00000000		
827		0.00000000		-0.01087500		-0.03146750		-0.11594600		0.00000000		
828		0.00000000		-0.01149140		-0.03238710		-0.21205400		0.00000000		
829		-0.20519000		-0.00278573		-0.00796952		-0.00000763		-0.00015034		
830		-0.20820100		-0.00386470		-0.00975936		-0.00002311		-0.00016709		
831		-0.20848600		-0.00446299		-0.01021380		-0.00008296		0.00000000		
832		-0.12869300		-0.00294950		-0.00856439		-0.00000821		-0.00015425		
833		-0.13289500		-0.00405309		-0.01032880		-0.00002363		-0.00015776		
834		-0.13287100		-0.00464484		-0.01078100		-0.00008429		0.00000000		
835		-0.11897200		-0.00299213		-0.00869854		-0.00000824		-0.00015418		
836		-0.12176400		-0.00410409		-0.01047660		-0.00002376		-0.00015812		
837		-0.12362900		-0.00467912		-0.01095340		-0.00008455		0.00000000		
838		-0.07114440		-0.00341224		-0.01011930		-0.00001011		-0.00015792		
839		-0.07333550		-0.00454294		-0.01196400		-0.00002573		-0.00015444		
840		-0.07496200		-0.00514278		-0.01243120		-0.00008647		0.00000000		
841		-0.05173150		-0.00391511		-0.01155760		-0.00002100		-0.00017707		
842		-0.05409150		-0.00496049		-0.01344940		-0.00003654		-0.00010348		
843		-0.05480030		-0.00557202		-0.01394740		-0.00010107		0.00000000		
844		-0.04065180		-0.00430325		-0.01297860		-0.00004955		-0.00018144		
845		-0.04299040		-0.00537406		-0.01488820		-0.00006749		-0.00010107		
846		-0.04341110		-0.00600257		-0.01539410		-0.00013669		0.00000000		
847		-0.03314830		-0.00469922		-0.01431780		-0.00010383		-0.00018505		
848		-0.03529830		-0.00577892		-0.01623780		-0.00012320		-0.00010383		
849		-0.03570680		-0.00641736		-0.01679740		-0.00020256		0.00000000		
850		-0.02350710		-0.00536885		-0.01677500		-0.00032744		-0.00016399		
851		-0.02532890		-0.00651994		-0.01880320		-0.00035501		-0.00009121		
852		-0.02574200		-0.00720652		-0.01940440		-0.00045859		0.00000000		
853		-0.01542310		-0.00637903		-0.01989550		-0.00102093		-0.00008042		
854		-0.01638790		-0.00752288		-0.02214950		-0.00106914		-0.00007284		
855		-0.01692160		-0.00821137		-0.02274010		-0.00120926		0.00000000		
856		-0.00892717		-0.00728430		-0.02291540		-0.00263605		-0.00013610		
857		-0.00978622		-0.00857597		-0.02539900		-0.00272732		-0.00004815		
858		-0.01017220		-0.00928102		-0.02599210		-0.00290386		0.00000000		
859		-0.00549880		-0.00797691		-0.02495480		-0.00487591		-0.00010898		
860		-0.00603649		-0.00932476		-0.02760050		-0.00496610		-0.00002823		
861		-0.00624210		-0.00998551		-0.02820170		-0.00512166		0.00000000		
862		0.00000000		-0.00923250		-0.02858630		-0.14400200		0.00000000		
863		0.00000000		-0.01100640		-0.03155900		-0.14983700		0.00000000		
864		0.00000000		-0.01153790		-0.03235760		-0.24303600		0.00000000		
865		-0.19207900		-0.01589910		-0.04761940		-0.00004146		-0.01556630		
866		-0.19992400		-0.01619180		-0.04759870		-0.00003514		-0.00719053		
867		-0.20216700		-0.01774250		-0.05117340		-0.00011681		0.00000000		
868		-0.11895000		-0.01610030		-0.04822070		-0.00004235		-0.01432920		
869		-0.12664000		-0.01633810		-0.04816920		-0.00003600		-0.00662498		
870		-0.12674500		-0.01770580		-0.05146310		-0.00011928		0.00000000		
871		-0.10808000		-0.01613610		-0.04834470		-0.00004265		-0.01433870		
872		-0.11497400		-0.01680950		-0.04815560		-0.00003637		-0.00691706		
873		-0.11740800		-0.01773910		-0.05157340		-0.00011993		0.00000000		
874		-0.06225290		-0.01668490		-0.04998520		-0.00004633		-0.01165000		
875		-0.06993160		-0.01724600		-0.04980420		-0.00004033		-0.00575048		
876		-0.07104650		-0.01802180		-0.05256750		-0.00012566		0.00000000		
877		-0.04551270		-0.01716200		-0.05167520		-0.00005783		-0.00989497		
878		-0.05002230		-0.01775640		-0.05141990		-0.00005189		-0.00524372		
879		-0.05160650		-0.01841280		-0.05398790		-0.00014157		0.00000000		
880		-0.03550940		-0.01765780		-0.05324280		-0.00008582		-0.00854889		
881		-0.03935130		-0.01820420		-0.05294040		-0.00008014		-0.00474211		
882		-0.04108200		-0.01881020		-0.05522010		-0.00017876		0.00000000		
883		-0.02857710		-0.01824290		-0.05472170		-0.00013832		-0.00759478		
884		-0.03294620		-0.01865780		-0.05435290		-0.00013316		-0.00415004		
885		-0.03401840		-0.01919460		-0.05637720		-0.00024650		0.00000000		
886		-0.02046080		-0.01890720		-0.05752930		-0.00034406		-0.00567513		
887		-0.02340990		-0.01954700		-0.05726060		-0.00034997		-0.00333678		
888		-0.02406520		-0.02001670		-0.05882790		-0.00049453		0.00000000		
889		-0.01317750		-0.02007260		-0.06088930		-0.00098920		-0.00396400		
890		-0.01550400		-0.02069730		-0.06064700		-0.00102445		-0.00234122		
891		-0.01587480		-0.02116680		-0.06185690		-0.00120146		0.00000000		
892		-0.00810562		-0.02136670		-0.06390780		-0.00256126		-0.00257654		
893		-0.00912058		-0.02188850		-0.06414040		-0.00261723		-0.00158577		
894		-0.00973099		-0.02221300		-0.06479480		-0.00258664		0.00000000		
895		-0.00486557		-0.02227050		-0.06652550		-0.00485420		-0.00162060		
896		-0.00580237		-0.02256570		-0.06625510		-0.00492483		-0.00101762		
897		-0.00616492		-0.02286960		-0.06670080		-0.00547185		0.00000000		
898		0.00000000		-0.02370540		-0.07080330		-0.10753000		0.00000000		
899		0.00000000		-0.02403130		-0.07048700		-0.11336400		0.00000000		
900		0.00000000		-0.02456950		-0.07049260		-0.20782000		0.00000000		
901		-0.20414700		-0.01508660		-0.04568480		-0.00000763		-0.00799990		
902		-0.20571300		-0.01604120		-0.04589420		-0.00002311		-0.00415395		
903		-0.20573000		-0.01649220		-0.04793330		-0.00008297		0.00000000		
904		-0.12712300		-0.01567630		-0.04648170		-0.00000820		-0.00725800		
905		-0.13106400		-0.01626430		-0.04665450		-0.00002362		-0.00393169		
906		-0.13225300		-0.01669620		-0.04851820		-0.00008428		0.00000000		
907		-0.11894400		-0.01568740		-0.04667620		-0.00000824		-0.00727219		
908		-0.12070200		-0.01633280		-0.04684550		-0.00002376		-0.00413515		
909		-0.12201500		-0.01669700		-0.04873390		-0.00008454		0.00000000		
910		-0.07074550		-0.01630070		-0.04862810		-0.00001011		-0.00621546		
911		-0.07352270		-0.01681410		-0.04866880		-0.00002573		-0.00346902		
912		-0.07438130		-0.01719970		-0.05041970		-0.00008646		0.00000000		
913		-0.05129640		-0.01685500		-0.05036490		-0.00002100		-0.00553288		
914		-0.05418710		-0.01735230		-0.05036340		-0.00003653		-0.00312861		
915		-0.05499710		-0.01777970		-0.05203630		-0.00010107		0.00000000		
916		-0.04040910		-0.01736370		-0.05213700		-0.00004955		-0.00495813		
917		-0.04295070		-0.01788080		-0.05209380		-0.00006751		-0.00273736		
918		-0.04379530		-0.01830380		-0.05354350		-0.00013671		0.00000000		
919		-0.03333360		-0.01760650		-0.05378300		-0.00010385		-0.00439764		
920		-0.03565530		-0.01832460		-0.05369750		-0.00012320		-0.00243823		
921		-0.03606330		-0.01876140		-0.05489900		-0.00020260		0.00000000		
922		-0.02374800		-0.01878460		-0.05666730		-0.00032744		-0.00352090		
923		-0.02529150		-0.01931550		-0.05676900		-0.00035503		-0.00201937		
924		-0.02590100		-0.01969050		-0.05769440		-0.00045867		0.00000000		
925		-0.01544960		-0.02009630		-0.06024490		-0.00102091		-0.00248515		
926		-0.01679110		-0.02044340		-0.06013200		-0.00106905		-0.00155837		
927		-0.01685390		-0.02090280		-0.06124320		-0.00120946		0.00000000		
928		-0.00911896		-0.02136890		-0.06387780		-0.00263628		-0.00166525		
929		-0.01039000		-0.02164610		-0.06363880		-0.00272740		-0.00106262		
930		-0.01014410		-0.02200810		-0.06430400		-0.00290627		0.00000000		
931		-0.00562592		-0.02204960		-0.06628620		-0.00488185		-0.00101803		
932		-0.00616680		-0.02240570		-0.06642650		-0.00497231		-0.00065347		
933		-0.00649276		-0.02276030		-0.06651690		-0.00512281		0.00000000		
934		0.00000000		-0.02381940		-0.07083880		-0.11141400		0.00000000		
935		0.00000000		-0.02400260		-0.07036390		-0.11755600		0.00000000		
936		0.00000000		-0.02450010		-0.07047690		-0.21264400		0.00000000		
937		-0.21149300		-0.01488260		-0.04476580		0.00000001		-0.00036888		
938		-0.21331700		-0.01523390		-0.04485870		-0.00000079		-0.00022901		
939		-0.21210400		-0.01532620		-0.04485330		-0.00000320		0.00000000		
940		-0.13526600		-0.01513600		-0.04561790		-0.00000000		-0.00033149		
941		-0.13625000		-0.01550020		-0.04563610		-0.00000084		-0.00019213		
942		-0.13747900		-0.01557560		-0.04567410		-0.00000336		0.00000000		
943		-0.12503400		-0.01517860		-0.04581610		-0.00000001		-0.00032800		
944		-0.12668700		-0.01589310		-0.04583810		-0.00000086		-0.00019513		
945		-0.12744000		-0.01563700		-0.04588280		-0.00000336		0.00000000		
946		-0.07743910		-0.01575100		-0.04783820		-0.00000261		-0.00030988		
947		-0.07805040		-0.01615270		-0.04787250		-0.00000395		-0.00019323		
948		-0.07802960		-0.01624150		-0.04789530		-0.00000462		0.00000000		
949		-0.05750040		-0.01631520		-0.04969820		-0.00002166		-0.00028187		
950		-0.05772880		-0.01701250		-0.04984620		-0.00002199		-0.00018684		
951		-0.05825460		-0.01682620		-0.04986680		-0.00002608		0.00000000		
952		-0.04630140		-0.01685180		-0.05155000		-0.00006959		-0.00027746		
953		-0.04641820		-0.01754520		-0.05163910		-0.00007048		-0.00017209		
954		-0.04664200		-0.01744380		-0.05165510		-0.00008025		0.00000000		
955		-0.03835460		-0.01737300		-0.05321870		-0.00015732		-0.00025443		
956		-0.03841260		-0.01808390		-0.05327500		-0.00015884		-0.00015943		
957		-0.03840300		-0.01800260		-0.05334800		-0.00017390		0.00000000		
958		-0.02751050		-0.01838390		-0.05626580		-0.00047953		-0.00022809		
959		-0.02773020		-0.01866180		-0.05653450		-0.00048341		-0.00007638		
960		-0.02771070		-0.01906440		-0.05643580		-0.00051064		0.00000000		
961		-0.01836260		-0.01988110		-0.06005610		-0.00137077		-0.00005984		
962		-0.01845670		-0.01993530		-0.06024690		-0.00138425		-0.00003271		
963		-0.01825590		-0.02040150		-0.06019800		-0.00141380		0.00000000		
964		-0.01076840		-0.02086900		-0.06363860		-0.00330656		-0.00010506		
965		-0.01109020		-0.02155270		-0.06381690		-0.00329881		-0.00005608		
966		-0.01096090		-0.02174570		-0.06383110		-0.00336744		0.00000000		
967		-0.00679923		-0.02207670		-0.06628350		-0.00597504		-0.00004345		
968		-0.00702353		-0.02230880		-0.06597820		-0.00597281		0.00002849		
969		-0.00681085		-0.02262110		-0.06634410		-0.00603255		0.00000000		
970		0.00000000		-0.02389140		-0.07080770		-0.14479000		0.00000000		
971		0.00000000		-0.02301590		-0.07052550		-0.15353300		0.00000000		
972		0.00000000		-0.02218920		-0.07129170		-0.24951900		0.00000000		
