botcenter
4
0 -0.001
0.49499999999999994 -0.001
0.49499999999999994 0.001
0 0.001

9
lEnv
4
-1.3920099999999997 0.9285000000000001
-0.49798999999999993 0.9285000000000001
-0.49200999999999995 1.0275
-1.3979899999999998 1.0275

c1
4
-0.44701 0.9285000000000001
0.44701 0.9285000000000001
0.45299 1.0275
-0.45299 1.0275

c2
4
0.4754900000000001 0.9285000000000001
0.5145100000000001 0.9285000000000001
0.5204900000000001 1.0275
0.4695100000000001 1.0275

rEnv
4
0.5654900000000002 0.9285000000000001
0.6045100000000002 0.9285000000000001
0.6104900000000002 1.0275
0.5595100000000002 1.0275

topleft
4
-1.8949999999999998 1.3025
0 1.3025
0 1.4015
-1.8949999999999998 1.4015

topcenter
4
0 1.3025
0.49499999999999994 1.3025
0.49499999999999994 1.4015
0 1.4015

topright
4
0.49499999999999994 1.3025
1.1075000000000002 1.3025
1.1075000000000002 1.4015
0.49499999999999994 1.4015

botleft
4
-1.8949999999999998 -0.001
0 -0.001
0 0.001
-1.8949999999999998 0.001

botright
4
0.49499999999999994 -0.001
1.1075000000000002 -0.001
1.1075000000000002 0.001
0.49499999999999994 0.001


48
IMD4d1_damage
4
-1.4014239999999998 0.9185000000000001
-0.48857599999999995 0.9185000000000001
-0.48797199999999996 0.9285000000000001
-1.4020279999999998 0.9285000000000001
3.1

IMD4d1_damage
4
-0.456424 0.9185000000000001
0.456424 0.9185000000000001
0.457028 0.9285000000000001
-0.457028 0.9285000000000001
3.1

IMD4d1_damage
4
0.4660760000000001 0.9185000000000001
0.5239240000000001 0.9185000000000001
0.5245280000000001 0.9285000000000001
0.4654720000000001 0.9285000000000001
3.1

IMD4d1_damage
4
0.5560760000000002 0.9185000000000001
0.6139240000000001 0.9185000000000001
0.6145280000000002 0.9285000000000001
0.5554720000000002 0.9285000000000001
3.1

IMD4d2_damage
4
-1.3970189999999998 0.9285000000000001
-1.3920099999999997 0.9285000000000001
-1.3979899999999998 1.0275
-1.4029989999999999 1.0275
2.9

IMD4d2_damage
4
-0.49798999999999993 0.9285000000000001
-0.49298099999999995 0.9285000000000001
-0.48700099999999996 1.0275
-0.49200999999999995 1.0275
2.9

IMD4d2_damage
4
-0.452019 0.9285000000000001
-0.44701 0.9285000000000001
-0.45299 1.0275
-0.457999 1.0275
2.9

IMD4d2_damage
4
0.44701 0.9285000000000001
0.452019 0.9285000000000001
0.457999 1.0275
0.45299 1.0275
2.9

IMD4d2_damage
4
0.4704810000000001 0.9285000000000001
0.4754900000000001 0.9285000000000001
0.4695100000000001 1.0275
0.4645010000000001 1.0275
2.9

IMD4d2_damage
4
0.5145100000000001 0.9285000000000001
0.5195190000000002 0.9285000000000001
0.5254990000000002 1.0275
0.5204900000000001 1.0275
2.9

IMD4d2_damage
4
0.5604810000000001 0.9285000000000001
0.5654900000000002 0.9285000000000001
0.5595100000000002 1.0275
0.5545010000000001 1.0275
2.9

IMD4d2_damage
4
0.6045100000000002 0.9285000000000001
0.6095190000000003 0.9285000000000001
0.6154990000000002 1.0275
0.6104900000000002 1.0275
2.9

IMD6d1_damage
4
-1.8949999999999998 1.2925
1.1075000000000002 1.2925
1.1075000000000002 1.3025
-1.8949999999999998 1.3025
3.1

IMD4d2
4
-1.8949999999999998 0.9285000000000001
-1.3970189999999998 0.9285000000000001
-1.4029989999999999 1.0275
-1.8949999999999998 1.0275
2.65

IMD4d2
4
-0.49298099999999995 0.9285000000000001
-0.452019 0.9285000000000001
-0.457999 1.0275
-0.48700099999999996 1.0275
2.65

IMD4d2
4
0.452019 0.9285000000000001
0.4704810000000001 0.9285000000000001
0.4645010000000001 1.0275
0.457999 1.0275
2.65

IMD4d2
4
0.5195190000000002 0.9285000000000001
0.5604810000000001 0.9285000000000001
0.5545010000000001 1.0275
0.5254990000000002 1.0275
2.65

IMD4d2
4
0.6095190000000003 0.9285000000000001
1.1075000000000002 0.9285000000000001
1.1075000000000002 1.0275
0.6154990000000002 1.0275
2.65

IMD4d1
4
-1.8949999999999998 0.9185000000000001
-1.4014239999999998 0.9185000000000001
-1.4020279999999998 0.9285000000000001
-1.8949999999999998 0.9285000000000001
2.65

IMD4d1
4
-0.48857599999999995 0.9185000000000001
-0.456424 0.9185000000000001
-0.457028 0.9285000000000001
-0.48797199999999996 0.9285000000000001
2.65

IMD4d1
4
0.456424 0.9185000000000001
0.4660760000000001 0.9185000000000001
0.4654720000000001 0.9285000000000001
0.457028 0.9285000000000001
2.65

IMD4d1
4
0.5239240000000001 0.9185000000000001
0.5560760000000002 0.9185000000000001
0.5554720000000002 0.9285000000000001
0.5245280000000001 0.9285000000000001
2.65

IMD4d1
4
0.6139240000000001 0.9185000000000001
1.1075000000000002 0.9185000000000001
1.1075000000000002 0.9285000000000001
0.6145280000000002 0.9285000000000001
2.65

IMD4d1
4
-1.8949999999999998 0.9005
1.1075000000000002 0.9005
1.1075000000000002 0.9185000000000001
-1.8949999999999998 0.9185000000000001
2.65

IMD6d1
4
-1.8949999999999998 1.2745
1.1075000000000002 1.2745
1.1075000000000002 1.2925
-1.8949999999999998 1.2925
2.65

FOXA+FOXB+TOX
4
-1.8949999999999998 0.001
1.1075000000000002 0.001
1.1075000000000002 0.2665
-1.8949999999999998 0.2665
4.0

ILD1a
4
-1.8949999999999998 0.2665
1.1075000000000002 0.2665
1.1075000000000002 0.2765
-1.8949999999999998 0.2765
7.0

ILD1b1+ILD1b2+ILD1b3
4
-1.8949999999999998 0.2765
1.1075000000000002 0.2765
1.1075000000000002 0.3955
-1.8949999999999998 0.3955
4.0

IMD1a
4
-1.8949999999999998 0.3955
1.1075000000000002 0.3955
1.1075000000000002 0.4065
-1.8949999999999998 0.4065
5.2

IMD1b
4
-1.8949999999999998 0.4065
1.1075000000000002 0.4065
1.1075000000000002 0.4665
-1.8949999999999998 0.4665
2.8

IMD2a
4
-1.8949999999999998 0.4665
1.1075000000000002 0.4665
1.1075000000000002 0.4875
-1.8949999999999998 0.4875
5.2

IMD2b
4
-1.8949999999999998 0.4875
1.1075000000000002 0.4875
1.1075000000000002 0.5025
-1.8949999999999998 0.5025
4.2

IMD2c
4
-1.8949999999999998 0.5025
1.1075000000000002 0.5025
1.1075000000000002 0.5265
-1.8949999999999998 0.5265
3.28

IMD2d1+IMD2d2
4
-1.8949999999999998 0.5265
1.1075000000000002 0.5265
1.1075000000000002 0.6535
-1.8949999999999998 0.6535
2.65

IMD3a
4
-1.8949999999999998 0.6535
1.1075000000000002 0.6535
1.1075000000000002 0.6745
-1.8949999999999998 0.6745
5.2

IMD3b
4
-1.8949999999999998 0.6745
1.1075000000000002 0.6745
1.1075000000000002 0.6895
-1.8949999999999998 0.6895
4.2

IMD3c
4
-1.8949999999999998 0.6895
1.1075000000000002 0.6895
1.1075000000000002 0.7135
-1.8949999999999998 0.7135
3.28

IMD3d1+IMD3d2
4
-1.8949999999999998 0.7135
1.1075000000000002 0.7135
1.1075000000000002 0.8405
-1.8949999999999998 0.8405
2.65

IMD4a
4
-1.8949999999999998 0.8405
1.1075000000000002 0.8405
1.1075000000000002 0.8615
-1.8949999999999998 0.8615
5.2

IMD4b
4
-1.8949999999999998 0.8615
1.1075000000000002 0.8615
1.1075000000000002 0.8765
-1.8949999999999998 0.8765
4.2

IMD4c
4
-1.8949999999999998 0.8765
1.1075000000000002 0.8765
1.1075000000000002 0.9005
-1.8949999999999998 0.9005
3.28

IMD5a
4
-1.8949999999999998 1.0275
1.1075000000000002 1.0275
1.1075000000000002 1.0485
-1.8949999999999998 1.0485
5.2

IMD5b
4
-1.8949999999999998 1.0485
1.1075000000000002 1.0485
1.1075000000000002 1.0635
-1.8949999999999998 1.0635
4.2

IMD5c
4
-1.8949999999999998 1.0635
1.1075000000000002 1.0635
1.1075000000000002 1.0875
-1.8949999999999998 1.0875
3.28

IMD5d1+IMD5d2
4
-1.8949999999999998 1.0875
1.1075000000000002 1.0875
1.1075000000000002 1.2145
-1.8949999999999998 1.2145
2.65

IMD6a
4
-1.8949999999999998 1.2145
1.1075000000000002 1.2145
1.1075000000000002 1.2355
-1.8949999999999998 1.2355
5.2

IMD6b
4
-1.8949999999999998 1.2355
1.1075000000000002 1.2355
1.1075000000000002 1.2505
-1.8949999999999998 1.2505
4.2

IMD6c
4
-1.8949999999999998 1.2505
1.1075000000000002 1.2505
1.1075000000000002 1.2745
-1.8949999999999998 1.2745
3.28


4
-1.8949999999999998 0.001
1.1075000000000002 0.001
1.1075000000000002 1.3025
-1.8949999999999998 1.3025

