botcenter
4
0 -0.001
10.04 -0.001
10.04 0.001
0 0.001

4
c1
4
-0.44700999999999996 0.9285000000000001
0.44700999999999996 0.9285000000000001
0.45298999999999995 1.0275
-0.45298999999999995 1.0275

topleft
4
-6.35 1.3025
0 1.3025
0 1.4015
-6.35 1.4015

topcenter
4
0 1.3025
10.04 1.3025
10.04 1.4015
0 1.4015

botleft
4
-6.35 -0.001
0 -0.001
0 0.001
-6.35 0.001


34
IMD4d1_damage
4
-0.45642399999999994 0.9185000000000001
0.45642399999999994 0.9185000000000001
0.45702799999999993 0.9285000000000001
-0.45702799999999993 0.9285000000000001
3.1

IMD4d2_damage
4
-0.45201899999999995 0.9285000000000001
-0.44700999999999996 0.9285000000000001
-0.45298999999999995 1.0275
-0.45799899999999993 1.0275
2.9

IMD4d2_damage
4
0.44700999999999996 0.9285000000000001
0.45201899999999995 0.9285000000000001
0.45799899999999993 1.0275
0.45298999999999995 1.0275
2.9

IMD6d1_damage
4
-6.35 1.2925
3.6899999999999995 1.2925
3.6899999999999995 1.3025
-6.35 1.3025
3.1

IMD4d2
4
-6.35 0.9285000000000001
-0.45201899999999995 0.9285000000000001
-0.45799899999999993 1.0275
-6.35 1.0275
2.65

IMD4d2
4
0.45201899999999995 0.9285000000000001
10.04 0.9285000000000001
10.04 1.0275
0.45799899999999993 1.0275
2.65

IMD4d1
4
-6.35 0.9185000000000001
-0.45642399999999994 0.9185000000000001
-0.45702799999999993 0.9285000000000001
-6.35 0.9285000000000001
2.65

IMD4d1
4
0.45642399999999994 0.9185000000000001
10.04 0.9185000000000001
10.04 0.9285000000000001
0.45702799999999993 0.9285000000000001
2.65

IMD4d1
4
-6.35 0.9005
10.04 0.9005
10.04 0.9185000000000001
-6.35 0.9185000000000001
2.65

IMD6d1
4
-6.35 1.2745
3.6899999999999995 1.2745
3.6899999999999995 1.2925
-6.35 1.2925
2.65

IMD6d1
4
3.6899999999999995 1.2925
10.04 1.2925
10.04 1.3025
3.6899999999999995 1.3025
2.65

FOXA+FOXB+TOX
4
-6.35 0.001
10.04 0.001
10.04 0.2665
-6.35 0.2665
4.0

ILD1a
4
-6.35 0.2665
10.04 0.2665
10.04 0.2765
-6.35 0.2765
7.0

ILD1b1+ILD1b2+ILD1b3
4
-6.35 0.2765
10.04 0.2765
10.04 0.3955
-6.35 0.3955
4.0

IMD1a
4
-6.35 0.3955
10.04 0.3955
10.04 0.4065
-6.35 0.4065
5.2

IMD1b
4
-6.35 0.4065
10.04 0.4065
10.04 0.4665
-6.35 0.4665
2.8

IMD2a
4
-6.35 0.4665
10.04 0.4665
10.04 0.4875
-6.35 0.4875
5.2

IMD2b
4
-6.35 0.4875
10.04 0.4875
10.04 0.5025
-6.35 0.5025
4.2

IMD2c
4
-6.35 0.5025
10.04 0.5025
10.04 0.5265
-6.35 0.5265
3.28

IMD2d1+IMD2d2
4
-6.35 0.5265
10.04 0.5265
10.04 0.6535
-6.35 0.6535
2.65

IMD3a
4
-6.35 0.6535
10.04 0.6535
10.04 0.6745
-6.35 0.6745
5.2

IMD3b
4
-6.35 0.6745
10.04 0.6745
10.04 0.6895
-6.35 0.6895
4.2

IMD3c
4
-6.35 0.6895
10.04 0.6895
10.04 0.7135
-6.35 0.7135
3.28

IMD3d1+IMD3d2
4
-6.35 0.7135
10.04 0.7135
10.04 0.8405
-6.35 0.8405
2.65

IMD4a
4
-6.35 0.8405
10.04 0.8405
10.04 0.8615
-6.35 0.8615
5.2

IMD4b
4
-6.35 0.8615
10.04 0.8615
10.04 0.8765
-6.35 0.8765
4.2

IMD4c
4
-6.35 0.8765
10.04 0.8765
10.04 0.9005
-6.35 0.9005
3.28

IMD5a
4
-6.35 1.0275
10.04 1.0275
10.04 1.0485
-6.35 1.0485
5.2

IMD5b
4
-6.35 1.0485
10.04 1.0485
10.04 1.0635
-6.35 1.0635
4.2

IMD5c
4
-6.35 1.0635
10.04 1.0635
10.04 1.0875
-6.35 1.0875
3.28

IMD5d1+IMD5d2
4
-6.35 1.0875
10.04 1.0875
10.04 1.2145
-6.35 1.2145
2.65

IMD6a
4
-6.35 1.2145
10.04 1.2145
10.04 1.2355
-6.35 1.2355
5.2

IMD6b
4
-6.35 1.2355
10.04 1.2355
10.04 1.2505
-6.35 1.2505
4.2

IMD6c
4
-6.35 1.2505
10.04 1.2505
10.04 1.2745
-6.35 1.2745
3.28


4
-6.35 0.001
10.04 0.001
10.04 1.3025
-6.35 1.3025

