c1
4
-0.019510000000000013 1.1155
0.019510000000000013 1.1155
0.025490000000000013 1.2145
-0.025490000000000013 1.2145

7
botleft
4
-0.8825000000000001 -0.001
0 -0.001
0 0.001
-0.8825000000000001 0.001

botright
4
0 -0.001
3.2675 -0.001
3.2675 0.001
0 0.001

lEnv
4
-0.37951 1.1155
-0.34048999999999996 1.1155
-0.33451 1.2145
-0.38549 1.2145

c2
4
0.6554900000000001 1.1155
1.5495100000000002 1.1155
1.5554900000000003 1.2145
0.6495100000000001 1.2145

rEnv
4
1.8704900000000002 1.1155
2.76451 1.1155
2.77049 1.2145
1.8645100000000001 1.2145

topleft
4
-0.8825000000000001 1.3025
0 1.3025
0 1.4015
-0.8825000000000001 1.4015

topright
4
0 1.3025
3.2675 1.3025
3.2675 1.4015
0 1.4015


48
IMD5d1_damage
4
-0.388924 1.1055
-0.331076 1.1055
-0.330472 1.1155
-0.389528 1.1155
3.1

IMD5d1_damage
4
-0.028924000000000012 1.1055
0.028924000000000012 1.1055
0.029528000000000013 1.1155
-0.029528000000000013 1.1155
3.1

IMD5d1_damage
4
0.6460760000000002 1.1055
1.5589240000000002 1.1055
1.5595280000000002 1.1155
0.6454720000000002 1.1155
3.1

IMD5d1_damage
4
1.8610760000000002 1.1055
2.773924 1.1055
2.774528 1.1155
1.8604720000000001 1.1155
3.1

IMD5d2_damage
4
-0.384519 1.1155
-0.37951 1.1155
-0.38549 1.2145
-0.390499 1.2145
2.9

IMD5d2_damage
4
-0.34048999999999996 1.1155
-0.335481 1.1155
-0.329501 1.2145
-0.33451 1.2145
2.9

IMD5d2_damage
4
-0.024519000000000013 1.1155
-0.019510000000000013 1.1155
-0.025490000000000013 1.2145
-0.030499000000000012 1.2145
2.9

IMD5d2_damage
4
0.019510000000000013 1.1155
0.024519000000000013 1.1155
0.030499000000000012 1.2145
0.025490000000000013 1.2145
2.9

IMD5d2_damage
4
0.6504810000000001 1.1155
0.6554900000000001 1.1155
0.6495100000000001 1.2145
0.6445010000000001 1.2145
2.9

IMD5d2_damage
4
1.5495100000000002 1.1155
1.5545190000000002 1.1155
1.5604990000000003 1.2145
1.5554900000000003 1.2145
2.9

IMD5d2_damage
4
1.8654810000000002 1.1155
1.8704900000000002 1.1155
1.8645100000000001 1.2145
1.859501 1.2145
2.9

IMD5d2_damage
4
2.76451 1.1155
2.769519 1.1155
2.775499 1.2145
2.77049 1.2145
2.9

IMD6d1_damage
4
-0.8825000000000001 1.2925
3.2675 1.2925
3.2675 1.3025
-0.8825000000000001 1.3025
3.1

IMD5d2
4
-0.8825000000000001 1.1155
-0.384519 1.1155
-0.390499 1.2145
-0.8825000000000001 1.2145
2.65

IMD5d2
4
-0.335481 1.1155
-0.024519000000000013 1.1155
-0.030499000000000012 1.2145
-0.329501 1.2145
2.65

IMD5d2
4
0.024519000000000013 1.1155
0.6504810000000001 1.1155
0.6445010000000001 1.2145
0.030499000000000012 1.2145
2.65

IMD5d2
4
1.5545190000000002 1.1155
1.8654810000000002 1.1155
1.859501 1.2145
1.5604990000000003 1.2145
2.65

IMD5d2
4
2.769519 1.1155
3.2675 1.1155
3.2675 1.2145
2.775499 1.2145
2.65

IMD5d1
4
-0.8825000000000001 1.1055
-0.388924 1.1055
-0.389528 1.1155
-0.8825000000000001 1.1155
2.65

IMD5d1
4
-0.331076 1.1055
-0.028924000000000012 1.1055
-0.029528000000000013 1.1155
-0.330472 1.1155
2.65

IMD5d1
4
0.028924000000000012 1.1055
0.6460760000000002 1.1055
0.6454720000000002 1.1155
0.029528000000000013 1.1155
2.65

IMD5d1
4
1.5589240000000002 1.1055
1.8610760000000002 1.1055
1.8604720000000001 1.1155
1.5595280000000002 1.1155
2.65

IMD5d1
4
2.773924 1.1055
3.2675 1.1055
3.2675 1.1155
2.774528 1.1155
2.65

IMD5d1
4
-0.8825000000000001 1.0875
3.2675 1.0875
3.2675 1.1055
-0.8825000000000001 1.1055
2.65

IMD6d1
4
-0.8825000000000001 1.2745
3.2675 1.2745
3.2675 1.2925
-0.8825000000000001 1.2925
2.65

FOXA+FOXB+TOX
4
-0.8825000000000001 0.001
3.2675 0.001
3.2675 0.2665
-0.8825000000000001 0.2665
4.0

ILD1a
4
-0.8825000000000001 0.2665
3.2675 0.2665
3.2675 0.2765
-0.8825000000000001 0.2765
7.0

ILD1b1+ILD1b2+ILD1b3
4
-0.8825000000000001 0.2765
3.2675 0.2765
3.2675 0.3955
-0.8825000000000001 0.3955
4.0

IMD1a
4
-0.8825000000000001 0.3955
3.2675 0.3955
3.2675 0.4065
-0.8825000000000001 0.4065
5.2

IMD1b
4
-0.8825000000000001 0.4065
3.2675 0.4065
3.2675 0.4665
-0.8825000000000001 0.4665
2.8

IMD2a
4
-0.8825000000000001 0.4665
3.2675 0.4665
3.2675 0.4875
-0.8825000000000001 0.4875
5.2

IMD2b
4
-0.8825000000000001 0.4875
3.2675 0.4875
3.2675 0.5025
-0.8825000000000001 0.5025
4.2

IMD2c
4
-0.8825000000000001 0.5025
3.2675 0.5025
3.2675 0.5265
-0.8825000000000001 0.5265
3.28

IMD2d1+IMD2d2
4
-0.8825000000000001 0.5265
3.2675 0.5265
3.2675 0.6535
-0.8825000000000001 0.6535
2.65

IMD3a
4
-0.8825000000000001 0.6535
3.2675 0.6535
3.2675 0.6745
-0.8825000000000001 0.6745
5.2

IMD3b
4
-0.8825000000000001 0.6745
3.2675 0.6745
3.2675 0.6895
-0.8825000000000001 0.6895
4.2

IMD3c
4
-0.8825000000000001 0.6895
3.2675 0.6895
3.2675 0.7135
-0.8825000000000001 0.7135
3.28

IMD3d1+IMD3d2
4
-0.8825000000000001 0.7135
3.2675 0.7135
3.2675 0.8405
-0.8825000000000001 0.8405
2.65

IMD4a
4
-0.8825000000000001 0.8405
3.2675 0.8405
3.2675 0.8615
-0.8825000000000001 0.8615
5.2

IMD4b
4
-0.8825000000000001 0.8615
3.2675 0.8615
3.2675 0.8765
-0.8825000000000001 0.8765
4.2

IMD4c
4
-0.8825000000000001 0.8765
3.2675 0.8765
3.2675 0.9005
-0.8825000000000001 0.9005
3.28

IMD4d1+IMD4d2
4
-0.8825000000000001 0.9005
3.2675 0.9005
3.2675 1.0275
-0.8825000000000001 1.0275
2.65

IMD5a
4
-0.8825000000000001 1.0275
3.2675 1.0275
3.2675 1.0485
-0.8825000000000001 1.0485
5.2

IMD5b
4
-0.8825000000000001 1.0485
3.2675 1.0485
3.2675 1.0635
-0.8825000000000001 1.0635
4.2

IMD5c
4
-0.8825000000000001 1.0635
3.2675 1.0635
3.2675 1.0875
-0.8825000000000001 1.0875
3.28

IMD6a
4
-0.8825000000000001 1.2145
3.2675 1.2145
3.2675 1.2355
-0.8825000000000001 1.2355
5.2

IMD6b
4
-0.8825000000000001 1.2355
3.2675 1.2355
3.2675 1.2505
-0.8825000000000001 1.2505
4.2

IMD6c
4
-0.8825000000000001 1.2505
3.2675 1.2505
3.2675 1.2745
-0.8825000000000001 1.2745
3.28


4
-0.8825000000000001 0.001
3.2675 0.001
3.2675 1.3025
-0.8825000000000001 1.3025

