botcenter
4
0 -0.001
0.9899999999999999 -0.001
0.9899999999999999 0.001
0 0.001

7
c1
4
-0.44700999999999996 1.1155
0.44700999999999996 1.1155
0.45298999999999995 1.2145
-0.45298999999999995 1.2145

c2
4
0.54299 1.1155
1.4370099999999997 1.1155
1.4429899999999998 1.2145
0.53701 1.2145

topleft
4
-6.35 1.3025
0 1.3025
0 1.4015
-6.35 1.4015

topcenter
4
0 1.3025
0.9899999999999999 1.3025
0.9899999999999999 1.4015
0 1.4015

topright
4
0.9899999999999999 1.3025
7.34 1.3025
7.34 1.4015
0.9899999999999999 1.4015

botleft
4
-6.35 -0.001
0 -0.001
0 0.001
-6.35 0.001

botright
4
0.9899999999999999 -0.001
7.34 -0.001
7.34 0.001
0.9899999999999999 0.001


38
IMD5d1_damage
4
-0.45642399999999994 1.1055
0.45642399999999994 1.1055
0.45702799999999993 1.1155
-0.45702799999999993 1.1155
3.1

IMD5d1_damage
4
0.533576 1.1055
1.4464239999999997 1.1055
1.4470279999999998 1.1155
0.532972 1.1155
3.1

IMD5d2_damage
4
-0.45201899999999995 1.1155
-0.44700999999999996 1.1155
-0.45298999999999995 1.2145
-0.45799899999999993 1.2145
2.9

IMD5d2_damage
4
0.44700999999999996 1.1155
0.45201899999999995 1.1155
0.45799899999999993 1.2145
0.45298999999999995 1.2145
2.9

IMD5d2_damage
4
0.5379809999999999 1.1155
0.54299 1.1155
0.53701 1.2145
0.532001 1.2145
2.9

IMD5d2_damage
4
1.4370099999999997 1.1155
1.4420189999999997 1.1155
1.4479989999999998 1.2145
1.4429899999999998 1.2145
2.9

IMD6d1_damage
4
-6.35 1.2925
7.34 1.2925
7.34 1.3025
-6.35 1.3025
3.1

IMD5d2
4
-6.35 1.1155
-0.45201899999999995 1.1155
-0.45799899999999993 1.2145
-6.35 1.2145
2.65

IMD5d2
4
0.45201899999999995 1.1155
0.5379809999999999 1.1155
0.532001 1.2145
0.45799899999999993 1.2145
2.65

IMD5d2
4
1.4420189999999997 1.1155
7.34 1.1155
7.34 1.2145
1.4479989999999998 1.2145
2.65

IMD5d1
4
-6.35 1.1055
-0.45642399999999994 1.1055
-0.45702799999999993 1.1155
-6.35 1.1155
2.65

IMD5d1
4
0.45642399999999994 1.1055
0.533576 1.1055
0.532972 1.1155
0.45702799999999993 1.1155
2.65

IMD5d1
4
1.4464239999999997 1.1055
7.34 1.1055
7.34 1.1155
1.4470279999999998 1.1155
2.65

IMD5d1
4
-6.35 1.0875
7.34 1.0875
7.34 1.1055
-6.35 1.1055
2.65

IMD6d1
4
-6.35 1.2745
7.34 1.2745
7.34 1.2925
-6.35 1.2925
2.65

FOXA+FOXB+TOX
4
-6.35 0.001
7.34 0.001
7.34 0.2665
-6.35 0.2665
4.0

ILD1a
4
-6.35 0.2665
7.34 0.2665
7.34 0.2765
-6.35 0.2765
7.0

ILD1b1+ILD1b2+ILD1b3
4
-6.35 0.2765
7.34 0.2765
7.34 0.3955
-6.35 0.3955
4.0

IMD1a
4
-6.35 0.3955
7.34 0.3955
7.34 0.4065
-6.35 0.4065
5.2

IMD1b
4
-6.35 0.4065
7.34 0.4065
7.34 0.4665
-6.35 0.4665
2.8

IMD2a
4
-6.35 0.4665
7.34 0.4665
7.34 0.4875
-6.35 0.4875
5.2

IMD2b
4
-6.35 0.4875
7.34 0.4875
7.34 0.5025
-6.35 0.5025
4.2

IMD2c
4
-6.35 0.5025
7.34 0.5025
7.34 0.5265
-6.35 0.5265
3.28

IMD2d1+IMD2d2
4
-6.35 0.5265
7.34 0.5265
7.34 0.6535
-6.35 0.6535
2.65

IMD3a
4
-6.35 0.6535
7.34 0.6535
7.34 0.6745
-6.35 0.6745
5.2

IMD3b
4
-6.35 0.6745
7.34 0.6745
7.34 0.6895
-6.35 0.6895
4.2

IMD3c
4
-6.35 0.6895
7.34 0.6895
7.34 0.7135
-6.35 0.7135
3.28

IMD3d1+IMD3d2
4
-6.35 0.7135
7.34 0.7135
7.34 0.8405
-6.35 0.8405
2.65

IMD4a
4
-6.35 0.8405
7.34 0.8405
7.34 0.8615
-6.35 0.8615
5.2

IMD4b
4
-6.35 0.8615
7.34 0.8615
7.34 0.8765
-6.35 0.8765
4.2

IMD4c
4
-6.35 0.8765
7.34 0.8765
7.34 0.9005
-6.35 0.9005
3.28

IMD4d1+IMD4d2
4
-6.35 0.9005
7.34 0.9005
7.34 1.0275
-6.35 1.0275
2.65

IMD5a
4
-6.35 1.0275
7.34 1.0275
7.34 1.0485
-6.35 1.0485
5.2

IMD5b
4
-6.35 1.0485
7.34 1.0485
7.34 1.0635
-6.35 1.0635
4.2

IMD5c
4
-6.35 1.0635
7.34 1.0635
7.34 1.0875
-6.35 1.0875
3.28

IMD6a
4
-6.35 1.2145
7.34 1.2145
7.34 1.2355
-6.35 1.2355
5.2

IMD6b
4
-6.35 1.2355
7.34 1.2355
7.34 1.2505
-6.35 1.2505
4.2

IMD6c
4
-6.35 1.2505
7.34 1.2505
7.34 1.2745
-6.35 1.2745
3.28


4
-6.35 0.001
7.34 0.001
7.34 1.3025
-6.35 1.3025

