c1
4
-0.06451000000000005 1.1155
0.06450999999999994 1.1155
0.07048999999999994 1.2145
-0.07049000000000005 1.2145

7
botleft
4
-1.0175 -0.001
0 -0.001
0 0.001
-1.0175 0.001

botright
4
0 -0.001
3.1325 -0.001
3.1325 0.001
0 0.001

lEnv
4
-0.5145100000000001 1.1155
-0.3854900000000001 1.1155
-0.3795100000000001 1.2145
-0.5204900000000001 1.2145

c2
4
0.52049 1.1155
1.41451 1.1155
1.42049 1.2145
0.51451 1.2145

rEnv
4
1.73549 1.1155
2.62951 1.1155
2.63549 1.2145
1.7295099999999999 1.2145

topleft
4
-1.0175 1.3025
0 1.3025
0 1.4015
-1.0175 1.4015

topright
4
0 1.3025
3.1325 1.3025
3.1325 1.4015
0 1.4015


48
IMD5d1_damage
4
-0.5239240000000001 1.1055
-0.37607600000000013 1.1055
-0.37547200000000014 1.1155
-0.5245280000000001 1.1155
3.1

IMD5d1_damage
4
-0.07392400000000006 1.1055
0.07392399999999995 1.1055
0.07452799999999994 1.1155
-0.07452800000000005 1.1155
3.1

IMD5d1_damage
4
0.5110760000000001 1.1055
1.423924 1.1055
1.424528 1.1155
0.510472 1.1155
3.1

IMD5d1_damage
4
1.726076 1.1055
2.638924 1.1055
2.639528 1.1155
1.725472 1.1155
3.1

IMD5d2_damage
4
-0.5195190000000002 1.1155
-0.5145100000000001 1.1155
-0.5204900000000001 1.2145
-0.5254990000000002 1.2145
2.9

IMD5d2_damage
4
-0.3854900000000001 1.1155
-0.3804810000000001 1.1155
-0.37450100000000014 1.2145
-0.3795100000000001 1.2145
2.9

IMD5d2_damage
4
-0.06951900000000005 1.1155
-0.06451000000000005 1.1155
-0.07049000000000005 1.2145
-0.07549900000000005 1.2145
2.9

IMD5d2_damage
4
0.06450999999999994 1.1155
0.06951899999999994 1.1155
0.07549899999999994 1.2145
0.07048999999999994 1.2145
2.9

IMD5d2_damage
4
0.515481 1.1155
0.52049 1.1155
0.51451 1.2145
0.509501 1.2145
2.9

IMD5d2_damage
4
1.41451 1.1155
1.419519 1.1155
1.425499 1.2145
1.42049 1.2145
2.9

IMD5d2_damage
4
1.730481 1.1155
1.73549 1.1155
1.7295099999999999 1.2145
1.7245009999999998 1.2145
2.9

IMD5d2_damage
4
2.62951 1.1155
2.6345189999999996 1.1155
2.6404989999999997 1.2145
2.63549 1.2145
2.9

IMD6d1_damage
4
-1.0175 1.2925
3.1325 1.2925
3.1325 1.3025
-1.0175 1.3025
3.1

IMD5d2
4
-1.0175 1.1155
-0.5195190000000002 1.1155
-0.5254990000000002 1.2145
-1.0175 1.2145
2.65

IMD5d2
4
-0.3804810000000001 1.1155
-0.06951900000000005 1.1155
-0.07549900000000005 1.2145
-0.37450100000000014 1.2145
2.65

IMD5d2
4
0.06951899999999994 1.1155
0.515481 1.1155
0.509501 1.2145
0.07549899999999994 1.2145
2.65

IMD5d2
4
1.419519 1.1155
1.730481 1.1155
1.7245009999999998 1.2145
1.425499 1.2145
2.65

IMD5d2
4
2.6345189999999996 1.1155
3.1325 1.1155
3.1325 1.2145
2.6404989999999997 1.2145
2.65

IMD5d1
4
-1.0175 1.1055
-0.5239240000000001 1.1055
-0.5245280000000001 1.1155
-1.0175 1.1155
2.65

IMD5d1
4
-0.37607600000000013 1.1055
-0.07392400000000006 1.1055
-0.07452800000000005 1.1155
-0.37547200000000014 1.1155
2.65

IMD5d1
4
0.07392399999999995 1.1055
0.5110760000000001 1.1055
0.510472 1.1155
0.07452799999999994 1.1155
2.65

IMD5d1
4
1.423924 1.1055
1.726076 1.1055
1.725472 1.1155
1.424528 1.1155
2.65

IMD5d1
4
2.638924 1.1055
3.1325 1.1055
3.1325 1.1155
2.639528 1.1155
2.65

IMD5d1
4
-1.0175 1.0875
3.1325 1.0875
3.1325 1.1055
-1.0175 1.1055
2.65

IMD6d1
4
-1.0175 1.2745
3.1325 1.2745
3.1325 1.2925
-1.0175 1.2925
2.65

FOXA+FOXB+TOX
4
-1.0175 0.001
3.1325 0.001
3.1325 0.2665
-1.0175 0.2665
4.0

ILD1a
4
-1.0175 0.2665
3.1325 0.2665
3.1325 0.2765
-1.0175 0.2765
7.0

ILD1b1+ILD1b2+ILD1b3
4
-1.0175 0.2765
3.1325 0.2765
3.1325 0.3955
-1.0175 0.3955
4.0

IMD1a
4
-1.0175 0.3955
3.1325 0.3955
3.1325 0.4065
-1.0175 0.4065
5.2

IMD1b
4
-1.0175 0.4065
3.1325 0.4065
3.1325 0.4665
-1.0175 0.4665
2.8

IMD2a
4
-1.0175 0.4665
3.1325 0.4665
3.1325 0.4875
-1.0175 0.4875
5.2

IMD2b
4
-1.0175 0.4875
3.1325 0.4875
3.1325 0.5025
-1.0175 0.5025
4.2

IMD2c
4
-1.0175 0.5025
3.1325 0.5025
3.1325 0.5265
-1.0175 0.5265
3.28

IMD2d1+IMD2d2
4
-1.0175 0.5265
3.1325 0.5265
3.1325 0.6535
-1.0175 0.6535
2.65

IMD3a
4
-1.0175 0.6535
3.1325 0.6535
3.1325 0.6745
-1.0175 0.6745
5.2

IMD3b
4
-1.0175 0.6745
3.1325 0.6745
3.1325 0.6895
-1.0175 0.6895
4.2

IMD3c
4
-1.0175 0.6895
3.1325 0.6895
3.1325 0.7135
-1.0175 0.7135
3.28

IMD3d1+IMD3d2
4
-1.0175 0.7135
3.1325 0.7135
3.1325 0.8405
-1.0175 0.8405
2.65

IMD4a
4
-1.0175 0.8405
3.1325 0.8405
3.1325 0.8615
-1.0175 0.8615
5.2

IMD4b
4
-1.0175 0.8615
3.1325 0.8615
3.1325 0.8765
-1.0175 0.8765
4.2

IMD4c
4
-1.0175 0.8765
3.1325 0.8765
3.1325 0.9005
-1.0175 0.9005
3.28

IMD4d1+IMD4d2
4
-1.0175 0.9005
3.1325 0.9005
3.1325 1.0275
-1.0175 1.0275
2.65

IMD5a
4
-1.0175 1.0275
3.1325 1.0275
3.1325 1.0485
-1.0175 1.0485
5.2

IMD5b
4
-1.0175 1.0485
3.1325 1.0485
3.1325 1.0635
-1.0175 1.0635
4.2

IMD5c
4
-1.0175 1.0635
3.1325 1.0635
3.1325 1.0875
-1.0175 1.0875
3.28

IMD6a
4
-1.0175 1.2145
3.1325 1.2145
3.1325 1.2355
-1.0175 1.2355
5.2

IMD6b
4
-1.0175 1.2355
3.1325 1.2355
3.1325 1.2505
-1.0175 1.2505
4.2

IMD6c
4
-1.0175 1.2505
3.1325 1.2505
3.1325 1.2745
-1.0175 1.2745
3.28


4
-1.0175 0.001
3.1325 0.001
3.1325 1.3025
-1.0175 1.3025

