c1
4
-0.06451000000000003 1.1155
0.06451 1.1155
0.07049 1.2145
-0.07049000000000002 1.2145

7
botleft
4
-0.7475 -0.001
0 -0.001
0 0.001
-0.7475 0.001

botright
4
0 -0.001
3.0424999999999995 -0.001
3.0424999999999995 0.001
0 0.001

lEnv
4
-0.24451000000000003 1.1155
-0.11549000000000002 1.1155
-0.10951000000000002 1.2145
-0.25049000000000005 1.2145

c2
4
0.70049 1.1155
1.5945099999999996 1.1155
1.6004899999999997 1.2145
0.69451 1.2145

rEnv
4
1.64549 1.1155
2.5395099999999995 1.1155
2.5454899999999996 1.2145
1.6395099999999998 1.2145

topleft
4
-0.7475 1.3025
0 1.3025
0 1.4015
-0.7475 1.4015

topright
4
0 1.3025
3.0424999999999995 1.3025
3.0424999999999995 1.4015
0 1.4015


48
IMD5d1_damage
4
-0.25392400000000004 1.1055
-0.10607600000000002 1.1055
-0.10547200000000002 1.1155
-0.25452800000000003 1.1155
3.1

IMD5d1_damage
4
-0.07392400000000003 1.1055
0.073924 1.1055
0.074528 1.1155
-0.07452800000000002 1.1155
3.1

IMD5d1_damage
4
0.691076 1.1055
1.6039239999999997 1.1055
1.6045279999999997 1.1155
0.690472 1.1155
3.1

IMD5d1_damage
4
1.6360759999999999 1.1055
2.5489239999999995 1.1055
2.5495279999999996 1.1155
1.6354719999999998 1.1155
3.1

IMD5d2_damage
4
-0.24951900000000005 1.1155
-0.24451000000000003 1.1155
-0.25049000000000005 1.2145
-0.25549900000000003 1.2145
2.9

IMD5d2_damage
4
-0.11549000000000002 1.1155
-0.11048100000000002 1.1155
-0.10450100000000002 1.2145
-0.10951000000000002 1.2145
2.9

IMD5d2_damage
4
-0.06951900000000003 1.1155
-0.06451000000000003 1.1155
-0.07049000000000002 1.2145
-0.07549900000000002 1.2145
2.9

IMD5d2_damage
4
0.06451 1.1155
0.069519 1.1155
0.075499 1.2145
0.07049 1.2145
2.9

IMD5d2_damage
4
0.6954809999999999 1.1155
0.70049 1.1155
0.69451 1.2145
0.6895009999999999 1.2145
2.9

IMD5d2_damage
4
1.5945099999999996 1.1155
1.5995189999999997 1.1155
1.6054989999999998 1.2145
1.6004899999999997 1.2145
2.9

IMD5d2_damage
4
1.6404809999999999 1.1155
1.64549 1.1155
1.6395099999999998 1.2145
1.6345009999999998 1.2145
2.9

IMD5d2_damage
4
2.5395099999999995 1.1155
2.5445189999999993 1.1155
2.5504989999999994 1.2145
2.5454899999999996 1.2145
2.9

IMD6d1_damage
4
-0.7475 1.2925
3.0424999999999995 1.2925
3.0424999999999995 1.3025
-0.7475 1.3025
3.1

IMD5d2
4
-0.7475 1.1155
-0.24951900000000005 1.1155
-0.25549900000000003 1.2145
-0.7475 1.2145
2.65

IMD5d2
4
-0.11048100000000002 1.1155
-0.06951900000000003 1.1155
-0.07549900000000002 1.2145
-0.10450100000000002 1.2145
2.65

IMD5d2
4
0.069519 1.1155
0.6954809999999999 1.1155
0.6895009999999999 1.2145
0.075499 1.2145
2.65

IMD5d2
4
1.5995189999999997 1.1155
1.6404809999999999 1.1155
1.6345009999999998 1.2145
1.6054989999999998 1.2145
2.65

IMD5d2
4
2.5445189999999993 1.1155
3.0424999999999995 1.1155
3.0424999999999995 1.2145
2.5504989999999994 1.2145
2.65

IMD5d1
4
-0.7475 1.1055
-0.25392400000000004 1.1055
-0.25452800000000003 1.1155
-0.7475 1.1155
2.65

IMD5d1
4
-0.10607600000000002 1.1055
-0.07392400000000003 1.1055
-0.07452800000000002 1.1155
-0.10547200000000002 1.1155
2.65

IMD5d1
4
0.073924 1.1055
0.691076 1.1055
0.690472 1.1155
0.074528 1.1155
2.65

IMD5d1
4
1.6039239999999997 1.1055
1.6360759999999999 1.1055
1.6354719999999998 1.1155
1.6045279999999997 1.1155
2.65

IMD5d1
4
2.5489239999999995 1.1055
3.0424999999999995 1.1055
3.0424999999999995 1.1155
2.5495279999999996 1.1155
2.65

IMD5d1
4
-0.7475 1.0875
3.0424999999999995 1.0875
3.0424999999999995 1.1055
-0.7475 1.1055
2.65

IMD6d1
4
-0.7475 1.2745
3.0424999999999995 1.2745
3.0424999999999995 1.2925
-0.7475 1.2925
2.65

FOXA+FOXB+TOX
4
-0.7475 0.001
3.0424999999999995 0.001
3.0424999999999995 0.2665
-0.7475 0.2665
4.0

ILD1a
4
-0.7475 0.2665
3.0424999999999995 0.2665
3.0424999999999995 0.2765
-0.7475 0.2765
7.0

ILD1b1+ILD1b2+ILD1b3
4
-0.7475 0.2765
3.0424999999999995 0.2765
3.0424999999999995 0.3955
-0.7475 0.3955
4.0

IMD1a
4
-0.7475 0.3955
3.0424999999999995 0.3955
3.0424999999999995 0.4065
-0.7475 0.4065
5.2

IMD1b
4
-0.7475 0.4065
3.0424999999999995 0.4065
3.0424999999999995 0.4665
-0.7475 0.4665
2.8

IMD2a
4
-0.7475 0.4665
3.0424999999999995 0.4665
3.0424999999999995 0.4875
-0.7475 0.4875
5.2

IMD2b
4
-0.7475 0.4875
3.0424999999999995 0.4875
3.0424999999999995 0.5025
-0.7475 0.5025
4.2

IMD2c
4
-0.7475 0.5025
3.0424999999999995 0.5025
3.0424999999999995 0.5265
-0.7475 0.5265
3.28

IMD2d1+IMD2d2
4
-0.7475 0.5265
3.0424999999999995 0.5265
3.0424999999999995 0.6535
-0.7475 0.6535
2.65

IMD3a
4
-0.7475 0.6535
3.0424999999999995 0.6535
3.0424999999999995 0.6745
-0.7475 0.6745
5.2

IMD3b
4
-0.7475 0.6745
3.0424999999999995 0.6745
3.0424999999999995 0.6895
-0.7475 0.6895
4.2

IMD3c
4
-0.7475 0.6895
3.0424999999999995 0.6895
3.0424999999999995 0.7135
-0.7475 0.7135
3.28

IMD3d1+IMD3d2
4
-0.7475 0.7135
3.0424999999999995 0.7135
3.0424999999999995 0.8405
-0.7475 0.8405
2.65

IMD4a
4
-0.7475 0.8405
3.0424999999999995 0.8405
3.0424999999999995 0.8615
-0.7475 0.8615
5.2

IMD4b
4
-0.7475 0.8615
3.0424999999999995 0.8615
3.0424999999999995 0.8765
-0.7475 0.8765
4.2

IMD4c
4
-0.7475 0.8765
3.0424999999999995 0.8765
3.0424999999999995 0.9005
-0.7475 0.9005
3.28

IMD4d1+IMD4d2
4
-0.7475 0.9005
3.0424999999999995 0.9005
3.0424999999999995 1.0275
-0.7475 1.0275
2.65

IMD5a
4
-0.7475 1.0275
3.0424999999999995 1.0275
3.0424999999999995 1.0485
-0.7475 1.0485
5.2

IMD5b
4
-0.7475 1.0485
3.0424999999999995 1.0485
3.0424999999999995 1.0635
-0.7475 1.0635
4.2

IMD5c
4
-0.7475 1.0635
3.0424999999999995 1.0635
3.0424999999999995 1.0875
-0.7475 1.0875
3.28

IMD6a
4
-0.7475 1.2145
3.0424999999999995 1.2145
3.0424999999999995 1.2355
-0.7475 1.2355
5.2

IMD6b
4
-0.7475 1.2355
3.0424999999999995 1.2355
3.0424999999999995 1.2505
-0.7475 1.2505
4.2

IMD6c
4
-0.7475 1.2505
3.0424999999999995 1.2505
3.0424999999999995 1.2745
-0.7475 1.2745
3.28


4
-0.7475 0.001
3.0424999999999995 0.001
3.0424999999999995 1.3025
-0.7475 1.3025

