c1
4
-0.01951 1.1155
0.01951 1.1155
0.02549 1.2145
-0.02549 1.2145

5
botleft
4
-5.0675 -0.001
0 -0.001
0 0.001
-5.0675 0.001

botright
4
0 -0.001
6.102500000000001 -0.001
6.102500000000001 0.001
0 0.001

c2
4
0.83549 1.1155
0.96451 1.1155
0.97049 1.2145
0.82951 1.2145

topleft
4
-5.0675 1.3025
0 1.3025
0 1.4015
-5.0675 1.4015

topright
4
0 1.3025
6.102500000000001 1.3025
6.102500000000001 1.4015
0 1.4015


38
IMD5d1_damage
4
-0.028924 1.1055
0.028924 1.1055
0.029528 1.1155
-0.029528 1.1155
3.1

IMD5d1_damage
4
0.826076 1.1055
0.9739239999999999 1.1055
0.974528 1.1155
0.825472 1.1155
3.1

IMD5d2_damage
4
-0.024519 1.1155
-0.01951 1.1155
-0.02549 1.2145
-0.030499 1.2145
2.9

IMD5d2_damage
4
0.01951 1.1155
0.024519 1.1155
0.030499 1.2145
0.02549 1.2145
2.9

IMD5d2_damage
4
0.8304809999999999 1.1155
0.83549 1.1155
0.82951 1.2145
0.8245009999999999 1.2145
2.9

IMD5d2_damage
4
0.96451 1.1155
0.969519 1.1155
0.975499 1.2145
0.97049 1.2145
2.9

IMD6d1_damage
4
-5.0675 1.2925
6.102500000000001 1.2925
6.102500000000001 1.3025
-5.0675 1.3025
3.1

IMD5d2
4
-5.0675 1.1155
-0.024519 1.1155
-0.030499 1.2145
-5.0675 1.2145
2.65

IMD5d2
4
0.024519 1.1155
0.8304809999999999 1.1155
0.8245009999999999 1.2145
0.030499 1.2145
2.65

IMD5d2
4
0.969519 1.1155
6.102500000000001 1.1155
6.102500000000001 1.2145
0.975499 1.2145
2.65

IMD5d1
4
-5.0675 1.1055
-0.028924 1.1055
-0.029528 1.1155
-5.0675 1.1155
2.65

IMD5d1
4
0.028924 1.1055
0.826076 1.1055
0.825472 1.1155
0.029528 1.1155
2.65

IMD5d1
4
0.9739239999999999 1.1055
6.102500000000001 1.1055
6.102500000000001 1.1155
0.974528 1.1155
2.65

IMD5d1
4
-5.0675 1.0875
6.102500000000001 1.0875
6.102500000000001 1.1055
-5.0675 1.1055
2.65

IMD6d1
4
-5.0675 1.2745
6.102500000000001 1.2745
6.102500000000001 1.2925
-5.0675 1.2925
2.65

FOXA+FOXB+TOX
4
-5.0675 0.001
6.102500000000001 0.001
6.102500000000001 0.2665
-5.0675 0.2665
4.0

ILD1a
4
-5.0675 0.2665
6.102500000000001 0.2665
6.102500000000001 0.2765
-5.0675 0.2765
7.0

ILD1b1+ILD1b2+ILD1b3
4
-5.0675 0.2765
6.102500000000001 0.2765
6.102500000000001 0.3955
-5.0675 0.3955
4.0

IMD1a
4
-5.0675 0.3955
6.102500000000001 0.3955
6.102500000000001 0.4065
-5.0675 0.4065
5.2

IMD1b
4
-5.0675 0.4065
6.102500000000001 0.4065
6.102500000000001 0.4665
-5.0675 0.4665
2.8

IMD2a
4
-5.0675 0.4665
6.102500000000001 0.4665
6.102500000000001 0.4875
-5.0675 0.4875
5.2

IMD2b
4
-5.0675 0.4875
6.102500000000001 0.4875
6.102500000000001 0.5025
-5.0675 0.5025
4.2

IMD2c
4
-5.0675 0.5025
6.102500000000001 0.5025
6.102500000000001 0.5265
-5.0675 0.5265
3.28

IMD2d1+IMD2d2
4
-5.0675 0.5265
6.102500000000001 0.5265
6.102500000000001 0.6535
-5.0675 0.6535
2.65

IMD3a
4
-5.0675 0.6535
6.102500000000001 0.6535
6.102500000000001 0.6745
-5.0675 0.6745
5.2

IMD3b
4
-5.0675 0.6745
6.102500000000001 0.6745
6.102500000000001 0.6895
-5.0675 0.6895
4.2

IMD3c
4
-5.0675 0.6895
6.102500000000001 0.6895
6.102500000000001 0.7135
-5.0675 0.7135
3.28

IMD3d1+IMD3d2
4
-5.0675 0.7135
6.102500000000001 0.7135
6.102500000000001 0.8405
-5.0675 0.8405
2.65

IMD4a
4
-5.0675 0.8405
6.102500000000001 0.8405
6.102500000000001 0.8615
-5.0675 0.8615
5.2

IMD4b
4
-5.0675 0.8615
6.102500000000001 0.8615
6.102500000000001 0.8765
-5.0675 0.8765
4.2

IMD4c
4
-5.0675 0.8765
6.102500000000001 0.8765
6.102500000000001 0.9005
-5.0675 0.9005
3.28

IMD4d1+IMD4d2
4
-5.0675 0.9005
6.102500000000001 0.9005
6.102500000000001 1.0275
-5.0675 1.0275
2.65

IMD5a
4
-5.0675 1.0275
6.102500000000001 1.0275
6.102500000000001 1.0485
-5.0675 1.0485
5.2

IMD5b
4
-5.0675 1.0485
6.102500000000001 1.0485
6.102500000000001 1.0635
-5.0675 1.0635
4.2

IMD5c
4
-5.0675 1.0635
6.102500000000001 1.0635
6.102500000000001 1.0875
-5.0675 1.0875
3.28

IMD6a
4
-5.0675 1.2145
6.102500000000001 1.2145
6.102500000000001 1.2355
-5.0675 1.2355
5.2

IMD6b
4
-5.0675 1.2355
6.102500000000001 1.2355
6.102500000000001 1.2505
-5.0675 1.2505
4.2

IMD6c
4
-5.0675 1.2505
6.102500000000001 1.2505
6.102500000000001 1.2745
-5.0675 1.2745
3.28


4
-5.0675 0.001
6.102500000000001 0.001
6.102500000000001 1.3025
-5.0675 1.3025

