botcenter
4
0 -0.001
0.36 -0.001
0.36 0.001
0 0.001

9
lEnv
4
-0.10951 0.9285000000000001
-0.07049 0.9285000000000001
-0.06451 1.0275
-0.11549 1.0275

c1
4
-0.01951 0.9285000000000001
0.01951 0.9285000000000001
0.02549 1.0275
-0.02549 1.0275

c2
4
0.34049 0.9285000000000001
0.37951 0.9285000000000001
0.38549 1.0275
0.33451000000000003 1.0275

rEnv
4
0.43049000000000004 0.9285000000000001
0.4695100000000001 0.9285000000000001
0.4754900000000001 1.0275
0.42451000000000005 1.0275

topleft
4
-0.6125 1.1155
0 1.1155
0 1.2145
-0.6125 1.2145

topcenter
4
0 1.1155
0.36 1.1155
0.36 1.2145
0 1.2145

topright
4
0.36 1.1155
0.9725 1.1155
0.9725 1.2145
0.36 1.2145

botleft
4
-0.6125 -0.001
0 -0.001
0 0.001
-0.6125 0.001

botright
4
0.36 -0.001
0.9725 -0.001
0.9725 0.001
0.36 0.001


44
IMD4d1_damage
4
-0.118924 0.9185000000000001
-0.061076 0.9185000000000001
-0.060472 0.9285000000000001
-0.119528 0.9285000000000001
3.1

IMD4d1_damage
4
-0.028924 0.9185000000000001
0.028924 0.9185000000000001
0.029528 0.9285000000000001
-0.029528 0.9285000000000001
3.1

IMD4d1_damage
4
0.33107600000000004 0.9185000000000001
0.388924 0.9185000000000001
0.389528 0.9285000000000001
0.33047200000000004 0.9285000000000001
3.1

IMD4d1_damage
4
0.42107600000000006 0.9185000000000001
0.47892400000000007 0.9185000000000001
0.47952800000000007 0.9285000000000001
0.42047200000000007 0.9285000000000001
3.1

IMD4d2_damage
4
-0.114519 0.9285000000000001
-0.10951 0.9285000000000001
-0.11549 1.0275
-0.120499 1.0275
2.9

IMD4d2_damage
4
-0.07049 0.9285000000000001
-0.065481 0.9285000000000001
-0.059501 1.0275
-0.06451 1.0275
2.9

IMD4d2_damage
4
-0.024519 0.9285000000000001
-0.01951 0.9285000000000001
-0.02549 1.0275
-0.030499 1.0275
2.9

IMD4d2_damage
4
0.01951 0.9285000000000001
0.024519 0.9285000000000001
0.030499 1.0275
0.02549 1.0275
2.9

IMD4d2_damage
4
0.33548100000000003 0.9285000000000001
0.34049 0.9285000000000001
0.33451000000000003 1.0275
0.32950100000000004 1.0275
2.9

IMD4d2_damage
4
0.37951 0.9285000000000001
0.384519 0.9285000000000001
0.390499 1.0275
0.38549 1.0275
2.9

IMD4d2_damage
4
0.42548100000000005 0.9285000000000001
0.43049000000000004 0.9285000000000001
0.42451000000000005 1.0275
0.41950100000000007 1.0275
2.9

IMD4d2_damage
4
0.4695100000000001 0.9285000000000001
0.4745190000000001 0.9285000000000001
0.48049900000000006 1.0275
0.4754900000000001 1.0275
2.9

IMD5d1_damage
4
-0.6125 1.1055
0.9725 1.1055
0.9725 1.1155
-0.6125 1.1155
3.1

IMD4d2
4
-0.6125 0.9285000000000001
-0.114519 0.9285000000000001
-0.120499 1.0275
-0.6125 1.0275
2.65

IMD4d2
4
-0.065481 0.9285000000000001
-0.024519 0.9285000000000001
-0.030499 1.0275
-0.059501 1.0275
2.65

IMD4d2
4
0.024519 0.9285000000000001
0.33548100000000003 0.9285000000000001
0.32950100000000004 1.0275
0.030499 1.0275
2.65

IMD4d2
4
0.384519 0.9285000000000001
0.42548100000000005 0.9285000000000001
0.41950100000000007 1.0275
0.390499 1.0275
2.65

IMD4d2
4
0.4745190000000001 0.9285000000000001
0.9725 0.9285000000000001
0.9725 1.0275
0.48049900000000006 1.0275
2.65

IMD4d1
4
-0.6125 0.9185000000000001
-0.118924 0.9185000000000001
-0.119528 0.9285000000000001
-0.6125 0.9285000000000001
2.65

IMD4d1
4
-0.061076 0.9185000000000001
-0.028924 0.9185000000000001
-0.029528 0.9285000000000001
-0.060472 0.9285000000000001
2.65

IMD4d1
4
0.028924 0.9185000000000001
0.33107600000000004 0.9185000000000001
0.33047200000000004 0.9285000000000001
0.029528 0.9285000000000001
2.65

IMD4d1
4
0.388924 0.9185000000000001
0.42107600000000006 0.9185000000000001
0.42047200000000007 0.9285000000000001
0.389528 0.9285000000000001
2.65

IMD4d1
4
0.47892400000000007 0.9185000000000001
0.9725 0.9185000000000001
0.9725 0.9285000000000001
0.47952800000000007 0.9285000000000001
2.65

IMD4d1
4
-0.6125 0.9005
0.9725 0.9005
0.9725 0.9185000000000001
-0.6125 0.9185000000000001
2.65

IMD5d1
4
-0.6125 1.0875
0.9725 1.0875
0.9725 1.1055
-0.6125 1.1055
2.65

FOXA+FOXB+TOX
4
-0.6125 0.001
0.9725 0.001
0.9725 0.2665
-0.6125 0.2665
4.0

ILD1a
4
-0.6125 0.2665
0.9725 0.2665
0.9725 0.2765
-0.6125 0.2765
7.0

ILD1b1+ILD1b2+ILD1b3
4
-0.6125 0.2765
0.9725 0.2765
0.9725 0.3955
-0.6125 0.3955
4.0

IMD1a
4
-0.6125 0.3955
0.9725 0.3955
0.9725 0.4065
-0.6125 0.4065
5.2

IMD1b
4
-0.6125 0.4065
0.9725 0.4065
0.9725 0.4665
-0.6125 0.4665
2.8

IMD2a
4
-0.6125 0.4665
0.9725 0.4665
0.9725 0.4875
-0.6125 0.4875
5.2

IMD2b
4
-0.6125 0.4875
0.9725 0.4875
0.9725 0.5025
-0.6125 0.5025
4.2

IMD2c
4
-0.6125 0.5025
0.9725 0.5025
0.9725 0.5265
-0.6125 0.5265
3.28

IMD2d1+IMD2d2
4
-0.6125 0.5265
0.9725 0.5265
0.9725 0.6535
-0.6125 0.6535
2.65

IMD3a
4
-0.6125 0.6535
0.9725 0.6535
0.9725 0.6745
-0.6125 0.6745
5.2

IMD3b
4
-0.6125 0.6745
0.9725 0.6745
0.9725 0.6895
-0.6125 0.6895
4.2

IMD3c
4
-0.6125 0.6895
0.9725 0.6895
0.9725 0.7135
-0.6125 0.7135
3.28

IMD3d1+IMD3d2
4
-0.6125 0.7135
0.9725 0.7135
0.9725 0.8405
-0.6125 0.8405
2.65

IMD4a
4
-0.6125 0.8405
0.9725 0.8405
0.9725 0.8615
-0.6125 0.8615
5.2

IMD4b
4
-0.6125 0.8615
0.9725 0.8615
0.9725 0.8765
-0.6125 0.8765
4.2

IMD4c
4
-0.6125 0.8765
0.9725 0.8765
0.9725 0.9005
-0.6125 0.9005
3.28

IMD5a
4
-0.6125 1.0275
0.9725 1.0275
0.9725 1.0485
-0.6125 1.0485
5.2

IMD5b
4
-0.6125 1.0485
0.9725 1.0485
0.9725 1.0635
-0.6125 1.0635
4.2

IMD5c
4
-0.6125 1.0635
0.9725 1.0635
0.9725 1.0875
-0.6125 1.0875
3.28


4
-0.6125 0.001
0.9725 0.001
0.9725 1.1155
-0.6125 1.1155

