botcenter
4
0 -0.001
0.135 -0.001
0.135 0.001
0 0.001

9
lEnv
4
-0.37951 1.1155
-0.34048999999999996 1.1155
-0.33451 1.2145
-0.38549 1.2145

c1
4
-0.019510000000000013 1.1155
0.019510000000000013 1.1155
0.025490000000000013 1.2145
-0.025490000000000013 1.2145

c2
4
0.11549 1.1155
0.15451 1.1155
0.16049000000000002 1.2145
0.10951 1.2145

rEnv
4
0.47548999999999997 1.1155
0.51451 1.1155
0.52049 1.2145
0.46951 1.2145

topleft
4
-0.8825000000000001 1.3025
0 1.3025
0 1.4015
-0.8825000000000001 1.4015

topcenter
4
0 1.3025
0.135 1.3025
0.135 1.4015
0 1.4015

topright
4
0.135 1.3025
1.0175 1.3025
1.0175 1.4015
0.135 1.4015

botleft
4
-0.8825000000000001 -0.001
0 -0.001
0 0.001
-0.8825000000000001 0.001

botright
4
0.135 -0.001
1.0175 -0.001
1.0175 0.001
0.135 0.001


48
IMD5d1_damage
4
-0.388924 1.1055
-0.331076 1.1055
-0.330472 1.1155
-0.389528 1.1155
3.1

IMD5d1_damage
4
-0.028924000000000012 1.1055
0.028924000000000012 1.1055
0.029528000000000013 1.1155
-0.029528000000000013 1.1155
3.1

IMD5d1_damage
4
0.10607599999999999 1.1055
0.16392400000000001 1.1055
0.164528 1.1155
0.105472 1.1155
3.1

IMD5d1_damage
4
0.466076 1.1055
0.523924 1.1055
0.524528 1.1155
0.465472 1.1155
3.1

IMD5d2_damage
4
-0.384519 1.1155
-0.37951 1.1155
-0.38549 1.2145
-0.390499 1.2145
2.9

IMD5d2_damage
4
-0.34048999999999996 1.1155
-0.335481 1.1155
-0.329501 1.2145
-0.33451 1.2145
2.9

IMD5d2_damage
4
-0.024519000000000013 1.1155
-0.019510000000000013 1.1155
-0.025490000000000013 1.2145
-0.030499000000000012 1.2145
2.9

IMD5d2_damage
4
0.019510000000000013 1.1155
0.024519000000000013 1.1155
0.030499000000000012 1.2145
0.025490000000000013 1.2145
2.9

IMD5d2_damage
4
0.110481 1.1155
0.11549 1.1155
0.10951 1.2145
0.104501 1.2145
2.9

IMD5d2_damage
4
0.15451 1.1155
0.15951900000000002 1.1155
0.16549900000000003 1.2145
0.16049000000000002 1.2145
2.9

IMD5d2_damage
4
0.470481 1.1155
0.47548999999999997 1.1155
0.46951 1.2145
0.464501 1.2145
2.9

IMD5d2_damage
4
0.51451 1.1155
0.5195190000000001 1.1155
0.525499 1.2145
0.52049 1.2145
2.9

IMD6d1_damage
4
-0.8825000000000001 1.2925
1.0175 1.2925
1.0175 1.3025
-0.8825000000000001 1.3025
3.1

IMD5d2
4
-0.8825000000000001 1.1155
-0.384519 1.1155
-0.390499 1.2145
-0.8825000000000001 1.2145
2.65

IMD5d2
4
-0.335481 1.1155
-0.024519000000000013 1.1155
-0.030499000000000012 1.2145
-0.329501 1.2145
2.65

IMD5d2
4
0.024519000000000013 1.1155
0.110481 1.1155
0.104501 1.2145
0.030499000000000012 1.2145
2.65

IMD5d2
4
0.15951900000000002 1.1155
0.470481 1.1155
0.464501 1.2145
0.16549900000000003 1.2145
2.65

IMD5d2
4
0.5195190000000001 1.1155
1.0175 1.1155
1.0175 1.2145
0.525499 1.2145
2.65

IMD5d1
4
-0.8825000000000001 1.1055
-0.388924 1.1055
-0.389528 1.1155
-0.8825000000000001 1.1155
2.65

IMD5d1
4
-0.331076 1.1055
-0.028924000000000012 1.1055
-0.029528000000000013 1.1155
-0.330472 1.1155
2.65

IMD5d1
4
0.028924000000000012 1.1055
0.10607599999999999 1.1055
0.105472 1.1155
0.029528000000000013 1.1155
2.65

IMD5d1
4
0.16392400000000001 1.1055
0.466076 1.1055
0.465472 1.1155
0.164528 1.1155
2.65

IMD5d1
4
0.523924 1.1055
1.0175 1.1055
1.0175 1.1155
0.524528 1.1155
2.65

IMD5d1
4
-0.8825000000000001 1.0875
1.0175 1.0875
1.0175 1.1055
-0.8825000000000001 1.1055
2.65

IMD6d1
4
-0.8825000000000001 1.2745
1.0175 1.2745
1.0175 1.2925
-0.8825000000000001 1.2925
2.65

FOXA+FOXB+TOX
4
-0.8825000000000001 0.001
1.0175 0.001
1.0175 0.2665
-0.8825000000000001 0.2665
4.0

ILD1a
4
-0.8825000000000001 0.2665
1.0175 0.2665
1.0175 0.2765
-0.8825000000000001 0.2765
7.0

ILD1b1+ILD1b2+ILD1b3
4
-0.8825000000000001 0.2765
1.0175 0.2765
1.0175 0.3955
-0.8825000000000001 0.3955
4.0

IMD1a
4
-0.8825000000000001 0.3955
1.0175 0.3955
1.0175 0.4065
-0.8825000000000001 0.4065
5.2

IMD1b
4
-0.8825000000000001 0.4065
1.0175 0.4065
1.0175 0.4665
-0.8825000000000001 0.4665
2.8

IMD2a
4
-0.8825000000000001 0.4665
1.0175 0.4665
1.0175 0.4875
-0.8825000000000001 0.4875
5.2

IMD2b
4
-0.8825000000000001 0.4875
1.0175 0.4875
1.0175 0.5025
-0.8825000000000001 0.5025
4.2

IMD2c
4
-0.8825000000000001 0.5025
1.0175 0.5025
1.0175 0.5265
-0.8825000000000001 0.5265
3.28

IMD2d1+IMD2d2
4
-0.8825000000000001 0.5265
1.0175 0.5265
1.0175 0.6535
-0.8825000000000001 0.6535
2.65

IMD3a
4
-0.8825000000000001 0.6535
1.0175 0.6535
1.0175 0.6745
-0.8825000000000001 0.6745
5.2

IMD3b
4
-0.8825000000000001 0.6745
1.0175 0.6745
1.0175 0.6895
-0.8825000000000001 0.6895
4.2

IMD3c
4
-0.8825000000000001 0.6895
1.0175 0.6895
1.0175 0.7135
-0.8825000000000001 0.7135
3.28

IMD3d1+IMD3d2
4
-0.8825000000000001 0.7135
1.0175 0.7135
1.0175 0.8405
-0.8825000000000001 0.8405
2.65

IMD4a
4
-0.8825000000000001 0.8405
1.0175 0.8405
1.0175 0.8615
-0.8825000000000001 0.8615
5.2

IMD4b
4
-0.8825000000000001 0.8615
1.0175 0.8615
1.0175 0.8765
-0.8825000000000001 0.8765
4.2

IMD4c
4
-0.8825000000000001 0.8765
1.0175 0.8765
1.0175 0.9005
-0.8825000000000001 0.9005
3.28

IMD4d1+IMD4d2
4
-0.8825000000000001 0.9005
1.0175 0.9005
1.0175 1.0275
-0.8825000000000001 1.0275
2.65

IMD5a
4
-0.8825000000000001 1.0275
1.0175 1.0275
1.0175 1.0485
-0.8825000000000001 1.0485
5.2

IMD5b
4
-0.8825000000000001 1.0485
1.0175 1.0485
1.0175 1.0635
-0.8825000000000001 1.0635
4.2

IMD5c
4
-0.8825000000000001 1.0635
1.0175 1.0635
1.0175 1.0875
-0.8825000000000001 1.0875
3.28

IMD6a
4
-0.8825000000000001 1.2145
1.0175 1.2145
1.0175 1.2355
-0.8825000000000001 1.2355
5.2

IMD6b
4
-0.8825000000000001 1.2355
1.0175 1.2355
1.0175 1.2505
-0.8825000000000001 1.2505
4.2

IMD6c
4
-0.8825000000000001 1.2505
1.0175 1.2505
1.0175 1.2745
-0.8825000000000001 1.2745
3.28


4
-0.8825000000000001 0.001
1.0175 0.001
1.0175 1.3025
-0.8825000000000001 1.3025

