botcenter
4
0 -0.001
0.135 -0.001
0.135 0.001
0 0.001

9
lEnv
4
-0.24451000000000003 0.9285000000000001
-0.11549000000000002 0.9285000000000001
-0.10951000000000002 1.0275
-0.25049000000000005 1.0275

c1
4
-0.06451000000000003 0.9285000000000001
0.06451 0.9285000000000001
0.07049 1.0275
-0.07049000000000002 1.0275

c2
4
0.11549 0.9285000000000001
0.15450999999999995 0.9285000000000001
0.16048999999999997 1.0275
0.10951 1.0275

rEnv
4
0.20548999999999998 0.9285000000000001
0.24450999999999992 0.9285000000000001
0.25048999999999993 1.0275
0.19950999999999997 1.0275

topleft
4
-0.7475 1.3025
0 1.3025
0 1.4015
-0.7475 1.4015

topcenter
4
0 1.3025
0.135 1.3025
0.135 1.4015
0 1.4015

topright
4
0.135 1.3025
0.7474999999999998 1.3025
0.7474999999999998 1.4015
0.135 1.4015

botleft
4
-0.7475 -0.001
0 -0.001
0 0.001
-0.7475 0.001

botright
4
0.135 -0.001
0.7474999999999998 -0.001
0.7474999999999998 0.001
0.135 0.001


48
IMD4d1_damage
4
-0.25392400000000004 0.9185000000000001
-0.10607600000000002 0.9185000000000001
-0.10547200000000002 0.9285000000000001
-0.25452800000000003 0.9285000000000001
3.1

IMD4d1_damage
4
-0.07392400000000003 0.9185000000000001
0.073924 0.9185000000000001
0.074528 0.9285000000000001
-0.07452800000000002 0.9285000000000001
3.1

IMD4d1_damage
4
0.10607599999999999 0.9185000000000001
0.16392399999999996 0.9185000000000001
0.16452799999999995 0.9285000000000001
0.105472 0.9285000000000001
3.1

IMD4d1_damage
4
0.19607599999999997 0.9185000000000001
0.2539239999999999 0.9185000000000001
0.2545279999999999 0.9285000000000001
0.19547199999999998 0.9285000000000001
3.1

IMD4d2_damage
4
-0.24951900000000005 0.9285000000000001
-0.24451000000000003 0.9285000000000001
-0.25049000000000005 1.0275
-0.25549900000000003 1.0275
2.9

IMD4d2_damage
4
-0.11549000000000002 0.9285000000000001
-0.11048100000000002 0.9285000000000001
-0.10450100000000002 1.0275
-0.10951000000000002 1.0275
2.9

IMD4d2_damage
4
-0.06951900000000003 0.9285000000000001
-0.06451000000000003 0.9285000000000001
-0.07049000000000002 1.0275
-0.07549900000000002 1.0275
2.9

IMD4d2_damage
4
0.06451 0.9285000000000001
0.069519 0.9285000000000001
0.075499 1.0275
0.07049 1.0275
2.9

IMD4d2_damage
4
0.110481 0.9285000000000001
0.11549 0.9285000000000001
0.10951 1.0275
0.104501 1.0275
2.9

IMD4d2_damage
4
0.15450999999999995 0.9285000000000001
0.15951899999999997 0.9285000000000001
0.16549899999999998 1.0275
0.16048999999999997 1.0275
2.9

IMD4d2_damage
4
0.20048099999999996 0.9285000000000001
0.20548999999999998 0.9285000000000001
0.19950999999999997 1.0275
0.19450099999999995 1.0275
2.9

IMD4d2_damage
4
0.24450999999999992 0.9285000000000001
0.24951899999999994 0.9285000000000001
0.2554989999999999 1.0275
0.25048999999999993 1.0275
2.9

IMD6d1_damage
4
-0.7475 1.2925
0.7474999999999998 1.2925
0.7474999999999998 1.3025
-0.7475 1.3025
3.1

IMD4d2
4
-0.7475 0.9285000000000001
-0.24951900000000005 0.9285000000000001
-0.25549900000000003 1.0275
-0.7475 1.0275
2.65

IMD4d2
4
-0.11048100000000002 0.9285000000000001
-0.06951900000000003 0.9285000000000001
-0.07549900000000002 1.0275
-0.10450100000000002 1.0275
2.65

IMD4d2
4
0.069519 0.9285000000000001
0.110481 0.9285000000000001
0.104501 1.0275
0.075499 1.0275
2.65

IMD4d2
4
0.15951899999999997 0.9285000000000001
0.20048099999999996 0.9285000000000001
0.19450099999999995 1.0275
0.16549899999999998 1.0275
2.65

IMD4d2
4
0.24951899999999994 0.9285000000000001
0.7474999999999998 0.9285000000000001
0.7474999999999998 1.0275
0.2554989999999999 1.0275
2.65

IMD4d1
4
-0.7475 0.9185000000000001
-0.25392400000000004 0.9185000000000001
-0.25452800000000003 0.9285000000000001
-0.7475 0.9285000000000001
2.65

IMD4d1
4
-0.10607600000000002 0.9185000000000001
-0.07392400000000003 0.9185000000000001
-0.07452800000000002 0.9285000000000001
-0.10547200000000002 0.9285000000000001
2.65

IMD4d1
4
0.073924 0.9185000000000001
0.10607599999999999 0.9185000000000001
0.105472 0.9285000000000001
0.074528 0.9285000000000001
2.65

IMD4d1
4
0.16392399999999996 0.9185000000000001
0.19607599999999997 0.9185000000000001
0.19547199999999998 0.9285000000000001
0.16452799999999995 0.9285000000000001
2.65

IMD4d1
4
0.2539239999999999 0.9185000000000001
0.7474999999999998 0.9185000000000001
0.7474999999999998 0.9285000000000001
0.2545279999999999 0.9285000000000001
2.65

IMD4d1
4
-0.7475 0.9005
0.7474999999999998 0.9005
0.7474999999999998 0.9185000000000001
-0.7475 0.9185000000000001
2.65

IMD6d1
4
-0.7475 1.2745
0.7474999999999998 1.2745
0.7474999999999998 1.2925
-0.7475 1.2925
2.65

FOXA+FOXB+TOX
4
-0.7475 0.001
0.7474999999999998 0.001
0.7474999999999998 0.2665
-0.7475 0.2665
4.0

ILD1a
4
-0.7475 0.2665
0.7474999999999998 0.2665
0.7474999999999998 0.2765
-0.7475 0.2765
7.0

ILD1b1+ILD1b2+ILD1b3
4
-0.7475 0.2765
0.7474999999999998 0.2765
0.7474999999999998 0.3955
-0.7475 0.3955
4.0

IMD1a
4
-0.7475 0.3955
0.7474999999999998 0.3955
0.7474999999999998 0.4065
-0.7475 0.4065
5.2

IMD1b
4
-0.7475 0.4065
0.7474999999999998 0.4065
0.7474999999999998 0.4665
-0.7475 0.4665
2.8

IMD2a
4
-0.7475 0.4665
0.7474999999999998 0.4665
0.7474999999999998 0.4875
-0.7475 0.4875
5.2

IMD2b
4
-0.7475 0.4875
0.7474999999999998 0.4875
0.7474999999999998 0.5025
-0.7475 0.5025
4.2

IMD2c
4
-0.7475 0.5025
0.7474999999999998 0.5025
0.7474999999999998 0.5265
-0.7475 0.5265
3.28

IMD2d1+IMD2d2
4
-0.7475 0.5265
0.7474999999999998 0.5265
0.7474999999999998 0.6535
-0.7475 0.6535
2.65

IMD3a
4
-0.7475 0.6535
0.7474999999999998 0.6535
0.7474999999999998 0.6745
-0.7475 0.6745
5.2

IMD3b
4
-0.7475 0.6745
0.7474999999999998 0.6745
0.7474999999999998 0.6895
-0.7475 0.6895
4.2

IMD3c
4
-0.7475 0.6895
0.7474999999999998 0.6895
0.7474999999999998 0.7135
-0.7475 0.7135
3.28

IMD3d1+IMD3d2
4
-0.7475 0.7135
0.7474999999999998 0.7135
0.7474999999999998 0.8405
-0.7475 0.8405
2.65

IMD4a
4
-0.7475 0.8405
0.7474999999999998 0.8405
0.7474999999999998 0.8615
-0.7475 0.8615
5.2

IMD4b
4
-0.7475 0.8615
0.7474999999999998 0.8615
0.7474999999999998 0.8765
-0.7475 0.8765
4.2

IMD4c
4
-0.7475 0.8765
0.7474999999999998 0.8765
0.7474999999999998 0.9005
-0.7475 0.9005
3.28

IMD5a
4
-0.7475 1.0275
0.7474999999999998 1.0275
0.7474999999999998 1.0485
-0.7475 1.0485
5.2

IMD5b
4
-0.7475 1.0485
0.7474999999999998 1.0485
0.7474999999999998 1.0635
-0.7475 1.0635
4.2

IMD5c
4
-0.7475 1.0635
0.7474999999999998 1.0635
0.7474999999999998 1.0875
-0.7475 1.0875
3.28

IMD5d1+IMD5d2
4
-0.7475 1.0875
0.7474999999999998 1.0875
0.7474999999999998 1.2145
-0.7475 1.2145
2.65

IMD6a
4
-0.7475 1.2145
0.7474999999999998 1.2145
0.7474999999999998 1.2355
-0.7475 1.2355
5.2

IMD6b
4
-0.7475 1.2355
0.7474999999999998 1.2355
0.7474999999999998 1.2505
-0.7475 1.2505
4.2

IMD6c
4
-0.7475 1.2505
0.7474999999999998 1.2505
0.7474999999999998 1.2745
-0.7475 1.2745
3.28


4
-0.7475 0.001
0.7474999999999998 0.001
0.7474999999999998 1.3025
-0.7475 1.3025

