c1
4
-0.44700999999999996 1.1155
0.44700999999999996 1.1155
0.45298999999999995 1.2145
-0.45298999999999995 1.2145

5
botleft
4
-6.35 -0.001
0 -0.001
0 0.001
-6.35 0.001

botright
4
0 -0.001
5.5625 -0.001
5.5625 0.001
0 0.001

c2
4
0.4754899999999999 1.1155
0.5145099999999999 1.1155
0.5204899999999999 1.2145
0.4695099999999999 1.2145

topleft
4
-6.35 1.3025
0 1.3025
0 1.4015
-6.35 1.4015

topright
4
0 1.3025
5.5625 1.3025
5.5625 1.4015
0 1.4015


38
IMD5d1_damage
4
-0.45642399999999994 1.1055
0.45642399999999994 1.1055
0.45702799999999993 1.1155
-0.45702799999999993 1.1155
3.1

IMD5d1_damage
4
0.46607599999999993 1.1055
0.5239239999999998 1.1055
0.5245279999999999 1.1155
0.46547199999999994 1.1155
3.1

IMD5d2_damage
4
-0.45201899999999995 1.1155
-0.44700999999999996 1.1155
-0.45298999999999995 1.2145
-0.45799899999999993 1.2145
2.9

IMD5d2_damage
4
0.44700999999999996 1.1155
0.45201899999999995 1.1155
0.45799899999999993 1.2145
0.45298999999999995 1.2145
2.9

IMD5d2_damage
4
0.4704809999999999 1.1155
0.4754899999999999 1.1155
0.4695099999999999 1.2145
0.46450099999999994 1.2145
2.9

IMD5d2_damage
4
0.5145099999999999 1.1155
0.519519 1.1155
0.5254989999999999 1.2145
0.5204899999999999 1.2145
2.9

IMD6d1_damage
4
-6.35 1.2925
5.5625 1.2925
5.5625 1.3025
-6.35 1.3025
3.1

IMD5d2
4
-6.35 1.1155
-0.45201899999999995 1.1155
-0.45799899999999993 1.2145
-6.35 1.2145
2.65

IMD5d2
4
0.45201899999999995 1.1155
0.4704809999999999 1.1155
0.46450099999999994 1.2145
0.45799899999999993 1.2145
2.65

IMD5d2
4
0.519519 1.1155
5.5625 1.1155
5.5625 1.2145
0.5254989999999999 1.2145
2.65

IMD5d1
4
-6.35 1.1055
-0.45642399999999994 1.1055
-0.45702799999999993 1.1155
-6.35 1.1155
2.65

IMD5d1
4
0.45642399999999994 1.1055
0.46607599999999993 1.1055
0.46547199999999994 1.1155
0.45702799999999993 1.1155
2.65

IMD5d1
4
0.5239239999999998 1.1055
5.5625 1.1055
5.5625 1.1155
0.5245279999999999 1.1155
2.65

IMD5d1
4
-6.35 1.0875
5.5625 1.0875
5.5625 1.1055
-6.35 1.1055
2.65

IMD6d1
4
-6.35 1.2745
5.5625 1.2745
5.5625 1.2925
-6.35 1.2925
2.65

FOXA+FOXB+TOX
4
-6.35 0.001
5.5625 0.001
5.5625 0.2665
-6.35 0.2665
4.0

ILD1a
4
-6.35 0.2665
5.5625 0.2665
5.5625 0.2765
-6.35 0.2765
7.0

ILD1b1+ILD1b2+ILD1b3
4
-6.35 0.2765
5.5625 0.2765
5.5625 0.3955
-6.35 0.3955
4.0

IMD1a
4
-6.35 0.3955
5.5625 0.3955
5.5625 0.4065
-6.35 0.4065
5.2

IMD1b
4
-6.35 0.4065
5.5625 0.4065
5.5625 0.4665
-6.35 0.4665
2.8

IMD2a
4
-6.35 0.4665
5.5625 0.4665
5.5625 0.4875
-6.35 0.4875
5.2

IMD2b
4
-6.35 0.4875
5.5625 0.4875
5.5625 0.5025
-6.35 0.5025
4.2

IMD2c
4
-6.35 0.5025
5.5625 0.5025
5.5625 0.5265
-6.35 0.5265
3.28

IMD2d1+IMD2d2
4
-6.35 0.5265
5.5625 0.5265
5.5625 0.6535
-6.35 0.6535
2.65

IMD3a
4
-6.35 0.6535
5.5625 0.6535
5.5625 0.6745
-6.35 0.6745
5.2

IMD3b
4
-6.35 0.6745
5.5625 0.6745
5.5625 0.6895
-6.35 0.6895
4.2

IMD3c
4
-6.35 0.6895
5.5625 0.6895
5.5625 0.7135
-6.35 0.7135
3.28

IMD3d1+IMD3d2
4
-6.35 0.7135
5.5625 0.7135
5.5625 0.8405
-6.35 0.8405
2.65

IMD4a
4
-6.35 0.8405
5.5625 0.8405
5.5625 0.8615
-6.35 0.8615
5.2

IMD4b
4
-6.35 0.8615
5.5625 0.8615
5.5625 0.8765
-6.35 0.8765
4.2

IMD4c
4
-6.35 0.8765
5.5625 0.8765
5.5625 0.9005
-6.35 0.9005
3.28

IMD4d1+IMD4d2
4
-6.35 0.9005
5.5625 0.9005
5.5625 1.0275
-6.35 1.0275
2.65

IMD5a
4
-6.35 1.0275
5.5625 1.0275
5.5625 1.0485
-6.35 1.0485
5.2

IMD5b
4
-6.35 1.0485
5.5625 1.0485
5.5625 1.0635
-6.35 1.0635
4.2

IMD5c
4
-6.35 1.0635
5.5625 1.0635
5.5625 1.0875
-6.35 1.0875
3.28

IMD6a
4
-6.35 1.2145
5.5625 1.2145
5.5625 1.2355
-6.35 1.2355
5.2

IMD6b
4
-6.35 1.2355
5.5625 1.2355
5.5625 1.2505
-6.35 1.2505
4.2

IMD6c
4
-6.35 1.2505
5.5625 1.2505
5.5625 1.2745
-6.35 1.2745
3.28


4
-6.35 0.001
5.5625 0.001
5.5625 1.3025
-6.35 1.3025

