c1
4
-0.44700999999999996 0.9285000000000001
0.44700999999999996 0.9285000000000001
0.45298999999999995 1.0275
-0.45298999999999995 1.0275

5
botleft
4
-6.35 -0.001
0 -0.001
0 0.001
-6.35 0.001

botright
4
0 -0.001
6.035 -0.001
6.035 0.001
0 0.001

c2
4
0.7679899999999998 0.9285000000000001
0.89701 0.9285000000000001
0.90299 1.0275
0.7620099999999999 1.0275

topleft
4
-6.35 1.1155
0 1.1155
0 1.2145
-6.35 1.2145

topright
4
0 1.1155
6.035 1.1155
6.035 1.2145
0 1.2145


34
IMD4d1_damage
4
-0.45642399999999994 0.9185000000000001
0.45642399999999994 0.9185000000000001
0.45702799999999993 0.9285000000000001
-0.45702799999999993 0.9285000000000001
3.1

IMD4d1_damage
4
0.7585759999999999 0.9185000000000001
0.9064239999999999 0.9185000000000001
0.907028 0.9285000000000001
0.7579719999999999 0.9285000000000001
3.1

IMD4d2_damage
4
-0.45201899999999995 0.9285000000000001
-0.44700999999999996 0.9285000000000001
-0.45298999999999995 1.0275
-0.45799899999999993 1.0275
2.9

IMD4d2_damage
4
0.44700999999999996 0.9285000000000001
0.45201899999999995 0.9285000000000001
0.45799899999999993 1.0275
0.45298999999999995 1.0275
2.9

IMD4d2_damage
4
0.7629809999999998 0.9285000000000001
0.7679899999999998 0.9285000000000001
0.7620099999999999 1.0275
0.7570009999999998 1.0275
2.9

IMD4d2_damage
4
0.89701 0.9285000000000001
0.902019 0.9285000000000001
0.907999 1.0275
0.90299 1.0275
2.9

IMD5d1_damage
4
-6.35 1.1055
6.035 1.1055
6.035 1.1155
-6.35 1.1155
3.1

IMD4d2
4
-6.35 0.9285000000000001
-0.45201899999999995 0.9285000000000001
-0.45799899999999993 1.0275
-6.35 1.0275
2.65

IMD4d2
4
0.45201899999999995 0.9285000000000001
0.7629809999999998 0.9285000000000001
0.7570009999999998 1.0275
0.45799899999999993 1.0275
2.65

IMD4d2
4
0.902019 0.9285000000000001
6.035 0.9285000000000001
6.035 1.0275
0.907999 1.0275
2.65

IMD4d1
4
-6.35 0.9185000000000001
-0.45642399999999994 0.9185000000000001
-0.45702799999999993 0.9285000000000001
-6.35 0.9285000000000001
2.65

IMD4d1
4
0.45642399999999994 0.9185000000000001
0.7585759999999999 0.9185000000000001
0.7579719999999999 0.9285000000000001
0.45702799999999993 0.9285000000000001
2.65

IMD4d1
4
0.9064239999999999 0.9185000000000001
6.035 0.9185000000000001
6.035 0.9285000000000001
0.907028 0.9285000000000001
2.65

IMD4d1
4
-6.35 0.9005
6.035 0.9005
6.035 0.9185000000000001
-6.35 0.9185000000000001
2.65

IMD5d1
4
-6.35 1.0875
6.035 1.0875
6.035 1.1055
-6.35 1.1055
2.65

FOXA+FOXB+TOX
4
-6.35 0.001
6.035 0.001
6.035 0.2665
-6.35 0.2665
4.0

ILD1a
4
-6.35 0.2665
6.035 0.2665
6.035 0.2765
-6.35 0.2765
7.0

ILD1b1+ILD1b2+ILD1b3
4
-6.35 0.2765
6.035 0.2765
6.035 0.3955
-6.35 0.3955
4.0

IMD1a
4
-6.35 0.3955
6.035 0.3955
6.035 0.4065
-6.35 0.4065
5.2

IMD1b
4
-6.35 0.4065
6.035 0.4065
6.035 0.4665
-6.35 0.4665
2.8

IMD2a
4
-6.35 0.4665
6.035 0.4665
6.035 0.4875
-6.35 0.4875
5.2

IMD2b
4
-6.35 0.4875
6.035 0.4875
6.035 0.5025
-6.35 0.5025
4.2

IMD2c
4
-6.35 0.5025
6.035 0.5025
6.035 0.5265
-6.35 0.5265
3.28

IMD2d1+IMD2d2
4
-6.35 0.5265
6.035 0.5265
6.035 0.6535
-6.35 0.6535
2.65

IMD3a
4
-6.35 0.6535
6.035 0.6535
6.035 0.6745
-6.35 0.6745
5.2

IMD3b
4
-6.35 0.6745
6.035 0.6745
6.035 0.6895
-6.35 0.6895
4.2

IMD3c
4
-6.35 0.6895
6.035 0.6895
6.035 0.7135
-6.35 0.7135
3.28

IMD3d1+IMD3d2
4
-6.35 0.7135
6.035 0.7135
6.035 0.8405
-6.35 0.8405
2.65

IMD4a
4
-6.35 0.8405
6.035 0.8405
6.035 0.8615
-6.35 0.8615
5.2

IMD4b
4
-6.35 0.8615
6.035 0.8615
6.035 0.8765
-6.35 0.8765
4.2

IMD4c
4
-6.35 0.8765
6.035 0.8765
6.035 0.9005
-6.35 0.9005
3.28

IMD5a
4
-6.35 1.0275
6.035 1.0275
6.035 1.0485
-6.35 1.0485
5.2

IMD5b
4
-6.35 1.0485
6.035 1.0485
6.035 1.0635
-6.35 1.0635
4.2

IMD5c
4
-6.35 1.0635
6.035 1.0635
6.035 1.0875
-6.35 1.0875
3.28


4
-6.35 0.001
6.035 0.001
6.035 1.1155
-6.35 1.1155

