c1
4
-0.44701 0.9285000000000001
0.44701 0.9285000000000001
0.45299 1.0275
-0.45299 1.0275

7
botleft
4
-2.165 -0.001
0 -0.001
0 0.001
-2.165 0.001

botright
4
0 -0.001
2.165 -0.001
2.165 0.001
0 0.001

lEnv
4
-1.6620099999999998 0.9285000000000001
-0.76799 0.9285000000000001
-0.76201 1.0275
-1.6679899999999999 1.0275

c2
4
1.26299 0.9285000000000001
1.30201 0.9285000000000001
1.30799 1.0275
1.25701 1.0275

rEnv
4
1.62299 0.9285000000000001
1.6620099999999998 0.9285000000000001
1.6679899999999999 1.0275
1.6170099999999998 1.0275

topleft
4
-2.165 1.1155
0 1.1155
0 1.2145
-2.165 1.2145

topright
4
0 1.1155
2.165 1.1155
2.165 1.2145
0 1.2145


44
IMD4d1_damage
4
-1.6714239999999998 0.9185000000000001
-0.758576 0.9185000000000001
-0.757972 0.9285000000000001
-1.6720279999999998 0.9285000000000001
3.1

IMD4d1_damage
4
-0.456424 0.9185000000000001
0.456424 0.9185000000000001
0.457028 0.9285000000000001
-0.457028 0.9285000000000001
3.1

IMD4d1_damage
4
1.253576 0.9185000000000001
1.311424 0.9185000000000001
1.312028 0.9285000000000001
1.252972 0.9285000000000001
3.1

IMD4d1_damage
4
1.613576 0.9185000000000001
1.6714239999999998 0.9185000000000001
1.6720279999999998 0.9285000000000001
1.6129719999999999 0.9285000000000001
3.1

IMD4d2_damage
4
-1.6670189999999998 0.9285000000000001
-1.6620099999999998 0.9285000000000001
-1.6679899999999999 1.0275
-1.672999 1.0275
2.9

IMD4d2_damage
4
-0.76799 0.9285000000000001
-0.7629809999999999 0.9285000000000001
-0.7570009999999999 1.0275
-0.76201 1.0275
2.9

IMD4d2_damage
4
-0.452019 0.9285000000000001
-0.44701 0.9285000000000001
-0.45299 1.0275
-0.457999 1.0275
2.9

IMD4d2_damage
4
0.44701 0.9285000000000001
0.452019 0.9285000000000001
0.457999 1.0275
0.45299 1.0275
2.9

IMD4d2_damage
4
1.257981 0.9285000000000001
1.26299 0.9285000000000001
1.25701 1.0275
1.252001 1.0275
2.9

IMD4d2_damage
4
1.30201 0.9285000000000001
1.307019 0.9285000000000001
1.312999 1.0275
1.30799 1.0275
2.9

IMD4d2_damage
4
1.617981 0.9285000000000001
1.62299 0.9285000000000001
1.6170099999999998 1.0275
1.6120009999999998 1.0275
2.9

IMD4d2_damage
4
1.6620099999999998 0.9285000000000001
1.6670189999999998 0.9285000000000001
1.672999 1.0275
1.6679899999999999 1.0275
2.9

IMD5d1_damage
4
-2.165 1.1055
2.165 1.1055
2.165 1.1155
-2.165 1.1155
3.1

IMD4d2
4
-2.165 0.9285000000000001
-1.6670189999999998 0.9285000000000001
-1.672999 1.0275
-2.165 1.0275
2.65

IMD4d2
4
-0.7629809999999999 0.9285000000000001
-0.452019 0.9285000000000001
-0.457999 1.0275
-0.7570009999999999 1.0275
2.65

IMD4d2
4
0.452019 0.9285000000000001
1.257981 0.9285000000000001
1.252001 1.0275
0.457999 1.0275
2.65

IMD4d2
4
1.307019 0.9285000000000001
1.617981 0.9285000000000001
1.6120009999999998 1.0275
1.312999 1.0275
2.65

IMD4d2
4
1.6670189999999998 0.9285000000000001
2.165 0.9285000000000001
2.165 1.0275
1.672999 1.0275
2.65

IMD4d1
4
-2.165 0.9185000000000001
-1.6714239999999998 0.9185000000000001
-1.6720279999999998 0.9285000000000001
-2.165 0.9285000000000001
2.65

IMD4d1
4
-0.758576 0.9185000000000001
-0.456424 0.9185000000000001
-0.457028 0.9285000000000001
-0.757972 0.9285000000000001
2.65

IMD4d1
4
0.456424 0.9185000000000001
1.253576 0.9185000000000001
1.252972 0.9285000000000001
0.457028 0.9285000000000001
2.65

IMD4d1
4
1.311424 0.9185000000000001
1.613576 0.9185000000000001
1.6129719999999999 0.9285000000000001
1.312028 0.9285000000000001
2.65

IMD4d1
4
1.6714239999999998 0.9185000000000001
2.165 0.9185000000000001
2.165 0.9285000000000001
1.6720279999999998 0.9285000000000001
2.65

IMD4d1
4
-2.165 0.9005
2.165 0.9005
2.165 0.9185000000000001
-2.165 0.9185000000000001
2.65

IMD5d1
4
-2.165 1.0875
2.165 1.0875
2.165 1.1055
-2.165 1.1055
2.65

FOXA+FOXB+TOX
4
-2.165 0.001
2.165 0.001
2.165 0.2665
-2.165 0.2665
4.0

ILD1a
4
-2.165 0.2665
2.165 0.2665
2.165 0.2765
-2.165 0.2765
7.0

ILD1b1+ILD1b2+ILD1b3
4
-2.165 0.2765
2.165 0.2765
2.165 0.3955
-2.165 0.3955
4.0

IMD1a
4
-2.165 0.3955
2.165 0.3955
2.165 0.4065
-2.165 0.4065
5.2

IMD1b
4
-2.165 0.4065
2.165 0.4065
2.165 0.4665
-2.165 0.4665
2.8

IMD2a
4
-2.165 0.4665
2.165 0.4665
2.165 0.4875
-2.165 0.4875
5.2

IMD2b
4
-2.165 0.4875
2.165 0.4875
2.165 0.5025
-2.165 0.5025
4.2

IMD2c
4
-2.165 0.5025
2.165 0.5025
2.165 0.5265
-2.165 0.5265
3.28

IMD2d1+IMD2d2
4
-2.165 0.5265
2.165 0.5265
2.165 0.6535
-2.165 0.6535
2.65

IMD3a
4
-2.165 0.6535
2.165 0.6535
2.165 0.6745
-2.165 0.6745
5.2

IMD3b
4
-2.165 0.6745
2.165 0.6745
2.165 0.6895
-2.165 0.6895
4.2

IMD3c
4
-2.165 0.6895
2.165 0.6895
2.165 0.7135
-2.165 0.7135
3.28

IMD3d1+IMD3d2
4
-2.165 0.7135
2.165 0.7135
2.165 0.8405
-2.165 0.8405
2.65

IMD4a
4
-2.165 0.8405
2.165 0.8405
2.165 0.8615
-2.165 0.8615
5.2

IMD4b
4
-2.165 0.8615
2.165 0.8615
2.165 0.8765
-2.165 0.8765
4.2

IMD4c
4
-2.165 0.8765
2.165 0.8765
2.165 0.9005
-2.165 0.9005
3.28

IMD5a
4
-2.165 1.0275
2.165 1.0275
2.165 1.0485
-2.165 1.0485
5.2

IMD5b
4
-2.165 1.0485
2.165 1.0485
2.165 1.0635
-2.165 1.0635
4.2

IMD5c
4
-2.165 1.0635
2.165 1.0635
2.165 1.0875
-2.165 1.0875
3.28


4
-2.165 0.001
2.165 0.001
2.165 1.1155
-2.165 1.1155

