botcenter
4
0 -0.001
1.3499999999999999 -0.001
1.3499999999999999 0.001
0 0.001

9
lEnv
4
-1.3920099999999997 1.1155
-0.49798999999999993 1.1155
-0.49200999999999995 1.2145
-1.3979899999999998 1.2145

c1
4
-0.44701 1.1155
0.44701 1.1155
0.45299 1.2145
-0.45299 1.2145

c2
4
0.9029900000000001 1.1155
1.79701 1.1155
1.80299 1.2145
0.8970100000000001 1.2145

rEnv
4
1.84799 1.1155
2.7420099999999996 1.1155
2.7479899999999997 1.2145
1.84201 1.2145

topleft
4
-1.8949999999999998 1.3025
0 1.3025
0 1.4015
-1.8949999999999998 1.4015

topcenter
4
0 1.3025
1.3499999999999999 1.3025
1.3499999999999999 1.4015
0 1.4015

topright
4
1.3499999999999999 1.3025
3.245 1.3025
3.245 1.4015
1.3499999999999999 1.4015

botleft
4
-1.8949999999999998 -0.001
0 -0.001
0 0.001
-1.8949999999999998 0.001

botright
4
1.3499999999999999 -0.001
3.245 -0.001
3.245 0.001
1.3499999999999999 0.001


48
IMD5d1_damage
4
-1.4014239999999998 1.1055
-0.48857599999999995 1.1055
-0.48797199999999996 1.1155
-1.4020279999999998 1.1155
3.1

IMD5d1_damage
4
-0.456424 1.1055
0.456424 1.1055
0.457028 1.1155
-0.457028 1.1155
3.1

IMD5d1_damage
4
0.8935760000000001 1.1055
1.806424 1.1055
1.807028 1.1155
0.8929720000000001 1.1155
3.1

IMD5d1_damage
4
1.838576 1.1055
2.7514239999999996 1.1055
2.7520279999999997 1.1155
1.837972 1.1155
3.1

IMD5d2_damage
4
-1.3970189999999998 1.1155
-1.3920099999999997 1.1155
-1.3979899999999998 1.2145
-1.4029989999999999 1.2145
2.9

IMD5d2_damage
4
-0.49798999999999993 1.1155
-0.49298099999999995 1.1155
-0.48700099999999996 1.2145
-0.49200999999999995 1.2145
2.9

IMD5d2_damage
4
-0.452019 1.1155
-0.44701 1.1155
-0.45299 1.2145
-0.457999 1.2145
2.9

IMD5d2_damage
4
0.44701 1.1155
0.452019 1.1155
0.457999 1.2145
0.45299 1.2145
2.9

IMD5d2_damage
4
0.897981 1.1155
0.9029900000000001 1.1155
0.8970100000000001 1.2145
0.892001 1.2145
2.9

IMD5d2_damage
4
1.79701 1.1155
1.802019 1.1155
1.8079990000000001 1.2145
1.80299 1.2145
2.9

IMD5d2_damage
4
1.842981 1.1155
1.84799 1.1155
1.84201 1.2145
1.8370009999999999 1.2145
2.9

IMD5d2_damage
4
2.7420099999999996 1.1155
2.7470189999999994 1.1155
2.7529989999999995 1.2145
2.7479899999999997 1.2145
2.9

IMD6d1_damage
4
-1.8949999999999998 1.2925
3.245 1.2925
3.245 1.3025
-1.8949999999999998 1.3025
3.1

IMD5d2
4
-1.8949999999999998 1.1155
-1.3970189999999998 1.1155
-1.4029989999999999 1.2145
-1.8949999999999998 1.2145
2.65

IMD5d2
4
-0.49298099999999995 1.1155
-0.452019 1.1155
-0.457999 1.2145
-0.48700099999999996 1.2145
2.65

IMD5d2
4
0.452019 1.1155
0.897981 1.1155
0.892001 1.2145
0.457999 1.2145
2.65

IMD5d2
4
1.802019 1.1155
1.842981 1.1155
1.8370009999999999 1.2145
1.8079990000000001 1.2145
2.65

IMD5d2
4
2.7470189999999994 1.1155
3.245 1.1155
3.245 1.2145
2.7529989999999995 1.2145
2.65

IMD5d1
4
-1.8949999999999998 1.1055
-1.4014239999999998 1.1055
-1.4020279999999998 1.1155
-1.8949999999999998 1.1155
2.65

IMD5d1
4
-0.48857599999999995 1.1055
-0.456424 1.1055
-0.457028 1.1155
-0.48797199999999996 1.1155
2.65

IMD5d1
4
0.456424 1.1055
0.8935760000000001 1.1055
0.8929720000000001 1.1155
0.457028 1.1155
2.65

IMD5d1
4
1.806424 1.1055
1.838576 1.1055
1.837972 1.1155
1.807028 1.1155
2.65

IMD5d1
4
2.7514239999999996 1.1055
3.245 1.1055
3.245 1.1155
2.7520279999999997 1.1155
2.65

IMD5d1
4
-1.8949999999999998 1.0875
3.245 1.0875
3.245 1.1055
-1.8949999999999998 1.1055
2.65

IMD6d1
4
-1.8949999999999998 1.2745
3.245 1.2745
3.245 1.2925
-1.8949999999999998 1.2925
2.65

FOXA+FOXB+TOX
4
-1.8949999999999998 0.001
3.245 0.001
3.245 0.2665
-1.8949999999999998 0.2665
4.0

ILD1a
4
-1.8949999999999998 0.2665
3.245 0.2665
3.245 0.2765
-1.8949999999999998 0.2765
7.0

ILD1b1+ILD1b2+ILD1b3
4
-1.8949999999999998 0.2765
3.245 0.2765
3.245 0.3955
-1.8949999999999998 0.3955
4.0

IMD1a
4
-1.8949999999999998 0.3955
3.245 0.3955
3.245 0.4065
-1.8949999999999998 0.4065
5.2

IMD1b
4
-1.8949999999999998 0.4065
3.245 0.4065
3.245 0.4665
-1.8949999999999998 0.4665
2.8

IMD2a
4
-1.8949999999999998 0.4665
3.245 0.4665
3.245 0.4875
-1.8949999999999998 0.4875
5.2

IMD2b
4
-1.8949999999999998 0.4875
3.245 0.4875
3.245 0.5025
-1.8949999999999998 0.5025
4.2

IMD2c
4
-1.8949999999999998 0.5025
3.245 0.5025
3.245 0.5265
-1.8949999999999998 0.5265
3.28

IMD2d1+IMD2d2
4
-1.8949999999999998 0.5265
3.245 0.5265
3.245 0.6535
-1.8949999999999998 0.6535
2.65

IMD3a
4
-1.8949999999999998 0.6535
3.245 0.6535
3.245 0.6745
-1.8949999999999998 0.6745
5.2

IMD3b
4
-1.8949999999999998 0.6745
3.245 0.6745
3.245 0.6895
-1.8949999999999998 0.6895
4.2

IMD3c
4
-1.8949999999999998 0.6895
3.245 0.6895
3.245 0.7135
-1.8949999999999998 0.7135
3.28

IMD3d1+IMD3d2
4
-1.8949999999999998 0.7135
3.245 0.7135
3.245 0.8405
-1.8949999999999998 0.8405
2.65

IMD4a
4
-1.8949999999999998 0.8405
3.245 0.8405
3.245 0.8615
-1.8949999999999998 0.8615
5.2

IMD4b
4
-1.8949999999999998 0.8615
3.245 0.8615
3.245 0.8765
-1.8949999999999998 0.8765
4.2

IMD4c
4
-1.8949999999999998 0.8765
3.245 0.8765
3.245 0.9005
-1.8949999999999998 0.9005
3.28

IMD4d1+IMD4d2
4
-1.8949999999999998 0.9005
3.245 0.9005
3.245 1.0275
-1.8949999999999998 1.0275
2.65

IMD5a
4
-1.8949999999999998 1.0275
3.245 1.0275
3.245 1.0485
-1.8949999999999998 1.0485
5.2

IMD5b
4
-1.8949999999999998 1.0485
3.245 1.0485
3.245 1.0635
-1.8949999999999998 1.0635
4.2

IMD5c
4
-1.8949999999999998 1.0635
3.245 1.0635
3.245 1.0875
-1.8949999999999998 1.0875
3.28

IMD6a
4
-1.8949999999999998 1.2145
3.245 1.2145
3.245 1.2355
-1.8949999999999998 1.2355
5.2

IMD6b
4
-1.8949999999999998 1.2355
3.245 1.2355
3.245 1.2505
-1.8949999999999998 1.2505
4.2

IMD6c
4
-1.8949999999999998 1.2505
3.245 1.2505
3.245 1.2745
-1.8949999999999998 1.2745
3.28


4
-1.8949999999999998 0.001
3.245 0.001
3.245 1.3025
-1.8949999999999998 1.3025

