botcenter
4
0 -0.001
0.6074999999999999 -0.001
0.6074999999999999 0.001
0 0.001

9
lEnv
4
-0.24451000000000003 1.1155
-0.11549000000000002 1.1155
-0.10951000000000002 1.2145
-0.25049000000000005 1.2145

c1
4
-0.06451000000000003 1.1155
0.06451 1.1155
0.07049 1.2145
-0.07049000000000002 1.2145

c2
4
0.16049 1.1155
1.0545099999999996 1.1155
1.0604899999999997 1.2145
0.15450999999999998 1.2145

rEnv
4
1.1054899999999999 1.1155
1.9995099999999995 1.1155
2.0054899999999996 1.2145
1.0995099999999998 1.2145

topleft
4
-0.7475 1.3025
0 1.3025
0 1.4015
-0.7475 1.4015

topcenter
4
0 1.3025
0.6074999999999999 1.3025
0.6074999999999999 1.4015
0 1.4015

topright
4
0.6074999999999999 1.3025
2.5024999999999995 1.3025
2.5024999999999995 1.4015
0.6074999999999999 1.4015

botleft
4
-0.7475 -0.001
0 -0.001
0 0.001
-0.7475 0.001

botright
4
0.6074999999999999 -0.001
2.5024999999999995 -0.001
2.5024999999999995 0.001
0.6074999999999999 0.001


48
IMD5d1_damage
4
-0.25392400000000004 1.1055
-0.10607600000000002 1.1055
-0.10547200000000002 1.1155
-0.25452800000000003 1.1155
3.1

IMD5d1_damage
4
-0.07392400000000003 1.1055
0.073924 1.1055
0.074528 1.1155
-0.07452800000000002 1.1155
3.1

IMD5d1_damage
4
0.151076 1.1055
1.0639239999999996 1.1055
1.0645279999999997 1.1155
0.150472 1.1155
3.1

IMD5d1_damage
4
1.0960759999999998 1.1055
2.0089239999999995 1.1055
2.0095279999999995 1.1155
1.0954719999999998 1.1155
3.1

IMD5d2_damage
4
-0.24951900000000005 1.1155
-0.24451000000000003 1.1155
-0.25049000000000005 1.2145
-0.25549900000000003 1.2145
2.9

IMD5d2_damage
4
-0.11549000000000002 1.1155
-0.11048100000000002 1.1155
-0.10450100000000002 1.2145
-0.10951000000000002 1.2145
2.9

IMD5d2_damage
4
-0.06951900000000003 1.1155
-0.06451000000000003 1.1155
-0.07049000000000002 1.2145
-0.07549900000000002 1.2145
2.9

IMD5d2_damage
4
0.06451 1.1155
0.069519 1.1155
0.075499 1.2145
0.07049 1.2145
2.9

IMD5d2_damage
4
0.15548099999999998 1.1155
0.16049 1.1155
0.15450999999999998 1.2145
0.14950099999999997 1.2145
2.9

IMD5d2_damage
4
1.0545099999999996 1.1155
1.0595189999999997 1.1155
1.0654989999999998 1.2145
1.0604899999999997 1.2145
2.9

IMD5d2_damage
4
1.1004809999999998 1.1155
1.1054899999999999 1.1155
1.0995099999999998 1.2145
1.0945009999999997 1.2145
2.9

IMD5d2_damage
4
1.9995099999999995 1.1155
2.0045189999999993 1.1155
2.0104989999999994 1.2145
2.0054899999999996 1.2145
2.9

IMD6d1_damage
4
-0.7475 1.2925
2.5024999999999995 1.2925
2.5024999999999995 1.3025
-0.7475 1.3025
3.1

IMD5d2
4
-0.7475 1.1155
-0.24951900000000005 1.1155
-0.25549900000000003 1.2145
-0.7475 1.2145
2.65

IMD5d2
4
-0.11048100000000002 1.1155
-0.06951900000000003 1.1155
-0.07549900000000002 1.2145
-0.10450100000000002 1.2145
2.65

IMD5d2
4
0.069519 1.1155
0.15548099999999998 1.1155
0.14950099999999997 1.2145
0.075499 1.2145
2.65

IMD5d2
4
1.0595189999999997 1.1155
1.1004809999999998 1.1155
1.0945009999999997 1.2145
1.0654989999999998 1.2145
2.65

IMD5d2
4
2.0045189999999993 1.1155
2.5024999999999995 1.1155
2.5024999999999995 1.2145
2.0104989999999994 1.2145
2.65

IMD5d1
4
-0.7475 1.1055
-0.25392400000000004 1.1055
-0.25452800000000003 1.1155
-0.7475 1.1155
2.65

IMD5d1
4
-0.10607600000000002 1.1055
-0.07392400000000003 1.1055
-0.07452800000000002 1.1155
-0.10547200000000002 1.1155
2.65

IMD5d1
4
0.073924 1.1055
0.151076 1.1055
0.150472 1.1155
0.074528 1.1155
2.65

IMD5d1
4
1.0639239999999996 1.1055
1.0960759999999998 1.1055
1.0954719999999998 1.1155
1.0645279999999997 1.1155
2.65

IMD5d1
4
2.0089239999999995 1.1055
2.5024999999999995 1.1055
2.5024999999999995 1.1155
2.0095279999999995 1.1155
2.65

IMD5d1
4
-0.7475 1.0875
2.5024999999999995 1.0875
2.5024999999999995 1.1055
-0.7475 1.1055
2.65

IMD6d1
4
-0.7475 1.2745
2.5024999999999995 1.2745
2.5024999999999995 1.2925
-0.7475 1.2925
2.65

FOXA+FOXB+TOX
4
-0.7475 0.001
2.5024999999999995 0.001
2.5024999999999995 0.2665
-0.7475 0.2665
4.0

ILD1a
4
-0.7475 0.2665
2.5024999999999995 0.2665
2.5024999999999995 0.2765
-0.7475 0.2765
7.0

ILD1b1+ILD1b2+ILD1b3
4
-0.7475 0.2765
2.5024999999999995 0.2765
2.5024999999999995 0.3955
-0.7475 0.3955
4.0

IMD1a
4
-0.7475 0.3955
2.5024999999999995 0.3955
2.5024999999999995 0.4065
-0.7475 0.4065
5.2

IMD1b
4
-0.7475 0.4065
2.5024999999999995 0.4065
2.5024999999999995 0.4665
-0.7475 0.4665
2.8

IMD2a
4
-0.7475 0.4665
2.5024999999999995 0.4665
2.5024999999999995 0.4875
-0.7475 0.4875
5.2

IMD2b
4
-0.7475 0.4875
2.5024999999999995 0.4875
2.5024999999999995 0.5025
-0.7475 0.5025
4.2

IMD2c
4
-0.7475 0.5025
2.5024999999999995 0.5025
2.5024999999999995 0.5265
-0.7475 0.5265
3.28

IMD2d1+IMD2d2
4
-0.7475 0.5265
2.5024999999999995 0.5265
2.5024999999999995 0.6535
-0.7475 0.6535
2.65

IMD3a
4
-0.7475 0.6535
2.5024999999999995 0.6535
2.5024999999999995 0.6745
-0.7475 0.6745
5.2

IMD3b
4
-0.7475 0.6745
2.5024999999999995 0.6745
2.5024999999999995 0.6895
-0.7475 0.6895
4.2

IMD3c
4
-0.7475 0.6895
2.5024999999999995 0.6895
2.5024999999999995 0.7135
-0.7475 0.7135
3.28

IMD3d1+IMD3d2
4
-0.7475 0.7135
2.5024999999999995 0.7135
2.5024999999999995 0.8405
-0.7475 0.8405
2.65

IMD4a
4
-0.7475 0.8405
2.5024999999999995 0.8405
2.5024999999999995 0.8615
-0.7475 0.8615
5.2

IMD4b
4
-0.7475 0.8615
2.5024999999999995 0.8615
2.5024999999999995 0.8765
-0.7475 0.8765
4.2

IMD4c
4
-0.7475 0.8765
2.5024999999999995 0.8765
2.5024999999999995 0.9005
-0.7475 0.9005
3.28

IMD4d1+IMD4d2
4
-0.7475 0.9005
2.5024999999999995 0.9005
2.5024999999999995 1.0275
-0.7475 1.0275
2.65

IMD5a
4
-0.7475 1.0275
2.5024999999999995 1.0275
2.5024999999999995 1.0485
-0.7475 1.0485
5.2

IMD5b
4
-0.7475 1.0485
2.5024999999999995 1.0485
2.5024999999999995 1.0635
-0.7475 1.0635
4.2

IMD5c
4
-0.7475 1.0635
2.5024999999999995 1.0635
2.5024999999999995 1.0875
-0.7475 1.0875
3.28

IMD6a
4
-0.7475 1.2145
2.5024999999999995 1.2145
2.5024999999999995 1.2355
-0.7475 1.2355
5.2

IMD6b
4
-0.7475 1.2355
2.5024999999999995 1.2355
2.5024999999999995 1.2505
-0.7475 1.2505
4.2

IMD6c
4
-0.7475 1.2505
2.5024999999999995 1.2505
2.5024999999999995 1.2745
-0.7475 1.2745
3.28


4
-0.7475 0.001
2.5024999999999995 0.001
2.5024999999999995 1.3025
-0.7475 1.3025

