c1
4
-0.06451000000000005 0.9285000000000001
0.06450999999999994 0.9285000000000001
0.07048999999999994 1.0275
-0.07049000000000005 1.0275

7
botleft
4
-1.0175 -0.001
0 -0.001
0 0.001
-1.0175 0.001

botright
4
0 -0.001
2.9974999999999996 -0.001
2.9974999999999996 0.001
0 0.001

lEnv
4
-0.5145100000000001 0.9285000000000001
-0.3854900000000001 0.9285000000000001
-0.3795100000000001 1.0275
-0.5204900000000001 1.0275

c2
4
0.38549 0.9285000000000001
1.2795099999999997 0.9285000000000001
1.2854899999999998 1.0275
0.37951 1.0275

rEnv
4
1.6004899999999997 0.9285000000000001
2.4945099999999996 0.9285000000000001
2.5004899999999997 1.0275
1.5945099999999996 1.0275

topleft
4
-1.0175 1.3025
0 1.3025
0 1.4015
-1.0175 1.4015

topright
4
0 1.3025
2.9974999999999996 1.3025
2.9974999999999996 1.4015
0 1.4015


48
IMD4d1_damage
4
-0.5239240000000001 0.9185000000000001
-0.37607600000000013 0.9185000000000001
-0.37547200000000014 0.9285000000000001
-0.5245280000000001 0.9285000000000001
3.1

IMD4d1_damage
4
-0.07392400000000006 0.9185000000000001
0.07392399999999995 0.9185000000000001
0.07452799999999994 0.9285000000000001
-0.07452800000000005 0.9285000000000001
3.1

IMD4d1_damage
4
0.376076 0.9185000000000001
1.2889239999999997 0.9185000000000001
1.2895279999999998 0.9285000000000001
0.37547200000000003 0.9285000000000001
3.1

IMD4d1_damage
4
1.5910759999999997 0.9185000000000001
2.5039239999999996 0.9185000000000001
2.5045279999999996 0.9285000000000001
1.5904719999999997 0.9285000000000001
3.1

IMD4d2_damage
4
-0.5195190000000002 0.9285000000000001
-0.5145100000000001 0.9285000000000001
-0.5204900000000001 1.0275
-0.5254990000000002 1.0275
2.9

IMD4d2_damage
4
-0.3854900000000001 0.9285000000000001
-0.3804810000000001 0.9285000000000001
-0.37450100000000014 1.0275
-0.3795100000000001 1.0275
2.9

IMD4d2_damage
4
-0.06951900000000005 0.9285000000000001
-0.06451000000000005 0.9285000000000001
-0.07049000000000005 1.0275
-0.07549900000000005 1.0275
2.9

IMD4d2_damage
4
0.06450999999999994 0.9285000000000001
0.06951899999999994 0.9285000000000001
0.07549899999999994 1.0275
0.07048999999999994 1.0275
2.9

IMD4d2_damage
4
0.380481 0.9285000000000001
0.38549 0.9285000000000001
0.37951 1.0275
0.37450100000000003 1.0275
2.9

IMD4d2_damage
4
1.2795099999999997 0.9285000000000001
1.2845189999999997 0.9285000000000001
1.2904989999999998 1.0275
1.2854899999999998 1.0275
2.9

IMD4d2_damage
4
1.5954809999999997 0.9285000000000001
1.6004899999999997 0.9285000000000001
1.5945099999999996 1.0275
1.5895009999999996 1.0275
2.9

IMD4d2_damage
4
2.4945099999999996 0.9285000000000001
2.4995189999999994 0.9285000000000001
2.5054989999999995 1.0275
2.5004899999999997 1.0275
2.9

IMD6d1_damage
4
-1.0175 1.2925
2.9974999999999996 1.2925
2.9974999999999996 1.3025
-1.0175 1.3025
3.1

IMD4d2
4
-1.0175 0.9285000000000001
-0.5195190000000002 0.9285000000000001
-0.5254990000000002 1.0275
-1.0175 1.0275
2.65

IMD4d2
4
-0.3804810000000001 0.9285000000000001
-0.06951900000000005 0.9285000000000001
-0.07549900000000005 1.0275
-0.37450100000000014 1.0275
2.65

IMD4d2
4
0.06951899999999994 0.9285000000000001
0.380481 0.9285000000000001
0.37450100000000003 1.0275
0.07549899999999994 1.0275
2.65

IMD4d2
4
1.2845189999999997 0.9285000000000001
1.5954809999999997 0.9285000000000001
1.5895009999999996 1.0275
1.2904989999999998 1.0275
2.65

IMD4d2
4
2.4995189999999994 0.9285000000000001
2.9974999999999996 0.9285000000000001
2.9974999999999996 1.0275
2.5054989999999995 1.0275
2.65

IMD4d1
4
-1.0175 0.9185000000000001
-0.5239240000000001 0.9185000000000001
-0.5245280000000001 0.9285000000000001
-1.0175 0.9285000000000001
2.65

IMD4d1
4
-0.37607600000000013 0.9185000000000001
-0.07392400000000006 0.9185000000000001
-0.07452800000000005 0.9285000000000001
-0.37547200000000014 0.9285000000000001
2.65

IMD4d1
4
0.07392399999999995 0.9185000000000001
0.376076 0.9185000000000001
0.37547200000000003 0.9285000000000001
0.07452799999999994 0.9285000000000001
2.65

IMD4d1
4
1.2889239999999997 0.9185000000000001
1.5910759999999997 0.9185000000000001
1.5904719999999997 0.9285000000000001
1.2895279999999998 0.9285000000000001
2.65

IMD4d1
4
2.5039239999999996 0.9185000000000001
2.9974999999999996 0.9185000000000001
2.9974999999999996 0.9285000000000001
2.5045279999999996 0.9285000000000001
2.65

IMD4d1
4
-1.0175 0.9005
2.9974999999999996 0.9005
2.9974999999999996 0.9185000000000001
-1.0175 0.9185000000000001
2.65

IMD6d1
4
-1.0175 1.2745
2.9974999999999996 1.2745
2.9974999999999996 1.2925
-1.0175 1.2925
2.65

FOXA+FOXB+TOX
4
-1.0175 0.001
2.9974999999999996 0.001
2.9974999999999996 0.2665
-1.0175 0.2665
4.0

ILD1a
4
-1.0175 0.2665
2.9974999999999996 0.2665
2.9974999999999996 0.2765
-1.0175 0.2765
7.0

ILD1b1+ILD1b2+ILD1b3
4
-1.0175 0.2765
2.9974999999999996 0.2765
2.9974999999999996 0.3955
-1.0175 0.3955
4.0

IMD1a
4
-1.0175 0.3955
2.9974999999999996 0.3955
2.9974999999999996 0.4065
-1.0175 0.4065
5.2

IMD1b
4
-1.0175 0.4065
2.9974999999999996 0.4065
2.9974999999999996 0.4665
-1.0175 0.4665
2.8

IMD2a
4
-1.0175 0.4665
2.9974999999999996 0.4665
2.9974999999999996 0.4875
-1.0175 0.4875
5.2

IMD2b
4
-1.0175 0.4875
2.9974999999999996 0.4875
2.9974999999999996 0.5025
-1.0175 0.5025
4.2

IMD2c
4
-1.0175 0.5025
2.9974999999999996 0.5025
2.9974999999999996 0.5265
-1.0175 0.5265
3.28

IMD2d1+IMD2d2
4
-1.0175 0.5265
2.9974999999999996 0.5265
2.9974999999999996 0.6535
-1.0175 0.6535
2.65

IMD3a
4
-1.0175 0.6535
2.9974999999999996 0.6535
2.9974999999999996 0.6745
-1.0175 0.6745
5.2

IMD3b
4
-1.0175 0.6745
2.9974999999999996 0.6745
2.9974999999999996 0.6895
-1.0175 0.6895
4.2

IMD3c
4
-1.0175 0.6895
2.9974999999999996 0.6895
2.9974999999999996 0.7135
-1.0175 0.7135
3.28

IMD3d1+IMD3d2
4
-1.0175 0.7135
2.9974999999999996 0.7135
2.9974999999999996 0.8405
-1.0175 0.8405
2.65

IMD4a
4
-1.0175 0.8405
2.9974999999999996 0.8405
2.9974999999999996 0.8615
-1.0175 0.8615
5.2

IMD4b
4
-1.0175 0.8615
2.9974999999999996 0.8615
2.9974999999999996 0.8765
-1.0175 0.8765
4.2

IMD4c
4
-1.0175 0.8765
2.9974999999999996 0.8765
2.9974999999999996 0.9005
-1.0175 0.9005
3.28

IMD5a
4
-1.0175 1.0275
2.9974999999999996 1.0275
2.9974999999999996 1.0485
-1.0175 1.0485
5.2

IMD5b
4
-1.0175 1.0485
2.9974999999999996 1.0485
2.9974999999999996 1.0635
-1.0175 1.0635
4.2

IMD5c
4
-1.0175 1.0635
2.9974999999999996 1.0635
2.9974999999999996 1.0875
-1.0175 1.0875
3.28

IMD5d1+IMD5d2
4
-1.0175 1.0875
2.9974999999999996 1.0875
2.9974999999999996 1.2145
-1.0175 1.2145
2.65

IMD6a
4
-1.0175 1.2145
2.9974999999999996 1.2145
2.9974999999999996 1.2355
-1.0175 1.2355
5.2

IMD6b
4
-1.0175 1.2355
2.9974999999999996 1.2355
2.9974999999999996 1.2505
-1.0175 1.2505
4.2

IMD6c
4
-1.0175 1.2505
2.9974999999999996 1.2505
2.9974999999999996 1.2745
-1.0175 1.2745
3.28


4
-1.0175 0.001
2.9974999999999996 0.001
2.9974999999999996 1.3025
-1.0175 1.3025

