botcenter
4
0 -0.001
0.1305 -0.001
0.1305 0.001
0 0.001

7
c1
4
-0.06451000000000001 0.9285000000000001
0.06451000000000001 0.9285000000000001
0.07049000000000001 1.0275
-0.07049000000000001 1.0275

c2
4
0.11099 0.9285000000000001
0.15001 0.9285000000000001
0.15599000000000002 1.0275
0.10501 1.0275

topleft
4
-5.202500000000001 1.1155
0 1.1155
0 1.2145
-5.202500000000001 1.2145

topcenter
4
0 1.1155
0.1305 1.1155
0.1305 1.2145
0 1.2145

topright
4
0.1305 1.1155
5.1979999999999995 1.1155
5.1979999999999995 1.2145
0.1305 1.2145

botleft
4
-5.202500000000001 -0.001
0 -0.001
0 0.001
-5.202500000000001 0.001

botright
4
0.1305 -0.001
5.1979999999999995 -0.001
5.1979999999999995 0.001
0.1305 0.001


34
IMD4d1_damage
4
-0.07392400000000002 0.9185000000000001
0.07392400000000002 0.9185000000000001
0.07452800000000001 0.9285000000000001
-0.07452800000000001 0.9285000000000001
3.1

IMD4d1_damage
4
0.101576 0.9185000000000001
0.159424 0.9185000000000001
0.160028 0.9285000000000001
0.100972 0.9285000000000001
3.1

IMD4d2_damage
4
-0.06951900000000001 0.9285000000000001
-0.06451000000000001 0.9285000000000001
-0.07049000000000001 1.0275
-0.07549900000000001 1.0275
2.9

IMD4d2_damage
4
0.06451000000000001 0.9285000000000001
0.06951900000000001 0.9285000000000001
0.07549900000000001 1.0275
0.07049000000000001 1.0275
2.9

IMD4d2_damage
4
0.105981 0.9285000000000001
0.11099 0.9285000000000001
0.10501 1.0275
0.100001 1.0275
2.9

IMD4d2_damage
4
0.15001 0.9285000000000001
0.15501900000000002 0.9285000000000001
0.16099900000000003 1.0275
0.15599000000000002 1.0275
2.9

IMD5d1_damage
4
-5.202500000000001 1.1055
5.1979999999999995 1.1055
5.1979999999999995 1.1155
-5.202500000000001 1.1155
3.1

IMD4d2
4
-5.202500000000001 0.9285000000000001
-0.06951900000000001 0.9285000000000001
-0.07549900000000001 1.0275
-5.202500000000001 1.0275
2.65

IMD4d2
4
0.06951900000000001 0.9285000000000001
0.105981 0.9285000000000001
0.100001 1.0275
0.07549900000000001 1.0275
2.65

IMD4d2
4
0.15501900000000002 0.9285000000000001
5.1979999999999995 0.9285000000000001
5.1979999999999995 1.0275
0.16099900000000003 1.0275
2.65

IMD4d1
4
-5.202500000000001 0.9185000000000001
-0.07392400000000002 0.9185000000000001
-0.07452800000000001 0.9285000000000001
-5.202500000000001 0.9285000000000001
2.65

IMD4d1
4
0.07392400000000002 0.9185000000000001
0.101576 0.9185000000000001
0.100972 0.9285000000000001
0.07452800000000001 0.9285000000000001
2.65

IMD4d1
4
0.159424 0.9185000000000001
5.1979999999999995 0.9185000000000001
5.1979999999999995 0.9285000000000001
0.160028 0.9285000000000001
2.65

IMD4d1
4
-5.202500000000001 0.9005
5.1979999999999995 0.9005
5.1979999999999995 0.9185000000000001
-5.202500000000001 0.9185000000000001
2.65

IMD5d1
4
-5.202500000000001 1.0875
5.1979999999999995 1.0875
5.1979999999999995 1.1055
-5.202500000000001 1.1055
2.65

FOXA+FOXB+TOX
4
-5.202500000000001 0.001
5.1979999999999995 0.001
5.1979999999999995 0.2665
-5.202500000000001 0.2665
4.0

ILD1a
4
-5.202500000000001 0.2665
5.1979999999999995 0.2665
5.1979999999999995 0.2765
-5.202500000000001 0.2765
7.0

ILD1b1+ILD1b2+ILD1b3
4
-5.202500000000001 0.2765
5.1979999999999995 0.2765
5.1979999999999995 0.3955
-5.202500000000001 0.3955
4.0

IMD1a
4
-5.202500000000001 0.3955
5.1979999999999995 0.3955
5.1979999999999995 0.4065
-5.202500000000001 0.4065
5.2

IMD1b
4
-5.202500000000001 0.4065
5.1979999999999995 0.4065
5.1979999999999995 0.4665
-5.202500000000001 0.4665
2.8

IMD2a
4
-5.202500000000001 0.4665
5.1979999999999995 0.4665
5.1979999999999995 0.4875
-5.202500000000001 0.4875
5.2

IMD2b
4
-5.202500000000001 0.4875
5.1979999999999995 0.4875
5.1979999999999995 0.5025
-5.202500000000001 0.5025
4.2

IMD2c
4
-5.202500000000001 0.5025
5.1979999999999995 0.5025
5.1979999999999995 0.5265
-5.202500000000001 0.5265
3.28

IMD2d1+IMD2d2
4
-5.202500000000001 0.5265
5.1979999999999995 0.5265
5.1979999999999995 0.6535
-5.202500000000001 0.6535
2.65

IMD3a
4
-5.202500000000001 0.6535
5.1979999999999995 0.6535
5.1979999999999995 0.6745
-5.202500000000001 0.6745
5.2

IMD3b
4
-5.202500000000001 0.6745
5.1979999999999995 0.6745
5.1979999999999995 0.6895
-5.202500000000001 0.6895
4.2

IMD3c
4
-5.202500000000001 0.6895
5.1979999999999995 0.6895
5.1979999999999995 0.7135
-5.202500000000001 0.7135
3.28

IMD3d1+IMD3d2
4
-5.202500000000001 0.7135
5.1979999999999995 0.7135
5.1979999999999995 0.8405
-5.202500000000001 0.8405
2.65

IMD4a
4
-5.202500000000001 0.8405
5.1979999999999995 0.8405
5.1979999999999995 0.8615
-5.202500000000001 0.8615
5.2

IMD4b
4
-5.202500000000001 0.8615
5.1979999999999995 0.8615
5.1979999999999995 0.8765
-5.202500000000001 0.8765
4.2

IMD4c
4
-5.202500000000001 0.8765
5.1979999999999995 0.8765
5.1979999999999995 0.9005
-5.202500000000001 0.9005
3.28

IMD5a
4
-5.202500000000001 1.0275
5.1979999999999995 1.0275
5.1979999999999995 1.0485
-5.202500000000001 1.0485
5.2

IMD5b
4
-5.202500000000001 1.0485
5.1979999999999995 1.0485
5.1979999999999995 1.0635
-5.202500000000001 1.0635
4.2

IMD5c
4
-5.202500000000001 1.0635
5.1979999999999995 1.0635
5.1979999999999995 1.0875
-5.202500000000001 1.0875
3.28


4
-5.202500000000001 0.001
5.1979999999999995 0.001
5.1979999999999995 1.1155
-5.202500000000001 1.1155

