c1
4
-0.44701 1.1155
0.44701 1.1155
0.45299 1.2145
-0.45299 1.2145

7
botleft
4
-2.165 -0.001
0 -0.001
0 0.001
-2.165 0.001

botright
4
0 -0.001
2.165 -0.001
2.165 0.001
0 0.001

lEnv
4
-1.6620099999999998 1.1155
-0.76799 1.1155
-0.76201 1.2145
-1.6679899999999999 1.2145

c2
4
1.0829900000000003 1.1155
1.21201 1.1155
1.2179900000000001 1.2145
1.0770100000000002 1.2145

rEnv
4
1.53299 1.1155
1.6620099999999998 1.1155
1.6679899999999999 1.2145
1.52701 1.2145

topleft
4
-2.165 1.3025
0 1.3025
0 1.4015
-2.165 1.4015

topright
4
0 1.3025
2.165 1.3025
2.165 1.4015
0 1.4015


48
IMD5d1_damage
4
-1.6714239999999998 1.1055
-0.758576 1.1055
-0.757972 1.1155
-1.6720279999999998 1.1155
3.1

IMD5d1_damage
4
-0.456424 1.1055
0.456424 1.1055
0.457028 1.1155
-0.457028 1.1155
3.1

IMD5d1_damage
4
1.0735760000000003 1.1055
1.221424 1.1055
1.2220280000000001 1.1155
1.0729720000000003 1.1155
3.1

IMD5d1_damage
4
1.523576 1.1055
1.6714239999999998 1.1055
1.6720279999999998 1.1155
1.522972 1.1155
3.1

IMD5d2_damage
4
-1.6670189999999998 1.1155
-1.6620099999999998 1.1155
-1.6679899999999999 1.2145
-1.672999 1.2145
2.9

IMD5d2_damage
4
-0.76799 1.1155
-0.7629809999999999 1.1155
-0.7570009999999999 1.2145
-0.76201 1.2145
2.9

IMD5d2_damage
4
-0.452019 1.1155
-0.44701 1.1155
-0.45299 1.2145
-0.457999 1.2145
2.9

IMD5d2_damage
4
0.44701 1.1155
0.452019 1.1155
0.457999 1.2145
0.45299 1.2145
2.9

IMD5d2_damage
4
1.0779810000000003 1.1155
1.0829900000000003 1.1155
1.0770100000000002 1.2145
1.0720010000000002 1.2145
2.9

IMD5d2_damage
4
1.21201 1.1155
1.217019 1.1155
1.2229990000000002 1.2145
1.2179900000000001 1.2145
2.9

IMD5d2_damage
4
1.527981 1.1155
1.53299 1.1155
1.52701 1.2145
1.522001 1.2145
2.9

IMD5d2_damage
4
1.6620099999999998 1.1155
1.6670189999999998 1.1155
1.672999 1.2145
1.6679899999999999 1.2145
2.9

IMD6d1_damage
4
-2.165 1.2925
2.165 1.2925
2.165 1.3025
-2.165 1.3025
3.1

IMD5d2
4
-2.165 1.1155
-1.6670189999999998 1.1155
-1.672999 1.2145
-2.165 1.2145
2.65

IMD5d2
4
-0.7629809999999999 1.1155
-0.452019 1.1155
-0.457999 1.2145
-0.7570009999999999 1.2145
2.65

IMD5d2
4
0.452019 1.1155
1.0779810000000003 1.1155
1.0720010000000002 1.2145
0.457999 1.2145
2.65

IMD5d2
4
1.217019 1.1155
1.527981 1.1155
1.522001 1.2145
1.2229990000000002 1.2145
2.65

IMD5d2
4
1.6670189999999998 1.1155
2.165 1.1155
2.165 1.2145
1.672999 1.2145
2.65

IMD5d1
4
-2.165 1.1055
-1.6714239999999998 1.1055
-1.6720279999999998 1.1155
-2.165 1.1155
2.65

IMD5d1
4
-0.758576 1.1055
-0.456424 1.1055
-0.457028 1.1155
-0.757972 1.1155
2.65

IMD5d1
4
0.456424 1.1055
1.0735760000000003 1.1055
1.0729720000000003 1.1155
0.457028 1.1155
2.65

IMD5d1
4
1.221424 1.1055
1.523576 1.1055
1.522972 1.1155
1.2220280000000001 1.1155
2.65

IMD5d1
4
1.6714239999999998 1.1055
2.165 1.1055
2.165 1.1155
1.6720279999999998 1.1155
2.65

IMD5d1
4
-2.165 1.0875
2.165 1.0875
2.165 1.1055
-2.165 1.1055
2.65

IMD6d1
4
-2.165 1.2745
2.165 1.2745
2.165 1.2925
-2.165 1.2925
2.65

FOXA+FOXB+TOX
4
-2.165 0.001
2.165 0.001
2.165 0.2665
-2.165 0.2665
4.0

ILD1a
4
-2.165 0.2665
2.165 0.2665
2.165 0.2765
-2.165 0.2765
7.0

ILD1b1+ILD1b2+ILD1b3
4
-2.165 0.2765
2.165 0.2765
2.165 0.3955
-2.165 0.3955
4.0

IMD1a
4
-2.165 0.3955
2.165 0.3955
2.165 0.4065
-2.165 0.4065
5.2

IMD1b
4
-2.165 0.4065
2.165 0.4065
2.165 0.4665
-2.165 0.4665
2.8

IMD2a
4
-2.165 0.4665
2.165 0.4665
2.165 0.4875
-2.165 0.4875
5.2

IMD2b
4
-2.165 0.4875
2.165 0.4875
2.165 0.5025
-2.165 0.5025
4.2

IMD2c
4
-2.165 0.5025
2.165 0.5025
2.165 0.5265
-2.165 0.5265
3.28

IMD2d1+IMD2d2
4
-2.165 0.5265
2.165 0.5265
2.165 0.6535
-2.165 0.6535
2.65

IMD3a
4
-2.165 0.6535
2.165 0.6535
2.165 0.6745
-2.165 0.6745
5.2

IMD3b
4
-2.165 0.6745
2.165 0.6745
2.165 0.6895
-2.165 0.6895
4.2

IMD3c
4
-2.165 0.6895
2.165 0.6895
2.165 0.7135
-2.165 0.7135
3.28

IMD3d1+IMD3d2
4
-2.165 0.7135
2.165 0.7135
2.165 0.8405
-2.165 0.8405
2.65

IMD4a
4
-2.165 0.8405
2.165 0.8405
2.165 0.8615
-2.165 0.8615
5.2

IMD4b
4
-2.165 0.8615
2.165 0.8615
2.165 0.8765
-2.165 0.8765
4.2

IMD4c
4
-2.165 0.8765
2.165 0.8765
2.165 0.9005
-2.165 0.9005
3.28

IMD4d1+IMD4d2
4
-2.165 0.9005
2.165 0.9005
2.165 1.0275
-2.165 1.0275
2.65

IMD5a
4
-2.165 1.0275
2.165 1.0275
2.165 1.0485
-2.165 1.0485
5.2

IMD5b
4
-2.165 1.0485
2.165 1.0485
2.165 1.0635
-2.165 1.0635
4.2

IMD5c
4
-2.165 1.0635
2.165 1.0635
2.165 1.0875
-2.165 1.0875
3.28

IMD6a
4
-2.165 1.2145
2.165 1.2145
2.165 1.2355
-2.165 1.2355
5.2

IMD6b
4
-2.165 1.2355
2.165 1.2355
2.165 1.2505
-2.165 1.2505
4.2

IMD6c
4
-2.165 1.2505
2.165 1.2505
2.165 1.2745
-2.165 1.2745
3.28


4
-2.165 0.001
2.165 0.001
2.165 1.3025
-2.165 1.3025

