c1
4
-0.01951 1.1155
0.01951 1.1155
0.02549 1.2145
-0.02549 1.2145

7
botleft
4
-0.6125 -0.001
0 -0.001
0 0.001
-0.6125 0.001

botright
4
0 -0.001
2.5025 -0.001
2.5025 0.001
0 0.001

lEnv
4
-0.10951 1.1155
-0.07049 1.1155
-0.06451 1.2145
-0.11549 1.2145

c2
4
0.16049000000000005 1.1155
1.0545099999999998 1.1155
1.06049 1.2145
0.15451000000000004 1.2145

rEnv
4
1.10549 1.1155
1.99951 1.1155
2.00549 1.2145
1.09951 1.2145

topleft
4
-0.6125 1.3025
0 1.3025
0 1.4015
-0.6125 1.4015

topright
4
0 1.3025
2.5025 1.3025
2.5025 1.4015
0 1.4015


48
IMD5d1_damage
4
-0.118924 1.1055
-0.061076 1.1055
-0.060472 1.1155
-0.119528 1.1155
3.1

IMD5d1_damage
4
-0.028924 1.1055
0.028924 1.1055
0.029528 1.1155
-0.029528 1.1155
3.1

IMD5d1_damage
4
0.15107600000000004 1.1055
1.0639239999999999 1.1055
1.064528 1.1155
0.15047200000000005 1.1155
3.1

IMD5d1_damage
4
1.096076 1.1055
2.008924 1.1055
2.009528 1.1155
1.095472 1.1155
3.1

IMD5d2_damage
4
-0.114519 1.1155
-0.10951 1.1155
-0.11549 1.2145
-0.120499 1.2145
2.9

IMD5d2_damage
4
-0.07049 1.1155
-0.065481 1.1155
-0.059501 1.2145
-0.06451 1.2145
2.9

IMD5d2_damage
4
-0.024519 1.1155
-0.01951 1.1155
-0.02549 1.2145
-0.030499 1.2145
2.9

IMD5d2_damage
4
0.01951 1.1155
0.024519 1.1155
0.030499 1.2145
0.02549 1.2145
2.9

IMD5d2_damage
4
0.15548100000000004 1.1155
0.16049000000000005 1.1155
0.15451000000000004 1.2145
0.14950100000000002 1.2145
2.9

IMD5d2_damage
4
1.0545099999999998 1.1155
1.0595189999999999 1.1155
1.065499 1.2145
1.06049 1.2145
2.9

IMD5d2_damage
4
1.100481 1.1155
1.10549 1.1155
1.09951 1.2145
1.094501 1.2145
2.9

IMD5d2_damage
4
1.99951 1.1155
2.0045189999999997 1.1155
2.010499 1.2145
2.00549 1.2145
2.9

IMD6d1_damage
4
-0.6125 1.2925
2.5025 1.2925
2.5025 1.3025
-0.6125 1.3025
3.1

IMD5d2
4
-0.6125 1.1155
-0.114519 1.1155
-0.120499 1.2145
-0.6125 1.2145
2.65

IMD5d2
4
-0.065481 1.1155
-0.024519 1.1155
-0.030499 1.2145
-0.059501 1.2145
2.65

IMD5d2
4
0.024519 1.1155
0.15548100000000004 1.1155
0.14950100000000002 1.2145
0.030499 1.2145
2.65

IMD5d2
4
1.0595189999999999 1.1155
1.100481 1.1155
1.094501 1.2145
1.065499 1.2145
2.65

IMD5d2
4
2.0045189999999997 1.1155
2.5025 1.1155
2.5025 1.2145
2.010499 1.2145
2.65

IMD5d1
4
-0.6125 1.1055
-0.118924 1.1055
-0.119528 1.1155
-0.6125 1.1155
2.65

IMD5d1
4
-0.061076 1.1055
-0.028924 1.1055
-0.029528 1.1155
-0.060472 1.1155
2.65

IMD5d1
4
0.028924 1.1055
0.15107600000000004 1.1055
0.15047200000000005 1.1155
0.029528 1.1155
2.65

IMD5d1
4
1.0639239999999999 1.1055
1.096076 1.1055
1.095472 1.1155
1.064528 1.1155
2.65

IMD5d1
4
2.008924 1.1055
2.5025 1.1055
2.5025 1.1155
2.009528 1.1155
2.65

IMD5d1
4
-0.6125 1.0875
2.5025 1.0875
2.5025 1.1055
-0.6125 1.1055
2.65

IMD6d1
4
-0.6125 1.2745
2.5025 1.2745
2.5025 1.2925
-0.6125 1.2925
2.65

FOXA+FOXB+TOX
4
-0.6125 0.001
2.5025 0.001
2.5025 0.2665
-0.6125 0.2665
4.0

ILD1a
4
-0.6125 0.2665
2.5025 0.2665
2.5025 0.2765
-0.6125 0.2765
7.0

ILD1b1+ILD1b2+ILD1b3
4
-0.6125 0.2765
2.5025 0.2765
2.5025 0.3955
-0.6125 0.3955
4.0

IMD1a
4
-0.6125 0.3955
2.5025 0.3955
2.5025 0.4065
-0.6125 0.4065
5.2

IMD1b
4
-0.6125 0.4065
2.5025 0.4065
2.5025 0.4665
-0.6125 0.4665
2.8

IMD2a
4
-0.6125 0.4665
2.5025 0.4665
2.5025 0.4875
-0.6125 0.4875
5.2

IMD2b
4
-0.6125 0.4875
2.5025 0.4875
2.5025 0.5025
-0.6125 0.5025
4.2

IMD2c
4
-0.6125 0.5025
2.5025 0.5025
2.5025 0.5265
-0.6125 0.5265
3.28

IMD2d1+IMD2d2
4
-0.6125 0.5265
2.5025 0.5265
2.5025 0.6535
-0.6125 0.6535
2.65

IMD3a
4
-0.6125 0.6535
2.5025 0.6535
2.5025 0.6745
-0.6125 0.6745
5.2

IMD3b
4
-0.6125 0.6745
2.5025 0.6745
2.5025 0.6895
-0.6125 0.6895
4.2

IMD3c
4
-0.6125 0.6895
2.5025 0.6895
2.5025 0.7135
-0.6125 0.7135
3.28

IMD3d1+IMD3d2
4
-0.6125 0.7135
2.5025 0.7135
2.5025 0.8405
-0.6125 0.8405
2.65

IMD4a
4
-0.6125 0.8405
2.5025 0.8405
2.5025 0.8615
-0.6125 0.8615
5.2

IMD4b
4
-0.6125 0.8615
2.5025 0.8615
2.5025 0.8765
-0.6125 0.8765
4.2

IMD4c
4
-0.6125 0.8765
2.5025 0.8765
2.5025 0.9005
-0.6125 0.9005
3.28

IMD4d1+IMD4d2
4
-0.6125 0.9005
2.5025 0.9005
2.5025 1.0275
-0.6125 1.0275
2.65

IMD5a
4
-0.6125 1.0275
2.5025 1.0275
2.5025 1.0485
-0.6125 1.0485
5.2

IMD5b
4
-0.6125 1.0485
2.5025 1.0485
2.5025 1.0635
-0.6125 1.0635
4.2

IMD5c
4
-0.6125 1.0635
2.5025 1.0635
2.5025 1.0875
-0.6125 1.0875
3.28

IMD6a
4
-0.6125 1.2145
2.5025 1.2145
2.5025 1.2355
-0.6125 1.2355
5.2

IMD6b
4
-0.6125 1.2355
2.5025 1.2355
2.5025 1.2505
-0.6125 1.2505
4.2

IMD6c
4
-0.6125 1.2505
2.5025 1.2505
2.5025 1.2745
-0.6125 1.2745
3.28


4
-0.6125 0.001
2.5025 0.001
2.5025 1.3025
-0.6125 1.3025

