c1
4
-0.01951 0.9285000000000001
0.01951 0.9285000000000001
0.02549 1.0275
-0.02549 1.0275

7
botleft
4
-0.6125 -0.001
0 -0.001
0 0.001
-0.6125 0.001

botright
4
0 -0.001
2.8175 -0.001
2.8175 0.001
0 0.001

lEnv
4
-0.10951 0.9285000000000001
-0.07049 0.9285000000000001
-0.06451 1.0275
-0.11549 1.0275

c2
4
0.47548999999999997 0.9285000000000001
1.3695099999999998 0.9285000000000001
1.3754899999999999 1.0275
0.46951 1.0275

rEnv
4
1.42049 0.9285000000000001
2.31451 0.9285000000000001
2.32049 1.0275
1.41451 1.0275

topleft
4
-0.6125 1.3025
0 1.3025
0 1.4015
-0.6125 1.4015

topright
4
0 1.3025
2.8175 1.3025
2.8175 1.4015
0 1.4015


48
IMD4d1_damage
4
-0.118924 0.9185000000000001
-0.061076 0.9185000000000001
-0.060472 0.9285000000000001
-0.119528 0.9285000000000001
3.1

IMD4d1_damage
4
-0.028924 0.9185000000000001
0.028924 0.9185000000000001
0.029528 0.9285000000000001
-0.029528 0.9285000000000001
3.1

IMD4d1_damage
4
0.466076 0.9185000000000001
1.3789239999999998 0.9185000000000001
1.3795279999999999 0.9285000000000001
0.465472 0.9285000000000001
3.1

IMD4d1_damage
4
1.411076 0.9185000000000001
2.323924 0.9185000000000001
2.324528 0.9285000000000001
1.410472 0.9285000000000001
3.1

IMD4d2_damage
4
-0.114519 0.9285000000000001
-0.10951 0.9285000000000001
-0.11549 1.0275
-0.120499 1.0275
2.9

IMD4d2_damage
4
-0.07049 0.9285000000000001
-0.065481 0.9285000000000001
-0.059501 1.0275
-0.06451 1.0275
2.9

IMD4d2_damage
4
-0.024519 0.9285000000000001
-0.01951 0.9285000000000001
-0.02549 1.0275
-0.030499 1.0275
2.9

IMD4d2_damage
4
0.01951 0.9285000000000001
0.024519 0.9285000000000001
0.030499 1.0275
0.02549 1.0275
2.9

IMD4d2_damage
4
0.470481 0.9285000000000001
0.47548999999999997 0.9285000000000001
0.46951 1.0275
0.464501 1.0275
2.9

IMD4d2_damage
4
1.3695099999999998 0.9285000000000001
1.3745189999999998 0.9285000000000001
1.380499 1.0275
1.3754899999999999 1.0275
2.9

IMD4d2_damage
4
1.415481 0.9285000000000001
1.42049 0.9285000000000001
1.41451 1.0275
1.409501 1.0275
2.9

IMD4d2_damage
4
2.31451 0.9285000000000001
2.3195189999999997 0.9285000000000001
2.3254989999999998 1.0275
2.32049 1.0275
2.9

IMD6d1_damage
4
-0.6125 1.2925
2.8175 1.2925
2.8175 1.3025
-0.6125 1.3025
3.1

IMD4d2
4
-0.6125 0.9285000000000001
-0.114519 0.9285000000000001
-0.120499 1.0275
-0.6125 1.0275
2.65

IMD4d2
4
-0.065481 0.9285000000000001
-0.024519 0.9285000000000001
-0.030499 1.0275
-0.059501 1.0275
2.65

IMD4d2
4
0.024519 0.9285000000000001
0.470481 0.9285000000000001
0.464501 1.0275
0.030499 1.0275
2.65

IMD4d2
4
1.3745189999999998 0.9285000000000001
1.415481 0.9285000000000001
1.409501 1.0275
1.380499 1.0275
2.65

IMD4d2
4
2.3195189999999997 0.9285000000000001
2.8175 0.9285000000000001
2.8175 1.0275
2.3254989999999998 1.0275
2.65

IMD4d1
4
-0.6125 0.9185000000000001
-0.118924 0.9185000000000001
-0.119528 0.9285000000000001
-0.6125 0.9285000000000001
2.65

IMD4d1
4
-0.061076 0.9185000000000001
-0.028924 0.9185000000000001
-0.029528 0.9285000000000001
-0.060472 0.9285000000000001
2.65

IMD4d1
4
0.028924 0.9185000000000001
0.466076 0.9185000000000001
0.465472 0.9285000000000001
0.029528 0.9285000000000001
2.65

IMD4d1
4
1.3789239999999998 0.9185000000000001
1.411076 0.9185000000000001
1.410472 0.9285000000000001
1.3795279999999999 0.9285000000000001
2.65

IMD4d1
4
2.323924 0.9185000000000001
2.8175 0.9185000000000001
2.8175 0.9285000000000001
2.324528 0.9285000000000001
2.65

IMD4d1
4
-0.6125 0.9005
2.8175 0.9005
2.8175 0.9185000000000001
-0.6125 0.9185000000000001
2.65

IMD6d1
4
-0.6125 1.2745
2.8175 1.2745
2.8175 1.2925
-0.6125 1.2925
2.65

FOXA+FOXB+TOX
4
-0.6125 0.001
2.8175 0.001
2.8175 0.2665
-0.6125 0.2665
4.0

ILD1a
4
-0.6125 0.2665
2.8175 0.2665
2.8175 0.2765
-0.6125 0.2765
7.0

ILD1b1+ILD1b2+ILD1b3
4
-0.6125 0.2765
2.8175 0.2765
2.8175 0.3955
-0.6125 0.3955
4.0

IMD1a
4
-0.6125 0.3955
2.8175 0.3955
2.8175 0.4065
-0.6125 0.4065
5.2

IMD1b
4
-0.6125 0.4065
2.8175 0.4065
2.8175 0.4665
-0.6125 0.4665
2.8

IMD2a
4
-0.6125 0.4665
2.8175 0.4665
2.8175 0.4875
-0.6125 0.4875
5.2

IMD2b
4
-0.6125 0.4875
2.8175 0.4875
2.8175 0.5025
-0.6125 0.5025
4.2

IMD2c
4
-0.6125 0.5025
2.8175 0.5025
2.8175 0.5265
-0.6125 0.5265
3.28

IMD2d1+IMD2d2
4
-0.6125 0.5265
2.8175 0.5265
2.8175 0.6535
-0.6125 0.6535
2.65

IMD3a
4
-0.6125 0.6535
2.8175 0.6535
2.8175 0.6745
-0.6125 0.6745
5.2

IMD3b
4
-0.6125 0.6745
2.8175 0.6745
2.8175 0.6895
-0.6125 0.6895
4.2

IMD3c
4
-0.6125 0.6895
2.8175 0.6895
2.8175 0.7135
-0.6125 0.7135
3.28

IMD3d1+IMD3d2
4
-0.6125 0.7135
2.8175 0.7135
2.8175 0.8405
-0.6125 0.8405
2.65

IMD4a
4
-0.6125 0.8405
2.8175 0.8405
2.8175 0.8615
-0.6125 0.8615
5.2

IMD4b
4
-0.6125 0.8615
2.8175 0.8615
2.8175 0.8765
-0.6125 0.8765
4.2

IMD4c
4
-0.6125 0.8765
2.8175 0.8765
2.8175 0.9005
-0.6125 0.9005
3.28

IMD5a
4
-0.6125 1.0275
2.8175 1.0275
2.8175 1.0485
-0.6125 1.0485
5.2

IMD5b
4
-0.6125 1.0485
2.8175 1.0485
2.8175 1.0635
-0.6125 1.0635
4.2

IMD5c
4
-0.6125 1.0635
2.8175 1.0635
2.8175 1.0875
-0.6125 1.0875
3.28

IMD5d1+IMD5d2
4
-0.6125 1.0875
2.8175 1.0875
2.8175 1.2145
-0.6125 1.2145
2.65

IMD6a
4
-0.6125 1.2145
2.8175 1.2145
2.8175 1.2355
-0.6125 1.2355
5.2

IMD6b
4
-0.6125 1.2355
2.8175 1.2355
2.8175 1.2505
-0.6125 1.2505
4.2

IMD6c
4
-0.6125 1.2505
2.8175 1.2505
2.8175 1.2745
-0.6125 1.2745
3.28


4
-0.6125 0.001
2.8175 0.001
2.8175 1.3025
-0.6125 1.3025

