c1
4
-0.44701 1.1155
0.44701 1.1155
0.45299 1.2145
-0.45299 1.2145

5
botleft
4
-3.875 -0.001
0 -0.001
0 0.001
-3.875 0.001

botright
4
0 -0.001
7.5649999999999995 -0.001
7.5649999999999995 0.001
0 0.001

lEnv
4
-1.6620099999999998 1.1155
-0.76799 1.1155
-0.76201 1.2145
-1.6679899999999999 1.2145

topleft
4
-3.875 1.3025
0 1.3025
0 1.4015
-3.875 1.4015

topright
4
0 1.3025
7.5649999999999995 1.3025
7.5649999999999995 1.4015
0 1.4015


39
IMD5d1_damage
4
-1.6714239999999998 1.1055
-0.758576 1.1055
-0.757972 1.1155
-1.6720279999999998 1.1155
3.1

IMD5d1_damage
4
-0.456424 1.1055
0.456424 1.1055
0.457028 1.1155
-0.457028 1.1155
3.1

IMD5d2_damage
4
-1.6670189999999998 1.1155
-1.6620099999999998 1.1155
-1.6679899999999999 1.2145
-1.672999 1.2145
2.9

IMD5d2_damage
4
-0.76799 1.1155
-0.7629809999999999 1.1155
-0.7570009999999999 1.2145
-0.76201 1.2145
2.9

IMD5d2_damage
4
-0.452019 1.1155
-0.44701 1.1155
-0.45299 1.2145
-0.457999 1.2145
2.9

IMD5d2_damage
4
0.44701 1.1155
0.452019 1.1155
0.457999 1.2145
0.45299 1.2145
2.9

IMD6d1_damage
4
-3.875 1.2925
3.6899999999999995 1.2925
3.6899999999999995 1.3025
-3.875 1.3025
3.1

IMD5d2
4
-3.875 1.1155
-1.6670189999999998 1.1155
-1.672999 1.2145
-3.875 1.2145
2.65

IMD5d2
4
-0.7629809999999999 1.1155
-0.452019 1.1155
-0.457999 1.2145
-0.7570009999999999 1.2145
2.65

IMD5d2
4
0.452019 1.1155
7.5649999999999995 1.1155
7.5649999999999995 1.2145
0.457999 1.2145
2.65

IMD5d1
4
-3.875 1.1055
-1.6714239999999998 1.1055
-1.6720279999999998 1.1155
-3.875 1.1155
2.65

IMD5d1
4
-0.758576 1.1055
-0.456424 1.1055
-0.457028 1.1155
-0.757972 1.1155
2.65

IMD5d1
4
0.456424 1.1055
7.5649999999999995 1.1055
7.5649999999999995 1.1155
0.457028 1.1155
2.65

IMD5d1
4
-3.875 1.0875
7.5649999999999995 1.0875
7.5649999999999995 1.1055
-3.875 1.1055
2.65

IMD6d1
4
-3.875 1.2745
3.6899999999999995 1.2745
3.6899999999999995 1.2925
-3.875 1.2925
2.65

IMD6d1
4
3.6899999999999995 1.2925
7.5649999999999995 1.2925
7.5649999999999995 1.3025
3.6899999999999995 1.3025
2.65

FOXA+FOXB+TOX
4
-3.875 0.001
7.5649999999999995 0.001
7.5649999999999995 0.2665
-3.875 0.2665
4.0

ILD1a
4
-3.875 0.2665
7.5649999999999995 0.2665
7.5649999999999995 0.2765
-3.875 0.2765
7.0

ILD1b1+ILD1b2+ILD1b3
4
-3.875 0.2765
7.5649999999999995 0.2765
7.5649999999999995 0.3955
-3.875 0.3955
4.0

IMD1a
4
-3.875 0.3955
7.5649999999999995 0.3955
7.5649999999999995 0.4065
-3.875 0.4065
5.2

IMD1b
4
-3.875 0.4065
7.5649999999999995 0.4065
7.5649999999999995 0.4665
-3.875 0.4665
2.8

IMD2a
4
-3.875 0.4665
7.5649999999999995 0.4665
7.5649999999999995 0.4875
-3.875 0.4875
5.2

IMD2b
4
-3.875 0.4875
7.5649999999999995 0.4875
7.5649999999999995 0.5025
-3.875 0.5025
4.2

IMD2c
4
-3.875 0.5025
7.5649999999999995 0.5025
7.5649999999999995 0.5265
-3.875 0.5265
3.28

IMD2d1+IMD2d2
4
-3.875 0.5265
7.5649999999999995 0.5265
7.5649999999999995 0.6535
-3.875 0.6535
2.65

IMD3a
4
-3.875 0.6535
7.5649999999999995 0.6535
7.5649999999999995 0.6745
-3.875 0.6745
5.2

IMD3b
4
-3.875 0.6745
7.5649999999999995 0.6745
7.5649999999999995 0.6895
-3.875 0.6895
4.2

IMD3c
4
-3.875 0.6895
7.5649999999999995 0.6895
7.5649999999999995 0.7135
-3.875 0.7135
3.28

IMD3d1+IMD3d2
4
-3.875 0.7135
7.5649999999999995 0.7135
7.5649999999999995 0.8405
-3.875 0.8405
2.65

IMD4a
4
-3.875 0.8405
7.5649999999999995 0.8405
7.5649999999999995 0.8615
-3.875 0.8615
5.2

IMD4b
4
-3.875 0.8615
7.5649999999999995 0.8615
7.5649999999999995 0.8765
-3.875 0.8765
4.2

IMD4c
4
-3.875 0.8765
7.5649999999999995 0.8765
7.5649999999999995 0.9005
-3.875 0.9005
3.28

IMD4d1+IMD4d2
4
-3.875 0.9005
7.5649999999999995 0.9005
7.5649999999999995 1.0275
-3.875 1.0275
2.65

IMD5a
4
-3.875 1.0275
7.5649999999999995 1.0275
7.5649999999999995 1.0485
-3.875 1.0485
5.2

IMD5b
4
-3.875 1.0485
7.5649999999999995 1.0485
7.5649999999999995 1.0635
-3.875 1.0635
4.2

IMD5c
4
-3.875 1.0635
7.5649999999999995 1.0635
7.5649999999999995 1.0875
-3.875 1.0875
3.28

IMD6a
4
-3.875 1.2145
7.5649999999999995 1.2145
7.5649999999999995 1.2355
-3.875 1.2355
5.2

IMD6b
4
-3.875 1.2355
7.5649999999999995 1.2355
7.5649999999999995 1.2505
-3.875 1.2505
4.2

IMD6c
4
-3.875 1.2505
7.5649999999999995 1.2505
7.5649999999999995 1.2745
-3.875 1.2745
3.28


4
-3.875 0.001
7.5649999999999995 0.001
7.5649999999999995 1.3025
-3.875 1.3025

