botcenter
4
0 -0.001
7.182499999999999 -0.001
7.182499999999999 0.001
0 0.001

5
lEnv
4
-0.5145100000000001 0.9285000000000001
-0.3854900000000001 0.9285000000000001
-0.3795100000000001 1.0275
-0.5204900000000001 1.0275

c1
4
-0.06451000000000005 0.9285000000000001
0.06450999999999994 0.9285000000000001
0.07048999999999994 1.0275
-0.07049000000000005 1.0275

topleft
4
-1.1975000000000002 1.3025
0 1.3025
0 1.4015
-1.1975000000000002 1.4015

topcenter
4
0 1.3025
7.182499999999999 1.3025
7.182499999999999 1.4015
0 1.4015

botleft
4
-1.1975000000000002 -0.001
0 -0.001
0 0.001
-1.1975000000000002 0.001


39
IMD4d1_damage
4
-0.5239240000000001 0.9185000000000001
-0.37607600000000013 0.9185000000000001
-0.37547200000000014 0.9285000000000001
-0.5245280000000001 0.9285000000000001
3.1

IMD4d1_damage
4
-0.07392400000000006 0.9185000000000001
0.07392399999999995 0.9185000000000001
0.07452799999999994 0.9285000000000001
-0.07452800000000005 0.9285000000000001
3.1

IMD4d2_damage
4
-0.5195190000000002 0.9285000000000001
-0.5145100000000001 0.9285000000000001
-0.5204900000000001 1.0275
-0.5254990000000002 1.0275
2.9

IMD4d2_damage
4
-0.3854900000000001 0.9285000000000001
-0.3804810000000001 0.9285000000000001
-0.37450100000000014 1.0275
-0.3795100000000001 1.0275
2.9

IMD4d2_damage
4
-0.06951900000000005 0.9285000000000001
-0.06451000000000005 0.9285000000000001
-0.07049000000000005 1.0275
-0.07549900000000005 1.0275
2.9

IMD4d2_damage
4
0.06450999999999994 0.9285000000000001
0.06951899999999994 0.9285000000000001
0.07549899999999994 1.0275
0.07048999999999994 1.0275
2.9

IMD6d1_damage
4
-1.1975000000000002 1.2925
5.984999999999999 1.2925
5.984999999999999 1.3025
-1.1975000000000002 1.3025
3.1

IMD4d2
4
-1.1975000000000002 0.9285000000000001
-0.5195190000000002 0.9285000000000001
-0.5254990000000002 1.0275
-1.1975000000000002 1.0275
2.65

IMD4d2
4
-0.3804810000000001 0.9285000000000001
-0.06951900000000005 0.9285000000000001
-0.07549900000000005 1.0275
-0.37450100000000014 1.0275
2.65

IMD4d2
4
0.06951899999999994 0.9285000000000001
7.182499999999999 0.9285000000000001
7.182499999999999 1.0275
0.07549899999999994 1.0275
2.65

IMD4d1
4
-1.1975000000000002 0.9185000000000001
-0.5239240000000001 0.9185000000000001
-0.5245280000000001 0.9285000000000001
-1.1975000000000002 0.9285000000000001
2.65

IMD4d1
4
-0.37607600000000013 0.9185000000000001
-0.07392400000000006 0.9185000000000001
-0.07452800000000005 0.9285000000000001
-0.37547200000000014 0.9285000000000001
2.65

IMD4d1
4
0.07392399999999995 0.9185000000000001
7.182499999999999 0.9185000000000001
7.182499999999999 0.9285000000000001
0.07452799999999994 0.9285000000000001
2.65

IMD4d1
4
-1.1975000000000002 0.9005
7.182499999999999 0.9005
7.182499999999999 0.9185000000000001
-1.1975000000000002 0.9185000000000001
2.65

IMD6d1
4
-1.1975000000000002 1.2745
5.984999999999999 1.2745
5.984999999999999 1.2925
-1.1975000000000002 1.2925
2.65

IMD6d1
4
5.984999999999999 1.2925
7.182499999999999 1.2925
7.182499999999999 1.3025
5.984999999999999 1.3025
2.65

FOXA+FOXB+TOX
4
-1.1975000000000002 0.001
7.182499999999999 0.001
7.182499999999999 0.2665
-1.1975000000000002 0.2665
4.0

ILD1a
4
-1.1975000000000002 0.2665
7.182499999999999 0.2665
7.182499999999999 0.2765
-1.1975000000000002 0.2765
7.0

ILD1b1+ILD1b2+ILD1b3
4
-1.1975000000000002 0.2765
7.182499999999999 0.2765
7.182499999999999 0.3955
-1.1975000000000002 0.3955
4.0

IMD1a
4
-1.1975000000000002 0.3955
7.182499999999999 0.3955
7.182499999999999 0.4065
-1.1975000000000002 0.4065
5.2

IMD1b
4
-1.1975000000000002 0.4065
7.182499999999999 0.4065
7.182499999999999 0.4665
-1.1975000000000002 0.4665
2.8

IMD2a
4
-1.1975000000000002 0.4665
7.182499999999999 0.4665
7.182499999999999 0.4875
-1.1975000000000002 0.4875
5.2

IMD2b
4
-1.1975000000000002 0.4875
7.182499999999999 0.4875
7.182499999999999 0.5025
-1.1975000000000002 0.5025
4.2

IMD2c
4
-1.1975000000000002 0.5025
7.182499999999999 0.5025
7.182499999999999 0.5265
-1.1975000000000002 0.5265
3.28

IMD2d1+IMD2d2
4
-1.1975000000000002 0.5265
7.182499999999999 0.5265
7.182499999999999 0.6535
-1.1975000000000002 0.6535
2.65

IMD3a
4
-1.1975000000000002 0.6535
7.182499999999999 0.6535
7.182499999999999 0.6745
-1.1975000000000002 0.6745
5.2

IMD3b
4
-1.1975000000000002 0.6745
7.182499999999999 0.6745
7.182499999999999 0.6895
-1.1975000000000002 0.6895
4.2

IMD3c
4
-1.1975000000000002 0.6895
7.182499999999999 0.6895
7.182499999999999 0.7135
-1.1975000000000002 0.7135
3.28

IMD3d1+IMD3d2
4
-1.1975000000000002 0.7135
7.182499999999999 0.7135
7.182499999999999 0.8405
-1.1975000000000002 0.8405
2.65

IMD4a
4
-1.1975000000000002 0.8405
7.182499999999999 0.8405
7.182499999999999 0.8615
-1.1975000000000002 0.8615
5.2

IMD4b
4
-1.1975000000000002 0.8615
7.182499999999999 0.8615
7.182499999999999 0.8765
-1.1975000000000002 0.8765
4.2

IMD4c
4
-1.1975000000000002 0.8765
7.182499999999999 0.8765
7.182499999999999 0.9005
-1.1975000000000002 0.9005
3.28

IMD5a
4
-1.1975000000000002 1.0275
7.182499999999999 1.0275
7.182499999999999 1.0485
-1.1975000000000002 1.0485
5.2

IMD5b
4
-1.1975000000000002 1.0485
7.182499999999999 1.0485
7.182499999999999 1.0635
-1.1975000000000002 1.0635
4.2

IMD5c
4
-1.1975000000000002 1.0635
7.182499999999999 1.0635
7.182499999999999 1.0875
-1.1975000000000002 1.0875
3.28

IMD5d1+IMD5d2
4
-1.1975000000000002 1.0875
7.182499999999999 1.0875
7.182499999999999 1.2145
-1.1975000000000002 1.2145
2.65

IMD6a
4
-1.1975000000000002 1.2145
7.182499999999999 1.2145
7.182499999999999 1.2355
-1.1975000000000002 1.2355
5.2

IMD6b
4
-1.1975000000000002 1.2355
7.182499999999999 1.2355
7.182499999999999 1.2505
-1.1975000000000002 1.2505
4.2

IMD6c
4
-1.1975000000000002 1.2505
7.182499999999999 1.2505
7.182499999999999 1.2745
-1.1975000000000002 1.2745
3.28


4
-1.1975000000000002 0.001
7.182499999999999 0.001
7.182499999999999 1.3025
-1.1975000000000002 1.3025

