botcenter
4
0 -0.001
0.31499999999999995 -0.001
0.31499999999999995 0.001
0 0.001

7
c1
4
-0.01951 0.9285000000000001
0.01951 0.9285000000000001
0.02549 1.0275
-0.02549 1.0275

c2
4
0.25048999999999993 0.9285000000000001
0.37951 0.9285000000000001
0.38549 1.0275
0.24450999999999995 1.0275

topleft
4
-5.0675 1.3025
0 1.3025
0 1.4015
-5.0675 1.4015

topcenter
4
0 1.3025
0.31499999999999995 1.3025
0.31499999999999995 1.4015
0 1.4015

topright
4
0.31499999999999995 1.3025
5.517500000000001 1.3025
5.517500000000001 1.4015
0.31499999999999995 1.4015

botleft
4
-5.0675 -0.001
0 -0.001
0 0.001
-5.0675 0.001

botright
4
0.31499999999999995 -0.001
5.517500000000001 -0.001
5.517500000000001 0.001
0.31499999999999995 0.001


38
IMD4d1_damage
4
-0.028924 0.9185000000000001
0.028924 0.9185000000000001
0.029528 0.9285000000000001
-0.029528 0.9285000000000001
3.1

IMD4d1_damage
4
0.24107599999999996 0.9185000000000001
0.388924 0.9185000000000001
0.389528 0.9285000000000001
0.24047199999999996 0.9285000000000001
3.1

IMD4d2_damage
4
-0.024519 0.9285000000000001
-0.01951 0.9285000000000001
-0.02549 1.0275
-0.030499 1.0275
2.9

IMD4d2_damage
4
0.01951 0.9285000000000001
0.024519 0.9285000000000001
0.030499 1.0275
0.02549 1.0275
2.9

IMD4d2_damage
4
0.24548099999999992 0.9285000000000001
0.25048999999999993 0.9285000000000001
0.24450999999999995 1.0275
0.23950099999999994 1.0275
2.9

IMD4d2_damage
4
0.37951 0.9285000000000001
0.384519 0.9285000000000001
0.390499 1.0275
0.38549 1.0275
2.9

IMD6d1_damage
4
-5.0675 1.2925
5.517500000000001 1.2925
5.517500000000001 1.3025
-5.0675 1.3025
3.1

IMD4d2
4
-5.0675 0.9285000000000001
-0.024519 0.9285000000000001
-0.030499 1.0275
-5.0675 1.0275
2.65

IMD4d2
4
0.024519 0.9285000000000001
0.24548099999999992 0.9285000000000001
0.23950099999999994 1.0275
0.030499 1.0275
2.65

IMD4d2
4
0.384519 0.9285000000000001
5.517500000000001 0.9285000000000001
5.517500000000001 1.0275
0.390499 1.0275
2.65

IMD4d1
4
-5.0675 0.9185000000000001
-0.028924 0.9185000000000001
-0.029528 0.9285000000000001
-5.0675 0.9285000000000001
2.65

IMD4d1
4
0.028924 0.9185000000000001
0.24107599999999996 0.9185000000000001
0.24047199999999996 0.9285000000000001
0.029528 0.9285000000000001
2.65

IMD4d1
4
0.388924 0.9185000000000001
5.517500000000001 0.9185000000000001
5.517500000000001 0.9285000000000001
0.389528 0.9285000000000001
2.65

IMD4d1
4
-5.0675 0.9005
5.517500000000001 0.9005
5.517500000000001 0.9185000000000001
-5.0675 0.9185000000000001
2.65

IMD6d1
4
-5.0675 1.2745
5.517500000000001 1.2745
5.517500000000001 1.2925
-5.0675 1.2925
2.65

FOXA+FOXB+TOX
4
-5.0675 0.001
5.517500000000001 0.001
5.517500000000001 0.2665
-5.0675 0.2665
4.0

ILD1a
4
-5.0675 0.2665
5.517500000000001 0.2665
5.517500000000001 0.2765
-5.0675 0.2765
7.0

ILD1b1+ILD1b2+ILD1b3
4
-5.0675 0.2765
5.517500000000001 0.2765
5.517500000000001 0.3955
-5.0675 0.3955
4.0

IMD1a
4
-5.0675 0.3955
5.517500000000001 0.3955
5.517500000000001 0.4065
-5.0675 0.4065
5.2

IMD1b
4
-5.0675 0.4065
5.517500000000001 0.4065
5.517500000000001 0.4665
-5.0675 0.4665
2.8

IMD2a
4
-5.0675 0.4665
5.517500000000001 0.4665
5.517500000000001 0.4875
-5.0675 0.4875
5.2

IMD2b
4
-5.0675 0.4875
5.517500000000001 0.4875
5.517500000000001 0.5025
-5.0675 0.5025
4.2

IMD2c
4
-5.0675 0.5025
5.517500000000001 0.5025
5.517500000000001 0.5265
-5.0675 0.5265
3.28

IMD2d1+IMD2d2
4
-5.0675 0.5265
5.517500000000001 0.5265
5.517500000000001 0.6535
-5.0675 0.6535
2.65

IMD3a
4
-5.0675 0.6535
5.517500000000001 0.6535
5.517500000000001 0.6745
-5.0675 0.6745
5.2

IMD3b
4
-5.0675 0.6745
5.517500000000001 0.6745
5.517500000000001 0.6895
-5.0675 0.6895
4.2

IMD3c
4
-5.0675 0.6895
5.517500000000001 0.6895
5.517500000000001 0.7135
-5.0675 0.7135
3.28

IMD3d1+IMD3d2
4
-5.0675 0.7135
5.517500000000001 0.7135
5.517500000000001 0.8405
-5.0675 0.8405
2.65

IMD4a
4
-5.0675 0.8405
5.517500000000001 0.8405
5.517500000000001 0.8615
-5.0675 0.8615
5.2

IMD4b
4
-5.0675 0.8615
5.517500000000001 0.8615
5.517500000000001 0.8765
-5.0675 0.8765
4.2

IMD4c
4
-5.0675 0.8765
5.517500000000001 0.8765
5.517500000000001 0.9005
-5.0675 0.9005
3.28

IMD5a
4
-5.0675 1.0275
5.517500000000001 1.0275
5.517500000000001 1.0485
-5.0675 1.0485
5.2

IMD5b
4
-5.0675 1.0485
5.517500000000001 1.0485
5.517500000000001 1.0635
-5.0675 1.0635
4.2

IMD5c
4
-5.0675 1.0635
5.517500000000001 1.0635
5.517500000000001 1.0875
-5.0675 1.0875
3.28

IMD5d1+IMD5d2
4
-5.0675 1.0875
5.517500000000001 1.0875
5.517500000000001 1.2145
-5.0675 1.2145
2.65

IMD6a
4
-5.0675 1.2145
5.517500000000001 1.2145
5.517500000000001 1.2355
-5.0675 1.2355
5.2

IMD6b
4
-5.0675 1.2355
5.517500000000001 1.2355
5.517500000000001 1.2505
-5.0675 1.2505
4.2

IMD6c
4
-5.0675 1.2505
5.517500000000001 1.2505
5.517500000000001 1.2745
-5.0675 1.2745
3.28


4
-5.0675 0.001
5.517500000000001 0.001
5.517500000000001 1.3025
-5.0675 1.3025

