botcenter
4
0 -0.001
0.11250000000000002 -0.001
0.11250000000000002 0.001
0 0.001

9
lEnv
4
-0.24451000000000003 0.9285000000000001
-0.11549000000000002 0.9285000000000001
-0.10951000000000002 1.0275
-0.25049000000000005 1.0275

c1
4
-0.06451000000000003 0.9285000000000001
0.06451 0.9285000000000001
0.07049 1.0275
-0.07049000000000002 1.0275

c2
4
0.09298999999999998 0.9285000000000001
0.13201 0.9285000000000001
0.13799 1.0275
0.08700999999999998 1.0275

rEnv
4
0.18299 0.9285000000000001
0.22200999999999996 0.9285000000000001
0.22798999999999997 1.0275
0.17701 1.0275

topleft
4
-0.7475 1.1155
0 1.1155
0 1.2145
-0.7475 1.2145

topcenter
4
0 1.1155
0.11250000000000002 1.1155
0.11250000000000002 1.2145
0 1.2145

topright
4
0.11250000000000002 1.1155
0.7249999999999999 1.1155
0.7249999999999999 1.2145
0.11250000000000002 1.2145

botleft
4
-0.7475 -0.001
0 -0.001
0 0.001
-0.7475 0.001

botright
4
0.11250000000000002 -0.001
0.7249999999999999 -0.001
0.7249999999999999 0.001
0.11250000000000002 0.001


44
IMD4d1_damage
4
-0.25392400000000004 0.9185000000000001
-0.10607600000000002 0.9185000000000001
-0.10547200000000002 0.9285000000000001
-0.25452800000000003 0.9285000000000001
3.1

IMD4d1_damage
4
-0.07392400000000003 0.9185000000000001
0.073924 0.9185000000000001
0.074528 0.9285000000000001
-0.07452800000000002 0.9285000000000001
3.1

IMD4d1_damage
4
0.08357599999999997 0.9185000000000001
0.141424 0.9185000000000001
0.142028 0.9285000000000001
0.08297199999999998 0.9285000000000001
3.1

IMD4d1_damage
4
0.173576 0.9185000000000001
0.23142399999999996 0.9185000000000001
0.23202799999999996 0.9285000000000001
0.17297200000000001 0.9285000000000001
3.1

IMD4d2_damage
4
-0.24951900000000005 0.9285000000000001
-0.24451000000000003 0.9285000000000001
-0.25049000000000005 1.0275
-0.25549900000000003 1.0275
2.9

IMD4d2_damage
4
-0.11549000000000002 0.9285000000000001
-0.11048100000000002 0.9285000000000001
-0.10450100000000002 1.0275
-0.10951000000000002 1.0275
2.9

IMD4d2_damage
4
-0.06951900000000003 0.9285000000000001
-0.06451000000000003 0.9285000000000001
-0.07049000000000002 1.0275
-0.07549900000000002 1.0275
2.9

IMD4d2_damage
4
0.06451 0.9285000000000001
0.069519 0.9285000000000001
0.075499 1.0275
0.07049 1.0275
2.9

IMD4d2_damage
4
0.08798099999999998 0.9285000000000001
0.09298999999999998 0.9285000000000001
0.08700999999999998 1.0275
0.08200099999999998 1.0275
2.9

IMD4d2_damage
4
0.13201 0.9285000000000001
0.137019 0.9285000000000001
0.14299900000000001 1.0275
0.13799 1.0275
2.9

IMD4d2_damage
4
0.177981 0.9285000000000001
0.18299 0.9285000000000001
0.17701 1.0275
0.172001 1.0275
2.9

IMD4d2_damage
4
0.22200999999999996 0.9285000000000001
0.22701899999999997 0.9285000000000001
0.23299899999999998 1.0275
0.22798999999999997 1.0275
2.9

IMD5d1_damage
4
-0.7475 1.1055
0.7249999999999999 1.1055
0.7249999999999999 1.1155
-0.7475 1.1155
3.1

IMD4d2
4
-0.7475 0.9285000000000001
-0.24951900000000005 0.9285000000000001
-0.25549900000000003 1.0275
-0.7475 1.0275
2.65

IMD4d2
4
-0.11048100000000002 0.9285000000000001
-0.06951900000000003 0.9285000000000001
-0.07549900000000002 1.0275
-0.10450100000000002 1.0275
2.65

IMD4d2
4
0.069519 0.9285000000000001
0.08798099999999998 0.9285000000000001
0.08200099999999998 1.0275
0.075499 1.0275
2.65

IMD4d2
4
0.137019 0.9285000000000001
0.177981 0.9285000000000001
0.172001 1.0275
0.14299900000000001 1.0275
2.65

IMD4d2
4
0.22701899999999997 0.9285000000000001
0.7249999999999999 0.9285000000000001
0.7249999999999999 1.0275
0.23299899999999998 1.0275
2.65

IMD4d1
4
-0.7475 0.9185000000000001
-0.25392400000000004 0.9185000000000001
-0.25452800000000003 0.9285000000000001
-0.7475 0.9285000000000001
2.65

IMD4d1
4
-0.10607600000000002 0.9185000000000001
-0.07392400000000003 0.9185000000000001
-0.07452800000000002 0.9285000000000001
-0.10547200000000002 0.9285000000000001
2.65

IMD4d1
4
0.073924 0.9185000000000001
0.08357599999999997 0.9185000000000001
0.08297199999999998 0.9285000000000001
0.074528 0.9285000000000001
2.65

IMD4d1
4
0.141424 0.9185000000000001
0.173576 0.9185000000000001
0.17297200000000001 0.9285000000000001
0.142028 0.9285000000000001
2.65

IMD4d1
4
0.23142399999999996 0.9185000000000001
0.7249999999999999 0.9185000000000001
0.7249999999999999 0.9285000000000001
0.23202799999999996 0.9285000000000001
2.65

IMD4d1
4
-0.7475 0.9005
0.7249999999999999 0.9005
0.7249999999999999 0.9185000000000001
-0.7475 0.9185000000000001
2.65

IMD5d1
4
-0.7475 1.0875
0.7249999999999999 1.0875
0.7249999999999999 1.1055
-0.7475 1.1055
2.65

FOXA+FOXB+TOX
4
-0.7475 0.001
0.7249999999999999 0.001
0.7249999999999999 0.2665
-0.7475 0.2665
4.0

ILD1a
4
-0.7475 0.2665
0.7249999999999999 0.2665
0.7249999999999999 0.2765
-0.7475 0.2765
7.0

ILD1b1+ILD1b2+ILD1b3
4
-0.7475 0.2765
0.7249999999999999 0.2765
0.7249999999999999 0.3955
-0.7475 0.3955
4.0

IMD1a
4
-0.7475 0.3955
0.7249999999999999 0.3955
0.7249999999999999 0.4065
-0.7475 0.4065
5.2

IMD1b
4
-0.7475 0.4065
0.7249999999999999 0.4065
0.7249999999999999 0.4665
-0.7475 0.4665
2.8

IMD2a
4
-0.7475 0.4665
0.7249999999999999 0.4665
0.7249999999999999 0.4875
-0.7475 0.4875
5.2

IMD2b
4
-0.7475 0.4875
0.7249999999999999 0.4875
0.7249999999999999 0.5025
-0.7475 0.5025
4.2

IMD2c
4
-0.7475 0.5025
0.7249999999999999 0.5025
0.7249999999999999 0.5265
-0.7475 0.5265
3.28

IMD2d1+IMD2d2
4
-0.7475 0.5265
0.7249999999999999 0.5265
0.7249999999999999 0.6535
-0.7475 0.6535
2.65

IMD3a
4
-0.7475 0.6535
0.7249999999999999 0.6535
0.7249999999999999 0.6745
-0.7475 0.6745
5.2

IMD3b
4
-0.7475 0.6745
0.7249999999999999 0.6745
0.7249999999999999 0.6895
-0.7475 0.6895
4.2

IMD3c
4
-0.7475 0.6895
0.7249999999999999 0.6895
0.7249999999999999 0.7135
-0.7475 0.7135
3.28

IMD3d1+IMD3d2
4
-0.7475 0.7135
0.7249999999999999 0.7135
0.7249999999999999 0.8405
-0.7475 0.8405
2.65

IMD4a
4
-0.7475 0.8405
0.7249999999999999 0.8405
0.7249999999999999 0.8615
-0.7475 0.8615
5.2

IMD4b
4
-0.7475 0.8615
0.7249999999999999 0.8615
0.7249999999999999 0.8765
-0.7475 0.8765
4.2

IMD4c
4
-0.7475 0.8765
0.7249999999999999 0.8765
0.7249999999999999 0.9005
-0.7475 0.9005
3.28

IMD5a
4
-0.7475 1.0275
0.7249999999999999 1.0275
0.7249999999999999 1.0485
-0.7475 1.0485
5.2

IMD5b
4
-0.7475 1.0485
0.7249999999999999 1.0485
0.7249999999999999 1.0635
-0.7475 1.0635
4.2

IMD5c
4
-0.7475 1.0635
0.7249999999999999 1.0635
0.7249999999999999 1.0875
-0.7475 1.0875
3.28


4
-0.7475 0.001
0.7249999999999999 0.001
0.7249999999999999 1.1155
-0.7475 1.1155

