botcenter
4
0 -0.001
0.49499999999999994 -0.001
0.49499999999999994 0.001
0 0.001

9
lEnv
4
-0.37951 0.9285000000000001
-0.34048999999999996 0.9285000000000001
-0.33451 1.0275
-0.38549 1.0275

c1
4
-0.019510000000000013 0.9285000000000001
0.019510000000000013 0.9285000000000001
0.025490000000000013 1.0275
-0.025490000000000013 1.0275

c2
4
0.04798999999999999 0.9285000000000001
0.9420099999999998 0.9285000000000001
0.9479899999999998 1.0275
0.04200999999999999 1.0275

rEnv
4
1.2629899999999998 0.9285000000000001
2.1570099999999996 0.9285000000000001
2.1629899999999997 1.0275
1.2570099999999997 1.0275

topleft
4
-0.8825000000000001 1.3025
0 1.3025
0 1.4015
-0.8825000000000001 1.4015

topcenter
4
0 1.3025
0.49499999999999994 1.3025
0.49499999999999994 1.4015
0 1.4015

topright
4
0.49499999999999994 1.3025
2.6599999999999997 1.3025
2.6599999999999997 1.4015
0.49499999999999994 1.4015

botleft
4
-0.8825000000000001 -0.001
0 -0.001
0 0.001
-0.8825000000000001 0.001

botright
4
0.49499999999999994 -0.001
2.6599999999999997 -0.001
2.6599999999999997 0.001
0.49499999999999994 0.001


48
IMD4d1_damage
4
-0.388924 0.9185000000000001
-0.331076 0.9185000000000001
-0.330472 0.9285000000000001
-0.389528 0.9285000000000001
3.1

IMD4d1_damage
4
-0.028924000000000012 0.9185000000000001
0.028924000000000012 0.9185000000000001
0.029528000000000013 0.9285000000000001
-0.029528000000000013 0.9285000000000001
3.1

IMD4d1_damage
4
0.03857599999999999 0.9185000000000001
0.9514239999999997 0.9185000000000001
0.9520279999999998 0.9285000000000001
0.03797199999999999 0.9285000000000001
3.1

IMD4d1_damage
4
1.2535759999999998 0.9185000000000001
2.1664239999999997 0.9185000000000001
2.1670279999999997 0.9285000000000001
1.2529719999999998 0.9285000000000001
3.1

IMD4d2_damage
4
-0.384519 0.9285000000000001
-0.37951 0.9285000000000001
-0.38549 1.0275
-0.390499 1.0275
2.9

IMD4d2_damage
4
-0.34048999999999996 0.9285000000000001
-0.335481 0.9285000000000001
-0.329501 1.0275
-0.33451 1.0275
2.9

IMD4d2_damage
4
-0.024519000000000013 0.9285000000000001
-0.019510000000000013 0.9285000000000001
-0.025490000000000013 1.0275
-0.030499000000000012 1.0275
2.9

IMD4d2_damage
4
0.019510000000000013 0.9285000000000001
0.024519000000000013 0.9285000000000001
0.030499000000000012 1.0275
0.025490000000000013 1.0275
2.9

IMD4d2_damage
4
0.04298099999999999 0.9285000000000001
0.04798999999999999 0.9285000000000001
0.04200999999999999 1.0275
0.03700099999999999 1.0275
2.9

IMD4d2_damage
4
0.9420099999999998 0.9285000000000001
0.9470189999999998 0.9285000000000001
0.9529989999999998 1.0275
0.9479899999999998 1.0275
2.9

IMD4d2_damage
4
1.2579809999999998 0.9285000000000001
1.2629899999999998 0.9285000000000001
1.2570099999999997 1.0275
1.2520009999999997 1.0275
2.9

IMD4d2_damage
4
2.1570099999999996 0.9285000000000001
2.1620189999999995 0.9285000000000001
2.1679989999999996 1.0275
2.1629899999999997 1.0275
2.9

IMD6d1_damage
4
-0.8825000000000001 1.2925
2.6599999999999997 1.2925
2.6599999999999997 1.3025
-0.8825000000000001 1.3025
3.1

IMD4d2
4
-0.8825000000000001 0.9285000000000001
-0.384519 0.9285000000000001
-0.390499 1.0275
-0.8825000000000001 1.0275
2.65

IMD4d2
4
-0.335481 0.9285000000000001
-0.024519000000000013 0.9285000000000001
-0.030499000000000012 1.0275
-0.329501 1.0275
2.65

IMD4d2
4
0.024519000000000013 0.9285000000000001
0.04298099999999999 0.9285000000000001
0.03700099999999999 1.0275
0.030499000000000012 1.0275
2.65

IMD4d2
4
0.9470189999999998 0.9285000000000001
1.2579809999999998 0.9285000000000001
1.2520009999999997 1.0275
0.9529989999999998 1.0275
2.65

IMD4d2
4
2.1620189999999995 0.9285000000000001
2.6599999999999997 0.9285000000000001
2.6599999999999997 1.0275
2.1679989999999996 1.0275
2.65

IMD4d1
4
-0.8825000000000001 0.9185000000000001
-0.388924 0.9185000000000001
-0.389528 0.9285000000000001
-0.8825000000000001 0.9285000000000001
2.65

IMD4d1
4
-0.331076 0.9185000000000001
-0.028924000000000012 0.9185000000000001
-0.029528000000000013 0.9285000000000001
-0.330472 0.9285000000000001
2.65

IMD4d1
4
0.028924000000000012 0.9185000000000001
0.03857599999999999 0.9185000000000001
0.03797199999999999 0.9285000000000001
0.029528000000000013 0.9285000000000001
2.65

IMD4d1
4
0.9514239999999997 0.9185000000000001
1.2535759999999998 0.9185000000000001
1.2529719999999998 0.9285000000000001
0.9520279999999998 0.9285000000000001
2.65

IMD4d1
4
2.1664239999999997 0.9185000000000001
2.6599999999999997 0.9185000000000001
2.6599999999999997 0.9285000000000001
2.1670279999999997 0.9285000000000001
2.65

IMD4d1
4
-0.8825000000000001 0.9005
2.6599999999999997 0.9005
2.6599999999999997 0.9185000000000001
-0.8825000000000001 0.9185000000000001
2.65

IMD6d1
4
-0.8825000000000001 1.2745
2.6599999999999997 1.2745
2.6599999999999997 1.2925
-0.8825000000000001 1.2925
2.65

FOXA+FOXB+TOX
4
-0.8825000000000001 0.001
2.6599999999999997 0.001
2.6599999999999997 0.2665
-0.8825000000000001 0.2665
4.0

ILD1a
4
-0.8825000000000001 0.2665
2.6599999999999997 0.2665
2.6599999999999997 0.2765
-0.8825000000000001 0.2765
7.0

ILD1b1+ILD1b2+ILD1b3
4
-0.8825000000000001 0.2765
2.6599999999999997 0.2765
2.6599999999999997 0.3955
-0.8825000000000001 0.3955
4.0

IMD1a
4
-0.8825000000000001 0.3955
2.6599999999999997 0.3955
2.6599999999999997 0.4065
-0.8825000000000001 0.4065
5.2

IMD1b
4
-0.8825000000000001 0.4065
2.6599999999999997 0.4065
2.6599999999999997 0.4665
-0.8825000000000001 0.4665
2.8

IMD2a
4
-0.8825000000000001 0.4665
2.6599999999999997 0.4665
2.6599999999999997 0.4875
-0.8825000000000001 0.4875
5.2

IMD2b
4
-0.8825000000000001 0.4875
2.6599999999999997 0.4875
2.6599999999999997 0.5025
-0.8825000000000001 0.5025
4.2

IMD2c
4
-0.8825000000000001 0.5025
2.6599999999999997 0.5025
2.6599999999999997 0.5265
-0.8825000000000001 0.5265
3.28

IMD2d1+IMD2d2
4
-0.8825000000000001 0.5265
2.6599999999999997 0.5265
2.6599999999999997 0.6535
-0.8825000000000001 0.6535
2.65

IMD3a
4
-0.8825000000000001 0.6535
2.6599999999999997 0.6535
2.6599999999999997 0.6745
-0.8825000000000001 0.6745
5.2

IMD3b
4
-0.8825000000000001 0.6745
2.6599999999999997 0.6745
2.6599999999999997 0.6895
-0.8825000000000001 0.6895
4.2

IMD3c
4
-0.8825000000000001 0.6895
2.6599999999999997 0.6895
2.6599999999999997 0.7135
-0.8825000000000001 0.7135
3.28

IMD3d1+IMD3d2
4
-0.8825000000000001 0.7135
2.6599999999999997 0.7135
2.6599999999999997 0.8405
-0.8825000000000001 0.8405
2.65

IMD4a
4
-0.8825000000000001 0.8405
2.6599999999999997 0.8405
2.6599999999999997 0.8615
-0.8825000000000001 0.8615
5.2

IMD4b
4
-0.8825000000000001 0.8615
2.6599999999999997 0.8615
2.6599999999999997 0.8765
-0.8825000000000001 0.8765
4.2

IMD4c
4
-0.8825000000000001 0.8765
2.6599999999999997 0.8765
2.6599999999999997 0.9005
-0.8825000000000001 0.9005
3.28

IMD5a
4
-0.8825000000000001 1.0275
2.6599999999999997 1.0275
2.6599999999999997 1.0485
-0.8825000000000001 1.0485
5.2

IMD5b
4
-0.8825000000000001 1.0485
2.6599999999999997 1.0485
2.6599999999999997 1.0635
-0.8825000000000001 1.0635
4.2

IMD5c
4
-0.8825000000000001 1.0635
2.6599999999999997 1.0635
2.6599999999999997 1.0875
-0.8825000000000001 1.0875
3.28

IMD5d1+IMD5d2
4
-0.8825000000000001 1.0875
2.6599999999999997 1.0875
2.6599999999999997 1.2145
-0.8825000000000001 1.2145
2.65

IMD6a
4
-0.8825000000000001 1.2145
2.6599999999999997 1.2145
2.6599999999999997 1.2355
-0.8825000000000001 1.2355
5.2

IMD6b
4
-0.8825000000000001 1.2355
2.6599999999999997 1.2355
2.6599999999999997 1.2505
-0.8825000000000001 1.2505
4.2

IMD6c
4
-0.8825000000000001 1.2505
2.6599999999999997 1.2505
2.6599999999999997 1.2745
-0.8825000000000001 1.2745
3.28


4
-0.8825000000000001 0.001
2.6599999999999997 0.001
2.6599999999999997 1.3025
-0.8825000000000001 1.3025

