botcenter
4
0 -0.001
1.3499999999999999 -0.001
1.3499999999999999 0.001
0 0.001

9
lEnv
4
-1.6620099999999998 0.9285000000000001
-0.76799 0.9285000000000001
-0.76201 1.0275
-1.6679899999999999 1.0275

c1
4
-0.44701 0.9285000000000001
0.44701 0.9285000000000001
0.45299 1.0275
-0.45299 1.0275

c2
4
0.9029900000000001 0.9285000000000001
1.79701 0.9285000000000001
1.80299 1.0275
0.8970100000000001 1.0275

rEnv
4
2.11799 0.9285000000000001
3.01201 0.9285000000000001
3.01799 1.0275
2.1120099999999997 1.0275

topleft
4
-2.165 1.1155
0 1.1155
0 1.2145
-2.165 1.2145

topcenter
4
0 1.1155
1.3499999999999999 1.1155
1.3499999999999999 1.2145
0 1.2145

topright
4
1.3499999999999999 1.1155
3.5150000000000006 1.1155
3.5150000000000006 1.2145
1.3499999999999999 1.2145

botleft
4
-2.165 -0.001
0 -0.001
0 0.001
-2.165 0.001

botright
4
1.3499999999999999 -0.001
3.5150000000000006 -0.001
3.5150000000000006 0.001
1.3499999999999999 0.001


44
IMD4d1_damage
4
-1.6714239999999998 0.9185000000000001
-0.758576 0.9185000000000001
-0.757972 0.9285000000000001
-1.6720279999999998 0.9285000000000001
3.1

IMD4d1_damage
4
-0.456424 0.9185000000000001
0.456424 0.9185000000000001
0.457028 0.9285000000000001
-0.457028 0.9285000000000001
3.1

IMD4d1_damage
4
0.8935760000000001 0.9185000000000001
1.806424 0.9185000000000001
1.807028 0.9285000000000001
0.8929720000000001 0.9285000000000001
3.1

IMD4d1_damage
4
2.108576 0.9185000000000001
3.021424 0.9185000000000001
3.022028 0.9285000000000001
2.1079719999999997 0.9285000000000001
3.1

IMD4d2_damage
4
-1.6670189999999998 0.9285000000000001
-1.6620099999999998 0.9285000000000001
-1.6679899999999999 1.0275
-1.672999 1.0275
2.9

IMD4d2_damage
4
-0.76799 0.9285000000000001
-0.7629809999999999 0.9285000000000001
-0.7570009999999999 1.0275
-0.76201 1.0275
2.9

IMD4d2_damage
4
-0.452019 0.9285000000000001
-0.44701 0.9285000000000001
-0.45299 1.0275
-0.457999 1.0275
2.9

IMD4d2_damage
4
0.44701 0.9285000000000001
0.452019 0.9285000000000001
0.457999 1.0275
0.45299 1.0275
2.9

IMD4d2_damage
4
0.897981 0.9285000000000001
0.9029900000000001 0.9285000000000001
0.8970100000000001 1.0275
0.892001 1.0275
2.9

IMD4d2_damage
4
1.79701 0.9285000000000001
1.802019 0.9285000000000001
1.8079990000000001 1.0275
1.80299 1.0275
2.9

IMD4d2_damage
4
2.112981 0.9285000000000001
2.11799 0.9285000000000001
2.1120099999999997 1.0275
2.107001 1.0275
2.9

IMD4d2_damage
4
3.01201 0.9285000000000001
3.017019 0.9285000000000001
3.022999 1.0275
3.01799 1.0275
2.9

IMD5d1_damage
4
-2.165 1.1055
3.5150000000000006 1.1055
3.5150000000000006 1.1155
-2.165 1.1155
3.1

IMD4d2
4
-2.165 0.9285000000000001
-1.6670189999999998 0.9285000000000001
-1.672999 1.0275
-2.165 1.0275
2.65

IMD4d2
4
-0.7629809999999999 0.9285000000000001
-0.452019 0.9285000000000001
-0.457999 1.0275
-0.7570009999999999 1.0275
2.65

IMD4d2
4
0.452019 0.9285000000000001
0.897981 0.9285000000000001
0.892001 1.0275
0.457999 1.0275
2.65

IMD4d2
4
1.802019 0.9285000000000001
2.112981 0.9285000000000001
2.107001 1.0275
1.8079990000000001 1.0275
2.65

IMD4d2
4
3.017019 0.9285000000000001
3.5150000000000006 0.9285000000000001
3.5150000000000006 1.0275
3.022999 1.0275
2.65

IMD4d1
4
-2.165 0.9185000000000001
-1.6714239999999998 0.9185000000000001
-1.6720279999999998 0.9285000000000001
-2.165 0.9285000000000001
2.65

IMD4d1
4
-0.758576 0.9185000000000001
-0.456424 0.9185000000000001
-0.457028 0.9285000000000001
-0.757972 0.9285000000000001
2.65

IMD4d1
4
0.456424 0.9185000000000001
0.8935760000000001 0.9185000000000001
0.8929720000000001 0.9285000000000001
0.457028 0.9285000000000001
2.65

IMD4d1
4
1.806424 0.9185000000000001
2.108576 0.9185000000000001
2.1079719999999997 0.9285000000000001
1.807028 0.9285000000000001
2.65

IMD4d1
4
3.021424 0.9185000000000001
3.5150000000000006 0.9185000000000001
3.5150000000000006 0.9285000000000001
3.022028 0.9285000000000001
2.65

IMD4d1
4
-2.165 0.9005
3.5150000000000006 0.9005
3.5150000000000006 0.9185000000000001
-2.165 0.9185000000000001
2.65

IMD5d1
4
-2.165 1.0875
3.5150000000000006 1.0875
3.5150000000000006 1.1055
-2.165 1.1055
2.65

FOXA+FOXB+TOX
4
-2.165 0.001
3.5150000000000006 0.001
3.5150000000000006 0.2665
-2.165 0.2665
4.0

ILD1a
4
-2.165 0.2665
3.5150000000000006 0.2665
3.5150000000000006 0.2765
-2.165 0.2765
7.0

ILD1b1+ILD1b2+ILD1b3
4
-2.165 0.2765
3.5150000000000006 0.2765
3.5150000000000006 0.3955
-2.165 0.3955
4.0

IMD1a
4
-2.165 0.3955
3.5150000000000006 0.3955
3.5150000000000006 0.4065
-2.165 0.4065
5.2

IMD1b
4
-2.165 0.4065
3.5150000000000006 0.4065
3.5150000000000006 0.4665
-2.165 0.4665
2.8

IMD2a
4
-2.165 0.4665
3.5150000000000006 0.4665
3.5150000000000006 0.4875
-2.165 0.4875
5.2

IMD2b
4
-2.165 0.4875
3.5150000000000006 0.4875
3.5150000000000006 0.5025
-2.165 0.5025
4.2

IMD2c
4
-2.165 0.5025
3.5150000000000006 0.5025
3.5150000000000006 0.5265
-2.165 0.5265
3.28

IMD2d1+IMD2d2
4
-2.165 0.5265
3.5150000000000006 0.5265
3.5150000000000006 0.6535
-2.165 0.6535
2.65

IMD3a
4
-2.165 0.6535
3.5150000000000006 0.6535
3.5150000000000006 0.6745
-2.165 0.6745
5.2

IMD3b
4
-2.165 0.6745
3.5150000000000006 0.6745
3.5150000000000006 0.6895
-2.165 0.6895
4.2

IMD3c
4
-2.165 0.6895
3.5150000000000006 0.6895
3.5150000000000006 0.7135
-2.165 0.7135
3.28

IMD3d1+IMD3d2
4
-2.165 0.7135
3.5150000000000006 0.7135
3.5150000000000006 0.8405
-2.165 0.8405
2.65

IMD4a
4
-2.165 0.8405
3.5150000000000006 0.8405
3.5150000000000006 0.8615
-2.165 0.8615
5.2

IMD4b
4
-2.165 0.8615
3.5150000000000006 0.8615
3.5150000000000006 0.8765
-2.165 0.8765
4.2

IMD4c
4
-2.165 0.8765
3.5150000000000006 0.8765
3.5150000000000006 0.9005
-2.165 0.9005
3.28

IMD5a
4
-2.165 1.0275
3.5150000000000006 1.0275
3.5150000000000006 1.0485
-2.165 1.0485
5.2

IMD5b
4
-2.165 1.0485
3.5150000000000006 1.0485
3.5150000000000006 1.0635
-2.165 1.0635
4.2

IMD5c
4
-2.165 1.0635
3.5150000000000006 1.0635
3.5150000000000006 1.0875
-2.165 1.0875
3.28


4
-2.165 0.001
3.5150000000000006 0.001
3.5150000000000006 1.1155
-2.165 1.1155

