c1
4
-0.44701 0.9285000000000001
0.44701 0.9285000000000001
0.45299 1.0275
-0.45299 1.0275

7
botleft
4
-1.8949999999999998 -0.001
0 -0.001
0 0.001
-1.8949999999999998 0.001

botright
4
0 -0.001
1.3549999999999998 -0.001
1.3549999999999998 0.001
0 0.001

lEnv
4
-1.3920099999999997 0.9285000000000001
-0.49798999999999993 0.9285000000000001
-0.49200999999999995 1.0275
-1.3979899999999998 1.0275

c2
4
0.54299 0.9285000000000001
0.6720100000000001 0.9285000000000001
0.6779900000000001 1.0275
0.53701 1.0275

rEnv
4
0.7229899999999999 0.9285000000000001
0.8520099999999998 0.9285000000000001
0.8579899999999998 1.0275
0.7170099999999999 1.0275

topleft
4
-1.8949999999999998 1.1155
0 1.1155
0 1.2145
-1.8949999999999998 1.2145

topright
4
0 1.1155
1.3549999999999998 1.1155
1.3549999999999998 1.2145
0 1.2145


44
IMD4d1_damage
4
-1.4014239999999998 0.9185000000000001
-0.48857599999999995 0.9185000000000001
-0.48797199999999996 0.9285000000000001
-1.4020279999999998 0.9285000000000001
3.1

IMD4d1_damage
4
-0.456424 0.9185000000000001
0.456424 0.9185000000000001
0.457028 0.9285000000000001
-0.457028 0.9285000000000001
3.1

IMD4d1_damage
4
0.533576 0.9185000000000001
0.681424 0.9185000000000001
0.6820280000000001 0.9285000000000001
0.532972 0.9285000000000001
3.1

IMD4d1_damage
4
0.713576 0.9185000000000001
0.8614239999999997 0.9185000000000001
0.8620279999999998 0.9285000000000001
0.7129719999999999 0.9285000000000001
3.1

IMD4d2_damage
4
-1.3970189999999998 0.9285000000000001
-1.3920099999999997 0.9285000000000001
-1.3979899999999998 1.0275
-1.4029989999999999 1.0275
2.9

IMD4d2_damage
4
-0.49798999999999993 0.9285000000000001
-0.49298099999999995 0.9285000000000001
-0.48700099999999996 1.0275
-0.49200999999999995 1.0275
2.9

IMD4d2_damage
4
-0.452019 0.9285000000000001
-0.44701 0.9285000000000001
-0.45299 1.0275
-0.457999 1.0275
2.9

IMD4d2_damage
4
0.44701 0.9285000000000001
0.452019 0.9285000000000001
0.457999 1.0275
0.45299 1.0275
2.9

IMD4d2_damage
4
0.5379809999999999 0.9285000000000001
0.54299 0.9285000000000001
0.53701 1.0275
0.532001 1.0275
2.9

IMD4d2_damage
4
0.6720100000000001 0.9285000000000001
0.6770190000000001 0.9285000000000001
0.6829990000000001 1.0275
0.6779900000000001 1.0275
2.9

IMD4d2_damage
4
0.7179809999999999 0.9285000000000001
0.7229899999999999 0.9285000000000001
0.7170099999999999 1.0275
0.7120009999999999 1.0275
2.9

IMD4d2_damage
4
0.8520099999999998 0.9285000000000001
0.8570189999999999 0.9285000000000001
0.8629989999999998 1.0275
0.8579899999999998 1.0275
2.9

IMD5d1_damage
4
-1.8949999999999998 1.1055
1.3549999999999998 1.1055
1.3549999999999998 1.1155
-1.8949999999999998 1.1155
3.1

IMD4d2
4
-1.8949999999999998 0.9285000000000001
-1.3970189999999998 0.9285000000000001
-1.4029989999999999 1.0275
-1.8949999999999998 1.0275
2.65

IMD4d2
4
-0.49298099999999995 0.9285000000000001
-0.452019 0.9285000000000001
-0.457999 1.0275
-0.48700099999999996 1.0275
2.65

IMD4d2
4
0.452019 0.9285000000000001
0.5379809999999999 0.9285000000000001
0.532001 1.0275
0.457999 1.0275
2.65

IMD4d2
4
0.6770190000000001 0.9285000000000001
0.7179809999999999 0.9285000000000001
0.7120009999999999 1.0275
0.6829990000000001 1.0275
2.65

IMD4d2
4
0.8570189999999999 0.9285000000000001
1.3549999999999998 0.9285000000000001
1.3549999999999998 1.0275
0.8629989999999998 1.0275
2.65

IMD4d1
4
-1.8949999999999998 0.9185000000000001
-1.4014239999999998 0.9185000000000001
-1.4020279999999998 0.9285000000000001
-1.8949999999999998 0.9285000000000001
2.65

IMD4d1
4
-0.48857599999999995 0.9185000000000001
-0.456424 0.9185000000000001
-0.457028 0.9285000000000001
-0.48797199999999996 0.9285000000000001
2.65

IMD4d1
4
0.456424 0.9185000000000001
0.533576 0.9185000000000001
0.532972 0.9285000000000001
0.457028 0.9285000000000001
2.65

IMD4d1
4
0.681424 0.9185000000000001
0.713576 0.9185000000000001
0.7129719999999999 0.9285000000000001
0.6820280000000001 0.9285000000000001
2.65

IMD4d1
4
0.8614239999999997 0.9185000000000001
1.3549999999999998 0.9185000000000001
1.3549999999999998 0.9285000000000001
0.8620279999999998 0.9285000000000001
2.65

IMD4d1
4
-1.8949999999999998 0.9005
1.3549999999999998 0.9005
1.3549999999999998 0.9185000000000001
-1.8949999999999998 0.9185000000000001
2.65

IMD5d1
4
-1.8949999999999998 1.0875
1.3549999999999998 1.0875
1.3549999999999998 1.1055
-1.8949999999999998 1.1055
2.65

FOXA+FOXB+TOX
4
-1.8949999999999998 0.001
1.3549999999999998 0.001
1.3549999999999998 0.2665
-1.8949999999999998 0.2665
4.0

ILD1a
4
-1.8949999999999998 0.2665
1.3549999999999998 0.2665
1.3549999999999998 0.2765
-1.8949999999999998 0.2765
7.0

ILD1b1+ILD1b2+ILD1b3
4
-1.8949999999999998 0.2765
1.3549999999999998 0.2765
1.3549999999999998 0.3955
-1.8949999999999998 0.3955
4.0

IMD1a
4
-1.8949999999999998 0.3955
1.3549999999999998 0.3955
1.3549999999999998 0.4065
-1.8949999999999998 0.4065
5.2

IMD1b
4
-1.8949999999999998 0.4065
1.3549999999999998 0.4065
1.3549999999999998 0.4665
-1.8949999999999998 0.4665
2.8

IMD2a
4
-1.8949999999999998 0.4665
1.3549999999999998 0.4665
1.3549999999999998 0.4875
-1.8949999999999998 0.4875
5.2

IMD2b
4
-1.8949999999999998 0.4875
1.3549999999999998 0.4875
1.3549999999999998 0.5025
-1.8949999999999998 0.5025
4.2

IMD2c
4
-1.8949999999999998 0.5025
1.3549999999999998 0.5025
1.3549999999999998 0.5265
-1.8949999999999998 0.5265
3.28

IMD2d1+IMD2d2
4
-1.8949999999999998 0.5265
1.3549999999999998 0.5265
1.3549999999999998 0.6535
-1.8949999999999998 0.6535
2.65

IMD3a
4
-1.8949999999999998 0.6535
1.3549999999999998 0.6535
1.3549999999999998 0.6745
-1.8949999999999998 0.6745
5.2

IMD3b
4
-1.8949999999999998 0.6745
1.3549999999999998 0.6745
1.3549999999999998 0.6895
-1.8949999999999998 0.6895
4.2

IMD3c
4
-1.8949999999999998 0.6895
1.3549999999999998 0.6895
1.3549999999999998 0.7135
-1.8949999999999998 0.7135
3.28

IMD3d1+IMD3d2
4
-1.8949999999999998 0.7135
1.3549999999999998 0.7135
1.3549999999999998 0.8405
-1.8949999999999998 0.8405
2.65

IMD4a
4
-1.8949999999999998 0.8405
1.3549999999999998 0.8405
1.3549999999999998 0.8615
-1.8949999999999998 0.8615
5.2

IMD4b
4
-1.8949999999999998 0.8615
1.3549999999999998 0.8615
1.3549999999999998 0.8765
-1.8949999999999998 0.8765
4.2

IMD4c
4
-1.8949999999999998 0.8765
1.3549999999999998 0.8765
1.3549999999999998 0.9005
-1.8949999999999998 0.9005
3.28

IMD5a
4
-1.8949999999999998 1.0275
1.3549999999999998 1.0275
1.3549999999999998 1.0485
-1.8949999999999998 1.0485
5.2

IMD5b
4
-1.8949999999999998 1.0485
1.3549999999999998 1.0485
1.3549999999999998 1.0635
-1.8949999999999998 1.0635
4.2

IMD5c
4
-1.8949999999999998 1.0635
1.3549999999999998 1.0635
1.3549999999999998 1.0875
-1.8949999999999998 1.0875
3.28


4
-1.8949999999999998 0.001
1.3549999999999998 0.001
1.3549999999999998 1.1155
-1.8949999999999998 1.1155

