c1
4
-0.06451000000000005 0.7415
0.06450999999999994 0.7415
0.07048999999999994 0.8405
-0.07049000000000005 0.8405

7
botleft
4
-1.0175 -0.001
0 -0.001
0 0.001
-1.0175 0.001

botright
4
0 -0.001
2.7049999999999996 -0.001
2.7049999999999996 0.001
0 0.001

lEnv
4
-0.5145100000000001 0.7415
-0.3854900000000001 0.7415
-0.3795100000000001 0.8405
-0.5204900000000001 0.8405

c2
4
0.09298999999999992 0.7415
0.9870099999999998 0.7415
0.9929899999999998 0.8405
0.08700999999999992 0.8405

rEnv
4
1.30799 0.7415
2.2020099999999996 0.7415
2.2079899999999997 0.8405
1.30201 0.8405

topleft
4
-1.0175 0.9285000000000001
0 0.9285000000000001
0 1.0275
-1.0175 1.0275

topright
4
0 0.9285000000000001
2.7049999999999996 0.9285000000000001
2.7049999999999996 1.0275
0 1.0275


40
IMD3d1_damage
4
-0.5239240000000001 0.7315
-0.37607600000000013 0.7315
-0.37547200000000014 0.7415
-0.5245280000000001 0.7415
3.1

IMD3d1_damage
4
-0.07392400000000006 0.7315
0.07392399999999995 0.7315
0.07452799999999994 0.7415
-0.07452800000000005 0.7415
3.1

IMD3d1_damage
4
0.08357599999999991 0.7315
0.9964239999999998 0.7315
0.9970279999999998 0.7415
0.08297199999999992 0.7415
3.1

IMD3d1_damage
4
1.298576 0.7315
2.2114239999999996 0.7315
2.2120279999999997 0.7415
1.297972 0.7415
3.1

IMD3d2_damage
4
-0.5195190000000002 0.7415
-0.5145100000000001 0.7415
-0.5204900000000001 0.8405
-0.5254990000000002 0.8405
2.9

IMD3d2_damage
4
-0.3854900000000001 0.7415
-0.3804810000000001 0.7415
-0.37450100000000014 0.8405
-0.3795100000000001 0.8405
2.9

IMD3d2_damage
4
-0.06951900000000005 0.7415
-0.06451000000000005 0.7415
-0.07049000000000005 0.8405
-0.07549900000000005 0.8405
2.9

IMD3d2_damage
4
0.06450999999999994 0.7415
0.06951899999999994 0.7415
0.07549899999999994 0.8405
0.07048999999999994 0.8405
2.9

IMD3d2_damage
4
0.08798099999999992 0.7415
0.09298999999999992 0.7415
0.08700999999999992 0.8405
0.08200099999999992 0.8405
2.9

IMD3d2_damage
4
0.9870099999999998 0.7415
0.9920189999999999 0.7415
0.9979989999999999 0.8405
0.9929899999999998 0.8405
2.9

IMD3d2_damage
4
1.302981 0.7415
1.30799 0.7415
1.30201 0.8405
1.2970009999999998 0.8405
2.9

IMD3d2_damage
4
2.2020099999999996 0.7415
2.2070189999999994 0.7415
2.2129989999999995 0.8405
2.2079899999999997 0.8405
2.9

IMD4d1_damage
4
-1.0175 0.9185000000000001
2.7049999999999996 0.9185000000000001
2.7049999999999996 0.9285000000000001
-1.0175 0.9285000000000001
3.1

IMD3d2
4
-1.0175 0.7415
-0.5195190000000002 0.7415
-0.5254990000000002 0.8405
-1.0175 0.8405
2.65

IMD3d2
4
-0.3804810000000001 0.7415
-0.06951900000000005 0.7415
-0.07549900000000005 0.8405
-0.37450100000000014 0.8405
2.65

IMD3d2
4
0.06951899999999994 0.7415
0.08798099999999992 0.7415
0.08200099999999992 0.8405
0.07549899999999994 0.8405
2.65

IMD3d2
4
0.9920189999999999 0.7415
1.302981 0.7415
1.2970009999999998 0.8405
0.9979989999999999 0.8405
2.65

IMD3d2
4
2.2070189999999994 0.7415
2.7049999999999996 0.7415
2.7049999999999996 0.8405
2.2129989999999995 0.8405
2.65

IMD3d1
4
-1.0175 0.7315
-0.5239240000000001 0.7315
-0.5245280000000001 0.7415
-1.0175 0.7415
2.65

IMD3d1
4
-0.37607600000000013 0.7315
-0.07392400000000006 0.7315
-0.07452800000000005 0.7415
-0.37547200000000014 0.7415
2.65

IMD3d1
4
0.07392399999999995 0.7315
0.08357599999999991 0.7315
0.08297199999999992 0.7415
0.07452799999999994 0.7415
2.65

IMD3d1
4
0.9964239999999998 0.7315
1.298576 0.7315
1.297972 0.7415
0.9970279999999998 0.7415
2.65

IMD3d1
4
2.2114239999999996 0.7315
2.7049999999999996 0.7315
2.7049999999999996 0.7415
2.2120279999999997 0.7415
2.65

IMD3d1
4
-1.0175 0.7135
2.7049999999999996 0.7135
2.7049999999999996 0.7315
-1.0175 0.7315
2.65

IMD4d1
4
-1.0175 0.9005
2.7049999999999996 0.9005
2.7049999999999996 0.9185000000000001
-1.0175 0.9185000000000001
2.65

FOXA+FOXB+TOX
4
-1.0175 0.001
2.7049999999999996 0.001
2.7049999999999996 0.2665
-1.0175 0.2665
4.0

ILD1a
4
-1.0175 0.2665
2.7049999999999996 0.2665
2.7049999999999996 0.2765
-1.0175 0.2765
7.0

ILD1b1+ILD1b2+ILD1b3
4
-1.0175 0.2765
2.7049999999999996 0.2765
2.7049999999999996 0.3955
-1.0175 0.3955
4.0

IMD1a
4
-1.0175 0.3955
2.7049999999999996 0.3955
2.7049999999999996 0.4065
-1.0175 0.4065
5.2

IMD1b
4
-1.0175 0.4065
2.7049999999999996 0.4065
2.7049999999999996 0.4665
-1.0175 0.4665
2.8

IMD2a
4
-1.0175 0.4665
2.7049999999999996 0.4665
2.7049999999999996 0.4875
-1.0175 0.4875
5.2

IMD2b
4
-1.0175 0.4875
2.7049999999999996 0.4875
2.7049999999999996 0.5025
-1.0175 0.5025
4.2

IMD2c
4
-1.0175 0.5025
2.7049999999999996 0.5025
2.7049999999999996 0.5265
-1.0175 0.5265
3.28

IMD2d1+IMD2d2
4
-1.0175 0.5265
2.7049999999999996 0.5265
2.7049999999999996 0.6535
-1.0175 0.6535
2.65

IMD3a
4
-1.0175 0.6535
2.7049999999999996 0.6535
2.7049999999999996 0.6745
-1.0175 0.6745
5.2

IMD3b
4
-1.0175 0.6745
2.7049999999999996 0.6745
2.7049999999999996 0.6895
-1.0175 0.6895
4.2

IMD3c
4
-1.0175 0.6895
2.7049999999999996 0.6895
2.7049999999999996 0.7135
-1.0175 0.7135
3.28

IMD4a
4
-1.0175 0.8405
2.7049999999999996 0.8405
2.7049999999999996 0.8615
-1.0175 0.8615
5.2

IMD4b
4
-1.0175 0.8615
2.7049999999999996 0.8615
2.7049999999999996 0.8765
-1.0175 0.8765
4.2

IMD4c
4
-1.0175 0.8765
2.7049999999999996 0.8765
2.7049999999999996 0.9005
-1.0175 0.9005
3.28


4
-1.0175 0.001
2.7049999999999996 0.001
2.7049999999999996 0.9285000000000001
-1.0175 0.9285000000000001

