botcenter
4
0 -0.001
0.9224999999999999 -0.001
0.9224999999999999 0.001
0 0.001

9
lEnv
4
-0.37951 0.7415
-0.34048999999999996 0.7415
-0.33451 0.8405
-0.38549 0.8405

c1
4
-0.019510000000000013 0.7415
0.019510000000000013 0.7415
0.025490000000000013 0.8405
-0.025490000000000013 0.8405

c2
4
0.47548999999999997 0.7415
1.36951 0.7415
1.37549 0.8405
0.46951 0.8405

rEnv
4
1.69049 0.7415
2.58451 0.7415
2.59049 0.8405
1.68451 0.8405

topleft
4
-0.8825000000000001 1.3025
0 1.3025
0 1.4015
-0.8825000000000001 1.4015

topcenter
4
0 1.3025
0.9224999999999999 1.3025
0.9224999999999999 1.4015
0 1.4015

topright
4
0.9224999999999999 1.3025
3.0875 1.3025
3.0875 1.4015
0.9224999999999999 1.4015

botleft
4
-0.8825000000000001 -0.001
0 -0.001
0 0.001
-0.8825000000000001 0.001

botright
4
0.9224999999999999 -0.001
3.0875 -0.001
3.0875 0.001
0.9224999999999999 0.001


48
IMD3d1_damage
4
-0.388924 0.7315
-0.331076 0.7315
-0.330472 0.7415
-0.389528 0.7415
3.1

IMD3d1_damage
4
-0.028924000000000012 0.7315
0.028924000000000012 0.7315
0.029528000000000013 0.7415
-0.029528000000000013 0.7415
3.1

IMD3d1_damage
4
0.466076 0.7315
1.378924 0.7315
1.379528 0.7415
0.465472 0.7415
3.1

IMD3d1_damage
4
1.681076 0.7315
2.593924 0.7315
2.594528 0.7415
1.680472 0.7415
3.1

IMD3d2_damage
4
-0.384519 0.7415
-0.37951 0.7415
-0.38549 0.8405
-0.390499 0.8405
2.9

IMD3d2_damage
4
-0.34048999999999996 0.7415
-0.335481 0.7415
-0.329501 0.8405
-0.33451 0.8405
2.9

IMD3d2_damage
4
-0.024519000000000013 0.7415
-0.019510000000000013 0.7415
-0.025490000000000013 0.8405
-0.030499000000000012 0.8405
2.9

IMD3d2_damage
4
0.019510000000000013 0.7415
0.024519000000000013 0.7415
0.030499000000000012 0.8405
0.025490000000000013 0.8405
2.9

IMD3d2_damage
4
0.470481 0.7415
0.47548999999999997 0.7415
0.46951 0.8405
0.464501 0.8405
2.9

IMD3d2_damage
4
1.36951 0.7415
1.374519 0.7415
1.3804990000000001 0.8405
1.37549 0.8405
2.9

IMD3d2_damage
4
1.685481 0.7415
1.69049 0.7415
1.68451 0.8405
1.679501 0.8405
2.9

IMD3d2_damage
4
2.58451 0.7415
2.5895189999999997 0.7415
2.595499 0.8405
2.59049 0.8405
2.9

IMD6d1_damage
4
-0.8825000000000001 1.2925
3.0875 1.2925
3.0875 1.3025
-0.8825000000000001 1.3025
3.1

IMD3d2
4
-0.8825000000000001 0.7415
-0.384519 0.7415
-0.390499 0.8405
-0.8825000000000001 0.8405
2.65

IMD3d2
4
-0.335481 0.7415
-0.024519000000000013 0.7415
-0.030499000000000012 0.8405
-0.329501 0.8405
2.65

IMD3d2
4
0.024519000000000013 0.7415
0.470481 0.7415
0.464501 0.8405
0.030499000000000012 0.8405
2.65

IMD3d2
4
1.374519 0.7415
1.685481 0.7415
1.679501 0.8405
1.3804990000000001 0.8405
2.65

IMD3d2
4
2.5895189999999997 0.7415
3.0875 0.7415
3.0875 0.8405
2.595499 0.8405
2.65

IMD3d1
4
-0.8825000000000001 0.7315
-0.388924 0.7315
-0.389528 0.7415
-0.8825000000000001 0.7415
2.65

IMD3d1
4
-0.331076 0.7315
-0.028924000000000012 0.7315
-0.029528000000000013 0.7415
-0.330472 0.7415
2.65

IMD3d1
4
0.028924000000000012 0.7315
0.466076 0.7315
0.465472 0.7415
0.029528000000000013 0.7415
2.65

IMD3d1
4
1.378924 0.7315
1.681076 0.7315
1.680472 0.7415
1.379528 0.7415
2.65

IMD3d1
4
2.593924 0.7315
3.0875 0.7315
3.0875 0.7415
2.594528 0.7415
2.65

IMD3d1
4
-0.8825000000000001 0.7135
3.0875 0.7135
3.0875 0.7315
-0.8825000000000001 0.7315
2.65

IMD6d1
4
-0.8825000000000001 1.2745
3.0875 1.2745
3.0875 1.2925
-0.8825000000000001 1.2925
2.65

FOXA+FOXB+TOX
4
-0.8825000000000001 0.001
3.0875 0.001
3.0875 0.2665
-0.8825000000000001 0.2665
4.0

ILD1a
4
-0.8825000000000001 0.2665
3.0875 0.2665
3.0875 0.2765
-0.8825000000000001 0.2765
7.0

ILD1b1+ILD1b2+ILD1b3
4
-0.8825000000000001 0.2765
3.0875 0.2765
3.0875 0.3955
-0.8825000000000001 0.3955
4.0

IMD1a
4
-0.8825000000000001 0.3955
3.0875 0.3955
3.0875 0.4065
-0.8825000000000001 0.4065
5.2

IMD1b
4
-0.8825000000000001 0.4065
3.0875 0.4065
3.0875 0.4665
-0.8825000000000001 0.4665
2.8

IMD2a
4
-0.8825000000000001 0.4665
3.0875 0.4665
3.0875 0.4875
-0.8825000000000001 0.4875
5.2

IMD2b
4
-0.8825000000000001 0.4875
3.0875 0.4875
3.0875 0.5025
-0.8825000000000001 0.5025
4.2

IMD2c
4
-0.8825000000000001 0.5025
3.0875 0.5025
3.0875 0.5265
-0.8825000000000001 0.5265
3.28

IMD2d1+IMD2d2
4
-0.8825000000000001 0.5265
3.0875 0.5265
3.0875 0.6535
-0.8825000000000001 0.6535
2.65

IMD3a
4
-0.8825000000000001 0.6535
3.0875 0.6535
3.0875 0.6745
-0.8825000000000001 0.6745
5.2

IMD3b
4
-0.8825000000000001 0.6745
3.0875 0.6745
3.0875 0.6895
-0.8825000000000001 0.6895
4.2

IMD3c
4
-0.8825000000000001 0.6895
3.0875 0.6895
3.0875 0.7135
-0.8825000000000001 0.7135
3.28

IMD4a
4
-0.8825000000000001 0.8405
3.0875 0.8405
3.0875 0.8615
-0.8825000000000001 0.8615
5.2

IMD4b
4
-0.8825000000000001 0.8615
3.0875 0.8615
3.0875 0.8765
-0.8825000000000001 0.8765
4.2

IMD4c
4
-0.8825000000000001 0.8765
3.0875 0.8765
3.0875 0.9005
-0.8825000000000001 0.9005
3.28

IMD4d1+IMD4d2
4
-0.8825000000000001 0.9005
3.0875 0.9005
3.0875 1.0275
-0.8825000000000001 1.0275
2.65

IMD5a
4
-0.8825000000000001 1.0275
3.0875 1.0275
3.0875 1.0485
-0.8825000000000001 1.0485
5.2

IMD5b
4
-0.8825000000000001 1.0485
3.0875 1.0485
3.0875 1.0635
-0.8825000000000001 1.0635
4.2

IMD5c
4
-0.8825000000000001 1.0635
3.0875 1.0635
3.0875 1.0875
-0.8825000000000001 1.0875
3.28

IMD5d1+IMD5d2
4
-0.8825000000000001 1.0875
3.0875 1.0875
3.0875 1.2145
-0.8825000000000001 1.2145
2.65

IMD6a
4
-0.8825000000000001 1.2145
3.0875 1.2145
3.0875 1.2355
-0.8825000000000001 1.2355
5.2

IMD6b
4
-0.8825000000000001 1.2355
3.0875 1.2355
3.0875 1.2505
-0.8825000000000001 1.2505
4.2

IMD6c
4
-0.8825000000000001 1.2505
3.0875 1.2505
3.0875 1.2745
-0.8825000000000001 1.2745
3.28


4
-0.8825000000000001 0.001
3.0875 0.001
3.0875 1.3025
-0.8825000000000001 1.3025

