botcenter
4
0 -0.001
1.71 -0.001
1.71 0.001
0 0.001

7
c1
4
-0.44700999999999996 0.7415
0.44700999999999996 0.7415
0.45298999999999995 0.8405
-0.45298999999999995 0.8405

c2
4
1.26299 0.7415
2.15701 0.7415
2.16299 0.8405
1.25701 0.8405

topleft
4
-6.35 0.9285000000000001
0 0.9285000000000001
0 1.0275
-6.35 1.0275

topcenter
4
0 0.9285000000000001
1.71 0.9285000000000001
1.71 1.0275
0 1.0275

topright
4
1.71 0.9285000000000001
8.06 0.9285000000000001
8.06 1.0275
1.71 1.0275

botleft
4
-6.35 -0.001
0 -0.001
0 0.001
-6.35 0.001

botright
4
1.71 -0.001
8.06 -0.001
8.06 0.001
1.71 0.001


30
IMD3d1_damage
4
-0.45642399999999994 0.7315
0.45642399999999994 0.7315
0.45702799999999993 0.7415
-0.45702799999999993 0.7415
3.1

IMD3d1_damage
4
1.253576 0.7315
2.166424 0.7315
2.167028 0.7415
1.252972 0.7415
3.1

IMD3d2_damage
4
-0.45201899999999995 0.7415
-0.44700999999999996 0.7415
-0.45298999999999995 0.8405
-0.45799899999999993 0.8405
2.9

IMD3d2_damage
4
0.44700999999999996 0.7415
0.45201899999999995 0.7415
0.45799899999999993 0.8405
0.45298999999999995 0.8405
2.9

IMD3d2_damage
4
1.257981 0.7415
1.26299 0.7415
1.25701 0.8405
1.252001 0.8405
2.9

IMD3d2_damage
4
2.15701 0.7415
2.162019 0.7415
2.167999 0.8405
2.16299 0.8405
2.9

IMD4d1_damage
4
-6.35 0.9185000000000001
8.06 0.9185000000000001
8.06 0.9285000000000001
-6.35 0.9285000000000001
3.1

IMD3d2
4
-6.35 0.7415
-0.45201899999999995 0.7415
-0.45799899999999993 0.8405
-6.35 0.8405
2.65

IMD3d2
4
0.45201899999999995 0.7415
1.257981 0.7415
1.252001 0.8405
0.45799899999999993 0.8405
2.65

IMD3d2
4
2.162019 0.7415
8.06 0.7415
8.06 0.8405
2.167999 0.8405
2.65

IMD3d1
4
-6.35 0.7315
-0.45642399999999994 0.7315
-0.45702799999999993 0.7415
-6.35 0.7415
2.65

IMD3d1
4
0.45642399999999994 0.7315
1.253576 0.7315
1.252972 0.7415
0.45702799999999993 0.7415
2.65

IMD3d1
4
2.166424 0.7315
8.06 0.7315
8.06 0.7415
2.167028 0.7415
2.65

IMD3d1
4
-6.35 0.7135
8.06 0.7135
8.06 0.7315
-6.35 0.7315
2.65

IMD4d1
4
-6.35 0.9005
8.06 0.9005
8.06 0.9185000000000001
-6.35 0.9185000000000001
2.65

FOXA+FOXB+TOX
4
-6.35 0.001
8.06 0.001
8.06 0.2665
-6.35 0.2665
4.0

ILD1a
4
-6.35 0.2665
8.06 0.2665
8.06 0.2765
-6.35 0.2765
7.0

ILD1b1+ILD1b2+ILD1b3
4
-6.35 0.2765
8.06 0.2765
8.06 0.3955
-6.35 0.3955
4.0

IMD1a
4
-6.35 0.3955
8.06 0.3955
8.06 0.4065
-6.35 0.4065
5.2

IMD1b
4
-6.35 0.4065
8.06 0.4065
8.06 0.4665
-6.35 0.4665
2.8

IMD2a
4
-6.35 0.4665
8.06 0.4665
8.06 0.4875
-6.35 0.4875
5.2

IMD2b
4
-6.35 0.4875
8.06 0.4875
8.06 0.5025
-6.35 0.5025
4.2

IMD2c
4
-6.35 0.5025
8.06 0.5025
8.06 0.5265
-6.35 0.5265
3.28

IMD2d1+IMD2d2
4
-6.35 0.5265
8.06 0.5265
8.06 0.6535
-6.35 0.6535
2.65

IMD3a
4
-6.35 0.6535
8.06 0.6535
8.06 0.6745
-6.35 0.6745
5.2

IMD3b
4
-6.35 0.6745
8.06 0.6745
8.06 0.6895
-6.35 0.6895
4.2

IMD3c
4
-6.35 0.6895
8.06 0.6895
8.06 0.7135
-6.35 0.7135
3.28

IMD4a
4
-6.35 0.8405
8.06 0.8405
8.06 0.8615
-6.35 0.8615
5.2

IMD4b
4
-6.35 0.8615
8.06 0.8615
8.06 0.8765
-6.35 0.8765
4.2

IMD4c
4
-6.35 0.8765
8.06 0.8765
8.06 0.9005
-6.35 0.9005
3.28


4
-6.35 0.001
8.06 0.001
8.06 0.9285000000000001
-6.35 0.9285000000000001

