c1
4
-0.06451000000000003 0.7415
0.06451 0.7415
0.07049 0.8405
-0.07049000000000002 0.8405

7
botleft
4
-0.7475 -0.001
0 -0.001
0 0.001
-0.7475 0.001

botright
4
0 -0.001
3.0424999999999995 -0.001
3.0424999999999995 0.001
0 0.001

lEnv
4
-0.24451000000000003 0.7415
-0.11549000000000002 0.7415
-0.10951000000000002 0.8405
-0.25049000000000005 0.8405

c2
4
0.70049 0.7415
1.5945099999999996 0.7415
1.6004899999999997 0.8405
0.69451 0.8405

rEnv
4
1.64549 0.7415
2.5395099999999995 0.7415
2.5454899999999996 0.8405
1.6395099999999998 0.8405

topleft
4
-0.7475 0.9285000000000001
0 0.9285000000000001
0 1.0275
-0.7475 1.0275

topright
4
0 0.9285000000000001
3.0424999999999995 0.9285000000000001
3.0424999999999995 1.0275
0 1.0275


40
IMD3d1_damage
4
-0.25392400000000004 0.7315
-0.10607600000000002 0.7315
-0.10547200000000002 0.7415
-0.25452800000000003 0.7415
3.1

IMD3d1_damage
4
-0.07392400000000003 0.7315
0.073924 0.7315
0.074528 0.7415
-0.07452800000000002 0.7415
3.1

IMD3d1_damage
4
0.691076 0.7315
1.6039239999999997 0.7315
1.6045279999999997 0.7415
0.690472 0.7415
3.1

IMD3d1_damage
4
1.6360759999999999 0.7315
2.5489239999999995 0.7315
2.5495279999999996 0.7415
1.6354719999999998 0.7415
3.1

IMD3d2_damage
4
-0.24951900000000005 0.7415
-0.24451000000000003 0.7415
-0.25049000000000005 0.8405
-0.25549900000000003 0.8405
2.9

IMD3d2_damage
4
-0.11549000000000002 0.7415
-0.11048100000000002 0.7415
-0.10450100000000002 0.8405
-0.10951000000000002 0.8405
2.9

IMD3d2_damage
4
-0.06951900000000003 0.7415
-0.06451000000000003 0.7415
-0.07049000000000002 0.8405
-0.07549900000000002 0.8405
2.9

IMD3d2_damage
4
0.06451 0.7415
0.069519 0.7415
0.075499 0.8405
0.07049 0.8405
2.9

IMD3d2_damage
4
0.6954809999999999 0.7415
0.70049 0.7415
0.69451 0.8405
0.6895009999999999 0.8405
2.9

IMD3d2_damage
4
1.5945099999999996 0.7415
1.5995189999999997 0.7415
1.6054989999999998 0.8405
1.6004899999999997 0.8405
2.9

IMD3d2_damage
4
1.6404809999999999 0.7415
1.64549 0.7415
1.6395099999999998 0.8405
1.6345009999999998 0.8405
2.9

IMD3d2_damage
4
2.5395099999999995 0.7415
2.5445189999999993 0.7415
2.5504989999999994 0.8405
2.5454899999999996 0.8405
2.9

IMD4d1_damage
4
-0.7475 0.9185000000000001
3.0424999999999995 0.9185000000000001
3.0424999999999995 0.9285000000000001
-0.7475 0.9285000000000001
3.1

IMD3d2
4
-0.7475 0.7415
-0.24951900000000005 0.7415
-0.25549900000000003 0.8405
-0.7475 0.8405
2.65

IMD3d2
4
-0.11048100000000002 0.7415
-0.06951900000000003 0.7415
-0.07549900000000002 0.8405
-0.10450100000000002 0.8405
2.65

IMD3d2
4
0.069519 0.7415
0.6954809999999999 0.7415
0.6895009999999999 0.8405
0.075499 0.8405
2.65

IMD3d2
4
1.5995189999999997 0.7415
1.6404809999999999 0.7415
1.6345009999999998 0.8405
1.6054989999999998 0.8405
2.65

IMD3d2
4
2.5445189999999993 0.7415
3.0424999999999995 0.7415
3.0424999999999995 0.8405
2.5504989999999994 0.8405
2.65

IMD3d1
4
-0.7475 0.7315
-0.25392400000000004 0.7315
-0.25452800000000003 0.7415
-0.7475 0.7415
2.65

IMD3d1
4
-0.10607600000000002 0.7315
-0.07392400000000003 0.7315
-0.07452800000000002 0.7415
-0.10547200000000002 0.7415
2.65

IMD3d1
4
0.073924 0.7315
0.691076 0.7315
0.690472 0.7415
0.074528 0.7415
2.65

IMD3d1
4
1.6039239999999997 0.7315
1.6360759999999999 0.7315
1.6354719999999998 0.7415
1.6045279999999997 0.7415
2.65

IMD3d1
4
2.5489239999999995 0.7315
3.0424999999999995 0.7315
3.0424999999999995 0.7415
2.5495279999999996 0.7415
2.65

IMD3d1
4
-0.7475 0.7135
3.0424999999999995 0.7135
3.0424999999999995 0.7315
-0.7475 0.7315
2.65

IMD4d1
4
-0.7475 0.9005
3.0424999999999995 0.9005
3.0424999999999995 0.9185000000000001
-0.7475 0.9185000000000001
2.65

FOXA+FOXB+TOX
4
-0.7475 0.001
3.0424999999999995 0.001
3.0424999999999995 0.2665
-0.7475 0.2665
4.0

ILD1a
4
-0.7475 0.2665
3.0424999999999995 0.2665
3.0424999999999995 0.2765
-0.7475 0.2765
7.0

ILD1b1+ILD1b2+ILD1b3
4
-0.7475 0.2765
3.0424999999999995 0.2765
3.0424999999999995 0.3955
-0.7475 0.3955
4.0

IMD1a
4
-0.7475 0.3955
3.0424999999999995 0.3955
3.0424999999999995 0.4065
-0.7475 0.4065
5.2

IMD1b
4
-0.7475 0.4065
3.0424999999999995 0.4065
3.0424999999999995 0.4665
-0.7475 0.4665
2.8

IMD2a
4
-0.7475 0.4665
3.0424999999999995 0.4665
3.0424999999999995 0.4875
-0.7475 0.4875
5.2

IMD2b
4
-0.7475 0.4875
3.0424999999999995 0.4875
3.0424999999999995 0.5025
-0.7475 0.5025
4.2

IMD2c
4
-0.7475 0.5025
3.0424999999999995 0.5025
3.0424999999999995 0.5265
-0.7475 0.5265
3.28

IMD2d1+IMD2d2
4
-0.7475 0.5265
3.0424999999999995 0.5265
3.0424999999999995 0.6535
-0.7475 0.6535
2.65

IMD3a
4
-0.7475 0.6535
3.0424999999999995 0.6535
3.0424999999999995 0.6745
-0.7475 0.6745
5.2

IMD3b
4
-0.7475 0.6745
3.0424999999999995 0.6745
3.0424999999999995 0.6895
-0.7475 0.6895
4.2

IMD3c
4
-0.7475 0.6895
3.0424999999999995 0.6895
3.0424999999999995 0.7135
-0.7475 0.7135
3.28

IMD4a
4
-0.7475 0.8405
3.0424999999999995 0.8405
3.0424999999999995 0.8615
-0.7475 0.8615
5.2

IMD4b
4
-0.7475 0.8615
3.0424999999999995 0.8615
3.0424999999999995 0.8765
-0.7475 0.8765
4.2

IMD4c
4
-0.7475 0.8765
3.0424999999999995 0.8765
3.0424999999999995 0.9005
-0.7475 0.9005
3.28


4
-0.7475 0.001
3.0424999999999995 0.001
3.0424999999999995 0.9285000000000001
-0.7475 0.9285000000000001

