botcenter
4
0 -0.001
0.513 -0.001
0.513 0.001
0 0.001

9
lEnv
4
-0.10951 0.7415
-0.07049 0.7415
-0.06451 0.8405
-0.11549 0.8405

c1
4
-0.01951 0.7415
0.01951 0.7415
0.02549 0.8405
-0.02549 0.8405

c2
4
0.06599 0.7415
0.96001 0.7415
0.96599 0.8405
0.060009999999999994 0.8405

rEnv
4
1.01099 0.7415
1.9050099999999996 0.7415
1.9109899999999997 0.8405
1.00501 0.8405

topleft
4
-0.6125 0.9285000000000001
0 0.9285000000000001
0 1.0275
-0.6125 1.0275

topcenter
4
0 0.9285000000000001
0.513 0.9285000000000001
0.513 1.0275
0 1.0275

topright
4
0.513 0.9285000000000001
2.408 0.9285000000000001
2.408 1.0275
0.513 1.0275

botleft
4
-0.6125 -0.001
0 -0.001
0 0.001
-0.6125 0.001

botright
4
0.513 -0.001
2.408 -0.001
2.408 0.001
0.513 0.001


40
IMD3d1_damage
4
-0.118924 0.7315
-0.061076 0.7315
-0.060472 0.7415
-0.119528 0.7415
3.1

IMD3d1_damage
4
-0.028924 0.7315
0.028924 0.7315
0.029528 0.7415
-0.029528 0.7415
3.1

IMD3d1_damage
4
0.056575999999999994 0.7315
0.969424 0.7315
0.970028 0.7415
0.055971999999999994 0.7415
3.1

IMD3d1_damage
4
1.001576 0.7315
1.9144239999999997 0.7315
1.9150279999999997 0.7415
1.000972 0.7415
3.1

IMD3d2_damage
4
-0.114519 0.7415
-0.10951 0.7415
-0.11549 0.8405
-0.120499 0.8405
2.9

IMD3d2_damage
4
-0.07049 0.7415
-0.065481 0.7415
-0.059501 0.8405
-0.06451 0.8405
2.9

IMD3d2_damage
4
-0.024519 0.7415
-0.01951 0.7415
-0.02549 0.8405
-0.030499 0.8405
2.9

IMD3d2_damage
4
0.01951 0.7415
0.024519 0.7415
0.030499 0.8405
0.02549 0.8405
2.9

IMD3d2_damage
4
0.060980999999999994 0.7415
0.06599 0.7415
0.060009999999999994 0.8405
0.055000999999999994 0.8405
2.9

IMD3d2_damage
4
0.96001 0.7415
0.9650190000000001 0.7415
0.9709990000000001 0.8405
0.96599 0.8405
2.9

IMD3d2_damage
4
1.005981 0.7415
1.01099 0.7415
1.00501 0.8405
1.000001 0.8405
2.9

IMD3d2_damage
4
1.9050099999999996 0.7415
1.9100189999999997 0.7415
1.9159989999999998 0.8405
1.9109899999999997 0.8405
2.9

IMD4d1_damage
4
-0.6125 0.9185000000000001
2.408 0.9185000000000001
2.408 0.9285000000000001
-0.6125 0.9285000000000001
3.1

IMD3d2
4
-0.6125 0.7415
-0.114519 0.7415
-0.120499 0.8405
-0.6125 0.8405
2.65

IMD3d2
4
-0.065481 0.7415
-0.024519 0.7415
-0.030499 0.8405
-0.059501 0.8405
2.65

IMD3d2
4
0.024519 0.7415
0.060980999999999994 0.7415
0.055000999999999994 0.8405
0.030499 0.8405
2.65

IMD3d2
4
0.9650190000000001 0.7415
1.005981 0.7415
1.000001 0.8405
0.9709990000000001 0.8405
2.65

IMD3d2
4
1.9100189999999997 0.7415
2.408 0.7415
2.408 0.8405
1.9159989999999998 0.8405
2.65

IMD3d1
4
-0.6125 0.7315
-0.118924 0.7315
-0.119528 0.7415
-0.6125 0.7415
2.65

IMD3d1
4
-0.061076 0.7315
-0.028924 0.7315
-0.029528 0.7415
-0.060472 0.7415
2.65

IMD3d1
4
0.028924 0.7315
0.056575999999999994 0.7315
0.055971999999999994 0.7415
0.029528 0.7415
2.65

IMD3d1
4
0.969424 0.7315
1.001576 0.7315
1.000972 0.7415
0.970028 0.7415
2.65

IMD3d1
4
1.9144239999999997 0.7315
2.408 0.7315
2.408 0.7415
1.9150279999999997 0.7415
2.65

IMD3d1
4
-0.6125 0.7135
2.408 0.7135
2.408 0.7315
-0.6125 0.7315
2.65

IMD4d1
4
-0.6125 0.9005
2.408 0.9005
2.408 0.9185000000000001
-0.6125 0.9185000000000001
2.65

FOXA+FOXB+TOX
4
-0.6125 0.001
2.408 0.001
2.408 0.2665
-0.6125 0.2665
4.0

ILD1a
4
-0.6125 0.2665
2.408 0.2665
2.408 0.2765
-0.6125 0.2765
7.0

ILD1b1+ILD1b2+ILD1b3
4
-0.6125 0.2765
2.408 0.2765
2.408 0.3955
-0.6125 0.3955
4.0

IMD1a
4
-0.6125 0.3955
2.408 0.3955
2.408 0.4065
-0.6125 0.4065
5.2

IMD1b
4
-0.6125 0.4065
2.408 0.4065
2.408 0.4665
-0.6125 0.4665
2.8

IMD2a
4
-0.6125 0.4665
2.408 0.4665
2.408 0.4875
-0.6125 0.4875
5.2

IMD2b
4
-0.6125 0.4875
2.408 0.4875
2.408 0.5025
-0.6125 0.5025
4.2

IMD2c
4
-0.6125 0.5025
2.408 0.5025
2.408 0.5265
-0.6125 0.5265
3.28

IMD2d1+IMD2d2
4
-0.6125 0.5265
2.408 0.5265
2.408 0.6535
-0.6125 0.6535
2.65

IMD3a
4
-0.6125 0.6535
2.408 0.6535
2.408 0.6745
-0.6125 0.6745
5.2

IMD3b
4
-0.6125 0.6745
2.408 0.6745
2.408 0.6895
-0.6125 0.6895
4.2

IMD3c
4
-0.6125 0.6895
2.408 0.6895
2.408 0.7135
-0.6125 0.7135
3.28

IMD4a
4
-0.6125 0.8405
2.408 0.8405
2.408 0.8615
-0.6125 0.8615
5.2

IMD4b
4
-0.6125 0.8615
2.408 0.8615
2.408 0.8765
-0.6125 0.8765
4.2

IMD4c
4
-0.6125 0.8765
2.408 0.8765
2.408 0.9005
-0.6125 0.9005
3.28


4
-0.6125 0.001
2.408 0.001
2.408 0.9285000000000001
-0.6125 0.9285000000000001

