c1
4
-0.44700999999999996 0.7415
0.44700999999999996 0.7415
0.45298999999999995 0.8405
-0.45298999999999995 0.8405

5
botleft
4
-6.35 -0.001
0 -0.001
0 0.001
-6.35 0.001

botright
4
0 -0.001
6.17 -0.001
6.17 0.001
0 0.001

c2
4
1.08299 0.7415
1.1220099999999997 0.7415
1.1279899999999998 0.8405
1.0770099999999998 0.8405

topleft
4
-6.35 1.3025
0 1.3025
0 1.4015
-6.35 1.4015

topright
4
0 1.3025
6.17 1.3025
6.17 1.4015
0 1.4015


38
IMD3d1_damage
4
-0.45642399999999994 0.7315
0.45642399999999994 0.7315
0.45702799999999993 0.7415
-0.45702799999999993 0.7415
3.1

IMD3d1_damage
4
1.0735759999999999 0.7315
1.1314239999999998 0.7315
1.1320279999999998 0.7415
1.0729719999999998 0.7415
3.1

IMD3d2_damage
4
-0.45201899999999995 0.7415
-0.44700999999999996 0.7415
-0.45298999999999995 0.8405
-0.45799899999999993 0.8405
2.9

IMD3d2_damage
4
0.44700999999999996 0.7415
0.45201899999999995 0.7415
0.45799899999999993 0.8405
0.45298999999999995 0.8405
2.9

IMD3d2_damage
4
1.0779809999999999 0.7415
1.08299 0.7415
1.0770099999999998 0.8405
1.0720009999999998 0.8405
2.9

IMD3d2_damage
4
1.1220099999999997 0.7415
1.1270189999999998 0.7415
1.1329989999999999 0.8405
1.1279899999999998 0.8405
2.9

IMD6d1_damage
4
-6.35 1.2925
6.17 1.2925
6.17 1.3025
-6.35 1.3025
3.1

IMD3d2
4
-6.35 0.7415
-0.45201899999999995 0.7415
-0.45799899999999993 0.8405
-6.35 0.8405
2.65

IMD3d2
4
0.45201899999999995 0.7415
1.0779809999999999 0.7415
1.0720009999999998 0.8405
0.45799899999999993 0.8405
2.65

IMD3d2
4
1.1270189999999998 0.7415
6.17 0.7415
6.17 0.8405
1.1329989999999999 0.8405
2.65

IMD3d1
4
-6.35 0.7315
-0.45642399999999994 0.7315
-0.45702799999999993 0.7415
-6.35 0.7415
2.65

IMD3d1
4
0.45642399999999994 0.7315
1.0735759999999999 0.7315
1.0729719999999998 0.7415
0.45702799999999993 0.7415
2.65

IMD3d1
4
1.1314239999999998 0.7315
6.17 0.7315
6.17 0.7415
1.1320279999999998 0.7415
2.65

IMD3d1
4
-6.35 0.7135
6.17 0.7135
6.17 0.7315
-6.35 0.7315
2.65

IMD6d1
4
-6.35 1.2745
6.17 1.2745
6.17 1.2925
-6.35 1.2925
2.65

FOXA+FOXB+TOX
4
-6.35 0.001
6.17 0.001
6.17 0.2665
-6.35 0.2665
4.0

ILD1a
4
-6.35 0.2665
6.17 0.2665
6.17 0.2765
-6.35 0.2765
7.0

ILD1b1+ILD1b2+ILD1b3
4
-6.35 0.2765
6.17 0.2765
6.17 0.3955
-6.35 0.3955
4.0

IMD1a
4
-6.35 0.3955
6.17 0.3955
6.17 0.4065
-6.35 0.4065
5.2

IMD1b
4
-6.35 0.4065
6.17 0.4065
6.17 0.4665
-6.35 0.4665
2.8

IMD2a
4
-6.35 0.4665
6.17 0.4665
6.17 0.4875
-6.35 0.4875
5.2

IMD2b
4
-6.35 0.4875
6.17 0.4875
6.17 0.5025
-6.35 0.5025
4.2

IMD2c
4
-6.35 0.5025
6.17 0.5025
6.17 0.5265
-6.35 0.5265
3.28

IMD2d1+IMD2d2
4
-6.35 0.5265
6.17 0.5265
6.17 0.6535
-6.35 0.6535
2.65

IMD3a
4
-6.35 0.6535
6.17 0.6535
6.17 0.6745
-6.35 0.6745
5.2

IMD3b
4
-6.35 0.6745
6.17 0.6745
6.17 0.6895
-6.35 0.6895
4.2

IMD3c
4
-6.35 0.6895
6.17 0.6895
6.17 0.7135
-6.35 0.7135
3.28

IMD4a
4
-6.35 0.8405
6.17 0.8405
6.17 0.8615
-6.35 0.8615
5.2

IMD4b
4
-6.35 0.8615
6.17 0.8615
6.17 0.8765
-6.35 0.8765
4.2

IMD4c
4
-6.35 0.8765
6.17 0.8765
6.17 0.9005
-6.35 0.9005
3.28

IMD4d1+IMD4d2
4
-6.35 0.9005
6.17 0.9005
6.17 1.0275
-6.35 1.0275
2.65

IMD5a
4
-6.35 1.0275
6.17 1.0275
6.17 1.0485
-6.35 1.0485
5.2

IMD5b
4
-6.35 1.0485
6.17 1.0485
6.17 1.0635
-6.35 1.0635
4.2

IMD5c
4
-6.35 1.0635
6.17 1.0635
6.17 1.0875
-6.35 1.0875
3.28

IMD5d1+IMD5d2
4
-6.35 1.0875
6.17 1.0875
6.17 1.2145
-6.35 1.2145
2.65

IMD6a
4
-6.35 1.2145
6.17 1.2145
6.17 1.2355
-6.35 1.2355
5.2

IMD6b
4
-6.35 1.2355
6.17 1.2355
6.17 1.2505
-6.35 1.2505
4.2

IMD6c
4
-6.35 1.2505
6.17 1.2505
6.17 1.2745
-6.35 1.2745
3.28


4
-6.35 0.001
6.17 0.001
6.17 1.3025
-6.35 1.3025

