c1
4
-0.44701 0.7415
0.44701 0.7415
0.45299 0.8405
-0.45299 0.8405

5
botleft
4
-3.6049999999999995 -0.001
0 -0.001
0 0.001
-3.6049999999999995 0.001

botright
4
0 -0.001
7.295 -0.001
7.295 0.001
0 0.001

lEnv
4
-1.3920099999999997 0.7415
-0.49798999999999993 0.7415
-0.49200999999999995 0.8405
-1.3979899999999998 0.8405

topleft
4
-3.6049999999999995 0.9285000000000001
0 0.9285000000000001
0 1.0275
-3.6049999999999995 1.0275

topright
4
0 0.9285000000000001
7.295 0.9285000000000001
7.295 1.0275
0 1.0275


31
IMD3d1_damage
4
-1.4014239999999998 0.7315
-0.48857599999999995 0.7315
-0.48797199999999996 0.7415
-1.4020279999999998 0.7415
3.1

IMD3d1_damage
4
-0.456424 0.7315
0.456424 0.7315
0.457028 0.7415
-0.457028 0.7415
3.1

IMD3d2_damage
4
-1.3970189999999998 0.7415
-1.3920099999999997 0.7415
-1.3979899999999998 0.8405
-1.4029989999999999 0.8405
2.9

IMD3d2_damage
4
-0.49798999999999993 0.7415
-0.49298099999999995 0.7415
-0.48700099999999996 0.8405
-0.49200999999999995 0.8405
2.9

IMD3d2_damage
4
-0.452019 0.7415
-0.44701 0.7415
-0.45299 0.8405
-0.457999 0.8405
2.9

IMD3d2_damage
4
0.44701 0.7415
0.452019 0.7415
0.457999 0.8405
0.45299 0.8405
2.9

IMD4d1_damage
4
-3.6049999999999995 0.9185000000000001
3.6900000000000004 0.9185000000000001
3.6900000000000004 0.9285000000000001
-3.6049999999999995 0.9285000000000001
3.1

IMD3d2
4
-3.6049999999999995 0.7415
-1.3970189999999998 0.7415
-1.4029989999999999 0.8405
-3.6049999999999995 0.8405
2.65

IMD3d2
4
-0.49298099999999995 0.7415
-0.452019 0.7415
-0.457999 0.8405
-0.48700099999999996 0.8405
2.65

IMD3d2
4
0.452019 0.7415
7.295 0.7415
7.295 0.8405
0.457999 0.8405
2.65

IMD3d1
4
-3.6049999999999995 0.7315
-1.4014239999999998 0.7315
-1.4020279999999998 0.7415
-3.6049999999999995 0.7415
2.65

IMD3d1
4
-0.48857599999999995 0.7315
-0.456424 0.7315
-0.457028 0.7415
-0.48797199999999996 0.7415
2.65

IMD3d1
4
0.456424 0.7315
7.295 0.7315
7.295 0.7415
0.457028 0.7415
2.65

IMD3d1
4
-3.6049999999999995 0.7135
7.295 0.7135
7.295 0.7315
-3.6049999999999995 0.7315
2.65

IMD4d1
4
-3.6049999999999995 0.9005
3.6900000000000004 0.9005
3.6900000000000004 0.9185000000000001
-3.6049999999999995 0.9185000000000001
2.65

IMD4d1
4
3.6900000000000004 0.9185000000000001
7.295 0.9185000000000001
7.295 0.9285000000000001
3.6900000000000004 0.9285000000000001
2.65

FOXA+FOXB+TOX
4
-3.6049999999999995 0.001
7.295 0.001
7.295 0.2665
-3.6049999999999995 0.2665
4.0

ILD1a
4
-3.6049999999999995 0.2665
7.295 0.2665
7.295 0.2765
-3.6049999999999995 0.2765
7.0

ILD1b1+ILD1b2+ILD1b3
4
-3.6049999999999995 0.2765
7.295 0.2765
7.295 0.3955
-3.6049999999999995 0.3955
4.0

IMD1a
4
-3.6049999999999995 0.3955
7.295 0.3955
7.295 0.4065
-3.6049999999999995 0.4065
5.2

IMD1b
4
-3.6049999999999995 0.4065
7.295 0.4065
7.295 0.4665
-3.6049999999999995 0.4665
2.8

IMD2a
4
-3.6049999999999995 0.4665
7.295 0.4665
7.295 0.4875
-3.6049999999999995 0.4875
5.2

IMD2b
4
-3.6049999999999995 0.4875
7.295 0.4875
7.295 0.5025
-3.6049999999999995 0.5025
4.2

IMD2c
4
-3.6049999999999995 0.5025
7.295 0.5025
7.295 0.5265
-3.6049999999999995 0.5265
3.28

IMD2d1+IMD2d2
4
-3.6049999999999995 0.5265
7.295 0.5265
7.295 0.6535
-3.6049999999999995 0.6535
2.65

IMD3a
4
-3.6049999999999995 0.6535
7.295 0.6535
7.295 0.6745
-3.6049999999999995 0.6745
5.2

IMD3b
4
-3.6049999999999995 0.6745
7.295 0.6745
7.295 0.6895
-3.6049999999999995 0.6895
4.2

IMD3c
4
-3.6049999999999995 0.6895
7.295 0.6895
7.295 0.7135
-3.6049999999999995 0.7135
3.28

IMD4a
4
-3.6049999999999995 0.8405
7.295 0.8405
7.295 0.8615
-3.6049999999999995 0.8615
5.2

IMD4b
4
-3.6049999999999995 0.8615
7.295 0.8615
7.295 0.8765
-3.6049999999999995 0.8765
4.2

IMD4c
4
-3.6049999999999995 0.8765
7.295 0.8765
7.295 0.9005
-3.6049999999999995 0.9005
3.28


4
-3.6049999999999995 0.001
7.295 0.001
7.295 0.9285000000000001
-3.6049999999999995 0.9285000000000001

