c1
4
-0.01951 0.7415
0.01951 0.7415
0.02549 0.8405
-0.02549 0.8405

7
botleft
4
-0.6125 -0.001
0 -0.001
0 0.001
-0.6125 0.001

botright
4
0 -0.001
0.9725 -0.001
0.9725 0.001
0 0.001

lEnv
4
-0.10951 0.7415
-0.07049 0.7415
-0.06451 0.8405
-0.11549 0.8405

c2
4
0.16049000000000005 0.7415
0.28951000000000005 0.7415
0.29549000000000003 0.8405
0.15451000000000004 0.8405

rEnv
4
0.34049 0.7415
0.4695100000000001 0.7415
0.4754900000000001 0.8405
0.33451000000000003 0.8405

topleft
4
-0.6125 0.9285000000000001
0 0.9285000000000001
0 1.0275
-0.6125 1.0275

topright
4
0 0.9285000000000001
0.9725 0.9285000000000001
0.9725 1.0275
0 1.0275


40
IMD3d1_damage
4
-0.118924 0.7315
-0.061076 0.7315
-0.060472 0.7415
-0.119528 0.7415
3.1

IMD3d1_damage
4
-0.028924 0.7315
0.028924 0.7315
0.029528 0.7415
-0.029528 0.7415
3.1

IMD3d1_damage
4
0.15107600000000004 0.7315
0.298924 0.7315
0.299528 0.7415
0.15047200000000005 0.7415
3.1

IMD3d1_damage
4
0.33107600000000004 0.7315
0.47892400000000007 0.7315
0.47952800000000007 0.7415
0.33047200000000004 0.7415
3.1

IMD3d2_damage
4
-0.114519 0.7415
-0.10951 0.7415
-0.11549 0.8405
-0.120499 0.8405
2.9

IMD3d2_damage
4
-0.07049 0.7415
-0.065481 0.7415
-0.059501 0.8405
-0.06451 0.8405
2.9

IMD3d2_damage
4
-0.024519 0.7415
-0.01951 0.7415
-0.02549 0.8405
-0.030499 0.8405
2.9

IMD3d2_damage
4
0.01951 0.7415
0.024519 0.7415
0.030499 0.8405
0.02549 0.8405
2.9

IMD3d2_damage
4
0.15548100000000004 0.7415
0.16049000000000005 0.7415
0.15451000000000004 0.8405
0.14950100000000002 0.8405
2.9

IMD3d2_damage
4
0.28951000000000005 0.7415
0.29451900000000003 0.7415
0.300499 0.8405
0.29549000000000003 0.8405
2.9

IMD3d2_damage
4
0.33548100000000003 0.7415
0.34049 0.7415
0.33451000000000003 0.8405
0.32950100000000004 0.8405
2.9

IMD3d2_damage
4
0.4695100000000001 0.7415
0.4745190000000001 0.7415
0.48049900000000006 0.8405
0.4754900000000001 0.8405
2.9

IMD4d1_damage
4
-0.6125 0.9185000000000001
0.9725 0.9185000000000001
0.9725 0.9285000000000001
-0.6125 0.9285000000000001
3.1

IMD3d2
4
-0.6125 0.7415
-0.114519 0.7415
-0.120499 0.8405
-0.6125 0.8405
2.65

IMD3d2
4
-0.065481 0.7415
-0.024519 0.7415
-0.030499 0.8405
-0.059501 0.8405
2.65

IMD3d2
4
0.024519 0.7415
0.15548100000000004 0.7415
0.14950100000000002 0.8405
0.030499 0.8405
2.65

IMD3d2
4
0.29451900000000003 0.7415
0.33548100000000003 0.7415
0.32950100000000004 0.8405
0.300499 0.8405
2.65

IMD3d2
4
0.4745190000000001 0.7415
0.9725 0.7415
0.9725 0.8405
0.48049900000000006 0.8405
2.65

IMD3d1
4
-0.6125 0.7315
-0.118924 0.7315
-0.119528 0.7415
-0.6125 0.7415
2.65

IMD3d1
4
-0.061076 0.7315
-0.028924 0.7315
-0.029528 0.7415
-0.060472 0.7415
2.65

IMD3d1
4
0.028924 0.7315
0.15107600000000004 0.7315
0.15047200000000005 0.7415
0.029528 0.7415
2.65

IMD3d1
4
0.298924 0.7315
0.33107600000000004 0.7315
0.33047200000000004 0.7415
0.299528 0.7415
2.65

IMD3d1
4
0.47892400000000007 0.7315
0.9725 0.7315
0.9725 0.7415
0.47952800000000007 0.7415
2.65

IMD3d1
4
-0.6125 0.7135
0.9725 0.7135
0.9725 0.7315
-0.6125 0.7315
2.65

IMD4d1
4
-0.6125 0.9005
0.9725 0.9005
0.9725 0.9185000000000001
-0.6125 0.9185000000000001
2.65

FOXA+FOXB+TOX
4
-0.6125 0.001
0.9725 0.001
0.9725 0.2665
-0.6125 0.2665
4.0

ILD1a
4
-0.6125 0.2665
0.9725 0.2665
0.9725 0.2765
-0.6125 0.2765
7.0

ILD1b1+ILD1b2+ILD1b3
4
-0.6125 0.2765
0.9725 0.2765
0.9725 0.3955
-0.6125 0.3955
4.0

IMD1a
4
-0.6125 0.3955
0.9725 0.3955
0.9725 0.4065
-0.6125 0.4065
5.2

IMD1b
4
-0.6125 0.4065
0.9725 0.4065
0.9725 0.4665
-0.6125 0.4665
2.8

IMD2a
4
-0.6125 0.4665
0.9725 0.4665
0.9725 0.4875
-0.6125 0.4875
5.2

IMD2b
4
-0.6125 0.4875
0.9725 0.4875
0.9725 0.5025
-0.6125 0.5025
4.2

IMD2c
4
-0.6125 0.5025
0.9725 0.5025
0.9725 0.5265
-0.6125 0.5265
3.28

IMD2d1+IMD2d2
4
-0.6125 0.5265
0.9725 0.5265
0.9725 0.6535
-0.6125 0.6535
2.65

IMD3a
4
-0.6125 0.6535
0.9725 0.6535
0.9725 0.6745
-0.6125 0.6745
5.2

IMD3b
4
-0.6125 0.6745
0.9725 0.6745
0.9725 0.6895
-0.6125 0.6895
4.2

IMD3c
4
-0.6125 0.6895
0.9725 0.6895
0.9725 0.7135
-0.6125 0.7135
3.28

IMD4a
4
-0.6125 0.8405
0.9725 0.8405
0.9725 0.8615
-0.6125 0.8615
5.2

IMD4b
4
-0.6125 0.8615
0.9725 0.8615
0.9725 0.8765
-0.6125 0.8765
4.2

IMD4c
4
-0.6125 0.8765
0.9725 0.8765
0.9725 0.9005
-0.6125 0.9005
3.28


4
-0.6125 0.001
0.9725 0.001
0.9725 0.9285000000000001
-0.6125 0.9285000000000001

