botcenter
4
0 -0.001
0.54 -0.001
0.54 0.001
0 0.001

9
lEnv
4
-0.10951 0.7415
-0.07049 0.7415
-0.06451 0.8405
-0.11549 0.8405

c1
4
-0.01951 0.7415
0.01951 0.7415
0.02549 0.8405
-0.02549 0.8405

c2
4
0.47548999999999997 0.7415
0.60451 0.7415
0.61049 0.8405
0.46951 0.8405

rEnv
4
0.6554899999999999 0.7415
0.7845099999999999 0.7415
0.7904899999999999 0.8405
0.6495099999999999 0.8405

topleft
4
-0.6125 1.1155
0 1.1155
0 1.2145
-0.6125 1.2145

topcenter
4
0 1.1155
0.54 1.1155
0.54 1.2145
0 1.2145

topright
4
0.54 1.1155
1.2874999999999999 1.1155
1.2874999999999999 1.2145
0.54 1.2145

botleft
4
-0.6125 -0.001
0 -0.001
0 0.001
-0.6125 0.001

botright
4
0.54 -0.001
1.2874999999999999 -0.001
1.2874999999999999 0.001
0.54 0.001


44
IMD3d1_damage
4
-0.118924 0.7315
-0.061076 0.7315
-0.060472 0.7415
-0.119528 0.7415
3.1

IMD3d1_damage
4
-0.028924 0.7315
0.028924 0.7315
0.029528 0.7415
-0.029528 0.7415
3.1

IMD3d1_damage
4
0.466076 0.7315
0.6139239999999999 0.7315
0.614528 0.7415
0.465472 0.7415
3.1

IMD3d1_damage
4
0.646076 0.7315
0.7939239999999999 0.7315
0.7945279999999999 0.7415
0.6454719999999999 0.7415
3.1

IMD3d2_damage
4
-0.114519 0.7415
-0.10951 0.7415
-0.11549 0.8405
-0.120499 0.8405
2.9

IMD3d2_damage
4
-0.07049 0.7415
-0.065481 0.7415
-0.059501 0.8405
-0.06451 0.8405
2.9

IMD3d2_damage
4
-0.024519 0.7415
-0.01951 0.7415
-0.02549 0.8405
-0.030499 0.8405
2.9

IMD3d2_damage
4
0.01951 0.7415
0.024519 0.7415
0.030499 0.8405
0.02549 0.8405
2.9

IMD3d2_damage
4
0.470481 0.7415
0.47548999999999997 0.7415
0.46951 0.8405
0.464501 0.8405
2.9

IMD3d2_damage
4
0.60451 0.7415
0.609519 0.7415
0.615499 0.8405
0.61049 0.8405
2.9

IMD3d2_damage
4
0.6504809999999999 0.7415
0.6554899999999999 0.7415
0.6495099999999999 0.8405
0.6445009999999999 0.8405
2.9

IMD3d2_damage
4
0.7845099999999999 0.7415
0.789519 0.7415
0.795499 0.8405
0.7904899999999999 0.8405
2.9

IMD5d1_damage
4
-0.6125 1.1055
1.2874999999999999 1.1055
1.2874999999999999 1.1155
-0.6125 1.1155
3.1

IMD3d2
4
-0.6125 0.7415
-0.114519 0.7415
-0.120499 0.8405
-0.6125 0.8405
2.65

IMD3d2
4
-0.065481 0.7415
-0.024519 0.7415
-0.030499 0.8405
-0.059501 0.8405
2.65

IMD3d2
4
0.024519 0.7415
0.470481 0.7415
0.464501 0.8405
0.030499 0.8405
2.65

IMD3d2
4
0.609519 0.7415
0.6504809999999999 0.7415
0.6445009999999999 0.8405
0.615499 0.8405
2.65

IMD3d2
4
0.789519 0.7415
1.2874999999999999 0.7415
1.2874999999999999 0.8405
0.795499 0.8405
2.65

IMD3d1
4
-0.6125 0.7315
-0.118924 0.7315
-0.119528 0.7415
-0.6125 0.7415
2.65

IMD3d1
4
-0.061076 0.7315
-0.028924 0.7315
-0.029528 0.7415
-0.060472 0.7415
2.65

IMD3d1
4
0.028924 0.7315
0.466076 0.7315
0.465472 0.7415
0.029528 0.7415
2.65

IMD3d1
4
0.6139239999999999 0.7315
0.646076 0.7315
0.6454719999999999 0.7415
0.614528 0.7415
2.65

IMD3d1
4
0.7939239999999999 0.7315
1.2874999999999999 0.7315
1.2874999999999999 0.7415
0.7945279999999999 0.7415
2.65

IMD3d1
4
-0.6125 0.7135
1.2874999999999999 0.7135
1.2874999999999999 0.7315
-0.6125 0.7315
2.65

IMD5d1
4
-0.6125 1.0875
1.2874999999999999 1.0875
1.2874999999999999 1.1055
-0.6125 1.1055
2.65

FOXA+FOXB+TOX
4
-0.6125 0.001
1.2874999999999999 0.001
1.2874999999999999 0.2665
-0.6125 0.2665
4.0

ILD1a
4
-0.6125 0.2665
1.2874999999999999 0.2665
1.2874999999999999 0.2765
-0.6125 0.2765
7.0

ILD1b1+ILD1b2+ILD1b3
4
-0.6125 0.2765
1.2874999999999999 0.2765
1.2874999999999999 0.3955
-0.6125 0.3955
4.0

IMD1a
4
-0.6125 0.3955
1.2874999999999999 0.3955
1.2874999999999999 0.4065
-0.6125 0.4065
5.2

IMD1b
4
-0.6125 0.4065
1.2874999999999999 0.4065
1.2874999999999999 0.4665
-0.6125 0.4665
2.8

IMD2a
4
-0.6125 0.4665
1.2874999999999999 0.4665
1.2874999999999999 0.4875
-0.6125 0.4875
5.2

IMD2b
4
-0.6125 0.4875
1.2874999999999999 0.4875
1.2874999999999999 0.5025
-0.6125 0.5025
4.2

IMD2c
4
-0.6125 0.5025
1.2874999999999999 0.5025
1.2874999999999999 0.5265
-0.6125 0.5265
3.28

IMD2d1+IMD2d2
4
-0.6125 0.5265
1.2874999999999999 0.5265
1.2874999999999999 0.6535
-0.6125 0.6535
2.65

IMD3a
4
-0.6125 0.6535
1.2874999999999999 0.6535
1.2874999999999999 0.6745
-0.6125 0.6745
5.2

IMD3b
4
-0.6125 0.6745
1.2874999999999999 0.6745
1.2874999999999999 0.6895
-0.6125 0.6895
4.2

IMD3c
4
-0.6125 0.6895
1.2874999999999999 0.6895
1.2874999999999999 0.7135
-0.6125 0.7135
3.28

IMD4a
4
-0.6125 0.8405
1.2874999999999999 0.8405
1.2874999999999999 0.8615
-0.6125 0.8615
5.2

IMD4b
4
-0.6125 0.8615
1.2874999999999999 0.8615
1.2874999999999999 0.8765
-0.6125 0.8765
4.2

IMD4c
4
-0.6125 0.8765
1.2874999999999999 0.8765
1.2874999999999999 0.9005
-0.6125 0.9005
3.28

IMD4d1+IMD4d2
4
-0.6125 0.9005
1.2874999999999999 0.9005
1.2874999999999999 1.0275
-0.6125 1.0275
2.65

IMD5a
4
-0.6125 1.0275
1.2874999999999999 1.0275
1.2874999999999999 1.0485
-0.6125 1.0485
5.2

IMD5b
4
-0.6125 1.0485
1.2874999999999999 1.0485
1.2874999999999999 1.0635
-0.6125 1.0635
4.2

IMD5c
4
-0.6125 1.0635
1.2874999999999999 1.0635
1.2874999999999999 1.0875
-0.6125 1.0875
3.28


4
-0.6125 0.001
1.2874999999999999 0.001
1.2874999999999999 1.1155
-0.6125 1.1155

