botcenter
4
0 -0.001
0.6974999999999999 -0.001
0.6974999999999999 0.001
0 0.001

9
lEnv
4
-0.24451000000000003 0.7415
-0.11549000000000002 0.7415
-0.10951000000000002 0.8405
-0.25049000000000005 0.8405

c1
4
-0.06451000000000003 0.7415
0.06451 0.7415
0.07049 0.8405
-0.07049000000000002 0.8405

c2
4
0.25048999999999993 0.7415
1.1445099999999997 0.7415
1.1504899999999998 0.8405
0.24450999999999995 0.8405

rEnv
4
1.19549 0.7415
2.0895099999999998 0.7415
2.09549 0.8405
1.1895099999999998 0.8405

topleft
4
-0.7475 1.1155
0 1.1155
0 1.2145
-0.7475 1.2145

topcenter
4
0 1.1155
0.6974999999999999 1.1155
0.6974999999999999 1.2145
0 1.2145

topright
4
0.6974999999999999 1.1155
2.5925 1.1155
2.5925 1.2145
0.6974999999999999 1.2145

botleft
4
-0.7475 -0.001
0 -0.001
0 0.001
-0.7475 0.001

botright
4
0.6974999999999999 -0.001
2.5925 -0.001
2.5925 0.001
0.6974999999999999 0.001


44
IMD3d1_damage
4
-0.25392400000000004 0.7315
-0.10607600000000002 0.7315
-0.10547200000000002 0.7415
-0.25452800000000003 0.7415
3.1

IMD3d1_damage
4
-0.07392400000000003 0.7315
0.073924 0.7315
0.074528 0.7415
-0.07452800000000002 0.7415
3.1

IMD3d1_damage
4
0.24107599999999996 0.7315
1.1539239999999997 0.7315
1.1545279999999998 0.7415
0.24047199999999996 0.7415
3.1

IMD3d1_damage
4
1.186076 0.7315
2.098924 0.7315
2.099528 0.7415
1.1854719999999999 0.7415
3.1

IMD3d2_damage
4
-0.24951900000000005 0.7415
-0.24451000000000003 0.7415
-0.25049000000000005 0.8405
-0.25549900000000003 0.8405
2.9

IMD3d2_damage
4
-0.11549000000000002 0.7415
-0.11048100000000002 0.7415
-0.10450100000000002 0.8405
-0.10951000000000002 0.8405
2.9

IMD3d2_damage
4
-0.06951900000000003 0.7415
-0.06451000000000003 0.7415
-0.07049000000000002 0.8405
-0.07549900000000002 0.8405
2.9

IMD3d2_damage
4
0.06451 0.7415
0.069519 0.7415
0.075499 0.8405
0.07049 0.8405
2.9

IMD3d2_damage
4
0.24548099999999992 0.7415
0.25048999999999993 0.7415
0.24450999999999995 0.8405
0.23950099999999994 0.8405
2.9

IMD3d2_damage
4
1.1445099999999997 0.7415
1.1495189999999997 0.7415
1.1554989999999998 0.8405
1.1504899999999998 0.8405
2.9

IMD3d2_damage
4
1.190481 0.7415
1.19549 0.7415
1.1895099999999998 0.8405
1.1845009999999998 0.8405
2.9

IMD3d2_damage
4
2.0895099999999998 0.7415
2.0945189999999996 0.7415
2.1004989999999997 0.8405
2.09549 0.8405
2.9

IMD5d1_damage
4
-0.7475 1.1055
2.5925 1.1055
2.5925 1.1155
-0.7475 1.1155
3.1

IMD3d2
4
-0.7475 0.7415
-0.24951900000000005 0.7415
-0.25549900000000003 0.8405
-0.7475 0.8405
2.65

IMD3d2
4
-0.11048100000000002 0.7415
-0.06951900000000003 0.7415
-0.07549900000000002 0.8405
-0.10450100000000002 0.8405
2.65

IMD3d2
4
0.069519 0.7415
0.24548099999999992 0.7415
0.23950099999999994 0.8405
0.075499 0.8405
2.65

IMD3d2
4
1.1495189999999997 0.7415
1.190481 0.7415
1.1845009999999998 0.8405
1.1554989999999998 0.8405
2.65

IMD3d2
4
2.0945189999999996 0.7415
2.5925 0.7415
2.5925 0.8405
2.1004989999999997 0.8405
2.65

IMD3d1
4
-0.7475 0.7315
-0.25392400000000004 0.7315
-0.25452800000000003 0.7415
-0.7475 0.7415
2.65

IMD3d1
4
-0.10607600000000002 0.7315
-0.07392400000000003 0.7315
-0.07452800000000002 0.7415
-0.10547200000000002 0.7415
2.65

IMD3d1
4
0.073924 0.7315
0.24107599999999996 0.7315
0.24047199999999996 0.7415
0.074528 0.7415
2.65

IMD3d1
4
1.1539239999999997 0.7315
1.186076 0.7315
1.1854719999999999 0.7415
1.1545279999999998 0.7415
2.65

IMD3d1
4
2.098924 0.7315
2.5925 0.7315
2.5925 0.7415
2.099528 0.7415
2.65

IMD3d1
4
-0.7475 0.7135
2.5925 0.7135
2.5925 0.7315
-0.7475 0.7315
2.65

IMD5d1
4
-0.7475 1.0875
2.5925 1.0875
2.5925 1.1055
-0.7475 1.1055
2.65

FOXA+FOXB+TOX
4
-0.7475 0.001
2.5925 0.001
2.5925 0.2665
-0.7475 0.2665
4.0

ILD1a
4
-0.7475 0.2665
2.5925 0.2665
2.5925 0.2765
-0.7475 0.2765
7.0

ILD1b1+ILD1b2+ILD1b3
4
-0.7475 0.2765
2.5925 0.2765
2.5925 0.3955
-0.7475 0.3955
4.0

IMD1a
4
-0.7475 0.3955
2.5925 0.3955
2.5925 0.4065
-0.7475 0.4065
5.2

IMD1b
4
-0.7475 0.4065
2.5925 0.4065
2.5925 0.4665
-0.7475 0.4665
2.8

IMD2a
4
-0.7475 0.4665
2.5925 0.4665
2.5925 0.4875
-0.7475 0.4875
5.2

IMD2b
4
-0.7475 0.4875
2.5925 0.4875
2.5925 0.5025
-0.7475 0.5025
4.2

IMD2c
4
-0.7475 0.5025
2.5925 0.5025
2.5925 0.5265
-0.7475 0.5265
3.28

IMD2d1+IMD2d2
4
-0.7475 0.5265
2.5925 0.5265
2.5925 0.6535
-0.7475 0.6535
2.65

IMD3a
4
-0.7475 0.6535
2.5925 0.6535
2.5925 0.6745
-0.7475 0.6745
5.2

IMD3b
4
-0.7475 0.6745
2.5925 0.6745
2.5925 0.6895
-0.7475 0.6895
4.2

IMD3c
4
-0.7475 0.6895
2.5925 0.6895
2.5925 0.7135
-0.7475 0.7135
3.28

IMD4a
4
-0.7475 0.8405
2.5925 0.8405
2.5925 0.8615
-0.7475 0.8615
5.2

IMD4b
4
-0.7475 0.8615
2.5925 0.8615
2.5925 0.8765
-0.7475 0.8765
4.2

IMD4c
4
-0.7475 0.8765
2.5925 0.8765
2.5925 0.9005
-0.7475 0.9005
3.28

IMD4d1+IMD4d2
4
-0.7475 0.9005
2.5925 0.9005
2.5925 1.0275
-0.7475 1.0275
2.65

IMD5a
4
-0.7475 1.0275
2.5925 1.0275
2.5925 1.0485
-0.7475 1.0485
5.2

IMD5b
4
-0.7475 1.0485
2.5925 1.0485
2.5925 1.0635
-0.7475 1.0635
4.2

IMD5c
4
-0.7475 1.0635
2.5925 1.0635
2.5925 1.0875
-0.7475 1.0875
3.28


4
-0.7475 0.001
2.5925 0.001
2.5925 1.1155
-0.7475 1.1155

