botcenter
4
0 -0.001
0.5625 -0.001
0.5625 0.001
0 0.001

7
c1
4
-0.06451000000000001 0.7415
0.06451000000000001 0.7415
0.07049000000000001 0.8405
-0.07049000000000001 0.8405

c2
4
0.11549000000000001 0.7415
1.00951 0.7415
1.01549 0.8405
0.10951000000000001 0.8405

topleft
4
-5.202500000000001 1.1155
0 1.1155
0 1.2145
-5.202500000000001 1.2145

topcenter
4
0 1.1155
0.5625 1.1155
0.5625 1.2145
0 1.2145

topright
4
0.5625 1.1155
6.9125 1.1155
6.9125 1.2145
0.5625 1.2145

botleft
4
-5.202500000000001 -0.001
0 -0.001
0 0.001
-5.202500000000001 0.001

botright
4
0.5625 -0.001
6.9125 -0.001
6.9125 0.001
0.5625 0.001


34
IMD3d1_damage
4
-0.07392400000000002 0.7315
0.07392400000000002 0.7315
0.07452800000000001 0.7415
-0.07452800000000001 0.7415
3.1

IMD3d1_damage
4
0.106076 0.7315
1.018924 0.7315
1.019528 0.7415
0.10547200000000001 0.7415
3.1

IMD3d2_damage
4
-0.06951900000000001 0.7415
-0.06451000000000001 0.7415
-0.07049000000000001 0.8405
-0.07549900000000001 0.8405
2.9

IMD3d2_damage
4
0.06451000000000001 0.7415
0.06951900000000001 0.7415
0.07549900000000001 0.8405
0.07049000000000001 0.8405
2.9

IMD3d2_damage
4
0.11048100000000001 0.7415
0.11549000000000001 0.7415
0.10951000000000001 0.8405
0.10450100000000001 0.8405
2.9

IMD3d2_damage
4
1.00951 0.7415
1.014519 0.7415
1.020499 0.8405
1.01549 0.8405
2.9

IMD5d1_damage
4
-5.202500000000001 1.1055
6.9125 1.1055
6.9125 1.1155
-5.202500000000001 1.1155
3.1

IMD3d2
4
-5.202500000000001 0.7415
-0.06951900000000001 0.7415
-0.07549900000000001 0.8405
-5.202500000000001 0.8405
2.65

IMD3d2
4
0.06951900000000001 0.7415
0.11048100000000001 0.7415
0.10450100000000001 0.8405
0.07549900000000001 0.8405
2.65

IMD3d2
4
1.014519 0.7415
6.9125 0.7415
6.9125 0.8405
1.020499 0.8405
2.65

IMD3d1
4
-5.202500000000001 0.7315
-0.07392400000000002 0.7315
-0.07452800000000001 0.7415
-5.202500000000001 0.7415
2.65

IMD3d1
4
0.07392400000000002 0.7315
0.106076 0.7315
0.10547200000000001 0.7415
0.07452800000000001 0.7415
2.65

IMD3d1
4
1.018924 0.7315
6.9125 0.7315
6.9125 0.7415
1.019528 0.7415
2.65

IMD3d1
4
-5.202500000000001 0.7135
6.9125 0.7135
6.9125 0.7315
-5.202500000000001 0.7315
2.65

IMD5d1
4
-5.202500000000001 1.0875
6.9125 1.0875
6.9125 1.1055
-5.202500000000001 1.1055
2.65

FOXA+FOXB+TOX
4
-5.202500000000001 0.001
6.9125 0.001
6.9125 0.2665
-5.202500000000001 0.2665
4.0

ILD1a
4
-5.202500000000001 0.2665
6.9125 0.2665
6.9125 0.2765
-5.202500000000001 0.2765
7.0

ILD1b1+ILD1b2+ILD1b3
4
-5.202500000000001 0.2765
6.9125 0.2765
6.9125 0.3955
-5.202500000000001 0.3955
4.0

IMD1a
4
-5.202500000000001 0.3955
6.9125 0.3955
6.9125 0.4065
-5.202500000000001 0.4065
5.2

IMD1b
4
-5.202500000000001 0.4065
6.9125 0.4065
6.9125 0.4665
-5.202500000000001 0.4665
2.8

IMD2a
4
-5.202500000000001 0.4665
6.9125 0.4665
6.9125 0.4875
-5.202500000000001 0.4875
5.2

IMD2b
4
-5.202500000000001 0.4875
6.9125 0.4875
6.9125 0.5025
-5.202500000000001 0.5025
4.2

IMD2c
4
-5.202500000000001 0.5025
6.9125 0.5025
6.9125 0.5265
-5.202500000000001 0.5265
3.28

IMD2d1+IMD2d2
4
-5.202500000000001 0.5265
6.9125 0.5265
6.9125 0.6535
-5.202500000000001 0.6535
2.65

IMD3a
4
-5.202500000000001 0.6535
6.9125 0.6535
6.9125 0.6745
-5.202500000000001 0.6745
5.2

IMD3b
4
-5.202500000000001 0.6745
6.9125 0.6745
6.9125 0.6895
-5.202500000000001 0.6895
4.2

IMD3c
4
-5.202500000000001 0.6895
6.9125 0.6895
6.9125 0.7135
-5.202500000000001 0.7135
3.28

IMD4a
4
-5.202500000000001 0.8405
6.9125 0.8405
6.9125 0.8615
-5.202500000000001 0.8615
5.2

IMD4b
4
-5.202500000000001 0.8615
6.9125 0.8615
6.9125 0.8765
-5.202500000000001 0.8765
4.2

IMD4c
4
-5.202500000000001 0.8765
6.9125 0.8765
6.9125 0.9005
-5.202500000000001 0.9005
3.28

IMD4d1+IMD4d2
4
-5.202500000000001 0.9005
6.9125 0.9005
6.9125 1.0275
-5.202500000000001 1.0275
2.65

IMD5a
4
-5.202500000000001 1.0275
6.9125 1.0275
6.9125 1.0485
-5.202500000000001 1.0485
5.2

IMD5b
4
-5.202500000000001 1.0485
6.9125 1.0485
6.9125 1.0635
-5.202500000000001 1.0635
4.2

IMD5c
4
-5.202500000000001 1.0635
6.9125 1.0635
6.9125 1.0875
-5.202500000000001 1.0875
3.28


4
-5.202500000000001 0.001
6.9125 0.001
6.9125 1.1155
-5.202500000000001 1.1155

