c1
4
-0.44701 0.7415
0.44701 0.7415
0.45299 0.8405
-0.45299 0.8405

7
botleft
4
-2.165 -0.001
0 -0.001
0 0.001
-2.165 0.001

botright
4
0 -0.001
3.6950000000000003 -0.001
3.6950000000000003 0.001
0 0.001

lEnv
4
-1.6620099999999998 0.7415
-0.76799 0.7415
-0.76201 0.8405
-1.6679899999999999 0.8405

c2
4
1.0829900000000003 0.7415
1.9770100000000002 0.7415
1.9829900000000003 0.8405
1.0770100000000002 0.8405

rEnv
4
2.2979900000000004 0.7415
3.19201 0.7415
3.19799 0.8405
2.2920100000000003 0.8405

topleft
4
-2.165 0.9285000000000001
0 0.9285000000000001
0 1.0275
-2.165 1.0275

topright
4
0 0.9285000000000001
3.6950000000000003 0.9285000000000001
3.6950000000000003 1.0275
0 1.0275


40
IMD3d1_damage
4
-1.6714239999999998 0.7315
-0.758576 0.7315
-0.757972 0.7415
-1.6720279999999998 0.7415
3.1

IMD3d1_damage
4
-0.456424 0.7315
0.456424 0.7315
0.457028 0.7415
-0.457028 0.7415
3.1

IMD3d1_damage
4
1.0735760000000003 0.7315
1.9864240000000002 0.7315
1.9870280000000002 0.7415
1.0729720000000003 0.7415
3.1

IMD3d1_damage
4
2.2885760000000004 0.7315
3.201424 0.7315
3.202028 0.7415
2.2879720000000003 0.7415
3.1

IMD3d2_damage
4
-1.6670189999999998 0.7415
-1.6620099999999998 0.7415
-1.6679899999999999 0.8405
-1.672999 0.8405
2.9

IMD3d2_damage
4
-0.76799 0.7415
-0.7629809999999999 0.7415
-0.7570009999999999 0.8405
-0.76201 0.8405
2.9

IMD3d2_damage
4
-0.452019 0.7415
-0.44701 0.7415
-0.45299 0.8405
-0.457999 0.8405
2.9

IMD3d2_damage
4
0.44701 0.7415
0.452019 0.7415
0.457999 0.8405
0.45299 0.8405
2.9

IMD3d2_damage
4
1.0779810000000003 0.7415
1.0829900000000003 0.7415
1.0770100000000002 0.8405
1.0720010000000002 0.8405
2.9

IMD3d2_damage
4
1.9770100000000002 0.7415
1.9820190000000002 0.7415
1.9879990000000003 0.8405
1.9829900000000003 0.8405
2.9

IMD3d2_damage
4
2.2929810000000006 0.7415
2.2979900000000004 0.7415
2.2920100000000003 0.8405
2.2870010000000005 0.8405
2.9

IMD3d2_damage
4
3.19201 0.7415
3.1970189999999996 0.7415
3.2029989999999997 0.8405
3.19799 0.8405
2.9

IMD4d1_damage
4
-2.165 0.9185000000000001
3.6950000000000003 0.9185000000000001
3.6950000000000003 0.9285000000000001
-2.165 0.9285000000000001
3.1

IMD3d2
4
-2.165 0.7415
-1.6670189999999998 0.7415
-1.672999 0.8405
-2.165 0.8405
2.65

IMD3d2
4
-0.7629809999999999 0.7415
-0.452019 0.7415
-0.457999 0.8405
-0.7570009999999999 0.8405
2.65

IMD3d2
4
0.452019 0.7415
1.0779810000000003 0.7415
1.0720010000000002 0.8405
0.457999 0.8405
2.65

IMD3d2
4
1.9820190000000002 0.7415
2.2929810000000006 0.7415
2.2870010000000005 0.8405
1.9879990000000003 0.8405
2.65

IMD3d2
4
3.1970189999999996 0.7415
3.6950000000000003 0.7415
3.6950000000000003 0.8405
3.2029989999999997 0.8405
2.65

IMD3d1
4
-2.165 0.7315
-1.6714239999999998 0.7315
-1.6720279999999998 0.7415
-2.165 0.7415
2.65

IMD3d1
4
-0.758576 0.7315
-0.456424 0.7315
-0.457028 0.7415
-0.757972 0.7415
2.65

IMD3d1
4
0.456424 0.7315
1.0735760000000003 0.7315
1.0729720000000003 0.7415
0.457028 0.7415
2.65

IMD3d1
4
1.9864240000000002 0.7315
2.2885760000000004 0.7315
2.2879720000000003 0.7415
1.9870280000000002 0.7415
2.65

IMD3d1
4
3.201424 0.7315
3.6950000000000003 0.7315
3.6950000000000003 0.7415
3.202028 0.7415
2.65

IMD3d1
4
-2.165 0.7135
3.6950000000000003 0.7135
3.6950000000000003 0.7315
-2.165 0.7315
2.65

IMD4d1
4
-2.165 0.9005
3.6950000000000003 0.9005
3.6950000000000003 0.9185000000000001
-2.165 0.9185000000000001
2.65

FOXA+FOXB+TOX
4
-2.165 0.001
3.6950000000000003 0.001
3.6950000000000003 0.2665
-2.165 0.2665
4.0

ILD1a
4
-2.165 0.2665
3.6950000000000003 0.2665
3.6950000000000003 0.2765
-2.165 0.2765
7.0

ILD1b1+ILD1b2+ILD1b3
4
-2.165 0.2765
3.6950000000000003 0.2765
3.6950000000000003 0.3955
-2.165 0.3955
4.0

IMD1a
4
-2.165 0.3955
3.6950000000000003 0.3955
3.6950000000000003 0.4065
-2.165 0.4065
5.2

IMD1b
4
-2.165 0.4065
3.6950000000000003 0.4065
3.6950000000000003 0.4665
-2.165 0.4665
2.8

IMD2a
4
-2.165 0.4665
3.6950000000000003 0.4665
3.6950000000000003 0.4875
-2.165 0.4875
5.2

IMD2b
4
-2.165 0.4875
3.6950000000000003 0.4875
3.6950000000000003 0.5025
-2.165 0.5025
4.2

IMD2c
4
-2.165 0.5025
3.6950000000000003 0.5025
3.6950000000000003 0.5265
-2.165 0.5265
3.28

IMD2d1+IMD2d2
4
-2.165 0.5265
3.6950000000000003 0.5265
3.6950000000000003 0.6535
-2.165 0.6535
2.65

IMD3a
4
-2.165 0.6535
3.6950000000000003 0.6535
3.6950000000000003 0.6745
-2.165 0.6745
5.2

IMD3b
4
-2.165 0.6745
3.6950000000000003 0.6745
3.6950000000000003 0.6895
-2.165 0.6895
4.2

IMD3c
4
-2.165 0.6895
3.6950000000000003 0.6895
3.6950000000000003 0.7135
-2.165 0.7135
3.28

IMD4a
4
-2.165 0.8405
3.6950000000000003 0.8405
3.6950000000000003 0.8615
-2.165 0.8615
5.2

IMD4b
4
-2.165 0.8615
3.6950000000000003 0.8615
3.6950000000000003 0.8765
-2.165 0.8765
4.2

IMD4c
4
-2.165 0.8765
3.6950000000000003 0.8765
3.6950000000000003 0.9005
-2.165 0.9005
3.28


4
-2.165 0.001
3.6950000000000003 0.001
3.6950000000000003 0.9285000000000001
-2.165 0.9285000000000001

