botcenter
4
0 -0.001
0.5625 -0.001
0.5625 0.001
0 0.001

9
lEnv
4
-1.6620099999999998 0.7415
-0.76799 0.7415
-0.76201 0.8405
-1.6679899999999999 0.8405

c1
4
-0.44701 0.7415
0.44701 0.7415
0.45299 0.8405
-0.45299 0.8405

c2
4
0.5429900000000002 0.7415
0.5820100000000002 0.7415
0.5879900000000002 0.8405
0.5370100000000002 0.8405

rEnv
4
0.9029900000000001 0.7415
0.9420100000000001 0.7415
0.9479900000000001 0.8405
0.8970100000000001 0.8405

topleft
4
-2.165 1.1155
0 1.1155
0 1.2145
-2.165 1.2145

topcenter
4
0 1.1155
0.5625 1.1155
0.5625 1.2145
0 1.2145

topright
4
0.5625 1.1155
1.445 1.1155
1.445 1.2145
0.5625 1.2145

botleft
4
-2.165 -0.001
0 -0.001
0 0.001
-2.165 0.001

botright
4
0.5625 -0.001
1.445 -0.001
1.445 0.001
0.5625 0.001


44
IMD3d1_damage
4
-1.6714239999999998 0.7315
-0.758576 0.7315
-0.757972 0.7415
-1.6720279999999998 0.7415
3.1

IMD3d1_damage
4
-0.456424 0.7315
0.456424 0.7315
0.457028 0.7415
-0.457028 0.7415
3.1

IMD3d1_damage
4
0.5335760000000003 0.7315
0.5914240000000002 0.7315
0.5920280000000002 0.7415
0.5329720000000002 0.7415
3.1

IMD3d1_damage
4
0.8935760000000001 0.7315
0.951424 0.7315
0.9520280000000001 0.7415
0.8929720000000001 0.7415
3.1

IMD3d2_damage
4
-1.6670189999999998 0.7415
-1.6620099999999998 0.7415
-1.6679899999999999 0.8405
-1.672999 0.8405
2.9

IMD3d2_damage
4
-0.76799 0.7415
-0.7629809999999999 0.7415
-0.7570009999999999 0.8405
-0.76201 0.8405
2.9

IMD3d2_damage
4
-0.452019 0.7415
-0.44701 0.7415
-0.45299 0.8405
-0.457999 0.8405
2.9

IMD3d2_damage
4
0.44701 0.7415
0.452019 0.7415
0.457999 0.8405
0.45299 0.8405
2.9

IMD3d2_damage
4
0.5379810000000002 0.7415
0.5429900000000002 0.7415
0.5370100000000002 0.8405
0.5320010000000002 0.8405
2.9

IMD3d2_damage
4
0.5820100000000002 0.7415
0.5870190000000003 0.7415
0.5929990000000003 0.8405
0.5879900000000002 0.8405
2.9

IMD3d2_damage
4
0.897981 0.7415
0.9029900000000001 0.7415
0.8970100000000001 0.8405
0.892001 0.8405
2.9

IMD3d2_damage
4
0.9420100000000001 0.7415
0.9470190000000002 0.7415
0.9529990000000002 0.8405
0.9479900000000001 0.8405
2.9

IMD5d1_damage
4
-2.165 1.1055
1.445 1.1055
1.445 1.1155
-2.165 1.1155
3.1

IMD3d2
4
-2.165 0.7415
-1.6670189999999998 0.7415
-1.672999 0.8405
-2.165 0.8405
2.65

IMD3d2
4
-0.7629809999999999 0.7415
-0.452019 0.7415
-0.457999 0.8405
-0.7570009999999999 0.8405
2.65

IMD3d2
4
0.452019 0.7415
0.5379810000000002 0.7415
0.5320010000000002 0.8405
0.457999 0.8405
2.65

IMD3d2
4
0.5870190000000003 0.7415
0.897981 0.7415
0.892001 0.8405
0.5929990000000003 0.8405
2.65

IMD3d2
4
0.9470190000000002 0.7415
1.445 0.7415
1.445 0.8405
0.9529990000000002 0.8405
2.65

IMD3d1
4
-2.165 0.7315
-1.6714239999999998 0.7315
-1.6720279999999998 0.7415
-2.165 0.7415
2.65

IMD3d1
4
-0.758576 0.7315
-0.456424 0.7315
-0.457028 0.7415
-0.757972 0.7415
2.65

IMD3d1
4
0.456424 0.7315
0.5335760000000003 0.7315
0.5329720000000002 0.7415
0.457028 0.7415
2.65

IMD3d1
4
0.5914240000000002 0.7315
0.8935760000000001 0.7315
0.8929720000000001 0.7415
0.5920280000000002 0.7415
2.65

IMD3d1
4
0.951424 0.7315
1.445 0.7315
1.445 0.7415
0.9520280000000001 0.7415
2.65

IMD3d1
4
-2.165 0.7135
1.445 0.7135
1.445 0.7315
-2.165 0.7315
2.65

IMD5d1
4
-2.165 1.0875
1.445 1.0875
1.445 1.1055
-2.165 1.1055
2.65

FOXA+FOXB+TOX
4
-2.165 0.001
1.445 0.001
1.445 0.2665
-2.165 0.2665
4.0

ILD1a
4
-2.165 0.2665
1.445 0.2665
1.445 0.2765
-2.165 0.2765
7.0

ILD1b1+ILD1b2+ILD1b3
4
-2.165 0.2765
1.445 0.2765
1.445 0.3955
-2.165 0.3955
4.0

IMD1a
4
-2.165 0.3955
1.445 0.3955
1.445 0.4065
-2.165 0.4065
5.2

IMD1b
4
-2.165 0.4065
1.445 0.4065
1.445 0.4665
-2.165 0.4665
2.8

IMD2a
4
-2.165 0.4665
1.445 0.4665
1.445 0.4875
-2.165 0.4875
5.2

IMD2b
4
-2.165 0.4875
1.445 0.4875
1.445 0.5025
-2.165 0.5025
4.2

IMD2c
4
-2.165 0.5025
1.445 0.5025
1.445 0.5265
-2.165 0.5265
3.28

IMD2d1+IMD2d2
4
-2.165 0.5265
1.445 0.5265
1.445 0.6535
-2.165 0.6535
2.65

IMD3a
4
-2.165 0.6535
1.445 0.6535
1.445 0.6745
-2.165 0.6745
5.2

IMD3b
4
-2.165 0.6745
1.445 0.6745
1.445 0.6895
-2.165 0.6895
4.2

IMD3c
4
-2.165 0.6895
1.445 0.6895
1.445 0.7135
-2.165 0.7135
3.28

IMD4a
4
-2.165 0.8405
1.445 0.8405
1.445 0.8615
-2.165 0.8615
5.2

IMD4b
4
-2.165 0.8615
1.445 0.8615
1.445 0.8765
-2.165 0.8765
4.2

IMD4c
4
-2.165 0.8765
1.445 0.8765
1.445 0.9005
-2.165 0.9005
3.28

IMD4d1+IMD4d2
4
-2.165 0.9005
1.445 0.9005
1.445 1.0275
-2.165 1.0275
2.65

IMD5a
4
-2.165 1.0275
1.445 1.0275
1.445 1.0485
-2.165 1.0485
5.2

IMD5b
4
-2.165 1.0485
1.445 1.0485
1.445 1.0635
-2.165 1.0635
4.2

IMD5c
4
-2.165 1.0635
1.445 1.0635
1.445 1.0875
-2.165 1.0875
3.28


4
-2.165 0.001
1.445 0.001
1.445 1.1155
-2.165 1.1155

