botcenter
4
0 -0.001
0.72 -0.001
0.72 0.001
0 0.001

9
lEnv
4
-0.37951 0.7415
-0.34048999999999996 0.7415
-0.33451 0.8405
-0.38549 0.8405

c1
4
-0.019510000000000013 0.7415
0.019510000000000013 0.7415
0.025490000000000013 0.8405
-0.025490000000000013 0.8405

c2
4
0.6554900000000001 0.7415
0.7845100000000003 0.7415
0.7904900000000002 0.8405
0.6495100000000001 0.8405

rEnv
4
1.1054900000000005 0.7415
1.2345100000000002 0.7415
1.2404900000000003 0.8405
1.0995100000000004 0.8405

topleft
4
-0.8825000000000001 0.9285000000000001
0 0.9285000000000001
0 1.0275
-0.8825000000000001 1.0275

topcenter
4
0 0.9285000000000001
0.72 0.9285000000000001
0.72 1.0275
0 1.0275

topright
4
0.72 0.9285000000000001
1.7375000000000007 0.9285000000000001
1.7375000000000007 1.0275
0.72 1.0275

botleft
4
-0.8825000000000001 -0.001
0 -0.001
0 0.001
-0.8825000000000001 0.001

botright
4
0.72 -0.001
1.7375000000000007 -0.001
1.7375000000000007 0.001
0.72 0.001


40
IMD3d1_damage
4
-0.388924 0.7315
-0.331076 0.7315
-0.330472 0.7415
-0.389528 0.7415
3.1

IMD3d1_damage
4
-0.028924000000000012 0.7315
0.028924000000000012 0.7315
0.029528000000000013 0.7415
-0.029528000000000013 0.7415
3.1

IMD3d1_damage
4
0.6460760000000002 0.7315
0.7939240000000002 0.7315
0.7945280000000002 0.7415
0.6454720000000002 0.7415
3.1

IMD3d1_damage
4
1.0960760000000005 0.7315
1.2439240000000003 0.7315
1.2445280000000003 0.7415
1.0954720000000004 0.7415
3.1

IMD3d2_damage
4
-0.384519 0.7415
-0.37951 0.7415
-0.38549 0.8405
-0.390499 0.8405
2.9

IMD3d2_damage
4
-0.34048999999999996 0.7415
-0.335481 0.7415
-0.329501 0.8405
-0.33451 0.8405
2.9

IMD3d2_damage
4
-0.024519000000000013 0.7415
-0.019510000000000013 0.7415
-0.025490000000000013 0.8405
-0.030499000000000012 0.8405
2.9

IMD3d2_damage
4
0.019510000000000013 0.7415
0.024519000000000013 0.7415
0.030499000000000012 0.8405
0.025490000000000013 0.8405
2.9

IMD3d2_damage
4
0.6504810000000001 0.7415
0.6554900000000001 0.7415
0.6495100000000001 0.8405
0.6445010000000001 0.8405
2.9

IMD3d2_damage
4
0.7845100000000003 0.7415
0.7895190000000003 0.7415
0.7954990000000003 0.8405
0.7904900000000002 0.8405
2.9

IMD3d2_damage
4
1.1004810000000005 0.7415
1.1054900000000005 0.7415
1.0995100000000004 0.8405
1.0945010000000004 0.8405
2.9

IMD3d2_damage
4
1.2345100000000002 0.7415
1.2395190000000003 0.7415
1.2454990000000004 0.8405
1.2404900000000003 0.8405
2.9

IMD4d1_damage
4
-0.8825000000000001 0.9185000000000001
1.7375000000000007 0.9185000000000001
1.7375000000000007 0.9285000000000001
-0.8825000000000001 0.9285000000000001
3.1

IMD3d2
4
-0.8825000000000001 0.7415
-0.384519 0.7415
-0.390499 0.8405
-0.8825000000000001 0.8405
2.65

IMD3d2
4
-0.335481 0.7415
-0.024519000000000013 0.7415
-0.030499000000000012 0.8405
-0.329501 0.8405
2.65

IMD3d2
4
0.024519000000000013 0.7415
0.6504810000000001 0.7415
0.6445010000000001 0.8405
0.030499000000000012 0.8405
2.65

IMD3d2
4
0.7895190000000003 0.7415
1.1004810000000005 0.7415
1.0945010000000004 0.8405
0.7954990000000003 0.8405
2.65

IMD3d2
4
1.2395190000000003 0.7415
1.7375000000000007 0.7415
1.7375000000000007 0.8405
1.2454990000000004 0.8405
2.65

IMD3d1
4
-0.8825000000000001 0.7315
-0.388924 0.7315
-0.389528 0.7415
-0.8825000000000001 0.7415
2.65

IMD3d1
4
-0.331076 0.7315
-0.028924000000000012 0.7315
-0.029528000000000013 0.7415
-0.330472 0.7415
2.65

IMD3d1
4
0.028924000000000012 0.7315
0.6460760000000002 0.7315
0.6454720000000002 0.7415
0.029528000000000013 0.7415
2.65

IMD3d1
4
0.7939240000000002 0.7315
1.0960760000000005 0.7315
1.0954720000000004 0.7415
0.7945280000000002 0.7415
2.65

IMD3d1
4
1.2439240000000003 0.7315
1.7375000000000007 0.7315
1.7375000000000007 0.7415
1.2445280000000003 0.7415
2.65

IMD3d1
4
-0.8825000000000001 0.7135
1.7375000000000007 0.7135
1.7375000000000007 0.7315
-0.8825000000000001 0.7315
2.65

IMD4d1
4
-0.8825000000000001 0.9005
1.7375000000000007 0.9005
1.7375000000000007 0.9185000000000001
-0.8825000000000001 0.9185000000000001
2.65

FOXA+FOXB+TOX
4
-0.8825000000000001 0.001
1.7375000000000007 0.001
1.7375000000000007 0.2665
-0.8825000000000001 0.2665
4.0

ILD1a
4
-0.8825000000000001 0.2665
1.7375000000000007 0.2665
1.7375000000000007 0.2765
-0.8825000000000001 0.2765
7.0

ILD1b1+ILD1b2+ILD1b3
4
-0.8825000000000001 0.2765
1.7375000000000007 0.2765
1.7375000000000007 0.3955
-0.8825000000000001 0.3955
4.0

IMD1a
4
-0.8825000000000001 0.3955
1.7375000000000007 0.3955
1.7375000000000007 0.4065
-0.8825000000000001 0.4065
5.2

IMD1b
4
-0.8825000000000001 0.4065
1.7375000000000007 0.4065
1.7375000000000007 0.4665
-0.8825000000000001 0.4665
2.8

IMD2a
4
-0.8825000000000001 0.4665
1.7375000000000007 0.4665
1.7375000000000007 0.4875
-0.8825000000000001 0.4875
5.2

IMD2b
4
-0.8825000000000001 0.4875
1.7375000000000007 0.4875
1.7375000000000007 0.5025
-0.8825000000000001 0.5025
4.2

IMD2c
4
-0.8825000000000001 0.5025
1.7375000000000007 0.5025
1.7375000000000007 0.5265
-0.8825000000000001 0.5265
3.28

IMD2d1+IMD2d2
4
-0.8825000000000001 0.5265
1.7375000000000007 0.5265
1.7375000000000007 0.6535
-0.8825000000000001 0.6535
2.65

IMD3a
4
-0.8825000000000001 0.6535
1.7375000000000007 0.6535
1.7375000000000007 0.6745
-0.8825000000000001 0.6745
5.2

IMD3b
4
-0.8825000000000001 0.6745
1.7375000000000007 0.6745
1.7375000000000007 0.6895
-0.8825000000000001 0.6895
4.2

IMD3c
4
-0.8825000000000001 0.6895
1.7375000000000007 0.6895
1.7375000000000007 0.7135
-0.8825000000000001 0.7135
3.28

IMD4a
4
-0.8825000000000001 0.8405
1.7375000000000007 0.8405
1.7375000000000007 0.8615
-0.8825000000000001 0.8615
5.2

IMD4b
4
-0.8825000000000001 0.8615
1.7375000000000007 0.8615
1.7375000000000007 0.8765
-0.8825000000000001 0.8765
4.2

IMD4c
4
-0.8825000000000001 0.8765
1.7375000000000007 0.8765
1.7375000000000007 0.9005
-0.8825000000000001 0.9005
3.28


4
-0.8825000000000001 0.001
1.7375000000000007 0.001
1.7375000000000007 0.9285000000000001
-0.8825000000000001 0.9285000000000001

