botcenter
4
0 -0.001
0.513 -0.001
0.513 0.001
0 0.001

9
lEnv
4
-1.3920099999999997 0.7415
-0.49798999999999993 0.7415
-0.49200999999999995 0.8405
-1.3979899999999998 0.8405

c1
4
-0.44701 0.7415
0.44701 0.7415
0.45299 0.8405
-0.45299 0.8405

c2
4
0.4934900000000001 0.7415
0.5325100000000001 0.7415
0.5384900000000001 0.8405
0.4875100000000001 0.8405

rEnv
4
0.5834900000000002 0.7415
0.62251 0.7415
0.62849 0.8405
0.5775100000000002 0.8405

topleft
4
-1.8949999999999998 1.3025
0 1.3025
0 1.4015
-1.8949999999999998 1.4015

topcenter
4
0 1.3025
0.513 1.3025
0.513 1.4015
0 1.4015

topright
4
0.513 1.3025
1.1255 1.3025
1.1255 1.4015
0.513 1.4015

botleft
4
-1.8949999999999998 -0.001
0 -0.001
0 0.001
-1.8949999999999998 0.001

botright
4
0.513 -0.001
1.1255 -0.001
1.1255 0.001
0.513 0.001


48
IMD3d1_damage
4
-1.4014239999999998 0.7315
-0.48857599999999995 0.7315
-0.48797199999999996 0.7415
-1.4020279999999998 0.7415
3.1

IMD3d1_damage
4
-0.456424 0.7315
0.456424 0.7315
0.457028 0.7415
-0.457028 0.7415
3.1

IMD3d1_damage
4
0.4840760000000001 0.7315
0.5419240000000001 0.7315
0.5425280000000001 0.7415
0.4834720000000001 0.7415
3.1

IMD3d1_damage
4
0.5740760000000003 0.7315
0.6319239999999999 0.7315
0.632528 0.7415
0.5734720000000002 0.7415
3.1

IMD3d2_damage
4
-1.3970189999999998 0.7415
-1.3920099999999997 0.7415
-1.3979899999999998 0.8405
-1.4029989999999999 0.8405
2.9

IMD3d2_damage
4
-0.49798999999999993 0.7415
-0.49298099999999995 0.7415
-0.48700099999999996 0.8405
-0.49200999999999995 0.8405
2.9

IMD3d2_damage
4
-0.452019 0.7415
-0.44701 0.7415
-0.45299 0.8405
-0.457999 0.8405
2.9

IMD3d2_damage
4
0.44701 0.7415
0.452019 0.7415
0.457999 0.8405
0.45299 0.8405
2.9

IMD3d2_damage
4
0.4884810000000001 0.7415
0.4934900000000001 0.7415
0.4875100000000001 0.8405
0.4825010000000001 0.8405
2.9

IMD3d2_damage
4
0.5325100000000001 0.7415
0.5375190000000002 0.7415
0.5434990000000002 0.8405
0.5384900000000001 0.8405
2.9

IMD3d2_damage
4
0.5784810000000001 0.7415
0.5834900000000002 0.7415
0.5775100000000002 0.8405
0.5725010000000001 0.8405
2.9

IMD3d2_damage
4
0.62251 0.7415
0.627519 0.7415
0.633499 0.8405
0.62849 0.8405
2.9

IMD6d1_damage
4
-1.8949999999999998 1.2925
1.1255 1.2925
1.1255 1.3025
-1.8949999999999998 1.3025
3.1

IMD3d2
4
-1.8949999999999998 0.7415
-1.3970189999999998 0.7415
-1.4029989999999999 0.8405
-1.8949999999999998 0.8405
2.65

IMD3d2
4
-0.49298099999999995 0.7415
-0.452019 0.7415
-0.457999 0.8405
-0.48700099999999996 0.8405
2.65

IMD3d2
4
0.452019 0.7415
0.4884810000000001 0.7415
0.4825010000000001 0.8405
0.457999 0.8405
2.65

IMD3d2
4
0.5375190000000002 0.7415
0.5784810000000001 0.7415
0.5725010000000001 0.8405
0.5434990000000002 0.8405
2.65

IMD3d2
4
0.627519 0.7415
1.1255 0.7415
1.1255 0.8405
0.633499 0.8405
2.65

IMD3d1
4
-1.8949999999999998 0.7315
-1.4014239999999998 0.7315
-1.4020279999999998 0.7415
-1.8949999999999998 0.7415
2.65

IMD3d1
4
-0.48857599999999995 0.7315
-0.456424 0.7315
-0.457028 0.7415
-0.48797199999999996 0.7415
2.65

IMD3d1
4
0.456424 0.7315
0.4840760000000001 0.7315
0.4834720000000001 0.7415
0.457028 0.7415
2.65

IMD3d1
4
0.5419240000000001 0.7315
0.5740760000000003 0.7315
0.5734720000000002 0.7415
0.5425280000000001 0.7415
2.65

IMD3d1
4
0.6319239999999999 0.7315
1.1255 0.7315
1.1255 0.7415
0.632528 0.7415
2.65

IMD3d1
4
-1.8949999999999998 0.7135
1.1255 0.7135
1.1255 0.7315
-1.8949999999999998 0.7315
2.65

IMD6d1
4
-1.8949999999999998 1.2745
1.1255 1.2745
1.1255 1.2925
-1.8949999999999998 1.2925
2.65

FOXA+FOXB+TOX
4
-1.8949999999999998 0.001
1.1255 0.001
1.1255 0.2665
-1.8949999999999998 0.2665
4.0

ILD1a
4
-1.8949999999999998 0.2665
1.1255 0.2665
1.1255 0.2765
-1.8949999999999998 0.2765
7.0

ILD1b1+ILD1b2+ILD1b3
4
-1.8949999999999998 0.2765
1.1255 0.2765
1.1255 0.3955
-1.8949999999999998 0.3955
4.0

IMD1a
4
-1.8949999999999998 0.3955
1.1255 0.3955
1.1255 0.4065
-1.8949999999999998 0.4065
5.2

IMD1b
4
-1.8949999999999998 0.4065
1.1255 0.4065
1.1255 0.4665
-1.8949999999999998 0.4665
2.8

IMD2a
4
-1.8949999999999998 0.4665
1.1255 0.4665
1.1255 0.4875
-1.8949999999999998 0.4875
5.2

IMD2b
4
-1.8949999999999998 0.4875
1.1255 0.4875
1.1255 0.5025
-1.8949999999999998 0.5025
4.2

IMD2c
4
-1.8949999999999998 0.5025
1.1255 0.5025
1.1255 0.5265
-1.8949999999999998 0.5265
3.28

IMD2d1+IMD2d2
4
-1.8949999999999998 0.5265
1.1255 0.5265
1.1255 0.6535
-1.8949999999999998 0.6535
2.65

IMD3a
4
-1.8949999999999998 0.6535
1.1255 0.6535
1.1255 0.6745
-1.8949999999999998 0.6745
5.2

IMD3b
4
-1.8949999999999998 0.6745
1.1255 0.6745
1.1255 0.6895
-1.8949999999999998 0.6895
4.2

IMD3c
4
-1.8949999999999998 0.6895
1.1255 0.6895
1.1255 0.7135
-1.8949999999999998 0.7135
3.28

IMD4a
4
-1.8949999999999998 0.8405
1.1255 0.8405
1.1255 0.8615
-1.8949999999999998 0.8615
5.2

IMD4b
4
-1.8949999999999998 0.8615
1.1255 0.8615
1.1255 0.8765
-1.8949999999999998 0.8765
4.2

IMD4c
4
-1.8949999999999998 0.8765
1.1255 0.8765
1.1255 0.9005
-1.8949999999999998 0.9005
3.28

IMD4d1+IMD4d2
4
-1.8949999999999998 0.9005
1.1255 0.9005
1.1255 1.0275
-1.8949999999999998 1.0275
2.65

IMD5a
4
-1.8949999999999998 1.0275
1.1255 1.0275
1.1255 1.0485
-1.8949999999999998 1.0485
5.2

IMD5b
4
-1.8949999999999998 1.0485
1.1255 1.0485
1.1255 1.0635
-1.8949999999999998 1.0635
4.2

IMD5c
4
-1.8949999999999998 1.0635
1.1255 1.0635
1.1255 1.0875
-1.8949999999999998 1.0875
3.28

IMD5d1+IMD5d2
4
-1.8949999999999998 1.0875
1.1255 1.0875
1.1255 1.2145
-1.8949999999999998 1.2145
2.65

IMD6a
4
-1.8949999999999998 1.2145
1.1255 1.2145
1.1255 1.2355
-1.8949999999999998 1.2355
5.2

IMD6b
4
-1.8949999999999998 1.2355
1.1255 1.2355
1.1255 1.2505
-1.8949999999999998 1.2505
4.2

IMD6c
4
-1.8949999999999998 1.2505
1.1255 1.2505
1.1255 1.2745
-1.8949999999999998 1.2745
3.28


4
-1.8949999999999998 0.001
1.1255 0.001
1.1255 1.3025
-1.8949999999999998 1.3025

