botcenter
4
0 -0.001
0.22500000000000003 -0.001
0.22500000000000003 0.001
0 0.001

9
lEnv
4
-0.5145100000000001 0.7415
-0.3854900000000001 0.7415
-0.3795100000000001 0.8405
-0.5204900000000001 0.8405

c1
4
-0.06451000000000005 0.7415
0.06450999999999994 0.7415
0.07048999999999994 0.8405
-0.07049000000000005 0.8405

c2
4
0.16048999999999994 0.7415
0.28950999999999993 0.7415
0.2954899999999999 0.8405
0.15450999999999993 0.8405

rEnv
4
0.6104899999999999 0.7415
0.73951 0.7415
0.74549 0.8405
0.6045099999999999 0.8405

topleft
4
-1.0175 1.1155
0 1.1155
0 1.2145
-1.0175 1.2145

topcenter
4
0 1.1155
0.22500000000000003 1.1155
0.22500000000000003 1.2145
0 1.2145

topright
4
0.22500000000000003 1.1155
1.2425 1.1155
1.2425 1.2145
0.22500000000000003 1.2145

botleft
4
-1.0175 -0.001
0 -0.001
0 0.001
-1.0175 0.001

botright
4
0.22500000000000003 -0.001
1.2425 -0.001
1.2425 0.001
0.22500000000000003 0.001


44
IMD3d1_damage
4
-0.5239240000000001 0.7315
-0.37607600000000013 0.7315
-0.37547200000000014 0.7415
-0.5245280000000001 0.7415
3.1

IMD3d1_damage
4
-0.07392400000000006 0.7315
0.07392399999999995 0.7315
0.07452799999999994 0.7415
-0.07452800000000005 0.7415
3.1

IMD3d1_damage
4
0.15107599999999993 0.7315
0.2989239999999999 0.7315
0.2995279999999999 0.7415
0.15047199999999994 0.7415
3.1

IMD3d1_damage
4
0.6010759999999999 0.7315
0.7489239999999999 0.7315
0.749528 0.7415
0.6004719999999999 0.7415
3.1

IMD3d2_damage
4
-0.5195190000000002 0.7415
-0.5145100000000001 0.7415
-0.5204900000000001 0.8405
-0.5254990000000002 0.8405
2.9

IMD3d2_damage
4
-0.3854900000000001 0.7415
-0.3804810000000001 0.7415
-0.37450100000000014 0.8405
-0.3795100000000001 0.8405
2.9

IMD3d2_damage
4
-0.06951900000000005 0.7415
-0.06451000000000005 0.7415
-0.07049000000000005 0.8405
-0.07549900000000005 0.8405
2.9

IMD3d2_damage
4
0.06450999999999994 0.7415
0.06951899999999994 0.7415
0.07549899999999994 0.8405
0.07048999999999994 0.8405
2.9

IMD3d2_damage
4
0.15548099999999992 0.7415
0.16048999999999994 0.7415
0.15450999999999993 0.8405
0.1495009999999999 0.8405
2.9

IMD3d2_damage
4
0.28950999999999993 0.7415
0.2945189999999999 0.7415
0.3004989999999999 0.8405
0.2954899999999999 0.8405
2.9

IMD3d2_damage
4
0.6054809999999998 0.7415
0.6104899999999999 0.7415
0.6045099999999999 0.8405
0.5995009999999998 0.8405
2.9

IMD3d2_damage
4
0.73951 0.7415
0.744519 0.7415
0.750499 0.8405
0.74549 0.8405
2.9

IMD5d1_damage
4
-1.0175 1.1055
1.2425 1.1055
1.2425 1.1155
-1.0175 1.1155
3.1

IMD3d2
4
-1.0175 0.7415
-0.5195190000000002 0.7415
-0.5254990000000002 0.8405
-1.0175 0.8405
2.65

IMD3d2
4
-0.3804810000000001 0.7415
-0.06951900000000005 0.7415
-0.07549900000000005 0.8405
-0.37450100000000014 0.8405
2.65

IMD3d2
4
0.06951899999999994 0.7415
0.15548099999999992 0.7415
0.1495009999999999 0.8405
0.07549899999999994 0.8405
2.65

IMD3d2
4
0.2945189999999999 0.7415
0.6054809999999998 0.7415
0.5995009999999998 0.8405
0.3004989999999999 0.8405
2.65

IMD3d2
4
0.744519 0.7415
1.2425 0.7415
1.2425 0.8405
0.750499 0.8405
2.65

IMD3d1
4
-1.0175 0.7315
-0.5239240000000001 0.7315
-0.5245280000000001 0.7415
-1.0175 0.7415
2.65

IMD3d1
4
-0.37607600000000013 0.7315
-0.07392400000000006 0.7315
-0.07452800000000005 0.7415
-0.37547200000000014 0.7415
2.65

IMD3d1
4
0.07392399999999995 0.7315
0.15107599999999993 0.7315
0.15047199999999994 0.7415
0.07452799999999994 0.7415
2.65

IMD3d1
4
0.2989239999999999 0.7315
0.6010759999999999 0.7315
0.6004719999999999 0.7415
0.2995279999999999 0.7415
2.65

IMD3d1
4
0.7489239999999999 0.7315
1.2425 0.7315
1.2425 0.7415
0.749528 0.7415
2.65

IMD3d1
4
-1.0175 0.7135
1.2425 0.7135
1.2425 0.7315
-1.0175 0.7315
2.65

IMD5d1
4
-1.0175 1.0875
1.2425 1.0875
1.2425 1.1055
-1.0175 1.1055
2.65

FOXA+FOXB+TOX
4
-1.0175 0.001
1.2425 0.001
1.2425 0.2665
-1.0175 0.2665
4.0

ILD1a
4
-1.0175 0.2665
1.2425 0.2665
1.2425 0.2765
-1.0175 0.2765
7.0

ILD1b1+ILD1b2+ILD1b3
4
-1.0175 0.2765
1.2425 0.2765
1.2425 0.3955
-1.0175 0.3955
4.0

IMD1a
4
-1.0175 0.3955
1.2425 0.3955
1.2425 0.4065
-1.0175 0.4065
5.2

IMD1b
4
-1.0175 0.4065
1.2425 0.4065
1.2425 0.4665
-1.0175 0.4665
2.8

IMD2a
4
-1.0175 0.4665
1.2425 0.4665
1.2425 0.4875
-1.0175 0.4875
5.2

IMD2b
4
-1.0175 0.4875
1.2425 0.4875
1.2425 0.5025
-1.0175 0.5025
4.2

IMD2c
4
-1.0175 0.5025
1.2425 0.5025
1.2425 0.5265
-1.0175 0.5265
3.28

IMD2d1+IMD2d2
4
-1.0175 0.5265
1.2425 0.5265
1.2425 0.6535
-1.0175 0.6535
2.65

IMD3a
4
-1.0175 0.6535
1.2425 0.6535
1.2425 0.6745
-1.0175 0.6745
5.2

IMD3b
4
-1.0175 0.6745
1.2425 0.6745
1.2425 0.6895
-1.0175 0.6895
4.2

IMD3c
4
-1.0175 0.6895
1.2425 0.6895
1.2425 0.7135
-1.0175 0.7135
3.28

IMD4a
4
-1.0175 0.8405
1.2425 0.8405
1.2425 0.8615
-1.0175 0.8615
5.2

IMD4b
4
-1.0175 0.8615
1.2425 0.8615
1.2425 0.8765
-1.0175 0.8765
4.2

IMD4c
4
-1.0175 0.8765
1.2425 0.8765
1.2425 0.9005
-1.0175 0.9005
3.28

IMD4d1+IMD4d2
4
-1.0175 0.9005
1.2425 0.9005
1.2425 1.0275
-1.0175 1.0275
2.65

IMD5a
4
-1.0175 1.0275
1.2425 1.0275
1.2425 1.0485
-1.0175 1.0485
5.2

IMD5b
4
-1.0175 1.0485
1.2425 1.0485
1.2425 1.0635
-1.0175 1.0635
4.2

IMD5c
4
-1.0175 1.0635
1.2425 1.0635
1.2425 1.0875
-1.0175 1.0875
3.28


4
-1.0175 0.001
1.2425 0.001
1.2425 1.1155
-1.0175 1.1155

