c1
4
-0.06451000000000003 0.7415
0.06451 0.7415
0.07049 0.8405
-0.07049000000000002 0.8405

7
botleft
4
-0.7475 -0.001
0 -0.001
0 0.001
-0.7475 0.001

botright
4
0 -0.001
2.8625 -0.001
2.8625 0.001
0 0.001

lEnv
4
-0.24451000000000003 0.7415
-0.11549000000000002 0.7415
-0.10951000000000002 0.8405
-0.25049000000000005 0.8405

c2
4
0.52049 0.7415
1.4145099999999997 0.7415
1.4204899999999998 0.8405
0.51451 0.8405

rEnv
4
1.46549 0.7415
2.3595099999999998 0.7415
2.36549 0.8405
1.4595099999999999 0.8405

topleft
4
-0.7475 0.9285000000000001
0 0.9285000000000001
0 1.0275
-0.7475 1.0275

topright
4
0 0.9285000000000001
2.8625 0.9285000000000001
2.8625 1.0275
0 1.0275


40
IMD3d1_damage
4
-0.25392400000000004 0.7315
-0.10607600000000002 0.7315
-0.10547200000000002 0.7415
-0.25452800000000003 0.7415
3.1

IMD3d1_damage
4
-0.07392400000000003 0.7315
0.073924 0.7315
0.074528 0.7415
-0.07452800000000002 0.7415
3.1

IMD3d1_damage
4
0.5110760000000001 0.7315
1.4239239999999997 0.7315
1.4245279999999998 0.7415
0.510472 0.7415
3.1

IMD3d1_damage
4
1.456076 0.7315
2.368924 0.7315
2.369528 0.7415
1.4554719999999999 0.7415
3.1

IMD3d2_damage
4
-0.24951900000000005 0.7415
-0.24451000000000003 0.7415
-0.25049000000000005 0.8405
-0.25549900000000003 0.8405
2.9

IMD3d2_damage
4
-0.11549000000000002 0.7415
-0.11048100000000002 0.7415
-0.10450100000000002 0.8405
-0.10951000000000002 0.8405
2.9

IMD3d2_damage
4
-0.06951900000000003 0.7415
-0.06451000000000003 0.7415
-0.07049000000000002 0.8405
-0.07549900000000002 0.8405
2.9

IMD3d2_damage
4
0.06451 0.7415
0.069519 0.7415
0.075499 0.8405
0.07049 0.8405
2.9

IMD3d2_damage
4
0.515481 0.7415
0.52049 0.7415
0.51451 0.8405
0.509501 0.8405
2.9

IMD3d2_damage
4
1.4145099999999997 0.7415
1.4195189999999998 0.7415
1.4254989999999998 0.8405
1.4204899999999998 0.8405
2.9

IMD3d2_damage
4
1.460481 0.7415
1.46549 0.7415
1.4595099999999999 0.8405
1.4545009999999998 0.8405
2.9

IMD3d2_damage
4
2.3595099999999998 0.7415
2.3645189999999996 0.7415
2.3704989999999997 0.8405
2.36549 0.8405
2.9

IMD4d1_damage
4
-0.7475 0.9185000000000001
2.8625 0.9185000000000001
2.8625 0.9285000000000001
-0.7475 0.9285000000000001
3.1

IMD3d2
4
-0.7475 0.7415
-0.24951900000000005 0.7415
-0.25549900000000003 0.8405
-0.7475 0.8405
2.65

IMD3d2
4
-0.11048100000000002 0.7415
-0.06951900000000003 0.7415
-0.07549900000000002 0.8405
-0.10450100000000002 0.8405
2.65

IMD3d2
4
0.069519 0.7415
0.515481 0.7415
0.509501 0.8405
0.075499 0.8405
2.65

IMD3d2
4
1.4195189999999998 0.7415
1.460481 0.7415
1.4545009999999998 0.8405
1.4254989999999998 0.8405
2.65

IMD3d2
4
2.3645189999999996 0.7415
2.8625 0.7415
2.8625 0.8405
2.3704989999999997 0.8405
2.65

IMD3d1
4
-0.7475 0.7315
-0.25392400000000004 0.7315
-0.25452800000000003 0.7415
-0.7475 0.7415
2.65

IMD3d1
4
-0.10607600000000002 0.7315
-0.07392400000000003 0.7315
-0.07452800000000002 0.7415
-0.10547200000000002 0.7415
2.65

IMD3d1
4
0.073924 0.7315
0.5110760000000001 0.7315
0.510472 0.7415
0.074528 0.7415
2.65

IMD3d1
4
1.4239239999999997 0.7315
1.456076 0.7315
1.4554719999999999 0.7415
1.4245279999999998 0.7415
2.65

IMD3d1
4
2.368924 0.7315
2.8625 0.7315
2.8625 0.7415
2.369528 0.7415
2.65

IMD3d1
4
-0.7475 0.7135
2.8625 0.7135
2.8625 0.7315
-0.7475 0.7315
2.65

IMD4d1
4
-0.7475 0.9005
2.8625 0.9005
2.8625 0.9185000000000001
-0.7475 0.9185000000000001
2.65

FOXA+FOXB+TOX
4
-0.7475 0.001
2.8625 0.001
2.8625 0.2665
-0.7475 0.2665
4.0

ILD1a
4
-0.7475 0.2665
2.8625 0.2665
2.8625 0.2765
-0.7475 0.2765
7.0

ILD1b1+ILD1b2+ILD1b3
4
-0.7475 0.2765
2.8625 0.2765
2.8625 0.3955
-0.7475 0.3955
4.0

IMD1a
4
-0.7475 0.3955
2.8625 0.3955
2.8625 0.4065
-0.7475 0.4065
5.2

IMD1b
4
-0.7475 0.4065
2.8625 0.4065
2.8625 0.4665
-0.7475 0.4665
2.8

IMD2a
4
-0.7475 0.4665
2.8625 0.4665
2.8625 0.4875
-0.7475 0.4875
5.2

IMD2b
4
-0.7475 0.4875
2.8625 0.4875
2.8625 0.5025
-0.7475 0.5025
4.2

IMD2c
4
-0.7475 0.5025
2.8625 0.5025
2.8625 0.5265
-0.7475 0.5265
3.28

IMD2d1+IMD2d2
4
-0.7475 0.5265
2.8625 0.5265
2.8625 0.6535
-0.7475 0.6535
2.65

IMD3a
4
-0.7475 0.6535
2.8625 0.6535
2.8625 0.6745
-0.7475 0.6745
5.2

IMD3b
4
-0.7475 0.6745
2.8625 0.6745
2.8625 0.6895
-0.7475 0.6895
4.2

IMD3c
4
-0.7475 0.6895
2.8625 0.6895
2.8625 0.7135
-0.7475 0.7135
3.28

IMD4a
4
-0.7475 0.8405
2.8625 0.8405
2.8625 0.8615
-0.7475 0.8615
5.2

IMD4b
4
-0.7475 0.8615
2.8625 0.8615
2.8625 0.8765
-0.7475 0.8765
4.2

IMD4c
4
-0.7475 0.8765
2.8625 0.8765
2.8625 0.9005
-0.7475 0.9005
3.28


4
-0.7475 0.001
2.8625 0.001
2.8625 0.9285000000000001
-0.7475 0.9285000000000001

