botcenter
4
0 -0.001
0.5579999999999999 -0.001
0.5579999999999999 0.001
0 0.001

9
lEnv
4
-0.5145100000000001 0.7415
-0.3854900000000001 0.7415
-0.3795100000000001 0.8405
-0.5204900000000001 0.8405

c1
4
-0.06451000000000005 0.7415
0.06450999999999994 0.7415
0.07048999999999994 0.8405
-0.07049000000000005 0.8405

c2
4
0.11098999999999994 0.7415
1.0050099999999997 0.7415
1.0109899999999998 0.8405
0.10500999999999994 0.8405

rEnv
4
1.32599 0.7415
2.22001 0.7415
2.22599 0.8405
1.32001 0.8405

topleft
4
-1.0175 0.9285000000000001
0 0.9285000000000001
0 1.0275
-1.0175 1.0275

topcenter
4
0 0.9285000000000001
0.5579999999999999 0.9285000000000001
0.5579999999999999 1.0275
0 1.0275

topright
4
0.5579999999999999 0.9285000000000001
2.723 0.9285000000000001
2.723 1.0275
0.5579999999999999 1.0275

botleft
4
-1.0175 -0.001
0 -0.001
0 0.001
-1.0175 0.001

botright
4
0.5579999999999999 -0.001
2.723 -0.001
2.723 0.001
0.5579999999999999 0.001


40
IMD3d1_damage
4
-0.5239240000000001 0.7315
-0.37607600000000013 0.7315
-0.37547200000000014 0.7415
-0.5245280000000001 0.7415
3.1

IMD3d1_damage
4
-0.07392400000000006 0.7315
0.07392399999999995 0.7315
0.07452799999999994 0.7415
-0.07452800000000005 0.7415
3.1

IMD3d1_damage
4
0.10157599999999993 0.7315
1.0144239999999998 0.7315
1.0150279999999998 0.7415
0.10097199999999994 0.7415
3.1

IMD3d1_damage
4
1.316576 0.7315
2.229424 0.7315
2.230028 0.7415
1.315972 0.7415
3.1

IMD3d2_damage
4
-0.5195190000000002 0.7415
-0.5145100000000001 0.7415
-0.5204900000000001 0.8405
-0.5254990000000002 0.8405
2.9

IMD3d2_damage
4
-0.3854900000000001 0.7415
-0.3804810000000001 0.7415
-0.37450100000000014 0.8405
-0.3795100000000001 0.8405
2.9

IMD3d2_damage
4
-0.06951900000000005 0.7415
-0.06451000000000005 0.7415
-0.07049000000000005 0.8405
-0.07549900000000005 0.8405
2.9

IMD3d2_damage
4
0.06450999999999994 0.7415
0.06951899999999994 0.7415
0.07549899999999994 0.8405
0.07048999999999994 0.8405
2.9

IMD3d2_damage
4
0.10598099999999994 0.7415
0.11098999999999994 0.7415
0.10500999999999994 0.8405
0.10000099999999994 0.8405
2.9

IMD3d2_damage
4
1.0050099999999997 0.7415
1.0100189999999998 0.7415
1.0159989999999999 0.8405
1.0109899999999998 0.8405
2.9

IMD3d2_damage
4
1.320981 0.7415
1.32599 0.7415
1.32001 0.8405
1.3150009999999999 0.8405
2.9

IMD3d2_damage
4
2.22001 0.7415
2.2250189999999996 0.7415
2.2309989999999997 0.8405
2.22599 0.8405
2.9

IMD4d1_damage
4
-1.0175 0.9185000000000001
2.723 0.9185000000000001
2.723 0.9285000000000001
-1.0175 0.9285000000000001
3.1

IMD3d2
4
-1.0175 0.7415
-0.5195190000000002 0.7415
-0.5254990000000002 0.8405
-1.0175 0.8405
2.65

IMD3d2
4
-0.3804810000000001 0.7415
-0.06951900000000005 0.7415
-0.07549900000000005 0.8405
-0.37450100000000014 0.8405
2.65

IMD3d2
4
0.06951899999999994 0.7415
0.10598099999999994 0.7415
0.10000099999999994 0.8405
0.07549899999999994 0.8405
2.65

IMD3d2
4
1.0100189999999998 0.7415
1.320981 0.7415
1.3150009999999999 0.8405
1.0159989999999999 0.8405
2.65

IMD3d2
4
2.2250189999999996 0.7415
2.723 0.7415
2.723 0.8405
2.2309989999999997 0.8405
2.65

IMD3d1
4
-1.0175 0.7315
-0.5239240000000001 0.7315
-0.5245280000000001 0.7415
-1.0175 0.7415
2.65

IMD3d1
4
-0.37607600000000013 0.7315
-0.07392400000000006 0.7315
-0.07452800000000005 0.7415
-0.37547200000000014 0.7415
2.65

IMD3d1
4
0.07392399999999995 0.7315
0.10157599999999993 0.7315
0.10097199999999994 0.7415
0.07452799999999994 0.7415
2.65

IMD3d1
4
1.0144239999999998 0.7315
1.316576 0.7315
1.315972 0.7415
1.0150279999999998 0.7415
2.65

IMD3d1
4
2.229424 0.7315
2.723 0.7315
2.723 0.7415
2.230028 0.7415
2.65

IMD3d1
4
-1.0175 0.7135
2.723 0.7135
2.723 0.7315
-1.0175 0.7315
2.65

IMD4d1
4
-1.0175 0.9005
2.723 0.9005
2.723 0.9185000000000001
-1.0175 0.9185000000000001
2.65

FOXA+FOXB+TOX
4
-1.0175 0.001
2.723 0.001
2.723 0.2665
-1.0175 0.2665
4.0

ILD1a
4
-1.0175 0.2665
2.723 0.2665
2.723 0.2765
-1.0175 0.2765
7.0

ILD1b1+ILD1b2+ILD1b3
4
-1.0175 0.2765
2.723 0.2765
2.723 0.3955
-1.0175 0.3955
4.0

IMD1a
4
-1.0175 0.3955
2.723 0.3955
2.723 0.4065
-1.0175 0.4065
5.2

IMD1b
4
-1.0175 0.4065
2.723 0.4065
2.723 0.4665
-1.0175 0.4665
2.8

IMD2a
4
-1.0175 0.4665
2.723 0.4665
2.723 0.4875
-1.0175 0.4875
5.2

IMD2b
4
-1.0175 0.4875
2.723 0.4875
2.723 0.5025
-1.0175 0.5025
4.2

IMD2c
4
-1.0175 0.5025
2.723 0.5025
2.723 0.5265
-1.0175 0.5265
3.28

IMD2d1+IMD2d2
4
-1.0175 0.5265
2.723 0.5265
2.723 0.6535
-1.0175 0.6535
2.65

IMD3a
4
-1.0175 0.6535
2.723 0.6535
2.723 0.6745
-1.0175 0.6745
5.2

IMD3b
4
-1.0175 0.6745
2.723 0.6745
2.723 0.6895
-1.0175 0.6895
4.2

IMD3c
4
-1.0175 0.6895
2.723 0.6895
2.723 0.7135
-1.0175 0.7135
3.28

IMD4a
4
-1.0175 0.8405
2.723 0.8405
2.723 0.8615
-1.0175 0.8615
5.2

IMD4b
4
-1.0175 0.8615
2.723 0.8615
2.723 0.8765
-1.0175 0.8765
4.2

IMD4c
4
-1.0175 0.8765
2.723 0.8765
2.723 0.9005
-1.0175 0.9005
3.28


4
-1.0175 0.001
2.723 0.001
2.723 0.9285000000000001
-1.0175 0.9285000000000001

