botcenter
4
0 -0.001
1.1475 -0.001
1.1475 0.001
0 0.001

9
lEnv
4
-1.6620099999999998 0.7415
-0.76799 0.7415
-0.76201 0.8405
-1.6679899999999999 0.8405

c1
4
-0.44701 0.7415
0.44701 0.7415
0.45299 0.8405
-0.45299 0.8405

c2
4
1.0829900000000003 0.7415
1.21201 0.7415
1.2179900000000001 0.8405
1.0770100000000002 0.8405

rEnv
4
1.53299 0.7415
1.6620099999999998 0.7415
1.6679899999999999 0.8405
1.52701 0.8405

topleft
4
-2.165 1.1155
0 1.1155
0 1.2145
-2.165 1.2145

topcenter
4
0 1.1155
1.1475 1.1155
1.1475 1.2145
0 1.2145

topright
4
1.1475 1.1155
2.165 1.1155
2.165 1.2145
1.1475 1.2145

botleft
4
-2.165 -0.001
0 -0.001
0 0.001
-2.165 0.001

botright
4
1.1475 -0.001
2.165 -0.001
2.165 0.001
1.1475 0.001


44
IMD3d1_damage
4
-1.6714239999999998 0.7315
-0.758576 0.7315
-0.757972 0.7415
-1.6720279999999998 0.7415
3.1

IMD3d1_damage
4
-0.456424 0.7315
0.456424 0.7315
0.457028 0.7415
-0.457028 0.7415
3.1

IMD3d1_damage
4
1.0735760000000003 0.7315
1.221424 0.7315
1.2220280000000001 0.7415
1.0729720000000003 0.7415
3.1

IMD3d1_damage
4
1.523576 0.7315
1.6714239999999998 0.7315
1.6720279999999998 0.7415
1.522972 0.7415
3.1

IMD3d2_damage
4
-1.6670189999999998 0.7415
-1.6620099999999998 0.7415
-1.6679899999999999 0.8405
-1.672999 0.8405
2.9

IMD3d2_damage
4
-0.76799 0.7415
-0.7629809999999999 0.7415
-0.7570009999999999 0.8405
-0.76201 0.8405
2.9

IMD3d2_damage
4
-0.452019 0.7415
-0.44701 0.7415
-0.45299 0.8405
-0.457999 0.8405
2.9

IMD3d2_damage
4
0.44701 0.7415
0.452019 0.7415
0.457999 0.8405
0.45299 0.8405
2.9

IMD3d2_damage
4
1.0779810000000003 0.7415
1.0829900000000003 0.7415
1.0770100000000002 0.8405
1.0720010000000002 0.8405
2.9

IMD3d2_damage
4
1.21201 0.7415
1.217019 0.7415
1.2229990000000002 0.8405
1.2179900000000001 0.8405
2.9

IMD3d2_damage
4
1.527981 0.7415
1.53299 0.7415
1.52701 0.8405
1.522001 0.8405
2.9

IMD3d2_damage
4
1.6620099999999998 0.7415
1.6670189999999998 0.7415
1.672999 0.8405
1.6679899999999999 0.8405
2.9

IMD5d1_damage
4
-2.165 1.1055
2.165 1.1055
2.165 1.1155
-2.165 1.1155
3.1

IMD3d2
4
-2.165 0.7415
-1.6670189999999998 0.7415
-1.672999 0.8405
-2.165 0.8405
2.65

IMD3d2
4
-0.7629809999999999 0.7415
-0.452019 0.7415
-0.457999 0.8405
-0.7570009999999999 0.8405
2.65

IMD3d2
4
0.452019 0.7415
1.0779810000000003 0.7415
1.0720010000000002 0.8405
0.457999 0.8405
2.65

IMD3d2
4
1.217019 0.7415
1.527981 0.7415
1.522001 0.8405
1.2229990000000002 0.8405
2.65

IMD3d2
4
1.6670189999999998 0.7415
2.165 0.7415
2.165 0.8405
1.672999 0.8405
2.65

IMD3d1
4
-2.165 0.7315
-1.6714239999999998 0.7315
-1.6720279999999998 0.7415
-2.165 0.7415
2.65

IMD3d1
4
-0.758576 0.7315
-0.456424 0.7315
-0.457028 0.7415
-0.757972 0.7415
2.65

IMD3d1
4
0.456424 0.7315
1.0735760000000003 0.7315
1.0729720000000003 0.7415
0.457028 0.7415
2.65

IMD3d1
4
1.221424 0.7315
1.523576 0.7315
1.522972 0.7415
1.2220280000000001 0.7415
2.65

IMD3d1
4
1.6714239999999998 0.7315
2.165 0.7315
2.165 0.7415
1.6720279999999998 0.7415
2.65

IMD3d1
4
-2.165 0.7135
2.165 0.7135
2.165 0.7315
-2.165 0.7315
2.65

IMD5d1
4
-2.165 1.0875
2.165 1.0875
2.165 1.1055
-2.165 1.1055
2.65

FOXA+FOXB+TOX
4
-2.165 0.001
2.165 0.001
2.165 0.2665
-2.165 0.2665
4.0

ILD1a
4
-2.165 0.2665
2.165 0.2665
2.165 0.2765
-2.165 0.2765
7.0

ILD1b1+ILD1b2+ILD1b3
4
-2.165 0.2765
2.165 0.2765
2.165 0.3955
-2.165 0.3955
4.0

IMD1a
4
-2.165 0.3955
2.165 0.3955
2.165 0.4065
-2.165 0.4065
5.2

IMD1b
4
-2.165 0.4065
2.165 0.4065
2.165 0.4665
-2.165 0.4665
2.8

IMD2a
4
-2.165 0.4665
2.165 0.4665
2.165 0.4875
-2.165 0.4875
5.2

IMD2b
4
-2.165 0.4875
2.165 0.4875
2.165 0.5025
-2.165 0.5025
4.2

IMD2c
4
-2.165 0.5025
2.165 0.5025
2.165 0.5265
-2.165 0.5265
3.28

IMD2d1+IMD2d2
4
-2.165 0.5265
2.165 0.5265
2.165 0.6535
-2.165 0.6535
2.65

IMD3a
4
-2.165 0.6535
2.165 0.6535
2.165 0.6745
-2.165 0.6745
5.2

IMD3b
4
-2.165 0.6745
2.165 0.6745
2.165 0.6895
-2.165 0.6895
4.2

IMD3c
4
-2.165 0.6895
2.165 0.6895
2.165 0.7135
-2.165 0.7135
3.28

IMD4a
4
-2.165 0.8405
2.165 0.8405
2.165 0.8615
-2.165 0.8615
5.2

IMD4b
4
-2.165 0.8615
2.165 0.8615
2.165 0.8765
-2.165 0.8765
4.2

IMD4c
4
-2.165 0.8765
2.165 0.8765
2.165 0.9005
-2.165 0.9005
3.28

IMD4d1+IMD4d2
4
-2.165 0.9005
2.165 0.9005
2.165 1.0275
-2.165 1.0275
2.65

IMD5a
4
-2.165 1.0275
2.165 1.0275
2.165 1.0485
-2.165 1.0485
5.2

IMD5b
4
-2.165 1.0485
2.165 1.0485
2.165 1.0635
-2.165 1.0635
4.2

IMD5c
4
-2.165 1.0635
2.165 1.0635
2.165 1.0875
-2.165 1.0875
3.28


4
-2.165 0.001
2.165 0.001
2.165 1.1155
-2.165 1.1155

