c1
4
-0.01951 0.7415
0.01951 0.7415
0.02549 0.8405
-0.02549 0.8405

5
botleft
4
-5.0675 -0.001
0 -0.001
0 0.001
-5.0675 0.001

botright
4
0 -0.001
7.4525 -0.001
7.4525 0.001
0 0.001

c2
4
0.65549 0.7415
1.5495099999999997 0.7415
1.5554899999999998 0.8405
0.64951 0.8405

topleft
4
-5.0675 0.9285000000000001
0 0.9285000000000001
0 1.0275
-5.0675 1.0275

topright
4
0 0.9285000000000001
7.4525 0.9285000000000001
7.4525 1.0275
0 1.0275


30
IMD3d1_damage
4
-0.028924 0.7315
0.028924 0.7315
0.029528 0.7415
-0.029528 0.7415
3.1

IMD3d1_damage
4
0.6460760000000001 0.7315
1.5589239999999998 0.7315
1.5595279999999998 0.7415
0.645472 0.7415
3.1

IMD3d2_damage
4
-0.024519 0.7415
-0.01951 0.7415
-0.02549 0.8405
-0.030499 0.8405
2.9

IMD3d2_damage
4
0.01951 0.7415
0.024519 0.7415
0.030499 0.8405
0.02549 0.8405
2.9

IMD3d2_damage
4
0.650481 0.7415
0.65549 0.7415
0.64951 0.8405
0.644501 0.8405
2.9

IMD3d2_damage
4
1.5495099999999997 0.7415
1.5545189999999998 0.7415
1.5604989999999999 0.8405
1.5554899999999998 0.8405
2.9

IMD4d1_damage
4
-5.0675 0.9185000000000001
7.4525 0.9185000000000001
7.4525 0.9285000000000001
-5.0675 0.9285000000000001
3.1

IMD3d2
4
-5.0675 0.7415
-0.024519 0.7415
-0.030499 0.8405
-5.0675 0.8405
2.65

IMD3d2
4
0.024519 0.7415
0.650481 0.7415
0.644501 0.8405
0.030499 0.8405
2.65

IMD3d2
4
1.5545189999999998 0.7415
7.4525 0.7415
7.4525 0.8405
1.5604989999999999 0.8405
2.65

IMD3d1
4
-5.0675 0.7315
-0.028924 0.7315
-0.029528 0.7415
-5.0675 0.7415
2.65

IMD3d1
4
0.028924 0.7315
0.6460760000000001 0.7315
0.645472 0.7415
0.029528 0.7415
2.65

IMD3d1
4
1.5589239999999998 0.7315
7.4525 0.7315
7.4525 0.7415
1.5595279999999998 0.7415
2.65

IMD3d1
4
-5.0675 0.7135
7.4525 0.7135
7.4525 0.7315
-5.0675 0.7315
2.65

IMD4d1
4
-5.0675 0.9005
7.4525 0.9005
7.4525 0.9185000000000001
-5.0675 0.9185000000000001
2.65

FOXA+FOXB+TOX
4
-5.0675 0.001
7.4525 0.001
7.4525 0.2665
-5.0675 0.2665
4.0

ILD1a
4
-5.0675 0.2665
7.4525 0.2665
7.4525 0.2765
-5.0675 0.2765
7.0

ILD1b1+ILD1b2+ILD1b3
4
-5.0675 0.2765
7.4525 0.2765
7.4525 0.3955
-5.0675 0.3955
4.0

IMD1a
4
-5.0675 0.3955
7.4525 0.3955
7.4525 0.4065
-5.0675 0.4065
5.2

IMD1b
4
-5.0675 0.4065
7.4525 0.4065
7.4525 0.4665
-5.0675 0.4665
2.8

IMD2a
4
-5.0675 0.4665
7.4525 0.4665
7.4525 0.4875
-5.0675 0.4875
5.2

IMD2b
4
-5.0675 0.4875
7.4525 0.4875
7.4525 0.5025
-5.0675 0.5025
4.2

IMD2c
4
-5.0675 0.5025
7.4525 0.5025
7.4525 0.5265
-5.0675 0.5265
3.28

IMD2d1+IMD2d2
4
-5.0675 0.5265
7.4525 0.5265
7.4525 0.6535
-5.0675 0.6535
2.65

IMD3a
4
-5.0675 0.6535
7.4525 0.6535
7.4525 0.6745
-5.0675 0.6745
5.2

IMD3b
4
-5.0675 0.6745
7.4525 0.6745
7.4525 0.6895
-5.0675 0.6895
4.2

IMD3c
4
-5.0675 0.6895
7.4525 0.6895
7.4525 0.7135
-5.0675 0.7135
3.28

IMD4a
4
-5.0675 0.8405
7.4525 0.8405
7.4525 0.8615
-5.0675 0.8615
5.2

IMD4b
4
-5.0675 0.8615
7.4525 0.8615
7.4525 0.8765
-5.0675 0.8765
4.2

IMD4c
4
-5.0675 0.8765
7.4525 0.8765
7.4525 0.9005
-5.0675 0.9005
3.28


4
-5.0675 0.001
7.4525 0.001
7.4525 0.9285000000000001
-5.0675 0.9285000000000001

