botcenter
4
0 -0.001
1.2825 -0.001
1.2825 0.001
0 0.001

9
lEnv
4
-0.37951 0.7415
-0.34048999999999996 0.7415
-0.33451 0.8405
-0.38549 0.8405

c1
4
-0.019510000000000013 0.7415
0.019510000000000013 0.7415
0.025490000000000013 0.8405
-0.025490000000000013 0.8405

c2
4
0.8354899999999998 0.7415
1.7295099999999999 0.7415
1.73549 0.8405
0.8295099999999999 0.8405

rEnv
4
2.05049 0.7415
2.9445099999999997 0.7415
2.95049 0.8405
2.04451 0.8405

topleft
4
-0.8825000000000001 0.9285000000000001
0 0.9285000000000001
0 1.0275
-0.8825000000000001 1.0275

topcenter
4
0 0.9285000000000001
1.2825 0.9285000000000001
1.2825 1.0275
0 1.0275

topright
4
1.2825 0.9285000000000001
3.4475 0.9285000000000001
3.4475 1.0275
1.2825 1.0275

botleft
4
-0.8825000000000001 -0.001
0 -0.001
0 0.001
-0.8825000000000001 0.001

botright
4
1.2825 -0.001
3.4475 -0.001
3.4475 0.001
1.2825 0.001


40
IMD3d1_damage
4
-0.388924 0.7315
-0.331076 0.7315
-0.330472 0.7415
-0.389528 0.7415
3.1

IMD3d1_damage
4
-0.028924000000000012 0.7315
0.028924000000000012 0.7315
0.029528000000000013 0.7415
-0.029528000000000013 0.7415
3.1

IMD3d1_damage
4
0.8260759999999999 0.7315
1.738924 0.7315
1.739528 0.7415
0.8254719999999999 0.7415
3.1

IMD3d1_damage
4
2.041076 0.7315
2.9539239999999998 0.7315
2.954528 0.7415
2.040472 0.7415
3.1

IMD3d2_damage
4
-0.384519 0.7415
-0.37951 0.7415
-0.38549 0.8405
-0.390499 0.8405
2.9

IMD3d2_damage
4
-0.34048999999999996 0.7415
-0.335481 0.7415
-0.329501 0.8405
-0.33451 0.8405
2.9

IMD3d2_damage
4
-0.024519000000000013 0.7415
-0.019510000000000013 0.7415
-0.025490000000000013 0.8405
-0.030499000000000012 0.8405
2.9

IMD3d2_damage
4
0.019510000000000013 0.7415
0.024519000000000013 0.7415
0.030499000000000012 0.8405
0.025490000000000013 0.8405
2.9

IMD3d2_damage
4
0.8304809999999998 0.7415
0.8354899999999998 0.7415
0.8295099999999999 0.8405
0.8245009999999998 0.8405
2.9

IMD3d2_damage
4
1.7295099999999999 0.7415
1.734519 0.7415
1.740499 0.8405
1.73549 0.8405
2.9

IMD3d2_damage
4
2.045481 0.7415
2.05049 0.7415
2.04451 0.8405
2.039501 0.8405
2.9

IMD3d2_damage
4
2.9445099999999997 0.7415
2.9495189999999996 0.7415
2.9554989999999997 0.8405
2.95049 0.8405
2.9

IMD4d1_damage
4
-0.8825000000000001 0.9185000000000001
3.4475 0.9185000000000001
3.4475 0.9285000000000001
-0.8825000000000001 0.9285000000000001
3.1

IMD3d2
4
-0.8825000000000001 0.7415
-0.384519 0.7415
-0.390499 0.8405
-0.8825000000000001 0.8405
2.65

IMD3d2
4
-0.335481 0.7415
-0.024519000000000013 0.7415
-0.030499000000000012 0.8405
-0.329501 0.8405
2.65

IMD3d2
4
0.024519000000000013 0.7415
0.8304809999999998 0.7415
0.8245009999999998 0.8405
0.030499000000000012 0.8405
2.65

IMD3d2
4
1.734519 0.7415
2.045481 0.7415
2.039501 0.8405
1.740499 0.8405
2.65

IMD3d2
4
2.9495189999999996 0.7415
3.4475 0.7415
3.4475 0.8405
2.9554989999999997 0.8405
2.65

IMD3d1
4
-0.8825000000000001 0.7315
-0.388924 0.7315
-0.389528 0.7415
-0.8825000000000001 0.7415
2.65

IMD3d1
4
-0.331076 0.7315
-0.028924000000000012 0.7315
-0.029528000000000013 0.7415
-0.330472 0.7415
2.65

IMD3d1
4
0.028924000000000012 0.7315
0.8260759999999999 0.7315
0.8254719999999999 0.7415
0.029528000000000013 0.7415
2.65

IMD3d1
4
1.738924 0.7315
2.041076 0.7315
2.040472 0.7415
1.739528 0.7415
2.65

IMD3d1
4
2.9539239999999998 0.7315
3.4475 0.7315
3.4475 0.7415
2.954528 0.7415
2.65

IMD3d1
4
-0.8825000000000001 0.7135
3.4475 0.7135
3.4475 0.7315
-0.8825000000000001 0.7315
2.65

IMD4d1
4
-0.8825000000000001 0.9005
3.4475 0.9005
3.4475 0.9185000000000001
-0.8825000000000001 0.9185000000000001
2.65

FOXA+FOXB+TOX
4
-0.8825000000000001 0.001
3.4475 0.001
3.4475 0.2665
-0.8825000000000001 0.2665
4.0

ILD1a
4
-0.8825000000000001 0.2665
3.4475 0.2665
3.4475 0.2765
-0.8825000000000001 0.2765
7.0

ILD1b1+ILD1b2+ILD1b3
4
-0.8825000000000001 0.2765
3.4475 0.2765
3.4475 0.3955
-0.8825000000000001 0.3955
4.0

IMD1a
4
-0.8825000000000001 0.3955
3.4475 0.3955
3.4475 0.4065
-0.8825000000000001 0.4065
5.2

IMD1b
4
-0.8825000000000001 0.4065
3.4475 0.4065
3.4475 0.4665
-0.8825000000000001 0.4665
2.8

IMD2a
4
-0.8825000000000001 0.4665
3.4475 0.4665
3.4475 0.4875
-0.8825000000000001 0.4875
5.2

IMD2b
4
-0.8825000000000001 0.4875
3.4475 0.4875
3.4475 0.5025
-0.8825000000000001 0.5025
4.2

IMD2c
4
-0.8825000000000001 0.5025
3.4475 0.5025
3.4475 0.5265
-0.8825000000000001 0.5265
3.28

IMD2d1+IMD2d2
4
-0.8825000000000001 0.5265
3.4475 0.5265
3.4475 0.6535
-0.8825000000000001 0.6535
2.65

IMD3a
4
-0.8825000000000001 0.6535
3.4475 0.6535
3.4475 0.6745
-0.8825000000000001 0.6745
5.2

IMD3b
4
-0.8825000000000001 0.6745
3.4475 0.6745
3.4475 0.6895
-0.8825000000000001 0.6895
4.2

IMD3c
4
-0.8825000000000001 0.6895
3.4475 0.6895
3.4475 0.7135
-0.8825000000000001 0.7135
3.28

IMD4a
4
-0.8825000000000001 0.8405
3.4475 0.8405
3.4475 0.8615
-0.8825000000000001 0.8615
5.2

IMD4b
4
-0.8825000000000001 0.8615
3.4475 0.8615
3.4475 0.8765
-0.8825000000000001 0.8765
4.2

IMD4c
4
-0.8825000000000001 0.8765
3.4475 0.8765
3.4475 0.9005
-0.8825000000000001 0.9005
3.28


4
-0.8825000000000001 0.001
3.4475 0.001
3.4475 0.9285000000000001
-0.8825000000000001 0.9285000000000001

