botcenter
4
0 -0.001
0.6525 -0.001
0.6525 0.001
0 0.001

7
c1
4
-0.44700999999999996 0.7415
0.44700999999999996 0.7415
0.45298999999999995 0.8405
-0.45298999999999995 0.8405

c2
4
0.6329899999999998 0.7415
0.6720099999999999 0.7415
0.6779899999999999 0.8405
0.6270099999999998 0.8405

topleft
4
-6.35 1.1155
0 1.1155
0 1.2145
-6.35 1.2145

topcenter
4
0 1.1155
0.6525 1.1155
0.6525 1.2145
0 1.2145

topright
4
0.6525 1.1155
5.720000000000001 1.1155
5.720000000000001 1.2145
0.6525 1.2145

botleft
4
-6.35 -0.001
0 -0.001
0 0.001
-6.35 0.001

botright
4
0.6525 -0.001
5.720000000000001 -0.001
5.720000000000001 0.001
0.6525 0.001


34
IMD3d1_damage
4
-0.45642399999999994 0.7315
0.45642399999999994 0.7315
0.45702799999999993 0.7415
-0.45702799999999993 0.7415
3.1

IMD3d1_damage
4
0.6235759999999999 0.7315
0.6814239999999998 0.7315
0.6820279999999999 0.7415
0.6229719999999999 0.7415
3.1

IMD3d2_damage
4
-0.45201899999999995 0.7415
-0.44700999999999996 0.7415
-0.45298999999999995 0.8405
-0.45799899999999993 0.8405
2.9

IMD3d2_damage
4
0.44700999999999996 0.7415
0.45201899999999995 0.7415
0.45799899999999993 0.8405
0.45298999999999995 0.8405
2.9

IMD3d2_damage
4
0.6279809999999998 0.7415
0.6329899999999998 0.7415
0.6270099999999998 0.8405
0.6220009999999998 0.8405
2.9

IMD3d2_damage
4
0.6720099999999999 0.7415
0.6770189999999999 0.7415
0.6829989999999999 0.8405
0.6779899999999999 0.8405
2.9

IMD5d1_damage
4
-6.35 1.1055
5.720000000000001 1.1055
5.720000000000001 1.1155
-6.35 1.1155
3.1

IMD3d2
4
-6.35 0.7415
-0.45201899999999995 0.7415
-0.45799899999999993 0.8405
-6.35 0.8405
2.65

IMD3d2
4
0.45201899999999995 0.7415
0.6279809999999998 0.7415
0.6220009999999998 0.8405
0.45799899999999993 0.8405
2.65

IMD3d2
4
0.6770189999999999 0.7415
5.720000000000001 0.7415
5.720000000000001 0.8405
0.6829989999999999 0.8405
2.65

IMD3d1
4
-6.35 0.7315
-0.45642399999999994 0.7315
-0.45702799999999993 0.7415
-6.35 0.7415
2.65

IMD3d1
4
0.45642399999999994 0.7315
0.6235759999999999 0.7315
0.6229719999999999 0.7415
0.45702799999999993 0.7415
2.65

IMD3d1
4
0.6814239999999998 0.7315
5.720000000000001 0.7315
5.720000000000001 0.7415
0.6820279999999999 0.7415
2.65

IMD3d1
4
-6.35 0.7135
5.720000000000001 0.7135
5.720000000000001 0.7315
-6.35 0.7315
2.65

IMD5d1
4
-6.35 1.0875
5.720000000000001 1.0875
5.720000000000001 1.1055
-6.35 1.1055
2.65

FOXA+FOXB+TOX
4
-6.35 0.001
5.720000000000001 0.001
5.720000000000001 0.2665
-6.35 0.2665
4.0

ILD1a
4
-6.35 0.2665
5.720000000000001 0.2665
5.720000000000001 0.2765
-6.35 0.2765
7.0

ILD1b1+ILD1b2+ILD1b3
4
-6.35 0.2765
5.720000000000001 0.2765
5.720000000000001 0.3955
-6.35 0.3955
4.0

IMD1a
4
-6.35 0.3955
5.720000000000001 0.3955
5.720000000000001 0.4065
-6.35 0.4065
5.2

IMD1b
4
-6.35 0.4065
5.720000000000001 0.4065
5.720000000000001 0.4665
-6.35 0.4665
2.8

IMD2a
4
-6.35 0.4665
5.720000000000001 0.4665
5.720000000000001 0.4875
-6.35 0.4875
5.2

IMD2b
4
-6.35 0.4875
5.720000000000001 0.4875
5.720000000000001 0.5025
-6.35 0.5025
4.2

IMD2c
4
-6.35 0.5025
5.720000000000001 0.5025
5.720000000000001 0.5265
-6.35 0.5265
3.28

IMD2d1+IMD2d2
4
-6.35 0.5265
5.720000000000001 0.5265
5.720000000000001 0.6535
-6.35 0.6535
2.65

IMD3a
4
-6.35 0.6535
5.720000000000001 0.6535
5.720000000000001 0.6745
-6.35 0.6745
5.2

IMD3b
4
-6.35 0.6745
5.720000000000001 0.6745
5.720000000000001 0.6895
-6.35 0.6895
4.2

IMD3c
4
-6.35 0.6895
5.720000000000001 0.6895
5.720000000000001 0.7135
-6.35 0.7135
3.28

IMD4a
4
-6.35 0.8405
5.720000000000001 0.8405
5.720000000000001 0.8615
-6.35 0.8615
5.2

IMD4b
4
-6.35 0.8615
5.720000000000001 0.8615
5.720000000000001 0.8765
-6.35 0.8765
4.2

IMD4c
4
-6.35 0.8765
5.720000000000001 0.8765
5.720000000000001 0.9005
-6.35 0.9005
3.28

IMD4d1+IMD4d2
4
-6.35 0.9005
5.720000000000001 0.9005
5.720000000000001 1.0275
-6.35 1.0275
2.65

IMD5a
4
-6.35 1.0275
5.720000000000001 1.0275
5.720000000000001 1.0485
-6.35 1.0485
5.2

IMD5b
4
-6.35 1.0485
5.720000000000001 1.0485
5.720000000000001 1.0635
-6.35 1.0635
4.2

IMD5c
4
-6.35 1.0635
5.720000000000001 1.0635
5.720000000000001 1.0875
-6.35 1.0875
3.28


4
-6.35 0.001
5.720000000000001 0.001
5.720000000000001 1.1155
-6.35 1.1155

