botcenter
4
0 -0.001
0.36 -0.001
0.36 0.001
0 0.001

7
c1
4
-0.06451000000000001 0.7415
0.06451000000000001 0.7415
0.07049000000000001 0.8405
-0.07049000000000001 0.8405

c2
4
0.29549 0.7415
0.42451 0.7415
0.43049 0.8405
0.28951 0.8405

topleft
4
-5.202500000000001 0.9285000000000001
0 0.9285000000000001
0 1.0275
-5.202500000000001 1.0275

topcenter
4
0 0.9285000000000001
0.36 0.9285000000000001
0.36 1.0275
0 1.0275

topright
4
0.36 0.9285000000000001
5.5625 0.9285000000000001
5.5625 1.0275
0.36 1.0275

botleft
4
-5.202500000000001 -0.001
0 -0.001
0 0.001
-5.202500000000001 0.001

botright
4
0.36 -0.001
5.5625 -0.001
5.5625 0.001
0.36 0.001


30
IMD3d1_damage
4
-0.07392400000000002 0.7315
0.07392400000000002 0.7315
0.07452800000000001 0.7415
-0.07452800000000001 0.7415
3.1

IMD3d1_damage
4
0.286076 0.7315
0.433924 0.7315
0.43452799999999997 0.7415
0.285472 0.7415
3.1

IMD3d2_damage
4
-0.06951900000000001 0.7415
-0.06451000000000001 0.7415
-0.07049000000000001 0.8405
-0.07549900000000001 0.8405
2.9

IMD3d2_damage
4
0.06451000000000001 0.7415
0.06951900000000001 0.7415
0.07549900000000001 0.8405
0.07049000000000001 0.8405
2.9

IMD3d2_damage
4
0.290481 0.7415
0.29549 0.7415
0.28951 0.8405
0.284501 0.8405
2.9

IMD3d2_damage
4
0.42451 0.7415
0.429519 0.7415
0.43549899999999997 0.8405
0.43049 0.8405
2.9

IMD4d1_damage
4
-5.202500000000001 0.9185000000000001
5.5625 0.9185000000000001
5.5625 0.9285000000000001
-5.202500000000001 0.9285000000000001
3.1

IMD3d2
4
-5.202500000000001 0.7415
-0.06951900000000001 0.7415
-0.07549900000000001 0.8405
-5.202500000000001 0.8405
2.65

IMD3d2
4
0.06951900000000001 0.7415
0.290481 0.7415
0.284501 0.8405
0.07549900000000001 0.8405
2.65

IMD3d2
4
0.429519 0.7415
5.5625 0.7415
5.5625 0.8405
0.43549899999999997 0.8405
2.65

IMD3d1
4
-5.202500000000001 0.7315
-0.07392400000000002 0.7315
-0.07452800000000001 0.7415
-5.202500000000001 0.7415
2.65

IMD3d1
4
0.07392400000000002 0.7315
0.286076 0.7315
0.285472 0.7415
0.07452800000000001 0.7415
2.65

IMD3d1
4
0.433924 0.7315
5.5625 0.7315
5.5625 0.7415
0.43452799999999997 0.7415
2.65

IMD3d1
4
-5.202500000000001 0.7135
5.5625 0.7135
5.5625 0.7315
-5.202500000000001 0.7315
2.65

IMD4d1
4
-5.202500000000001 0.9005
5.5625 0.9005
5.5625 0.9185000000000001
-5.202500000000001 0.9185000000000001
2.65

FOXA+FOXB+TOX
4
-5.202500000000001 0.001
5.5625 0.001
5.5625 0.2665
-5.202500000000001 0.2665
4.0

ILD1a
4
-5.202500000000001 0.2665
5.5625 0.2665
5.5625 0.2765
-5.202500000000001 0.2765
7.0

ILD1b1+ILD1b2+ILD1b3
4
-5.202500000000001 0.2765
5.5625 0.2765
5.5625 0.3955
-5.202500000000001 0.3955
4.0

IMD1a
4
-5.202500000000001 0.3955
5.5625 0.3955
5.5625 0.4065
-5.202500000000001 0.4065
5.2

IMD1b
4
-5.202500000000001 0.4065
5.5625 0.4065
5.5625 0.4665
-5.202500000000001 0.4665
2.8

IMD2a
4
-5.202500000000001 0.4665
5.5625 0.4665
5.5625 0.4875
-5.202500000000001 0.4875
5.2

IMD2b
4
-5.202500000000001 0.4875
5.5625 0.4875
5.5625 0.5025
-5.202500000000001 0.5025
4.2

IMD2c
4
-5.202500000000001 0.5025
5.5625 0.5025
5.5625 0.5265
-5.202500000000001 0.5265
3.28

IMD2d1+IMD2d2
4
-5.202500000000001 0.5265
5.5625 0.5265
5.5625 0.6535
-5.202500000000001 0.6535
2.65

IMD3a
4
-5.202500000000001 0.6535
5.5625 0.6535
5.5625 0.6745
-5.202500000000001 0.6745
5.2

IMD3b
4
-5.202500000000001 0.6745
5.5625 0.6745
5.5625 0.6895
-5.202500000000001 0.6895
4.2

IMD3c
4
-5.202500000000001 0.6895
5.5625 0.6895
5.5625 0.7135
-5.202500000000001 0.7135
3.28

IMD4a
4
-5.202500000000001 0.8405
5.5625 0.8405
5.5625 0.8615
-5.202500000000001 0.8615
5.2

IMD4b
4
-5.202500000000001 0.8615
5.5625 0.8615
5.5625 0.8765
-5.202500000000001 0.8765
4.2

IMD4c
4
-5.202500000000001 0.8765
5.5625 0.8765
5.5625 0.9005
-5.202500000000001 0.9005
3.28


4
-5.202500000000001 0.001
5.5625 0.001
5.5625 0.9285000000000001
-5.202500000000001 0.9285000000000001

