c1
4
-0.44700999999999996 0.7415
0.44700999999999996 0.7415
0.45298999999999995 0.8405
-0.45298999999999995 0.8405

5
botleft
4
-6.35 -0.001
0 -0.001
0 0.001
-6.35 0.001

botright
4
0 -0.001
7.475 -0.001
7.475 0.001
0 0.001

c2
4
0.6779899999999998 0.7415
1.5720099999999995 0.7415
1.5779899999999996 0.8405
0.6720099999999998 0.8405

topleft
4
-6.35 0.9285000000000001
0 0.9285000000000001
0 1.0275
-6.35 1.0275

topright
4
0 0.9285000000000001
7.475 0.9285000000000001
7.475 1.0275
0 1.0275


30
IMD3d1_damage
4
-0.45642399999999994 0.7315
0.45642399999999994 0.7315
0.45702799999999993 0.7415
-0.45702799999999993 0.7415
3.1

IMD3d1_damage
4
0.6685759999999998 0.7315
1.5814239999999995 0.7315
1.5820279999999995 0.7415
0.6679719999999998 0.7415
3.1

IMD3d2_damage
4
-0.45201899999999995 0.7415
-0.44700999999999996 0.7415
-0.45298999999999995 0.8405
-0.45799899999999993 0.8405
2.9

IMD3d2_damage
4
0.44700999999999996 0.7415
0.45201899999999995 0.7415
0.45799899999999993 0.8405
0.45298999999999995 0.8405
2.9

IMD3d2_damage
4
0.6729809999999997 0.7415
0.6779899999999998 0.7415
0.6720099999999998 0.8405
0.6670009999999997 0.8405
2.9

IMD3d2_damage
4
1.5720099999999995 0.7415
1.5770189999999995 0.7415
1.5829989999999996 0.8405
1.5779899999999996 0.8405
2.9

IMD4d1_damage
4
-6.35 0.9185000000000001
7.475 0.9185000000000001
7.475 0.9285000000000001
-6.35 0.9285000000000001
3.1

IMD3d2
4
-6.35 0.7415
-0.45201899999999995 0.7415
-0.45799899999999993 0.8405
-6.35 0.8405
2.65

IMD3d2
4
0.45201899999999995 0.7415
0.6729809999999997 0.7415
0.6670009999999997 0.8405
0.45799899999999993 0.8405
2.65

IMD3d2
4
1.5770189999999995 0.7415
7.475 0.7415
7.475 0.8405
1.5829989999999996 0.8405
2.65

IMD3d1
4
-6.35 0.7315
-0.45642399999999994 0.7315
-0.45702799999999993 0.7415
-6.35 0.7415
2.65

IMD3d1
4
0.45642399999999994 0.7315
0.6685759999999998 0.7315
0.6679719999999998 0.7415
0.45702799999999993 0.7415
2.65

IMD3d1
4
1.5814239999999995 0.7315
7.475 0.7315
7.475 0.7415
1.5820279999999995 0.7415
2.65

IMD3d1
4
-6.35 0.7135
7.475 0.7135
7.475 0.7315
-6.35 0.7315
2.65

IMD4d1
4
-6.35 0.9005
7.475 0.9005
7.475 0.9185000000000001
-6.35 0.9185000000000001
2.65

FOXA+FOXB+TOX
4
-6.35 0.001
7.475 0.001
7.475 0.2665
-6.35 0.2665
4.0

ILD1a
4
-6.35 0.2665
7.475 0.2665
7.475 0.2765
-6.35 0.2765
7.0

ILD1b1+ILD1b2+ILD1b3
4
-6.35 0.2765
7.475 0.2765
7.475 0.3955
-6.35 0.3955
4.0

IMD1a
4
-6.35 0.3955
7.475 0.3955
7.475 0.4065
-6.35 0.4065
5.2

IMD1b
4
-6.35 0.4065
7.475 0.4065
7.475 0.4665
-6.35 0.4665
2.8

IMD2a
4
-6.35 0.4665
7.475 0.4665
7.475 0.4875
-6.35 0.4875
5.2

IMD2b
4
-6.35 0.4875
7.475 0.4875
7.475 0.5025
-6.35 0.5025
4.2

IMD2c
4
-6.35 0.5025
7.475 0.5025
7.475 0.5265
-6.35 0.5265
3.28

IMD2d1+IMD2d2
4
-6.35 0.5265
7.475 0.5265
7.475 0.6535
-6.35 0.6535
2.65

IMD3a
4
-6.35 0.6535
7.475 0.6535
7.475 0.6745
-6.35 0.6745
5.2

IMD3b
4
-6.35 0.6745
7.475 0.6745
7.475 0.6895
-6.35 0.6895
4.2

IMD3c
4
-6.35 0.6895
7.475 0.6895
7.475 0.7135
-6.35 0.7135
3.28

IMD4a
4
-6.35 0.8405
7.475 0.8405
7.475 0.8615
-6.35 0.8615
5.2

IMD4b
4
-6.35 0.8615
7.475 0.8615
7.475 0.8765
-6.35 0.8765
4.2

IMD4c
4
-6.35 0.8765
7.475 0.8765
7.475 0.9005
-6.35 0.9005
3.28


4
-6.35 0.001
7.475 0.001
7.475 0.9285000000000001
-6.35 0.9285000000000001

