c1
4
-0.06451000000000005 0.7415
0.06450999999999994 0.7415
0.07048999999999994 0.8405
-0.07049000000000005 0.8405

5
botleft
4
-1.1975000000000002 -0.001
0 -0.001
0 0.001
-1.1975000000000002 0.001

botright
4
0 -0.001
5.6525 -0.001
5.6525 0.001
0 0.001

lEnv
4
-0.5145100000000001 0.7415
-0.3854900000000001 0.7415
-0.3795100000000001 0.8405
-0.5204900000000001 0.8405

topleft
4
-1.1975000000000002 1.1155
0 1.1155
0 1.2145
-1.1975000000000002 1.2145

topright
4
0 1.1155
5.6525 1.1155
5.6525 1.2145
0 1.2145


35
IMD3d1_damage
4
-0.5239240000000001 0.7315
-0.37607600000000013 0.7315
-0.37547200000000014 0.7415
-0.5245280000000001 0.7415
3.1

IMD3d1_damage
4
-0.07392400000000006 0.7315
0.07392399999999995 0.7315
0.07452799999999994 0.7415
-0.07452800000000005 0.7415
3.1

IMD3d2_damage
4
-0.5195190000000002 0.7415
-0.5145100000000001 0.7415
-0.5204900000000001 0.8405
-0.5254990000000002 0.8405
2.9

IMD3d2_damage
4
-0.3854900000000001 0.7415
-0.3804810000000001 0.7415
-0.37450100000000014 0.8405
-0.3795100000000001 0.8405
2.9

IMD3d2_damage
4
-0.06951900000000005 0.7415
-0.06451000000000005 0.7415
-0.07049000000000005 0.8405
-0.07549900000000005 0.8405
2.9

IMD3d2_damage
4
0.06450999999999994 0.7415
0.06951899999999994 0.7415
0.07549899999999994 0.8405
0.07048999999999994 0.8405
2.9

IMD5d1_damage
4
-1.1975000000000002 1.1055
4.455 1.1055
4.455 1.1155
-1.1975000000000002 1.1155
3.1

IMD3d2
4
-1.1975000000000002 0.7415
-0.5195190000000002 0.7415
-0.5254990000000002 0.8405
-1.1975000000000002 0.8405
2.65

IMD3d2
4
-0.3804810000000001 0.7415
-0.06951900000000005 0.7415
-0.07549900000000005 0.8405
-0.37450100000000014 0.8405
2.65

IMD3d2
4
0.06951899999999994 0.7415
5.6525 0.7415
5.6525 0.8405
0.07549899999999994 0.8405
2.65

IMD3d1
4
-1.1975000000000002 0.7315
-0.5239240000000001 0.7315
-0.5245280000000001 0.7415
-1.1975000000000002 0.7415
2.65

IMD3d1
4
-0.37607600000000013 0.7315
-0.07392400000000006 0.7315
-0.07452800000000005 0.7415
-0.37547200000000014 0.7415
2.65

IMD3d1
4
0.07392399999999995 0.7315
5.6525 0.7315
5.6525 0.7415
0.07452799999999994 0.7415
2.65

IMD3d1
4
-1.1975000000000002 0.7135
5.6525 0.7135
5.6525 0.7315
-1.1975000000000002 0.7315
2.65

IMD5d1
4
-1.1975000000000002 1.0875
4.455 1.0875
4.455 1.1055
-1.1975000000000002 1.1055
2.65

IMD5d1
4
4.455 1.1055
5.6525 1.1055
5.6525 1.1155
4.455 1.1155
2.65

FOXA+FOXB+TOX
4
-1.1975000000000002 0.001
5.6525 0.001
5.6525 0.2665
-1.1975000000000002 0.2665
4.0

ILD1a
4
-1.1975000000000002 0.2665
5.6525 0.2665
5.6525 0.2765
-1.1975000000000002 0.2765
7.0

ILD1b1+ILD1b2+ILD1b3
4
-1.1975000000000002 0.2765
5.6525 0.2765
5.6525 0.3955
-1.1975000000000002 0.3955
4.0

IMD1a
4
-1.1975000000000002 0.3955
5.6525 0.3955
5.6525 0.4065
-1.1975000000000002 0.4065
5.2

IMD1b
4
-1.1975000000000002 0.4065
5.6525 0.4065
5.6525 0.4665
-1.1975000000000002 0.4665
2.8

IMD2a
4
-1.1975000000000002 0.4665
5.6525 0.4665
5.6525 0.4875
-1.1975000000000002 0.4875
5.2

IMD2b
4
-1.1975000000000002 0.4875
5.6525 0.4875
5.6525 0.5025
-1.1975000000000002 0.5025
4.2

IMD2c
4
-1.1975000000000002 0.5025
5.6525 0.5025
5.6525 0.5265
-1.1975000000000002 0.5265
3.28

IMD2d1+IMD2d2
4
-1.1975000000000002 0.5265
5.6525 0.5265
5.6525 0.6535
-1.1975000000000002 0.6535
2.65

IMD3a
4
-1.1975000000000002 0.6535
5.6525 0.6535
5.6525 0.6745
-1.1975000000000002 0.6745
5.2

IMD3b
4
-1.1975000000000002 0.6745
5.6525 0.6745
5.6525 0.6895
-1.1975000000000002 0.6895
4.2

IMD3c
4
-1.1975000000000002 0.6895
5.6525 0.6895
5.6525 0.7135
-1.1975000000000002 0.7135
3.28

IMD4a
4
-1.1975000000000002 0.8405
5.6525 0.8405
5.6525 0.8615
-1.1975000000000002 0.8615
5.2

IMD4b
4
-1.1975000000000002 0.8615
5.6525 0.8615
5.6525 0.8765
-1.1975000000000002 0.8765
4.2

IMD4c
4
-1.1975000000000002 0.8765
5.6525 0.8765
5.6525 0.9005
-1.1975000000000002 0.9005
3.28

IMD4d1+IMD4d2
4
-1.1975000000000002 0.9005
5.6525 0.9005
5.6525 1.0275
-1.1975000000000002 1.0275
2.65

IMD5a
4
-1.1975000000000002 1.0275
5.6525 1.0275
5.6525 1.0485
-1.1975000000000002 1.0485
5.2

IMD5b
4
-1.1975000000000002 1.0485
5.6525 1.0485
5.6525 1.0635
-1.1975000000000002 1.0635
4.2

IMD5c
4
-1.1975000000000002 1.0635
5.6525 1.0635
5.6525 1.0875
-1.1975000000000002 1.0875
3.28


4
-1.1975000000000002 0.001
5.6525 0.001
5.6525 1.1155
-1.1975000000000002 1.1155

