c1
4
-0.44701 0.7415
0.44701 0.7415
0.45299 0.8405
-0.45299 0.8405

7
botleft
4
-1.8949999999999998 -0.001
0 -0.001
0 0.001
-1.8949999999999998 0.001

botright
4
0 -0.001
1.4449999999999996 -0.001
1.4449999999999996 0.001
0 0.001

lEnv
4
-1.3920099999999997 0.7415
-0.49798999999999993 0.7415
-0.49200999999999995 0.8405
-1.3979899999999998 0.8405

c2
4
0.63299 0.7415
0.76201 0.7415
0.76799 0.8405
0.6270100000000001 0.8405

rEnv
4
0.8129899999999998 0.7415
0.9420099999999997 0.7415
0.9479899999999997 0.8405
0.8070099999999998 0.8405

topleft
4
-1.8949999999999998 1.3025
0 1.3025
0 1.4015
-1.8949999999999998 1.4015

topright
4
0 1.3025
1.4449999999999996 1.3025
1.4449999999999996 1.4015
0 1.4015


48
IMD3d1_damage
4
-1.4014239999999998 0.7315
-0.48857599999999995 0.7315
-0.48797199999999996 0.7415
-1.4020279999999998 0.7415
3.1

IMD3d1_damage
4
-0.456424 0.7315
0.456424 0.7315
0.457028 0.7415
-0.457028 0.7415
3.1

IMD3d1_damage
4
0.6235760000000001 0.7315
0.7714239999999999 0.7315
0.7720279999999999 0.7415
0.6229720000000001 0.7415
3.1

IMD3d1_damage
4
0.8035759999999998 0.7315
0.9514239999999996 0.7315
0.9520279999999997 0.7415
0.8029719999999998 0.7415
3.1

IMD3d2_damage
4
-1.3970189999999998 0.7415
-1.3920099999999997 0.7415
-1.3979899999999998 0.8405
-1.4029989999999999 0.8405
2.9

IMD3d2_damage
4
-0.49798999999999993 0.7415
-0.49298099999999995 0.7415
-0.48700099999999996 0.8405
-0.49200999999999995 0.8405
2.9

IMD3d2_damage
4
-0.452019 0.7415
-0.44701 0.7415
-0.45299 0.8405
-0.457999 0.8405
2.9

IMD3d2_damage
4
0.44701 0.7415
0.452019 0.7415
0.457999 0.8405
0.45299 0.8405
2.9

IMD3d2_damage
4
0.627981 0.7415
0.63299 0.7415
0.6270100000000001 0.8405
0.622001 0.8405
2.9

IMD3d2_damage
4
0.76201 0.7415
0.767019 0.7415
0.772999 0.8405
0.76799 0.8405
2.9

IMD3d2_damage
4
0.8079809999999997 0.7415
0.8129899999999998 0.7415
0.8070099999999998 0.8405
0.8020009999999997 0.8405
2.9

IMD3d2_damage
4
0.9420099999999997 0.7415
0.9470189999999997 0.7415
0.9529989999999997 0.8405
0.9479899999999997 0.8405
2.9

IMD6d1_damage
4
-1.8949999999999998 1.2925
1.4449999999999996 1.2925
1.4449999999999996 1.3025
-1.8949999999999998 1.3025
3.1

IMD3d2
4
-1.8949999999999998 0.7415
-1.3970189999999998 0.7415
-1.4029989999999999 0.8405
-1.8949999999999998 0.8405
2.65

IMD3d2
4
-0.49298099999999995 0.7415
-0.452019 0.7415
-0.457999 0.8405
-0.48700099999999996 0.8405
2.65

IMD3d2
4
0.452019 0.7415
0.627981 0.7415
0.622001 0.8405
0.457999 0.8405
2.65

IMD3d2
4
0.767019 0.7415
0.8079809999999997 0.7415
0.8020009999999997 0.8405
0.772999 0.8405
2.65

IMD3d2
4
0.9470189999999997 0.7415
1.4449999999999996 0.7415
1.4449999999999996 0.8405
0.9529989999999997 0.8405
2.65

IMD3d1
4
-1.8949999999999998 0.7315
-1.4014239999999998 0.7315
-1.4020279999999998 0.7415
-1.8949999999999998 0.7415
2.65

IMD3d1
4
-0.48857599999999995 0.7315
-0.456424 0.7315
-0.457028 0.7415
-0.48797199999999996 0.7415
2.65

IMD3d1
4
0.456424 0.7315
0.6235760000000001 0.7315
0.6229720000000001 0.7415
0.457028 0.7415
2.65

IMD3d1
4
0.7714239999999999 0.7315
0.8035759999999998 0.7315
0.8029719999999998 0.7415
0.7720279999999999 0.7415
2.65

IMD3d1
4
0.9514239999999996 0.7315
1.4449999999999996 0.7315
1.4449999999999996 0.7415
0.9520279999999997 0.7415
2.65

IMD3d1
4
-1.8949999999999998 0.7135
1.4449999999999996 0.7135
1.4449999999999996 0.7315
-1.8949999999999998 0.7315
2.65

IMD6d1
4
-1.8949999999999998 1.2745
1.4449999999999996 1.2745
1.4449999999999996 1.2925
-1.8949999999999998 1.2925
2.65

FOXA+FOXB+TOX
4
-1.8949999999999998 0.001
1.4449999999999996 0.001
1.4449999999999996 0.2665
-1.8949999999999998 0.2665
4.0

ILD1a
4
-1.8949999999999998 0.2665
1.4449999999999996 0.2665
1.4449999999999996 0.2765
-1.8949999999999998 0.2765
7.0

ILD1b1+ILD1b2+ILD1b3
4
-1.8949999999999998 0.2765
1.4449999999999996 0.2765
1.4449999999999996 0.3955
-1.8949999999999998 0.3955
4.0

IMD1a
4
-1.8949999999999998 0.3955
1.4449999999999996 0.3955
1.4449999999999996 0.4065
-1.8949999999999998 0.4065
5.2

IMD1b
4
-1.8949999999999998 0.4065
1.4449999999999996 0.4065
1.4449999999999996 0.4665
-1.8949999999999998 0.4665
2.8

IMD2a
4
-1.8949999999999998 0.4665
1.4449999999999996 0.4665
1.4449999999999996 0.4875
-1.8949999999999998 0.4875
5.2

IMD2b
4
-1.8949999999999998 0.4875
1.4449999999999996 0.4875
1.4449999999999996 0.5025
-1.8949999999999998 0.5025
4.2

IMD2c
4
-1.8949999999999998 0.5025
1.4449999999999996 0.5025
1.4449999999999996 0.5265
-1.8949999999999998 0.5265
3.28

IMD2d1+IMD2d2
4
-1.8949999999999998 0.5265
1.4449999999999996 0.5265
1.4449999999999996 0.6535
-1.8949999999999998 0.6535
2.65

IMD3a
4
-1.8949999999999998 0.6535
1.4449999999999996 0.6535
1.4449999999999996 0.6745
-1.8949999999999998 0.6745
5.2

IMD3b
4
-1.8949999999999998 0.6745
1.4449999999999996 0.6745
1.4449999999999996 0.6895
-1.8949999999999998 0.6895
4.2

IMD3c
4
-1.8949999999999998 0.6895
1.4449999999999996 0.6895
1.4449999999999996 0.7135
-1.8949999999999998 0.7135
3.28

IMD4a
4
-1.8949999999999998 0.8405
1.4449999999999996 0.8405
1.4449999999999996 0.8615
-1.8949999999999998 0.8615
5.2

IMD4b
4
-1.8949999999999998 0.8615
1.4449999999999996 0.8615
1.4449999999999996 0.8765
-1.8949999999999998 0.8765
4.2

IMD4c
4
-1.8949999999999998 0.8765
1.4449999999999996 0.8765
1.4449999999999996 0.9005
-1.8949999999999998 0.9005
3.28

IMD4d1+IMD4d2
4
-1.8949999999999998 0.9005
1.4449999999999996 0.9005
1.4449999999999996 1.0275
-1.8949999999999998 1.0275
2.65

IMD5a
4
-1.8949999999999998 1.0275
1.4449999999999996 1.0275
1.4449999999999996 1.0485
-1.8949999999999998 1.0485
5.2

IMD5b
4
-1.8949999999999998 1.0485
1.4449999999999996 1.0485
1.4449999999999996 1.0635
-1.8949999999999998 1.0635
4.2

IMD5c
4
-1.8949999999999998 1.0635
1.4449999999999996 1.0635
1.4449999999999996 1.0875
-1.8949999999999998 1.0875
3.28

IMD5d1+IMD5d2
4
-1.8949999999999998 1.0875
1.4449999999999996 1.0875
1.4449999999999996 1.2145
-1.8949999999999998 1.2145
2.65

IMD6a
4
-1.8949999999999998 1.2145
1.4449999999999996 1.2145
1.4449999999999996 1.2355
-1.8949999999999998 1.2355
5.2

IMD6b
4
-1.8949999999999998 1.2355
1.4449999999999996 1.2355
1.4449999999999996 1.2505
-1.8949999999999998 1.2505
4.2

IMD6c
4
-1.8949999999999998 1.2505
1.4449999999999996 1.2505
1.4449999999999996 1.2745
-1.8949999999999998 1.2745
3.28


4
-1.8949999999999998 0.001
1.4449999999999996 0.001
1.4449999999999996 1.3025
-1.8949999999999998 1.3025

