botcenter
4
0 -0.001
6.035 -0.001
6.035 0.001
0 0.001

5
lEnv
4
-1.6620099999999998 0.7415
-0.76799 0.7415
-0.76201 0.8405
-1.6679899999999999 0.8405

c1
4
-0.44701 0.7415
0.44701 0.7415
0.45299 0.8405
-0.45299 0.8405

topleft
4
-3.875 1.3025
0 1.3025
0 1.4015
-3.875 1.4015

topcenter
4
0 1.3025
6.035 1.3025
6.035 1.4015
0 1.4015

botleft
4
-3.875 -0.001
0 -0.001
0 0.001
-3.875 0.001


39
IMD3d1_damage
4
-1.6714239999999998 0.7315
-0.758576 0.7315
-0.757972 0.7415
-1.6720279999999998 0.7415
3.1

IMD3d1_damage
4
-0.456424 0.7315
0.456424 0.7315
0.457028 0.7415
-0.457028 0.7415
3.1

IMD3d2_damage
4
-1.6670189999999998 0.7415
-1.6620099999999998 0.7415
-1.6679899999999999 0.8405
-1.672999 0.8405
2.9

IMD3d2_damage
4
-0.76799 0.7415
-0.7629809999999999 0.7415
-0.7570009999999999 0.8405
-0.76201 0.8405
2.9

IMD3d2_damage
4
-0.452019 0.7415
-0.44701 0.7415
-0.45299 0.8405
-0.457999 0.8405
2.9

IMD3d2_damage
4
0.44701 0.7415
0.452019 0.7415
0.457999 0.8405
0.45299 0.8405
2.9

IMD6d1_damage
4
-3.875 1.2925
2.16 1.2925
2.16 1.3025
-3.875 1.3025
3.1

IMD3d2
4
-3.875 0.7415
-1.6670189999999998 0.7415
-1.672999 0.8405
-3.875 0.8405
2.65

IMD3d2
4
-0.7629809999999999 0.7415
-0.452019 0.7415
-0.457999 0.8405
-0.7570009999999999 0.8405
2.65

IMD3d2
4
0.452019 0.7415
6.035 0.7415
6.035 0.8405
0.457999 0.8405
2.65

IMD3d1
4
-3.875 0.7315
-1.6714239999999998 0.7315
-1.6720279999999998 0.7415
-3.875 0.7415
2.65

IMD3d1
4
-0.758576 0.7315
-0.456424 0.7315
-0.457028 0.7415
-0.757972 0.7415
2.65

IMD3d1
4
0.456424 0.7315
6.035 0.7315
6.035 0.7415
0.457028 0.7415
2.65

IMD3d1
4
-3.875 0.7135
6.035 0.7135
6.035 0.7315
-3.875 0.7315
2.65

IMD6d1
4
-3.875 1.2745
2.16 1.2745
2.16 1.2925
-3.875 1.2925
2.65

IMD6d1
4
2.16 1.2925
6.035 1.2925
6.035 1.3025
2.16 1.3025
2.65

FOXA+FOXB+TOX
4
-3.875 0.001
6.035 0.001
6.035 0.2665
-3.875 0.2665
4.0

ILD1a
4
-3.875 0.2665
6.035 0.2665
6.035 0.2765
-3.875 0.2765
7.0

ILD1b1+ILD1b2+ILD1b3
4
-3.875 0.2765
6.035 0.2765
6.035 0.3955
-3.875 0.3955
4.0

IMD1a
4
-3.875 0.3955
6.035 0.3955
6.035 0.4065
-3.875 0.4065
5.2

IMD1b
4
-3.875 0.4065
6.035 0.4065
6.035 0.4665
-3.875 0.4665
2.8

IMD2a
4
-3.875 0.4665
6.035 0.4665
6.035 0.4875
-3.875 0.4875
5.2

IMD2b
4
-3.875 0.4875
6.035 0.4875
6.035 0.5025
-3.875 0.5025
4.2

IMD2c
4
-3.875 0.5025
6.035 0.5025
6.035 0.5265
-3.875 0.5265
3.28

IMD2d1+IMD2d2
4
-3.875 0.5265
6.035 0.5265
6.035 0.6535
-3.875 0.6535
2.65

IMD3a
4
-3.875 0.6535
6.035 0.6535
6.035 0.6745
-3.875 0.6745
5.2

IMD3b
4
-3.875 0.6745
6.035 0.6745
6.035 0.6895
-3.875 0.6895
4.2

IMD3c
4
-3.875 0.6895
6.035 0.6895
6.035 0.7135
-3.875 0.7135
3.28

IMD4a
4
-3.875 0.8405
6.035 0.8405
6.035 0.8615
-3.875 0.8615
5.2

IMD4b
4
-3.875 0.8615
6.035 0.8615
6.035 0.8765
-3.875 0.8765
4.2

IMD4c
4
-3.875 0.8765
6.035 0.8765
6.035 0.9005
-3.875 0.9005
3.28

IMD4d1+IMD4d2
4
-3.875 0.9005
6.035 0.9005
6.035 1.0275
-3.875 1.0275
2.65

IMD5a
4
-3.875 1.0275
6.035 1.0275
6.035 1.0485
-3.875 1.0485
5.2

IMD5b
4
-3.875 1.0485
6.035 1.0485
6.035 1.0635
-3.875 1.0635
4.2

IMD5c
4
-3.875 1.0635
6.035 1.0635
6.035 1.0875
-3.875 1.0875
3.28

IMD5d1+IMD5d2
4
-3.875 1.0875
6.035 1.0875
6.035 1.2145
-3.875 1.2145
2.65

IMD6a
4
-3.875 1.2145
6.035 1.2145
6.035 1.2355
-3.875 1.2355
5.2

IMD6b
4
-3.875 1.2355
6.035 1.2355
6.035 1.2505
-3.875 1.2505
4.2

IMD6c
4
-3.875 1.2505
6.035 1.2505
6.035 1.2745
-3.875 1.2745
3.28


4
-3.875 0.001
6.035 0.001
6.035 1.3025
-3.875 1.3025

