botcenter
4
0 -0.001
0.5625 -0.001
0.5625 0.001
0 0.001

9
lEnv
4
-0.5145100000000001 0.7415
-0.3854900000000001 0.7415
-0.3795100000000001 0.8405
-0.5204900000000001 0.8405

c1
4
-0.06451000000000005 0.7415
0.06450999999999994 0.7415
0.07048999999999994 0.8405
-0.07049000000000005 0.8405

c2
4
0.11549 0.7415
1.0095099999999997 0.7415
1.0154899999999998 0.8405
0.10951 0.8405

rEnv
4
1.33049 0.7415
2.2245099999999995 0.7415
2.2304899999999996 0.8405
1.3245099999999999 0.8405

topleft
4
-1.0175 1.3025
0 1.3025
0 1.4015
-1.0175 1.4015

topcenter
4
0 1.3025
0.5625 1.3025
0.5625 1.4015
0 1.4015

topright
4
0.5625 1.3025
2.7274999999999996 1.3025
2.7274999999999996 1.4015
0.5625 1.4015

botleft
4
-1.0175 -0.001
0 -0.001
0 0.001
-1.0175 0.001

botright
4
0.5625 -0.001
2.7274999999999996 -0.001
2.7274999999999996 0.001
0.5625 0.001


48
IMD3d1_damage
4
-0.5239240000000001 0.7315
-0.37607600000000013 0.7315
-0.37547200000000014 0.7415
-0.5245280000000001 0.7415
3.1

IMD3d1_damage
4
-0.07392400000000006 0.7315
0.07392399999999995 0.7315
0.07452799999999994 0.7415
-0.07452800000000005 0.7415
3.1

IMD3d1_damage
4
0.10607599999999999 0.7315
1.0189239999999997 0.7315
1.0195279999999998 0.7415
0.105472 0.7415
3.1

IMD3d1_damage
4
1.321076 0.7315
2.2339239999999996 0.7315
2.2345279999999996 0.7415
1.3204719999999999 0.7415
3.1

IMD3d2_damage
4
-0.5195190000000002 0.7415
-0.5145100000000001 0.7415
-0.5204900000000001 0.8405
-0.5254990000000002 0.8405
2.9

IMD3d2_damage
4
-0.3854900000000001 0.7415
-0.3804810000000001 0.7415
-0.37450100000000014 0.8405
-0.3795100000000001 0.8405
2.9

IMD3d2_damage
4
-0.06951900000000005 0.7415
-0.06451000000000005 0.7415
-0.07049000000000005 0.8405
-0.07549900000000005 0.8405
2.9

IMD3d2_damage
4
0.06450999999999994 0.7415
0.06951899999999994 0.7415
0.07549899999999994 0.8405
0.07048999999999994 0.8405
2.9

IMD3d2_damage
4
0.110481 0.7415
0.11549 0.7415
0.10951 0.8405
0.104501 0.8405
2.9

IMD3d2_damage
4
1.0095099999999997 0.7415
1.0145189999999997 0.7415
1.0204989999999998 0.8405
1.0154899999999998 0.8405
2.9

IMD3d2_damage
4
1.325481 0.7415
1.33049 0.7415
1.3245099999999999 0.8405
1.3195009999999998 0.8405
2.9

IMD3d2_damage
4
2.2245099999999995 0.7415
2.2295189999999994 0.7415
2.2354989999999995 0.8405
2.2304899999999996 0.8405
2.9

IMD6d1_damage
4
-1.0175 1.2925
2.7274999999999996 1.2925
2.7274999999999996 1.3025
-1.0175 1.3025
3.1

IMD3d2
4
-1.0175 0.7415
-0.5195190000000002 0.7415
-0.5254990000000002 0.8405
-1.0175 0.8405
2.65

IMD3d2
4
-0.3804810000000001 0.7415
-0.06951900000000005 0.7415
-0.07549900000000005 0.8405
-0.37450100000000014 0.8405
2.65

IMD3d2
4
0.06951899999999994 0.7415
0.110481 0.7415
0.104501 0.8405
0.07549899999999994 0.8405
2.65

IMD3d2
4
1.0145189999999997 0.7415
1.325481 0.7415
1.3195009999999998 0.8405
1.0204989999999998 0.8405
2.65

IMD3d2
4
2.2295189999999994 0.7415
2.7274999999999996 0.7415
2.7274999999999996 0.8405
2.2354989999999995 0.8405
2.65

IMD3d1
4
-1.0175 0.7315
-0.5239240000000001 0.7315
-0.5245280000000001 0.7415
-1.0175 0.7415
2.65

IMD3d1
4
-0.37607600000000013 0.7315
-0.07392400000000006 0.7315
-0.07452800000000005 0.7415
-0.37547200000000014 0.7415
2.65

IMD3d1
4
0.07392399999999995 0.7315
0.10607599999999999 0.7315
0.105472 0.7415
0.07452799999999994 0.7415
2.65

IMD3d1
4
1.0189239999999997 0.7315
1.321076 0.7315
1.3204719999999999 0.7415
1.0195279999999998 0.7415
2.65

IMD3d1
4
2.2339239999999996 0.7315
2.7274999999999996 0.7315
2.7274999999999996 0.7415
2.2345279999999996 0.7415
2.65

IMD3d1
4
-1.0175 0.7135
2.7274999999999996 0.7135
2.7274999999999996 0.7315
-1.0175 0.7315
2.65

IMD6d1
4
-1.0175 1.2745
2.7274999999999996 1.2745
2.7274999999999996 1.2925
-1.0175 1.2925
2.65

FOXA+FOXB+TOX
4
-1.0175 0.001
2.7274999999999996 0.001
2.7274999999999996 0.2665
-1.0175 0.2665
4.0

ILD1a
4
-1.0175 0.2665
2.7274999999999996 0.2665
2.7274999999999996 0.2765
-1.0175 0.2765
7.0

ILD1b1+ILD1b2+ILD1b3
4
-1.0175 0.2765
2.7274999999999996 0.2765
2.7274999999999996 0.3955
-1.0175 0.3955
4.0

IMD1a
4
-1.0175 0.3955
2.7274999999999996 0.3955
2.7274999999999996 0.4065
-1.0175 0.4065
5.2

IMD1b
4
-1.0175 0.4065
2.7274999999999996 0.4065
2.7274999999999996 0.4665
-1.0175 0.4665
2.8

IMD2a
4
-1.0175 0.4665
2.7274999999999996 0.4665
2.7274999999999996 0.4875
-1.0175 0.4875
5.2

IMD2b
4
-1.0175 0.4875
2.7274999999999996 0.4875
2.7274999999999996 0.5025
-1.0175 0.5025
4.2

IMD2c
4
-1.0175 0.5025
2.7274999999999996 0.5025
2.7274999999999996 0.5265
-1.0175 0.5265
3.28

IMD2d1+IMD2d2
4
-1.0175 0.5265
2.7274999999999996 0.5265
2.7274999999999996 0.6535
-1.0175 0.6535
2.65

IMD3a
4
-1.0175 0.6535
2.7274999999999996 0.6535
2.7274999999999996 0.6745
-1.0175 0.6745
5.2

IMD3b
4
-1.0175 0.6745
2.7274999999999996 0.6745
2.7274999999999996 0.6895
-1.0175 0.6895
4.2

IMD3c
4
-1.0175 0.6895
2.7274999999999996 0.6895
2.7274999999999996 0.7135
-1.0175 0.7135
3.28

IMD4a
4
-1.0175 0.8405
2.7274999999999996 0.8405
2.7274999999999996 0.8615
-1.0175 0.8615
5.2

IMD4b
4
-1.0175 0.8615
2.7274999999999996 0.8615
2.7274999999999996 0.8765
-1.0175 0.8765
4.2

IMD4c
4
-1.0175 0.8765
2.7274999999999996 0.8765
2.7274999999999996 0.9005
-1.0175 0.9005
3.28

IMD4d1+IMD4d2
4
-1.0175 0.9005
2.7274999999999996 0.9005
2.7274999999999996 1.0275
-1.0175 1.0275
2.65

IMD5a
4
-1.0175 1.0275
2.7274999999999996 1.0275
2.7274999999999996 1.0485
-1.0175 1.0485
5.2

IMD5b
4
-1.0175 1.0485
2.7274999999999996 1.0485
2.7274999999999996 1.0635
-1.0175 1.0635
4.2

IMD5c
4
-1.0175 1.0635
2.7274999999999996 1.0635
2.7274999999999996 1.0875
-1.0175 1.0875
3.28

IMD5d1+IMD5d2
4
-1.0175 1.0875
2.7274999999999996 1.0875
2.7274999999999996 1.2145
-1.0175 1.2145
2.65

IMD6a
4
-1.0175 1.2145
2.7274999999999996 1.2145
2.7274999999999996 1.2355
-1.0175 1.2355
5.2

IMD6b
4
-1.0175 1.2355
2.7274999999999996 1.2355
2.7274999999999996 1.2505
-1.0175 1.2505
4.2

IMD6c
4
-1.0175 1.2505
2.7274999999999996 1.2505
2.7274999999999996 1.2745
-1.0175 1.2745
3.28


4
-1.0175 0.001
2.7274999999999996 0.001
2.7274999999999996 1.3025
-1.0175 1.3025

