c1
4
-0.013420000000000003 0.37050000000000005
0.01341999999999999 0.37050000000000005
0.02257999999999999 0.4665
-0.022580000000000003 0.4665

5
botleft
4
-0.5900000000000001 -0.001
0 -0.001
0 0.001
-0.5900000000000001 0.001

botright
4
0 -0.001
0.779 -0.001
0.779 0.001
0 0.001

lEnv
4
-0.08542 0.37050000000000005
-0.05858 0.37050000000000005
-0.04942 0.4665
-0.09458 0.4665

c2
4
0.17558 0.37050000000000005
0.20242 0.37050000000000005
0.21158 0.4665
0.16642 0.4665

rEnv
4
0.24757999999999997 0.37050000000000005
0.27441999999999994 0.37050000000000005
0.28357999999999994 0.4665
0.23841999999999997 0.4665


48
IMD1b
4
-0.5900000000000001 0.40650000000000003
-0.088855 0.40650000000000003
-0.09458 0.4665
-0.5900000000000001 0.4665
2.8

IMD1b
4
-0.055145 0.40650000000000003
-0.016855000000000002 0.40650000000000003
-0.022580000000000003 0.4665
-0.04942 0.4665
2.8

IMD1b
4
0.016854999999999988 0.40650000000000003
0.17214500000000002 0.40650000000000003
0.16642 0.4665
0.02257999999999999 0.4665
2.8

IMD1b
4
0.20585499999999998 0.40650000000000003
0.24414499999999997 0.40650000000000003
0.23841999999999997 0.4665
0.21158 0.4665
2.8

IMD1b
4
0.27785499999999996 0.40650000000000003
0.779 0.40650000000000003
0.779 0.4665
0.28357999999999994 0.4665
2.8

IMD1a
4
-0.5900000000000001 0.3955
-0.08780541666666666 0.3955
-0.088855 0.40650000000000003
-0.5900000000000001 0.40650000000000003
5.2

IMD1a
4
-0.05619458333333333 0.3955
-0.01580541666666667 0.3955
-0.016855000000000002 0.40650000000000003
-0.055145 0.40650000000000003
5.2

IMD1a
4
0.015805416666666655 0.3955
0.17319458333333335 0.3955
0.17214500000000002 0.40650000000000003
0.016854999999999988 0.40650000000000003
5.2

IMD1a
4
0.20480541666666666 0.3955
0.2451945833333333 0.3955
0.24414499999999997 0.40650000000000003
0.20585499999999998 0.40650000000000003
5.2

IMD1a
4
0.27680541666666664 0.3955
0.779 0.3955
0.779 0.40650000000000003
0.27785499999999996 0.40650000000000003
5.2

ILD1b3
4
-0.5900000000000001 0.37050000000000005
-0.08542 0.37050000000000005
-0.08780541666666666 0.3955
-0.5900000000000001 0.3955
4

ILD1b3
4
-0.05858 0.37050000000000005
-0.013420000000000003 0.37050000000000005
-0.01580541666666667 0.3955
-0.05619458333333333 0.3955
4

ILD1b3
4
0.01341999999999999 0.37050000000000005
0.17558 0.37050000000000005
0.17319458333333335 0.3955
0.015805416666666655 0.3955
4

ILD1b3
4
0.20242 0.37050000000000005
0.24757999999999997 0.37050000000000005
0.2451945833333333 0.3955
0.20480541666666666 0.3955
4

ILD1b3
4
0.27441999999999994 0.37050000000000005
0.779 0.37050000000000005
0.779 0.3955
0.27680541666666664 0.3955
4

ILD1b1+ILD1b2
4
-0.5900000000000001 0.2765
0.779 0.2765
0.779 0.37050000000000005
-0.5900000000000001 0.37050000000000005
4

FOXA+FOXB+TOX
4
-0.5900000000000001 0.001
0.779 0.001
0.779 0.2665
-0.5900000000000001 0.2665
4.0

ILD1a
4
-0.5900000000000001 0.2665
0.779 0.2665
0.779 0.2765
-0.5900000000000001 0.2765
7.0

IMD2a
4
-0.5900000000000001 0.4665
0.779 0.4665
0.779 0.4875
-0.5900000000000001 0.4875
5.2

IMD2b
4
-0.5900000000000001 0.4875
0.779 0.4875
0.779 0.5025
-0.5900000000000001 0.5025
4.2

IMD2c
4
-0.5900000000000001 0.5025
0.779 0.5025
0.779 0.5265
-0.5900000000000001 0.5265
3.28

IMD2d1+IMD2d2
4
-0.5900000000000001 0.5265
0.779 0.5265
0.779 0.6535
-0.5900000000000001 0.6535
2.65

IMD3a
4
-0.5900000000000001 0.6535
0.779 0.6535
0.779 0.6745
-0.5900000000000001 0.6745
5.2

IMD3b
4
-0.5900000000000001 0.6745
0.779 0.6745
0.779 0.6895
-0.5900000000000001 0.6895
4.2

IMD3c
4
-0.5900000000000001 0.6895
0.779 0.6895
0.779 0.7135
-0.5900000000000001 0.7135
3.28

IMD3d1+IMD3d2
4
-0.5900000000000001 0.7135
0.779 0.7135
0.779 0.8405
-0.5900000000000001 0.8405
2.65

IMD4a
4
-0.5900000000000001 0.8405
0.779 0.8405
0.779 0.8615
-0.5900000000000001 0.8615
5.2

IMD4b
4
-0.5900000000000001 0.8615
0.779 0.8615
0.779 0.8765
-0.5900000000000001 0.8765
4.2

IMD4c
4
-0.5900000000000001 0.8765
0.779 0.8765
0.779 0.9005
-0.5900000000000001 0.9005
3.28

IMD4d1+IMD4d2
4
-0.5900000000000001 0.9005
0.779 0.9005
0.779 1.0275
-0.5900000000000001 1.0275
2.65

IMD5a
4
-0.5900000000000001 1.0275
0.779 1.0275
0.779 1.0485
-0.5900000000000001 1.0485
5.2

IMD5b
4
-0.5900000000000001 1.0485
0.779 1.0485
0.779 1.0635
-0.5900000000000001 1.0635
4.2

IMD5c
4
-0.5900000000000001 1.0635
0.779 1.0635
0.779 1.0875
-0.5900000000000001 1.0875
3.28

IMD5d1+IMD5d2
4
-0.5900000000000001 1.0875
0.779 1.0875
0.779 1.2145
-0.5900000000000001 1.2145
2.65

IMD6a
4
-0.5900000000000001 1.2145
0.779 1.2145
0.779 1.2355
-0.5900000000000001 1.2355
5.2

IMD6b
4
-0.5900000000000001 1.2355
0.779 1.2355
0.779 1.2505
-0.5900000000000001 1.2505
4.2

IMD6c
4
-0.5900000000000001 1.2505
0.779 1.2505
0.779 1.2745
-0.5900000000000001 1.2745
3.28

IMD6d1+IMD6d2
4
-0.5900000000000001 1.2745
0.779 1.2745
0.779 1.4015
-0.5900000000000001 1.4015
2.65

IMD7a
4
-0.5900000000000001 1.4015
0.779 1.4015
0.779 1.4765
-0.5900000000000001 1.4765
5.2

IMD7b1+IMD7b2
4
-0.5900000000000001 1.4765
0.779 1.4765
0.779 2.9765
-0.5900000000000001 2.9765
4.2

IMD8a
4
-0.5900000000000001 2.9765
0.779 2.9765
0.779 3.0515
-0.5900000000000001 3.0515
5.2

IMD8b1+IMD8b2
4
-0.5900000000000001 3.0515
0.779 3.0515
0.779 4.5515
-0.5900000000000001 4.5515
4.2

PASS1
4
-0.5900000000000001 4.5515
0.779 4.5515
0.779 4.6265
-0.5900000000000001 4.6265
7.0

PASS2
4
-0.5900000000000001 4.6265
0.779 4.6265
0.779 5.0265
-0.5900000000000001 5.0265
4.2

PASS3
4
-0.5900000000000001 5.0265
0.779 5.0265
0.779 5.1015
-0.5900000000000001 5.1015
7.0

PASS4+PASS5
4
-0.5900000000000001 5.1015
0.779 5.1015
0.779 6.0515
-0.5900000000000001 6.0515
4.2

PASS6
4
-0.5900000000000001 6.0515
0.779 6.0515
0.779 6.6515
-0.5900000000000001 6.6515
7.0

air_Layer
4
-0.5900000000000001 6.6515
0.779 6.6515
0.779 6.9485
-0.5900000000000001 6.9485
1.0


4
-0.5900000000000001 0.001
0.779 0.001
0.779 6.9485
-0.5900000000000001 6.9485

