c1
4
-0.15001 1.1155
0.15001 1.1155
0.15599000000000002 1.2145
-0.15599000000000002 1.2145

5
botleft
4
-0.995 -0.001
0 -0.001
0 0.001
-0.995 0.001

botright
4
0 -0.001
2.8039999999999994 -0.001
2.8039999999999994 0.001
0 0.001

lEnv
4
-0.49201 1.1155
-0.19199000000000002 1.1155
-0.18601 1.2145
-0.49799 1.2145

c2
4
0.30898999999999993 1.1155
1.2840099999999999 1.1155
1.28999 1.2145
0.30300999999999995 1.2145

rEnv
4
1.32599 1.1155
2.3010099999999993 1.1155
2.3069899999999994 1.2145
1.32001 1.2145


57
IMD5d1_damage
4
-0.501424 1.1055
-0.18257600000000002 1.1055
-0.18197200000000002 1.1155
-0.502028 1.1155
3.1

IMD5d1_damage
4
-0.159424 1.1055
0.159424 1.1055
0.160028 1.1155
-0.160028 1.1155
3.1

IMD5d1_damage
4
0.29957599999999995 1.1055
1.293424 1.1055
1.294028 1.1155
0.29897199999999996 1.1155
3.1

IMD5d1_damage
4
1.316576 1.1055
2.3104239999999994 1.1055
2.3110279999999994 1.1155
1.315972 1.1155
3.1

IMD5d2_damage
4
-0.497019 1.1155
-0.49201 1.1155
-0.49799 1.2145
-0.502999 1.2145
2.9

IMD5d2_damage
4
-0.19199000000000002 1.1155
-0.186981 1.1155
-0.181001 1.2145
-0.18601 1.2145
2.9

IMD5d2_damage
4
-0.15501900000000002 1.1155
-0.15001 1.1155
-0.15599000000000002 1.2145
-0.16099900000000003 1.2145
2.9

IMD5d2_damage
4
0.15001 1.1155
0.15501900000000002 1.1155
0.16099900000000003 1.2145
0.15599000000000002 1.2145
2.9

IMD5d2_damage
4
0.30398099999999995 1.1155
0.30898999999999993 1.1155
0.30300999999999995 1.2145
0.29800099999999996 1.2145
2.9

IMD5d2_damage
4
1.2840099999999999 1.1155
1.289019 1.1155
1.294999 1.2145
1.28999 1.2145
2.9

IMD5d2_damage
4
1.320981 1.1155
1.32599 1.1155
1.32001 1.2145
1.3150009999999999 1.2145
2.9

IMD5d2_damage
4
2.3010099999999993 1.1155
2.306018999999999 1.1155
2.3119989999999992 1.2145
2.3069899999999994 1.2145
2.9

IMD5d2
4
-0.995 1.1155
-0.497019 1.1155
-0.502999 1.2145
-0.995 1.2145
2.65

IMD5d2
4
-0.186981 1.1155
-0.15501900000000002 1.1155
-0.16099900000000003 1.2145
-0.181001 1.2145
2.65

IMD5d2
4
0.15501900000000002 1.1155
0.30398099999999995 1.1155
0.29800099999999996 1.2145
0.16099900000000003 1.2145
2.65

IMD5d2
4
1.289019 1.1155
1.320981 1.1155
1.3150009999999999 1.2145
1.294999 1.2145
2.65

IMD5d2
4
2.306018999999999 1.1155
2.8039999999999994 1.1155
2.8039999999999994 1.2145
2.3119989999999992 1.2145
2.65

IMD5d1
4
-0.995 1.1055
-0.501424 1.1055
-0.502028 1.1155
-0.995 1.1155
2.65

IMD5d1
4
-0.18257600000000002 1.1055
-0.159424 1.1055
-0.160028 1.1155
-0.18197200000000002 1.1155
2.65

IMD5d1
4
0.159424 1.1055
0.29957599999999995 1.1055
0.29897199999999996 1.1155
0.160028 1.1155
2.65

IMD5d1
4
1.293424 1.1055
1.316576 1.1055
1.315972 1.1155
1.294028 1.1155
2.65

IMD5d1
4
2.3104239999999994 1.1055
2.8039999999999994 1.1055
2.8039999999999994 1.1155
2.3110279999999994 1.1155
2.65

IMD5d1
4
-0.995 1.0875
2.8039999999999994 1.0875
2.8039999999999994 1.1055
-0.995 1.1055
2.65

FOXA+FOXB+TOX
4
-0.995 0.001
2.8039999999999994 0.001
2.8039999999999994 0.2665
-0.995 0.2665
4.0

ILD1a
4
-0.995 0.2665
2.8039999999999994 0.2665
2.8039999999999994 0.2765
-0.995 0.2765
7.0

ILD1b1+ILD1b2+ILD1b3
4
-0.995 0.2765
2.8039999999999994 0.2765
2.8039999999999994 0.3955
-0.995 0.3955
4.0

IMD1a
4
-0.995 0.3955
2.8039999999999994 0.3955
2.8039999999999994 0.4065
-0.995 0.4065
5.2

IMD1b
4
-0.995 0.4065
2.8039999999999994 0.4065
2.8039999999999994 0.4665
-0.995 0.4665
2.8

IMD2a
4
-0.995 0.4665
2.8039999999999994 0.4665
2.8039999999999994 0.4875
-0.995 0.4875
5.2

IMD2b
4
-0.995 0.4875
2.8039999999999994 0.4875
2.8039999999999994 0.5025
-0.995 0.5025
4.2

IMD2c
4
-0.995 0.5025
2.8039999999999994 0.5025
2.8039999999999994 0.5265
-0.995 0.5265
3.28

IMD2d1+IMD2d2
4
-0.995 0.5265
2.8039999999999994 0.5265
2.8039999999999994 0.6535
-0.995 0.6535
2.65

IMD3a
4
-0.995 0.6535
2.8039999999999994 0.6535
2.8039999999999994 0.6745
-0.995 0.6745
5.2

IMD3b
4
-0.995 0.6745
2.8039999999999994 0.6745
2.8039999999999994 0.6895
-0.995 0.6895
4.2

IMD3c
4
-0.995 0.6895
2.8039999999999994 0.6895
2.8039999999999994 0.7135
-0.995 0.7135
3.28

IMD3d1+IMD3d2
4
-0.995 0.7135
2.8039999999999994 0.7135
2.8039999999999994 0.8405
-0.995 0.8405
2.65

IMD4a
4
-0.995 0.8405
2.8039999999999994 0.8405
2.8039999999999994 0.8615
-0.995 0.8615
5.2

IMD4b
4
-0.995 0.8615
2.8039999999999994 0.8615
2.8039999999999994 0.8765
-0.995 0.8765
4.2

IMD4c
4
-0.995 0.8765
2.8039999999999994 0.8765
2.8039999999999994 0.9005
-0.995 0.9005
3.28

IMD4d1+IMD4d2
4
-0.995 0.9005
2.8039999999999994 0.9005
2.8039999999999994 1.0275
-0.995 1.0275
2.65

IMD5a
4
-0.995 1.0275
2.8039999999999994 1.0275
2.8039999999999994 1.0485
-0.995 1.0485
5.2

IMD5b
4
-0.995 1.0485
2.8039999999999994 1.0485
2.8039999999999994 1.0635
-0.995 1.0635
4.2

IMD5c
4
-0.995 1.0635
2.8039999999999994 1.0635
2.8039999999999994 1.0875
-0.995 1.0875
3.28

IMD6a
4
-0.995 1.2145
2.8039999999999994 1.2145
2.8039999999999994 1.2355
-0.995 1.2355
5.2

IMD6b
4
-0.995 1.2355
2.8039999999999994 1.2355
2.8039999999999994 1.2505
-0.995 1.2505
4.2

IMD6c
4
-0.995 1.2505
2.8039999999999994 1.2505
2.8039999999999994 1.2745
-0.995 1.2745
3.28

IMD6d1+IMD6d2
4
-0.995 1.2745
2.8039999999999994 1.2745
2.8039999999999994 1.4015
-0.995 1.4015
2.65

IMD7a
4
-0.995 1.4015
2.8039999999999994 1.4015
2.8039999999999994 1.4765
-0.995 1.4765
5.2

IMD7b1+IMD7b2
4
-0.995 1.4765
2.8039999999999994 1.4765
2.8039999999999994 2.9765
-0.995 2.9765
4.2

IMD8a
4
-0.995 2.9765
2.8039999999999994 2.9765
2.8039999999999994 3.0515
-0.995 3.0515
5.2

IMD8b1+IMD8b2
4
-0.995 3.0515
2.8039999999999994 3.0515
2.8039999999999994 4.5515
-0.995 4.5515
4.2

PASS1
4
-0.995 4.5515
2.8039999999999994 4.5515
2.8039999999999994 4.6265
-0.995 4.6265
7.0

PASS2
4
-0.995 4.6265
2.8039999999999994 4.6265
2.8039999999999994 5.0265
-0.995 5.0265
4.2

PASS3
4
-0.995 5.0265
2.8039999999999994 5.0265
2.8039999999999994 5.1015
-0.995 5.1015
7.0

PASS4+PASS5
4
-0.995 5.1015
2.8039999999999994 5.1015
2.8039999999999994 6.0515
-0.995 6.0515
4.2

PASS6
4
-0.995 6.0515
2.8039999999999994 6.0515
2.8039999999999994 6.6515
-0.995 6.6515
7.0

air_Layer
4
-0.995 6.6515
2.8039999999999994 6.6515
2.8039999999999994 6.9485
-0.995 6.9485
1.0


4
-0.995 0.001
2.8039999999999994 0.001
2.8039999999999994 6.9485
-0.995 6.9485

