c1
4
-0.14841999999999994 0.37050000000000005
0.14842000000000005 0.37050000000000005
0.15758000000000005 0.4665
-0.15757999999999994 0.4665

5
botleft
4
-1.265 -0.001
0 -0.001
0 0.001
-1.265 0.001

botright
4
0 -0.001
3.389 -0.001
3.389 0.001
0 0.001

lEnv
4
-0.76042 0.37050000000000005
-0.46357999999999994 0.37050000000000005
-0.45441999999999994 0.4665
-0.7695799999999999 0.4665

c2
4
0.6255799999999999 0.37050000000000005
1.5974199999999996 0.37050000000000005
1.6065799999999997 0.4665
0.61642 0.4665

rEnv
4
1.9125799999999997 0.37050000000000005
2.8844199999999995 0.37050000000000005
2.8935799999999996 0.4665
1.9034199999999997 0.4665


48
IMD1b
4
-1.265 0.40650000000000003
-0.763855 0.40650000000000003
-0.7695799999999999 0.4665
-1.265 0.4665
2.8

IMD1b
4
-0.4601449999999999 0.40650000000000003
-0.15185499999999993 0.40650000000000003
-0.15757999999999994 0.4665
-0.45441999999999994 0.4665
2.8

IMD1b
4
0.15185500000000005 0.40650000000000003
0.622145 0.40650000000000003
0.61642 0.4665
0.15758000000000005 0.4665
2.8

IMD1b
4
1.6008549999999997 0.40650000000000003
1.9091449999999996 0.40650000000000003
1.9034199999999997 0.4665
1.6065799999999997 0.4665
2.8

IMD1b
4
2.8878549999999996 0.40650000000000003
3.389 0.40650000000000003
3.389 0.4665
2.8935799999999996 0.4665
2.8

IMD1a
4
-1.265 0.3955
-0.7628054166666666 0.3955
-0.763855 0.40650000000000003
-1.265 0.40650000000000003
5.2

IMD1a
4
-0.46119458333333324 0.3955
-0.1508054166666666 0.3955
-0.15185499999999993 0.40650000000000003
-0.4601449999999999 0.40650000000000003
5.2

IMD1a
4
0.15080541666666672 0.3955
0.6231945833333333 0.3955
0.622145 0.40650000000000003
0.15185500000000005 0.40650000000000003
5.2

IMD1a
4
1.5998054166666664 0.3955
1.910194583333333 0.3955
1.9091449999999996 0.40650000000000003
1.6008549999999997 0.40650000000000003
5.2

IMD1a
4
2.8868054166666663 0.3955
3.389 0.3955
3.389 0.40650000000000003
2.8878549999999996 0.40650000000000003
5.2

ILD1b3
4
-1.265 0.37050000000000005
-0.76042 0.37050000000000005
-0.7628054166666666 0.3955
-1.265 0.3955
4

ILD1b3
4
-0.46357999999999994 0.37050000000000005
-0.14841999999999994 0.37050000000000005
-0.1508054166666666 0.3955
-0.46119458333333324 0.3955
4

ILD1b3
4
0.14842000000000005 0.37050000000000005
0.6255799999999999 0.37050000000000005
0.6231945833333333 0.3955
0.15080541666666672 0.3955
4

ILD1b3
4
1.5974199999999996 0.37050000000000005
1.9125799999999997 0.37050000000000005
1.910194583333333 0.3955
1.5998054166666664 0.3955
4

ILD1b3
4
2.8844199999999995 0.37050000000000005
3.389 0.37050000000000005
3.389 0.3955
2.8868054166666663 0.3955
4

ILD1b1+ILD1b2
4
-1.265 0.2765
3.389 0.2765
3.389 0.37050000000000005
-1.265 0.37050000000000005
4

FOXA+FOXB+TOX
4
-1.265 0.001
3.389 0.001
3.389 0.2665
-1.265 0.2665
4.0

ILD1a
4
-1.265 0.2665
3.389 0.2665
3.389 0.2765
-1.265 0.2765
7.0

IMD2a
4
-1.265 0.4665
3.389 0.4665
3.389 0.4875
-1.265 0.4875
5.2

IMD2b
4
-1.265 0.4875
3.389 0.4875
3.389 0.5025
-1.265 0.5025
4.2

IMD2c
4
-1.265 0.5025
3.389 0.5025
3.389 0.5265
-1.265 0.5265
3.28

IMD2d1+IMD2d2
4
-1.265 0.5265
3.389 0.5265
3.389 0.6535
-1.265 0.6535
2.65

IMD3a
4
-1.265 0.6535
3.389 0.6535
3.389 0.6745
-1.265 0.6745
5.2

IMD3b
4
-1.265 0.6745
3.389 0.6745
3.389 0.6895
-1.265 0.6895
4.2

IMD3c
4
-1.265 0.6895
3.389 0.6895
3.389 0.7135
-1.265 0.7135
3.28

IMD3d1+IMD3d2
4
-1.265 0.7135
3.389 0.7135
3.389 0.8405
-1.265 0.8405
2.65

IMD4a
4
-1.265 0.8405
3.389 0.8405
3.389 0.8615
-1.265 0.8615
5.2

IMD4b
4
-1.265 0.8615
3.389 0.8615
3.389 0.8765
-1.265 0.8765
4.2

IMD4c
4
-1.265 0.8765
3.389 0.8765
3.389 0.9005
-1.265 0.9005
3.28

IMD4d1+IMD4d2
4
-1.265 0.9005
3.389 0.9005
3.389 1.0275
-1.265 1.0275
2.65

IMD5a
4
-1.265 1.0275
3.389 1.0275
3.389 1.0485
-1.265 1.0485
5.2

IMD5b
4
-1.265 1.0485
3.389 1.0485
3.389 1.0635
-1.265 1.0635
4.2

IMD5c
4
-1.265 1.0635
3.389 1.0635
3.389 1.0875
-1.265 1.0875
3.28

IMD5d1+IMD5d2
4
-1.265 1.0875
3.389 1.0875
3.389 1.2145
-1.265 1.2145
2.65

IMD6a
4
-1.265 1.2145
3.389 1.2145
3.389 1.2355
-1.265 1.2355
5.2

IMD6b
4
-1.265 1.2355
3.389 1.2355
3.389 1.2505
-1.265 1.2505
4.2

IMD6c
4
-1.265 1.2505
3.389 1.2505
3.389 1.2745
-1.265 1.2745
3.28

IMD6d1+IMD6d2
4
-1.265 1.2745
3.389 1.2745
3.389 1.4015
-1.265 1.4015
2.65

IMD7a
4
-1.265 1.4015
3.389 1.4015
3.389 1.4765
-1.265 1.4765
5.2

IMD7b1+IMD7b2
4
-1.265 1.4765
3.389 1.4765
3.389 2.9765
-1.265 2.9765
4.2

IMD8a
4
-1.265 2.9765
3.389 2.9765
3.389 3.0515
-1.265 3.0515
5.2

IMD8b1+IMD8b2
4
-1.265 3.0515
3.389 3.0515
3.389 4.5515
-1.265 4.5515
4.2

PASS1
4
-1.265 4.5515
3.389 4.5515
3.389 4.6265
-1.265 4.6265
7.0

PASS2
4
-1.265 4.6265
3.389 4.6265
3.389 5.0265
-1.265 5.0265
4.2

PASS3
4
-1.265 5.0265
3.389 5.0265
3.389 5.1015
-1.265 5.1015
7.0

PASS4+PASS5
4
-1.265 5.1015
3.389 5.1015
3.389 6.0515
-1.265 6.0515
4.2

PASS6
4
-1.265 6.0515
3.389 6.0515
3.389 6.6515
-1.265 6.6515
7.0

air_Layer
4
-1.265 6.6515
3.389 6.6515
3.389 6.9485
-1.265 6.9485
1.0


4
-1.265 0.001
3.389 0.001
3.389 6.9485
-1.265 6.9485

