c1
4
-0.21751000000000006 0.9285000000000001
0.21750999999999995 0.9285000000000001
0.22348999999999997 1.0275
-0.22349000000000008 1.0275

5
botleft
4
-1.4675 -0.001
0 -0.001
0 0.001
-1.4675 0.001

botright
4
0 -0.001
1.2964999999999998 -0.001
1.2964999999999998 0.001
0 0.001

lEnv
4
-0.9645100000000001 0.9285000000000001
-0.5294900000000001 0.9285000000000001
-0.5235100000000001 1.0275
-0.9704900000000001 1.0275

c2
4
0.42149000000000003 0.9285000000000001
0.45150999999999997 0.9285000000000001
0.45748999999999995 1.0275
0.41551000000000005 1.0275

rEnv
4
0.7634899999999999 0.9285000000000001
0.7935099999999998 0.9285000000000001
0.7994899999999998 1.0275
0.7575099999999999 1.0275


57
IMD4d1_damage
4
-0.973924 0.9185000000000001
-0.5200760000000002 0.9185000000000001
-0.5194720000000002 0.9285000000000001
-0.9745280000000001 0.9285000000000001
3.1

IMD4d1_damage
4
-0.22692400000000007 0.9185000000000001
0.22692399999999996 0.9185000000000001
0.22752799999999995 0.9285000000000001
-0.22752800000000006 0.9285000000000001
3.1

IMD4d1_damage
4
0.41207600000000005 0.9185000000000001
0.46092399999999994 0.9185000000000001
0.46152799999999994 0.9285000000000001
0.41147200000000006 0.9285000000000001
3.1

IMD4d1_damage
4
0.754076 0.9185000000000001
0.8029239999999997 0.9185000000000001
0.8035279999999998 0.9285000000000001
0.7534719999999999 0.9285000000000001
3.1

IMD4d2_damage
4
-0.9695190000000001 0.9285000000000001
-0.9645100000000001 0.9285000000000001
-0.9704900000000001 1.0275
-0.9754990000000001 1.0275
2.9

IMD4d2_damage
4
-0.5294900000000001 0.9285000000000001
-0.5244810000000001 0.9285000000000001
-0.5185010000000001 1.0275
-0.5235100000000001 1.0275
2.9

IMD4d2_damage
4
-0.22251900000000008 0.9285000000000001
-0.21751000000000006 0.9285000000000001
-0.22349000000000008 1.0275
-0.2284990000000001 1.0275
2.9

IMD4d2_damage
4
0.21750999999999995 0.9285000000000001
0.22251899999999997 0.9285000000000001
0.22849899999999998 1.0275
0.22348999999999997 1.0275
2.9

IMD4d2_damage
4
0.41648100000000005 0.9285000000000001
0.42149000000000003 0.9285000000000001
0.41551000000000005 1.0275
0.41050100000000006 1.0275
2.9

IMD4d2_damage
4
0.45150999999999997 0.9285000000000001
0.45651899999999995 0.9285000000000001
0.46249899999999994 1.0275
0.45748999999999995 1.0275
2.9

IMD4d2_damage
4
0.7584809999999998 0.9285000000000001
0.7634899999999999 0.9285000000000001
0.7575099999999999 1.0275
0.7525009999999999 1.0275
2.9

IMD4d2_damage
4
0.7935099999999998 0.9285000000000001
0.7985189999999999 0.9285000000000001
0.8044989999999999 1.0275
0.7994899999999998 1.0275
2.9

IMD4d2
4
-1.4675 0.9285000000000001
-0.9695190000000001 0.9285000000000001
-0.9754990000000001 1.0275
-1.4675 1.0275
2.65

IMD4d2
4
-0.5244810000000001 0.9285000000000001
-0.22251900000000008 0.9285000000000001
-0.2284990000000001 1.0275
-0.5185010000000001 1.0275
2.65

IMD4d2
4
0.22251899999999997 0.9285000000000001
0.41648100000000005 0.9285000000000001
0.41050100000000006 1.0275
0.22849899999999998 1.0275
2.65

IMD4d2
4
0.45651899999999995 0.9285000000000001
0.7584809999999998 0.9285000000000001
0.7525009999999999 1.0275
0.46249899999999994 1.0275
2.65

IMD4d2
4
0.7985189999999999 0.9285000000000001
1.2964999999999998 0.9285000000000001
1.2964999999999998 1.0275
0.8044989999999999 1.0275
2.65

IMD4d1
4
-1.4675 0.9185000000000001
-0.973924 0.9185000000000001
-0.9745280000000001 0.9285000000000001
-1.4675 0.9285000000000001
2.65

IMD4d1
4
-0.5200760000000002 0.9185000000000001
-0.22692400000000007 0.9185000000000001
-0.22752800000000006 0.9285000000000001
-0.5194720000000002 0.9285000000000001
2.65

IMD4d1
4
0.22692399999999996 0.9185000000000001
0.41207600000000005 0.9185000000000001
0.41147200000000006 0.9285000000000001
0.22752799999999995 0.9285000000000001
2.65

IMD4d1
4
0.46092399999999994 0.9185000000000001
0.754076 0.9185000000000001
0.7534719999999999 0.9285000000000001
0.46152799999999994 0.9285000000000001
2.65

IMD4d1
4
0.8029239999999997 0.9185000000000001
1.2964999999999998 0.9185000000000001
1.2964999999999998 0.9285000000000001
0.8035279999999998 0.9285000000000001
2.65

IMD4d1
4
-1.4675 0.9005
1.2964999999999998 0.9005
1.2964999999999998 0.9185000000000001
-1.4675 0.9185000000000001
2.65

FOXA+FOXB+TOX
4
-1.4675 0.001
1.2964999999999998 0.001
1.2964999999999998 0.2665
-1.4675 0.2665
4.0

ILD1a
4
-1.4675 0.2665
1.2964999999999998 0.2665
1.2964999999999998 0.2765
-1.4675 0.2765
7.0

ILD1b1+ILD1b2+ILD1b3
4
-1.4675 0.2765
1.2964999999999998 0.2765
1.2964999999999998 0.3955
-1.4675 0.3955
4.0

IMD1a
4
-1.4675 0.3955
1.2964999999999998 0.3955
1.2964999999999998 0.4065
-1.4675 0.4065
5.2

IMD1b
4
-1.4675 0.4065
1.2964999999999998 0.4065
1.2964999999999998 0.4665
-1.4675 0.4665
2.8

IMD2a
4
-1.4675 0.4665
1.2964999999999998 0.4665
1.2964999999999998 0.4875
-1.4675 0.4875
5.2

IMD2b
4
-1.4675 0.4875
1.2964999999999998 0.4875
1.2964999999999998 0.5025
-1.4675 0.5025
4.2

IMD2c
4
-1.4675 0.5025
1.2964999999999998 0.5025
1.2964999999999998 0.5265
-1.4675 0.5265
3.28

IMD2d1+IMD2d2
4
-1.4675 0.5265
1.2964999999999998 0.5265
1.2964999999999998 0.6535
-1.4675 0.6535
2.65

IMD3a
4
-1.4675 0.6535
1.2964999999999998 0.6535
1.2964999999999998 0.6745
-1.4675 0.6745
5.2

IMD3b
4
-1.4675 0.6745
1.2964999999999998 0.6745
1.2964999999999998 0.6895
-1.4675 0.6895
4.2

IMD3c
4
-1.4675 0.6895
1.2964999999999998 0.6895
1.2964999999999998 0.7135
-1.4675 0.7135
3.28

IMD3d1+IMD3d2
4
-1.4675 0.7135
1.2964999999999998 0.7135
1.2964999999999998 0.8405
-1.4675 0.8405
2.65

IMD4a
4
-1.4675 0.8405
1.2964999999999998 0.8405
1.2964999999999998 0.8615
-1.4675 0.8615
5.2

IMD4b
4
-1.4675 0.8615
1.2964999999999998 0.8615
1.2964999999999998 0.8765
-1.4675 0.8765
4.2

IMD4c
4
-1.4675 0.8765
1.2964999999999998 0.8765
1.2964999999999998 0.9005
-1.4675 0.9005
3.28

IMD5a
4
-1.4675 1.0275
1.2964999999999998 1.0275
1.2964999999999998 1.0485
-1.4675 1.0485
5.2

IMD5b
4
-1.4675 1.0485
1.2964999999999998 1.0485
1.2964999999999998 1.0635
-1.4675 1.0635
4.2

IMD5c
4
-1.4675 1.0635
1.2964999999999998 1.0635
1.2964999999999998 1.0875
-1.4675 1.0875
3.28

IMD5d1+IMD5d2
4
-1.4675 1.0875
1.2964999999999998 1.0875
1.2964999999999998 1.2145
-1.4675 1.2145
2.65

IMD6a
4
-1.4675 1.2145
1.2964999999999998 1.2145
1.2964999999999998 1.2355
-1.4675 1.2355
5.2

IMD6b
4
-1.4675 1.2355
1.2964999999999998 1.2355
1.2964999999999998 1.2505
-1.4675 1.2505
4.2

IMD6c
4
-1.4675 1.2505
1.2964999999999998 1.2505
1.2964999999999998 1.2745
-1.4675 1.2745
3.28

IMD6d1+IMD6d2
4
-1.4675 1.2745
1.2964999999999998 1.2745
1.2964999999999998 1.4015
-1.4675 1.4015
2.65

IMD7a
4
-1.4675 1.4015
1.2964999999999998 1.4015
1.2964999999999998 1.4765
-1.4675 1.4765
5.2

IMD7b1+IMD7b2
4
-1.4675 1.4765
1.2964999999999998 1.4765
1.2964999999999998 2.9765
-1.4675 2.9765
4.2

IMD8a
4
-1.4675 2.9765
1.2964999999999998 2.9765
1.2964999999999998 3.0515
-1.4675 3.0515
5.2

IMD8b1+IMD8b2
4
-1.4675 3.0515
1.2964999999999998 3.0515
1.2964999999999998 4.5515
-1.4675 4.5515
4.2

PASS1
4
-1.4675 4.5515
1.2964999999999998 4.5515
1.2964999999999998 4.6265
-1.4675 4.6265
7.0

PASS2
4
-1.4675 4.6265
1.2964999999999998 4.6265
1.2964999999999998 5.0265
-1.4675 5.0265
4.2

PASS3
4
-1.4675 5.0265
1.2964999999999998 5.0265
1.2964999999999998 5.1015
-1.4675 5.1015
7.0

PASS4+PASS5
4
-1.4675 5.1015
1.2964999999999998 5.1015
1.2964999999999998 6.0515
-1.4675 6.0515
4.2

PASS6
4
-1.4675 6.0515
1.2964999999999998 6.0515
1.2964999999999998 6.6515
-1.4675 6.6515
7.0

air_Layer
4
-1.4675 6.6515
1.2964999999999998 6.6515
1.2964999999999998 6.9485
-1.4675 6.9485
1.0


4
-1.4675 0.001
1.2964999999999998 0.001
1.2964999999999998 6.9485
-1.4675 6.9485

