c1
4
-0.35251 1.3025
0.35251 1.3025
0.35849 1.4015
-0.35849 1.4015

5
botleft
4
-1.6925 -0.001
0 -0.001
0 0.001
-1.6925 0.001

botright
4
0 -0.001
3.6365000000000003 -0.001
3.6365000000000003 0.001
0 0.001

lEnv
4
-1.1895099999999998 1.3025
-0.48449 1.3025
-0.47851 1.4015
-1.19549 1.4015

c2
4
1.0514899999999998 1.3025
2.0265099999999996 1.3025
2.0324899999999997 1.4015
1.0455099999999997 1.4015

rEnv
4
2.1584899999999996 1.3025
3.13351 1.3025
3.13949 1.4015
2.1525099999999995 1.4015


57
IMD6d1_damage
4
-1.1989239999999999 1.2925
-0.475076 1.2925
-0.474472 1.3025
-1.199528 1.3025
3.1

IMD6d1_damage
4
-0.36192399999999997 1.2925
0.36192399999999997 1.2925
0.36252799999999996 1.3025
-0.36252799999999996 1.3025
3.1

IMD6d1_damage
4
1.0420759999999998 1.2925
2.0359239999999996 1.2925
2.0365279999999997 1.3025
1.0414719999999997 1.3025
3.1

IMD6d1_damage
4
2.1490759999999995 1.2925
3.142924 1.2925
3.143528 1.3025
2.1484719999999995 1.3025
3.1

IMD6d2_damage
4
-1.1945189999999999 1.3025
-1.1895099999999998 1.3025
-1.19549 1.4015
-1.200499 1.4015
2.9

IMD6d2_damage
4
-0.48449 1.3025
-0.479481 1.3025
-0.473501 1.4015
-0.47851 1.4015
2.9

IMD6d2_damage
4
-0.357519 1.3025
-0.35251 1.3025
-0.35849 1.4015
-0.36349899999999996 1.4015
2.9

IMD6d2_damage
4
0.35251 1.3025
0.357519 1.3025
0.36349899999999996 1.4015
0.35849 1.4015
2.9

IMD6d2_damage
4
1.0464809999999998 1.3025
1.0514899999999998 1.3025
1.0455099999999997 1.4015
1.0405009999999997 1.4015
2.9

IMD6d2_damage
4
2.0265099999999996 1.3025
2.0315189999999994 1.3025
2.0374989999999995 1.4015
2.0324899999999997 1.4015
2.9

IMD6d2_damage
4
2.1534809999999998 1.3025
2.1584899999999996 1.3025
2.1525099999999995 1.4015
2.1475009999999997 1.4015
2.9

IMD6d2_damage
4
3.13351 1.3025
3.1385189999999996 1.3025
3.1444989999999997 1.4015
3.13949 1.4015
2.9

IMD6d2
4
-1.6925 1.3025
-1.1945189999999999 1.3025
-1.200499 1.4015
-1.6925 1.4015
2.65

IMD6d2
4
-0.479481 1.3025
-0.357519 1.3025
-0.36349899999999996 1.4015
-0.473501 1.4015
2.65

IMD6d2
4
0.357519 1.3025
1.0464809999999998 1.3025
1.0405009999999997 1.4015
0.36349899999999996 1.4015
2.65

IMD6d2
4
2.0315189999999994 1.3025
2.1534809999999998 1.3025
2.1475009999999997 1.4015
2.0374989999999995 1.4015
2.65

IMD6d2
4
3.1385189999999996 1.3025
3.6365000000000003 1.3025
3.6365000000000003 1.4015
3.1444989999999997 1.4015
2.65

IMD6d1
4
-1.6925 1.2925
-1.1989239999999999 1.2925
-1.199528 1.3025
-1.6925 1.3025
2.65

IMD6d1
4
-0.475076 1.2925
-0.36192399999999997 1.2925
-0.36252799999999996 1.3025
-0.474472 1.3025
2.65

IMD6d1
4
0.36192399999999997 1.2925
1.0420759999999998 1.2925
1.0414719999999997 1.3025
0.36252799999999996 1.3025
2.65

IMD6d1
4
2.0359239999999996 1.2925
2.1490759999999995 1.2925
2.1484719999999995 1.3025
2.0365279999999997 1.3025
2.65

IMD6d1
4
3.142924 1.2925
3.6365000000000003 1.2925
3.6365000000000003 1.3025
3.143528 1.3025
2.65

IMD6d1
4
-1.6925 1.2745
3.6365000000000003 1.2745
3.6365000000000003 1.2925
-1.6925 1.2925
2.65

FOXA+FOXB+TOX
4
-1.6925 0.001
3.6365000000000003 0.001
3.6365000000000003 0.2665
-1.6925 0.2665
4.0

ILD1a
4
-1.6925 0.2665
3.6365000000000003 0.2665
3.6365000000000003 0.2765
-1.6925 0.2765
7.0

ILD1b1+ILD1b2+ILD1b3
4
-1.6925 0.2765
3.6365000000000003 0.2765
3.6365000000000003 0.3955
-1.6925 0.3955
4.0

IMD1a
4
-1.6925 0.3955
3.6365000000000003 0.3955
3.6365000000000003 0.4065
-1.6925 0.4065
5.2

IMD1b
4
-1.6925 0.4065
3.6365000000000003 0.4065
3.6365000000000003 0.4665
-1.6925 0.4665
2.8

IMD2a
4
-1.6925 0.4665
3.6365000000000003 0.4665
3.6365000000000003 0.4875
-1.6925 0.4875
5.2

IMD2b
4
-1.6925 0.4875
3.6365000000000003 0.4875
3.6365000000000003 0.5025
-1.6925 0.5025
4.2

IMD2c
4
-1.6925 0.5025
3.6365000000000003 0.5025
3.6365000000000003 0.5265
-1.6925 0.5265
3.28

IMD2d1+IMD2d2
4
-1.6925 0.5265
3.6365000000000003 0.5265
3.6365000000000003 0.6535
-1.6925 0.6535
2.65

IMD3a
4
-1.6925 0.6535
3.6365000000000003 0.6535
3.6365000000000003 0.6745
-1.6925 0.6745
5.2

IMD3b
4
-1.6925 0.6745
3.6365000000000003 0.6745
3.6365000000000003 0.6895
-1.6925 0.6895
4.2

IMD3c
4
-1.6925 0.6895
3.6365000000000003 0.6895
3.6365000000000003 0.7135
-1.6925 0.7135
3.28

IMD3d1+IMD3d2
4
-1.6925 0.7135
3.6365000000000003 0.7135
3.6365000000000003 0.8405
-1.6925 0.8405
2.65

IMD4a
4
-1.6925 0.8405
3.6365000000000003 0.8405
3.6365000000000003 0.8615
-1.6925 0.8615
5.2

IMD4b
4
-1.6925 0.8615
3.6365000000000003 0.8615
3.6365000000000003 0.8765
-1.6925 0.8765
4.2

IMD4c
4
-1.6925 0.8765
3.6365000000000003 0.8765
3.6365000000000003 0.9005
-1.6925 0.9005
3.28

IMD4d1+IMD4d2
4
-1.6925 0.9005
3.6365000000000003 0.9005
3.6365000000000003 1.0275
-1.6925 1.0275
2.65

IMD5a
4
-1.6925 1.0275
3.6365000000000003 1.0275
3.6365000000000003 1.0485
-1.6925 1.0485
5.2

IMD5b
4
-1.6925 1.0485
3.6365000000000003 1.0485
3.6365000000000003 1.0635
-1.6925 1.0635
4.2

IMD5c
4
-1.6925 1.0635
3.6365000000000003 1.0635
3.6365000000000003 1.0875
-1.6925 1.0875
3.28

IMD5d1+IMD5d2
4
-1.6925 1.0875
3.6365000000000003 1.0875
3.6365000000000003 1.2145
-1.6925 1.2145
2.65

IMD6a
4
-1.6925 1.2145
3.6365000000000003 1.2145
3.6365000000000003 1.2355
-1.6925 1.2355
5.2

IMD6b
4
-1.6925 1.2355
3.6365000000000003 1.2355
3.6365000000000003 1.2505
-1.6925 1.2505
4.2

IMD6c
4
-1.6925 1.2505
3.6365000000000003 1.2505
3.6365000000000003 1.2745
-1.6925 1.2745
3.28

IMD7a
4
-1.6925 1.4015
3.6365000000000003 1.4015
3.6365000000000003 1.4765
-1.6925 1.4765
5.2

IMD7b1+IMD7b2
4
-1.6925 1.4765
3.6365000000000003 1.4765
3.6365000000000003 2.9765
-1.6925 2.9765
4.2

IMD8a
4
-1.6925 2.9765
3.6365000000000003 2.9765
3.6365000000000003 3.0515
-1.6925 3.0515
5.2

IMD8b1+IMD8b2
4
-1.6925 3.0515
3.6365000000000003 3.0515
3.6365000000000003 4.5515
-1.6925 4.5515
4.2

PASS1
4
-1.6925 4.5515
3.6365000000000003 4.5515
3.6365000000000003 4.6265
-1.6925 4.6265
7.0

PASS2
4
-1.6925 4.6265
3.6365000000000003 4.6265
3.6365000000000003 5.0265
-1.6925 5.0265
4.2

PASS3
4
-1.6925 5.0265
3.6365000000000003 5.0265
3.6365000000000003 5.1015
-1.6925 5.1015
7.0

PASS4+PASS5
4
-1.6925 5.1015
3.6365000000000003 5.1015
3.6365000000000003 6.0515
-1.6925 6.0515
4.2

PASS6
4
-1.6925 6.0515
3.6365000000000003 6.0515
3.6365000000000003 6.6515
-1.6925 6.6515
7.0

air_Layer
4
-1.6925 6.6515
3.6365000000000003 6.6515
3.6365000000000003 6.9485
-1.6925 6.9485
1.0


4
-1.6925 0.001
3.6365000000000003 0.001
3.6365000000000003 6.9485
-1.6925 6.9485

