c1
4
-0.48751 1.3025
0.48751 1.3025
0.49349 1.4015
-0.49349 1.4015

5
botleft
4
-2.1875 -0.001
0 -0.001
0 0.001
-2.1875 0.001

botright
4
0 -0.001
2.6465 -0.001
2.6465 0.001
0 0.001

lEnv
4
-1.68451 1.3025
-0.7094900000000001 1.3025
-0.7035100000000001 1.4015
-1.69049 1.4015

c2
4
0.7814900000000001 1.3025
1.3515099999999998 1.3025
1.3574899999999999 1.4015
0.7755100000000001 1.4015

rEnv
4
1.57349 1.3025
2.1435099999999996 1.3025
2.1494899999999997 1.4015
1.56751 1.4015


57
IMD6d1_damage
4
-1.693924 1.2925
-0.7000760000000001 1.2925
-0.6994720000000001 1.3025
-1.694528 1.3025
3.1

IMD6d1_damage
4
-0.496924 1.2925
0.496924 1.2925
0.49752799999999997 1.3025
-0.49752799999999997 1.3025
3.1

IMD6d1_damage
4
0.7720760000000002 1.2925
1.3609239999999998 1.2925
1.3615279999999998 1.3025
0.7714720000000002 1.3025
3.1

IMD6d1_damage
4
1.564076 1.2925
2.1529239999999996 1.2925
2.1535279999999997 1.3025
1.563472 1.3025
3.1

IMD6d2_damage
4
-1.689519 1.3025
-1.68451 1.3025
-1.69049 1.4015
-1.695499 1.4015
2.9

IMD6d2_damage
4
-0.7094900000000001 1.3025
-0.704481 1.3025
-0.698501 1.4015
-0.7035100000000001 1.4015
2.9

IMD6d2_damage
4
-0.492519 1.3025
-0.48751 1.3025
-0.49349 1.4015
-0.49849899999999997 1.4015
2.9

IMD6d2_damage
4
0.48751 1.3025
0.492519 1.3025
0.49849899999999997 1.4015
0.49349 1.4015
2.9

IMD6d2_damage
4
0.7764810000000001 1.3025
0.7814900000000001 1.3025
0.7755100000000001 1.4015
0.7705010000000001 1.4015
2.9

IMD6d2_damage
4
1.3515099999999998 1.3025
1.3565189999999998 1.3025
1.362499 1.4015
1.3574899999999999 1.4015
2.9

IMD6d2_damage
4
1.568481 1.3025
1.57349 1.3025
1.56751 1.4015
1.562501 1.4015
2.9

IMD6d2_damage
4
2.1435099999999996 1.3025
2.1485189999999994 1.3025
2.1544989999999995 1.4015
2.1494899999999997 1.4015
2.9

IMD6d2
4
-2.1875 1.3025
-1.689519 1.3025
-1.695499 1.4015
-2.1875 1.4015
2.65

IMD6d2
4
-0.704481 1.3025
-0.492519 1.3025
-0.49849899999999997 1.4015
-0.698501 1.4015
2.65

IMD6d2
4
0.492519 1.3025
0.7764810000000001 1.3025
0.7705010000000001 1.4015
0.49849899999999997 1.4015
2.65

IMD6d2
4
1.3565189999999998 1.3025
1.568481 1.3025
1.562501 1.4015
1.362499 1.4015
2.65

IMD6d2
4
2.1485189999999994 1.3025
2.6465 1.3025
2.6465 1.4015
2.1544989999999995 1.4015
2.65

IMD6d1
4
-2.1875 1.2925
-1.693924 1.2925
-1.694528 1.3025
-2.1875 1.3025
2.65

IMD6d1
4
-0.7000760000000001 1.2925
-0.496924 1.2925
-0.49752799999999997 1.3025
-0.6994720000000001 1.3025
2.65

IMD6d1
4
0.496924 1.2925
0.7720760000000002 1.2925
0.7714720000000002 1.3025
0.49752799999999997 1.3025
2.65

IMD6d1
4
1.3609239999999998 1.2925
1.564076 1.2925
1.563472 1.3025
1.3615279999999998 1.3025
2.65

IMD6d1
4
2.1529239999999996 1.2925
2.6465 1.2925
2.6465 1.3025
2.1535279999999997 1.3025
2.65

IMD6d1
4
-2.1875 1.2745
2.6465 1.2745
2.6465 1.2925
-2.1875 1.2925
2.65

FOXA+FOXB+TOX
4
-2.1875 0.001
2.6465 0.001
2.6465 0.2665
-2.1875 0.2665
4.0

ILD1a
4
-2.1875 0.2665
2.6465 0.2665
2.6465 0.2765
-2.1875 0.2765
7.0

ILD1b1+ILD1b2+ILD1b3
4
-2.1875 0.2765
2.6465 0.2765
2.6465 0.3955
-2.1875 0.3955
4.0

IMD1a
4
-2.1875 0.3955
2.6465 0.3955
2.6465 0.4065
-2.1875 0.4065
5.2

IMD1b
4
-2.1875 0.4065
2.6465 0.4065
2.6465 0.4665
-2.1875 0.4665
2.8

IMD2a
4
-2.1875 0.4665
2.6465 0.4665
2.6465 0.4875
-2.1875 0.4875
5.2

IMD2b
4
-2.1875 0.4875
2.6465 0.4875
2.6465 0.5025
-2.1875 0.5025
4.2

IMD2c
4
-2.1875 0.5025
2.6465 0.5025
2.6465 0.5265
-2.1875 0.5265
3.28

IMD2d1+IMD2d2
4
-2.1875 0.5265
2.6465 0.5265
2.6465 0.6535
-2.1875 0.6535
2.65

IMD3a
4
-2.1875 0.6535
2.6465 0.6535
2.6465 0.6745
-2.1875 0.6745
5.2

IMD3b
4
-2.1875 0.6745
2.6465 0.6745
2.6465 0.6895
-2.1875 0.6895
4.2

IMD3c
4
-2.1875 0.6895
2.6465 0.6895
2.6465 0.7135
-2.1875 0.7135
3.28

IMD3d1+IMD3d2
4
-2.1875 0.7135
2.6465 0.7135
2.6465 0.8405
-2.1875 0.8405
2.65

IMD4a
4
-2.1875 0.8405
2.6465 0.8405
2.6465 0.8615
-2.1875 0.8615
5.2

IMD4b
4
-2.1875 0.8615
2.6465 0.8615
2.6465 0.8765
-2.1875 0.8765
4.2

IMD4c
4
-2.1875 0.8765
2.6465 0.8765
2.6465 0.9005
-2.1875 0.9005
3.28

IMD4d1+IMD4d2
4
-2.1875 0.9005
2.6465 0.9005
2.6465 1.0275
-2.1875 1.0275
2.65

IMD5a
4
-2.1875 1.0275
2.6465 1.0275
2.6465 1.0485
-2.1875 1.0485
5.2

IMD5b
4
-2.1875 1.0485
2.6465 1.0485
2.6465 1.0635
-2.1875 1.0635
4.2

IMD5c
4
-2.1875 1.0635
2.6465 1.0635
2.6465 1.0875
-2.1875 1.0875
3.28

IMD5d1+IMD5d2
4
-2.1875 1.0875
2.6465 1.0875
2.6465 1.2145
-2.1875 1.2145
2.65

IMD6a
4
-2.1875 1.2145
2.6465 1.2145
2.6465 1.2355
-2.1875 1.2355
5.2

IMD6b
4
-2.1875 1.2355
2.6465 1.2355
2.6465 1.2505
-2.1875 1.2505
4.2

IMD6c
4
-2.1875 1.2505
2.6465 1.2505
2.6465 1.2745
-2.1875 1.2745
3.28

IMD7a
4
-2.1875 1.4015
2.6465 1.4015
2.6465 1.4765
-2.1875 1.4765
5.2

IMD7b1+IMD7b2
4
-2.1875 1.4765
2.6465 1.4765
2.6465 2.9765
-2.1875 2.9765
4.2

IMD8a
4
-2.1875 2.9765
2.6465 2.9765
2.6465 3.0515
-2.1875 3.0515
5.2

IMD8b1+IMD8b2
4
-2.1875 3.0515
2.6465 3.0515
2.6465 4.5515
-2.1875 4.5515
4.2

PASS1
4
-2.1875 4.5515
2.6465 4.5515
2.6465 4.6265
-2.1875 4.6265
7.0

PASS2
4
-2.1875 4.6265
2.6465 4.6265
2.6465 5.0265
-2.1875 5.0265
4.2

PASS3
4
-2.1875 5.0265
2.6465 5.0265
2.6465 5.1015
-2.1875 5.1015
7.0

PASS4+PASS5
4
-2.1875 5.1015
2.6465 5.1015
2.6465 6.0515
-2.1875 6.0515
4.2

PASS6
4
-2.1875 6.0515
2.6465 6.0515
2.6465 6.6515
-2.1875 6.6515
7.0

air_Layer
4
-2.1875 6.6515
2.6465 6.6515
2.6465 6.9485
-2.1875 6.9485
1.0


4
-2.1875 0.001
2.6465 0.001
2.6465 6.9485
-2.1875 6.9485

