c1
4
-0.15000999999999995 1.3025
0.15000999999999995 1.3025
0.15598999999999996 1.4015
-0.15598999999999996 1.4015

5
botleft
4
-1.175 -0.001
0 -0.001
0 0.001
-1.175 0.001

botright
4
0 -0.001
2.8039999999999994 -0.001
2.8039999999999994 0.001
0 0.001

lEnv
4
-0.67201 1.3025
-0.37199 1.3025
-0.36601 1.4015
-0.67799 1.4015

c2
4
0.9389899999999998 1.3025
1.5090099999999995 1.3025
1.5149899999999996 1.4015
0.9330099999999998 1.4015

rEnv
4
1.7309899999999998 1.3025
2.3010099999999993 1.3025
2.3069899999999994 1.4015
1.7250099999999997 1.4015


57
IMD6d1_damage
4
-0.6814239999999999 1.2925
-0.362576 1.2925
-0.361972 1.3025
-0.682028 1.3025
3.1

IMD6d1_damage
4
-0.15942399999999995 1.2925
0.15942399999999995 1.2925
0.16002799999999995 1.3025
-0.16002799999999995 1.3025
3.1

IMD6d1_damage
4
0.9295759999999998 1.2925
1.5184239999999996 1.2925
1.5190279999999996 1.3025
0.9289719999999998 1.3025
3.1

IMD6d1_damage
4
1.7215759999999998 1.2925
2.3104239999999994 1.2925
2.3110279999999994 1.3025
1.7209719999999997 1.3025
3.1

IMD6d2_damage
4
-0.677019 1.3025
-0.67201 1.3025
-0.67799 1.4015
-0.682999 1.4015
2.9

IMD6d2_damage
4
-0.37199 1.3025
-0.366981 1.3025
-0.361001 1.4015
-0.36601 1.4015
2.9

IMD6d2_damage
4
-0.15501899999999996 1.3025
-0.15000999999999995 1.3025
-0.15598999999999996 1.4015
-0.16099899999999998 1.4015
2.9

IMD6d2_damage
4
0.15000999999999995 1.3025
0.15501899999999996 1.3025
0.16099899999999998 1.4015
0.15598999999999996 1.4015
2.9

IMD6d2_damage
4
0.9339809999999997 1.3025
0.9389899999999998 1.3025
0.9330099999999998 1.4015
0.9280009999999997 1.4015
2.9

IMD6d2_damage
4
1.5090099999999995 1.3025
1.5140189999999996 1.3025
1.5199989999999997 1.4015
1.5149899999999996 1.4015
2.9

IMD6d2_damage
4
1.7259809999999998 1.3025
1.7309899999999998 1.3025
1.7250099999999997 1.4015
1.7200009999999997 1.4015
2.9

IMD6d2_damage
4
2.3010099999999993 1.3025
2.306018999999999 1.3025
2.3119989999999992 1.4015
2.3069899999999994 1.4015
2.9

IMD6d2
4
-1.175 1.3025
-0.677019 1.3025
-0.682999 1.4015
-1.175 1.4015
2.65

IMD6d2
4
-0.366981 1.3025
-0.15501899999999996 1.3025
-0.16099899999999998 1.4015
-0.361001 1.4015
2.65

IMD6d2
4
0.15501899999999996 1.3025
0.9339809999999997 1.3025
0.9280009999999997 1.4015
0.16099899999999998 1.4015
2.65

IMD6d2
4
1.5140189999999996 1.3025
1.7259809999999998 1.3025
1.7200009999999997 1.4015
1.5199989999999997 1.4015
2.65

IMD6d2
4
2.306018999999999 1.3025
2.8039999999999994 1.3025
2.8039999999999994 1.4015
2.3119989999999992 1.4015
2.65

IMD6d1
4
-1.175 1.2925
-0.6814239999999999 1.2925
-0.682028 1.3025
-1.175 1.3025
2.65

IMD6d1
4
-0.362576 1.2925
-0.15942399999999995 1.2925
-0.16002799999999995 1.3025
-0.361972 1.3025
2.65

IMD6d1
4
0.15942399999999995 1.2925
0.9295759999999998 1.2925
0.9289719999999998 1.3025
0.16002799999999995 1.3025
2.65

IMD6d1
4
1.5184239999999996 1.2925
1.7215759999999998 1.2925
1.7209719999999997 1.3025
1.5190279999999996 1.3025
2.65

IMD6d1
4
2.3104239999999994 1.2925
2.8039999999999994 1.2925
2.8039999999999994 1.3025
2.3110279999999994 1.3025
2.65

IMD6d1
4
-1.175 1.2745
2.8039999999999994 1.2745
2.8039999999999994 1.2925
-1.175 1.2925
2.65

FOXA+FOXB+TOX
4
-1.175 0.001
2.8039999999999994 0.001
2.8039999999999994 0.2665
-1.175 0.2665
4.0

ILD1a
4
-1.175 0.2665
2.8039999999999994 0.2665
2.8039999999999994 0.2765
-1.175 0.2765
7.0

ILD1b1+ILD1b2+ILD1b3
4
-1.175 0.2765
2.8039999999999994 0.2765
2.8039999999999994 0.3955
-1.175 0.3955
4.0

IMD1a
4
-1.175 0.3955
2.8039999999999994 0.3955
2.8039999999999994 0.4065
-1.175 0.4065
5.2

IMD1b
4
-1.175 0.4065
2.8039999999999994 0.4065
2.8039999999999994 0.4665
-1.175 0.4665
2.8

IMD2a
4
-1.175 0.4665
2.8039999999999994 0.4665
2.8039999999999994 0.4875
-1.175 0.4875
5.2

IMD2b
4
-1.175 0.4875
2.8039999999999994 0.4875
2.8039999999999994 0.5025
-1.175 0.5025
4.2

IMD2c
4
-1.175 0.5025
2.8039999999999994 0.5025
2.8039999999999994 0.5265
-1.175 0.5265
3.28

IMD2d1+IMD2d2
4
-1.175 0.5265
2.8039999999999994 0.5265
2.8039999999999994 0.6535
-1.175 0.6535
2.65

IMD3a
4
-1.175 0.6535
2.8039999999999994 0.6535
2.8039999999999994 0.6745
-1.175 0.6745
5.2

IMD3b
4
-1.175 0.6745
2.8039999999999994 0.6745
2.8039999999999994 0.6895
-1.175 0.6895
4.2

IMD3c
4
-1.175 0.6895
2.8039999999999994 0.6895
2.8039999999999994 0.7135
-1.175 0.7135
3.28

IMD3d1+IMD3d2
4
-1.175 0.7135
2.8039999999999994 0.7135
2.8039999999999994 0.8405
-1.175 0.8405
2.65

IMD4a
4
-1.175 0.8405
2.8039999999999994 0.8405
2.8039999999999994 0.8615
-1.175 0.8615
5.2

IMD4b
4
-1.175 0.8615
2.8039999999999994 0.8615
2.8039999999999994 0.8765
-1.175 0.8765
4.2

IMD4c
4
-1.175 0.8765
2.8039999999999994 0.8765
2.8039999999999994 0.9005
-1.175 0.9005
3.28

IMD4d1+IMD4d2
4
-1.175 0.9005
2.8039999999999994 0.9005
2.8039999999999994 1.0275
-1.175 1.0275
2.65

IMD5a
4
-1.175 1.0275
2.8039999999999994 1.0275
2.8039999999999994 1.0485
-1.175 1.0485
5.2

IMD5b
4
-1.175 1.0485
2.8039999999999994 1.0485
2.8039999999999994 1.0635
-1.175 1.0635
4.2

IMD5c
4
-1.175 1.0635
2.8039999999999994 1.0635
2.8039999999999994 1.0875
-1.175 1.0875
3.28

IMD5d1+IMD5d2
4
-1.175 1.0875
2.8039999999999994 1.0875
2.8039999999999994 1.2145
-1.175 1.2145
2.65

IMD6a
4
-1.175 1.2145
2.8039999999999994 1.2145
2.8039999999999994 1.2355
-1.175 1.2355
5.2

IMD6b
4
-1.175 1.2355
2.8039999999999994 1.2355
2.8039999999999994 1.2505
-1.175 1.2505
4.2

IMD6c
4
-1.175 1.2505
2.8039999999999994 1.2505
2.8039999999999994 1.2745
-1.175 1.2745
3.28

IMD7a
4
-1.175 1.4015
2.8039999999999994 1.4015
2.8039999999999994 1.4765
-1.175 1.4765
5.2

IMD7b1+IMD7b2
4
-1.175 1.4765
2.8039999999999994 1.4765
2.8039999999999994 2.9765
-1.175 2.9765
4.2

IMD8a
4
-1.175 2.9765
2.8039999999999994 2.9765
2.8039999999999994 3.0515
-1.175 3.0515
5.2

IMD8b1+IMD8b2
4
-1.175 3.0515
2.8039999999999994 3.0515
2.8039999999999994 4.5515
-1.175 4.5515
4.2

PASS1
4
-1.175 4.5515
2.8039999999999994 4.5515
2.8039999999999994 4.6265
-1.175 4.6265
7.0

PASS2
4
-1.175 4.6265
2.8039999999999994 4.6265
2.8039999999999994 5.0265
-1.175 5.0265
4.2

PASS3
4
-1.175 5.0265
2.8039999999999994 5.0265
2.8039999999999994 5.1015
-1.175 5.1015
7.0

PASS4+PASS5
4
-1.175 5.1015
2.8039999999999994 5.1015
2.8039999999999994 6.0515
-1.175 6.0515
4.2

PASS6
4
-1.175 6.0515
2.8039999999999994 6.0515
2.8039999999999994 6.6515
-1.175 6.6515
7.0

air_Layer
4
-1.175 6.6515
2.8039999999999994 6.6515
2.8039999999999994 6.9485
-1.175 6.9485
1.0


4
-1.175 0.001
2.8039999999999994 0.001
2.8039999999999994 6.9485
-1.175 6.9485

