c1
4
-0.05842 0.37050000000000005
0.05841999999999997 0.37050000000000005
0.06757999999999997 0.4665
-0.06758 0.4665

5
botleft
4
-0.7250000000000001 -0.001
0 -0.001
0 0.001
-0.7250000000000001 0.001

botright
4
0 -0.001
0.8689999999999999 -0.001
0.8689999999999999 0.001
0 0.001

lEnv
4
-0.22042 0.37050000000000005
-0.10358 0.37050000000000005
-0.09442 0.4665
-0.22958 0.4665

c2
4
0.26558 0.37050000000000005
0.29241999999999996 0.37050000000000005
0.30157999999999996 0.4665
0.25642 0.4665

rEnv
4
0.33757999999999994 0.37050000000000005
0.3644199999999999 0.37050000000000005
0.3735799999999999 0.4665
0.32841999999999993 0.4665


48
IMD1b
4
-0.7250000000000001 0.40650000000000003
-0.223855 0.40650000000000003
-0.22958 0.4665
-0.7250000000000001 0.4665
2.8

IMD1b
4
-0.100145 0.40650000000000003
-0.061855 0.40650000000000003
-0.06758 0.4665
-0.09442 0.4665
2.8

IMD1b
4
0.06185499999999997 0.40650000000000003
0.26214499999999996 0.40650000000000003
0.25642 0.4665
0.06757999999999997 0.4665
2.8

IMD1b
4
0.295855 0.40650000000000003
0.3341449999999999 0.40650000000000003
0.32841999999999993 0.4665
0.30157999999999996 0.4665
2.8

IMD1b
4
0.36785499999999993 0.40650000000000003
0.8689999999999999 0.40650000000000003
0.8689999999999999 0.4665
0.3735799999999999 0.4665
2.8

IMD1a
4
-0.7250000000000001 0.3955
-0.22280541666666667 0.3955
-0.223855 0.40650000000000003
-0.7250000000000001 0.40650000000000003
5.2

IMD1a
4
-0.10119458333333334 0.3955
-0.06080541666666667 0.3955
-0.061855 0.40650000000000003
-0.100145 0.40650000000000003
5.2

IMD1a
4
0.06080541666666664 0.3955
0.2631945833333333 0.3955
0.26214499999999996 0.40650000000000003
0.06185499999999997 0.40650000000000003
5.2

IMD1a
4
0.29480541666666665 0.3955
0.33519458333333324 0.3955
0.3341449999999999 0.40650000000000003
0.295855 0.40650000000000003
5.2

IMD1a
4
0.3668054166666666 0.3955
0.8689999999999999 0.3955
0.8689999999999999 0.40650000000000003
0.36785499999999993 0.40650000000000003
5.2

ILD1b3
4
-0.7250000000000001 0.37050000000000005
-0.22042 0.37050000000000005
-0.22280541666666667 0.3955
-0.7250000000000001 0.3955
4

ILD1b3
4
-0.10358 0.37050000000000005
-0.05842 0.37050000000000005
-0.06080541666666667 0.3955
-0.10119458333333334 0.3955
4

ILD1b3
4
0.05841999999999997 0.37050000000000005
0.26558 0.37050000000000005
0.2631945833333333 0.3955
0.06080541666666664 0.3955
4

ILD1b3
4
0.29241999999999996 0.37050000000000005
0.33757999999999994 0.37050000000000005
0.33519458333333324 0.3955
0.29480541666666665 0.3955
4

ILD1b3
4
0.3644199999999999 0.37050000000000005
0.8689999999999999 0.37050000000000005
0.8689999999999999 0.3955
0.3668054166666666 0.3955
4

ILD1b1+ILD1b2
4
-0.7250000000000001 0.2765
0.8689999999999999 0.2765
0.8689999999999999 0.37050000000000005
-0.7250000000000001 0.37050000000000005
4

FOXA+FOXB+TOX
4
-0.7250000000000001 0.001
0.8689999999999999 0.001
0.8689999999999999 0.2665
-0.7250000000000001 0.2665
4.0

ILD1a
4
-0.7250000000000001 0.2665
0.8689999999999999 0.2665
0.8689999999999999 0.2765
-0.7250000000000001 0.2765
7.0

IMD2a
4
-0.7250000000000001 0.4665
0.8689999999999999 0.4665
0.8689999999999999 0.4875
-0.7250000000000001 0.4875
5.2

IMD2b
4
-0.7250000000000001 0.4875
0.8689999999999999 0.4875
0.8689999999999999 0.5025
-0.7250000000000001 0.5025
4.2

IMD2c
4
-0.7250000000000001 0.5025
0.8689999999999999 0.5025
0.8689999999999999 0.5265
-0.7250000000000001 0.5265
3.28

IMD2d1+IMD2d2
4
-0.7250000000000001 0.5265
0.8689999999999999 0.5265
0.8689999999999999 0.6535
-0.7250000000000001 0.6535
2.65

IMD3a
4
-0.7250000000000001 0.6535
0.8689999999999999 0.6535
0.8689999999999999 0.6745
-0.7250000000000001 0.6745
5.2

IMD3b
4
-0.7250000000000001 0.6745
0.8689999999999999 0.6745
0.8689999999999999 0.6895
-0.7250000000000001 0.6895
4.2

IMD3c
4
-0.7250000000000001 0.6895
0.8689999999999999 0.6895
0.8689999999999999 0.7135
-0.7250000000000001 0.7135
3.28

IMD3d1+IMD3d2
4
-0.7250000000000001 0.7135
0.8689999999999999 0.7135
0.8689999999999999 0.8405
-0.7250000000000001 0.8405
2.65

IMD4a
4
-0.7250000000000001 0.8405
0.8689999999999999 0.8405
0.8689999999999999 0.8615
-0.7250000000000001 0.8615
5.2

IMD4b
4
-0.7250000000000001 0.8615
0.8689999999999999 0.8615
0.8689999999999999 0.8765
-0.7250000000000001 0.8765
4.2

IMD4c
4
-0.7250000000000001 0.8765
0.8689999999999999 0.8765
0.8689999999999999 0.9005
-0.7250000000000001 0.9005
3.28

IMD4d1+IMD4d2
4
-0.7250000000000001 0.9005
0.8689999999999999 0.9005
0.8689999999999999 1.0275
-0.7250000000000001 1.0275
2.65

IMD5a
4
-0.7250000000000001 1.0275
0.8689999999999999 1.0275
0.8689999999999999 1.0485
-0.7250000000000001 1.0485
5.2

IMD5b
4
-0.7250000000000001 1.0485
0.8689999999999999 1.0485
0.8689999999999999 1.0635
-0.7250000000000001 1.0635
4.2

IMD5c
4
-0.7250000000000001 1.0635
0.8689999999999999 1.0635
0.8689999999999999 1.0875
-0.7250000000000001 1.0875
3.28

IMD5d1+IMD5d2
4
-0.7250000000000001 1.0875
0.8689999999999999 1.0875
0.8689999999999999 1.2145
-0.7250000000000001 1.2145
2.65

IMD6a
4
-0.7250000000000001 1.2145
0.8689999999999999 1.2145
0.8689999999999999 1.2355
-0.7250000000000001 1.2355
5.2

IMD6b
4
-0.7250000000000001 1.2355
0.8689999999999999 1.2355
0.8689999999999999 1.2505
-0.7250000000000001 1.2505
4.2

IMD6c
4
-0.7250000000000001 1.2505
0.8689999999999999 1.2505
0.8689999999999999 1.2745
-0.7250000000000001 1.2745
3.28

IMD6d1+IMD6d2
4
-0.7250000000000001 1.2745
0.8689999999999999 1.2745
0.8689999999999999 1.4015
-0.7250000000000001 1.4015
2.65

IMD7a
4
-0.7250000000000001 1.4015
0.8689999999999999 1.4015
0.8689999999999999 1.4765
-0.7250000000000001 1.4765
5.2

IMD7b1+IMD7b2
4
-0.7250000000000001 1.4765
0.8689999999999999 1.4765
0.8689999999999999 2.9765
-0.7250000000000001 2.9765
4.2

IMD8a
4
-0.7250000000000001 2.9765
0.8689999999999999 2.9765
0.8689999999999999 3.0515
-0.7250000000000001 3.0515
5.2

IMD8b1+IMD8b2
4
-0.7250000000000001 3.0515
0.8689999999999999 3.0515
0.8689999999999999 4.5515
-0.7250000000000001 4.5515
4.2

PASS1
4
-0.7250000000000001 4.5515
0.8689999999999999 4.5515
0.8689999999999999 4.6265
-0.7250000000000001 4.6265
7.0

PASS2
4
-0.7250000000000001 4.6265
0.8689999999999999 4.6265
0.8689999999999999 5.0265
-0.7250000000000001 5.0265
4.2

PASS3
4
-0.7250000000000001 5.0265
0.8689999999999999 5.0265
0.8689999999999999 5.1015
-0.7250000000000001 5.1015
7.0

PASS4+PASS5
4
-0.7250000000000001 5.1015
0.8689999999999999 5.1015
0.8689999999999999 6.0515
-0.7250000000000001 6.0515
4.2

PASS6
4
-0.7250000000000001 6.0515
0.8689999999999999 6.0515
0.8689999999999999 6.6515
-0.7250000000000001 6.6515
7.0

air_Layer
4
-0.7250000000000001 6.6515
0.8689999999999999 6.6515
0.8689999999999999 6.9485
-0.7250000000000001 6.9485
1.0


4
-0.7250000000000001 0.001
0.8689999999999999 0.001
0.8689999999999999 6.9485
-0.7250000000000001 6.9485

