c1
4
-0.15001 0.7415
0.15001 0.7415
0.15599000000000002 0.8405
-0.15599000000000002 0.8405

5
botleft
4
-0.995 -0.001
0 -0.001
0 0.001
-0.995 0.001

botright
4
0 -0.001
2.8039999999999994 -0.001
2.8039999999999994 0.001
0 0.001

lEnv
4
-0.49201 0.7415
-0.19199000000000002 0.7415
-0.18601 0.8405
-0.49799 0.8405

c2
4
0.84899 0.7415
1.5540099999999997 0.7415
1.5599899999999998 0.8405
0.84301 0.8405

rEnv
4
1.5959899999999998 0.7415
2.3010099999999993 0.7415
2.3069899999999994 0.8405
1.5900099999999997 0.8405


57
IMD3d1_damage
4
-0.501424 0.7315
-0.18257600000000002 0.7315
-0.18197200000000002 0.7415
-0.502028 0.7415
3.1

IMD3d1_damage
4
-0.159424 0.7315
0.159424 0.7315
0.160028 0.7415
-0.160028 0.7415
3.1

IMD3d1_damage
4
0.8395760000000001 0.7315
1.5634239999999997 0.7315
1.5640279999999998 0.7415
0.838972 0.7415
3.1

IMD3d1_damage
4
1.5865759999999998 0.7315
2.3104239999999994 0.7315
2.3110279999999994 0.7415
1.5859719999999997 0.7415
3.1

IMD3d2_damage
4
-0.497019 0.7415
-0.49201 0.7415
-0.49799 0.8405
-0.502999 0.8405
2.9

IMD3d2_damage
4
-0.19199000000000002 0.7415
-0.186981 0.7415
-0.181001 0.8405
-0.18601 0.8405
2.9

IMD3d2_damage
4
-0.15501900000000002 0.7415
-0.15001 0.7415
-0.15599000000000002 0.8405
-0.16099900000000003 0.8405
2.9

IMD3d2_damage
4
0.15001 0.7415
0.15501900000000002 0.7415
0.16099900000000003 0.8405
0.15599000000000002 0.8405
2.9

IMD3d2_damage
4
0.843981 0.7415
0.84899 0.7415
0.84301 0.8405
0.838001 0.8405
2.9

IMD3d2_damage
4
1.5540099999999997 0.7415
1.5590189999999997 0.7415
1.5649989999999998 0.8405
1.5599899999999998 0.8405
2.9

IMD3d2_damage
4
1.5909809999999998 0.7415
1.5959899999999998 0.7415
1.5900099999999997 0.8405
1.5850009999999997 0.8405
2.9

IMD3d2_damage
4
2.3010099999999993 0.7415
2.306018999999999 0.7415
2.3119989999999992 0.8405
2.3069899999999994 0.8405
2.9

IMD3d2
4
-0.995 0.7415
-0.497019 0.7415
-0.502999 0.8405
-0.995 0.8405
2.65

IMD3d2
4
-0.186981 0.7415
-0.15501900000000002 0.7415
-0.16099900000000003 0.8405
-0.181001 0.8405
2.65

IMD3d2
4
0.15501900000000002 0.7415
0.843981 0.7415
0.838001 0.8405
0.16099900000000003 0.8405
2.65

IMD3d2
4
1.5590189999999997 0.7415
1.5909809999999998 0.7415
1.5850009999999997 0.8405
1.5649989999999998 0.8405
2.65

IMD3d2
4
2.306018999999999 0.7415
2.8039999999999994 0.7415
2.8039999999999994 0.8405
2.3119989999999992 0.8405
2.65

IMD3d1
4
-0.995 0.7315
-0.501424 0.7315
-0.502028 0.7415
-0.995 0.7415
2.65

IMD3d1
4
-0.18257600000000002 0.7315
-0.159424 0.7315
-0.160028 0.7415
-0.18197200000000002 0.7415
2.65

IMD3d1
4
0.159424 0.7315
0.8395760000000001 0.7315
0.838972 0.7415
0.160028 0.7415
2.65

IMD3d1
4
1.5634239999999997 0.7315
1.5865759999999998 0.7315
1.5859719999999997 0.7415
1.5640279999999998 0.7415
2.65

IMD3d1
4
2.3104239999999994 0.7315
2.8039999999999994 0.7315
2.8039999999999994 0.7415
2.3110279999999994 0.7415
2.65

IMD3d1
4
-0.995 0.7135
2.8039999999999994 0.7135
2.8039999999999994 0.7315
-0.995 0.7315
2.65

FOXA+FOXB+TOX
4
-0.995 0.001
2.8039999999999994 0.001
2.8039999999999994 0.2665
-0.995 0.2665
4.0

ILD1a
4
-0.995 0.2665
2.8039999999999994 0.2665
2.8039999999999994 0.2765
-0.995 0.2765
7.0

ILD1b1+ILD1b2+ILD1b3
4
-0.995 0.2765
2.8039999999999994 0.2765
2.8039999999999994 0.3955
-0.995 0.3955
4.0

IMD1a
4
-0.995 0.3955
2.8039999999999994 0.3955
2.8039999999999994 0.4065
-0.995 0.4065
5.2

IMD1b
4
-0.995 0.4065
2.8039999999999994 0.4065
2.8039999999999994 0.4665
-0.995 0.4665
2.8

IMD2a
4
-0.995 0.4665
2.8039999999999994 0.4665
2.8039999999999994 0.4875
-0.995 0.4875
5.2

IMD2b
4
-0.995 0.4875
2.8039999999999994 0.4875
2.8039999999999994 0.5025
-0.995 0.5025
4.2

IMD2c
4
-0.995 0.5025
2.8039999999999994 0.5025
2.8039999999999994 0.5265
-0.995 0.5265
3.28

IMD2d1+IMD2d2
4
-0.995 0.5265
2.8039999999999994 0.5265
2.8039999999999994 0.6535
-0.995 0.6535
2.65

IMD3a
4
-0.995 0.6535
2.8039999999999994 0.6535
2.8039999999999994 0.6745
-0.995 0.6745
5.2

IMD3b
4
-0.995 0.6745
2.8039999999999994 0.6745
2.8039999999999994 0.6895
-0.995 0.6895
4.2

IMD3c
4
-0.995 0.6895
2.8039999999999994 0.6895
2.8039999999999994 0.7135
-0.995 0.7135
3.28

IMD4a
4
-0.995 0.8405
2.8039999999999994 0.8405
2.8039999999999994 0.8615
-0.995 0.8615
5.2

IMD4b
4
-0.995 0.8615
2.8039999999999994 0.8615
2.8039999999999994 0.8765
-0.995 0.8765
4.2

IMD4c
4
-0.995 0.8765
2.8039999999999994 0.8765
2.8039999999999994 0.9005
-0.995 0.9005
3.28

IMD4d1+IMD4d2
4
-0.995 0.9005
2.8039999999999994 0.9005
2.8039999999999994 1.0275
-0.995 1.0275
2.65

IMD5a
4
-0.995 1.0275
2.8039999999999994 1.0275
2.8039999999999994 1.0485
-0.995 1.0485
5.2

IMD5b
4
-0.995 1.0485
2.8039999999999994 1.0485
2.8039999999999994 1.0635
-0.995 1.0635
4.2

IMD5c
4
-0.995 1.0635
2.8039999999999994 1.0635
2.8039999999999994 1.0875
-0.995 1.0875
3.28

IMD5d1+IMD5d2
4
-0.995 1.0875
2.8039999999999994 1.0875
2.8039999999999994 1.2145
-0.995 1.2145
2.65

IMD6a
4
-0.995 1.2145
2.8039999999999994 1.2145
2.8039999999999994 1.2355
-0.995 1.2355
5.2

IMD6b
4
-0.995 1.2355
2.8039999999999994 1.2355
2.8039999999999994 1.2505
-0.995 1.2505
4.2

IMD6c
4
-0.995 1.2505
2.8039999999999994 1.2505
2.8039999999999994 1.2745
-0.995 1.2745
3.28

IMD6d1+IMD6d2
4
-0.995 1.2745
2.8039999999999994 1.2745
2.8039999999999994 1.4015
-0.995 1.4015
2.65

IMD7a
4
-0.995 1.4015
2.8039999999999994 1.4015
2.8039999999999994 1.4765
-0.995 1.4765
5.2

IMD7b1+IMD7b2
4
-0.995 1.4765
2.8039999999999994 1.4765
2.8039999999999994 2.9765
-0.995 2.9765
4.2

IMD8a
4
-0.995 2.9765
2.8039999999999994 2.9765
2.8039999999999994 3.0515
-0.995 3.0515
5.2

IMD8b1+IMD8b2
4
-0.995 3.0515
2.8039999999999994 3.0515
2.8039999999999994 4.5515
-0.995 4.5515
4.2

PASS1
4
-0.995 4.5515
2.8039999999999994 4.5515
2.8039999999999994 4.6265
-0.995 4.6265
7.0

PASS2
4
-0.995 4.6265
2.8039999999999994 4.6265
2.8039999999999994 5.0265
-0.995 5.0265
4.2

PASS3
4
-0.995 5.0265
2.8039999999999994 5.0265
2.8039999999999994 5.1015
-0.995 5.1015
7.0

PASS4+PASS5
4
-0.995 5.1015
2.8039999999999994 5.1015
2.8039999999999994 6.0515
-0.995 6.0515
4.2

PASS6
4
-0.995 6.0515
2.8039999999999994 6.0515
2.8039999999999994 6.6515
-0.995 6.6515
7.0

air_Layer
4
-0.995 6.6515
2.8039999999999994 6.6515
2.8039999999999994 6.9485
-0.995 6.9485
1.0


4
-0.995 0.001
2.8039999999999994 0.001
2.8039999999999994 6.9485
-0.995 6.9485

