c1
4
-0.28501 1.1155
0.28501 1.1155
0.29098999999999997 1.2145
-0.29098999999999997 1.2145

5
botleft
4
-1.49 -0.001
0 -0.001
0 0.001
-1.49 0.001

botright
4
0 -0.001
3.2990000000000004 -0.001
3.2990000000000004 0.001
0 0.001

lEnv
4
-0.9870099999999999 1.1155
-0.41698999999999997 1.1155
-0.41101 1.2145
-0.9929899999999999 1.2145

c2
4
0.9839899999999999 1.1155
1.82401 1.1155
1.82999 1.2145
0.9780099999999999 1.2145

rEnv
4
1.95599 1.1155
2.79601 1.1155
2.80199 1.2145
1.9500099999999998 1.2145


57
IMD5d1_damage
4
-0.9964239999999999 1.1055
-0.407576 1.1055
-0.406972 1.1155
-0.9970279999999999 1.1155
3.1

IMD5d1_damage
4
-0.29442399999999996 1.1055
0.29442399999999996 1.1055
0.29502799999999996 1.1155
-0.29502799999999996 1.1155
3.1

IMD5d1_damage
4
0.974576 1.1055
1.833424 1.1055
1.834028 1.1155
0.973972 1.1155
3.1

IMD5d1_damage
4
1.9465759999999999 1.1055
2.805424 1.1055
2.806028 1.1155
1.9459719999999998 1.1155
3.1

IMD5d2_damage
4
-0.992019 1.1155
-0.9870099999999999 1.1155
-0.9929899999999999 1.2145
-0.997999 1.2145
2.9

IMD5d2_damage
4
-0.41698999999999997 1.1155
-0.411981 1.1155
-0.406001 1.2145
-0.41101 1.2145
2.9

IMD5d2_damage
4
-0.29001899999999997 1.1155
-0.28501 1.1155
-0.29098999999999997 1.2145
-0.29599899999999996 1.2145
2.9

IMD5d2_damage
4
0.28501 1.1155
0.29001899999999997 1.1155
0.29599899999999996 1.2145
0.29098999999999997 1.2145
2.9

IMD5d2_damage
4
0.9789809999999999 1.1155
0.9839899999999999 1.1155
0.9780099999999999 1.2145
0.9730009999999999 1.2145
2.9

IMD5d2_damage
4
1.82401 1.1155
1.829019 1.1155
1.834999 1.2145
1.82999 1.2145
2.9

IMD5d2_damage
4
1.9509809999999999 1.1155
1.95599 1.1155
1.9500099999999998 1.2145
1.9450009999999998 1.2145
2.9

IMD5d2_damage
4
2.79601 1.1155
2.8010189999999997 1.1155
2.806999 1.2145
2.80199 1.2145
2.9

IMD5d2
4
-1.49 1.1155
-0.992019 1.1155
-0.997999 1.2145
-1.49 1.2145
2.65

IMD5d2
4
-0.411981 1.1155
-0.29001899999999997 1.1155
-0.29599899999999996 1.2145
-0.406001 1.2145
2.65

IMD5d2
4
0.29001899999999997 1.1155
0.9789809999999999 1.1155
0.9730009999999999 1.2145
0.29599899999999996 1.2145
2.65

IMD5d2
4
1.829019 1.1155
1.9509809999999999 1.1155
1.9450009999999998 1.2145
1.834999 1.2145
2.65

IMD5d2
4
2.8010189999999997 1.1155
3.2990000000000004 1.1155
3.2990000000000004 1.2145
2.806999 1.2145
2.65

IMD5d1
4
-1.49 1.1055
-0.9964239999999999 1.1055
-0.9970279999999999 1.1155
-1.49 1.1155
2.65

IMD5d1
4
-0.407576 1.1055
-0.29442399999999996 1.1055
-0.29502799999999996 1.1155
-0.406972 1.1155
2.65

IMD5d1
4
0.29442399999999996 1.1055
0.974576 1.1055
0.973972 1.1155
0.29502799999999996 1.1155
2.65

IMD5d1
4
1.833424 1.1055
1.9465759999999999 1.1055
1.9459719999999998 1.1155
1.834028 1.1155
2.65

IMD5d1
4
2.805424 1.1055
3.2990000000000004 1.1055
3.2990000000000004 1.1155
2.806028 1.1155
2.65

IMD5d1
4
-1.49 1.0875
3.2990000000000004 1.0875
3.2990000000000004 1.1055
-1.49 1.1055
2.65

FOXA+FOXB+TOX
4
-1.49 0.001
3.2990000000000004 0.001
3.2990000000000004 0.2665
-1.49 0.2665
4.0

ILD1a
4
-1.49 0.2665
3.2990000000000004 0.2665
3.2990000000000004 0.2765
-1.49 0.2765
7.0

ILD1b1+ILD1b2+ILD1b3
4
-1.49 0.2765
3.2990000000000004 0.2765
3.2990000000000004 0.3955
-1.49 0.3955
4.0

IMD1a
4
-1.49 0.3955
3.2990000000000004 0.3955
3.2990000000000004 0.4065
-1.49 0.4065
5.2

IMD1b
4
-1.49 0.4065
3.2990000000000004 0.4065
3.2990000000000004 0.4665
-1.49 0.4665
2.8

IMD2a
4
-1.49 0.4665
3.2990000000000004 0.4665
3.2990000000000004 0.4875
-1.49 0.4875
5.2

IMD2b
4
-1.49 0.4875
3.2990000000000004 0.4875
3.2990000000000004 0.5025
-1.49 0.5025
4.2

IMD2c
4
-1.49 0.5025
3.2990000000000004 0.5025
3.2990000000000004 0.5265
-1.49 0.5265
3.28

IMD2d1+IMD2d2
4
-1.49 0.5265
3.2990000000000004 0.5265
3.2990000000000004 0.6535
-1.49 0.6535
2.65

IMD3a
4
-1.49 0.6535
3.2990000000000004 0.6535
3.2990000000000004 0.6745
-1.49 0.6745
5.2

IMD3b
4
-1.49 0.6745
3.2990000000000004 0.6745
3.2990000000000004 0.6895
-1.49 0.6895
4.2

IMD3c
4
-1.49 0.6895
3.2990000000000004 0.6895
3.2990000000000004 0.7135
-1.49 0.7135
3.28

IMD3d1+IMD3d2
4
-1.49 0.7135
3.2990000000000004 0.7135
3.2990000000000004 0.8405
-1.49 0.8405
2.65

IMD4a
4
-1.49 0.8405
3.2990000000000004 0.8405
3.2990000000000004 0.8615
-1.49 0.8615
5.2

IMD4b
4
-1.49 0.8615
3.2990000000000004 0.8615
3.2990000000000004 0.8765
-1.49 0.8765
4.2

IMD4c
4
-1.49 0.8765
3.2990000000000004 0.8765
3.2990000000000004 0.9005
-1.49 0.9005
3.28

IMD4d1+IMD4d2
4
-1.49 0.9005
3.2990000000000004 0.9005
3.2990000000000004 1.0275
-1.49 1.0275
2.65

IMD5a
4
-1.49 1.0275
3.2990000000000004 1.0275
3.2990000000000004 1.0485
-1.49 1.0485
5.2

IMD5b
4
-1.49 1.0485
3.2990000000000004 1.0485
3.2990000000000004 1.0635
-1.49 1.0635
4.2

IMD5c
4
-1.49 1.0635
3.2990000000000004 1.0635
3.2990000000000004 1.0875
-1.49 1.0875
3.28

IMD6a
4
-1.49 1.2145
3.2990000000000004 1.2145
3.2990000000000004 1.2355
-1.49 1.2355
5.2

IMD6b
4
-1.49 1.2355
3.2990000000000004 1.2355
3.2990000000000004 1.2505
-1.49 1.2505
4.2

IMD6c
4
-1.49 1.2505
3.2990000000000004 1.2505
3.2990000000000004 1.2745
-1.49 1.2745
3.28

IMD6d1+IMD6d2
4
-1.49 1.2745
3.2990000000000004 1.2745
3.2990000000000004 1.4015
-1.49 1.4015
2.65

IMD7a
4
-1.49 1.4015
3.2990000000000004 1.4015
3.2990000000000004 1.4765
-1.49 1.4765
5.2

IMD7b1+IMD7b2
4
-1.49 1.4765
3.2990000000000004 1.4765
3.2990000000000004 2.9765
-1.49 2.9765
4.2

IMD8a
4
-1.49 2.9765
3.2990000000000004 2.9765
3.2990000000000004 3.0515
-1.49 3.0515
5.2

IMD8b1+IMD8b2
4
-1.49 3.0515
3.2990000000000004 3.0515
3.2990000000000004 4.5515
-1.49 4.5515
4.2

PASS1
4
-1.49 4.5515
3.2990000000000004 4.5515
3.2990000000000004 4.6265
-1.49 4.6265
7.0

PASS2
4
-1.49 4.6265
3.2990000000000004 4.6265
3.2990000000000004 5.0265
-1.49 5.0265
4.2

PASS3
4
-1.49 5.0265
3.2990000000000004 5.0265
3.2990000000000004 5.1015
-1.49 5.1015
7.0

PASS4+PASS5
4
-1.49 5.1015
3.2990000000000004 5.1015
3.2990000000000004 6.0515
-1.49 6.0515
4.2

PASS6
4
-1.49 6.0515
3.2990000000000004 6.0515
3.2990000000000004 6.6515
-1.49 6.6515
7.0

air_Layer
4
-1.49 6.6515
3.2990000000000004 6.6515
3.2990000000000004 6.9485
-1.49 6.9485
1.0


4
-1.49 0.001
3.2990000000000004 0.001
3.2990000000000004 6.9485
-1.49 6.9485

