c1
4
-0.060009999999999994 0.7415
0.060009999999999994 0.7415
0.06599 0.8405
-0.06599 0.8405

5
botleft
4
-0.815 -0.001
0 -0.001
0 0.001
-0.815 0.001

botright
4
0 -0.001
3.0739999999999994 -0.001
3.0739999999999994 0.001
0 0.001

lEnv
4
-0.31201 0.7415
-0.19199 0.7415
-0.18600999999999998 0.8405
-0.31799 0.8405

c2
4
0.7589899999999999 0.7415
1.5990099999999998 0.7415
1.60499 0.8405
0.75301 0.8405

rEnv
4
1.7309899999999998 0.7415
2.5710099999999994 0.7415
2.5769899999999994 0.8405
1.7250099999999997 0.8405


57
IMD3d1_damage
4
-0.321424 0.7315
-0.18257599999999996 0.7315
-0.18197199999999997 0.7415
-0.322028 0.7415
3.1

IMD3d1_damage
4
-0.069424 0.7315
0.069424 0.7315
0.07002799999999999 0.7415
-0.07002799999999999 0.7415
3.1

IMD3d1_damage
4
0.749576 0.7315
1.6084239999999999 0.7315
1.609028 0.7415
0.748972 0.7415
3.1

IMD3d1_damage
4
1.7215759999999998 0.7315
2.5804239999999994 0.7315
2.5810279999999994 0.7415
1.7209719999999997 0.7415
3.1

IMD3d2_damage
4
-0.317019 0.7415
-0.31201 0.7415
-0.31799 0.8405
-0.322999 0.8405
2.9

IMD3d2_damage
4
-0.19199 0.7415
-0.18698099999999998 0.7415
-0.18100099999999997 0.8405
-0.18600999999999998 0.8405
2.9

IMD3d2_damage
4
-0.065019 0.7415
-0.060009999999999994 0.7415
-0.06599 0.8405
-0.07099899999999999 0.8405
2.9

IMD3d2_damage
4
0.060009999999999994 0.7415
0.065019 0.7415
0.07099899999999999 0.8405
0.06599 0.8405
2.9

IMD3d2_damage
4
0.7539809999999999 0.7415
0.7589899999999999 0.7415
0.75301 0.8405
0.7480009999999999 0.8405
2.9

IMD3d2_damage
4
1.5990099999999998 0.7415
1.6040189999999999 0.7415
1.609999 0.8405
1.60499 0.8405
2.9

IMD3d2_damage
4
1.7259809999999998 0.7415
1.7309899999999998 0.7415
1.7250099999999997 0.8405
1.7200009999999997 0.8405
2.9

IMD3d2_damage
4
2.5710099999999994 0.7415
2.576018999999999 0.7415
2.5819989999999993 0.8405
2.5769899999999994 0.8405
2.9

IMD3d2
4
-0.815 0.7415
-0.317019 0.7415
-0.322999 0.8405
-0.815 0.8405
2.65

IMD3d2
4
-0.18698099999999998 0.7415
-0.065019 0.7415
-0.07099899999999999 0.8405
-0.18100099999999997 0.8405
2.65

IMD3d2
4
0.065019 0.7415
0.7539809999999999 0.7415
0.7480009999999999 0.8405
0.07099899999999999 0.8405
2.65

IMD3d2
4
1.6040189999999999 0.7415
1.7259809999999998 0.7415
1.7200009999999997 0.8405
1.609999 0.8405
2.65

IMD3d2
4
2.576018999999999 0.7415
3.0739999999999994 0.7415
3.0739999999999994 0.8405
2.5819989999999993 0.8405
2.65

IMD3d1
4
-0.815 0.7315
-0.321424 0.7315
-0.322028 0.7415
-0.815 0.7415
2.65

IMD3d1
4
-0.18257599999999996 0.7315
-0.069424 0.7315
-0.07002799999999999 0.7415
-0.18197199999999997 0.7415
2.65

IMD3d1
4
0.069424 0.7315
0.749576 0.7315
0.748972 0.7415
0.07002799999999999 0.7415
2.65

IMD3d1
4
1.6084239999999999 0.7315
1.7215759999999998 0.7315
1.7209719999999997 0.7415
1.609028 0.7415
2.65

IMD3d1
4
2.5804239999999994 0.7315
3.0739999999999994 0.7315
3.0739999999999994 0.7415
2.5810279999999994 0.7415
2.65

IMD3d1
4
-0.815 0.7135
3.0739999999999994 0.7135
3.0739999999999994 0.7315
-0.815 0.7315
2.65

FOXA+FOXB+TOX
4
-0.815 0.001
3.0739999999999994 0.001
3.0739999999999994 0.2665
-0.815 0.2665
4.0

ILD1a
4
-0.815 0.2665
3.0739999999999994 0.2665
3.0739999999999994 0.2765
-0.815 0.2765
7.0

ILD1b1+ILD1b2+ILD1b3
4
-0.815 0.2765
3.0739999999999994 0.2765
3.0739999999999994 0.3955
-0.815 0.3955
4.0

IMD1a
4
-0.815 0.3955
3.0739999999999994 0.3955
3.0739999999999994 0.4065
-0.815 0.4065
5.2

IMD1b
4
-0.815 0.4065
3.0739999999999994 0.4065
3.0739999999999994 0.4665
-0.815 0.4665
2.8

IMD2a
4
-0.815 0.4665
3.0739999999999994 0.4665
3.0739999999999994 0.4875
-0.815 0.4875
5.2

IMD2b
4
-0.815 0.4875
3.0739999999999994 0.4875
3.0739999999999994 0.5025
-0.815 0.5025
4.2

IMD2c
4
-0.815 0.5025
3.0739999999999994 0.5025
3.0739999999999994 0.5265
-0.815 0.5265
3.28

IMD2d1+IMD2d2
4
-0.815 0.5265
3.0739999999999994 0.5265
3.0739999999999994 0.6535
-0.815 0.6535
2.65

IMD3a
4
-0.815 0.6535
3.0739999999999994 0.6535
3.0739999999999994 0.6745
-0.815 0.6745
5.2

IMD3b
4
-0.815 0.6745
3.0739999999999994 0.6745
3.0739999999999994 0.6895
-0.815 0.6895
4.2

IMD3c
4
-0.815 0.6895
3.0739999999999994 0.6895
3.0739999999999994 0.7135
-0.815 0.7135
3.28

IMD4a
4
-0.815 0.8405
3.0739999999999994 0.8405
3.0739999999999994 0.8615
-0.815 0.8615
5.2

IMD4b
4
-0.815 0.8615
3.0739999999999994 0.8615
3.0739999999999994 0.8765
-0.815 0.8765
4.2

IMD4c
4
-0.815 0.8765
3.0739999999999994 0.8765
3.0739999999999994 0.9005
-0.815 0.9005
3.28

IMD4d1+IMD4d2
4
-0.815 0.9005
3.0739999999999994 0.9005
3.0739999999999994 1.0275
-0.815 1.0275
2.65

IMD5a
4
-0.815 1.0275
3.0739999999999994 1.0275
3.0739999999999994 1.0485
-0.815 1.0485
5.2

IMD5b
4
-0.815 1.0485
3.0739999999999994 1.0485
3.0739999999999994 1.0635
-0.815 1.0635
4.2

IMD5c
4
-0.815 1.0635
3.0739999999999994 1.0635
3.0739999999999994 1.0875
-0.815 1.0875
3.28

IMD5d1+IMD5d2
4
-0.815 1.0875
3.0739999999999994 1.0875
3.0739999999999994 1.2145
-0.815 1.2145
2.65

IMD6a
4
-0.815 1.2145
3.0739999999999994 1.2145
3.0739999999999994 1.2355
-0.815 1.2355
5.2

IMD6b
4
-0.815 1.2355
3.0739999999999994 1.2355
3.0739999999999994 1.2505
-0.815 1.2505
4.2

IMD6c
4
-0.815 1.2505
3.0739999999999994 1.2505
3.0739999999999994 1.2745
-0.815 1.2745
3.28

IMD6d1+IMD6d2
4
-0.815 1.2745
3.0739999999999994 1.2745
3.0739999999999994 1.4015
-0.815 1.4015
2.65

IMD7a
4
-0.815 1.4015
3.0739999999999994 1.4015
3.0739999999999994 1.4765
-0.815 1.4765
5.2

IMD7b1+IMD7b2
4
-0.815 1.4765
3.0739999999999994 1.4765
3.0739999999999994 2.9765
-0.815 2.9765
4.2

IMD8a
4
-0.815 2.9765
3.0739999999999994 2.9765
3.0739999999999994 3.0515
-0.815 3.0515
5.2

IMD8b1+IMD8b2
4
-0.815 3.0515
3.0739999999999994 3.0515
3.0739999999999994 4.5515
-0.815 4.5515
4.2

PASS1
4
-0.815 4.5515
3.0739999999999994 4.5515
3.0739999999999994 4.6265
-0.815 4.6265
7.0

PASS2
4
-0.815 4.6265
3.0739999999999994 4.6265
3.0739999999999994 5.0265
-0.815 5.0265
4.2

PASS3
4
-0.815 5.0265
3.0739999999999994 5.0265
3.0739999999999994 5.1015
-0.815 5.1015
7.0

PASS4+PASS5
4
-0.815 5.1015
3.0739999999999994 5.1015
3.0739999999999994 6.0515
-0.815 6.0515
4.2

PASS6
4
-0.815 6.0515
3.0739999999999994 6.0515
3.0739999999999994 6.6515
-0.815 6.6515
7.0

air_Layer
4
-0.815 6.6515
3.0739999999999994 6.6515
3.0739999999999994 6.9485
-0.815 6.9485
1.0


4
-0.815 0.001
3.0739999999999994 0.001
3.0739999999999994 6.9485
-0.815 6.9485

