c1
4
-0.06001000000000002 1.3025
0.060009999999999994 1.3025
0.06599 1.4015
-0.06599000000000002 1.4015

5
botleft
4
-0.7250000000000001 -0.001
0 -0.001
0 0.001
-0.7250000000000001 0.001

botright
4
0 -0.001
0.689 -0.001
0.689 0.001
0 0.001

lEnv
4
-0.22201 1.3025
-0.10199000000000001 1.3025
-0.09601000000000001 1.4015
-0.22799000000000003 1.4015

c2
4
0.08398999999999997 1.3025
0.11400999999999999 1.3025
0.11998999999999999 1.4015
0.07800999999999997 1.4015

rEnv
4
0.15599 1.3025
0.18600999999999998 1.3025
0.19199 1.4015
0.15000999999999998 1.4015


57
IMD6d1_damage
4
-0.23142400000000002 1.2925
-0.092576 1.2925
-0.09197200000000001 1.3025
-0.232028 1.3025
3.1

IMD6d1_damage
4
-0.06942400000000003 1.2925
0.069424 1.2925
0.07002799999999999 1.3025
-0.07002800000000002 1.3025
3.1

IMD6d1_damage
4
0.07457599999999996 1.2925
0.12342399999999999 1.2925
0.12402799999999999 1.3025
0.07397199999999997 1.3025
3.1

IMD6d1_damage
4
0.14657599999999998 1.2925
0.195424 1.2925
0.19602799999999998 1.3025
0.145972 1.3025
3.1

IMD6d2_damage
4
-0.22701900000000003 1.3025
-0.22201 1.3025
-0.22799000000000003 1.4015
-0.23299900000000004 1.4015
2.9

IMD6d2_damage
4
-0.10199000000000001 1.3025
-0.09698100000000001 1.3025
-0.09100100000000001 1.4015
-0.09601000000000001 1.4015
2.9

IMD6d2_damage
4
-0.06501900000000002 1.3025
-0.06001000000000002 1.3025
-0.06599000000000002 1.4015
-0.07099900000000002 1.4015
2.9

IMD6d2_damage
4
0.060009999999999994 1.3025
0.065019 1.3025
0.07099899999999999 1.4015
0.06599 1.4015
2.9

IMD6d2_damage
4
0.07898099999999997 1.3025
0.08398999999999997 1.3025
0.07800999999999997 1.4015
0.07300099999999997 1.4015
2.9

IMD6d2_damage
4
0.11400999999999999 1.3025
0.11901899999999999 1.3025
0.12499899999999999 1.4015
0.11998999999999999 1.4015
2.9

IMD6d2_damage
4
0.15098099999999998 1.3025
0.15599 1.3025
0.15000999999999998 1.4015
0.14500099999999996 1.4015
2.9

IMD6d2_damage
4
0.18600999999999998 1.3025
0.191019 1.3025
0.196999 1.4015
0.19199 1.4015
2.9

IMD6d2
4
-0.7250000000000001 1.3025
-0.22701900000000003 1.3025
-0.23299900000000004 1.4015
-0.7250000000000001 1.4015
2.65

IMD6d2
4
-0.09698100000000001 1.3025
-0.06501900000000002 1.3025
-0.07099900000000002 1.4015
-0.09100100000000001 1.4015
2.65

IMD6d2
4
0.065019 1.3025
0.07898099999999997 1.3025
0.07300099999999997 1.4015
0.07099899999999999 1.4015
2.65

IMD6d2
4
0.11901899999999999 1.3025
0.15098099999999998 1.3025
0.14500099999999996 1.4015
0.12499899999999999 1.4015
2.65

IMD6d2
4
0.191019 1.3025
0.689 1.3025
0.689 1.4015
0.196999 1.4015
2.65

IMD6d1
4
-0.7250000000000001 1.2925
-0.23142400000000002 1.2925
-0.232028 1.3025
-0.7250000000000001 1.3025
2.65

IMD6d1
4
-0.092576 1.2925
-0.06942400000000003 1.2925
-0.07002800000000002 1.3025
-0.09197200000000001 1.3025
2.65

IMD6d1
4
0.069424 1.2925
0.07457599999999996 1.2925
0.07397199999999997 1.3025
0.07002799999999999 1.3025
2.65

IMD6d1
4
0.12342399999999999 1.2925
0.14657599999999998 1.2925
0.145972 1.3025
0.12402799999999999 1.3025
2.65

IMD6d1
4
0.195424 1.2925
0.689 1.2925
0.689 1.3025
0.19602799999999998 1.3025
2.65

IMD6d1
4
-0.7250000000000001 1.2745
0.689 1.2745
0.689 1.2925
-0.7250000000000001 1.2925
2.65

FOXA+FOXB+TOX
4
-0.7250000000000001 0.001
0.689 0.001
0.689 0.2665
-0.7250000000000001 0.2665
4.0

ILD1a
4
-0.7250000000000001 0.2665
0.689 0.2665
0.689 0.2765
-0.7250000000000001 0.2765
7.0

ILD1b1+ILD1b2+ILD1b3
4
-0.7250000000000001 0.2765
0.689 0.2765
0.689 0.3955
-0.7250000000000001 0.3955
4.0

IMD1a
4
-0.7250000000000001 0.3955
0.689 0.3955
0.689 0.4065
-0.7250000000000001 0.4065
5.2

IMD1b
4
-0.7250000000000001 0.4065
0.689 0.4065
0.689 0.4665
-0.7250000000000001 0.4665
2.8

IMD2a
4
-0.7250000000000001 0.4665
0.689 0.4665
0.689 0.4875
-0.7250000000000001 0.4875
5.2

IMD2b
4
-0.7250000000000001 0.4875
0.689 0.4875
0.689 0.5025
-0.7250000000000001 0.5025
4.2

IMD2c
4
-0.7250000000000001 0.5025
0.689 0.5025
0.689 0.5265
-0.7250000000000001 0.5265
3.28

IMD2d1+IMD2d2
4
-0.7250000000000001 0.5265
0.689 0.5265
0.689 0.6535
-0.7250000000000001 0.6535
2.65

IMD3a
4
-0.7250000000000001 0.6535
0.689 0.6535
0.689 0.6745
-0.7250000000000001 0.6745
5.2

IMD3b
4
-0.7250000000000001 0.6745
0.689 0.6745
0.689 0.6895
-0.7250000000000001 0.6895
4.2

IMD3c
4
-0.7250000000000001 0.6895
0.689 0.6895
0.689 0.7135
-0.7250000000000001 0.7135
3.28

IMD3d1+IMD3d2
4
-0.7250000000000001 0.7135
0.689 0.7135
0.689 0.8405
-0.7250000000000001 0.8405
2.65

IMD4a
4
-0.7250000000000001 0.8405
0.689 0.8405
0.689 0.8615
-0.7250000000000001 0.8615
5.2

IMD4b
4
-0.7250000000000001 0.8615
0.689 0.8615
0.689 0.8765
-0.7250000000000001 0.8765
4.2

IMD4c
4
-0.7250000000000001 0.8765
0.689 0.8765
0.689 0.9005
-0.7250000000000001 0.9005
3.28

IMD4d1+IMD4d2
4
-0.7250000000000001 0.9005
0.689 0.9005
0.689 1.0275
-0.7250000000000001 1.0275
2.65

IMD5a
4
-0.7250000000000001 1.0275
0.689 1.0275
0.689 1.0485
-0.7250000000000001 1.0485
5.2

IMD5b
4
-0.7250000000000001 1.0485
0.689 1.0485
0.689 1.0635
-0.7250000000000001 1.0635
4.2

IMD5c
4
-0.7250000000000001 1.0635
0.689 1.0635
0.689 1.0875
-0.7250000000000001 1.0875
3.28

IMD5d1+IMD5d2
4
-0.7250000000000001 1.0875
0.689 1.0875
0.689 1.2145
-0.7250000000000001 1.2145
2.65

IMD6a
4
-0.7250000000000001 1.2145
0.689 1.2145
0.689 1.2355
-0.7250000000000001 1.2355
5.2

IMD6b
4
-0.7250000000000001 1.2355
0.689 1.2355
0.689 1.2505
-0.7250000000000001 1.2505
4.2

IMD6c
4
-0.7250000000000001 1.2505
0.689 1.2505
0.689 1.2745
-0.7250000000000001 1.2745
3.28

IMD7a
4
-0.7250000000000001 1.4015
0.689 1.4015
0.689 1.4765
-0.7250000000000001 1.4765
5.2

IMD7b1+IMD7b2
4
-0.7250000000000001 1.4765
0.689 1.4765
0.689 2.9765
-0.7250000000000001 2.9765
4.2

IMD8a
4
-0.7250000000000001 2.9765
0.689 2.9765
0.689 3.0515
-0.7250000000000001 3.0515
5.2

IMD8b1+IMD8b2
4
-0.7250000000000001 3.0515
0.689 3.0515
0.689 4.5515
-0.7250000000000001 4.5515
4.2

PASS1
4
-0.7250000000000001 4.5515
0.689 4.5515
0.689 4.6265
-0.7250000000000001 4.6265
7.0

PASS2
4
-0.7250000000000001 4.6265
0.689 4.6265
0.689 5.0265
-0.7250000000000001 5.0265
4.2

PASS3
4
-0.7250000000000001 5.0265
0.689 5.0265
0.689 5.1015
-0.7250000000000001 5.1015
7.0

PASS4+PASS5
4
-0.7250000000000001 5.1015
0.689 5.1015
0.689 6.0515
-0.7250000000000001 6.0515
4.2

PASS6
4
-0.7250000000000001 6.0515
0.689 6.0515
0.689 6.6515
-0.7250000000000001 6.6515
7.0

air_Layer
4
-0.7250000000000001 6.6515
0.689 6.6515
0.689 6.9485
-0.7250000000000001 6.9485
1.0


4
-0.7250000000000001 0.001
0.689 0.001
0.689 6.9485
-0.7250000000000001 6.9485

