c1
4
-0.060009999999999994 0.9285000000000001
0.060009999999999994 0.9285000000000001
0.06599 1.0275
-0.06599 1.0275

5
botleft
4
-1.085 -0.001
0 -0.001
0 0.001
-1.085 0.001

botright
4
0 -0.001
2.5789999999999997 -0.001
2.5789999999999997 0.001
0 0.001

lEnv
4
-0.58201 0.9285000000000001
-0.46199 0.9285000000000001
-0.45601 1.0275
-0.58799 1.0275

c2
4
0.5339900000000001 0.9285000000000001
1.10401 0.9285000000000001
1.10999 1.0275
0.5280100000000001 1.0275

rEnv
4
1.5059900000000002 0.9285000000000001
2.0760099999999997 0.9285000000000001
2.08199 1.0275
1.50001 1.0275


57
IMD4d1_damage
4
-0.591424 0.9185000000000001
-0.45257600000000003 0.9185000000000001
-0.45197200000000004 0.9285000000000001
-0.592028 0.9285000000000001
3.1

IMD4d1_damage
4
-0.069424 0.9185000000000001
0.069424 0.9185000000000001
0.07002799999999999 0.9285000000000001
-0.07002799999999999 0.9285000000000001
3.1

IMD4d1_damage
4
0.5245760000000002 0.9185000000000001
1.113424 0.9185000000000001
1.114028 0.9285000000000001
0.5239720000000001 0.9285000000000001
3.1

IMD4d1_damage
4
1.4965760000000001 0.9185000000000001
2.0854239999999997 0.9185000000000001
2.0860279999999998 0.9285000000000001
1.495972 0.9285000000000001
3.1

IMD4d2_damage
4
-0.5870190000000001 0.9285000000000001
-0.58201 0.9285000000000001
-0.58799 1.0275
-0.592999 1.0275
2.9

IMD4d2_damage
4
-0.46199 0.9285000000000001
-0.456981 0.9285000000000001
-0.45100100000000004 1.0275
-0.45601 1.0275
2.9

IMD4d2_damage
4
-0.065019 0.9285000000000001
-0.060009999999999994 0.9285000000000001
-0.06599 1.0275
-0.07099899999999999 1.0275
2.9

IMD4d2_damage
4
0.060009999999999994 0.9285000000000001
0.065019 0.9285000000000001
0.07099899999999999 1.0275
0.06599 1.0275
2.9

IMD4d2_damage
4
0.528981 0.9285000000000001
0.5339900000000001 0.9285000000000001
0.5280100000000001 1.0275
0.523001 1.0275
2.9

IMD4d2_damage
4
1.10401 0.9285000000000001
1.109019 0.9285000000000001
1.114999 1.0275
1.10999 1.0275
2.9

IMD4d2_damage
4
1.5009810000000001 0.9285000000000001
1.5059900000000002 0.9285000000000001
1.50001 1.0275
1.495001 1.0275
2.9

IMD4d2_damage
4
2.0760099999999997 0.9285000000000001
2.0810189999999995 0.9285000000000001
2.0869989999999996 1.0275
2.08199 1.0275
2.9

IMD4d2
4
-1.085 0.9285000000000001
-0.5870190000000001 0.9285000000000001
-0.592999 1.0275
-1.085 1.0275
2.65

IMD4d2
4
-0.456981 0.9285000000000001
-0.065019 0.9285000000000001
-0.07099899999999999 1.0275
-0.45100100000000004 1.0275
2.65

IMD4d2
4
0.065019 0.9285000000000001
0.528981 0.9285000000000001
0.523001 1.0275
0.07099899999999999 1.0275
2.65

IMD4d2
4
1.109019 0.9285000000000001
1.5009810000000001 0.9285000000000001
1.495001 1.0275
1.114999 1.0275
2.65

IMD4d2
4
2.0810189999999995 0.9285000000000001
2.5789999999999997 0.9285000000000001
2.5789999999999997 1.0275
2.0869989999999996 1.0275
2.65

IMD4d1
4
-1.085 0.9185000000000001
-0.591424 0.9185000000000001
-0.592028 0.9285000000000001
-1.085 0.9285000000000001
2.65

IMD4d1
4
-0.45257600000000003 0.9185000000000001
-0.069424 0.9185000000000001
-0.07002799999999999 0.9285000000000001
-0.45197200000000004 0.9285000000000001
2.65

IMD4d1
4
0.069424 0.9185000000000001
0.5245760000000002 0.9185000000000001
0.5239720000000001 0.9285000000000001
0.07002799999999999 0.9285000000000001
2.65

IMD4d1
4
1.113424 0.9185000000000001
1.4965760000000001 0.9185000000000001
1.495972 0.9285000000000001
1.114028 0.9285000000000001
2.65

IMD4d1
4
2.0854239999999997 0.9185000000000001
2.5789999999999997 0.9185000000000001
2.5789999999999997 0.9285000000000001
2.0860279999999998 0.9285000000000001
2.65

IMD4d1
4
-1.085 0.9005
2.5789999999999997 0.9005
2.5789999999999997 0.9185000000000001
-1.085 0.9185000000000001
2.65

FOXA+FOXB+TOX
4
-1.085 0.001
2.5789999999999997 0.001
2.5789999999999997 0.2665
-1.085 0.2665
4.0

ILD1a
4
-1.085 0.2665
2.5789999999999997 0.2665
2.5789999999999997 0.2765
-1.085 0.2765
7.0

ILD1b1+ILD1b2+ILD1b3
4
-1.085 0.2765
2.5789999999999997 0.2765
2.5789999999999997 0.3955
-1.085 0.3955
4.0

IMD1a
4
-1.085 0.3955
2.5789999999999997 0.3955
2.5789999999999997 0.4065
-1.085 0.4065
5.2

IMD1b
4
-1.085 0.4065
2.5789999999999997 0.4065
2.5789999999999997 0.4665
-1.085 0.4665
2.8

IMD2a
4
-1.085 0.4665
2.5789999999999997 0.4665
2.5789999999999997 0.4875
-1.085 0.4875
5.2

IMD2b
4
-1.085 0.4875
2.5789999999999997 0.4875
2.5789999999999997 0.5025
-1.085 0.5025
4.2

IMD2c
4
-1.085 0.5025
2.5789999999999997 0.5025
2.5789999999999997 0.5265
-1.085 0.5265
3.28

IMD2d1+IMD2d2
4
-1.085 0.5265
2.5789999999999997 0.5265
2.5789999999999997 0.6535
-1.085 0.6535
2.65

IMD3a
4
-1.085 0.6535
2.5789999999999997 0.6535
2.5789999999999997 0.6745
-1.085 0.6745
5.2

IMD3b
4
-1.085 0.6745
2.5789999999999997 0.6745
2.5789999999999997 0.6895
-1.085 0.6895
4.2

IMD3c
4
-1.085 0.6895
2.5789999999999997 0.6895
2.5789999999999997 0.7135
-1.085 0.7135
3.28

IMD3d1+IMD3d2
4
-1.085 0.7135
2.5789999999999997 0.7135
2.5789999999999997 0.8405
-1.085 0.8405
2.65

IMD4a
4
-1.085 0.8405
2.5789999999999997 0.8405
2.5789999999999997 0.8615
-1.085 0.8615
5.2

IMD4b
4
-1.085 0.8615
2.5789999999999997 0.8615
2.5789999999999997 0.8765
-1.085 0.8765
4.2

IMD4c
4
-1.085 0.8765
2.5789999999999997 0.8765
2.5789999999999997 0.9005
-1.085 0.9005
3.28

IMD5a
4
-1.085 1.0275
2.5789999999999997 1.0275
2.5789999999999997 1.0485
-1.085 1.0485
5.2

IMD5b
4
-1.085 1.0485
2.5789999999999997 1.0485
2.5789999999999997 1.0635
-1.085 1.0635
4.2

IMD5c
4
-1.085 1.0635
2.5789999999999997 1.0635
2.5789999999999997 1.0875
-1.085 1.0875
3.28

IMD5d1+IMD5d2
4
-1.085 1.0875
2.5789999999999997 1.0875
2.5789999999999997 1.2145
-1.085 1.2145
2.65

IMD6a
4
-1.085 1.2145
2.5789999999999997 1.2145
2.5789999999999997 1.2355
-1.085 1.2355
5.2

IMD6b
4
-1.085 1.2355
2.5789999999999997 1.2355
2.5789999999999997 1.2505
-1.085 1.2505
4.2

IMD6c
4
-1.085 1.2505
2.5789999999999997 1.2505
2.5789999999999997 1.2745
-1.085 1.2745
3.28

IMD6d1+IMD6d2
4
-1.085 1.2745
2.5789999999999997 1.2745
2.5789999999999997 1.4015
-1.085 1.4015
2.65

IMD7a
4
-1.085 1.4015
2.5789999999999997 1.4015
2.5789999999999997 1.4765
-1.085 1.4765
5.2

IMD7b1+IMD7b2
4
-1.085 1.4765
2.5789999999999997 1.4765
2.5789999999999997 2.9765
-1.085 2.9765
4.2

IMD8a
4
-1.085 2.9765
2.5789999999999997 2.9765
2.5789999999999997 3.0515
-1.085 3.0515
5.2

IMD8b1+IMD8b2
4
-1.085 3.0515
2.5789999999999997 3.0515
2.5789999999999997 4.5515
-1.085 4.5515
4.2

PASS1
4
-1.085 4.5515
2.5789999999999997 4.5515
2.5789999999999997 4.6265
-1.085 4.6265
7.0

PASS2
4
-1.085 4.6265
2.5789999999999997 4.6265
2.5789999999999997 5.0265
-1.085 5.0265
4.2

PASS3
4
-1.085 5.0265
2.5789999999999997 5.0265
2.5789999999999997 5.1015
-1.085 5.1015
7.0

PASS4+PASS5
4
-1.085 5.1015
2.5789999999999997 5.1015
2.5789999999999997 6.0515
-1.085 6.0515
4.2

PASS6
4
-1.085 6.0515
2.5789999999999997 6.0515
2.5789999999999997 6.6515
-1.085 6.6515
7.0

air_Layer
4
-1.085 6.6515
2.5789999999999997 6.6515
2.5789999999999997 6.9485
-1.085 6.9485
1.0


4
-1.085 0.001
2.5789999999999997 0.001
2.5789999999999997 6.9485
-1.085 6.9485

