c1
4
-0.48591999999999996 0.37050000000000005
0.48591999999999996 0.37050000000000005
0.49507999999999996 0.4665
-0.49507999999999996 0.4665

5
botleft
4
-2.2775 -0.001
0 -0.001
0 0.001
-2.2775 0.001

botright
4
0 -0.001
2.7815000000000003 -0.001
2.7815000000000003 0.001
0 0.001

lEnv
4
-1.7729199999999998 0.37050000000000005
-0.8010799999999999 0.37050000000000005
-0.79192 0.4665
-1.7820799999999999 0.4665

c2
4
1.0980800000000002 0.37050000000000005
1.52992 0.37050000000000005
1.53908 0.4665
1.08892 0.4665

rEnv
4
1.84508 0.37050000000000005
2.27692 0.37050000000000005
2.28608 0.4665
1.83592 0.4665


48
IMD1b
4
-2.2775 0.40650000000000003
-1.776355 0.40650000000000003
-1.7820799999999999 0.4665
-2.2775 0.4665
2.8

IMD1b
4
-0.7976449999999999 0.40650000000000003
-0.489355 0.40650000000000003
-0.49507999999999996 0.4665
-0.79192 0.4665
2.8

IMD1b
4
0.489355 0.40650000000000003
1.094645 0.40650000000000003
1.08892 0.4665
0.49507999999999996 0.4665
2.8

IMD1b
4
1.533355 0.40650000000000003
1.841645 0.40650000000000003
1.83592 0.4665
1.53908 0.4665
2.8

IMD1b
4
2.280355 0.40650000000000003
2.7815000000000003 0.40650000000000003
2.7815000000000003 0.4665
2.28608 0.4665
2.8

IMD1a
4
-2.2775 0.3955
-1.7753054166666666 0.3955
-1.776355 0.40650000000000003
-2.2775 0.40650000000000003
5.2

IMD1a
4
-0.7986945833333333 0.3955
-0.48830541666666666 0.3955
-0.489355 0.40650000000000003
-0.7976449999999999 0.40650000000000003
5.2

IMD1a
4
0.48830541666666666 0.3955
1.0956945833333334 0.3955
1.094645 0.40650000000000003
0.489355 0.40650000000000003
5.2

IMD1a
4
1.5323054166666668 0.3955
1.8426945833333332 0.3955
1.841645 0.40650000000000003
1.533355 0.40650000000000003
5.2

IMD1a
4
2.279305416666667 0.3955
2.7815000000000003 0.3955
2.7815000000000003 0.40650000000000003
2.280355 0.40650000000000003
5.2

ILD1b3
4
-2.2775 0.37050000000000005
-1.7729199999999998 0.37050000000000005
-1.7753054166666666 0.3955
-2.2775 0.3955
4

ILD1b3
4
-0.8010799999999999 0.37050000000000005
-0.48591999999999996 0.37050000000000005
-0.48830541666666666 0.3955
-0.7986945833333333 0.3955
4

ILD1b3
4
0.48591999999999996 0.37050000000000005
1.0980800000000002 0.37050000000000005
1.0956945833333334 0.3955
0.48830541666666666 0.3955
4

ILD1b3
4
1.52992 0.37050000000000005
1.84508 0.37050000000000005
1.8426945833333332 0.3955
1.5323054166666668 0.3955
4

ILD1b3
4
2.27692 0.37050000000000005
2.7815000000000003 0.37050000000000005
2.7815000000000003 0.3955
2.279305416666667 0.3955
4

ILD1b1+ILD1b2
4
-2.2775 0.2765
2.7815000000000003 0.2765
2.7815000000000003 0.37050000000000005
-2.2775 0.37050000000000005
4

FOXA+FOXB+TOX
4
-2.2775 0.001
2.7815000000000003 0.001
2.7815000000000003 0.2665
-2.2775 0.2665
4.0

ILD1a
4
-2.2775 0.2665
2.7815000000000003 0.2665
2.7815000000000003 0.2765
-2.2775 0.2765
7.0

IMD2a
4
-2.2775 0.4665
2.7815000000000003 0.4665
2.7815000000000003 0.4875
-2.2775 0.4875
5.2

IMD2b
4
-2.2775 0.4875
2.7815000000000003 0.4875
2.7815000000000003 0.5025
-2.2775 0.5025
4.2

IMD2c
4
-2.2775 0.5025
2.7815000000000003 0.5025
2.7815000000000003 0.5265
-2.2775 0.5265
3.28

IMD2d1+IMD2d2
4
-2.2775 0.5265
2.7815000000000003 0.5265
2.7815000000000003 0.6535
-2.2775 0.6535
2.65

IMD3a
4
-2.2775 0.6535
2.7815000000000003 0.6535
2.7815000000000003 0.6745
-2.2775 0.6745
5.2

IMD3b
4
-2.2775 0.6745
2.7815000000000003 0.6745
2.7815000000000003 0.6895
-2.2775 0.6895
4.2

IMD3c
4
-2.2775 0.6895
2.7815000000000003 0.6895
2.7815000000000003 0.7135
-2.2775 0.7135
3.28

IMD3d1+IMD3d2
4
-2.2775 0.7135
2.7815000000000003 0.7135
2.7815000000000003 0.8405
-2.2775 0.8405
2.65

IMD4a
4
-2.2775 0.8405
2.7815000000000003 0.8405
2.7815000000000003 0.8615
-2.2775 0.8615
5.2

IMD4b
4
-2.2775 0.8615
2.7815000000000003 0.8615
2.7815000000000003 0.8765
-2.2775 0.8765
4.2

IMD4c
4
-2.2775 0.8765
2.7815000000000003 0.8765
2.7815000000000003 0.9005
-2.2775 0.9005
3.28

IMD4d1+IMD4d2
4
-2.2775 0.9005
2.7815000000000003 0.9005
2.7815000000000003 1.0275
-2.2775 1.0275
2.65

IMD5a
4
-2.2775 1.0275
2.7815000000000003 1.0275
2.7815000000000003 1.0485
-2.2775 1.0485
5.2

IMD5b
4
-2.2775 1.0485
2.7815000000000003 1.0485
2.7815000000000003 1.0635
-2.2775 1.0635
4.2

IMD5c
4
-2.2775 1.0635
2.7815000000000003 1.0635
2.7815000000000003 1.0875
-2.2775 1.0875
3.28

IMD5d1+IMD5d2
4
-2.2775 1.0875
2.7815000000000003 1.0875
2.7815000000000003 1.2145
-2.2775 1.2145
2.65

IMD6a
4
-2.2775 1.2145
2.7815000000000003 1.2145
2.7815000000000003 1.2355
-2.2775 1.2355
5.2

IMD6b
4
-2.2775 1.2355
2.7815000000000003 1.2355
2.7815000000000003 1.2505
-2.2775 1.2505
4.2

IMD6c
4
-2.2775 1.2505
2.7815000000000003 1.2505
2.7815000000000003 1.2745
-2.2775 1.2745
3.28

IMD6d1+IMD6d2
4
-2.2775 1.2745
2.7815000000000003 1.2745
2.7815000000000003 1.4015
-2.2775 1.4015
2.65

IMD7a
4
-2.2775 1.4015
2.7815000000000003 1.4015
2.7815000000000003 1.4765
-2.2775 1.4765
5.2

IMD7b1+IMD7b2
4
-2.2775 1.4765
2.7815000000000003 1.4765
2.7815000000000003 2.9765
-2.2775 2.9765
4.2

IMD8a
4
-2.2775 2.9765
2.7815000000000003 2.9765
2.7815000000000003 3.0515
-2.2775 3.0515
5.2

IMD8b1+IMD8b2
4
-2.2775 3.0515
2.7815000000000003 3.0515
2.7815000000000003 4.5515
-2.2775 4.5515
4.2

PASS1
4
-2.2775 4.5515
2.7815000000000003 4.5515
2.7815000000000003 4.6265
-2.2775 4.6265
7.0

PASS2
4
-2.2775 4.6265
2.7815000000000003 4.6265
2.7815000000000003 5.0265
-2.2775 5.0265
4.2

PASS3
4
-2.2775 5.0265
2.7815000000000003 5.0265
2.7815000000000003 5.1015
-2.2775 5.1015
7.0

PASS4+PASS5
4
-2.2775 5.1015
2.7815000000000003 5.1015
2.7815000000000003 6.0515
-2.2775 6.0515
4.2

PASS6
4
-2.2775 6.0515
2.7815000000000003 6.0515
2.7815000000000003 6.6515
-2.2775 6.6515
7.0

air_Layer
4
-2.2775 6.6515
2.7815000000000003 6.6515
2.7815000000000003 6.9485
-2.2775 6.9485
1.0


4
-2.2775 0.001
2.7815000000000003 0.001
2.7815000000000003 6.9485
-2.2775 6.9485

