c1
4
-0.21751000000000006 0.5545
0.21750999999999995 0.5545
0.22348999999999997 0.6535
-0.22349000000000008 0.6535

5
botleft
4
-1.4675 -0.001
0 -0.001
0 0.001
-1.4675 0.001

botright
4
0 -0.001
1.7015 -0.001
1.7015 0.001
0 0.001

lEnv
4
-0.9645100000000001 0.5545
-0.5294900000000001 0.5545
-0.5235100000000001 0.6535
-0.9704900000000001 0.6535

c2
4
0.6464899999999999 0.5545
0.7665099999999999 0.5545
0.7724899999999999 0.6535
0.6405099999999999 0.6535

rEnv
4
1.0784900000000002 0.5545
1.19851 0.5545
1.20449 0.6535
1.07251 0.6535


57
IMD2d1_damage
4
-0.973924 0.5445
-0.5200760000000002 0.5445
-0.5194720000000002 0.5545
-0.9745280000000001 0.5545
3.1

IMD2d1_damage
4
-0.22692400000000007 0.5445
0.22692399999999996 0.5445
0.22752799999999995 0.5545
-0.22752800000000006 0.5545
3.1

IMD2d1_damage
4
0.637076 0.5445
0.7759239999999998 0.5445
0.7765279999999999 0.5545
0.6364719999999999 0.5545
3.1

IMD2d1_damage
4
1.0690760000000001 0.5445
1.207924 0.5445
1.208528 0.5545
1.068472 0.5545
3.1

IMD2d2_damage
4
-0.9695190000000001 0.5545
-0.9645100000000001 0.5545
-0.9704900000000001 0.6535
-0.9754990000000001 0.6535
2.9

IMD2d2_damage
4
-0.5294900000000001 0.5545
-0.5244810000000001 0.5545
-0.5185010000000001 0.6535
-0.5235100000000001 0.6535
2.9

IMD2d2_damage
4
-0.22251900000000008 0.5545
-0.21751000000000006 0.5545
-0.22349000000000008 0.6535
-0.2284990000000001 0.6535
2.9

IMD2d2_damage
4
0.21750999999999995 0.5545
0.22251899999999997 0.5545
0.22849899999999998 0.6535
0.22348999999999997 0.6535
2.9

IMD2d2_damage
4
0.6414809999999999 0.5545
0.6464899999999999 0.5545
0.6405099999999999 0.6535
0.6355009999999999 0.6535
2.9

IMD2d2_damage
4
0.7665099999999999 0.5545
0.771519 0.5545
0.7774989999999999 0.6535
0.7724899999999999 0.6535
2.9

IMD2d2_damage
4
1.0734810000000001 0.5545
1.0784900000000002 0.5545
1.07251 0.6535
1.067501 0.6535
2.9

IMD2d2_damage
4
1.19851 0.5545
1.203519 0.5545
1.209499 0.6535
1.20449 0.6535
2.9

IMD2d2
4
-1.4675 0.5545
-0.9695190000000001 0.5545
-0.9754990000000001 0.6535
-1.4675 0.6535
2.65

IMD2d2
4
-0.5244810000000001 0.5545
-0.22251900000000008 0.5545
-0.2284990000000001 0.6535
-0.5185010000000001 0.6535
2.65

IMD2d2
4
0.22251899999999997 0.5545
0.6414809999999999 0.5545
0.6355009999999999 0.6535
0.22849899999999998 0.6535
2.65

IMD2d2
4
0.771519 0.5545
1.0734810000000001 0.5545
1.067501 0.6535
0.7774989999999999 0.6535
2.65

IMD2d2
4
1.203519 0.5545
1.7015 0.5545
1.7015 0.6535
1.209499 0.6535
2.65

IMD2d1
4
-1.4675 0.5445
-0.973924 0.5445
-0.9745280000000001 0.5545
-1.4675 0.5545
2.65

IMD2d1
4
-0.5200760000000002 0.5445
-0.22692400000000007 0.5445
-0.22752800000000006 0.5545
-0.5194720000000002 0.5545
2.65

IMD2d1
4
0.22692399999999996 0.5445
0.637076 0.5445
0.6364719999999999 0.5545
0.22752799999999995 0.5545
2.65

IMD2d1
4
0.7759239999999998 0.5445
1.0690760000000001 0.5445
1.068472 0.5545
0.7765279999999999 0.5545
2.65

IMD2d1
4
1.207924 0.5445
1.7015 0.5445
1.7015 0.5545
1.208528 0.5545
2.65

IMD2d1
4
-1.4675 0.5265
1.7015 0.5265
1.7015 0.5445
-1.4675 0.5445
2.65

FOXA+FOXB+TOX
4
-1.4675 0.001
1.7015 0.001
1.7015 0.2665
-1.4675 0.2665
4.0

ILD1a
4
-1.4675 0.2665
1.7015 0.2665
1.7015 0.2765
-1.4675 0.2765
7.0

ILD1b1+ILD1b2+ILD1b3
4
-1.4675 0.2765
1.7015 0.2765
1.7015 0.3955
-1.4675 0.3955
4.0

IMD1a
4
-1.4675 0.3955
1.7015 0.3955
1.7015 0.4065
-1.4675 0.4065
5.2

IMD1b
4
-1.4675 0.4065
1.7015 0.4065
1.7015 0.4665
-1.4675 0.4665
2.8

IMD2a
4
-1.4675 0.4665
1.7015 0.4665
1.7015 0.4875
-1.4675 0.4875
5.2

IMD2b
4
-1.4675 0.4875
1.7015 0.4875
1.7015 0.5025
-1.4675 0.5025
4.2

IMD2c
4
-1.4675 0.5025
1.7015 0.5025
1.7015 0.5265
-1.4675 0.5265
3.28

IMD3a
4
-1.4675 0.6535
1.7015 0.6535
1.7015 0.6745
-1.4675 0.6745
5.2

IMD3b
4
-1.4675 0.6745
1.7015 0.6745
1.7015 0.6895
-1.4675 0.6895
4.2

IMD3c
4
-1.4675 0.6895
1.7015 0.6895
1.7015 0.7135
-1.4675 0.7135
3.28

IMD3d1+IMD3d2
4
-1.4675 0.7135
1.7015 0.7135
1.7015 0.8405
-1.4675 0.8405
2.65

IMD4a
4
-1.4675 0.8405
1.7015 0.8405
1.7015 0.8615
-1.4675 0.8615
5.2

IMD4b
4
-1.4675 0.8615
1.7015 0.8615
1.7015 0.8765
-1.4675 0.8765
4.2

IMD4c
4
-1.4675 0.8765
1.7015 0.8765
1.7015 0.9005
-1.4675 0.9005
3.28

IMD4d1+IMD4d2
4
-1.4675 0.9005
1.7015 0.9005
1.7015 1.0275
-1.4675 1.0275
2.65

IMD5a
4
-1.4675 1.0275
1.7015 1.0275
1.7015 1.0485
-1.4675 1.0485
5.2

IMD5b
4
-1.4675 1.0485
1.7015 1.0485
1.7015 1.0635
-1.4675 1.0635
4.2

IMD5c
4
-1.4675 1.0635
1.7015 1.0635
1.7015 1.0875
-1.4675 1.0875
3.28

IMD5d1+IMD5d2
4
-1.4675 1.0875
1.7015 1.0875
1.7015 1.2145
-1.4675 1.2145
2.65

IMD6a
4
-1.4675 1.2145
1.7015 1.2145
1.7015 1.2355
-1.4675 1.2355
5.2

IMD6b
4
-1.4675 1.2355
1.7015 1.2355
1.7015 1.2505
-1.4675 1.2505
4.2

IMD6c
4
-1.4675 1.2505
1.7015 1.2505
1.7015 1.2745
-1.4675 1.2745
3.28

IMD6d1+IMD6d2
4
-1.4675 1.2745
1.7015 1.2745
1.7015 1.4015
-1.4675 1.4015
2.65

IMD7a
4
-1.4675 1.4015
1.7015 1.4015
1.7015 1.4765
-1.4675 1.4765
5.2

IMD7b1+IMD7b2
4
-1.4675 1.4765
1.7015 1.4765
1.7015 2.9765
-1.4675 2.9765
4.2

IMD8a
4
-1.4675 2.9765
1.7015 2.9765
1.7015 3.0515
-1.4675 3.0515
5.2

IMD8b1+IMD8b2
4
-1.4675 3.0515
1.7015 3.0515
1.7015 4.5515
-1.4675 4.5515
4.2

PASS1
4
-1.4675 4.5515
1.7015 4.5515
1.7015 4.6265
-1.4675 4.6265
7.0

PASS2
4
-1.4675 4.6265
1.7015 4.6265
1.7015 5.0265
-1.4675 5.0265
4.2

PASS3
4
-1.4675 5.0265
1.7015 5.0265
1.7015 5.1015
-1.4675 5.1015
7.0

PASS4+PASS5
4
-1.4675 5.1015
1.7015 5.1015
1.7015 6.0515
-1.4675 6.0515
4.2

PASS6
4
-1.4675 6.0515
1.7015 6.0515
1.7015 6.6515
-1.4675 6.6515
7.0

air_Layer
4
-1.4675 6.6515
1.7015 6.6515
1.7015 6.9485
-1.4675 6.9485
1.0


4
-1.4675 0.001
1.7015 0.001
1.7015 6.9485
-1.4675 6.9485

