c1
4
-0.48751 1.3025
0.48751 1.3025
0.49349 1.4015
-0.49349 1.4015

5
botleft
4
-2.2775 -0.001
0 -0.001
0 0.001
-2.2775 0.001

botright
4
0 -0.001
3.0065000000000004 -0.001
3.0065000000000004 0.001
0 0.001

lEnv
4
-1.7745099999999998 1.3025
-0.7994899999999999 1.3025
-0.7935099999999999 1.4015
-1.78049 1.4015

c2
4
0.5114900000000001 1.3025
1.3515099999999998 1.3025
1.3574899999999999 1.4015
0.5055100000000001 1.4015

rEnv
4
1.66349 1.3025
2.50351 1.3025
2.50949 1.4015
1.6575099999999998 1.4015


57
IMD6d1_damage
4
-1.7839239999999998 1.2925
-0.790076 1.2925
-0.789472 1.3025
-1.784528 1.3025
3.1

IMD6d1_damage
4
-0.496924 1.2925
0.496924 1.2925
0.49752799999999997 1.3025
-0.49752799999999997 1.3025
3.1

IMD6d1_damage
4
0.5020760000000002 1.2925
1.3609239999999998 1.2925
1.3615279999999998 1.3025
0.5014720000000001 1.3025
3.1

IMD6d1_damage
4
1.6540759999999999 1.2925
2.512924 1.2925
2.513528 1.3025
1.6534719999999998 1.3025
3.1

IMD6d2_damage
4
-1.7795189999999999 1.3025
-1.7745099999999998 1.3025
-1.78049 1.4015
-1.785499 1.4015
2.9

IMD6d2_damage
4
-0.7994899999999999 1.3025
-0.7944809999999999 1.3025
-0.7885009999999999 1.4015
-0.7935099999999999 1.4015
2.9

IMD6d2_damage
4
-0.492519 1.3025
-0.48751 1.3025
-0.49349 1.4015
-0.49849899999999997 1.4015
2.9

IMD6d2_damage
4
0.48751 1.3025
0.492519 1.3025
0.49849899999999997 1.4015
0.49349 1.4015
2.9

IMD6d2_damage
4
0.5064810000000001 1.3025
0.5114900000000001 1.3025
0.5055100000000001 1.4015
0.5005010000000001 1.4015
2.9

IMD6d2_damage
4
1.3515099999999998 1.3025
1.3565189999999998 1.3025
1.362499 1.4015
1.3574899999999999 1.4015
2.9

IMD6d2_damage
4
1.6584809999999999 1.3025
1.66349 1.3025
1.6575099999999998 1.4015
1.6525009999999998 1.4015
2.9

IMD6d2_damage
4
2.50351 1.3025
2.5085189999999997 1.3025
2.514499 1.4015
2.50949 1.4015
2.9

IMD6d2
4
-2.2775 1.3025
-1.7795189999999999 1.3025
-1.785499 1.4015
-2.2775 1.4015
2.65

IMD6d2
4
-0.7944809999999999 1.3025
-0.492519 1.3025
-0.49849899999999997 1.4015
-0.7885009999999999 1.4015
2.65

IMD6d2
4
0.492519 1.3025
0.5064810000000001 1.3025
0.5005010000000001 1.4015
0.49849899999999997 1.4015
2.65

IMD6d2
4
1.3565189999999998 1.3025
1.6584809999999999 1.3025
1.6525009999999998 1.4015
1.362499 1.4015
2.65

IMD6d2
4
2.5085189999999997 1.3025
3.0065000000000004 1.3025
3.0065000000000004 1.4015
2.514499 1.4015
2.65

IMD6d1
4
-2.2775 1.2925
-1.7839239999999998 1.2925
-1.784528 1.3025
-2.2775 1.3025
2.65

IMD6d1
4
-0.790076 1.2925
-0.496924 1.2925
-0.49752799999999997 1.3025
-0.789472 1.3025
2.65

IMD6d1
4
0.496924 1.2925
0.5020760000000002 1.2925
0.5014720000000001 1.3025
0.49752799999999997 1.3025
2.65

IMD6d1
4
1.3609239999999998 1.2925
1.6540759999999999 1.2925
1.6534719999999998 1.3025
1.3615279999999998 1.3025
2.65

IMD6d1
4
2.512924 1.2925
3.0065000000000004 1.2925
3.0065000000000004 1.3025
2.513528 1.3025
2.65

IMD6d1
4
-2.2775 1.2745
3.0065000000000004 1.2745
3.0065000000000004 1.2925
-2.2775 1.2925
2.65

FOXA+FOXB+TOX
4
-2.2775 0.001
3.0065000000000004 0.001
3.0065000000000004 0.2665
-2.2775 0.2665
4.0

ILD1a
4
-2.2775 0.2665
3.0065000000000004 0.2665
3.0065000000000004 0.2765
-2.2775 0.2765
7.0

ILD1b1+ILD1b2+ILD1b3
4
-2.2775 0.2765
3.0065000000000004 0.2765
3.0065000000000004 0.3955
-2.2775 0.3955
4.0

IMD1a
4
-2.2775 0.3955
3.0065000000000004 0.3955
3.0065000000000004 0.4065
-2.2775 0.4065
5.2

IMD1b
4
-2.2775 0.4065
3.0065000000000004 0.4065
3.0065000000000004 0.4665
-2.2775 0.4665
2.8

IMD2a
4
-2.2775 0.4665
3.0065000000000004 0.4665
3.0065000000000004 0.4875
-2.2775 0.4875
5.2

IMD2b
4
-2.2775 0.4875
3.0065000000000004 0.4875
3.0065000000000004 0.5025
-2.2775 0.5025
4.2

IMD2c
4
-2.2775 0.5025
3.0065000000000004 0.5025
3.0065000000000004 0.5265
-2.2775 0.5265
3.28

IMD2d1+IMD2d2
4
-2.2775 0.5265
3.0065000000000004 0.5265
3.0065000000000004 0.6535
-2.2775 0.6535
2.65

IMD3a
4
-2.2775 0.6535
3.0065000000000004 0.6535
3.0065000000000004 0.6745
-2.2775 0.6745
5.2

IMD3b
4
-2.2775 0.6745
3.0065000000000004 0.6745
3.0065000000000004 0.6895
-2.2775 0.6895
4.2

IMD3c
4
-2.2775 0.6895
3.0065000000000004 0.6895
3.0065000000000004 0.7135
-2.2775 0.7135
3.28

IMD3d1+IMD3d2
4
-2.2775 0.7135
3.0065000000000004 0.7135
3.0065000000000004 0.8405
-2.2775 0.8405
2.65

IMD4a
4
-2.2775 0.8405
3.0065000000000004 0.8405
3.0065000000000004 0.8615
-2.2775 0.8615
5.2

IMD4b
4
-2.2775 0.8615
3.0065000000000004 0.8615
3.0065000000000004 0.8765
-2.2775 0.8765
4.2

IMD4c
4
-2.2775 0.8765
3.0065000000000004 0.8765
3.0065000000000004 0.9005
-2.2775 0.9005
3.28

IMD4d1+IMD4d2
4
-2.2775 0.9005
3.0065000000000004 0.9005
3.0065000000000004 1.0275
-2.2775 1.0275
2.65

IMD5a
4
-2.2775 1.0275
3.0065000000000004 1.0275
3.0065000000000004 1.0485
-2.2775 1.0485
5.2

IMD5b
4
-2.2775 1.0485
3.0065000000000004 1.0485
3.0065000000000004 1.0635
-2.2775 1.0635
4.2

IMD5c
4
-2.2775 1.0635
3.0065000000000004 1.0635
3.0065000000000004 1.0875
-2.2775 1.0875
3.28

IMD5d1+IMD5d2
4
-2.2775 1.0875
3.0065000000000004 1.0875
3.0065000000000004 1.2145
-2.2775 1.2145
2.65

IMD6a
4
-2.2775 1.2145
3.0065000000000004 1.2145
3.0065000000000004 1.2355
-2.2775 1.2355
5.2

IMD6b
4
-2.2775 1.2355
3.0065000000000004 1.2355
3.0065000000000004 1.2505
-2.2775 1.2505
4.2

IMD6c
4
-2.2775 1.2505
3.0065000000000004 1.2505
3.0065000000000004 1.2745
-2.2775 1.2745
3.28

IMD7a
4
-2.2775 1.4015
3.0065000000000004 1.4015
3.0065000000000004 1.4765
-2.2775 1.4765
5.2

IMD7b1+IMD7b2
4
-2.2775 1.4765
3.0065000000000004 1.4765
3.0065000000000004 2.9765
-2.2775 2.9765
4.2

IMD8a
4
-2.2775 2.9765
3.0065000000000004 2.9765
3.0065000000000004 3.0515
-2.2775 3.0515
5.2

IMD8b1+IMD8b2
4
-2.2775 3.0515
3.0065000000000004 3.0515
3.0065000000000004 4.5515
-2.2775 4.5515
4.2

PASS1
4
-2.2775 4.5515
3.0065000000000004 4.5515
3.0065000000000004 4.6265
-2.2775 4.6265
7.0

PASS2
4
-2.2775 4.6265
3.0065000000000004 4.6265
3.0065000000000004 5.0265
-2.2775 5.0265
4.2

PASS3
4
-2.2775 5.0265
3.0065000000000004 5.0265
3.0065000000000004 5.1015
-2.2775 5.1015
7.0

PASS4+PASS5
4
-2.2775 5.1015
3.0065000000000004 5.1015
3.0065000000000004 6.0515
-2.2775 6.0515
4.2

PASS6
4
-2.2775 6.0515
3.0065000000000004 6.0515
3.0065000000000004 6.6515
-2.2775 6.6515
7.0

air_Layer
4
-2.2775 6.6515
3.0065000000000004 6.6515
3.0065000000000004 6.9485
-2.2775 6.9485
1.0


4
-2.2775 0.001
3.0065000000000004 0.001
3.0065000000000004 6.9485
-2.2775 6.9485

