c1
4
-0.35251 0.5545
0.35251 0.5545
0.35849 0.6535
-0.35849 0.6535

5
botleft
4
-1.6925 -0.001
0 -0.001
0 0.001
-1.6925 0.001

botright
4
0 -0.001
1.5215 -0.001
1.5215 0.001
0 0.001

lEnv
4
-1.1895099999999998 0.5545
-0.48449 0.5545
-0.47851 0.6535
-1.19549 0.6535

c2
4
0.46648999999999996 0.5545
0.6765100000000001 0.5545
0.68249 0.6535
0.46051 0.6535

rEnv
4
0.80849 0.5545
1.01851 0.5545
1.0244900000000001 0.6535
0.8025100000000001 0.6535


57
IMD2d1_damage
4
-1.1989239999999999 0.5445
-0.475076 0.5445
-0.474472 0.5545
-1.199528 0.5545
3.1

IMD2d1_damage
4
-0.36192399999999997 0.5445
0.36192399999999997 0.5445
0.36252799999999996 0.5545
-0.36252799999999996 0.5545
3.1

IMD2d1_damage
4
0.457076 0.5445
0.685924 0.5445
0.686528 0.5545
0.456472 0.5545
3.1

IMD2d1_damage
4
0.7990760000000001 0.5445
1.027924 0.5445
1.028528 0.5545
0.7984720000000001 0.5545
3.1

IMD2d2_damage
4
-1.1945189999999999 0.5545
-1.1895099999999998 0.5545
-1.19549 0.6535
-1.200499 0.6535
2.9

IMD2d2_damage
4
-0.48449 0.5545
-0.479481 0.5545
-0.473501 0.6535
-0.47851 0.6535
2.9

IMD2d2_damage
4
-0.357519 0.5545
-0.35251 0.5545
-0.35849 0.6535
-0.36349899999999996 0.6535
2.9

IMD2d2_damage
4
0.35251 0.5545
0.357519 0.5545
0.36349899999999996 0.6535
0.35849 0.6535
2.9

IMD2d2_damage
4
0.461481 0.5545
0.46648999999999996 0.5545
0.46051 0.6535
0.455501 0.6535
2.9

IMD2d2_damage
4
0.6765100000000001 0.5545
0.6815190000000001 0.5545
0.6874990000000001 0.6535
0.68249 0.6535
2.9

IMD2d2_damage
4
0.803481 0.5545
0.80849 0.5545
0.8025100000000001 0.6535
0.797501 0.6535
2.9

IMD2d2_damage
4
1.01851 0.5545
1.023519 0.5545
1.0294990000000002 0.6535
1.0244900000000001 0.6535
2.9

IMD2d2
4
-1.6925 0.5545
-1.1945189999999999 0.5545
-1.200499 0.6535
-1.6925 0.6535
2.65

IMD2d2
4
-0.479481 0.5545
-0.357519 0.5545
-0.36349899999999996 0.6535
-0.473501 0.6535
2.65

IMD2d2
4
0.357519 0.5545
0.461481 0.5545
0.455501 0.6535
0.36349899999999996 0.6535
2.65

IMD2d2
4
0.6815190000000001 0.5545
0.803481 0.5545
0.797501 0.6535
0.6874990000000001 0.6535
2.65

IMD2d2
4
1.023519 0.5545
1.5215 0.5545
1.5215 0.6535
1.0294990000000002 0.6535
2.65

IMD2d1
4
-1.6925 0.5445
-1.1989239999999999 0.5445
-1.199528 0.5545
-1.6925 0.5545
2.65

IMD2d1
4
-0.475076 0.5445
-0.36192399999999997 0.5445
-0.36252799999999996 0.5545
-0.474472 0.5545
2.65

IMD2d1
4
0.36192399999999997 0.5445
0.457076 0.5445
0.456472 0.5545
0.36252799999999996 0.5545
2.65

IMD2d1
4
0.685924 0.5445
0.7990760000000001 0.5445
0.7984720000000001 0.5545
0.686528 0.5545
2.65

IMD2d1
4
1.027924 0.5445
1.5215 0.5445
1.5215 0.5545
1.028528 0.5545
2.65

IMD2d1
4
-1.6925 0.5265
1.5215 0.5265
1.5215 0.5445
-1.6925 0.5445
2.65

FOXA+FOXB+TOX
4
-1.6925 0.001
1.5215 0.001
1.5215 0.2665
-1.6925 0.2665
4.0

ILD1a
4
-1.6925 0.2665
1.5215 0.2665
1.5215 0.2765
-1.6925 0.2765
7.0

ILD1b1+ILD1b2+ILD1b3
4
-1.6925 0.2765
1.5215 0.2765
1.5215 0.3955
-1.6925 0.3955
4.0

IMD1a
4
-1.6925 0.3955
1.5215 0.3955
1.5215 0.4065
-1.6925 0.4065
5.2

IMD1b
4
-1.6925 0.4065
1.5215 0.4065
1.5215 0.4665
-1.6925 0.4665
2.8

IMD2a
4
-1.6925 0.4665
1.5215 0.4665
1.5215 0.4875
-1.6925 0.4875
5.2

IMD2b
4
-1.6925 0.4875
1.5215 0.4875
1.5215 0.5025
-1.6925 0.5025
4.2

IMD2c
4
-1.6925 0.5025
1.5215 0.5025
1.5215 0.5265
-1.6925 0.5265
3.28

IMD3a
4
-1.6925 0.6535
1.5215 0.6535
1.5215 0.6745
-1.6925 0.6745
5.2

IMD3b
4
-1.6925 0.6745
1.5215 0.6745
1.5215 0.6895
-1.6925 0.6895
4.2

IMD3c
4
-1.6925 0.6895
1.5215 0.6895
1.5215 0.7135
-1.6925 0.7135
3.28

IMD3d1+IMD3d2
4
-1.6925 0.7135
1.5215 0.7135
1.5215 0.8405
-1.6925 0.8405
2.65

IMD4a
4
-1.6925 0.8405
1.5215 0.8405
1.5215 0.8615
-1.6925 0.8615
5.2

IMD4b
4
-1.6925 0.8615
1.5215 0.8615
1.5215 0.8765
-1.6925 0.8765
4.2

IMD4c
4
-1.6925 0.8765
1.5215 0.8765
1.5215 0.9005
-1.6925 0.9005
3.28

IMD4d1+IMD4d2
4
-1.6925 0.9005
1.5215 0.9005
1.5215 1.0275
-1.6925 1.0275
2.65

IMD5a
4
-1.6925 1.0275
1.5215 1.0275
1.5215 1.0485
-1.6925 1.0485
5.2

IMD5b
4
-1.6925 1.0485
1.5215 1.0485
1.5215 1.0635
-1.6925 1.0635
4.2

IMD5c
4
-1.6925 1.0635
1.5215 1.0635
1.5215 1.0875
-1.6925 1.0875
3.28

IMD5d1+IMD5d2
4
-1.6925 1.0875
1.5215 1.0875
1.5215 1.2145
-1.6925 1.2145
2.65

IMD6a
4
-1.6925 1.2145
1.5215 1.2145
1.5215 1.2355
-1.6925 1.2355
5.2

IMD6b
4
-1.6925 1.2355
1.5215 1.2355
1.5215 1.2505
-1.6925 1.2505
4.2

IMD6c
4
-1.6925 1.2505
1.5215 1.2505
1.5215 1.2745
-1.6925 1.2745
3.28

IMD6d1+IMD6d2
4
-1.6925 1.2745
1.5215 1.2745
1.5215 1.4015
-1.6925 1.4015
2.65

IMD7a
4
-1.6925 1.4015
1.5215 1.4015
1.5215 1.4765
-1.6925 1.4765
5.2

IMD7b1+IMD7b2
4
-1.6925 1.4765
1.5215 1.4765
1.5215 2.9765
-1.6925 2.9765
4.2

IMD8a
4
-1.6925 2.9765
1.5215 2.9765
1.5215 3.0515
-1.6925 3.0515
5.2

IMD8b1+IMD8b2
4
-1.6925 3.0515
1.5215 3.0515
1.5215 4.5515
-1.6925 4.5515
4.2

PASS1
4
-1.6925 4.5515
1.5215 4.5515
1.5215 4.6265
-1.6925 4.6265
7.0

PASS2
4
-1.6925 4.6265
1.5215 4.6265
1.5215 5.0265
-1.6925 5.0265
4.2

PASS3
4
-1.6925 5.0265
1.5215 5.0265
1.5215 5.1015
-1.6925 5.1015
7.0

PASS4+PASS5
4
-1.6925 5.1015
1.5215 5.1015
1.5215 6.0515
-1.6925 6.0515
4.2

PASS6
4
-1.6925 6.0515
1.5215 6.0515
1.5215 6.6515
-1.6925 6.6515
7.0

air_Layer
4
-1.6925 6.6515
1.5215 6.6515
1.5215 6.9485
-1.6925 6.9485
1.0


4
-1.6925 0.001
1.5215 0.001
1.5215 6.9485
-1.6925 6.9485

