c1
4
-0.15001 1.1155
0.15001 1.1155
0.15599000000000002 1.2145
-0.15599000000000002 1.2145

5
botleft
4
-0.995 -0.001
0 -0.001
0 0.001
-0.995 0.001

botright
4
0 -0.001
1.004 -0.001
1.004 0.001
0 0.001

lEnv
4
-0.49201 1.1155
-0.19199000000000002 1.1155
-0.18601 1.2145
-0.49799 1.2145

c2
4
0.21899 1.1155
0.33901 1.1155
0.34498999999999996 1.2145
0.21300999999999998 1.2145

rEnv
4
0.38099 1.1155
0.5010100000000001 1.1155
0.50699 1.2145
0.37501 1.2145


57
IMD5d1_damage
4
-0.501424 1.1055
-0.18257600000000002 1.1055
-0.18197200000000002 1.1155
-0.502028 1.1155
3.1

IMD5d1_damage
4
-0.159424 1.1055
0.159424 1.1055
0.160028 1.1155
-0.160028 1.1155
3.1

IMD5d1_damage
4
0.20957599999999998 1.1055
0.34842399999999996 1.1055
0.34902799999999995 1.1155
0.208972 1.1155
3.1

IMD5d1_damage
4
0.371576 1.1055
0.510424 1.1055
0.511028 1.1155
0.370972 1.1155
3.1

IMD5d2_damage
4
-0.497019 1.1155
-0.49201 1.1155
-0.49799 1.2145
-0.502999 1.2145
2.9

IMD5d2_damage
4
-0.19199000000000002 1.1155
-0.186981 1.1155
-0.181001 1.2145
-0.18601 1.2145
2.9

IMD5d2_damage
4
-0.15501900000000002 1.1155
-0.15001 1.1155
-0.15599000000000002 1.2145
-0.16099900000000003 1.2145
2.9

IMD5d2_damage
4
0.15001 1.1155
0.15501900000000002 1.1155
0.16099900000000003 1.2145
0.15599000000000002 1.2145
2.9

IMD5d2_damage
4
0.21398099999999998 1.1155
0.21899 1.1155
0.21300999999999998 1.2145
0.20800099999999996 1.2145
2.9

IMD5d2_damage
4
0.33901 1.1155
0.34401899999999996 1.1155
0.34999899999999995 1.2145
0.34498999999999996 1.2145
2.9

IMD5d2_damage
4
0.375981 1.1155
0.38099 1.1155
0.37501 1.2145
0.370001 1.2145
2.9

IMD5d2_damage
4
0.5010100000000001 1.1155
0.5060190000000001 1.1155
0.5119990000000001 1.2145
0.50699 1.2145
2.9

IMD5d2
4
-0.995 1.1155
-0.497019 1.1155
-0.502999 1.2145
-0.995 1.2145
2.65

IMD5d2
4
-0.186981 1.1155
-0.15501900000000002 1.1155
-0.16099900000000003 1.2145
-0.181001 1.2145
2.65

IMD5d2
4
0.15501900000000002 1.1155
0.21398099999999998 1.1155
0.20800099999999996 1.2145
0.16099900000000003 1.2145
2.65

IMD5d2
4
0.34401899999999996 1.1155
0.375981 1.1155
0.370001 1.2145
0.34999899999999995 1.2145
2.65

IMD5d2
4
0.5060190000000001 1.1155
1.004 1.1155
1.004 1.2145
0.5119990000000001 1.2145
2.65

IMD5d1
4
-0.995 1.1055
-0.501424 1.1055
-0.502028 1.1155
-0.995 1.1155
2.65

IMD5d1
4
-0.18257600000000002 1.1055
-0.159424 1.1055
-0.160028 1.1155
-0.18197200000000002 1.1155
2.65

IMD5d1
4
0.159424 1.1055
0.20957599999999998 1.1055
0.208972 1.1155
0.160028 1.1155
2.65

IMD5d1
4
0.34842399999999996 1.1055
0.371576 1.1055
0.370972 1.1155
0.34902799999999995 1.1155
2.65

IMD5d1
4
0.510424 1.1055
1.004 1.1055
1.004 1.1155
0.511028 1.1155
2.65

IMD5d1
4
-0.995 1.0875
1.004 1.0875
1.004 1.1055
-0.995 1.1055
2.65

FOXA+FOXB+TOX
4
-0.995 0.001
1.004 0.001
1.004 0.2665
-0.995 0.2665
4.0

ILD1a
4
-0.995 0.2665
1.004 0.2665
1.004 0.2765
-0.995 0.2765
7.0

ILD1b1+ILD1b2+ILD1b3
4
-0.995 0.2765
1.004 0.2765
1.004 0.3955
-0.995 0.3955
4.0

IMD1a
4
-0.995 0.3955
1.004 0.3955
1.004 0.4065
-0.995 0.4065
5.2

IMD1b
4
-0.995 0.4065
1.004 0.4065
1.004 0.4665
-0.995 0.4665
2.8

IMD2a
4
-0.995 0.4665
1.004 0.4665
1.004 0.4875
-0.995 0.4875
5.2

IMD2b
4
-0.995 0.4875
1.004 0.4875
1.004 0.5025
-0.995 0.5025
4.2

IMD2c
4
-0.995 0.5025
1.004 0.5025
1.004 0.5265
-0.995 0.5265
3.28

IMD2d1+IMD2d2
4
-0.995 0.5265
1.004 0.5265
1.004 0.6535
-0.995 0.6535
2.65

IMD3a
4
-0.995 0.6535
1.004 0.6535
1.004 0.6745
-0.995 0.6745
5.2

IMD3b
4
-0.995 0.6745
1.004 0.6745
1.004 0.6895
-0.995 0.6895
4.2

IMD3c
4
-0.995 0.6895
1.004 0.6895
1.004 0.7135
-0.995 0.7135
3.28

IMD3d1+IMD3d2
4
-0.995 0.7135
1.004 0.7135
1.004 0.8405
-0.995 0.8405
2.65

IMD4a
4
-0.995 0.8405
1.004 0.8405
1.004 0.8615
-0.995 0.8615
5.2

IMD4b
4
-0.995 0.8615
1.004 0.8615
1.004 0.8765
-0.995 0.8765
4.2

IMD4c
4
-0.995 0.8765
1.004 0.8765
1.004 0.9005
-0.995 0.9005
3.28

IMD4d1+IMD4d2
4
-0.995 0.9005
1.004 0.9005
1.004 1.0275
-0.995 1.0275
2.65

IMD5a
4
-0.995 1.0275
1.004 1.0275
1.004 1.0485
-0.995 1.0485
5.2

IMD5b
4
-0.995 1.0485
1.004 1.0485
1.004 1.0635
-0.995 1.0635
4.2

IMD5c
4
-0.995 1.0635
1.004 1.0635
1.004 1.0875
-0.995 1.0875
3.28

IMD6a
4
-0.995 1.2145
1.004 1.2145
1.004 1.2355
-0.995 1.2355
5.2

IMD6b
4
-0.995 1.2355
1.004 1.2355
1.004 1.2505
-0.995 1.2505
4.2

IMD6c
4
-0.995 1.2505
1.004 1.2505
1.004 1.2745
-0.995 1.2745
3.28

IMD6d1+IMD6d2
4
-0.995 1.2745
1.004 1.2745
1.004 1.4015
-0.995 1.4015
2.65

IMD7a
4
-0.995 1.4015
1.004 1.4015
1.004 1.4765
-0.995 1.4765
5.2

IMD7b1+IMD7b2
4
-0.995 1.4765
1.004 1.4765
1.004 2.9765
-0.995 2.9765
4.2

IMD8a
4
-0.995 2.9765
1.004 2.9765
1.004 3.0515
-0.995 3.0515
5.2

IMD8b1+IMD8b2
4
-0.995 3.0515
1.004 3.0515
1.004 4.5515
-0.995 4.5515
4.2

PASS1
4
-0.995 4.5515
1.004 4.5515
1.004 4.6265
-0.995 4.6265
7.0

PASS2
4
-0.995 4.6265
1.004 4.6265
1.004 5.0265
-0.995 5.0265
4.2

PASS3
4
-0.995 5.0265
1.004 5.0265
1.004 5.1015
-0.995 5.1015
7.0

PASS4+PASS5
4
-0.995 5.1015
1.004 5.1015
1.004 6.0515
-0.995 6.0515
4.2

PASS6
4
-0.995 6.0515
1.004 6.0515
1.004 6.6515
-0.995 6.6515
7.0

air_Layer
4
-0.995 6.6515
1.004 6.6515
1.004 6.9485
-0.995 6.9485
1.0


4
-0.995 0.001
1.004 0.001
1.004 6.9485
-0.995 6.9485

