c1
4
-0.21750999999999995 1.3025
0.21750999999999995 1.3025
0.22348999999999997 1.4015
-0.22348999999999997 1.4015

5
botleft
4
-1.5574999999999999 -0.001
0 -0.001
0 0.001
-1.5574999999999999 0.001

botright
4
0 -0.001
2.5115 -0.001
2.5115 0.001
0 0.001

lEnv
4
-1.0545099999999998 1.3025
-0.61949 1.3025
-0.61351 1.4015
-1.06049 1.4015

c2
4
1.00649 1.3025
1.30651 1.3025
1.3124900000000002 1.4015
1.00051 1.4015

rEnv
4
1.70849 1.3025
2.0085100000000002 1.3025
2.0144900000000003 1.4015
1.70251 1.4015


57
IMD6d1_damage
4
-1.0639239999999999 1.2925
-0.6100760000000001 1.2925
-0.609472 1.3025
-1.064528 1.3025
3.1

IMD6d1_damage
4
-0.22692399999999996 1.2925
0.22692399999999996 1.2925
0.22752799999999995 1.3025
-0.22752799999999995 1.3025
3.1

IMD6d1_damage
4
0.9970760000000001 1.2925
1.315924 1.2925
1.3165280000000001 1.3025
0.996472 1.3025
3.1

IMD6d1_damage
4
1.699076 1.2925
2.0179240000000003 1.2925
2.0185280000000003 1.3025
1.698472 1.3025
3.1

IMD6d2_damage
4
-1.0595189999999999 1.3025
-1.0545099999999998 1.3025
-1.06049 1.4015
-1.065499 1.4015
2.9

IMD6d2_damage
4
-0.61949 1.3025
-0.6144809999999999 1.3025
-0.608501 1.4015
-0.61351 1.4015
2.9

IMD6d2_damage
4
-0.22251899999999997 1.3025
-0.21750999999999995 1.3025
-0.22348999999999997 1.4015
-0.22849899999999998 1.4015
2.9

IMD6d2_damage
4
0.21750999999999995 1.3025
0.22251899999999997 1.3025
0.22849899999999998 1.4015
0.22348999999999997 1.4015
2.9

IMD6d2_damage
4
1.001481 1.3025
1.00649 1.3025
1.00051 1.4015
0.995501 1.4015
2.9

IMD6d2_damage
4
1.30651 1.3025
1.311519 1.3025
1.3174990000000002 1.4015
1.3124900000000002 1.4015
2.9

IMD6d2_damage
4
1.703481 1.3025
1.70849 1.3025
1.70251 1.4015
1.697501 1.4015
2.9

IMD6d2_damage
4
2.0085100000000002 1.3025
2.013519 1.3025
2.019499 1.4015
2.0144900000000003 1.4015
2.9

IMD6d2
4
-1.5574999999999999 1.3025
-1.0595189999999999 1.3025
-1.065499 1.4015
-1.5574999999999999 1.4015
2.65

IMD6d2
4
-0.6144809999999999 1.3025
-0.22251899999999997 1.3025
-0.22849899999999998 1.4015
-0.608501 1.4015
2.65

IMD6d2
4
0.22251899999999997 1.3025
1.001481 1.3025
0.995501 1.4015
0.22849899999999998 1.4015
2.65

IMD6d2
4
1.311519 1.3025
1.703481 1.3025
1.697501 1.4015
1.3174990000000002 1.4015
2.65

IMD6d2
4
2.013519 1.3025
2.5115 1.3025
2.5115 1.4015
2.019499 1.4015
2.65

IMD6d1
4
-1.5574999999999999 1.2925
-1.0639239999999999 1.2925
-1.064528 1.3025
-1.5574999999999999 1.3025
2.65

IMD6d1
4
-0.6100760000000001 1.2925
-0.22692399999999996 1.2925
-0.22752799999999995 1.3025
-0.609472 1.3025
2.65

IMD6d1
4
0.22692399999999996 1.2925
0.9970760000000001 1.2925
0.996472 1.3025
0.22752799999999995 1.3025
2.65

IMD6d1
4
1.315924 1.2925
1.699076 1.2925
1.698472 1.3025
1.3165280000000001 1.3025
2.65

IMD6d1
4
2.0179240000000003 1.2925
2.5115 1.2925
2.5115 1.3025
2.0185280000000003 1.3025
2.65

IMD6d1
4
-1.5574999999999999 1.2745
2.5115 1.2745
2.5115 1.2925
-1.5574999999999999 1.2925
2.65

FOXA+FOXB+TOX
4
-1.5574999999999999 0.001
2.5115 0.001
2.5115 0.2665
-1.5574999999999999 0.2665
4.0

ILD1a
4
-1.5574999999999999 0.2665
2.5115 0.2665
2.5115 0.2765
-1.5574999999999999 0.2765
7.0

ILD1b1+ILD1b2+ILD1b3
4
-1.5574999999999999 0.2765
2.5115 0.2765
2.5115 0.3955
-1.5574999999999999 0.3955
4.0

IMD1a
4
-1.5574999999999999 0.3955
2.5115 0.3955
2.5115 0.4065
-1.5574999999999999 0.4065
5.2

IMD1b
4
-1.5574999999999999 0.4065
2.5115 0.4065
2.5115 0.4665
-1.5574999999999999 0.4665
2.8

IMD2a
4
-1.5574999999999999 0.4665
2.5115 0.4665
2.5115 0.4875
-1.5574999999999999 0.4875
5.2

IMD2b
4
-1.5574999999999999 0.4875
2.5115 0.4875
2.5115 0.5025
-1.5574999999999999 0.5025
4.2

IMD2c
4
-1.5574999999999999 0.5025
2.5115 0.5025
2.5115 0.5265
-1.5574999999999999 0.5265
3.28

IMD2d1+IMD2d2
4
-1.5574999999999999 0.5265
2.5115 0.5265
2.5115 0.6535
-1.5574999999999999 0.6535
2.65

IMD3a
4
-1.5574999999999999 0.6535
2.5115 0.6535
2.5115 0.6745
-1.5574999999999999 0.6745
5.2

IMD3b
4
-1.5574999999999999 0.6745
2.5115 0.6745
2.5115 0.6895
-1.5574999999999999 0.6895
4.2

IMD3c
4
-1.5574999999999999 0.6895
2.5115 0.6895
2.5115 0.7135
-1.5574999999999999 0.7135
3.28

IMD3d1+IMD3d2
4
-1.5574999999999999 0.7135
2.5115 0.7135
2.5115 0.8405
-1.5574999999999999 0.8405
2.65

IMD4a
4
-1.5574999999999999 0.8405
2.5115 0.8405
2.5115 0.8615
-1.5574999999999999 0.8615
5.2

IMD4b
4
-1.5574999999999999 0.8615
2.5115 0.8615
2.5115 0.8765
-1.5574999999999999 0.8765
4.2

IMD4c
4
-1.5574999999999999 0.8765
2.5115 0.8765
2.5115 0.9005
-1.5574999999999999 0.9005
3.28

IMD4d1+IMD4d2
4
-1.5574999999999999 0.9005
2.5115 0.9005
2.5115 1.0275
-1.5574999999999999 1.0275
2.65

IMD5a
4
-1.5574999999999999 1.0275
2.5115 1.0275
2.5115 1.0485
-1.5574999999999999 1.0485
5.2

IMD5b
4
-1.5574999999999999 1.0485
2.5115 1.0485
2.5115 1.0635
-1.5574999999999999 1.0635
4.2

IMD5c
4
-1.5574999999999999 1.0635
2.5115 1.0635
2.5115 1.0875
-1.5574999999999999 1.0875
3.28

IMD5d1+IMD5d2
4
-1.5574999999999999 1.0875
2.5115 1.0875
2.5115 1.2145
-1.5574999999999999 1.2145
2.65

IMD6a
4
-1.5574999999999999 1.2145
2.5115 1.2145
2.5115 1.2355
-1.5574999999999999 1.2355
5.2

IMD6b
4
-1.5574999999999999 1.2355
2.5115 1.2355
2.5115 1.2505
-1.5574999999999999 1.2505
4.2

IMD6c
4
-1.5574999999999999 1.2505
2.5115 1.2505
2.5115 1.2745
-1.5574999999999999 1.2745
3.28

IMD7a
4
-1.5574999999999999 1.4015
2.5115 1.4015
2.5115 1.4765
-1.5574999999999999 1.4765
5.2

IMD7b1+IMD7b2
4
-1.5574999999999999 1.4765
2.5115 1.4765
2.5115 2.9765
-1.5574999999999999 2.9765
4.2

IMD8a
4
-1.5574999999999999 2.9765
2.5115 2.9765
2.5115 3.0515
-1.5574999999999999 3.0515
5.2

IMD8b1+IMD8b2
4
-1.5574999999999999 3.0515
2.5115 3.0515
2.5115 4.5515
-1.5574999999999999 4.5515
4.2

PASS1
4
-1.5574999999999999 4.5515
2.5115 4.5515
2.5115 4.6265
-1.5574999999999999 4.6265
7.0

PASS2
4
-1.5574999999999999 4.6265
2.5115 4.6265
2.5115 5.0265
-1.5574999999999999 5.0265
4.2

PASS3
4
-1.5574999999999999 5.0265
2.5115 5.0265
2.5115 5.1015
-1.5574999999999999 5.1015
7.0

PASS4+PASS5
4
-1.5574999999999999 5.1015
2.5115 5.1015
2.5115 6.0515
-1.5574999999999999 6.0515
4.2

PASS6
4
-1.5574999999999999 6.0515
2.5115 6.0515
2.5115 6.6515
-1.5574999999999999 6.6515
7.0

air_Layer
4
-1.5574999999999999 6.6515
2.5115 6.6515
2.5115 6.9485
-1.5574999999999999 6.9485
1.0


4
-1.5574999999999999 0.001
2.5115 0.001
2.5115 6.9485
-1.5574999999999999 6.9485

