c1
4
-0.4200100000000001 1.1155
0.4200100000000001 1.1155
0.4259900000000001 1.2145
-0.4259900000000001 1.2145

5
botleft
4
-2.165 -0.001
0 -0.001
0 0.001
-2.165 0.001

botright
4
0 -0.001
3.344 -0.001
3.344 0.001
0 0.001

lEnv
4
-1.66201 1.1155
-0.8219900000000001 1.1155
-0.8160100000000001 1.2145
-1.66799 1.2145

c2
4
1.0289900000000003 1.1155
1.73401 1.1155
1.7399900000000001 1.2145
1.0230100000000002 1.2145

rEnv
4
2.13599 1.1155
2.8410099999999994 1.1155
2.8469899999999995 1.2145
2.13001 1.2145


57
IMD5d1_damage
4
-1.671424 1.1055
-0.8125760000000002 1.1055
-0.8119720000000001 1.1155
-1.672028 1.1155
3.1

IMD5d1_damage
4
-0.4294240000000001 1.1055
0.4294240000000001 1.1055
0.4300280000000001 1.1155
-0.4300280000000001 1.1155
3.1

IMD5d1_damage
4
1.0195760000000003 1.1055
1.743424 1.1055
1.7440280000000001 1.1155
1.0189720000000002 1.1155
3.1

IMD5d1_damage
4
2.126576 1.1055
2.8504239999999994 1.1055
2.8510279999999995 1.1155
2.125972 1.1155
3.1

IMD5d2_damage
4
-1.667019 1.1155
-1.66201 1.1155
-1.66799 1.2145
-1.6729990000000001 1.2145
2.9

IMD5d2_damage
4
-0.8219900000000001 1.1155
-0.8169810000000001 1.1155
-0.8110010000000001 1.2145
-0.8160100000000001 1.2145
2.9

IMD5d2_damage
4
-0.4250190000000001 1.1155
-0.4200100000000001 1.1155
-0.4259900000000001 1.2145
-0.4309990000000001 1.2145
2.9

IMD5d2_damage
4
0.4200100000000001 1.1155
0.4250190000000001 1.1155
0.4309990000000001 1.2145
0.4259900000000001 1.2145
2.9

IMD5d2_damage
4
1.0239810000000003 1.1155
1.0289900000000003 1.1155
1.0230100000000002 1.2145
1.0180010000000002 1.2145
2.9

IMD5d2_damage
4
1.73401 1.1155
1.739019 1.1155
1.7449990000000002 1.2145
1.7399900000000001 1.2145
2.9

IMD5d2_damage
4
2.1309810000000002 1.1155
2.13599 1.1155
2.13001 1.2145
2.125001 1.2145
2.9

IMD5d2_damage
4
2.8410099999999994 1.1155
2.846018999999999 1.1155
2.8519989999999993 1.2145
2.8469899999999995 1.2145
2.9

IMD5d2
4
-2.165 1.1155
-1.667019 1.1155
-1.6729990000000001 1.2145
-2.165 1.2145
2.65

IMD5d2
4
-0.8169810000000001 1.1155
-0.4250190000000001 1.1155
-0.4309990000000001 1.2145
-0.8110010000000001 1.2145
2.65

IMD5d2
4
0.4250190000000001 1.1155
1.0239810000000003 1.1155
1.0180010000000002 1.2145
0.4309990000000001 1.2145
2.65

IMD5d2
4
1.739019 1.1155
2.1309810000000002 1.1155
2.125001 1.2145
1.7449990000000002 1.2145
2.65

IMD5d2
4
2.846018999999999 1.1155
3.344 1.1155
3.344 1.2145
2.8519989999999993 1.2145
2.65

IMD5d1
4
-2.165 1.1055
-1.671424 1.1055
-1.672028 1.1155
-2.165 1.1155
2.65

IMD5d1
4
-0.8125760000000002 1.1055
-0.4294240000000001 1.1055
-0.4300280000000001 1.1155
-0.8119720000000001 1.1155
2.65

IMD5d1
4
0.4294240000000001 1.1055
1.0195760000000003 1.1055
1.0189720000000002 1.1155
0.4300280000000001 1.1155
2.65

IMD5d1
4
1.743424 1.1055
2.126576 1.1055
2.125972 1.1155
1.7440280000000001 1.1155
2.65

IMD5d1
4
2.8504239999999994 1.1055
3.344 1.1055
3.344 1.1155
2.8510279999999995 1.1155
2.65

IMD5d1
4
-2.165 1.0875
3.344 1.0875
3.344 1.1055
-2.165 1.1055
2.65

FOXA+FOXB+TOX
4
-2.165 0.001
3.344 0.001
3.344 0.2665
-2.165 0.2665
4.0

ILD1a
4
-2.165 0.2665
3.344 0.2665
3.344 0.2765
-2.165 0.2765
7.0

ILD1b1+ILD1b2+ILD1b3
4
-2.165 0.2765
3.344 0.2765
3.344 0.3955
-2.165 0.3955
4.0

IMD1a
4
-2.165 0.3955
3.344 0.3955
3.344 0.4065
-2.165 0.4065
5.2

IMD1b
4
-2.165 0.4065
3.344 0.4065
3.344 0.4665
-2.165 0.4665
2.8

IMD2a
4
-2.165 0.4665
3.344 0.4665
3.344 0.4875
-2.165 0.4875
5.2

IMD2b
4
-2.165 0.4875
3.344 0.4875
3.344 0.5025
-2.165 0.5025
4.2

IMD2c
4
-2.165 0.5025
3.344 0.5025
3.344 0.5265
-2.165 0.5265
3.28

IMD2d1+IMD2d2
4
-2.165 0.5265
3.344 0.5265
3.344 0.6535
-2.165 0.6535
2.65

IMD3a
4
-2.165 0.6535
3.344 0.6535
3.344 0.6745
-2.165 0.6745
5.2

IMD3b
4
-2.165 0.6745
3.344 0.6745
3.344 0.6895
-2.165 0.6895
4.2

IMD3c
4
-2.165 0.6895
3.344 0.6895
3.344 0.7135
-2.165 0.7135
3.28

IMD3d1+IMD3d2
4
-2.165 0.7135
3.344 0.7135
3.344 0.8405
-2.165 0.8405
2.65

IMD4a
4
-2.165 0.8405
3.344 0.8405
3.344 0.8615
-2.165 0.8615
5.2

IMD4b
4
-2.165 0.8615
3.344 0.8615
3.344 0.8765
-2.165 0.8765
4.2

IMD4c
4
-2.165 0.8765
3.344 0.8765
3.344 0.9005
-2.165 0.9005
3.28

IMD4d1+IMD4d2
4
-2.165 0.9005
3.344 0.9005
3.344 1.0275
-2.165 1.0275
2.65

IMD5a
4
-2.165 1.0275
3.344 1.0275
3.344 1.0485
-2.165 1.0485
5.2

IMD5b
4
-2.165 1.0485
3.344 1.0485
3.344 1.0635
-2.165 1.0635
4.2

IMD5c
4
-2.165 1.0635
3.344 1.0635
3.344 1.0875
-2.165 1.0875
3.28

IMD6a
4
-2.165 1.2145
3.344 1.2145
3.344 1.2355
-2.165 1.2355
5.2

IMD6b
4
-2.165 1.2355
3.344 1.2355
3.344 1.2505
-2.165 1.2505
4.2

IMD6c
4
-2.165 1.2505
3.344 1.2505
3.344 1.2745
-2.165 1.2745
3.28

IMD6d1+IMD6d2
4
-2.165 1.2745
3.344 1.2745
3.344 1.4015
-2.165 1.4015
2.65

IMD7a
4
-2.165 1.4015
3.344 1.4015
3.344 1.4765
-2.165 1.4765
5.2

IMD7b1+IMD7b2
4
-2.165 1.4765
3.344 1.4765
3.344 2.9765
-2.165 2.9765
4.2

IMD8a
4
-2.165 2.9765
3.344 2.9765
3.344 3.0515
-2.165 3.0515
5.2

IMD8b1+IMD8b2
4
-2.165 3.0515
3.344 3.0515
3.344 4.5515
-2.165 4.5515
4.2

PASS1
4
-2.165 4.5515
3.344 4.5515
3.344 4.6265
-2.165 4.6265
7.0

PASS2
4
-2.165 4.6265
3.344 4.6265
3.344 5.0265
-2.165 5.0265
4.2

PASS3
4
-2.165 5.0265
3.344 5.0265
3.344 5.1015
-2.165 5.1015
7.0

PASS4+PASS5
4
-2.165 5.1015
3.344 5.1015
3.344 6.0515
-2.165 6.0515
4.2

PASS6
4
-2.165 6.0515
3.344 6.0515
3.344 6.6515
-2.165 6.6515
7.0

air_Layer
4
-2.165 6.6515
3.344 6.6515
3.344 6.9485
-2.165 6.9485
1.0


4
-2.165 0.001
3.344 0.001
3.344 6.9485
-2.165 6.9485

