c1
4
-0.3525099999999999 0.5545
0.35251 0.5545
0.35849 0.6535
-0.35848999999999986 0.6535

5
botleft
4
-1.6024999999999998 -0.001
0 -0.001
0 0.001
-1.6024999999999998 0.001

botright
4
0 -0.001
2.1965000000000003 -0.001
2.1965000000000003 0.001
0 0.001

lEnv
4
-1.0995099999999998 0.5545
-0.3944899999999999 0.5545
-0.3885099999999999 0.6535
-1.1054899999999999 0.6535

c2
4
1.05149 0.5545
1.35151 0.5545
1.35749 0.6535
1.04551 0.6535

rEnv
4
1.3934900000000001 0.5545
1.69351 0.5545
1.6994900000000002 0.6535
1.38751 0.6535


57
IMD2d1_damage
4
-1.1089239999999998 0.5445
-0.3850759999999999 0.5445
-0.3844719999999999 0.5545
-1.1095279999999998 0.5545
3.1

IMD2d1_damage
4
-0.36192399999999986 0.5445
0.36192399999999997 0.5445
0.36252799999999996 0.5545
-0.36252799999999985 0.5545
3.1

IMD2d1_damage
4
1.042076 0.5445
1.360924 0.5445
1.361528 0.5545
1.041472 0.5545
3.1

IMD2d1_damage
4
1.384076 0.5445
1.702924 0.5445
1.7035280000000002 0.5545
1.383472 0.5545
3.1

IMD2d2_damage
4
-1.1045189999999998 0.5545
-1.0995099999999998 0.5545
-1.1054899999999999 0.6535
-1.110499 0.6535
2.9

IMD2d2_damage
4
-0.3944899999999999 0.5545
-0.3894809999999999 0.5545
-0.3835009999999999 0.6535
-0.3885099999999999 0.6535
2.9

IMD2d2_damage
4
-0.35751899999999986 0.5545
-0.3525099999999999 0.5545
-0.35848999999999986 0.6535
-0.36349899999999985 0.6535
2.9

IMD2d2_damage
4
0.35251 0.5545
0.357519 0.5545
0.36349899999999996 0.6535
0.35849 0.6535
2.9

IMD2d2_damage
4
1.046481 0.5545
1.05149 0.5545
1.04551 0.6535
1.040501 0.6535
2.9

IMD2d2_damage
4
1.35151 0.5545
1.356519 0.5545
1.3624990000000001 0.6535
1.35749 0.6535
2.9

IMD2d2_damage
4
1.388481 0.5545
1.3934900000000001 0.5545
1.38751 0.6535
1.382501 0.6535
2.9

IMD2d2_damage
4
1.69351 0.5545
1.6985190000000001 0.5545
1.7044990000000002 0.6535
1.6994900000000002 0.6535
2.9

IMD2d2
4
-1.6024999999999998 0.5545
-1.1045189999999998 0.5545
-1.110499 0.6535
-1.6024999999999998 0.6535
2.65

IMD2d2
4
-0.3894809999999999 0.5545
-0.35751899999999986 0.5545
-0.36349899999999985 0.6535
-0.3835009999999999 0.6535
2.65

IMD2d2
4
0.357519 0.5545
1.046481 0.5545
1.040501 0.6535
0.36349899999999996 0.6535
2.65

IMD2d2
4
1.356519 0.5545
1.388481 0.5545
1.382501 0.6535
1.3624990000000001 0.6535
2.65

IMD2d2
4
1.6985190000000001 0.5545
2.1965000000000003 0.5545
2.1965000000000003 0.6535
1.7044990000000002 0.6535
2.65

IMD2d1
4
-1.6024999999999998 0.5445
-1.1089239999999998 0.5445
-1.1095279999999998 0.5545
-1.6024999999999998 0.5545
2.65

IMD2d1
4
-0.3850759999999999 0.5445
-0.36192399999999986 0.5445
-0.36252799999999985 0.5545
-0.3844719999999999 0.5545
2.65

IMD2d1
4
0.36192399999999997 0.5445
1.042076 0.5445
1.041472 0.5545
0.36252799999999996 0.5545
2.65

IMD2d1
4
1.360924 0.5445
1.384076 0.5445
1.383472 0.5545
1.361528 0.5545
2.65

IMD2d1
4
1.702924 0.5445
2.1965000000000003 0.5445
2.1965000000000003 0.5545
1.7035280000000002 0.5545
2.65

IMD2d1
4
-1.6024999999999998 0.5265
2.1965000000000003 0.5265
2.1965000000000003 0.5445
-1.6024999999999998 0.5445
2.65

FOXA+FOXB+TOX
4
-1.6024999999999998 0.001
2.1965000000000003 0.001
2.1965000000000003 0.2665
-1.6024999999999998 0.2665
4.0

ILD1a
4
-1.6024999999999998 0.2665
2.1965000000000003 0.2665
2.1965000000000003 0.2765
-1.6024999999999998 0.2765
7.0

ILD1b1+ILD1b2+ILD1b3
4
-1.6024999999999998 0.2765
2.1965000000000003 0.2765
2.1965000000000003 0.3955
-1.6024999999999998 0.3955
4.0

IMD1a
4
-1.6024999999999998 0.3955
2.1965000000000003 0.3955
2.1965000000000003 0.4065
-1.6024999999999998 0.4065
5.2

IMD1b
4
-1.6024999999999998 0.4065
2.1965000000000003 0.4065
2.1965000000000003 0.4665
-1.6024999999999998 0.4665
2.8

IMD2a
4
-1.6024999999999998 0.4665
2.1965000000000003 0.4665
2.1965000000000003 0.4875
-1.6024999999999998 0.4875
5.2

IMD2b
4
-1.6024999999999998 0.4875
2.1965000000000003 0.4875
2.1965000000000003 0.5025
-1.6024999999999998 0.5025
4.2

IMD2c
4
-1.6024999999999998 0.5025
2.1965000000000003 0.5025
2.1965000000000003 0.5265
-1.6024999999999998 0.5265
3.28

IMD3a
4
-1.6024999999999998 0.6535
2.1965000000000003 0.6535
2.1965000000000003 0.6745
-1.6024999999999998 0.6745
5.2

IMD3b
4
-1.6024999999999998 0.6745
2.1965000000000003 0.6745
2.1965000000000003 0.6895
-1.6024999999999998 0.6895
4.2

IMD3c
4
-1.6024999999999998 0.6895
2.1965000000000003 0.6895
2.1965000000000003 0.7135
-1.6024999999999998 0.7135
3.28

IMD3d1+IMD3d2
4
-1.6024999999999998 0.7135
2.1965000000000003 0.7135
2.1965000000000003 0.8405
-1.6024999999999998 0.8405
2.65

IMD4a
4
-1.6024999999999998 0.8405
2.1965000000000003 0.8405
2.1965000000000003 0.8615
-1.6024999999999998 0.8615
5.2

IMD4b
4
-1.6024999999999998 0.8615
2.1965000000000003 0.8615
2.1965000000000003 0.8765
-1.6024999999999998 0.8765
4.2

IMD4c
4
-1.6024999999999998 0.8765
2.1965000000000003 0.8765
2.1965000000000003 0.9005
-1.6024999999999998 0.9005
3.28

IMD4d1+IMD4d2
4
-1.6024999999999998 0.9005
2.1965000000000003 0.9005
2.1965000000000003 1.0275
-1.6024999999999998 1.0275
2.65

IMD5a
4
-1.6024999999999998 1.0275
2.1965000000000003 1.0275
2.1965000000000003 1.0485
-1.6024999999999998 1.0485
5.2

IMD5b
4
-1.6024999999999998 1.0485
2.1965000000000003 1.0485
2.1965000000000003 1.0635
-1.6024999999999998 1.0635
4.2

IMD5c
4
-1.6024999999999998 1.0635
2.1965000000000003 1.0635
2.1965000000000003 1.0875
-1.6024999999999998 1.0875
3.28

IMD5d1+IMD5d2
4
-1.6024999999999998 1.0875
2.1965000000000003 1.0875
2.1965000000000003 1.2145
-1.6024999999999998 1.2145
2.65

IMD6a
4
-1.6024999999999998 1.2145
2.1965000000000003 1.2145
2.1965000000000003 1.2355
-1.6024999999999998 1.2355
5.2

IMD6b
4
-1.6024999999999998 1.2355
2.1965000000000003 1.2355
2.1965000000000003 1.2505
-1.6024999999999998 1.2505
4.2

IMD6c
4
-1.6024999999999998 1.2505
2.1965000000000003 1.2505
2.1965000000000003 1.2745
-1.6024999999999998 1.2745
3.28

IMD6d1+IMD6d2
4
-1.6024999999999998 1.2745
2.1965000000000003 1.2745
2.1965000000000003 1.4015
-1.6024999999999998 1.4015
2.65

IMD7a
4
-1.6024999999999998 1.4015
2.1965000000000003 1.4015
2.1965000000000003 1.4765
-1.6024999999999998 1.4765
5.2

IMD7b1+IMD7b2
4
-1.6024999999999998 1.4765
2.1965000000000003 1.4765
2.1965000000000003 2.9765
-1.6024999999999998 2.9765
4.2

IMD8a
4
-1.6024999999999998 2.9765
2.1965000000000003 2.9765
2.1965000000000003 3.0515
-1.6024999999999998 3.0515
5.2

IMD8b1+IMD8b2
4
-1.6024999999999998 3.0515
2.1965000000000003 3.0515
2.1965000000000003 4.5515
-1.6024999999999998 4.5515
4.2

PASS1
4
-1.6024999999999998 4.5515
2.1965000000000003 4.5515
2.1965000000000003 4.6265
-1.6024999999999998 4.6265
7.0

PASS2
4
-1.6024999999999998 4.6265
2.1965000000000003 4.6265
2.1965000000000003 5.0265
-1.6024999999999998 5.0265
4.2

PASS3
4
-1.6024999999999998 5.0265
2.1965000000000003 5.0265
2.1965000000000003 5.1015
-1.6024999999999998 5.1015
7.0

PASS4+PASS5
4
-1.6024999999999998 5.1015
2.1965000000000003 5.1015
2.1965000000000003 6.0515
-1.6024999999999998 6.0515
4.2

PASS6
4
-1.6024999999999998 6.0515
2.1965000000000003 6.0515
2.1965000000000003 6.6515
-1.6024999999999998 6.6515
7.0

air_Layer
4
-1.6024999999999998 6.6515
2.1965000000000003 6.6515
2.1965000000000003 6.9485
-1.6024999999999998 6.9485
1.0


4
-1.6024999999999998 0.001
2.1965000000000003 0.001
2.1965000000000003 6.9485
-1.6024999999999998 6.9485

