c1
4
-0.21751000000000006 1.3025
0.21750999999999995 1.3025
0.22348999999999997 1.4015
-0.22349000000000008 1.4015

5
botleft
4
-1.1975 -0.001
0 -0.001
0 0.001
-1.1975 0.001

botright
4
0 -0.001
0.8914999999999997 -0.001
0.8914999999999997 0.001
0 0.001

lEnv
4
-0.6945100000000001 1.3025
-0.25949000000000005 1.3025
-0.25351000000000007 1.4015
-0.7004900000000001 1.4015

c2
4
0.2864899999999999 1.3025
0.31650999999999996 1.3025
0.32248999999999994 1.4015
0.2805099999999999 1.4015

rEnv
4
0.35848999999999986 1.3025
0.3885099999999998 1.3025
0.3944899999999998 1.4015
0.3525099999999999 1.4015


57
IMD6d1_damage
4
-0.703924 1.2925
-0.2500760000000001 1.2925
-0.24947200000000008 1.3025
-0.704528 1.3025
3.1

IMD6d1_damage
4
-0.22692400000000007 1.2925
0.22692399999999996 1.2925
0.22752799999999995 1.3025
-0.22752800000000006 1.3025
3.1

IMD6d1_damage
4
0.27707599999999993 1.2925
0.32592399999999994 1.2925
0.32652799999999993 1.3025
0.27647199999999994 1.3025
3.1

IMD6d1_damage
4
0.3490759999999999 1.2925
0.3979239999999998 1.2925
0.39852799999999977 1.3025
0.3484719999999999 1.3025
3.1

IMD6d2_damage
4
-0.6995190000000001 1.3025
-0.6945100000000001 1.3025
-0.7004900000000001 1.4015
-0.7054990000000001 1.4015
2.9

IMD6d2_damage
4
-0.25949000000000005 1.3025
-0.25448100000000007 1.3025
-0.24850100000000006 1.4015
-0.25351000000000007 1.4015
2.9

IMD6d2_damage
4
-0.22251900000000008 1.3025
-0.21751000000000006 1.3025
-0.22349000000000008 1.4015
-0.2284990000000001 1.4015
2.9

IMD6d2_damage
4
0.21750999999999995 1.3025
0.22251899999999997 1.3025
0.22849899999999998 1.4015
0.22348999999999997 1.4015
2.9

IMD6d2_damage
4
0.2814809999999999 1.3025
0.2864899999999999 1.3025
0.2805099999999999 1.4015
0.27550099999999994 1.4015
2.9

IMD6d2_damage
4
0.31650999999999996 1.3025
0.32151899999999994 1.3025
0.32749899999999993 1.4015
0.32248999999999994 1.4015
2.9

IMD6d2_damage
4
0.3534809999999999 1.3025
0.35848999999999986 1.3025
0.3525099999999999 1.4015
0.3475009999999999 1.4015
2.9

IMD6d2_damage
4
0.3885099999999998 1.3025
0.3935189999999998 1.3025
0.39949899999999977 1.4015
0.3944899999999998 1.4015
2.9

IMD6d2
4
-1.1975 1.3025
-0.6995190000000001 1.3025
-0.7054990000000001 1.4015
-1.1975 1.4015
2.65

IMD6d2
4
-0.25448100000000007 1.3025
-0.22251900000000008 1.3025
-0.2284990000000001 1.4015
-0.24850100000000006 1.4015
2.65

IMD6d2
4
0.22251899999999997 1.3025
0.2814809999999999 1.3025
0.27550099999999994 1.4015
0.22849899999999998 1.4015
2.65

IMD6d2
4
0.32151899999999994 1.3025
0.3534809999999999 1.3025
0.3475009999999999 1.4015
0.32749899999999993 1.4015
2.65

IMD6d2
4
0.3935189999999998 1.3025
0.8914999999999997 1.3025
0.8914999999999997 1.4015
0.39949899999999977 1.4015
2.65

IMD6d1
4
-1.1975 1.2925
-0.703924 1.2925
-0.704528 1.3025
-1.1975 1.3025
2.65

IMD6d1
4
-0.2500760000000001 1.2925
-0.22692400000000007 1.2925
-0.22752800000000006 1.3025
-0.24947200000000008 1.3025
2.65

IMD6d1
4
0.22692399999999996 1.2925
0.27707599999999993 1.2925
0.27647199999999994 1.3025
0.22752799999999995 1.3025
2.65

IMD6d1
4
0.32592399999999994 1.2925
0.3490759999999999 1.2925
0.3484719999999999 1.3025
0.32652799999999993 1.3025
2.65

IMD6d1
4
0.3979239999999998 1.2925
0.8914999999999997 1.2925
0.8914999999999997 1.3025
0.39852799999999977 1.3025
2.65

IMD6d1
4
-1.1975 1.2745
0.8914999999999997 1.2745
0.8914999999999997 1.2925
-1.1975 1.2925
2.65

FOXA+FOXB+TOX
4
-1.1975 0.001
0.8914999999999997 0.001
0.8914999999999997 0.2665
-1.1975 0.2665
4.0

ILD1a
4
-1.1975 0.2665
0.8914999999999997 0.2665
0.8914999999999997 0.2765
-1.1975 0.2765
7.0

ILD1b1+ILD1b2+ILD1b3
4
-1.1975 0.2765
0.8914999999999997 0.2765
0.8914999999999997 0.3955
-1.1975 0.3955
4.0

IMD1a
4
-1.1975 0.3955
0.8914999999999997 0.3955
0.8914999999999997 0.4065
-1.1975 0.4065
5.2

IMD1b
4
-1.1975 0.4065
0.8914999999999997 0.4065
0.8914999999999997 0.4665
-1.1975 0.4665
2.8

IMD2a
4
-1.1975 0.4665
0.8914999999999997 0.4665
0.8914999999999997 0.4875
-1.1975 0.4875
5.2

IMD2b
4
-1.1975 0.4875
0.8914999999999997 0.4875
0.8914999999999997 0.5025
-1.1975 0.5025
4.2

IMD2c
4
-1.1975 0.5025
0.8914999999999997 0.5025
0.8914999999999997 0.5265
-1.1975 0.5265
3.28

IMD2d1+IMD2d2
4
-1.1975 0.5265
0.8914999999999997 0.5265
0.8914999999999997 0.6535
-1.1975 0.6535
2.65

IMD3a
4
-1.1975 0.6535
0.8914999999999997 0.6535
0.8914999999999997 0.6745
-1.1975 0.6745
5.2

IMD3b
4
-1.1975 0.6745
0.8914999999999997 0.6745
0.8914999999999997 0.6895
-1.1975 0.6895
4.2

IMD3c
4
-1.1975 0.6895
0.8914999999999997 0.6895
0.8914999999999997 0.7135
-1.1975 0.7135
3.28

IMD3d1+IMD3d2
4
-1.1975 0.7135
0.8914999999999997 0.7135
0.8914999999999997 0.8405
-1.1975 0.8405
2.65

IMD4a
4
-1.1975 0.8405
0.8914999999999997 0.8405
0.8914999999999997 0.8615
-1.1975 0.8615
5.2

IMD4b
4
-1.1975 0.8615
0.8914999999999997 0.8615
0.8914999999999997 0.8765
-1.1975 0.8765
4.2

IMD4c
4
-1.1975 0.8765
0.8914999999999997 0.8765
0.8914999999999997 0.9005
-1.1975 0.9005
3.28

IMD4d1+IMD4d2
4
-1.1975 0.9005
0.8914999999999997 0.9005
0.8914999999999997 1.0275
-1.1975 1.0275
2.65

IMD5a
4
-1.1975 1.0275
0.8914999999999997 1.0275
0.8914999999999997 1.0485
-1.1975 1.0485
5.2

IMD5b
4
-1.1975 1.0485
0.8914999999999997 1.0485
0.8914999999999997 1.0635
-1.1975 1.0635
4.2

IMD5c
4
-1.1975 1.0635
0.8914999999999997 1.0635
0.8914999999999997 1.0875
-1.1975 1.0875
3.28

IMD5d1+IMD5d2
4
-1.1975 1.0875
0.8914999999999997 1.0875
0.8914999999999997 1.2145
-1.1975 1.2145
2.65

IMD6a
4
-1.1975 1.2145
0.8914999999999997 1.2145
0.8914999999999997 1.2355
-1.1975 1.2355
5.2

IMD6b
4
-1.1975 1.2355
0.8914999999999997 1.2355
0.8914999999999997 1.2505
-1.1975 1.2505
4.2

IMD6c
4
-1.1975 1.2505
0.8914999999999997 1.2505
0.8914999999999997 1.2745
-1.1975 1.2745
3.28

IMD7a
4
-1.1975 1.4015
0.8914999999999997 1.4015
0.8914999999999997 1.4765
-1.1975 1.4765
5.2

IMD7b1+IMD7b2
4
-1.1975 1.4765
0.8914999999999997 1.4765
0.8914999999999997 2.9765
-1.1975 2.9765
4.2

IMD8a
4
-1.1975 2.9765
0.8914999999999997 2.9765
0.8914999999999997 3.0515
-1.1975 3.0515
5.2

IMD8b1+IMD8b2
4
-1.1975 3.0515
0.8914999999999997 3.0515
0.8914999999999997 4.5515
-1.1975 4.5515
4.2

PASS1
4
-1.1975 4.5515
0.8914999999999997 4.5515
0.8914999999999997 4.6265
-1.1975 4.6265
7.0

PASS2
4
-1.1975 4.6265
0.8914999999999997 4.6265
0.8914999999999997 5.0265
-1.1975 5.0265
4.2

PASS3
4
-1.1975 5.0265
0.8914999999999997 5.0265
0.8914999999999997 5.1015
-1.1975 5.1015
7.0

PASS4+PASS5
4
-1.1975 5.1015
0.8914999999999997 5.1015
0.8914999999999997 6.0515
-1.1975 6.0515
4.2

PASS6
4
-1.1975 6.0515
0.8914999999999997 6.0515
0.8914999999999997 6.6515
-1.1975 6.6515
7.0

air_Layer
4
-1.1975 6.6515
0.8914999999999997 6.6515
0.8914999999999997 6.9485
-1.1975 6.9485
1.0


4
-1.1975 0.001
0.8914999999999997 0.001
0.8914999999999997 6.9485
-1.1975 6.9485

