c1
4
-0.015009999999999982 0.5545
0.01501000000000001 0.5545
0.02099000000000001 0.6535
-0.02098999999999998 0.6535

5
botleft
4
-0.6799999999999999 -0.001
0 -0.001
0 0.001
-0.6799999999999999 0.001

botright
4
0 -0.001
0.7790000000000001 -0.001
0.7790000000000001 0.001
0 0.001

lEnv
4
-0.17700999999999997 0.5545
-0.14699 0.5545
-0.14101 0.6535
-0.18298999999999999 0.6535

c2
4
0.08399000000000002 0.5545
0.11401000000000004 0.5545
0.11999000000000004 0.6535
0.07801000000000002 0.6535

rEnv
4
0.24599000000000007 0.5545
0.2760100000000001 0.5545
0.2819900000000001 0.6535
0.24001000000000006 0.6535


57
IMD2d1_damage
4
-0.18642399999999998 0.5445
-0.13757599999999998 0.5445
-0.13697199999999998 0.5545
-0.18702799999999997 0.5545
3.1

IMD2d1_damage
4
-0.02442399999999998 0.5445
0.024424000000000008 0.5445
0.02502800000000001 0.5545
-0.02502799999999998 0.5545
3.1

IMD2d1_damage
4
0.07457600000000002 0.5445
0.12342400000000005 0.5445
0.12402800000000004 0.5545
0.07397200000000002 0.5545
3.1

IMD2d1_damage
4
0.23657600000000006 0.5445
0.28542400000000007 0.5445
0.28602800000000006 0.5545
0.23597200000000007 0.5545
3.1

IMD2d2_damage
4
-0.182019 0.5545
-0.17700999999999997 0.5545
-0.18298999999999999 0.6535
-0.187999 0.6535
2.9

IMD2d2_damage
4
-0.14699 0.5545
-0.141981 0.5545
-0.13600099999999998 0.6535
-0.14101 0.6535
2.9

IMD2d2_damage
4
-0.02001899999999998 0.5545
-0.015009999999999982 0.5545
-0.02098999999999998 0.6535
-0.02599899999999998 0.6535
2.9

IMD2d2_damage
4
0.01501000000000001 0.5545
0.02001900000000001 0.5545
0.025999000000000008 0.6535
0.02099000000000001 0.6535
2.9

IMD2d2_damage
4
0.07898100000000002 0.5545
0.08399000000000002 0.5545
0.07801000000000002 0.6535
0.07300100000000002 0.6535
2.9

IMD2d2_damage
4
0.11401000000000004 0.5545
0.11901900000000004 0.5545
0.12499900000000004 0.6535
0.11999000000000004 0.6535
2.9

IMD2d2_damage
4
0.24098100000000006 0.5545
0.24599000000000007 0.5545
0.24001000000000006 0.6535
0.23500100000000004 0.6535
2.9

IMD2d2_damage
4
0.2760100000000001 0.5545
0.2810190000000001 0.5545
0.28699900000000006 0.6535
0.2819900000000001 0.6535
2.9

IMD2d2
4
-0.6799999999999999 0.5545
-0.182019 0.5545
-0.187999 0.6535
-0.6799999999999999 0.6535
2.65

IMD2d2
4
-0.141981 0.5545
-0.02001899999999998 0.5545
-0.02599899999999998 0.6535
-0.13600099999999998 0.6535
2.65

IMD2d2
4
0.02001900000000001 0.5545
0.07898100000000002 0.5545
0.07300100000000002 0.6535
0.025999000000000008 0.6535
2.65

IMD2d2
4
0.11901900000000004 0.5545
0.24098100000000006 0.5545
0.23500100000000004 0.6535
0.12499900000000004 0.6535
2.65

IMD2d2
4
0.2810190000000001 0.5545
0.7790000000000001 0.5545
0.7790000000000001 0.6535
0.28699900000000006 0.6535
2.65

IMD2d1
4
-0.6799999999999999 0.5445
-0.18642399999999998 0.5445
-0.18702799999999997 0.5545
-0.6799999999999999 0.5545
2.65

IMD2d1
4
-0.13757599999999998 0.5445
-0.02442399999999998 0.5445
-0.02502799999999998 0.5545
-0.13697199999999998 0.5545
2.65

IMD2d1
4
0.024424000000000008 0.5445
0.07457600000000002 0.5445
0.07397200000000002 0.5545
0.02502800000000001 0.5545
2.65

IMD2d1
4
0.12342400000000005 0.5445
0.23657600000000006 0.5445
0.23597200000000007 0.5545
0.12402800000000004 0.5545
2.65

IMD2d1
4
0.28542400000000007 0.5445
0.7790000000000001 0.5445
0.7790000000000001 0.5545
0.28602800000000006 0.5545
2.65

IMD2d1
4
-0.6799999999999999 0.5265
0.7790000000000001 0.5265
0.7790000000000001 0.5445
-0.6799999999999999 0.5445
2.65

FOXA+FOXB+TOX
4
-0.6799999999999999 0.001
0.7790000000000001 0.001
0.7790000000000001 0.2665
-0.6799999999999999 0.2665
4.0

ILD1a
4
-0.6799999999999999 0.2665
0.7790000000000001 0.2665
0.7790000000000001 0.2765
-0.6799999999999999 0.2765
7.0

ILD1b1+ILD1b2+ILD1b3
4
-0.6799999999999999 0.2765
0.7790000000000001 0.2765
0.7790000000000001 0.3955
-0.6799999999999999 0.3955
4.0

IMD1a
4
-0.6799999999999999 0.3955
0.7790000000000001 0.3955
0.7790000000000001 0.4065
-0.6799999999999999 0.4065
5.2

IMD1b
4
-0.6799999999999999 0.4065
0.7790000000000001 0.4065
0.7790000000000001 0.4665
-0.6799999999999999 0.4665
2.8

IMD2a
4
-0.6799999999999999 0.4665
0.7790000000000001 0.4665
0.7790000000000001 0.4875
-0.6799999999999999 0.4875
5.2

IMD2b
4
-0.6799999999999999 0.4875
0.7790000000000001 0.4875
0.7790000000000001 0.5025
-0.6799999999999999 0.5025
4.2

IMD2c
4
-0.6799999999999999 0.5025
0.7790000000000001 0.5025
0.7790000000000001 0.5265
-0.6799999999999999 0.5265
3.28

IMD3a
4
-0.6799999999999999 0.6535
0.7790000000000001 0.6535
0.7790000000000001 0.6745
-0.6799999999999999 0.6745
5.2

IMD3b
4
-0.6799999999999999 0.6745
0.7790000000000001 0.6745
0.7790000000000001 0.6895
-0.6799999999999999 0.6895
4.2

IMD3c
4
-0.6799999999999999 0.6895
0.7790000000000001 0.6895
0.7790000000000001 0.7135
-0.6799999999999999 0.7135
3.28

IMD3d1+IMD3d2
4
-0.6799999999999999 0.7135
0.7790000000000001 0.7135
0.7790000000000001 0.8405
-0.6799999999999999 0.8405
2.65

IMD4a
4
-0.6799999999999999 0.8405
0.7790000000000001 0.8405
0.7790000000000001 0.8615
-0.6799999999999999 0.8615
5.2

IMD4b
4
-0.6799999999999999 0.8615
0.7790000000000001 0.8615
0.7790000000000001 0.8765
-0.6799999999999999 0.8765
4.2

IMD4c
4
-0.6799999999999999 0.8765
0.7790000000000001 0.8765
0.7790000000000001 0.9005
-0.6799999999999999 0.9005
3.28

IMD4d1+IMD4d2
4
-0.6799999999999999 0.9005
0.7790000000000001 0.9005
0.7790000000000001 1.0275
-0.6799999999999999 1.0275
2.65

IMD5a
4
-0.6799999999999999 1.0275
0.7790000000000001 1.0275
0.7790000000000001 1.0485
-0.6799999999999999 1.0485
5.2

IMD5b
4
-0.6799999999999999 1.0485
0.7790000000000001 1.0485
0.7790000000000001 1.0635
-0.6799999999999999 1.0635
4.2

IMD5c
4
-0.6799999999999999 1.0635
0.7790000000000001 1.0635
0.7790000000000001 1.0875
-0.6799999999999999 1.0875
3.28

IMD5d1+IMD5d2
4
-0.6799999999999999 1.0875
0.7790000000000001 1.0875
0.7790000000000001 1.2145
-0.6799999999999999 1.2145
2.65

IMD6a
4
-0.6799999999999999 1.2145
0.7790000000000001 1.2145
0.7790000000000001 1.2355
-0.6799999999999999 1.2355
5.2

IMD6b
4
-0.6799999999999999 1.2355
0.7790000000000001 1.2355
0.7790000000000001 1.2505
-0.6799999999999999 1.2505
4.2

IMD6c
4
-0.6799999999999999 1.2505
0.7790000000000001 1.2505
0.7790000000000001 1.2745
-0.6799999999999999 1.2745
3.28

IMD6d1+IMD6d2
4
-0.6799999999999999 1.2745
0.7790000000000001 1.2745
0.7790000000000001 1.4015
-0.6799999999999999 1.4015
2.65

IMD7a
4
-0.6799999999999999 1.4015
0.7790000000000001 1.4015
0.7790000000000001 1.4765
-0.6799999999999999 1.4765
5.2

IMD7b1+IMD7b2
4
-0.6799999999999999 1.4765
0.7790000000000001 1.4765
0.7790000000000001 2.9765
-0.6799999999999999 2.9765
4.2

IMD8a
4
-0.6799999999999999 2.9765
0.7790000000000001 2.9765
0.7790000000000001 3.0515
-0.6799999999999999 3.0515
5.2

IMD8b1+IMD8b2
4
-0.6799999999999999 3.0515
0.7790000000000001 3.0515
0.7790000000000001 4.5515
-0.6799999999999999 4.5515
4.2

PASS1
4
-0.6799999999999999 4.5515
0.7790000000000001 4.5515
0.7790000000000001 4.6265
-0.6799999999999999 4.6265
7.0

PASS2
4
-0.6799999999999999 4.6265
0.7790000000000001 4.6265
0.7790000000000001 5.0265
-0.6799999999999999 5.0265
4.2

PASS3
4
-0.6799999999999999 5.0265
0.7790000000000001 5.0265
0.7790000000000001 5.1015
-0.6799999999999999 5.1015
7.0

PASS4+PASS5
4
-0.6799999999999999 5.1015
0.7790000000000001 5.1015
0.7790000000000001 6.0515
-0.6799999999999999 6.0515
4.2

PASS6
4
-0.6799999999999999 6.0515
0.7790000000000001 6.0515
0.7790000000000001 6.6515
-0.6799999999999999 6.6515
7.0

air_Layer
4
-0.6799999999999999 6.6515
0.7790000000000001 6.6515
0.7790000000000001 6.9485
-0.6799999999999999 6.9485
1.0


4
-0.6799999999999999 0.001
0.7790000000000001 0.001
0.7790000000000001 6.9485
-0.6799999999999999 6.9485

