c1
4
-0.015009999999999982 1.3025
0.01501000000000001 1.3025
0.02099000000000001 1.4015
-0.02098999999999998 1.4015

5
botleft
4
-0.6799999999999999 -0.001
0 -0.001
0 0.001
-0.6799999999999999 0.001

botright
4
0 -0.001
2.5789999999999997 -0.001
2.5789999999999997 0.001
0 0.001

lEnv
4
-0.17700999999999997 1.3025
-0.14699 1.3025
-0.14101 1.4015
-0.18298999999999999 1.4015

c2
4
0.5339900000000001 1.3025
1.23901 1.3025
1.24499 1.4015
0.5280100000000001 1.4015

rEnv
4
1.3709900000000002 1.3025
2.07601 1.3025
2.0819900000000002 1.4015
1.36501 1.4015


57
IMD6d1_damage
4
-0.18642399999999998 1.2925
-0.13757599999999998 1.2925
-0.13697199999999998 1.3025
-0.18702799999999997 1.3025
3.1

IMD6d1_damage
4
-0.02442399999999998 1.2925
0.024424000000000008 1.2925
0.02502800000000001 1.3025
-0.02502799999999998 1.3025
3.1

IMD6d1_damage
4
0.5245760000000002 1.2925
1.248424 1.2925
1.249028 1.3025
0.5239720000000001 1.3025
3.1

IMD6d1_damage
4
1.3615760000000001 1.2925
2.085424 1.2925
2.086028 1.3025
1.360972 1.3025
3.1

IMD6d2_damage
4
-0.182019 1.3025
-0.17700999999999997 1.3025
-0.18298999999999999 1.4015
-0.187999 1.4015
2.9

IMD6d2_damage
4
-0.14699 1.3025
-0.141981 1.3025
-0.13600099999999998 1.4015
-0.14101 1.4015
2.9

IMD6d2_damage
4
-0.02001899999999998 1.3025
-0.015009999999999982 1.3025
-0.02098999999999998 1.4015
-0.02599899999999998 1.4015
2.9

IMD6d2_damage
4
0.01501000000000001 1.3025
0.02001900000000001 1.3025
0.025999000000000008 1.4015
0.02099000000000001 1.4015
2.9

IMD6d2_damage
4
0.528981 1.3025
0.5339900000000001 1.3025
0.5280100000000001 1.4015
0.523001 1.4015
2.9

IMD6d2_damage
4
1.23901 1.3025
1.244019 1.3025
1.249999 1.4015
1.24499 1.4015
2.9

IMD6d2_damage
4
1.3659810000000001 1.3025
1.3709900000000002 1.3025
1.36501 1.4015
1.360001 1.4015
2.9

IMD6d2_damage
4
2.07601 1.3025
2.081019 1.3025
2.086999 1.4015
2.0819900000000002 1.4015
2.9

IMD6d2
4
-0.6799999999999999 1.3025
-0.182019 1.3025
-0.187999 1.4015
-0.6799999999999999 1.4015
2.65

IMD6d2
4
-0.141981 1.3025
-0.02001899999999998 1.3025
-0.02599899999999998 1.4015
-0.13600099999999998 1.4015
2.65

IMD6d2
4
0.02001900000000001 1.3025
0.528981 1.3025
0.523001 1.4015
0.025999000000000008 1.4015
2.65

IMD6d2
4
1.244019 1.3025
1.3659810000000001 1.3025
1.360001 1.4015
1.249999 1.4015
2.65

IMD6d2
4
2.081019 1.3025
2.5789999999999997 1.3025
2.5789999999999997 1.4015
2.086999 1.4015
2.65

IMD6d1
4
-0.6799999999999999 1.2925
-0.18642399999999998 1.2925
-0.18702799999999997 1.3025
-0.6799999999999999 1.3025
2.65

IMD6d1
4
-0.13757599999999998 1.2925
-0.02442399999999998 1.2925
-0.02502799999999998 1.3025
-0.13697199999999998 1.3025
2.65

IMD6d1
4
0.024424000000000008 1.2925
0.5245760000000002 1.2925
0.5239720000000001 1.3025
0.02502800000000001 1.3025
2.65

IMD6d1
4
1.248424 1.2925
1.3615760000000001 1.2925
1.360972 1.3025
1.249028 1.3025
2.65

IMD6d1
4
2.085424 1.2925
2.5789999999999997 1.2925
2.5789999999999997 1.3025
2.086028 1.3025
2.65

IMD6d1
4
-0.6799999999999999 1.2745
2.5789999999999997 1.2745
2.5789999999999997 1.2925
-0.6799999999999999 1.2925
2.65

FOXA+FOXB+TOX
4
-0.6799999999999999 0.001
2.5789999999999997 0.001
2.5789999999999997 0.2665
-0.6799999999999999 0.2665
4.0

ILD1a
4
-0.6799999999999999 0.2665
2.5789999999999997 0.2665
2.5789999999999997 0.2765
-0.6799999999999999 0.2765
7.0

ILD1b1+ILD1b2+ILD1b3
4
-0.6799999999999999 0.2765
2.5789999999999997 0.2765
2.5789999999999997 0.3955
-0.6799999999999999 0.3955
4.0

IMD1a
4
-0.6799999999999999 0.3955
2.5789999999999997 0.3955
2.5789999999999997 0.4065
-0.6799999999999999 0.4065
5.2

IMD1b
4
-0.6799999999999999 0.4065
2.5789999999999997 0.4065
2.5789999999999997 0.4665
-0.6799999999999999 0.4665
2.8

IMD2a
4
-0.6799999999999999 0.4665
2.5789999999999997 0.4665
2.5789999999999997 0.4875
-0.6799999999999999 0.4875
5.2

IMD2b
4
-0.6799999999999999 0.4875
2.5789999999999997 0.4875
2.5789999999999997 0.5025
-0.6799999999999999 0.5025
4.2

IMD2c
4
-0.6799999999999999 0.5025
2.5789999999999997 0.5025
2.5789999999999997 0.5265
-0.6799999999999999 0.5265
3.28

IMD2d1+IMD2d2
4
-0.6799999999999999 0.5265
2.5789999999999997 0.5265
2.5789999999999997 0.6535
-0.6799999999999999 0.6535
2.65

IMD3a
4
-0.6799999999999999 0.6535
2.5789999999999997 0.6535
2.5789999999999997 0.6745
-0.6799999999999999 0.6745
5.2

IMD3b
4
-0.6799999999999999 0.6745
2.5789999999999997 0.6745
2.5789999999999997 0.6895
-0.6799999999999999 0.6895
4.2

IMD3c
4
-0.6799999999999999 0.6895
2.5789999999999997 0.6895
2.5789999999999997 0.7135
-0.6799999999999999 0.7135
3.28

IMD3d1+IMD3d2
4
-0.6799999999999999 0.7135
2.5789999999999997 0.7135
2.5789999999999997 0.8405
-0.6799999999999999 0.8405
2.65

IMD4a
4
-0.6799999999999999 0.8405
2.5789999999999997 0.8405
2.5789999999999997 0.8615
-0.6799999999999999 0.8615
5.2

IMD4b
4
-0.6799999999999999 0.8615
2.5789999999999997 0.8615
2.5789999999999997 0.8765
-0.6799999999999999 0.8765
4.2

IMD4c
4
-0.6799999999999999 0.8765
2.5789999999999997 0.8765
2.5789999999999997 0.9005
-0.6799999999999999 0.9005
3.28

IMD4d1+IMD4d2
4
-0.6799999999999999 0.9005
2.5789999999999997 0.9005
2.5789999999999997 1.0275
-0.6799999999999999 1.0275
2.65

IMD5a
4
-0.6799999999999999 1.0275
2.5789999999999997 1.0275
2.5789999999999997 1.0485
-0.6799999999999999 1.0485
5.2

IMD5b
4
-0.6799999999999999 1.0485
2.5789999999999997 1.0485
2.5789999999999997 1.0635
-0.6799999999999999 1.0635
4.2

IMD5c
4
-0.6799999999999999 1.0635
2.5789999999999997 1.0635
2.5789999999999997 1.0875
-0.6799999999999999 1.0875
3.28

IMD5d1+IMD5d2
4
-0.6799999999999999 1.0875
2.5789999999999997 1.0875
2.5789999999999997 1.2145
-0.6799999999999999 1.2145
2.65

IMD6a
4
-0.6799999999999999 1.2145
2.5789999999999997 1.2145
2.5789999999999997 1.2355
-0.6799999999999999 1.2355
5.2

IMD6b
4
-0.6799999999999999 1.2355
2.5789999999999997 1.2355
2.5789999999999997 1.2505
-0.6799999999999999 1.2505
4.2

IMD6c
4
-0.6799999999999999 1.2505
2.5789999999999997 1.2505
2.5789999999999997 1.2745
-0.6799999999999999 1.2745
3.28

IMD7a
4
-0.6799999999999999 1.4015
2.5789999999999997 1.4015
2.5789999999999997 1.4765
-0.6799999999999999 1.4765
5.2

IMD7b1+IMD7b2
4
-0.6799999999999999 1.4765
2.5789999999999997 1.4765
2.5789999999999997 2.9765
-0.6799999999999999 2.9765
4.2

IMD8a
4
-0.6799999999999999 2.9765
2.5789999999999997 2.9765
2.5789999999999997 3.0515
-0.6799999999999999 3.0515
5.2

IMD8b1+IMD8b2
4
-0.6799999999999999 3.0515
2.5789999999999997 3.0515
2.5789999999999997 4.5515
-0.6799999999999999 4.5515
4.2

PASS1
4
-0.6799999999999999 4.5515
2.5789999999999997 4.5515
2.5789999999999997 4.6265
-0.6799999999999999 4.6265
7.0

PASS2
4
-0.6799999999999999 4.6265
2.5789999999999997 4.6265
2.5789999999999997 5.0265
-0.6799999999999999 5.0265
4.2

PASS3
4
-0.6799999999999999 5.0265
2.5789999999999997 5.0265
2.5789999999999997 5.1015
-0.6799999999999999 5.1015
7.0

PASS4+PASS5
4
-0.6799999999999999 5.1015
2.5789999999999997 5.1015
2.5789999999999997 6.0515
-0.6799999999999999 6.0515
4.2

PASS6
4
-0.6799999999999999 6.0515
2.5789999999999997 6.0515
2.5789999999999997 6.6515
-0.6799999999999999 6.6515
7.0

air_Layer
4
-0.6799999999999999 6.6515
2.5789999999999997 6.6515
2.5789999999999997 6.9485
-0.6799999999999999 6.9485
1.0


4
-0.6799999999999999 0.001
2.5789999999999997 0.001
2.5789999999999997 6.9485
-0.6799999999999999 6.9485

