c1
4
-0.15000999999999995 1.1155
0.15001000000000006 1.1155
0.15599000000000007 1.2145
-0.15598999999999996 1.2145

5
botleft
4
-1.265 -0.001
0 -0.001
0 0.001
-1.265 0.001

botright
4
0 -0.001
2.1740000000000004 -0.001
2.1740000000000004 0.001
0 0.001

lEnv
4
-0.76201 1.1155
-0.46198999999999996 1.1155
-0.45600999999999997 1.2145
-0.76799 1.2145

c2
4
0.48899000000000015 1.1155
0.9240100000000001 1.1155
0.9299900000000001 1.2145
0.48301000000000016 1.2145

rEnv
4
1.2359900000000001 1.1155
1.67101 1.1155
1.6769900000000002 1.2145
1.23001 1.2145


57
IMD5d1_damage
4
-0.7714239999999999 1.1055
-0.452576 1.1055
-0.451972 1.1155
-0.7720279999999999 1.1155
3.1

IMD5d1_damage
4
-0.15942399999999995 1.1055
0.15942400000000007 1.1055
0.16002800000000006 1.1155
-0.16002799999999995 1.1155
3.1

IMD5d1_damage
4
0.47957600000000017 1.1055
0.933424 1.1055
0.9340280000000001 1.1155
0.4789720000000002 1.1155
3.1

IMD5d1_damage
4
1.226576 1.1055
1.6804240000000001 1.1055
1.6810280000000002 1.1155
1.225972 1.1155
3.1

IMD5d2_damage
4
-0.767019 1.1155
-0.76201 1.1155
-0.76799 1.2145
-0.772999 1.2145
2.9

IMD5d2_damage
4
-0.46198999999999996 1.1155
-0.45698099999999997 1.1155
-0.451001 1.2145
-0.45600999999999997 1.2145
2.9

IMD5d2_damage
4
-0.15501899999999996 1.1155
-0.15000999999999995 1.1155
-0.15598999999999996 1.2145
-0.16099899999999998 1.2145
2.9

IMD5d2_damage
4
0.15001000000000006 1.1155
0.15501900000000007 1.1155
0.1609990000000001 1.2145
0.15599000000000007 1.2145
2.9

IMD5d2_damage
4
0.48398100000000016 1.1155
0.48899000000000015 1.1155
0.48301000000000016 1.2145
0.4780010000000002 1.2145
2.9

IMD5d2_damage
4
0.9240100000000001 1.1155
0.9290190000000002 1.1155
0.9349990000000001 1.2145
0.9299900000000001 1.2145
2.9

IMD5d2_damage
4
1.230981 1.1155
1.2359900000000001 1.1155
1.23001 1.2145
1.225001 1.2145
2.9

IMD5d2_damage
4
1.67101 1.1155
1.6760190000000001 1.1155
1.6819990000000002 1.2145
1.6769900000000002 1.2145
2.9

IMD5d2
4
-1.265 1.1155
-0.767019 1.1155
-0.772999 1.2145
-1.265 1.2145
2.65

IMD5d2
4
-0.45698099999999997 1.1155
-0.15501899999999996 1.1155
-0.16099899999999998 1.2145
-0.451001 1.2145
2.65

IMD5d2
4
0.15501900000000007 1.1155
0.48398100000000016 1.1155
0.4780010000000002 1.2145
0.1609990000000001 1.2145
2.65

IMD5d2
4
0.9290190000000002 1.1155
1.230981 1.1155
1.225001 1.2145
0.9349990000000001 1.2145
2.65

IMD5d2
4
1.6760190000000001 1.1155
2.1740000000000004 1.1155
2.1740000000000004 1.2145
1.6819990000000002 1.2145
2.65

IMD5d1
4
-1.265 1.1055
-0.7714239999999999 1.1055
-0.7720279999999999 1.1155
-1.265 1.1155
2.65

IMD5d1
4
-0.452576 1.1055
-0.15942399999999995 1.1055
-0.16002799999999995 1.1155
-0.451972 1.1155
2.65

IMD5d1
4
0.15942400000000007 1.1055
0.47957600000000017 1.1055
0.4789720000000002 1.1155
0.16002800000000006 1.1155
2.65

IMD5d1
4
0.933424 1.1055
1.226576 1.1055
1.225972 1.1155
0.9340280000000001 1.1155
2.65

IMD5d1
4
1.6804240000000001 1.1055
2.1740000000000004 1.1055
2.1740000000000004 1.1155
1.6810280000000002 1.1155
2.65

IMD5d1
4
-1.265 1.0875
2.1740000000000004 1.0875
2.1740000000000004 1.1055
-1.265 1.1055
2.65

FOXA+FOXB+TOX
4
-1.265 0.001
2.1740000000000004 0.001
2.1740000000000004 0.2665
-1.265 0.2665
4.0

ILD1a
4
-1.265 0.2665
2.1740000000000004 0.2665
2.1740000000000004 0.2765
-1.265 0.2765
7.0

ILD1b1+ILD1b2+ILD1b3
4
-1.265 0.2765
2.1740000000000004 0.2765
2.1740000000000004 0.3955
-1.265 0.3955
4.0

IMD1a
4
-1.265 0.3955
2.1740000000000004 0.3955
2.1740000000000004 0.4065
-1.265 0.4065
5.2

IMD1b
4
-1.265 0.4065
2.1740000000000004 0.4065
2.1740000000000004 0.4665
-1.265 0.4665
2.8

IMD2a
4
-1.265 0.4665
2.1740000000000004 0.4665
2.1740000000000004 0.4875
-1.265 0.4875
5.2

IMD2b
4
-1.265 0.4875
2.1740000000000004 0.4875
2.1740000000000004 0.5025
-1.265 0.5025
4.2

IMD2c
4
-1.265 0.5025
2.1740000000000004 0.5025
2.1740000000000004 0.5265
-1.265 0.5265
3.28

IMD2d1+IMD2d2
4
-1.265 0.5265
2.1740000000000004 0.5265
2.1740000000000004 0.6535
-1.265 0.6535
2.65

IMD3a
4
-1.265 0.6535
2.1740000000000004 0.6535
2.1740000000000004 0.6745
-1.265 0.6745
5.2

IMD3b
4
-1.265 0.6745
2.1740000000000004 0.6745
2.1740000000000004 0.6895
-1.265 0.6895
4.2

IMD3c
4
-1.265 0.6895
2.1740000000000004 0.6895
2.1740000000000004 0.7135
-1.265 0.7135
3.28

IMD3d1+IMD3d2
4
-1.265 0.7135
2.1740000000000004 0.7135
2.1740000000000004 0.8405
-1.265 0.8405
2.65

IMD4a
4
-1.265 0.8405
2.1740000000000004 0.8405
2.1740000000000004 0.8615
-1.265 0.8615
5.2

IMD4b
4
-1.265 0.8615
2.1740000000000004 0.8615
2.1740000000000004 0.8765
-1.265 0.8765
4.2

IMD4c
4
-1.265 0.8765
2.1740000000000004 0.8765
2.1740000000000004 0.9005
-1.265 0.9005
3.28

IMD4d1+IMD4d2
4
-1.265 0.9005
2.1740000000000004 0.9005
2.1740000000000004 1.0275
-1.265 1.0275
2.65

IMD5a
4
-1.265 1.0275
2.1740000000000004 1.0275
2.1740000000000004 1.0485
-1.265 1.0485
5.2

IMD5b
4
-1.265 1.0485
2.1740000000000004 1.0485
2.1740000000000004 1.0635
-1.265 1.0635
4.2

IMD5c
4
-1.265 1.0635
2.1740000000000004 1.0635
2.1740000000000004 1.0875
-1.265 1.0875
3.28

IMD6a
4
-1.265 1.2145
2.1740000000000004 1.2145
2.1740000000000004 1.2355
-1.265 1.2355
5.2

IMD6b
4
-1.265 1.2355
2.1740000000000004 1.2355
2.1740000000000004 1.2505
-1.265 1.2505
4.2

IMD6c
4
-1.265 1.2505
2.1740000000000004 1.2505
2.1740000000000004 1.2745
-1.265 1.2745
3.28

IMD6d1+IMD6d2
4
-1.265 1.2745
2.1740000000000004 1.2745
2.1740000000000004 1.4015
-1.265 1.4015
2.65

IMD7a
4
-1.265 1.4015
2.1740000000000004 1.4015
2.1740000000000004 1.4765
-1.265 1.4765
5.2

IMD7b1+IMD7b2
4
-1.265 1.4765
2.1740000000000004 1.4765
2.1740000000000004 2.9765
-1.265 2.9765
4.2

IMD8a
4
-1.265 2.9765
2.1740000000000004 2.9765
2.1740000000000004 3.0515
-1.265 3.0515
5.2

IMD8b1+IMD8b2
4
-1.265 3.0515
2.1740000000000004 3.0515
2.1740000000000004 4.5515
-1.265 4.5515
4.2

PASS1
4
-1.265 4.5515
2.1740000000000004 4.5515
2.1740000000000004 4.6265
-1.265 4.6265
7.0

PASS2
4
-1.265 4.6265
2.1740000000000004 4.6265
2.1740000000000004 5.0265
-1.265 5.0265
4.2

PASS3
4
-1.265 5.0265
2.1740000000000004 5.0265
2.1740000000000004 5.1015
-1.265 5.1015
7.0

PASS4+PASS5
4
-1.265 5.1015
2.1740000000000004 5.1015
2.1740000000000004 6.0515
-1.265 6.0515
4.2

PASS6
4
-1.265 6.0515
2.1740000000000004 6.0515
2.1740000000000004 6.6515
-1.265 6.6515
7.0

air_Layer
4
-1.265 6.6515
2.1740000000000004 6.6515
2.1740000000000004 6.9485
-1.265 6.9485
1.0


4
-1.265 0.001
2.1740000000000004 0.001
2.1740000000000004 6.9485
-1.265 6.9485

