c1
4
-0.35091999999999995 0.37050000000000005
0.35091999999999995 0.37050000000000005
0.36007999999999996 0.4665
-0.36007999999999996 0.4665

5
botleft
4
-1.6024999999999998 -0.001
0 -0.001
0 0.001
-1.6024999999999998 0.001

botright
4
0 -0.001
1.6115 -0.001
1.6115 0.001
0 0.001

lEnv
4
-1.0979199999999998 0.37050000000000005
-0.39607999999999993 0.37050000000000005
-0.38691999999999993 0.4665
-1.1070799999999998 0.4665

c2
4
0.8280799999999998 0.37050000000000005
0.9449199999999999 0.37050000000000005
0.9540799999999998 0.4665
0.8189199999999999 0.4665

rEnv
4
0.9900799999999997 0.37050000000000005
1.1069199999999997 0.37050000000000005
1.1160799999999997 0.4665
0.9809199999999998 0.4665


48
IMD1b
4
-1.6024999999999998 0.40650000000000003
-1.1013549999999999 0.40650000000000003
-1.1070799999999998 0.4665
-1.6024999999999998 0.4665
2.8

IMD1b
4
-0.3926449999999999 0.40650000000000003
-0.354355 0.40650000000000003
-0.36007999999999996 0.4665
-0.38691999999999993 0.4665
2.8

IMD1b
4
0.354355 0.40650000000000003
0.8246449999999999 0.40650000000000003
0.8189199999999999 0.4665
0.36007999999999996 0.4665
2.8

IMD1b
4
0.9483549999999998 0.40650000000000003
0.9866449999999998 0.40650000000000003
0.9809199999999998 0.4665
0.9540799999999998 0.4665
2.8

IMD1b
4
1.1103549999999998 0.40650000000000003
1.6115 0.40650000000000003
1.6115 0.4665
1.1160799999999997 0.4665
2.8

IMD1a
4
-1.6024999999999998 0.3955
-1.1003054166666666 0.3955
-1.1013549999999999 0.40650000000000003
-1.6024999999999998 0.40650000000000003
5.2

IMD1a
4
-0.39369458333333324 0.3955
-0.35330541666666665 0.3955
-0.354355 0.40650000000000003
-0.3926449999999999 0.40650000000000003
5.2

IMD1a
4
0.35330541666666665 0.3955
0.8256945833333332 0.3955
0.8246449999999999 0.40650000000000003
0.354355 0.40650000000000003
5.2

IMD1a
4
0.9473054166666665 0.3955
0.9876945833333332 0.3955
0.9866449999999998 0.40650000000000003
0.9483549999999998 0.40650000000000003
5.2

IMD1a
4
1.1093054166666665 0.3955
1.6115 0.3955
1.6115 0.40650000000000003
1.1103549999999998 0.40650000000000003
5.2

ILD1b3
4
-1.6024999999999998 0.37050000000000005
-1.0979199999999998 0.37050000000000005
-1.1003054166666666 0.3955
-1.6024999999999998 0.3955
4

ILD1b3
4
-0.39607999999999993 0.37050000000000005
-0.35091999999999995 0.37050000000000005
-0.35330541666666665 0.3955
-0.39369458333333324 0.3955
4

ILD1b3
4
0.35091999999999995 0.37050000000000005
0.8280799999999998 0.37050000000000005
0.8256945833333332 0.3955
0.35330541666666665 0.3955
4

ILD1b3
4
0.9449199999999999 0.37050000000000005
0.9900799999999997 0.37050000000000005
0.9876945833333332 0.3955
0.9473054166666665 0.3955
4

ILD1b3
4
1.1069199999999997 0.37050000000000005
1.6115 0.37050000000000005
1.6115 0.3955
1.1093054166666665 0.3955
4

ILD1b1+ILD1b2
4
-1.6024999999999998 0.2765
1.6115 0.2765
1.6115 0.37050000000000005
-1.6024999999999998 0.37050000000000005
4

FOXA+FOXB+TOX
4
-1.6024999999999998 0.001
1.6115 0.001
1.6115 0.2665
-1.6024999999999998 0.2665
4.0

ILD1a
4
-1.6024999999999998 0.2665
1.6115 0.2665
1.6115 0.2765
-1.6024999999999998 0.2765
7.0

IMD2a
4
-1.6024999999999998 0.4665
1.6115 0.4665
1.6115 0.4875
-1.6024999999999998 0.4875
5.2

IMD2b
4
-1.6024999999999998 0.4875
1.6115 0.4875
1.6115 0.5025
-1.6024999999999998 0.5025
4.2

IMD2c
4
-1.6024999999999998 0.5025
1.6115 0.5025
1.6115 0.5265
-1.6024999999999998 0.5265
3.28

IMD2d1+IMD2d2
4
-1.6024999999999998 0.5265
1.6115 0.5265
1.6115 0.6535
-1.6024999999999998 0.6535
2.65

IMD3a
4
-1.6024999999999998 0.6535
1.6115 0.6535
1.6115 0.6745
-1.6024999999999998 0.6745
5.2

IMD3b
4
-1.6024999999999998 0.6745
1.6115 0.6745
1.6115 0.6895
-1.6024999999999998 0.6895
4.2

IMD3c
4
-1.6024999999999998 0.6895
1.6115 0.6895
1.6115 0.7135
-1.6024999999999998 0.7135
3.28

IMD3d1+IMD3d2
4
-1.6024999999999998 0.7135
1.6115 0.7135
1.6115 0.8405
-1.6024999999999998 0.8405
2.65

IMD4a
4
-1.6024999999999998 0.8405
1.6115 0.8405
1.6115 0.8615
-1.6024999999999998 0.8615
5.2

IMD4b
4
-1.6024999999999998 0.8615
1.6115 0.8615
1.6115 0.8765
-1.6024999999999998 0.8765
4.2

IMD4c
4
-1.6024999999999998 0.8765
1.6115 0.8765
1.6115 0.9005
-1.6024999999999998 0.9005
3.28

IMD4d1+IMD4d2
4
-1.6024999999999998 0.9005
1.6115 0.9005
1.6115 1.0275
-1.6024999999999998 1.0275
2.65

IMD5a
4
-1.6024999999999998 1.0275
1.6115 1.0275
1.6115 1.0485
-1.6024999999999998 1.0485
5.2

IMD5b
4
-1.6024999999999998 1.0485
1.6115 1.0485
1.6115 1.0635
-1.6024999999999998 1.0635
4.2

IMD5c
4
-1.6024999999999998 1.0635
1.6115 1.0635
1.6115 1.0875
-1.6024999999999998 1.0875
3.28

IMD5d1+IMD5d2
4
-1.6024999999999998 1.0875
1.6115 1.0875
1.6115 1.2145
-1.6024999999999998 1.2145
2.65

IMD6a
4
-1.6024999999999998 1.2145
1.6115 1.2145
1.6115 1.2355
-1.6024999999999998 1.2355
5.2

IMD6b
4
-1.6024999999999998 1.2355
1.6115 1.2355
1.6115 1.2505
-1.6024999999999998 1.2505
4.2

IMD6c
4
-1.6024999999999998 1.2505
1.6115 1.2505
1.6115 1.2745
-1.6024999999999998 1.2745
3.28

IMD6d1+IMD6d2
4
-1.6024999999999998 1.2745
1.6115 1.2745
1.6115 1.4015
-1.6024999999999998 1.4015
2.65

IMD7a
4
-1.6024999999999998 1.4015
1.6115 1.4015
1.6115 1.4765
-1.6024999999999998 1.4765
5.2

IMD7b1+IMD7b2
4
-1.6024999999999998 1.4765
1.6115 1.4765
1.6115 2.9765
-1.6024999999999998 2.9765
4.2

IMD8a
4
-1.6024999999999998 2.9765
1.6115 2.9765
1.6115 3.0515
-1.6024999999999998 3.0515
5.2

IMD8b1+IMD8b2
4
-1.6024999999999998 3.0515
1.6115 3.0515
1.6115 4.5515
-1.6024999999999998 4.5515
4.2

PASS1
4
-1.6024999999999998 4.5515
1.6115 4.5515
1.6115 4.6265
-1.6024999999999998 4.6265
7.0

PASS2
4
-1.6024999999999998 4.6265
1.6115 4.6265
1.6115 5.0265
-1.6024999999999998 5.0265
4.2

PASS3
4
-1.6024999999999998 5.0265
1.6115 5.0265
1.6115 5.1015
-1.6024999999999998 5.1015
7.0

PASS4+PASS5
4
-1.6024999999999998 5.1015
1.6115 5.1015
1.6115 6.0515
-1.6024999999999998 6.0515
4.2

PASS6
4
-1.6024999999999998 6.0515
1.6115 6.0515
1.6115 6.6515
-1.6024999999999998 6.6515
7.0

air_Layer
4
-1.6024999999999998 6.6515
1.6115 6.6515
1.6115 6.9485
-1.6024999999999998 6.9485
1.0


4
-1.6024999999999998 0.001
1.6115 0.001
1.6115 6.9485
-1.6024999999999998 6.9485

