c1
4
-0.015009999999999982 0.7415
0.01501000000000001 0.7415
0.02099000000000001 0.8405
-0.02098999999999998 0.8405

5
botleft
4
-0.6799999999999999 -0.001
0 -0.001
0 0.001
-0.6799999999999999 0.001

botright
4
0 -0.001
0.9140000000000001 -0.001
0.9140000000000001 0.001
0 0.001

lEnv
4
-0.17700999999999997 0.7415
-0.14699 0.7415
-0.14101 0.8405
-0.18298999999999999 0.8405

c2
4
0.21899000000000005 0.7415
0.24901000000000004 0.7415
0.25499000000000005 0.8405
0.21301000000000003 0.8405

rEnv
4
0.38099000000000005 0.7415
0.4110100000000001 0.7415
0.4169900000000001 0.8405
0.37501000000000007 0.8405


57
IMD3d1_damage
4
-0.18642399999999998 0.7315
-0.13757599999999998 0.7315
-0.13697199999999998 0.7415
-0.18702799999999997 0.7415
3.1

IMD3d1_damage
4
-0.02442399999999998 0.7315
0.024424000000000008 0.7315
0.02502800000000001 0.7415
-0.02502799999999998 0.7415
3.1

IMD3d1_damage
4
0.20957600000000004 0.7315
0.25842400000000004 0.7315
0.25902800000000004 0.7415
0.20897200000000005 0.7415
3.1

IMD3d1_damage
4
0.3715760000000001 0.7315
0.4204240000000001 0.7315
0.42102800000000007 0.7415
0.3709720000000001 0.7415
3.1

IMD3d2_damage
4
-0.182019 0.7415
-0.17700999999999997 0.7415
-0.18298999999999999 0.8405
-0.187999 0.8405
2.9

IMD3d2_damage
4
-0.14699 0.7415
-0.141981 0.7415
-0.13600099999999998 0.8405
-0.14101 0.8405
2.9

IMD3d2_damage
4
-0.02001899999999998 0.7415
-0.015009999999999982 0.7415
-0.02098999999999998 0.8405
-0.02599899999999998 0.8405
2.9

IMD3d2_damage
4
0.01501000000000001 0.7415
0.02001900000000001 0.7415
0.025999000000000008 0.8405
0.02099000000000001 0.8405
2.9

IMD3d2_damage
4
0.21398100000000003 0.7415
0.21899000000000005 0.7415
0.21301000000000003 0.8405
0.20800100000000002 0.8405
2.9

IMD3d2_damage
4
0.24901000000000004 0.7415
0.25401900000000005 0.7415
0.25999900000000004 0.8405
0.25499000000000005 0.8405
2.9

IMD3d2_damage
4
0.37598100000000007 0.7415
0.38099000000000005 0.7415
0.37501000000000007 0.8405
0.3700010000000001 0.8405
2.9

IMD3d2_damage
4
0.4110100000000001 0.7415
0.4160190000000001 0.7415
0.42199900000000007 0.8405
0.4169900000000001 0.8405
2.9

IMD3d2
4
-0.6799999999999999 0.7415
-0.182019 0.7415
-0.187999 0.8405
-0.6799999999999999 0.8405
2.65

IMD3d2
4
-0.141981 0.7415
-0.02001899999999998 0.7415
-0.02599899999999998 0.8405
-0.13600099999999998 0.8405
2.65

IMD3d2
4
0.02001900000000001 0.7415
0.21398100000000003 0.7415
0.20800100000000002 0.8405
0.025999000000000008 0.8405
2.65

IMD3d2
4
0.25401900000000005 0.7415
0.37598100000000007 0.7415
0.3700010000000001 0.8405
0.25999900000000004 0.8405
2.65

IMD3d2
4
0.4160190000000001 0.7415
0.9140000000000001 0.7415
0.9140000000000001 0.8405
0.42199900000000007 0.8405
2.65

IMD3d1
4
-0.6799999999999999 0.7315
-0.18642399999999998 0.7315
-0.18702799999999997 0.7415
-0.6799999999999999 0.7415
2.65

IMD3d1
4
-0.13757599999999998 0.7315
-0.02442399999999998 0.7315
-0.02502799999999998 0.7415
-0.13697199999999998 0.7415
2.65

IMD3d1
4
0.024424000000000008 0.7315
0.20957600000000004 0.7315
0.20897200000000005 0.7415
0.02502800000000001 0.7415
2.65

IMD3d1
4
0.25842400000000004 0.7315
0.3715760000000001 0.7315
0.3709720000000001 0.7415
0.25902800000000004 0.7415
2.65

IMD3d1
4
0.4204240000000001 0.7315
0.9140000000000001 0.7315
0.9140000000000001 0.7415
0.42102800000000007 0.7415
2.65

IMD3d1
4
-0.6799999999999999 0.7135
0.9140000000000001 0.7135
0.9140000000000001 0.7315
-0.6799999999999999 0.7315
2.65

FOXA+FOXB+TOX
4
-0.6799999999999999 0.001
0.9140000000000001 0.001
0.9140000000000001 0.2665
-0.6799999999999999 0.2665
4.0

ILD1a
4
-0.6799999999999999 0.2665
0.9140000000000001 0.2665
0.9140000000000001 0.2765
-0.6799999999999999 0.2765
7.0

ILD1b1+ILD1b2+ILD1b3
4
-0.6799999999999999 0.2765
0.9140000000000001 0.2765
0.9140000000000001 0.3955
-0.6799999999999999 0.3955
4.0

IMD1a
4
-0.6799999999999999 0.3955
0.9140000000000001 0.3955
0.9140000000000001 0.4065
-0.6799999999999999 0.4065
5.2

IMD1b
4
-0.6799999999999999 0.4065
0.9140000000000001 0.4065
0.9140000000000001 0.4665
-0.6799999999999999 0.4665
2.8

IMD2a
4
-0.6799999999999999 0.4665
0.9140000000000001 0.4665
0.9140000000000001 0.4875
-0.6799999999999999 0.4875
5.2

IMD2b
4
-0.6799999999999999 0.4875
0.9140000000000001 0.4875
0.9140000000000001 0.5025
-0.6799999999999999 0.5025
4.2

IMD2c
4
-0.6799999999999999 0.5025
0.9140000000000001 0.5025
0.9140000000000001 0.5265
-0.6799999999999999 0.5265
3.28

IMD2d1+IMD2d2
4
-0.6799999999999999 0.5265
0.9140000000000001 0.5265
0.9140000000000001 0.6535
-0.6799999999999999 0.6535
2.65

IMD3a
4
-0.6799999999999999 0.6535
0.9140000000000001 0.6535
0.9140000000000001 0.6745
-0.6799999999999999 0.6745
5.2

IMD3b
4
-0.6799999999999999 0.6745
0.9140000000000001 0.6745
0.9140000000000001 0.6895
-0.6799999999999999 0.6895
4.2

IMD3c
4
-0.6799999999999999 0.6895
0.9140000000000001 0.6895
0.9140000000000001 0.7135
-0.6799999999999999 0.7135
3.28

IMD4a
4
-0.6799999999999999 0.8405
0.9140000000000001 0.8405
0.9140000000000001 0.8615
-0.6799999999999999 0.8615
5.2

IMD4b
4
-0.6799999999999999 0.8615
0.9140000000000001 0.8615
0.9140000000000001 0.8765
-0.6799999999999999 0.8765
4.2

IMD4c
4
-0.6799999999999999 0.8765
0.9140000000000001 0.8765
0.9140000000000001 0.9005
-0.6799999999999999 0.9005
3.28

IMD4d1+IMD4d2
4
-0.6799999999999999 0.9005
0.9140000000000001 0.9005
0.9140000000000001 1.0275
-0.6799999999999999 1.0275
2.65

IMD5a
4
-0.6799999999999999 1.0275
0.9140000000000001 1.0275
0.9140000000000001 1.0485
-0.6799999999999999 1.0485
5.2

IMD5b
4
-0.6799999999999999 1.0485
0.9140000000000001 1.0485
0.9140000000000001 1.0635
-0.6799999999999999 1.0635
4.2

IMD5c
4
-0.6799999999999999 1.0635
0.9140000000000001 1.0635
0.9140000000000001 1.0875
-0.6799999999999999 1.0875
3.28

IMD5d1+IMD5d2
4
-0.6799999999999999 1.0875
0.9140000000000001 1.0875
0.9140000000000001 1.2145
-0.6799999999999999 1.2145
2.65

IMD6a
4
-0.6799999999999999 1.2145
0.9140000000000001 1.2145
0.9140000000000001 1.2355
-0.6799999999999999 1.2355
5.2

IMD6b
4
-0.6799999999999999 1.2355
0.9140000000000001 1.2355
0.9140000000000001 1.2505
-0.6799999999999999 1.2505
4.2

IMD6c
4
-0.6799999999999999 1.2505
0.9140000000000001 1.2505
0.9140000000000001 1.2745
-0.6799999999999999 1.2745
3.28

IMD6d1+IMD6d2
4
-0.6799999999999999 1.2745
0.9140000000000001 1.2745
0.9140000000000001 1.4015
-0.6799999999999999 1.4015
2.65

IMD7a
4
-0.6799999999999999 1.4015
0.9140000000000001 1.4015
0.9140000000000001 1.4765
-0.6799999999999999 1.4765
5.2

IMD7b1+IMD7b2
4
-0.6799999999999999 1.4765
0.9140000000000001 1.4765
0.9140000000000001 2.9765
-0.6799999999999999 2.9765
4.2

IMD8a
4
-0.6799999999999999 2.9765
0.9140000000000001 2.9765
0.9140000000000001 3.0515
-0.6799999999999999 3.0515
5.2

IMD8b1+IMD8b2
4
-0.6799999999999999 3.0515
0.9140000000000001 3.0515
0.9140000000000001 4.5515
-0.6799999999999999 4.5515
4.2

PASS1
4
-0.6799999999999999 4.5515
0.9140000000000001 4.5515
0.9140000000000001 4.6265
-0.6799999999999999 4.6265
7.0

PASS2
4
-0.6799999999999999 4.6265
0.9140000000000001 4.6265
0.9140000000000001 5.0265
-0.6799999999999999 5.0265
4.2

PASS3
4
-0.6799999999999999 5.0265
0.9140000000000001 5.0265
0.9140000000000001 5.1015
-0.6799999999999999 5.1015
7.0

PASS4+PASS5
4
-0.6799999999999999 5.1015
0.9140000000000001 5.1015
0.9140000000000001 6.0515
-0.6799999999999999 6.0515
4.2

PASS6
4
-0.6799999999999999 6.0515
0.9140000000000001 6.0515
0.9140000000000001 6.6515
-0.6799999999999999 6.6515
7.0

air_Layer
4
-0.6799999999999999 6.6515
0.9140000000000001 6.6515
0.9140000000000001 6.9485
-0.6799999999999999 6.9485
1.0


4
-0.6799999999999999 0.001
0.9140000000000001 0.001
0.9140000000000001 6.9485
-0.6799999999999999 6.9485

