c1
4
-0.35251 1.3025
0.35251 1.3025
0.35849 1.4015
-0.35849 1.4015

5
botleft
4
-1.6925 -0.001
0 -0.001
0 0.001
-1.6925 0.001

botright
4
0 -0.001
1.3864999999999998 -0.001
1.3864999999999998 0.001
0 0.001

lEnv
4
-1.1895099999999998 1.3025
-0.48449 1.3025
-0.47851 1.4015
-1.19549 1.4015

c2
4
0.69149 1.3025
0.72151 1.3025
0.72749 1.4015
0.6855100000000001 1.4015

rEnv
4
0.8534899999999997 1.3025
0.8835099999999999 1.3025
0.8894899999999999 1.4015
0.8475099999999998 1.4015


57
IMD6d1_damage
4
-1.1989239999999999 1.2925
-0.475076 1.2925
-0.474472 1.3025
-1.199528 1.3025
3.1

IMD6d1_damage
4
-0.36192399999999997 1.2925
0.36192399999999997 1.2925
0.36252799999999996 1.3025
-0.36252799999999996 1.3025
3.1

IMD6d1_damage
4
0.6820760000000001 1.2925
0.7309239999999999 1.2925
0.731528 1.3025
0.6814720000000001 1.3025
3.1

IMD6d1_damage
4
0.8440759999999998 1.2925
0.8929239999999998 1.2925
0.8935279999999999 1.3025
0.8434719999999998 1.3025
3.1

IMD6d2_damage
4
-1.1945189999999999 1.3025
-1.1895099999999998 1.3025
-1.19549 1.4015
-1.200499 1.4015
2.9

IMD6d2_damage
4
-0.48449 1.3025
-0.479481 1.3025
-0.473501 1.4015
-0.47851 1.4015
2.9

IMD6d2_damage
4
-0.357519 1.3025
-0.35251 1.3025
-0.35849 1.4015
-0.36349899999999996 1.4015
2.9

IMD6d2_damage
4
0.35251 1.3025
0.357519 1.3025
0.36349899999999996 1.4015
0.35849 1.4015
2.9

IMD6d2_damage
4
0.686481 1.3025
0.69149 1.3025
0.6855100000000001 1.4015
0.680501 1.4015
2.9

IMD6d2_damage
4
0.72151 1.3025
0.726519 1.3025
0.732499 1.4015
0.72749 1.4015
2.9

IMD6d2_damage
4
0.8484809999999997 1.3025
0.8534899999999997 1.3025
0.8475099999999998 1.4015
0.8425009999999997 1.4015
2.9

IMD6d2_damage
4
0.8835099999999999 1.3025
0.888519 1.3025
0.8944989999999999 1.4015
0.8894899999999999 1.4015
2.9

IMD6d2
4
-1.6925 1.3025
-1.1945189999999999 1.3025
-1.200499 1.4015
-1.6925 1.4015
2.65

IMD6d2
4
-0.479481 1.3025
-0.357519 1.3025
-0.36349899999999996 1.4015
-0.473501 1.4015
2.65

IMD6d2
4
0.357519 1.3025
0.686481 1.3025
0.680501 1.4015
0.36349899999999996 1.4015
2.65

IMD6d2
4
0.726519 1.3025
0.8484809999999997 1.3025
0.8425009999999997 1.4015
0.732499 1.4015
2.65

IMD6d2
4
0.888519 1.3025
1.3864999999999998 1.3025
1.3864999999999998 1.4015
0.8944989999999999 1.4015
2.65

IMD6d1
4
-1.6925 1.2925
-1.1989239999999999 1.2925
-1.199528 1.3025
-1.6925 1.3025
2.65

IMD6d1
4
-0.475076 1.2925
-0.36192399999999997 1.2925
-0.36252799999999996 1.3025
-0.474472 1.3025
2.65

IMD6d1
4
0.36192399999999997 1.2925
0.6820760000000001 1.2925
0.6814720000000001 1.3025
0.36252799999999996 1.3025
2.65

IMD6d1
4
0.7309239999999999 1.2925
0.8440759999999998 1.2925
0.8434719999999998 1.3025
0.731528 1.3025
2.65

IMD6d1
4
0.8929239999999998 1.2925
1.3864999999999998 1.2925
1.3864999999999998 1.3025
0.8935279999999999 1.3025
2.65

IMD6d1
4
-1.6925 1.2745
1.3864999999999998 1.2745
1.3864999999999998 1.2925
-1.6925 1.2925
2.65

FOXA+FOXB+TOX
4
-1.6925 0.001
1.3864999999999998 0.001
1.3864999999999998 0.2665
-1.6925 0.2665
4.0

ILD1a
4
-1.6925 0.2665
1.3864999999999998 0.2665
1.3864999999999998 0.2765
-1.6925 0.2765
7.0

ILD1b1+ILD1b2+ILD1b3
4
-1.6925 0.2765
1.3864999999999998 0.2765
1.3864999999999998 0.3955
-1.6925 0.3955
4.0

IMD1a
4
-1.6925 0.3955
1.3864999999999998 0.3955
1.3864999999999998 0.4065
-1.6925 0.4065
5.2

IMD1b
4
-1.6925 0.4065
1.3864999999999998 0.4065
1.3864999999999998 0.4665
-1.6925 0.4665
2.8

IMD2a
4
-1.6925 0.4665
1.3864999999999998 0.4665
1.3864999999999998 0.4875
-1.6925 0.4875
5.2

IMD2b
4
-1.6925 0.4875
1.3864999999999998 0.4875
1.3864999999999998 0.5025
-1.6925 0.5025
4.2

IMD2c
4
-1.6925 0.5025
1.3864999999999998 0.5025
1.3864999999999998 0.5265
-1.6925 0.5265
3.28

IMD2d1+IMD2d2
4
-1.6925 0.5265
1.3864999999999998 0.5265
1.3864999999999998 0.6535
-1.6925 0.6535
2.65

IMD3a
4
-1.6925 0.6535
1.3864999999999998 0.6535
1.3864999999999998 0.6745
-1.6925 0.6745
5.2

IMD3b
4
-1.6925 0.6745
1.3864999999999998 0.6745
1.3864999999999998 0.6895
-1.6925 0.6895
4.2

IMD3c
4
-1.6925 0.6895
1.3864999999999998 0.6895
1.3864999999999998 0.7135
-1.6925 0.7135
3.28

IMD3d1+IMD3d2
4
-1.6925 0.7135
1.3864999999999998 0.7135
1.3864999999999998 0.8405
-1.6925 0.8405
2.65

IMD4a
4
-1.6925 0.8405
1.3864999999999998 0.8405
1.3864999999999998 0.8615
-1.6925 0.8615
5.2

IMD4b
4
-1.6925 0.8615
1.3864999999999998 0.8615
1.3864999999999998 0.8765
-1.6925 0.8765
4.2

IMD4c
4
-1.6925 0.8765
1.3864999999999998 0.8765
1.3864999999999998 0.9005
-1.6925 0.9005
3.28

IMD4d1+IMD4d2
4
-1.6925 0.9005
1.3864999999999998 0.9005
1.3864999999999998 1.0275
-1.6925 1.0275
2.65

IMD5a
4
-1.6925 1.0275
1.3864999999999998 1.0275
1.3864999999999998 1.0485
-1.6925 1.0485
5.2

IMD5b
4
-1.6925 1.0485
1.3864999999999998 1.0485
1.3864999999999998 1.0635
-1.6925 1.0635
4.2

IMD5c
4
-1.6925 1.0635
1.3864999999999998 1.0635
1.3864999999999998 1.0875
-1.6925 1.0875
3.28

IMD5d1+IMD5d2
4
-1.6925 1.0875
1.3864999999999998 1.0875
1.3864999999999998 1.2145
-1.6925 1.2145
2.65

IMD6a
4
-1.6925 1.2145
1.3864999999999998 1.2145
1.3864999999999998 1.2355
-1.6925 1.2355
5.2

IMD6b
4
-1.6925 1.2355
1.3864999999999998 1.2355
1.3864999999999998 1.2505
-1.6925 1.2505
4.2

IMD6c
4
-1.6925 1.2505
1.3864999999999998 1.2505
1.3864999999999998 1.2745
-1.6925 1.2745
3.28

IMD7a
4
-1.6925 1.4015
1.3864999999999998 1.4015
1.3864999999999998 1.4765
-1.6925 1.4765
5.2

IMD7b1+IMD7b2
4
-1.6925 1.4765
1.3864999999999998 1.4765
1.3864999999999998 2.9765
-1.6925 2.9765
4.2

IMD8a
4
-1.6925 2.9765
1.3864999999999998 2.9765
1.3864999999999998 3.0515
-1.6925 3.0515
5.2

IMD8b1+IMD8b2
4
-1.6925 3.0515
1.3864999999999998 3.0515
1.3864999999999998 4.5515
-1.6925 4.5515
4.2

PASS1
4
-1.6925 4.5515
1.3864999999999998 4.5515
1.3864999999999998 4.6265
-1.6925 4.6265
7.0

PASS2
4
-1.6925 4.6265
1.3864999999999998 4.6265
1.3864999999999998 5.0265
-1.6925 5.0265
4.2

PASS3
4
-1.6925 5.0265
1.3864999999999998 5.0265
1.3864999999999998 5.1015
-1.6925 5.1015
7.0

PASS4+PASS5
4
-1.6925 5.1015
1.3864999999999998 5.1015
1.3864999999999998 6.0515
-1.6925 6.0515
4.2

PASS6
4
-1.6925 6.0515
1.3864999999999998 6.0515
1.3864999999999998 6.6515
-1.6925 6.6515
7.0

air_Layer
4
-1.6925 6.6515
1.3864999999999998 6.6515
1.3864999999999998 6.9485
-1.6925 6.9485
1.0


4
-1.6925 0.001
1.3864999999999998 0.001
1.3864999999999998 6.9485
-1.6925 6.9485

