c1
4
-0.21750999999999995 1.1155
0.21750999999999995 1.1155
0.22348999999999997 1.2145
-0.22348999999999997 1.2145

5
botleft
4
-1.2874999999999999 -0.001
0 -0.001
0 0.001
-1.2874999999999999 0.001

botright
4
0 -0.001
1.3415000000000001 -0.001
1.3415000000000001 0.001
0 0.001

lEnv
4
-0.7845099999999999 1.1155
-0.3494899999999999 1.1155
-0.3435099999999999 1.2145
-0.7904899999999999 1.2145

c2
4
0.46648999999999996 1.1155
0.58651 1.1155
0.59249 1.2145
0.46051 1.2145

rEnv
4
0.71849 1.1155
0.83851 1.1155
0.84449 1.2145
0.71251 1.2145


57
IMD5d1_damage
4
-0.7939239999999999 1.1055
-0.34007599999999993 1.1055
-0.33947199999999994 1.1155
-0.7945279999999999 1.1155
3.1

IMD5d1_damage
4
-0.22692399999999996 1.1055
0.22692399999999996 1.1055
0.22752799999999995 1.1155
-0.22752799999999995 1.1155
3.1

IMD5d1_damage
4
0.457076 1.1055
0.5959239999999999 1.1055
0.596528 1.1155
0.456472 1.1155
3.1

IMD5d1_damage
4
0.709076 1.1055
0.8479239999999999 1.1055
0.848528 1.1155
0.708472 1.1155
3.1

IMD5d2_damage
4
-0.789519 1.1155
-0.7845099999999999 1.1155
-0.7904899999999999 1.2145
-0.795499 1.2145
2.9

IMD5d2_damage
4
-0.3494899999999999 1.1155
-0.3444809999999999 1.1155
-0.33850099999999994 1.2145
-0.3435099999999999 1.2145
2.9

IMD5d2_damage
4
-0.22251899999999997 1.1155
-0.21750999999999995 1.1155
-0.22348999999999997 1.2145
-0.22849899999999998 1.2145
2.9

IMD5d2_damage
4
0.21750999999999995 1.1155
0.22251899999999997 1.1155
0.22849899999999998 1.2145
0.22348999999999997 1.2145
2.9

IMD5d2_damage
4
0.461481 1.1155
0.46648999999999996 1.1155
0.46051 1.2145
0.455501 1.2145
2.9

IMD5d2_damage
4
0.58651 1.1155
0.591519 1.1155
0.597499 1.2145
0.59249 1.2145
2.9

IMD5d2_damage
4
0.7134809999999999 1.1155
0.71849 1.1155
0.71251 1.2145
0.7075009999999999 1.2145
2.9

IMD5d2_damage
4
0.83851 1.1155
0.843519 1.1155
0.849499 1.2145
0.84449 1.2145
2.9

IMD5d2
4
-1.2874999999999999 1.1155
-0.789519 1.1155
-0.795499 1.2145
-1.2874999999999999 1.2145
2.65

IMD5d2
4
-0.3444809999999999 1.1155
-0.22251899999999997 1.1155
-0.22849899999999998 1.2145
-0.33850099999999994 1.2145
2.65

IMD5d2
4
0.22251899999999997 1.1155
0.461481 1.1155
0.455501 1.2145
0.22849899999999998 1.2145
2.65

IMD5d2
4
0.591519 1.1155
0.7134809999999999 1.1155
0.7075009999999999 1.2145
0.597499 1.2145
2.65

IMD5d2
4
0.843519 1.1155
1.3415000000000001 1.1155
1.3415000000000001 1.2145
0.849499 1.2145
2.65

IMD5d1
4
-1.2874999999999999 1.1055
-0.7939239999999999 1.1055
-0.7945279999999999 1.1155
-1.2874999999999999 1.1155
2.65

IMD5d1
4
-0.34007599999999993 1.1055
-0.22692399999999996 1.1055
-0.22752799999999995 1.1155
-0.33947199999999994 1.1155
2.65

IMD5d1
4
0.22692399999999996 1.1055
0.457076 1.1055
0.456472 1.1155
0.22752799999999995 1.1155
2.65

IMD5d1
4
0.5959239999999999 1.1055
0.709076 1.1055
0.708472 1.1155
0.596528 1.1155
2.65

IMD5d1
4
0.8479239999999999 1.1055
1.3415000000000001 1.1055
1.3415000000000001 1.1155
0.848528 1.1155
2.65

IMD5d1
4
-1.2874999999999999 1.0875
1.3415000000000001 1.0875
1.3415000000000001 1.1055
-1.2874999999999999 1.1055
2.65

FOXA+FOXB+TOX
4
-1.2874999999999999 0.001
1.3415000000000001 0.001
1.3415000000000001 0.2665
-1.2874999999999999 0.2665
4.0

ILD1a
4
-1.2874999999999999 0.2665
1.3415000000000001 0.2665
1.3415000000000001 0.2765
-1.2874999999999999 0.2765
7.0

ILD1b1+ILD1b2+ILD1b3
4
-1.2874999999999999 0.2765
1.3415000000000001 0.2765
1.3415000000000001 0.3955
-1.2874999999999999 0.3955
4.0

IMD1a
4
-1.2874999999999999 0.3955
1.3415000000000001 0.3955
1.3415000000000001 0.4065
-1.2874999999999999 0.4065
5.2

IMD1b
4
-1.2874999999999999 0.4065
1.3415000000000001 0.4065
1.3415000000000001 0.4665
-1.2874999999999999 0.4665
2.8

IMD2a
4
-1.2874999999999999 0.4665
1.3415000000000001 0.4665
1.3415000000000001 0.4875
-1.2874999999999999 0.4875
5.2

IMD2b
4
-1.2874999999999999 0.4875
1.3415000000000001 0.4875
1.3415000000000001 0.5025
-1.2874999999999999 0.5025
4.2

IMD2c
4
-1.2874999999999999 0.5025
1.3415000000000001 0.5025
1.3415000000000001 0.5265
-1.2874999999999999 0.5265
3.28

IMD2d1+IMD2d2
4
-1.2874999999999999 0.5265
1.3415000000000001 0.5265
1.3415000000000001 0.6535
-1.2874999999999999 0.6535
2.65

IMD3a
4
-1.2874999999999999 0.6535
1.3415000000000001 0.6535
1.3415000000000001 0.6745
-1.2874999999999999 0.6745
5.2

IMD3b
4
-1.2874999999999999 0.6745
1.3415000000000001 0.6745
1.3415000000000001 0.6895
-1.2874999999999999 0.6895
4.2

IMD3c
4
-1.2874999999999999 0.6895
1.3415000000000001 0.6895
1.3415000000000001 0.7135
-1.2874999999999999 0.7135
3.28

IMD3d1+IMD3d2
4
-1.2874999999999999 0.7135
1.3415000000000001 0.7135
1.3415000000000001 0.8405
-1.2874999999999999 0.8405
2.65

IMD4a
4
-1.2874999999999999 0.8405
1.3415000000000001 0.8405
1.3415000000000001 0.8615
-1.2874999999999999 0.8615
5.2

IMD4b
4
-1.2874999999999999 0.8615
1.3415000000000001 0.8615
1.3415000000000001 0.8765
-1.2874999999999999 0.8765
4.2

IMD4c
4
-1.2874999999999999 0.8765
1.3415000000000001 0.8765
1.3415000000000001 0.9005
-1.2874999999999999 0.9005
3.28

IMD4d1+IMD4d2
4
-1.2874999999999999 0.9005
1.3415000000000001 0.9005
1.3415000000000001 1.0275
-1.2874999999999999 1.0275
2.65

IMD5a
4
-1.2874999999999999 1.0275
1.3415000000000001 1.0275
1.3415000000000001 1.0485
-1.2874999999999999 1.0485
5.2

IMD5b
4
-1.2874999999999999 1.0485
1.3415000000000001 1.0485
1.3415000000000001 1.0635
-1.2874999999999999 1.0635
4.2

IMD5c
4
-1.2874999999999999 1.0635
1.3415000000000001 1.0635
1.3415000000000001 1.0875
-1.2874999999999999 1.0875
3.28

IMD6a
4
-1.2874999999999999 1.2145
1.3415000000000001 1.2145
1.3415000000000001 1.2355
-1.2874999999999999 1.2355
5.2

IMD6b
4
-1.2874999999999999 1.2355
1.3415000000000001 1.2355
1.3415000000000001 1.2505
-1.2874999999999999 1.2505
4.2

IMD6c
4
-1.2874999999999999 1.2505
1.3415000000000001 1.2505
1.3415000000000001 1.2745
-1.2874999999999999 1.2745
3.28

IMD6d1+IMD6d2
4
-1.2874999999999999 1.2745
1.3415000000000001 1.2745
1.3415000000000001 1.4015
-1.2874999999999999 1.4015
2.65

IMD7a
4
-1.2874999999999999 1.4015
1.3415000000000001 1.4015
1.3415000000000001 1.4765
-1.2874999999999999 1.4765
5.2

IMD7b1+IMD7b2
4
-1.2874999999999999 1.4765
1.3415000000000001 1.4765
1.3415000000000001 2.9765
-1.2874999999999999 2.9765
4.2

IMD8a
4
-1.2874999999999999 2.9765
1.3415000000000001 2.9765
1.3415000000000001 3.0515
-1.2874999999999999 3.0515
5.2

IMD8b1+IMD8b2
4
-1.2874999999999999 3.0515
1.3415000000000001 3.0515
1.3415000000000001 4.5515
-1.2874999999999999 4.5515
4.2

PASS1
4
-1.2874999999999999 4.5515
1.3415000000000001 4.5515
1.3415000000000001 4.6265
-1.2874999999999999 4.6265
7.0

PASS2
4
-1.2874999999999999 4.6265
1.3415000000000001 4.6265
1.3415000000000001 5.0265
-1.2874999999999999 5.0265
4.2

PASS3
4
-1.2874999999999999 5.0265
1.3415000000000001 5.0265
1.3415000000000001 5.1015
-1.2874999999999999 5.1015
7.0

PASS4+PASS5
4
-1.2874999999999999 5.1015
1.3415000000000001 5.1015
1.3415000000000001 6.0515
-1.2874999999999999 6.0515
4.2

PASS6
4
-1.2874999999999999 6.0515
1.3415000000000001 6.0515
1.3415000000000001 6.6515
-1.2874999999999999 6.6515
7.0

air_Layer
4
-1.2874999999999999 6.6515
1.3415000000000001 6.6515
1.3415000000000001 6.9485
-1.2874999999999999 6.9485
1.0


4
-1.2874999999999999 0.001
1.3415000000000001 0.001
1.3415000000000001 6.9485
-1.2874999999999999 6.9485

