c1
4
-0.41842000000000007 0.37050000000000005
0.41841999999999985 0.37050000000000005
0.42757999999999985 0.4665
-0.42758000000000007 0.4665

5
botleft
4
-1.805 -0.001
0 -0.001
0 0.001
-1.805 0.001

botright
4
0 -0.001
1.904 -0.001
1.904 0.001
0 0.001

lEnv
4
-1.30042 0.37050000000000005
-0.46358000000000005 0.37050000000000005
-0.45442000000000005 0.4665
-1.30958 0.4665

c2
4
1.12058 0.37050000000000005
1.2374199999999997 0.37050000000000005
1.2465799999999998 0.4665
1.1114199999999999 0.4665

rEnv
4
1.2825799999999998 0.37050000000000005
1.3994199999999997 0.37050000000000005
1.4085799999999997 0.4665
1.2734199999999998 0.4665


48
IMD1b
4
-1.805 0.40650000000000003
-1.303855 0.40650000000000003
-1.30958 0.4665
-1.805 0.4665
2.8

IMD1b
4
-0.460145 0.40650000000000003
-0.4218550000000001 0.40650000000000003
-0.42758000000000007 0.4665
-0.45442000000000005 0.4665
2.8

IMD1b
4
0.42185499999999987 0.40650000000000003
1.1171449999999998 0.40650000000000003
1.1114199999999999 0.4665
0.42757999999999985 0.4665
2.8

IMD1b
4
1.2408549999999998 0.40650000000000003
1.2791449999999998 0.40650000000000003
1.2734199999999998 0.4665
1.2465799999999998 0.4665
2.8

IMD1b
4
1.4028549999999997 0.40650000000000003
1.904 0.40650000000000003
1.904 0.4665
1.4085799999999997 0.4665
2.8

IMD1a
4
-1.805 0.3955
-1.3028054166666667 0.3955
-1.303855 0.40650000000000003
-1.805 0.40650000000000003
5.2

IMD1a
4
-0.46119458333333335 0.3955
-0.42080541666666677 0.3955
-0.4218550000000001 0.40650000000000003
-0.460145 0.40650000000000003
5.2

IMD1a
4
0.42080541666666654 0.3955
1.118194583333333 0.3955
1.1171449999999998 0.40650000000000003
0.42185499999999987 0.40650000000000003
5.2

IMD1a
4
1.2398054166666665 0.3955
1.280194583333333 0.3955
1.2791449999999998 0.40650000000000003
1.2408549999999998 0.40650000000000003
5.2

IMD1a
4
1.4018054166666665 0.3955
1.904 0.3955
1.904 0.40650000000000003
1.4028549999999997 0.40650000000000003
5.2

ILD1b3
4
-1.805 0.37050000000000005
-1.30042 0.37050000000000005
-1.3028054166666667 0.3955
-1.805 0.3955
4

ILD1b3
4
-0.46358000000000005 0.37050000000000005
-0.41842000000000007 0.37050000000000005
-0.42080541666666677 0.3955
-0.46119458333333335 0.3955
4

ILD1b3
4
0.41841999999999985 0.37050000000000005
1.12058 0.37050000000000005
1.118194583333333 0.3955
0.42080541666666654 0.3955
4

ILD1b3
4
1.2374199999999997 0.37050000000000005
1.2825799999999998 0.37050000000000005
1.280194583333333 0.3955
1.2398054166666665 0.3955
4

ILD1b3
4
1.3994199999999997 0.37050000000000005
1.904 0.37050000000000005
1.904 0.3955
1.4018054166666665 0.3955
4

ILD1b1+ILD1b2
4
-1.805 0.2765
1.904 0.2765
1.904 0.37050000000000005
-1.805 0.37050000000000005
4

FOXA+FOXB+TOX
4
-1.805 0.001
1.904 0.001
1.904 0.2665
-1.805 0.2665
4.0

ILD1a
4
-1.805 0.2665
1.904 0.2665
1.904 0.2765
-1.805 0.2765
7.0

IMD2a
4
-1.805 0.4665
1.904 0.4665
1.904 0.4875
-1.805 0.4875
5.2

IMD2b
4
-1.805 0.4875
1.904 0.4875
1.904 0.5025
-1.805 0.5025
4.2

IMD2c
4
-1.805 0.5025
1.904 0.5025
1.904 0.5265
-1.805 0.5265
3.28

IMD2d1+IMD2d2
4
-1.805 0.5265
1.904 0.5265
1.904 0.6535
-1.805 0.6535
2.65

IMD3a
4
-1.805 0.6535
1.904 0.6535
1.904 0.6745
-1.805 0.6745
5.2

IMD3b
4
-1.805 0.6745
1.904 0.6745
1.904 0.6895
-1.805 0.6895
4.2

IMD3c
4
-1.805 0.6895
1.904 0.6895
1.904 0.7135
-1.805 0.7135
3.28

IMD3d1+IMD3d2
4
-1.805 0.7135
1.904 0.7135
1.904 0.8405
-1.805 0.8405
2.65

IMD4a
4
-1.805 0.8405
1.904 0.8405
1.904 0.8615
-1.805 0.8615
5.2

IMD4b
4
-1.805 0.8615
1.904 0.8615
1.904 0.8765
-1.805 0.8765
4.2

IMD4c
4
-1.805 0.8765
1.904 0.8765
1.904 0.9005
-1.805 0.9005
3.28

IMD4d1+IMD4d2
4
-1.805 0.9005
1.904 0.9005
1.904 1.0275
-1.805 1.0275
2.65

IMD5a
4
-1.805 1.0275
1.904 1.0275
1.904 1.0485
-1.805 1.0485
5.2

IMD5b
4
-1.805 1.0485
1.904 1.0485
1.904 1.0635
-1.805 1.0635
4.2

IMD5c
4
-1.805 1.0635
1.904 1.0635
1.904 1.0875
-1.805 1.0875
3.28

IMD5d1+IMD5d2
4
-1.805 1.0875
1.904 1.0875
1.904 1.2145
-1.805 1.2145
2.65

IMD6a
4
-1.805 1.2145
1.904 1.2145
1.904 1.2355
-1.805 1.2355
5.2

IMD6b
4
-1.805 1.2355
1.904 1.2355
1.904 1.2505
-1.805 1.2505
4.2

IMD6c
4
-1.805 1.2505
1.904 1.2505
1.904 1.2745
-1.805 1.2745
3.28

IMD6d1+IMD6d2
4
-1.805 1.2745
1.904 1.2745
1.904 1.4015
-1.805 1.4015
2.65

IMD7a
4
-1.805 1.4015
1.904 1.4015
1.904 1.4765
-1.805 1.4765
5.2

IMD7b1+IMD7b2
4
-1.805 1.4765
1.904 1.4765
1.904 2.9765
-1.805 2.9765
4.2

IMD8a
4
-1.805 2.9765
1.904 2.9765
1.904 3.0515
-1.805 3.0515
5.2

IMD8b1+IMD8b2
4
-1.805 3.0515
1.904 3.0515
1.904 4.5515
-1.805 4.5515
4.2

PASS1
4
-1.805 4.5515
1.904 4.5515
1.904 4.6265
-1.805 4.6265
7.0

PASS2
4
-1.805 4.6265
1.904 4.6265
1.904 5.0265
-1.805 5.0265
4.2

PASS3
4
-1.805 5.0265
1.904 5.0265
1.904 5.1015
-1.805 5.1015
7.0

PASS4+PASS5
4
-1.805 5.1015
1.904 5.1015
1.904 6.0515
-1.805 6.0515
4.2

PASS6
4
-1.805 6.0515
1.904 6.0515
1.904 6.6515
-1.805 6.6515
7.0

air_Layer
4
-1.805 6.6515
1.904 6.6515
1.904 6.9485
-1.805 6.9485
1.0


4
-1.805 0.001
1.904 0.001
1.904 6.9485
-1.805 6.9485

