c1
4
-0.4200100000000001 0.9285000000000001
0.4200100000000001 0.9285000000000001
0.4259900000000001 1.0275
-0.4259900000000001 1.0275

5
botleft
4
-2.165 -0.001
0 -0.001
0 0.001
-2.165 0.001

botright
4
0 -0.001
2.5339999999999994 -0.001
2.5339999999999994 0.001
0 0.001

lEnv
4
-1.66201 0.9285000000000001
-0.8219900000000001 0.9285000000000001
-0.8160100000000001 1.0275
-1.66799 1.0275

c2
4
1.20899 0.9285000000000001
1.4190099999999997 0.9285000000000001
1.4249899999999998 1.0275
1.20301 1.0275

rEnv
4
1.8209899999999997 0.9285000000000001
2.0310099999999993 0.9285000000000001
2.0369899999999994 1.0275
1.8150099999999996 1.0275


57
IMD4d1_damage
4
-1.671424 0.9185000000000001
-0.8125760000000002 0.9185000000000001
-0.8119720000000001 0.9285000000000001
-1.672028 0.9285000000000001
3.1

IMD4d1_damage
4
-0.4294240000000001 0.9185000000000001
0.4294240000000001 0.9185000000000001
0.4300280000000001 0.9285000000000001
-0.4300280000000001 0.9285000000000001
3.1

IMD4d1_damage
4
1.199576 0.9185000000000001
1.4284239999999997 0.9185000000000001
1.4290279999999997 0.9285000000000001
1.198972 0.9285000000000001
3.1

IMD4d1_damage
4
1.8115759999999996 0.9185000000000001
2.0404239999999993 0.9185000000000001
2.0410279999999994 0.9285000000000001
1.8109719999999996 0.9285000000000001
3.1

IMD4d2_damage
4
-1.667019 0.9285000000000001
-1.66201 0.9285000000000001
-1.66799 1.0275
-1.6729990000000001 1.0275
2.9

IMD4d2_damage
4
-0.8219900000000001 0.9285000000000001
-0.8169810000000001 0.9285000000000001
-0.8110010000000001 1.0275
-0.8160100000000001 1.0275
2.9

IMD4d2_damage
4
-0.4250190000000001 0.9285000000000001
-0.4200100000000001 0.9285000000000001
-0.4259900000000001 1.0275
-0.4309990000000001 1.0275
2.9

IMD4d2_damage
4
0.4200100000000001 0.9285000000000001
0.4250190000000001 0.9285000000000001
0.4309990000000001 1.0275
0.4259900000000001 1.0275
2.9

IMD4d2_damage
4
1.203981 0.9285000000000001
1.20899 0.9285000000000001
1.20301 1.0275
1.1980009999999999 1.0275
2.9

IMD4d2_damage
4
1.4190099999999997 0.9285000000000001
1.4240189999999997 0.9285000000000001
1.4299989999999998 1.0275
1.4249899999999998 1.0275
2.9

IMD4d2_damage
4
1.8159809999999996 0.9285000000000001
1.8209899999999997 0.9285000000000001
1.8150099999999996 1.0275
1.8100009999999995 1.0275
2.9

IMD4d2_damage
4
2.0310099999999993 0.9285000000000001
2.036018999999999 0.9285000000000001
2.0419989999999992 1.0275
2.0369899999999994 1.0275
2.9

IMD4d2
4
-2.165 0.9285000000000001
-1.667019 0.9285000000000001
-1.6729990000000001 1.0275
-2.165 1.0275
2.65

IMD4d2
4
-0.8169810000000001 0.9285000000000001
-0.4250190000000001 0.9285000000000001
-0.4309990000000001 1.0275
-0.8110010000000001 1.0275
2.65

IMD4d2
4
0.4250190000000001 0.9285000000000001
1.203981 0.9285000000000001
1.1980009999999999 1.0275
0.4309990000000001 1.0275
2.65

IMD4d2
4
1.4240189999999997 0.9285000000000001
1.8159809999999996 0.9285000000000001
1.8100009999999995 1.0275
1.4299989999999998 1.0275
2.65

IMD4d2
4
2.036018999999999 0.9285000000000001
2.5339999999999994 0.9285000000000001
2.5339999999999994 1.0275
2.0419989999999992 1.0275
2.65

IMD4d1
4
-2.165 0.9185000000000001
-1.671424 0.9185000000000001
-1.672028 0.9285000000000001
-2.165 0.9285000000000001
2.65

IMD4d1
4
-0.8125760000000002 0.9185000000000001
-0.4294240000000001 0.9185000000000001
-0.4300280000000001 0.9285000000000001
-0.8119720000000001 0.9285000000000001
2.65

IMD4d1
4
0.4294240000000001 0.9185000000000001
1.199576 0.9185000000000001
1.198972 0.9285000000000001
0.4300280000000001 0.9285000000000001
2.65

IMD4d1
4
1.4284239999999997 0.9185000000000001
1.8115759999999996 0.9185000000000001
1.8109719999999996 0.9285000000000001
1.4290279999999997 0.9285000000000001
2.65

IMD4d1
4
2.0404239999999993 0.9185000000000001
2.5339999999999994 0.9185000000000001
2.5339999999999994 0.9285000000000001
2.0410279999999994 0.9285000000000001
2.65

IMD4d1
4
-2.165 0.9005
2.5339999999999994 0.9005
2.5339999999999994 0.9185000000000001
-2.165 0.9185000000000001
2.65

FOXA+FOXB+TOX
4
-2.165 0.001
2.5339999999999994 0.001
2.5339999999999994 0.2665
-2.165 0.2665
4.0

ILD1a
4
-2.165 0.2665
2.5339999999999994 0.2665
2.5339999999999994 0.2765
-2.165 0.2765
7.0

ILD1b1+ILD1b2+ILD1b3
4
-2.165 0.2765
2.5339999999999994 0.2765
2.5339999999999994 0.3955
-2.165 0.3955
4.0

IMD1a
4
-2.165 0.3955
2.5339999999999994 0.3955
2.5339999999999994 0.4065
-2.165 0.4065
5.2

IMD1b
4
-2.165 0.4065
2.5339999999999994 0.4065
2.5339999999999994 0.4665
-2.165 0.4665
2.8

IMD2a
4
-2.165 0.4665
2.5339999999999994 0.4665
2.5339999999999994 0.4875
-2.165 0.4875
5.2

IMD2b
4
-2.165 0.4875
2.5339999999999994 0.4875
2.5339999999999994 0.5025
-2.165 0.5025
4.2

IMD2c
4
-2.165 0.5025
2.5339999999999994 0.5025
2.5339999999999994 0.5265
-2.165 0.5265
3.28

IMD2d1+IMD2d2
4
-2.165 0.5265
2.5339999999999994 0.5265
2.5339999999999994 0.6535
-2.165 0.6535
2.65

IMD3a
4
-2.165 0.6535
2.5339999999999994 0.6535
2.5339999999999994 0.6745
-2.165 0.6745
5.2

IMD3b
4
-2.165 0.6745
2.5339999999999994 0.6745
2.5339999999999994 0.6895
-2.165 0.6895
4.2

IMD3c
4
-2.165 0.6895
2.5339999999999994 0.6895
2.5339999999999994 0.7135
-2.165 0.7135
3.28

IMD3d1+IMD3d2
4
-2.165 0.7135
2.5339999999999994 0.7135
2.5339999999999994 0.8405
-2.165 0.8405
2.65

IMD4a
4
-2.165 0.8405
2.5339999999999994 0.8405
2.5339999999999994 0.8615
-2.165 0.8615
5.2

IMD4b
4
-2.165 0.8615
2.5339999999999994 0.8615
2.5339999999999994 0.8765
-2.165 0.8765
4.2

IMD4c
4
-2.165 0.8765
2.5339999999999994 0.8765
2.5339999999999994 0.9005
-2.165 0.9005
3.28

IMD5a
4
-2.165 1.0275
2.5339999999999994 1.0275
2.5339999999999994 1.0485
-2.165 1.0485
5.2

IMD5b
4
-2.165 1.0485
2.5339999999999994 1.0485
2.5339999999999994 1.0635
-2.165 1.0635
4.2

IMD5c
4
-2.165 1.0635
2.5339999999999994 1.0635
2.5339999999999994 1.0875
-2.165 1.0875
3.28

IMD5d1+IMD5d2
4
-2.165 1.0875
2.5339999999999994 1.0875
2.5339999999999994 1.2145
-2.165 1.2145
2.65

IMD6a
4
-2.165 1.2145
2.5339999999999994 1.2145
2.5339999999999994 1.2355
-2.165 1.2355
5.2

IMD6b
4
-2.165 1.2355
2.5339999999999994 1.2355
2.5339999999999994 1.2505
-2.165 1.2505
4.2

IMD6c
4
-2.165 1.2505
2.5339999999999994 1.2505
2.5339999999999994 1.2745
-2.165 1.2745
3.28

IMD6d1+IMD6d2
4
-2.165 1.2745
2.5339999999999994 1.2745
2.5339999999999994 1.4015
-2.165 1.4015
2.65

IMD7a
4
-2.165 1.4015
2.5339999999999994 1.4015
2.5339999999999994 1.4765
-2.165 1.4765
5.2

IMD7b1+IMD7b2
4
-2.165 1.4765
2.5339999999999994 1.4765
2.5339999999999994 2.9765
-2.165 2.9765
4.2

IMD8a
4
-2.165 2.9765
2.5339999999999994 2.9765
2.5339999999999994 3.0515
-2.165 3.0515
5.2

IMD8b1+IMD8b2
4
-2.165 3.0515
2.5339999999999994 3.0515
2.5339999999999994 4.5515
-2.165 4.5515
4.2

PASS1
4
-2.165 4.5515
2.5339999999999994 4.5515
2.5339999999999994 4.6265
-2.165 4.6265
7.0

PASS2
4
-2.165 4.6265
2.5339999999999994 4.6265
2.5339999999999994 5.0265
-2.165 5.0265
4.2

PASS3
4
-2.165 5.0265
2.5339999999999994 5.0265
2.5339999999999994 5.1015
-2.165 5.1015
7.0

PASS4+PASS5
4
-2.165 5.1015
2.5339999999999994 5.1015
2.5339999999999994 6.0515
-2.165 6.0515
4.2

PASS6
4
-2.165 6.0515
2.5339999999999994 6.0515
2.5339999999999994 6.6515
-2.165 6.6515
7.0

air_Layer
4
-2.165 6.6515
2.5339999999999994 6.6515
2.5339999999999994 6.9485
-2.165 6.9485
1.0


4
-2.165 0.001
2.5339999999999994 0.001
2.5339999999999994 6.9485
-2.165 6.9485

