c1
4
-0.35091999999999995 0.37050000000000005
0.35091999999999995 0.37050000000000005
0.36007999999999996 0.4665
-0.36007999999999996 0.4665

5
botleft
4
-1.8724999999999998 -0.001
0 -0.001
0 0.001
-1.8724999999999998 0.001

botright
4
0 -0.001
1.7915 -0.001
1.7915 0.001
0 0.001

lEnv
4
-1.3679199999999998 0.37050000000000005
-0.6660799999999999 0.37050000000000005
-0.65692 0.4665
-1.3770799999999999 0.4665

c2
4
0.73808 0.37050000000000005
0.85492 0.37050000000000005
0.86408 0.4665
0.72892 0.4665

rEnv
4
1.17008 0.37050000000000005
1.2869199999999998 0.37050000000000005
1.29608 0.4665
1.16092 0.4665


48
IMD1b
4
-1.8724999999999998 0.40650000000000003
-1.3713549999999999 0.40650000000000003
-1.3770799999999999 0.4665
-1.8724999999999998 0.4665
2.8

IMD1b
4
-0.6626449999999999 0.40650000000000003
-0.354355 0.40650000000000003
-0.36007999999999996 0.4665
-0.65692 0.4665
2.8

IMD1b
4
0.354355 0.40650000000000003
0.734645 0.40650000000000003
0.72892 0.4665
0.36007999999999996 0.4665
2.8

IMD1b
4
0.858355 0.40650000000000003
1.166645 0.40650000000000003
1.16092 0.4665
0.86408 0.4665
2.8

IMD1b
4
1.290355 0.40650000000000003
1.7915 0.40650000000000003
1.7915 0.4665
1.29608 0.4665
2.8

IMD1a
4
-1.8724999999999998 0.3955
-1.3703054166666666 0.3955
-1.3713549999999999 0.40650000000000003
-1.8724999999999998 0.40650000000000003
5.2

IMD1a
4
-0.6636945833333333 0.3955
-0.35330541666666665 0.3955
-0.354355 0.40650000000000003
-0.6626449999999999 0.40650000000000003
5.2

IMD1a
4
0.35330541666666665 0.3955
0.7356945833333334 0.3955
0.734645 0.40650000000000003
0.354355 0.40650000000000003
5.2

IMD1a
4
0.8573054166666666 0.3955
1.1676945833333332 0.3955
1.166645 0.40650000000000003
0.858355 0.40650000000000003
5.2

IMD1a
4
1.2893054166666666 0.3955
1.7915 0.3955
1.7915 0.40650000000000003
1.290355 0.40650000000000003
5.2

ILD1b3
4
-1.8724999999999998 0.37050000000000005
-1.3679199999999998 0.37050000000000005
-1.3703054166666666 0.3955
-1.8724999999999998 0.3955
4

ILD1b3
4
-0.6660799999999999 0.37050000000000005
-0.35091999999999995 0.37050000000000005
-0.35330541666666665 0.3955
-0.6636945833333333 0.3955
4

ILD1b3
4
0.35091999999999995 0.37050000000000005
0.73808 0.37050000000000005
0.7356945833333334 0.3955
0.35330541666666665 0.3955
4

ILD1b3
4
0.85492 0.37050000000000005
1.17008 0.37050000000000005
1.1676945833333332 0.3955
0.8573054166666666 0.3955
4

ILD1b3
4
1.2869199999999998 0.37050000000000005
1.7915 0.37050000000000005
1.7915 0.3955
1.2893054166666666 0.3955
4

ILD1b1+ILD1b2
4
-1.8724999999999998 0.2765
1.7915 0.2765
1.7915 0.37050000000000005
-1.8724999999999998 0.37050000000000005
4

FOXA+FOXB+TOX
4
-1.8724999999999998 0.001
1.7915 0.001
1.7915 0.2665
-1.8724999999999998 0.2665
4.0

ILD1a
4
-1.8724999999999998 0.2665
1.7915 0.2665
1.7915 0.2765
-1.8724999999999998 0.2765
7.0

IMD2a
4
-1.8724999999999998 0.4665
1.7915 0.4665
1.7915 0.4875
-1.8724999999999998 0.4875
5.2

IMD2b
4
-1.8724999999999998 0.4875
1.7915 0.4875
1.7915 0.5025
-1.8724999999999998 0.5025
4.2

IMD2c
4
-1.8724999999999998 0.5025
1.7915 0.5025
1.7915 0.5265
-1.8724999999999998 0.5265
3.28

IMD2d1+IMD2d2
4
-1.8724999999999998 0.5265
1.7915 0.5265
1.7915 0.6535
-1.8724999999999998 0.6535
2.65

IMD3a
4
-1.8724999999999998 0.6535
1.7915 0.6535
1.7915 0.6745
-1.8724999999999998 0.6745
5.2

IMD3b
4
-1.8724999999999998 0.6745
1.7915 0.6745
1.7915 0.6895
-1.8724999999999998 0.6895
4.2

IMD3c
4
-1.8724999999999998 0.6895
1.7915 0.6895
1.7915 0.7135
-1.8724999999999998 0.7135
3.28

IMD3d1+IMD3d2
4
-1.8724999999999998 0.7135
1.7915 0.7135
1.7915 0.8405
-1.8724999999999998 0.8405
2.65

IMD4a
4
-1.8724999999999998 0.8405
1.7915 0.8405
1.7915 0.8615
-1.8724999999999998 0.8615
5.2

IMD4b
4
-1.8724999999999998 0.8615
1.7915 0.8615
1.7915 0.8765
-1.8724999999999998 0.8765
4.2

IMD4c
4
-1.8724999999999998 0.8765
1.7915 0.8765
1.7915 0.9005
-1.8724999999999998 0.9005
3.28

IMD4d1+IMD4d2
4
-1.8724999999999998 0.9005
1.7915 0.9005
1.7915 1.0275
-1.8724999999999998 1.0275
2.65

IMD5a
4
-1.8724999999999998 1.0275
1.7915 1.0275
1.7915 1.0485
-1.8724999999999998 1.0485
5.2

IMD5b
4
-1.8724999999999998 1.0485
1.7915 1.0485
1.7915 1.0635
-1.8724999999999998 1.0635
4.2

IMD5c
4
-1.8724999999999998 1.0635
1.7915 1.0635
1.7915 1.0875
-1.8724999999999998 1.0875
3.28

IMD5d1+IMD5d2
4
-1.8724999999999998 1.0875
1.7915 1.0875
1.7915 1.2145
-1.8724999999999998 1.2145
2.65

IMD6a
4
-1.8724999999999998 1.2145
1.7915 1.2145
1.7915 1.2355
-1.8724999999999998 1.2355
5.2

IMD6b
4
-1.8724999999999998 1.2355
1.7915 1.2355
1.7915 1.2505
-1.8724999999999998 1.2505
4.2

IMD6c
4
-1.8724999999999998 1.2505
1.7915 1.2505
1.7915 1.2745
-1.8724999999999998 1.2745
3.28

IMD6d1+IMD6d2
4
-1.8724999999999998 1.2745
1.7915 1.2745
1.7915 1.4015
-1.8724999999999998 1.4015
2.65

IMD7a
4
-1.8724999999999998 1.4015
1.7915 1.4015
1.7915 1.4765
-1.8724999999999998 1.4765
5.2

IMD7b1+IMD7b2
4
-1.8724999999999998 1.4765
1.7915 1.4765
1.7915 2.9765
-1.8724999999999998 2.9765
4.2

IMD8a
4
-1.8724999999999998 2.9765
1.7915 2.9765
1.7915 3.0515
-1.8724999999999998 3.0515
5.2

IMD8b1+IMD8b2
4
-1.8724999999999998 3.0515
1.7915 3.0515
1.7915 4.5515
-1.8724999999999998 4.5515
4.2

PASS1
4
-1.8724999999999998 4.5515
1.7915 4.5515
1.7915 4.6265
-1.8724999999999998 4.6265
7.0

PASS2
4
-1.8724999999999998 4.6265
1.7915 4.6265
1.7915 5.0265
-1.8724999999999998 5.0265
4.2

PASS3
4
-1.8724999999999998 5.0265
1.7915 5.0265
1.7915 5.1015
-1.8724999999999998 5.1015
7.0

PASS4+PASS5
4
-1.8724999999999998 5.1015
1.7915 5.1015
1.7915 6.0515
-1.8724999999999998 6.0515
4.2

PASS6
4
-1.8724999999999998 6.0515
1.7915 6.0515
1.7915 6.6515
-1.8724999999999998 6.6515
7.0

air_Layer
4
-1.8724999999999998 6.6515
1.7915 6.6515
1.7915 6.9485
-1.8724999999999998 6.9485
1.0


4
-1.8724999999999998 0.001
1.7915 0.001
1.7915 6.9485
-1.8724999999999998 6.9485

