c1
4
-0.4875099999999998 0.5545
0.48751 0.5545
0.49349 0.6535
-0.49348999999999976 0.6535

5
botleft
4
-2.3674999999999997 -0.001
0 -0.001
0 0.001
-2.3674999999999997 0.001

botright
4
0 -0.001
3.4565000000000006 -0.001
3.4565000000000006 0.001
0 0.001

lEnv
4
-1.8645099999999997 0.5545
-0.8894899999999998 0.5545
-0.8835099999999998 0.6535
-1.8704899999999998 0.6535

c2
4
0.60149 0.5545
1.5765099999999999 0.5545
1.58249 0.6535
0.59551 0.6535

rEnv
4
1.9784900000000003 0.5545
2.95351 0.5545
2.95949 0.6535
1.9725100000000002 0.6535


57
IMD2d1_damage
4
-1.8739239999999997 0.5445
-0.8800759999999999 0.5445
-0.8794719999999998 0.5545
-1.8745279999999998 0.5545
3.1

IMD2d1_damage
4
-0.49692399999999975 0.5445
0.496924 0.5445
0.49752799999999997 0.5545
-0.49752799999999975 0.5545
3.1

IMD2d1_damage
4
0.592076 0.5445
1.585924 0.5445
1.586528 0.5545
0.591472 0.5545
3.1

IMD2d1_damage
4
1.9690760000000003 0.5445
2.962924 0.5445
2.963528 0.5545
1.9684720000000002 0.5545
3.1

IMD2d2_damage
4
-1.8695189999999997 0.5545
-1.8645099999999997 0.5545
-1.8704899999999998 0.6535
-1.8754989999999998 0.6535
2.9

IMD2d2_damage
4
-0.8894899999999998 0.5545
-0.8844809999999997 0.5545
-0.8785009999999998 0.6535
-0.8835099999999998 0.6535
2.9

IMD2d2_damage
4
-0.49251899999999976 0.5545
-0.4875099999999998 0.5545
-0.49348999999999976 0.6535
-0.49849899999999975 0.6535
2.9

IMD2d2_damage
4
0.48751 0.5545
0.492519 0.5545
0.49849899999999997 0.6535
0.49349 0.6535
2.9

IMD2d2_damage
4
0.5964809999999999 0.5545
0.60149 0.5545
0.59551 0.6535
0.5905009999999999 0.6535
2.9

IMD2d2_damage
4
1.5765099999999999 0.5545
1.581519 0.5545
1.587499 0.6535
1.58249 0.6535
2.9

IMD2d2_damage
4
1.9734810000000003 0.5545
1.9784900000000003 0.5545
1.9725100000000002 0.6535
1.9675010000000002 0.6535
2.9

IMD2d2_damage
4
2.95351 0.5545
2.958519 0.5545
2.964499 0.6535
2.95949 0.6535
2.9

IMD2d2
4
-2.3674999999999997 0.5545
-1.8695189999999997 0.5545
-1.8754989999999998 0.6535
-2.3674999999999997 0.6535
2.65

IMD2d2
4
-0.8844809999999997 0.5545
-0.49251899999999976 0.5545
-0.49849899999999975 0.6535
-0.8785009999999998 0.6535
2.65

IMD2d2
4
0.492519 0.5545
0.5964809999999999 0.5545
0.5905009999999999 0.6535
0.49849899999999997 0.6535
2.65

IMD2d2
4
1.581519 0.5545
1.9734810000000003 0.5545
1.9675010000000002 0.6535
1.587499 0.6535
2.65

IMD2d2
4
2.958519 0.5545
3.4565000000000006 0.5545
3.4565000000000006 0.6535
2.964499 0.6535
2.65

IMD2d1
4
-2.3674999999999997 0.5445
-1.8739239999999997 0.5445
-1.8745279999999998 0.5545
-2.3674999999999997 0.5545
2.65

IMD2d1
4
-0.8800759999999999 0.5445
-0.49692399999999975 0.5445
-0.49752799999999975 0.5545
-0.8794719999999998 0.5545
2.65

IMD2d1
4
0.496924 0.5445
0.592076 0.5445
0.591472 0.5545
0.49752799999999997 0.5545
2.65

IMD2d1
4
1.585924 0.5445
1.9690760000000003 0.5445
1.9684720000000002 0.5545
1.586528 0.5545
2.65

IMD2d1
4
2.962924 0.5445
3.4565000000000006 0.5445
3.4565000000000006 0.5545
2.963528 0.5545
2.65

IMD2d1
4
-2.3674999999999997 0.5265
3.4565000000000006 0.5265
3.4565000000000006 0.5445
-2.3674999999999997 0.5445
2.65

FOXA+FOXB+TOX
4
-2.3674999999999997 0.001
3.4565000000000006 0.001
3.4565000000000006 0.2665
-2.3674999999999997 0.2665
4.0

ILD1a
4
-2.3674999999999997 0.2665
3.4565000000000006 0.2665
3.4565000000000006 0.2765
-2.3674999999999997 0.2765
7.0

ILD1b1+ILD1b2+ILD1b3
4
-2.3674999999999997 0.2765
3.4565000000000006 0.2765
3.4565000000000006 0.3955
-2.3674999999999997 0.3955
4.0

IMD1a
4
-2.3674999999999997 0.3955
3.4565000000000006 0.3955
3.4565000000000006 0.4065
-2.3674999999999997 0.4065
5.2

IMD1b
4
-2.3674999999999997 0.4065
3.4565000000000006 0.4065
3.4565000000000006 0.4665
-2.3674999999999997 0.4665
2.8

IMD2a
4
-2.3674999999999997 0.4665
3.4565000000000006 0.4665
3.4565000000000006 0.4875
-2.3674999999999997 0.4875
5.2

IMD2b
4
-2.3674999999999997 0.4875
3.4565000000000006 0.4875
3.4565000000000006 0.5025
-2.3674999999999997 0.5025
4.2

IMD2c
4
-2.3674999999999997 0.5025
3.4565000000000006 0.5025
3.4565000000000006 0.5265
-2.3674999999999997 0.5265
3.28

IMD3a
4
-2.3674999999999997 0.6535
3.4565000000000006 0.6535
3.4565000000000006 0.6745
-2.3674999999999997 0.6745
5.2

IMD3b
4
-2.3674999999999997 0.6745
3.4565000000000006 0.6745
3.4565000000000006 0.6895
-2.3674999999999997 0.6895
4.2

IMD3c
4
-2.3674999999999997 0.6895
3.4565000000000006 0.6895
3.4565000000000006 0.7135
-2.3674999999999997 0.7135
3.28

IMD3d1+IMD3d2
4
-2.3674999999999997 0.7135
3.4565000000000006 0.7135
3.4565000000000006 0.8405
-2.3674999999999997 0.8405
2.65

IMD4a
4
-2.3674999999999997 0.8405
3.4565000000000006 0.8405
3.4565000000000006 0.8615
-2.3674999999999997 0.8615
5.2

IMD4b
4
-2.3674999999999997 0.8615
3.4565000000000006 0.8615
3.4565000000000006 0.8765
-2.3674999999999997 0.8765
4.2

IMD4c
4
-2.3674999999999997 0.8765
3.4565000000000006 0.8765
3.4565000000000006 0.9005
-2.3674999999999997 0.9005
3.28

IMD4d1+IMD4d2
4
-2.3674999999999997 0.9005
3.4565000000000006 0.9005
3.4565000000000006 1.0275
-2.3674999999999997 1.0275
2.65

IMD5a
4
-2.3674999999999997 1.0275
3.4565000000000006 1.0275
3.4565000000000006 1.0485
-2.3674999999999997 1.0485
5.2

IMD5b
4
-2.3674999999999997 1.0485
3.4565000000000006 1.0485
3.4565000000000006 1.0635
-2.3674999999999997 1.0635
4.2

IMD5c
4
-2.3674999999999997 1.0635
3.4565000000000006 1.0635
3.4565000000000006 1.0875
-2.3674999999999997 1.0875
3.28

IMD5d1+IMD5d2
4
-2.3674999999999997 1.0875
3.4565000000000006 1.0875
3.4565000000000006 1.2145
-2.3674999999999997 1.2145
2.65

IMD6a
4
-2.3674999999999997 1.2145
3.4565000000000006 1.2145
3.4565000000000006 1.2355
-2.3674999999999997 1.2355
5.2

IMD6b
4
-2.3674999999999997 1.2355
3.4565000000000006 1.2355
3.4565000000000006 1.2505
-2.3674999999999997 1.2505
4.2

IMD6c
4
-2.3674999999999997 1.2505
3.4565000000000006 1.2505
3.4565000000000006 1.2745
-2.3674999999999997 1.2745
3.28

IMD6d1+IMD6d2
4
-2.3674999999999997 1.2745
3.4565000000000006 1.2745
3.4565000000000006 1.4015
-2.3674999999999997 1.4015
2.65

IMD7a
4
-2.3674999999999997 1.4015
3.4565000000000006 1.4015
3.4565000000000006 1.4765
-2.3674999999999997 1.4765
5.2

IMD7b1+IMD7b2
4
-2.3674999999999997 1.4765
3.4565000000000006 1.4765
3.4565000000000006 2.9765
-2.3674999999999997 2.9765
4.2

IMD8a
4
-2.3674999999999997 2.9765
3.4565000000000006 2.9765
3.4565000000000006 3.0515
-2.3674999999999997 3.0515
5.2

IMD8b1+IMD8b2
4
-2.3674999999999997 3.0515
3.4565000000000006 3.0515
3.4565000000000006 4.5515
-2.3674999999999997 4.5515
4.2

PASS1
4
-2.3674999999999997 4.5515
3.4565000000000006 4.5515
3.4565000000000006 4.6265
-2.3674999999999997 4.6265
7.0

PASS2
4
-2.3674999999999997 4.6265
3.4565000000000006 4.6265
3.4565000000000006 5.0265
-2.3674999999999997 5.0265
4.2

PASS3
4
-2.3674999999999997 5.0265
3.4565000000000006 5.0265
3.4565000000000006 5.1015
-2.3674999999999997 5.1015
7.0

PASS4+PASS5
4
-2.3674999999999997 5.1015
3.4565000000000006 5.1015
3.4565000000000006 6.0515
-2.3674999999999997 6.0515
4.2

PASS6
4
-2.3674999999999997 6.0515
3.4565000000000006 6.0515
3.4565000000000006 6.6515
-2.3674999999999997 6.6515
7.0

air_Layer
4
-2.3674999999999997 6.6515
3.4565000000000006 6.6515
3.4565000000000006 6.9485
-2.3674999999999997 6.9485
1.0


4
-2.3674999999999997 0.001
3.4565000000000006 0.001
3.4565000000000006 6.9485
-2.3674999999999997 6.9485

