c1
4
-0.01501000000000001 0.9285000000000001
0.01501000000000001 0.9285000000000001
0.02099000000000001 1.0275
-0.02099000000000001 1.0275

5
botleft
4
-0.77 -0.001
0 -0.001
0 0.001
-0.77 0.001

botright
4
0 -0.001
2.129 -0.001
2.129 0.001
0 0.001

lEnv
4
-0.26701 0.9285000000000001
-0.23699000000000003 0.9285000000000001
-0.23101000000000002 1.0275
-0.27299 1.0275

c2
4
0.26399 0.9285000000000001
0.8340099999999998 0.9285000000000001
0.8399899999999998 1.0275
0.25801 1.0275

rEnv
4
1.05599 0.9285000000000001
1.6260099999999997 0.9285000000000001
1.6319899999999998 1.0275
1.0500099999999999 1.0275


57
IMD4d1_damage
4
-0.276424 0.9185000000000001
-0.227576 0.9185000000000001
-0.226972 0.9285000000000001
-0.277028 0.9285000000000001
3.1

IMD4d1_damage
4
-0.024424000000000008 0.9185000000000001
0.024424000000000008 0.9185000000000001
0.02502800000000001 0.9285000000000001
-0.02502800000000001 0.9285000000000001
3.1

IMD4d1_damage
4
0.254576 0.9185000000000001
0.8434239999999997 0.9185000000000001
0.8440279999999998 0.9285000000000001
0.25397200000000003 0.9285000000000001
3.1

IMD4d1_damage
4
1.046576 0.9185000000000001
1.6354239999999998 0.9185000000000001
1.6360279999999998 0.9285000000000001
1.045972 0.9285000000000001
3.1

IMD4d2_damage
4
-0.272019 0.9285000000000001
-0.26701 0.9285000000000001
-0.27299 1.0275
-0.277999 1.0275
2.9

IMD4d2_damage
4
-0.23699000000000003 0.9285000000000001
-0.23198100000000002 0.9285000000000001
-0.226001 1.0275
-0.23101000000000002 1.0275
2.9

IMD4d2_damage
4
-0.02001900000000001 0.9285000000000001
-0.01501000000000001 0.9285000000000001
-0.02099000000000001 1.0275
-0.025999000000000008 1.0275
2.9

IMD4d2_damage
4
0.01501000000000001 0.9285000000000001
0.02001900000000001 0.9285000000000001
0.025999000000000008 1.0275
0.02099000000000001 1.0275
2.9

IMD4d2_damage
4
0.258981 0.9285000000000001
0.26399 0.9285000000000001
0.25801 1.0275
0.25300100000000003 1.0275
2.9

IMD4d2_damage
4
0.8340099999999998 0.9285000000000001
0.8390189999999998 0.9285000000000001
0.8449989999999998 1.0275
0.8399899999999998 1.0275
2.9

IMD4d2_damage
4
1.050981 0.9285000000000001
1.05599 0.9285000000000001
1.0500099999999999 1.0275
1.0450009999999998 1.0275
2.9

IMD4d2_damage
4
1.6260099999999997 0.9285000000000001
1.6310189999999998 0.9285000000000001
1.6369989999999999 1.0275
1.6319899999999998 1.0275
2.9

IMD4d2
4
-0.77 0.9285000000000001
-0.272019 0.9285000000000001
-0.277999 1.0275
-0.77 1.0275
2.65

IMD4d2
4
-0.23198100000000002 0.9285000000000001
-0.02001900000000001 0.9285000000000001
-0.025999000000000008 1.0275
-0.226001 1.0275
2.65

IMD4d2
4
0.02001900000000001 0.9285000000000001
0.258981 0.9285000000000001
0.25300100000000003 1.0275
0.025999000000000008 1.0275
2.65

IMD4d2
4
0.8390189999999998 0.9285000000000001
1.050981 0.9285000000000001
1.0450009999999998 1.0275
0.8449989999999998 1.0275
2.65

IMD4d2
4
1.6310189999999998 0.9285000000000001
2.129 0.9285000000000001
2.129 1.0275
1.6369989999999999 1.0275
2.65

IMD4d1
4
-0.77 0.9185000000000001
-0.276424 0.9185000000000001
-0.277028 0.9285000000000001
-0.77 0.9285000000000001
2.65

IMD4d1
4
-0.227576 0.9185000000000001
-0.024424000000000008 0.9185000000000001
-0.02502800000000001 0.9285000000000001
-0.226972 0.9285000000000001
2.65

IMD4d1
4
0.024424000000000008 0.9185000000000001
0.254576 0.9185000000000001
0.25397200000000003 0.9285000000000001
0.02502800000000001 0.9285000000000001
2.65

IMD4d1
4
0.8434239999999997 0.9185000000000001
1.046576 0.9185000000000001
1.045972 0.9285000000000001
0.8440279999999998 0.9285000000000001
2.65

IMD4d1
4
1.6354239999999998 0.9185000000000001
2.129 0.9185000000000001
2.129 0.9285000000000001
1.6360279999999998 0.9285000000000001
2.65

IMD4d1
4
-0.77 0.9005
2.129 0.9005
2.129 0.9185000000000001
-0.77 0.9185000000000001
2.65

FOXA+FOXB+TOX
4
-0.77 0.001
2.129 0.001
2.129 0.2665
-0.77 0.2665
4.0

ILD1a
4
-0.77 0.2665
2.129 0.2665
2.129 0.2765
-0.77 0.2765
7.0

ILD1b1+ILD1b2+ILD1b3
4
-0.77 0.2765
2.129 0.2765
2.129 0.3955
-0.77 0.3955
4.0

IMD1a
4
-0.77 0.3955
2.129 0.3955
2.129 0.4065
-0.77 0.4065
5.2

IMD1b
4
-0.77 0.4065
2.129 0.4065
2.129 0.4665
-0.77 0.4665
2.8

IMD2a
4
-0.77 0.4665
2.129 0.4665
2.129 0.4875
-0.77 0.4875
5.2

IMD2b
4
-0.77 0.4875
2.129 0.4875
2.129 0.5025
-0.77 0.5025
4.2

IMD2c
4
-0.77 0.5025
2.129 0.5025
2.129 0.5265
-0.77 0.5265
3.28

IMD2d1+IMD2d2
4
-0.77 0.5265
2.129 0.5265
2.129 0.6535
-0.77 0.6535
2.65

IMD3a
4
-0.77 0.6535
2.129 0.6535
2.129 0.6745
-0.77 0.6745
5.2

IMD3b
4
-0.77 0.6745
2.129 0.6745
2.129 0.6895
-0.77 0.6895
4.2

IMD3c
4
-0.77 0.6895
2.129 0.6895
2.129 0.7135
-0.77 0.7135
3.28

IMD3d1+IMD3d2
4
-0.77 0.7135
2.129 0.7135
2.129 0.8405
-0.77 0.8405
2.65

IMD4a
4
-0.77 0.8405
2.129 0.8405
2.129 0.8615
-0.77 0.8615
5.2

IMD4b
4
-0.77 0.8615
2.129 0.8615
2.129 0.8765
-0.77 0.8765
4.2

IMD4c
4
-0.77 0.8765
2.129 0.8765
2.129 0.9005
-0.77 0.9005
3.28

IMD5a
4
-0.77 1.0275
2.129 1.0275
2.129 1.0485
-0.77 1.0485
5.2

IMD5b
4
-0.77 1.0485
2.129 1.0485
2.129 1.0635
-0.77 1.0635
4.2

IMD5c
4
-0.77 1.0635
2.129 1.0635
2.129 1.0875
-0.77 1.0875
3.28

IMD5d1+IMD5d2
4
-0.77 1.0875
2.129 1.0875
2.129 1.2145
-0.77 1.2145
2.65

IMD6a
4
-0.77 1.2145
2.129 1.2145
2.129 1.2355
-0.77 1.2355
5.2

IMD6b
4
-0.77 1.2355
2.129 1.2355
2.129 1.2505
-0.77 1.2505
4.2

IMD6c
4
-0.77 1.2505
2.129 1.2505
2.129 1.2745
-0.77 1.2745
3.28

IMD6d1+IMD6d2
4
-0.77 1.2745
2.129 1.2745
2.129 1.4015
-0.77 1.4015
2.65

IMD7a
4
-0.77 1.4015
2.129 1.4015
2.129 1.4765
-0.77 1.4765
5.2

IMD7b1+IMD7b2
4
-0.77 1.4765
2.129 1.4765
2.129 2.9765
-0.77 2.9765
4.2

IMD8a
4
-0.77 2.9765
2.129 2.9765
2.129 3.0515
-0.77 3.0515
5.2

IMD8b1+IMD8b2
4
-0.77 3.0515
2.129 3.0515
2.129 4.5515
-0.77 4.5515
4.2

PASS1
4
-0.77 4.5515
2.129 4.5515
2.129 4.6265
-0.77 4.6265
7.0

PASS2
4
-0.77 4.6265
2.129 4.6265
2.129 5.0265
-0.77 5.0265
4.2

PASS3
4
-0.77 5.0265
2.129 5.0265
2.129 5.1015
-0.77 5.1015
7.0

PASS4+PASS5
4
-0.77 5.1015
2.129 5.1015
2.129 6.0515
-0.77 6.0515
4.2

PASS6
4
-0.77 6.0515
2.129 6.0515
2.129 6.6515
-0.77 6.6515
7.0

air_Layer
4
-0.77 6.6515
2.129 6.6515
2.129 6.9485
-0.77 6.9485
1.0


4
-0.77 0.001
2.129 0.001
2.129 6.9485
-0.77 6.9485

