c1
4
-0.060009999999999994 0.7415
0.060009999999999994 0.7415
0.06599 0.8405
-0.06599 0.8405

5
botleft
4
-1.085 -0.001
0 -0.001
0 0.001
-1.085 0.001

botright
4
0 -0.001
3.164 -0.001
3.164 0.001
0 0.001

lEnv
4
-0.58201 0.7415
-0.46199 0.7415
-0.45601 0.8405
-0.58799 0.8405

c2
4
0.84899 0.7415
1.55401 0.7415
1.55999 0.8405
0.84301 0.8405

rEnv
4
1.9559900000000003 0.7415
2.66101 0.7415
2.66699 0.8405
1.9500100000000002 0.8405


57
IMD3d1_damage
4
-0.591424 0.7315
-0.45257600000000003 0.7315
-0.45197200000000004 0.7415
-0.592028 0.7415
3.1

IMD3d1_damage
4
-0.069424 0.7315
0.069424 0.7315
0.07002799999999999 0.7415
-0.07002799999999999 0.7415
3.1

IMD3d1_damage
4
0.8395760000000001 0.7315
1.563424 0.7315
1.564028 0.7415
0.838972 0.7415
3.1

IMD3d1_damage
4
1.9465760000000003 0.7315
2.670424 0.7315
2.671028 0.7415
1.9459720000000003 0.7415
3.1

IMD3d2_damage
4
-0.5870190000000001 0.7415
-0.58201 0.7415
-0.58799 0.8405
-0.592999 0.8405
2.9

IMD3d2_damage
4
-0.46199 0.7415
-0.456981 0.7415
-0.45100100000000004 0.8405
-0.45601 0.8405
2.9

IMD3d2_damage
4
-0.065019 0.7415
-0.060009999999999994 0.7415
-0.06599 0.8405
-0.07099899999999999 0.8405
2.9

IMD3d2_damage
4
0.060009999999999994 0.7415
0.065019 0.7415
0.07099899999999999 0.8405
0.06599 0.8405
2.9

IMD3d2_damage
4
0.843981 0.7415
0.84899 0.7415
0.84301 0.8405
0.838001 0.8405
2.9

IMD3d2_damage
4
1.55401 0.7415
1.559019 0.7415
1.564999 0.8405
1.55999 0.8405
2.9

IMD3d2_damage
4
1.9509810000000003 0.7415
1.9559900000000003 0.7415
1.9500100000000002 0.8405
1.9450010000000002 0.8405
2.9

IMD3d2_damage
4
2.66101 0.7415
2.666019 0.7415
2.671999 0.8405
2.66699 0.8405
2.9

IMD3d2
4
-1.085 0.7415
-0.5870190000000001 0.7415
-0.592999 0.8405
-1.085 0.8405
2.65

IMD3d2
4
-0.456981 0.7415
-0.065019 0.7415
-0.07099899999999999 0.8405
-0.45100100000000004 0.8405
2.65

IMD3d2
4
0.065019 0.7415
0.843981 0.7415
0.838001 0.8405
0.07099899999999999 0.8405
2.65

IMD3d2
4
1.559019 0.7415
1.9509810000000003 0.7415
1.9450010000000002 0.8405
1.564999 0.8405
2.65

IMD3d2
4
2.666019 0.7415
3.164 0.7415
3.164 0.8405
2.671999 0.8405
2.65

IMD3d1
4
-1.085 0.7315
-0.591424 0.7315
-0.592028 0.7415
-1.085 0.7415
2.65

IMD3d1
4
-0.45257600000000003 0.7315
-0.069424 0.7315
-0.07002799999999999 0.7415
-0.45197200000000004 0.7415
2.65

IMD3d1
4
0.069424 0.7315
0.8395760000000001 0.7315
0.838972 0.7415
0.07002799999999999 0.7415
2.65

IMD3d1
4
1.563424 0.7315
1.9465760000000003 0.7315
1.9459720000000003 0.7415
1.564028 0.7415
2.65

IMD3d1
4
2.670424 0.7315
3.164 0.7315
3.164 0.7415
2.671028 0.7415
2.65

IMD3d1
4
-1.085 0.7135
3.164 0.7135
3.164 0.7315
-1.085 0.7315
2.65

FOXA+FOXB+TOX
4
-1.085 0.001
3.164 0.001
3.164 0.2665
-1.085 0.2665
4.0

ILD1a
4
-1.085 0.2665
3.164 0.2665
3.164 0.2765
-1.085 0.2765
7.0

ILD1b1+ILD1b2+ILD1b3
4
-1.085 0.2765
3.164 0.2765
3.164 0.3955
-1.085 0.3955
4.0

IMD1a
4
-1.085 0.3955
3.164 0.3955
3.164 0.4065
-1.085 0.4065
5.2

IMD1b
4
-1.085 0.4065
3.164 0.4065
3.164 0.4665
-1.085 0.4665
2.8

IMD2a
4
-1.085 0.4665
3.164 0.4665
3.164 0.4875
-1.085 0.4875
5.2

IMD2b
4
-1.085 0.4875
3.164 0.4875
3.164 0.5025
-1.085 0.5025
4.2

IMD2c
4
-1.085 0.5025
3.164 0.5025
3.164 0.5265
-1.085 0.5265
3.28

IMD2d1+IMD2d2
4
-1.085 0.5265
3.164 0.5265
3.164 0.6535
-1.085 0.6535
2.65

IMD3a
4
-1.085 0.6535
3.164 0.6535
3.164 0.6745
-1.085 0.6745
5.2

IMD3b
4
-1.085 0.6745
3.164 0.6745
3.164 0.6895
-1.085 0.6895
4.2

IMD3c
4
-1.085 0.6895
3.164 0.6895
3.164 0.7135
-1.085 0.7135
3.28

IMD4a
4
-1.085 0.8405
3.164 0.8405
3.164 0.8615
-1.085 0.8615
5.2

IMD4b
4
-1.085 0.8615
3.164 0.8615
3.164 0.8765
-1.085 0.8765
4.2

IMD4c
4
-1.085 0.8765
3.164 0.8765
3.164 0.9005
-1.085 0.9005
3.28

IMD4d1+IMD4d2
4
-1.085 0.9005
3.164 0.9005
3.164 1.0275
-1.085 1.0275
2.65

IMD5a
4
-1.085 1.0275
3.164 1.0275
3.164 1.0485
-1.085 1.0485
5.2

IMD5b
4
-1.085 1.0485
3.164 1.0485
3.164 1.0635
-1.085 1.0635
4.2

IMD5c
4
-1.085 1.0635
3.164 1.0635
3.164 1.0875
-1.085 1.0875
3.28

IMD5d1+IMD5d2
4
-1.085 1.0875
3.164 1.0875
3.164 1.2145
-1.085 1.2145
2.65

IMD6a
4
-1.085 1.2145
3.164 1.2145
3.164 1.2355
-1.085 1.2355
5.2

IMD6b
4
-1.085 1.2355
3.164 1.2355
3.164 1.2505
-1.085 1.2505
4.2

IMD6c
4
-1.085 1.2505
3.164 1.2505
3.164 1.2745
-1.085 1.2745
3.28

IMD6d1+IMD6d2
4
-1.085 1.2745
3.164 1.2745
3.164 1.4015
-1.085 1.4015
2.65

IMD7a
4
-1.085 1.4015
3.164 1.4015
3.164 1.4765
-1.085 1.4765
5.2

IMD7b1+IMD7b2
4
-1.085 1.4765
3.164 1.4765
3.164 2.9765
-1.085 2.9765
4.2

IMD8a
4
-1.085 2.9765
3.164 2.9765
3.164 3.0515
-1.085 3.0515
5.2

IMD8b1+IMD8b2
4
-1.085 3.0515
3.164 3.0515
3.164 4.5515
-1.085 4.5515
4.2

PASS1
4
-1.085 4.5515
3.164 4.5515
3.164 4.6265
-1.085 4.6265
7.0

PASS2
4
-1.085 4.6265
3.164 4.6265
3.164 5.0265
-1.085 5.0265
4.2

PASS3
4
-1.085 5.0265
3.164 5.0265
3.164 5.1015
-1.085 5.1015
7.0

PASS4+PASS5
4
-1.085 5.1015
3.164 5.1015
3.164 6.0515
-1.085 6.0515
4.2

PASS6
4
-1.085 6.0515
3.164 6.0515
3.164 6.6515
-1.085 6.6515
7.0

air_Layer
4
-1.085 6.6515
3.164 6.6515
3.164 6.9485
-1.085 6.9485
1.0


4
-1.085 0.001
3.164 0.001
3.164 6.9485
-1.085 6.9485

