c1
4
-0.2850100000000001 1.3025
0.2850099999999999 1.3025
0.29098999999999986 1.4015
-0.2909900000000001 1.4015

5
botleft
4
-1.67 -0.001
0 -0.001
0 0.001
-1.67 0.001

botright
4
0 -0.001
3.5240000000000005 -0.001
3.5240000000000005 0.001
0 0.001

lEnv
4
-1.1670099999999999 1.3025
-0.59699 1.3025
-0.59101 1.4015
-1.17299 1.4015

c2
4
0.7589899999999997 1.3025
1.7340099999999996 1.3025
1.7399899999999997 1.4015
0.7530099999999997 1.4015

rEnv
4
2.0459899999999998 1.3025
3.02101 1.3025
3.02699 1.4015
2.0400099999999997 1.4015


57
IMD6d1_damage
4
-1.176424 1.2925
-0.5875760000000001 1.2925
-0.586972 1.3025
-1.177028 1.3025
3.1

IMD6d1_damage
4
-0.2944240000000001 1.2925
0.29442399999999985 1.2925
0.29502799999999985 1.3025
-0.29502800000000007 1.3025
3.1

IMD6d1_damage
4
0.7495759999999998 1.2925
1.7434239999999996 1.2925
1.7440279999999997 1.3025
0.7489719999999997 1.3025
3.1

IMD6d1_damage
4
2.0365759999999997 1.2925
3.030424 1.2925
3.031028 1.3025
2.0359719999999997 1.3025
3.1

IMD6d2_damage
4
-1.172019 1.3025
-1.1670099999999999 1.3025
-1.17299 1.4015
-1.177999 1.4015
2.9

IMD6d2_damage
4
-0.59699 1.3025
-0.591981 1.3025
-0.586001 1.4015
-0.59101 1.4015
2.9

IMD6d2_damage
4
-0.2900190000000001 1.3025
-0.2850100000000001 1.3025
-0.2909900000000001 1.4015
-0.29599900000000007 1.4015
2.9

IMD6d2_damage
4
0.2850099999999999 1.3025
0.29001899999999986 1.3025
0.29599899999999985 1.4015
0.29098999999999986 1.4015
2.9

IMD6d2_damage
4
0.7539809999999997 1.3025
0.7589899999999997 1.3025
0.7530099999999997 1.4015
0.7480009999999997 1.4015
2.9

IMD6d2_damage
4
1.7340099999999996 1.3025
1.7390189999999996 1.3025
1.7449989999999997 1.4015
1.7399899999999997 1.4015
2.9

IMD6d2_damage
4
2.040981 1.3025
2.0459899999999998 1.3025
2.0400099999999997 1.4015
2.035001 1.4015
2.9

IMD6d2_damage
4
3.02101 1.3025
3.026019 1.3025
3.031999 1.4015
3.02699 1.4015
2.9

IMD6d2
4
-1.67 1.3025
-1.172019 1.3025
-1.177999 1.4015
-1.67 1.4015
2.65

IMD6d2
4
-0.591981 1.3025
-0.2900190000000001 1.3025
-0.29599900000000007 1.4015
-0.586001 1.4015
2.65

IMD6d2
4
0.29001899999999986 1.3025
0.7539809999999997 1.3025
0.7480009999999997 1.4015
0.29599899999999985 1.4015
2.65

IMD6d2
4
1.7390189999999996 1.3025
2.040981 1.3025
2.035001 1.4015
1.7449989999999997 1.4015
2.65

IMD6d2
4
3.026019 1.3025
3.5240000000000005 1.3025
3.5240000000000005 1.4015
3.031999 1.4015
2.65

IMD6d1
4
-1.67 1.2925
-1.176424 1.2925
-1.177028 1.3025
-1.67 1.3025
2.65

IMD6d1
4
-0.5875760000000001 1.2925
-0.2944240000000001 1.2925
-0.29502800000000007 1.3025
-0.586972 1.3025
2.65

IMD6d1
4
0.29442399999999985 1.2925
0.7495759999999998 1.2925
0.7489719999999997 1.3025
0.29502799999999985 1.3025
2.65

IMD6d1
4
1.7434239999999996 1.2925
2.0365759999999997 1.2925
2.0359719999999997 1.3025
1.7440279999999997 1.3025
2.65

IMD6d1
4
3.030424 1.2925
3.5240000000000005 1.2925
3.5240000000000005 1.3025
3.031028 1.3025
2.65

IMD6d1
4
-1.67 1.2745
3.5240000000000005 1.2745
3.5240000000000005 1.2925
-1.67 1.2925
2.65

FOXA+FOXB+TOX
4
-1.67 0.001
3.5240000000000005 0.001
3.5240000000000005 0.2665
-1.67 0.2665
4.0

ILD1a
4
-1.67 0.2665
3.5240000000000005 0.2665
3.5240000000000005 0.2765
-1.67 0.2765
7.0

ILD1b1+ILD1b2+ILD1b3
4
-1.67 0.2765
3.5240000000000005 0.2765
3.5240000000000005 0.3955
-1.67 0.3955
4.0

IMD1a
4
-1.67 0.3955
3.5240000000000005 0.3955
3.5240000000000005 0.4065
-1.67 0.4065
5.2

IMD1b
4
-1.67 0.4065
3.5240000000000005 0.4065
3.5240000000000005 0.4665
-1.67 0.4665
2.8

IMD2a
4
-1.67 0.4665
3.5240000000000005 0.4665
3.5240000000000005 0.4875
-1.67 0.4875
5.2

IMD2b
4
-1.67 0.4875
3.5240000000000005 0.4875
3.5240000000000005 0.5025
-1.67 0.5025
4.2

IMD2c
4
-1.67 0.5025
3.5240000000000005 0.5025
3.5240000000000005 0.5265
-1.67 0.5265
3.28

IMD2d1+IMD2d2
4
-1.67 0.5265
3.5240000000000005 0.5265
3.5240000000000005 0.6535
-1.67 0.6535
2.65

IMD3a
4
-1.67 0.6535
3.5240000000000005 0.6535
3.5240000000000005 0.6745
-1.67 0.6745
5.2

IMD3b
4
-1.67 0.6745
3.5240000000000005 0.6745
3.5240000000000005 0.6895
-1.67 0.6895
4.2

IMD3c
4
-1.67 0.6895
3.5240000000000005 0.6895
3.5240000000000005 0.7135
-1.67 0.7135
3.28

IMD3d1+IMD3d2
4
-1.67 0.7135
3.5240000000000005 0.7135
3.5240000000000005 0.8405
-1.67 0.8405
2.65

IMD4a
4
-1.67 0.8405
3.5240000000000005 0.8405
3.5240000000000005 0.8615
-1.67 0.8615
5.2

IMD4b
4
-1.67 0.8615
3.5240000000000005 0.8615
3.5240000000000005 0.8765
-1.67 0.8765
4.2

IMD4c
4
-1.67 0.8765
3.5240000000000005 0.8765
3.5240000000000005 0.9005
-1.67 0.9005
3.28

IMD4d1+IMD4d2
4
-1.67 0.9005
3.5240000000000005 0.9005
3.5240000000000005 1.0275
-1.67 1.0275
2.65

IMD5a
4
-1.67 1.0275
3.5240000000000005 1.0275
3.5240000000000005 1.0485
-1.67 1.0485
5.2

IMD5b
4
-1.67 1.0485
3.5240000000000005 1.0485
3.5240000000000005 1.0635
-1.67 1.0635
4.2

IMD5c
4
-1.67 1.0635
3.5240000000000005 1.0635
3.5240000000000005 1.0875
-1.67 1.0875
3.28

IMD5d1+IMD5d2
4
-1.67 1.0875
3.5240000000000005 1.0875
3.5240000000000005 1.2145
-1.67 1.2145
2.65

IMD6a
4
-1.67 1.2145
3.5240000000000005 1.2145
3.5240000000000005 1.2355
-1.67 1.2355
5.2

IMD6b
4
-1.67 1.2355
3.5240000000000005 1.2355
3.5240000000000005 1.2505
-1.67 1.2505
4.2

IMD6c
4
-1.67 1.2505
3.5240000000000005 1.2505
3.5240000000000005 1.2745
-1.67 1.2745
3.28

IMD7a
4
-1.67 1.4015
3.5240000000000005 1.4015
3.5240000000000005 1.4765
-1.67 1.4765
5.2

IMD7b1+IMD7b2
4
-1.67 1.4765
3.5240000000000005 1.4765
3.5240000000000005 2.9765
-1.67 2.9765
4.2

IMD8a
4
-1.67 2.9765
3.5240000000000005 2.9765
3.5240000000000005 3.0515
-1.67 3.0515
5.2

IMD8b1+IMD8b2
4
-1.67 3.0515
3.5240000000000005 3.0515
3.5240000000000005 4.5515
-1.67 4.5515
4.2

PASS1
4
-1.67 4.5515
3.5240000000000005 4.5515
3.5240000000000005 4.6265
-1.67 4.6265
7.0

PASS2
4
-1.67 4.6265
3.5240000000000005 4.6265
3.5240000000000005 5.0265
-1.67 5.0265
4.2

PASS3
4
-1.67 5.0265
3.5240000000000005 5.0265
3.5240000000000005 5.1015
-1.67 5.1015
7.0

PASS4+PASS5
4
-1.67 5.1015
3.5240000000000005 5.1015
3.5240000000000005 6.0515
-1.67 6.0515
4.2

PASS6
4
-1.67 6.0515
3.5240000000000005 6.0515
3.5240000000000005 6.6515
-1.67 6.6515
7.0

air_Layer
4
-1.67 6.6515
3.5240000000000005 6.6515
3.5240000000000005 6.9485
-1.67 6.9485
1.0


4
-1.67 0.001
3.5240000000000005 0.001
3.5240000000000005 6.9485
-1.67 6.9485

