c1
4
-0.01341999999999999 0.37050000000000005
0.01341999999999999 0.37050000000000005
0.02257999999999999 0.4665
-0.02257999999999999 0.4665

5
botleft
4
-0.86 -0.001
0 -0.001
0 0.001
-0.86 0.001

botright
4
0 -0.001
3.3440000000000003 -0.001
3.3440000000000003 0.001
0 0.001

lEnv
4
-0.35541999999999996 0.37050000000000005
-0.32858 0.37050000000000005
-0.31942 0.4665
-0.36457999999999996 0.4665

c2
4
0.85058 0.37050000000000005
1.6874200000000001 0.37050000000000005
1.6965800000000002 0.4665
0.8414200000000001 0.4665

rEnv
4
2.00258 0.37050000000000005
2.83942 0.37050000000000005
2.84858 0.4665
1.9934200000000002 0.4665


48
IMD1b
4
-0.86 0.40650000000000003
-0.358855 0.40650000000000003
-0.36457999999999996 0.4665
-0.86 0.4665
2.8

IMD1b
4
-0.32514499999999996 0.40650000000000003
-0.016854999999999988 0.40650000000000003
-0.02257999999999999 0.4665
-0.31942 0.4665
2.8

IMD1b
4
0.016854999999999988 0.40650000000000003
0.847145 0.40650000000000003
0.8414200000000001 0.4665
0.02257999999999999 0.4665
2.8

IMD1b
4
1.6908550000000002 0.40650000000000003
1.9991450000000002 0.40650000000000003
1.9934200000000002 0.4665
1.6965800000000002 0.4665
2.8

IMD1b
4
2.842855 0.40650000000000003
3.3440000000000003 0.40650000000000003
3.3440000000000003 0.4665
2.84858 0.4665
2.8

IMD1a
4
-0.86 0.3955
-0.35780541666666665 0.3955
-0.358855 0.40650000000000003
-0.86 0.40650000000000003
5.2

IMD1a
4
-0.3261945833333333 0.3955
-0.015805416666666655 0.3955
-0.016854999999999988 0.40650000000000003
-0.32514499999999996 0.40650000000000003
5.2

IMD1a
4
0.015805416666666655 0.3955
0.8481945833333334 0.3955
0.847145 0.40650000000000003
0.016854999999999988 0.40650000000000003
5.2

IMD1a
4
1.689805416666667 0.3955
2.0001945833333337 0.3955
1.9991450000000002 0.40650000000000003
1.6908550000000002 0.40650000000000003
5.2

IMD1a
4
2.841805416666667 0.3955
3.3440000000000003 0.3955
3.3440000000000003 0.40650000000000003
2.842855 0.40650000000000003
5.2

ILD1b3
4
-0.86 0.37050000000000005
-0.35541999999999996 0.37050000000000005
-0.35780541666666665 0.3955
-0.86 0.3955
4

ILD1b3
4
-0.32858 0.37050000000000005
-0.01341999999999999 0.37050000000000005
-0.015805416666666655 0.3955
-0.3261945833333333 0.3955
4

ILD1b3
4
0.01341999999999999 0.37050000000000005
0.85058 0.37050000000000005
0.8481945833333334 0.3955
0.015805416666666655 0.3955
4

ILD1b3
4
1.6874200000000001 0.37050000000000005
2.00258 0.37050000000000005
2.0001945833333337 0.3955
1.689805416666667 0.3955
4

ILD1b3
4
2.83942 0.37050000000000005
3.3440000000000003 0.37050000000000005
3.3440000000000003 0.3955
2.841805416666667 0.3955
4

ILD1b1+ILD1b2
4
-0.86 0.2765
3.3440000000000003 0.2765
3.3440000000000003 0.37050000000000005
-0.86 0.37050000000000005
4

FOXA+FOXB+TOX
4
-0.86 0.001
3.3440000000000003 0.001
3.3440000000000003 0.2665
-0.86 0.2665
4.0

ILD1a
4
-0.86 0.2665
3.3440000000000003 0.2665
3.3440000000000003 0.2765
-0.86 0.2765
7.0

IMD2a
4
-0.86 0.4665
3.3440000000000003 0.4665
3.3440000000000003 0.4875
-0.86 0.4875
5.2

IMD2b
4
-0.86 0.4875
3.3440000000000003 0.4875
3.3440000000000003 0.5025
-0.86 0.5025
4.2

IMD2c
4
-0.86 0.5025
3.3440000000000003 0.5025
3.3440000000000003 0.5265
-0.86 0.5265
3.28

IMD2d1+IMD2d2
4
-0.86 0.5265
3.3440000000000003 0.5265
3.3440000000000003 0.6535
-0.86 0.6535
2.65

IMD3a
4
-0.86 0.6535
3.3440000000000003 0.6535
3.3440000000000003 0.6745
-0.86 0.6745
5.2

IMD3b
4
-0.86 0.6745
3.3440000000000003 0.6745
3.3440000000000003 0.6895
-0.86 0.6895
4.2

IMD3c
4
-0.86 0.6895
3.3440000000000003 0.6895
3.3440000000000003 0.7135
-0.86 0.7135
3.28

IMD3d1+IMD3d2
4
-0.86 0.7135
3.3440000000000003 0.7135
3.3440000000000003 0.8405
-0.86 0.8405
2.65

IMD4a
4
-0.86 0.8405
3.3440000000000003 0.8405
3.3440000000000003 0.8615
-0.86 0.8615
5.2

IMD4b
4
-0.86 0.8615
3.3440000000000003 0.8615
3.3440000000000003 0.8765
-0.86 0.8765
4.2

IMD4c
4
-0.86 0.8765
3.3440000000000003 0.8765
3.3440000000000003 0.9005
-0.86 0.9005
3.28

IMD4d1+IMD4d2
4
-0.86 0.9005
3.3440000000000003 0.9005
3.3440000000000003 1.0275
-0.86 1.0275
2.65

IMD5a
4
-0.86 1.0275
3.3440000000000003 1.0275
3.3440000000000003 1.0485
-0.86 1.0485
5.2

IMD5b
4
-0.86 1.0485
3.3440000000000003 1.0485
3.3440000000000003 1.0635
-0.86 1.0635
4.2

IMD5c
4
-0.86 1.0635
3.3440000000000003 1.0635
3.3440000000000003 1.0875
-0.86 1.0875
3.28

IMD5d1+IMD5d2
4
-0.86 1.0875
3.3440000000000003 1.0875
3.3440000000000003 1.2145
-0.86 1.2145
2.65

IMD6a
4
-0.86 1.2145
3.3440000000000003 1.2145
3.3440000000000003 1.2355
-0.86 1.2355
5.2

IMD6b
4
-0.86 1.2355
3.3440000000000003 1.2355
3.3440000000000003 1.2505
-0.86 1.2505
4.2

IMD6c
4
-0.86 1.2505
3.3440000000000003 1.2505
3.3440000000000003 1.2745
-0.86 1.2745
3.28

IMD6d1+IMD6d2
4
-0.86 1.2745
3.3440000000000003 1.2745
3.3440000000000003 1.4015
-0.86 1.4015
2.65

IMD7a
4
-0.86 1.4015
3.3440000000000003 1.4015
3.3440000000000003 1.4765
-0.86 1.4765
5.2

IMD7b1+IMD7b2
4
-0.86 1.4765
3.3440000000000003 1.4765
3.3440000000000003 2.9765
-0.86 2.9765
4.2

IMD8a
4
-0.86 2.9765
3.3440000000000003 2.9765
3.3440000000000003 3.0515
-0.86 3.0515
5.2

IMD8b1+IMD8b2
4
-0.86 3.0515
3.3440000000000003 3.0515
3.3440000000000003 4.5515
-0.86 4.5515
4.2

PASS1
4
-0.86 4.5515
3.3440000000000003 4.5515
3.3440000000000003 4.6265
-0.86 4.6265
7.0

PASS2
4
-0.86 4.6265
3.3440000000000003 4.6265
3.3440000000000003 5.0265
-0.86 5.0265
4.2

PASS3
4
-0.86 5.0265
3.3440000000000003 5.0265
3.3440000000000003 5.1015
-0.86 5.1015
7.0

PASS4+PASS5
4
-0.86 5.1015
3.3440000000000003 5.1015
3.3440000000000003 6.0515
-0.86 6.0515
4.2

PASS6
4
-0.86 6.0515
3.3440000000000003 6.0515
3.3440000000000003 6.6515
-0.86 6.6515
7.0

air_Layer
4
-0.86 6.6515
3.3440000000000003 6.6515
3.3440000000000003 6.9485
-0.86 6.9485
1.0


4
-0.86 0.001
3.3440000000000003 0.001
3.3440000000000003 6.9485
-0.86 6.9485

