c1
4
-0.35091999999999995 0.37050000000000005
0.35091999999999995 0.37050000000000005
0.36007999999999996 0.4665
-0.36007999999999996 0.4665

5
botleft
4
-1.6925 -0.001
0 -0.001
0 0.001
-1.6925 0.001

botright
4
0 -0.001
3.5015 -0.001
3.5015 0.001
0 0.001

lEnv
4
-1.1879199999999999 0.37050000000000005
-0.48608 0.37050000000000005
-0.47692 0.4665
-1.19708 0.4665

c2
4
1.18808 0.37050000000000005
2.0249200000000003 0.37050000000000005
2.0340800000000003 0.4665
1.17892 0.4665

rEnv
4
2.1600800000000002 0.37050000000000005
2.99692 0.37050000000000005
3.00608 0.4665
2.15092 0.4665


48
IMD1b
4
-1.6925 0.40650000000000003
-1.191355 0.40650000000000003
-1.19708 0.4665
-1.6925 0.4665
2.8

IMD1b
4
-0.482645 0.40650000000000003
-0.354355 0.40650000000000003
-0.36007999999999996 0.4665
-0.47692 0.4665
2.8

IMD1b
4
0.354355 0.40650000000000003
1.184645 0.40650000000000003
1.17892 0.4665
0.36007999999999996 0.4665
2.8

IMD1b
4
2.0283550000000004 0.40650000000000003
2.156645 0.40650000000000003
2.15092 0.4665
2.0340800000000003 0.4665
2.8

IMD1b
4
3.000355 0.40650000000000003
3.5015 0.40650000000000003
3.5015 0.4665
3.00608 0.4665
2.8

IMD1a
4
-1.6925 0.3955
-1.1903054166666667 0.3955
-1.191355 0.40650000000000003
-1.6925 0.40650000000000003
5.2

IMD1a
4
-0.4836945833333333 0.3955
-0.35330541666666665 0.3955
-0.354355 0.40650000000000003
-0.482645 0.40650000000000003
5.2

IMD1a
4
0.35330541666666665 0.3955
1.1856945833333332 0.3955
1.184645 0.40650000000000003
0.354355 0.40650000000000003
5.2

IMD1a
4
2.027305416666667 0.3955
2.1576945833333334 0.3955
2.156645 0.40650000000000003
2.0283550000000004 0.40650000000000003
5.2

IMD1a
4
2.9993054166666666 0.3955
3.5015 0.3955
3.5015 0.40650000000000003
3.000355 0.40650000000000003
5.2

ILD1b3
4
-1.6925 0.37050000000000005
-1.1879199999999999 0.37050000000000005
-1.1903054166666667 0.3955
-1.6925 0.3955
4

ILD1b3
4
-0.48608 0.37050000000000005
-0.35091999999999995 0.37050000000000005
-0.35330541666666665 0.3955
-0.4836945833333333 0.3955
4

ILD1b3
4
0.35091999999999995 0.37050000000000005
1.18808 0.37050000000000005
1.1856945833333332 0.3955
0.35330541666666665 0.3955
4

ILD1b3
4
2.0249200000000003 0.37050000000000005
2.1600800000000002 0.37050000000000005
2.1576945833333334 0.3955
2.027305416666667 0.3955
4

ILD1b3
4
2.99692 0.37050000000000005
3.5015 0.37050000000000005
3.5015 0.3955
2.9993054166666666 0.3955
4

ILD1b1+ILD1b2
4
-1.6925 0.2765
3.5015 0.2765
3.5015 0.37050000000000005
-1.6925 0.37050000000000005
4

FOXA+FOXB+TOX
4
-1.6925 0.001
3.5015 0.001
3.5015 0.2665
-1.6925 0.2665
4.0

ILD1a
4
-1.6925 0.2665
3.5015 0.2665
3.5015 0.2765
-1.6925 0.2765
7.0

IMD2a
4
-1.6925 0.4665
3.5015 0.4665
3.5015 0.4875
-1.6925 0.4875
5.2

IMD2b
4
-1.6925 0.4875
3.5015 0.4875
3.5015 0.5025
-1.6925 0.5025
4.2

IMD2c
4
-1.6925 0.5025
3.5015 0.5025
3.5015 0.5265
-1.6925 0.5265
3.28

IMD2d1+IMD2d2
4
-1.6925 0.5265
3.5015 0.5265
3.5015 0.6535
-1.6925 0.6535
2.65

IMD3a
4
-1.6925 0.6535
3.5015 0.6535
3.5015 0.6745
-1.6925 0.6745
5.2

IMD3b
4
-1.6925 0.6745
3.5015 0.6745
3.5015 0.6895
-1.6925 0.6895
4.2

IMD3c
4
-1.6925 0.6895
3.5015 0.6895
3.5015 0.7135
-1.6925 0.7135
3.28

IMD3d1+IMD3d2
4
-1.6925 0.7135
3.5015 0.7135
3.5015 0.8405
-1.6925 0.8405
2.65

IMD4a
4
-1.6925 0.8405
3.5015 0.8405
3.5015 0.8615
-1.6925 0.8615
5.2

IMD4b
4
-1.6925 0.8615
3.5015 0.8615
3.5015 0.8765
-1.6925 0.8765
4.2

IMD4c
4
-1.6925 0.8765
3.5015 0.8765
3.5015 0.9005
-1.6925 0.9005
3.28

IMD4d1+IMD4d2
4
-1.6925 0.9005
3.5015 0.9005
3.5015 1.0275
-1.6925 1.0275
2.65

IMD5a
4
-1.6925 1.0275
3.5015 1.0275
3.5015 1.0485
-1.6925 1.0485
5.2

IMD5b
4
-1.6925 1.0485
3.5015 1.0485
3.5015 1.0635
-1.6925 1.0635
4.2

IMD5c
4
-1.6925 1.0635
3.5015 1.0635
3.5015 1.0875
-1.6925 1.0875
3.28

IMD5d1+IMD5d2
4
-1.6925 1.0875
3.5015 1.0875
3.5015 1.2145
-1.6925 1.2145
2.65

IMD6a
4
-1.6925 1.2145
3.5015 1.2145
3.5015 1.2355
-1.6925 1.2355
5.2

IMD6b
4
-1.6925 1.2355
3.5015 1.2355
3.5015 1.2505
-1.6925 1.2505
4.2

IMD6c
4
-1.6925 1.2505
3.5015 1.2505
3.5015 1.2745
-1.6925 1.2745
3.28

IMD6d1+IMD6d2
4
-1.6925 1.2745
3.5015 1.2745
3.5015 1.4015
-1.6925 1.4015
2.65

IMD7a
4
-1.6925 1.4015
3.5015 1.4015
3.5015 1.4765
-1.6925 1.4765
5.2

IMD7b1+IMD7b2
4
-1.6925 1.4765
3.5015 1.4765
3.5015 2.9765
-1.6925 2.9765
4.2

IMD8a
4
-1.6925 2.9765
3.5015 2.9765
3.5015 3.0515
-1.6925 3.0515
5.2

IMD8b1+IMD8b2
4
-1.6925 3.0515
3.5015 3.0515
3.5015 4.5515
-1.6925 4.5515
4.2

PASS1
4
-1.6925 4.5515
3.5015 4.5515
3.5015 4.6265
-1.6925 4.6265
7.0

PASS2
4
-1.6925 4.6265
3.5015 4.6265
3.5015 5.0265
-1.6925 5.0265
4.2

PASS3
4
-1.6925 5.0265
3.5015 5.0265
3.5015 5.1015
-1.6925 5.1015
7.0

PASS4+PASS5
4
-1.6925 5.1015
3.5015 5.1015
3.5015 6.0515
-1.6925 6.0515
4.2

PASS6
4
-1.6925 6.0515
3.5015 6.0515
3.5015 6.6515
-1.6925 6.6515
7.0

air_Layer
4
-1.6925 6.6515
3.5015 6.6515
3.5015 6.9485
-1.6925 6.9485
1.0


4
-1.6925 0.001
3.5015 0.001
3.5015 6.9485
-1.6925 6.9485

