c1
4
-0.10501000000000003 0.7415
0.10500999999999998 0.7415
0.11098999999999998 0.8405
-0.11099000000000003 0.8405

5
botleft
4
-0.8600000000000001 -0.001
0 -0.001
0 0.001
-0.8600000000000001 0.001

botright
4
0 -0.001
3.0289999999999995 -0.001
3.0289999999999995 0.001
0 0.001

lEnv
4
-0.35701000000000005 0.7415
-0.14699000000000004 0.7415
-0.14101000000000002 0.8405
-0.36299000000000003 0.8405

c2
4
0.80399 0.7415
1.6440099999999997 0.7415
1.6499899999999998 0.8405
0.79801 0.8405

rEnv
4
1.6859899999999999 0.7415
2.5260099999999994 0.7415
2.5319899999999995 0.8405
1.6800099999999998 0.8405


57
IMD3d1_damage
4
-0.366424 0.7315
-0.13757600000000003 0.7315
-0.13697200000000004 0.7415
-0.367028 0.7415
3.1

IMD3d1_damage
4
-0.11442400000000004 0.7315
0.11442399999999998 0.7315
0.11502799999999998 0.7415
-0.11502800000000003 0.7415
3.1

IMD3d1_damage
4
0.7945760000000001 0.7315
1.6534239999999998 0.7315
1.6540279999999998 0.7415
0.793972 0.7415
3.1

IMD3d1_damage
4
1.6765759999999998 0.7315
2.5354239999999995 0.7315
2.5360279999999995 0.7415
1.6759719999999998 0.7415
3.1

IMD3d2_damage
4
-0.36201900000000004 0.7415
-0.35701000000000005 0.7415
-0.36299000000000003 0.8405
-0.367999 0.8405
2.9

IMD3d2_damage
4
-0.14699000000000004 0.7415
-0.14198100000000002 0.7415
-0.136001 0.8405
-0.14101000000000002 0.8405
2.9

IMD3d2_damage
4
-0.11001900000000003 0.7415
-0.10501000000000003 0.7415
-0.11099000000000003 0.8405
-0.11599900000000003 0.8405
2.9

IMD3d2_damage
4
0.10500999999999998 0.7415
0.11001899999999998 0.7415
0.11599899999999998 0.8405
0.11098999999999998 0.8405
2.9

IMD3d2_damage
4
0.7989809999999999 0.7415
0.80399 0.7415
0.79801 0.8405
0.793001 0.8405
2.9

IMD3d2_damage
4
1.6440099999999997 0.7415
1.6490189999999998 0.7415
1.6549989999999999 0.8405
1.6499899999999998 0.8405
2.9

IMD3d2_damage
4
1.6809809999999998 0.7415
1.6859899999999999 0.7415
1.6800099999999998 0.8405
1.6750009999999997 0.8405
2.9

IMD3d2_damage
4
2.5260099999999994 0.7415
2.5310189999999992 0.7415
2.5369989999999993 0.8405
2.5319899999999995 0.8405
2.9

IMD3d2
4
-0.8600000000000001 0.7415
-0.36201900000000004 0.7415
-0.367999 0.8405
-0.8600000000000001 0.8405
2.65

IMD3d2
4
-0.14198100000000002 0.7415
-0.11001900000000003 0.7415
-0.11599900000000003 0.8405
-0.136001 0.8405
2.65

IMD3d2
4
0.11001899999999998 0.7415
0.7989809999999999 0.7415
0.793001 0.8405
0.11599899999999998 0.8405
2.65

IMD3d2
4
1.6490189999999998 0.7415
1.6809809999999998 0.7415
1.6750009999999997 0.8405
1.6549989999999999 0.8405
2.65

IMD3d2
4
2.5310189999999992 0.7415
3.0289999999999995 0.7415
3.0289999999999995 0.8405
2.5369989999999993 0.8405
2.65

IMD3d1
4
-0.8600000000000001 0.7315
-0.366424 0.7315
-0.367028 0.7415
-0.8600000000000001 0.7415
2.65

IMD3d1
4
-0.13757600000000003 0.7315
-0.11442400000000004 0.7315
-0.11502800000000003 0.7415
-0.13697200000000004 0.7415
2.65

IMD3d1
4
0.11442399999999998 0.7315
0.7945760000000001 0.7315
0.793972 0.7415
0.11502799999999998 0.7415
2.65

IMD3d1
4
1.6534239999999998 0.7315
1.6765759999999998 0.7315
1.6759719999999998 0.7415
1.6540279999999998 0.7415
2.65

IMD3d1
4
2.5354239999999995 0.7315
3.0289999999999995 0.7315
3.0289999999999995 0.7415
2.5360279999999995 0.7415
2.65

IMD3d1
4
-0.8600000000000001 0.7135
3.0289999999999995 0.7135
3.0289999999999995 0.7315
-0.8600000000000001 0.7315
2.65

FOXA+FOXB+TOX
4
-0.8600000000000001 0.001
3.0289999999999995 0.001
3.0289999999999995 0.2665
-0.8600000000000001 0.2665
4.0

ILD1a
4
-0.8600000000000001 0.2665
3.0289999999999995 0.2665
3.0289999999999995 0.2765
-0.8600000000000001 0.2765
7.0

ILD1b1+ILD1b2+ILD1b3
4
-0.8600000000000001 0.2765
3.0289999999999995 0.2765
3.0289999999999995 0.3955
-0.8600000000000001 0.3955
4.0

IMD1a
4
-0.8600000000000001 0.3955
3.0289999999999995 0.3955
3.0289999999999995 0.4065
-0.8600000000000001 0.4065
5.2

IMD1b
4
-0.8600000000000001 0.4065
3.0289999999999995 0.4065
3.0289999999999995 0.4665
-0.8600000000000001 0.4665
2.8

IMD2a
4
-0.8600000000000001 0.4665
3.0289999999999995 0.4665
3.0289999999999995 0.4875
-0.8600000000000001 0.4875
5.2

IMD2b
4
-0.8600000000000001 0.4875
3.0289999999999995 0.4875
3.0289999999999995 0.5025
-0.8600000000000001 0.5025
4.2

IMD2c
4
-0.8600000000000001 0.5025
3.0289999999999995 0.5025
3.0289999999999995 0.5265
-0.8600000000000001 0.5265
3.28

IMD2d1+IMD2d2
4
-0.8600000000000001 0.5265
3.0289999999999995 0.5265
3.0289999999999995 0.6535
-0.8600000000000001 0.6535
2.65

IMD3a
4
-0.8600000000000001 0.6535
3.0289999999999995 0.6535
3.0289999999999995 0.6745
-0.8600000000000001 0.6745
5.2

IMD3b
4
-0.8600000000000001 0.6745
3.0289999999999995 0.6745
3.0289999999999995 0.6895
-0.8600000000000001 0.6895
4.2

IMD3c
4
-0.8600000000000001 0.6895
3.0289999999999995 0.6895
3.0289999999999995 0.7135
-0.8600000000000001 0.7135
3.28

IMD4a
4
-0.8600000000000001 0.8405
3.0289999999999995 0.8405
3.0289999999999995 0.8615
-0.8600000000000001 0.8615
5.2

IMD4b
4
-0.8600000000000001 0.8615
3.0289999999999995 0.8615
3.0289999999999995 0.8765
-0.8600000000000001 0.8765
4.2

IMD4c
4
-0.8600000000000001 0.8765
3.0289999999999995 0.8765
3.0289999999999995 0.9005
-0.8600000000000001 0.9005
3.28

IMD4d1+IMD4d2
4
-0.8600000000000001 0.9005
3.0289999999999995 0.9005
3.0289999999999995 1.0275
-0.8600000000000001 1.0275
2.65

IMD5a
4
-0.8600000000000001 1.0275
3.0289999999999995 1.0275
3.0289999999999995 1.0485
-0.8600000000000001 1.0485
5.2

IMD5b
4
-0.8600000000000001 1.0485
3.0289999999999995 1.0485
3.0289999999999995 1.0635
-0.8600000000000001 1.0635
4.2

IMD5c
4
-0.8600000000000001 1.0635
3.0289999999999995 1.0635
3.0289999999999995 1.0875
-0.8600000000000001 1.0875
3.28

IMD5d1+IMD5d2
4
-0.8600000000000001 1.0875
3.0289999999999995 1.0875
3.0289999999999995 1.2145
-0.8600000000000001 1.2145
2.65

IMD6a
4
-0.8600000000000001 1.2145
3.0289999999999995 1.2145
3.0289999999999995 1.2355
-0.8600000000000001 1.2355
5.2

IMD6b
4
-0.8600000000000001 1.2355
3.0289999999999995 1.2355
3.0289999999999995 1.2505
-0.8600000000000001 1.2505
4.2

IMD6c
4
-0.8600000000000001 1.2505
3.0289999999999995 1.2505
3.0289999999999995 1.2745
-0.8600000000000001 1.2745
3.28

IMD6d1+IMD6d2
4
-0.8600000000000001 1.2745
3.0289999999999995 1.2745
3.0289999999999995 1.4015
-0.8600000000000001 1.4015
2.65

IMD7a
4
-0.8600000000000001 1.4015
3.0289999999999995 1.4015
3.0289999999999995 1.4765
-0.8600000000000001 1.4765
5.2

IMD7b1+IMD7b2
4
-0.8600000000000001 1.4765
3.0289999999999995 1.4765
3.0289999999999995 2.9765
-0.8600000000000001 2.9765
4.2

IMD8a
4
-0.8600000000000001 2.9765
3.0289999999999995 2.9765
3.0289999999999995 3.0515
-0.8600000000000001 3.0515
5.2

IMD8b1+IMD8b2
4
-0.8600000000000001 3.0515
3.0289999999999995 3.0515
3.0289999999999995 4.5515
-0.8600000000000001 4.5515
4.2

PASS1
4
-0.8600000000000001 4.5515
3.0289999999999995 4.5515
3.0289999999999995 4.6265
-0.8600000000000001 4.6265
7.0

PASS2
4
-0.8600000000000001 4.6265
3.0289999999999995 4.6265
3.0289999999999995 5.0265
-0.8600000000000001 5.0265
4.2

PASS3
4
-0.8600000000000001 5.0265
3.0289999999999995 5.0265
3.0289999999999995 5.1015
-0.8600000000000001 5.1015
7.0

PASS4+PASS5
4
-0.8600000000000001 5.1015
3.0289999999999995 5.1015
3.0289999999999995 6.0515
-0.8600000000000001 6.0515
4.2

PASS6
4
-0.8600000000000001 6.0515
3.0289999999999995 6.0515
3.0289999999999995 6.6515
-0.8600000000000001 6.6515
7.0

air_Layer
4
-0.8600000000000001 6.6515
3.0289999999999995 6.6515
3.0289999999999995 6.9485
-0.8600000000000001 6.9485
1.0


4
-0.8600000000000001 0.001
3.0289999999999995 0.001
3.0289999999999995 6.9485
-0.8600000000000001 6.9485

