c1
4
-0.2850100000000001 0.9285000000000001
0.2850099999999999 0.9285000000000001
0.29098999999999986 1.0275
-0.2909900000000001 1.0275

5
botleft
4
-1.67 -0.001
0 -0.001
0 0.001
-1.67 0.001

botright
4
0 -0.001
2.534 -0.001
2.534 0.001
0 0.001

lEnv
4
-1.1670099999999999 0.9285000000000001
-0.59699 0.9285000000000001
-0.59101 1.0275
-1.17299 1.0275

c2
4
0.84899 0.9285000000000001
1.2840099999999999 0.9285000000000001
1.28999 1.0275
0.84301 1.0275

rEnv
4
1.59599 0.9285000000000001
2.0310099999999998 0.9285000000000001
2.03699 1.0275
1.59001 1.0275


57
IMD4d1_damage
4
-1.176424 0.9185000000000001
-0.5875760000000001 0.9185000000000001
-0.586972 0.9285000000000001
-1.177028 0.9285000000000001
3.1

IMD4d1_damage
4
-0.2944240000000001 0.9185000000000001
0.29442399999999985 0.9185000000000001
0.29502799999999985 0.9285000000000001
-0.29502800000000007 0.9285000000000001
3.1

IMD4d1_damage
4
0.8395760000000001 0.9185000000000001
1.293424 0.9185000000000001
1.294028 0.9285000000000001
0.838972 0.9285000000000001
3.1

IMD4d1_damage
4
1.586576 0.9185000000000001
2.040424 0.9185000000000001
2.041028 0.9285000000000001
1.585972 0.9285000000000001
3.1

IMD4d2_damage
4
-1.172019 0.9285000000000001
-1.1670099999999999 0.9285000000000001
-1.17299 1.0275
-1.177999 1.0275
2.9

IMD4d2_damage
4
-0.59699 0.9285000000000001
-0.591981 0.9285000000000001
-0.586001 1.0275
-0.59101 1.0275
2.9

IMD4d2_damage
4
-0.2900190000000001 0.9285000000000001
-0.2850100000000001 0.9285000000000001
-0.2909900000000001 1.0275
-0.29599900000000007 1.0275
2.9

IMD4d2_damage
4
0.2850099999999999 0.9285000000000001
0.29001899999999986 0.9285000000000001
0.29599899999999985 1.0275
0.29098999999999986 1.0275
2.9

IMD4d2_damage
4
0.843981 0.9285000000000001
0.84899 0.9285000000000001
0.84301 1.0275
0.838001 1.0275
2.9

IMD4d2_damage
4
1.2840099999999999 0.9285000000000001
1.289019 0.9285000000000001
1.294999 1.0275
1.28999 1.0275
2.9

IMD4d2_damage
4
1.590981 0.9285000000000001
1.59599 0.9285000000000001
1.59001 1.0275
1.5850009999999999 1.0275
2.9

IMD4d2_damage
4
2.0310099999999998 0.9285000000000001
2.0360189999999996 0.9285000000000001
2.0419989999999997 1.0275
2.03699 1.0275
2.9

IMD4d2
4
-1.67 0.9285000000000001
-1.172019 0.9285000000000001
-1.177999 1.0275
-1.67 1.0275
2.65

IMD4d2
4
-0.591981 0.9285000000000001
-0.2900190000000001 0.9285000000000001
-0.29599900000000007 1.0275
-0.586001 1.0275
2.65

IMD4d2
4
0.29001899999999986 0.9285000000000001
0.843981 0.9285000000000001
0.838001 1.0275
0.29599899999999985 1.0275
2.65

IMD4d2
4
1.289019 0.9285000000000001
1.590981 0.9285000000000001
1.5850009999999999 1.0275
1.294999 1.0275
2.65

IMD4d2
4
2.0360189999999996 0.9285000000000001
2.534 0.9285000000000001
2.534 1.0275
2.0419989999999997 1.0275
2.65

IMD4d1
4
-1.67 0.9185000000000001
-1.176424 0.9185000000000001
-1.177028 0.9285000000000001
-1.67 0.9285000000000001
2.65

IMD4d1
4
-0.5875760000000001 0.9185000000000001
-0.2944240000000001 0.9185000000000001
-0.29502800000000007 0.9285000000000001
-0.586972 0.9285000000000001
2.65

IMD4d1
4
0.29442399999999985 0.9185000000000001
0.8395760000000001 0.9185000000000001
0.838972 0.9285000000000001
0.29502799999999985 0.9285000000000001
2.65

IMD4d1
4
1.293424 0.9185000000000001
1.586576 0.9185000000000001
1.585972 0.9285000000000001
1.294028 0.9285000000000001
2.65

IMD4d1
4
2.040424 0.9185000000000001
2.534 0.9185000000000001
2.534 0.9285000000000001
2.041028 0.9285000000000001
2.65

IMD4d1
4
-1.67 0.9005
2.534 0.9005
2.534 0.9185000000000001
-1.67 0.9185000000000001
2.65

FOXA+FOXB+TOX
4
-1.67 0.001
2.534 0.001
2.534 0.2665
-1.67 0.2665
4.0

ILD1a
4
-1.67 0.2665
2.534 0.2665
2.534 0.2765
-1.67 0.2765
7.0

ILD1b1+ILD1b2+ILD1b3
4
-1.67 0.2765
2.534 0.2765
2.534 0.3955
-1.67 0.3955
4.0

IMD1a
4
-1.67 0.3955
2.534 0.3955
2.534 0.4065
-1.67 0.4065
5.2

IMD1b
4
-1.67 0.4065
2.534 0.4065
2.534 0.4665
-1.67 0.4665
2.8

IMD2a
4
-1.67 0.4665
2.534 0.4665
2.534 0.4875
-1.67 0.4875
5.2

IMD2b
4
-1.67 0.4875
2.534 0.4875
2.534 0.5025
-1.67 0.5025
4.2

IMD2c
4
-1.67 0.5025
2.534 0.5025
2.534 0.5265
-1.67 0.5265
3.28

IMD2d1+IMD2d2
4
-1.67 0.5265
2.534 0.5265
2.534 0.6535
-1.67 0.6535
2.65

IMD3a
4
-1.67 0.6535
2.534 0.6535
2.534 0.6745
-1.67 0.6745
5.2

IMD3b
4
-1.67 0.6745
2.534 0.6745
2.534 0.6895
-1.67 0.6895
4.2

IMD3c
4
-1.67 0.6895
2.534 0.6895
2.534 0.7135
-1.67 0.7135
3.28

IMD3d1+IMD3d2
4
-1.67 0.7135
2.534 0.7135
2.534 0.8405
-1.67 0.8405
2.65

IMD4a
4
-1.67 0.8405
2.534 0.8405
2.534 0.8615
-1.67 0.8615
5.2

IMD4b
4
-1.67 0.8615
2.534 0.8615
2.534 0.8765
-1.67 0.8765
4.2

IMD4c
4
-1.67 0.8765
2.534 0.8765
2.534 0.9005
-1.67 0.9005
3.28

IMD5a
4
-1.67 1.0275
2.534 1.0275
2.534 1.0485
-1.67 1.0485
5.2

IMD5b
4
-1.67 1.0485
2.534 1.0485
2.534 1.0635
-1.67 1.0635
4.2

IMD5c
4
-1.67 1.0635
2.534 1.0635
2.534 1.0875
-1.67 1.0875
3.28

IMD5d1+IMD5d2
4
-1.67 1.0875
2.534 1.0875
2.534 1.2145
-1.67 1.2145
2.65

IMD6a
4
-1.67 1.2145
2.534 1.2145
2.534 1.2355
-1.67 1.2355
5.2

IMD6b
4
-1.67 1.2355
2.534 1.2355
2.534 1.2505
-1.67 1.2505
4.2

IMD6c
4
-1.67 1.2505
2.534 1.2505
2.534 1.2745
-1.67 1.2745
3.28

IMD6d1+IMD6d2
4
-1.67 1.2745
2.534 1.2745
2.534 1.4015
-1.67 1.4015
2.65

IMD7a
4
-1.67 1.4015
2.534 1.4015
2.534 1.4765
-1.67 1.4765
5.2

IMD7b1+IMD7b2
4
-1.67 1.4765
2.534 1.4765
2.534 2.9765
-1.67 2.9765
4.2

IMD8a
4
-1.67 2.9765
2.534 2.9765
2.534 3.0515
-1.67 3.0515
5.2

IMD8b1+IMD8b2
4
-1.67 3.0515
2.534 3.0515
2.534 4.5515
-1.67 4.5515
4.2

PASS1
4
-1.67 4.5515
2.534 4.5515
2.534 4.6265
-1.67 4.6265
7.0

PASS2
4
-1.67 4.6265
2.534 4.6265
2.534 5.0265
-1.67 5.0265
4.2

PASS3
4
-1.67 5.0265
2.534 5.0265
2.534 5.1015
-1.67 5.1015
7.0

PASS4+PASS5
4
-1.67 5.1015
2.534 5.1015
2.534 6.0515
-1.67 6.0515
4.2

PASS6
4
-1.67 6.0515
2.534 6.0515
2.534 6.6515
-1.67 6.6515
7.0

air_Layer
4
-1.67 6.6515
2.534 6.6515
2.534 6.9485
-1.67 6.9485
1.0


4
-1.67 0.001
2.534 0.001
2.534 6.9485
-1.67 6.9485

