c1
4
-0.10500999999999998 0.7415
0.10501000000000003 0.7415
0.11099000000000003 0.8405
-0.11098999999999998 0.8405

5
botleft
4
-0.95 -0.001
0 -0.001
0 0.001
-0.95 0.001

botright
4
0 -0.001
1.229 -0.001
1.229 0.001
0 0.001

lEnv
4
-0.44701 0.7415
-0.23699 0.7415
-0.23101 0.8405
-0.45299 0.8405

c2
4
0.17399 0.7415
0.3840100000000001 0.7415
0.38999000000000006 0.8405
0.16801 0.8405

rEnv
4
0.5159900000000001 0.7415
0.7260100000000002 0.7415
0.7319900000000001 0.8405
0.5100100000000001 0.8405


57
IMD3d1_damage
4
-0.456424 0.7315
-0.227576 0.7315
-0.226972 0.7415
-0.457028 0.7415
3.1

IMD3d1_damage
4
-0.11442399999999998 0.7315
0.11442400000000004 0.7315
0.11502800000000003 0.7415
-0.11502799999999998 0.7415
3.1

IMD3d1_damage
4
0.164576 0.7315
0.39342400000000005 0.7315
0.39402800000000004 0.7415
0.163972 0.7415
3.1

IMD3d1_damage
4
0.5065760000000001 0.7315
0.7354240000000001 0.7315
0.7360280000000001 0.7415
0.5059720000000001 0.7415
3.1

IMD3d2_damage
4
-0.452019 0.7415
-0.44701 0.7415
-0.45299 0.8405
-0.457999 0.8405
2.9

IMD3d2_damage
4
-0.23699 0.7415
-0.231981 0.7415
-0.22600099999999998 0.8405
-0.23101 0.8405
2.9

IMD3d2_damage
4
-0.11001899999999998 0.7415
-0.10500999999999998 0.7415
-0.11098999999999998 0.8405
-0.11599899999999998 0.8405
2.9

IMD3d2_damage
4
0.10501000000000003 0.7415
0.11001900000000003 0.7415
0.11599900000000003 0.8405
0.11099000000000003 0.8405
2.9

IMD3d2_damage
4
0.168981 0.7415
0.17399 0.7415
0.16801 0.8405
0.16300099999999998 0.8405
2.9

IMD3d2_damage
4
0.3840100000000001 0.7415
0.38901900000000006 0.7415
0.39499900000000004 0.8405
0.38999000000000006 0.8405
2.9

IMD3d2_damage
4
0.510981 0.7415
0.5159900000000001 0.7415
0.5100100000000001 0.8405
0.505001 0.8405
2.9

IMD3d2_damage
4
0.7260100000000002 0.7415
0.7310190000000002 0.7415
0.7369990000000002 0.8405
0.7319900000000001 0.8405
2.9

IMD3d2
4
-0.95 0.7415
-0.452019 0.7415
-0.457999 0.8405
-0.95 0.8405
2.65

IMD3d2
4
-0.231981 0.7415
-0.11001899999999998 0.7415
-0.11599899999999998 0.8405
-0.22600099999999998 0.8405
2.65

IMD3d2
4
0.11001900000000003 0.7415
0.168981 0.7415
0.16300099999999998 0.8405
0.11599900000000003 0.8405
2.65

IMD3d2
4
0.38901900000000006 0.7415
0.510981 0.7415
0.505001 0.8405
0.39499900000000004 0.8405
2.65

IMD3d2
4
0.7310190000000002 0.7415
1.229 0.7415
1.229 0.8405
0.7369990000000002 0.8405
2.65

IMD3d1
4
-0.95 0.7315
-0.456424 0.7315
-0.457028 0.7415
-0.95 0.7415
2.65

IMD3d1
4
-0.227576 0.7315
-0.11442399999999998 0.7315
-0.11502799999999998 0.7415
-0.226972 0.7415
2.65

IMD3d1
4
0.11442400000000004 0.7315
0.164576 0.7315
0.163972 0.7415
0.11502800000000003 0.7415
2.65

IMD3d1
4
0.39342400000000005 0.7315
0.5065760000000001 0.7315
0.5059720000000001 0.7415
0.39402800000000004 0.7415
2.65

IMD3d1
4
0.7354240000000001 0.7315
1.229 0.7315
1.229 0.7415
0.7360280000000001 0.7415
2.65

IMD3d1
4
-0.95 0.7135
1.229 0.7135
1.229 0.7315
-0.95 0.7315
2.65

FOXA+FOXB+TOX
4
-0.95 0.001
1.229 0.001
1.229 0.2665
-0.95 0.2665
4.0

ILD1a
4
-0.95 0.2665
1.229 0.2665
1.229 0.2765
-0.95 0.2765
7.0

ILD1b1+ILD1b2+ILD1b3
4
-0.95 0.2765
1.229 0.2765
1.229 0.3955
-0.95 0.3955
4.0

IMD1a
4
-0.95 0.3955
1.229 0.3955
1.229 0.4065
-0.95 0.4065
5.2

IMD1b
4
-0.95 0.4065
1.229 0.4065
1.229 0.4665
-0.95 0.4665
2.8

IMD2a
4
-0.95 0.4665
1.229 0.4665
1.229 0.4875
-0.95 0.4875
5.2

IMD2b
4
-0.95 0.4875
1.229 0.4875
1.229 0.5025
-0.95 0.5025
4.2

IMD2c
4
-0.95 0.5025
1.229 0.5025
1.229 0.5265
-0.95 0.5265
3.28

IMD2d1+IMD2d2
4
-0.95 0.5265
1.229 0.5265
1.229 0.6535
-0.95 0.6535
2.65

IMD3a
4
-0.95 0.6535
1.229 0.6535
1.229 0.6745
-0.95 0.6745
5.2

IMD3b
4
-0.95 0.6745
1.229 0.6745
1.229 0.6895
-0.95 0.6895
4.2

IMD3c
4
-0.95 0.6895
1.229 0.6895
1.229 0.7135
-0.95 0.7135
3.28

IMD4a
4
-0.95 0.8405
1.229 0.8405
1.229 0.8615
-0.95 0.8615
5.2

IMD4b
4
-0.95 0.8615
1.229 0.8615
1.229 0.8765
-0.95 0.8765
4.2

IMD4c
4
-0.95 0.8765
1.229 0.8765
1.229 0.9005
-0.95 0.9005
3.28

IMD4d1+IMD4d2
4
-0.95 0.9005
1.229 0.9005
1.229 1.0275
-0.95 1.0275
2.65

IMD5a
4
-0.95 1.0275
1.229 1.0275
1.229 1.0485
-0.95 1.0485
5.2

IMD5b
4
-0.95 1.0485
1.229 1.0485
1.229 1.0635
-0.95 1.0635
4.2

IMD5c
4
-0.95 1.0635
1.229 1.0635
1.229 1.0875
-0.95 1.0875
3.28

IMD5d1+IMD5d2
4
-0.95 1.0875
1.229 1.0875
1.229 1.2145
-0.95 1.2145
2.65

IMD6a
4
-0.95 1.2145
1.229 1.2145
1.229 1.2355
-0.95 1.2355
5.2

IMD6b
4
-0.95 1.2355
1.229 1.2355
1.229 1.2505
-0.95 1.2505
4.2

IMD6c
4
-0.95 1.2505
1.229 1.2505
1.229 1.2745
-0.95 1.2745
3.28

IMD6d1+IMD6d2
4
-0.95 1.2745
1.229 1.2745
1.229 1.4015
-0.95 1.4015
2.65

IMD7a
4
-0.95 1.4015
1.229 1.4015
1.229 1.4765
-0.95 1.4765
5.2

IMD7b1+IMD7b2
4
-0.95 1.4765
1.229 1.4765
1.229 2.9765
-0.95 2.9765
4.2

IMD8a
4
-0.95 2.9765
1.229 2.9765
1.229 3.0515
-0.95 3.0515
5.2

IMD8b1+IMD8b2
4
-0.95 3.0515
1.229 3.0515
1.229 4.5515
-0.95 4.5515
4.2

PASS1
4
-0.95 4.5515
1.229 4.5515
1.229 4.6265
-0.95 4.6265
7.0

PASS2
4
-0.95 4.6265
1.229 4.6265
1.229 5.0265
-0.95 5.0265
4.2

PASS3
4
-0.95 5.0265
1.229 5.0265
1.229 5.1015
-0.95 5.1015
7.0

PASS4+PASS5
4
-0.95 5.1015
1.229 5.1015
1.229 6.0515
-0.95 6.0515
4.2

PASS6
4
-0.95 6.0515
1.229 6.0515
1.229 6.6515
-0.95 6.6515
7.0

air_Layer
4
-0.95 6.6515
1.229 6.6515
1.229 6.9485
-0.95 6.9485
1.0


4
-0.95 0.001
1.229 0.001
1.229 6.9485
-0.95 6.9485

