c1
4
-0.10501000000000003 1.3025
0.10501000000000003 1.3025
0.11099000000000003 1.4015
-0.11099000000000003 1.4015

5
botleft
4
-1.1300000000000001 -0.001
0 -0.001
0 0.001
-1.1300000000000001 0.001

botright
4
0 -0.001
3.299 -0.001
3.299 0.001
0 0.001

lEnv
4
-0.6270100000000001 1.3025
-0.41699 1.3025
-0.41101000000000004 1.4015
-0.63299 1.4015

c2
4
0.53399 1.3025
1.50901 1.3025
1.51499 1.4015
0.52801 1.4015

rEnv
4
1.82099 1.3025
2.79601 1.3025
2.80199 1.4015
1.81501 1.4015


57
IMD6d1_damage
4
-0.636424 1.2925
-0.40757600000000005 1.2925
-0.40697200000000006 1.3025
-0.637028 1.3025
3.1

IMD6d1_damage
4
-0.11442400000000004 1.2925
0.11442400000000004 1.2925
0.11502800000000003 1.3025
-0.11502800000000003 1.3025
3.1

IMD6d1_damage
4
0.524576 1.2925
1.518424 1.2925
1.519028 1.3025
0.523972 1.3025
3.1

IMD6d1_damage
4
1.811576 1.2925
2.805424 1.2925
2.806028 1.3025
1.810972 1.3025
3.1

IMD6d2_damage
4
-0.6320190000000001 1.3025
-0.6270100000000001 1.3025
-0.63299 1.4015
-0.6379990000000001 1.4015
2.9

IMD6d2_damage
4
-0.41699 1.3025
-0.41198100000000004 1.3025
-0.40600100000000006 1.4015
-0.41101000000000004 1.4015
2.9

IMD6d2_damage
4
-0.11001900000000003 1.3025
-0.10501000000000003 1.3025
-0.11099000000000003 1.4015
-0.11599900000000003 1.4015
2.9

IMD6d2_damage
4
0.10501000000000003 1.3025
0.11001900000000003 1.3025
0.11599900000000003 1.4015
0.11099000000000003 1.4015
2.9

IMD6d2_damage
4
0.5289809999999999 1.3025
0.53399 1.3025
0.52801 1.4015
0.5230009999999999 1.4015
2.9

IMD6d2_damage
4
1.50901 1.3025
1.514019 1.3025
1.519999 1.4015
1.51499 1.4015
2.9

IMD6d2_damage
4
1.815981 1.3025
1.82099 1.3025
1.81501 1.4015
1.810001 1.4015
2.9

IMD6d2_damage
4
2.79601 1.3025
2.8010189999999997 1.3025
2.806999 1.4015
2.80199 1.4015
2.9

IMD6d2
4
-1.1300000000000001 1.3025
-0.6320190000000001 1.3025
-0.6379990000000001 1.4015
-1.1300000000000001 1.4015
2.65

IMD6d2
4
-0.41198100000000004 1.3025
-0.11001900000000003 1.3025
-0.11599900000000003 1.4015
-0.40600100000000006 1.4015
2.65

IMD6d2
4
0.11001900000000003 1.3025
0.5289809999999999 1.3025
0.5230009999999999 1.4015
0.11599900000000003 1.4015
2.65

IMD6d2
4
1.514019 1.3025
1.815981 1.3025
1.810001 1.4015
1.519999 1.4015
2.65

IMD6d2
4
2.8010189999999997 1.3025
3.299 1.3025
3.299 1.4015
2.806999 1.4015
2.65

IMD6d1
4
-1.1300000000000001 1.2925
-0.636424 1.2925
-0.637028 1.3025
-1.1300000000000001 1.3025
2.65

IMD6d1
4
-0.40757600000000005 1.2925
-0.11442400000000004 1.2925
-0.11502800000000003 1.3025
-0.40697200000000006 1.3025
2.65

IMD6d1
4
0.11442400000000004 1.2925
0.524576 1.2925
0.523972 1.3025
0.11502800000000003 1.3025
2.65

IMD6d1
4
1.518424 1.2925
1.811576 1.2925
1.810972 1.3025
1.519028 1.3025
2.65

IMD6d1
4
2.805424 1.2925
3.299 1.2925
3.299 1.3025
2.806028 1.3025
2.65

IMD6d1
4
-1.1300000000000001 1.2745
3.299 1.2745
3.299 1.2925
-1.1300000000000001 1.2925
2.65

FOXA+FOXB+TOX
4
-1.1300000000000001 0.001
3.299 0.001
3.299 0.2665
-1.1300000000000001 0.2665
4.0

ILD1a
4
-1.1300000000000001 0.2665
3.299 0.2665
3.299 0.2765
-1.1300000000000001 0.2765
7.0

ILD1b1+ILD1b2+ILD1b3
4
-1.1300000000000001 0.2765
3.299 0.2765
3.299 0.3955
-1.1300000000000001 0.3955
4.0

IMD1a
4
-1.1300000000000001 0.3955
3.299 0.3955
3.299 0.4065
-1.1300000000000001 0.4065
5.2

IMD1b
4
-1.1300000000000001 0.4065
3.299 0.4065
3.299 0.4665
-1.1300000000000001 0.4665
2.8

IMD2a
4
-1.1300000000000001 0.4665
3.299 0.4665
3.299 0.4875
-1.1300000000000001 0.4875
5.2

IMD2b
4
-1.1300000000000001 0.4875
3.299 0.4875
3.299 0.5025
-1.1300000000000001 0.5025
4.2

IMD2c
4
-1.1300000000000001 0.5025
3.299 0.5025
3.299 0.5265
-1.1300000000000001 0.5265
3.28

IMD2d1+IMD2d2
4
-1.1300000000000001 0.5265
3.299 0.5265
3.299 0.6535
-1.1300000000000001 0.6535
2.65

IMD3a
4
-1.1300000000000001 0.6535
3.299 0.6535
3.299 0.6745
-1.1300000000000001 0.6745
5.2

IMD3b
4
-1.1300000000000001 0.6745
3.299 0.6745
3.299 0.6895
-1.1300000000000001 0.6895
4.2

IMD3c
4
-1.1300000000000001 0.6895
3.299 0.6895
3.299 0.7135
-1.1300000000000001 0.7135
3.28

IMD3d1+IMD3d2
4
-1.1300000000000001 0.7135
3.299 0.7135
3.299 0.8405
-1.1300000000000001 0.8405
2.65

IMD4a
4
-1.1300000000000001 0.8405
3.299 0.8405
3.299 0.8615
-1.1300000000000001 0.8615
5.2

IMD4b
4
-1.1300000000000001 0.8615
3.299 0.8615
3.299 0.8765
-1.1300000000000001 0.8765
4.2

IMD4c
4
-1.1300000000000001 0.8765
3.299 0.8765
3.299 0.9005
-1.1300000000000001 0.9005
3.28

IMD4d1+IMD4d2
4
-1.1300000000000001 0.9005
3.299 0.9005
3.299 1.0275
-1.1300000000000001 1.0275
2.65

IMD5a
4
-1.1300000000000001 1.0275
3.299 1.0275
3.299 1.0485
-1.1300000000000001 1.0485
5.2

IMD5b
4
-1.1300000000000001 1.0485
3.299 1.0485
3.299 1.0635
-1.1300000000000001 1.0635
4.2

IMD5c
4
-1.1300000000000001 1.0635
3.299 1.0635
3.299 1.0875
-1.1300000000000001 1.0875
3.28

IMD5d1+IMD5d2
4
-1.1300000000000001 1.0875
3.299 1.0875
3.299 1.2145
-1.1300000000000001 1.2145
2.65

IMD6a
4
-1.1300000000000001 1.2145
3.299 1.2145
3.299 1.2355
-1.1300000000000001 1.2355
5.2

IMD6b
4
-1.1300000000000001 1.2355
3.299 1.2355
3.299 1.2505
-1.1300000000000001 1.2505
4.2

IMD6c
4
-1.1300000000000001 1.2505
3.299 1.2505
3.299 1.2745
-1.1300000000000001 1.2745
3.28

IMD7a
4
-1.1300000000000001 1.4015
3.299 1.4015
3.299 1.4765
-1.1300000000000001 1.4765
5.2

IMD7b1+IMD7b2
4
-1.1300000000000001 1.4765
3.299 1.4765
3.299 2.9765
-1.1300000000000001 2.9765
4.2

IMD8a
4
-1.1300000000000001 2.9765
3.299 2.9765
3.299 3.0515
-1.1300000000000001 3.0515
5.2

IMD8b1+IMD8b2
4
-1.1300000000000001 3.0515
3.299 3.0515
3.299 4.5515
-1.1300000000000001 4.5515
4.2

PASS1
4
-1.1300000000000001 4.5515
3.299 4.5515
3.299 4.6265
-1.1300000000000001 4.6265
7.0

PASS2
4
-1.1300000000000001 4.6265
3.299 4.6265
3.299 5.0265
-1.1300000000000001 5.0265
4.2

PASS3
4
-1.1300000000000001 5.0265
3.299 5.0265
3.299 5.1015
-1.1300000000000001 5.1015
7.0

PASS4+PASS5
4
-1.1300000000000001 5.1015
3.299 5.1015
3.299 6.0515
-1.1300000000000001 6.0515
4.2

PASS6
4
-1.1300000000000001 6.0515
3.299 6.0515
3.299 6.6515
-1.1300000000000001 6.6515
7.0

air_Layer
4
-1.1300000000000001 6.6515
3.299 6.6515
3.299 6.9485
-1.1300000000000001 6.9485
1.0


4
-1.1300000000000001 0.001
3.299 0.001
3.299 6.9485
-1.1300000000000001 6.9485

