c1
4
-0.060009999999999994 0.7415
0.060009999999999994 0.7415
0.06599 0.8405
-0.06599 0.8405

5
botleft
4
-0.815 -0.001
0 -0.001
0 0.001
-0.815 0.001

botright
4
0 -0.001
1.4989999999999997 -0.001
1.4989999999999997 0.001
0 0.001

lEnv
4
-0.31201 0.7415
-0.19199 0.7415
-0.18600999999999998 0.8405
-0.31799 0.8405

c2
4
0.8039899999999999 0.7415
0.8340099999999998 0.7415
0.8399899999999998 0.8405
0.7980099999999999 0.8405

rEnv
4
0.9659899999999998 0.7415
0.9960099999999997 0.7415
1.0019899999999997 0.8405
0.9600099999999998 0.8405


57
IMD3d1_damage
4
-0.321424 0.7315
-0.18257599999999996 0.7315
-0.18197199999999997 0.7415
-0.322028 0.7415
3.1

IMD3d1_damage
4
-0.069424 0.7315
0.069424 0.7315
0.07002799999999999 0.7415
-0.07002799999999999 0.7415
3.1

IMD3d1_damage
4
0.794576 0.7315
0.8434239999999997 0.7315
0.8440279999999998 0.7415
0.7939719999999999 0.7415
3.1

IMD3d1_damage
4
0.9565759999999999 0.7315
1.0054239999999997 0.7315
1.0060279999999997 0.7415
0.9559719999999998 0.7415
3.1

IMD3d2_damage
4
-0.317019 0.7415
-0.31201 0.7415
-0.31799 0.8405
-0.322999 0.8405
2.9

IMD3d2_damage
4
-0.19199 0.7415
-0.18698099999999998 0.7415
-0.18100099999999997 0.8405
-0.18600999999999998 0.8405
2.9

IMD3d2_damage
4
-0.065019 0.7415
-0.060009999999999994 0.7415
-0.06599 0.8405
-0.07099899999999999 0.8405
2.9

IMD3d2_damage
4
0.060009999999999994 0.7415
0.065019 0.7415
0.07099899999999999 0.8405
0.06599 0.8405
2.9

IMD3d2_damage
4
0.7989809999999998 0.7415
0.8039899999999999 0.7415
0.7980099999999999 0.8405
0.7930009999999998 0.8405
2.9

IMD3d2_damage
4
0.8340099999999998 0.7415
0.8390189999999998 0.7415
0.8449989999999998 0.8405
0.8399899999999998 0.8405
2.9

IMD3d2_damage
4
0.9609809999999998 0.7415
0.9659899999999998 0.7415
0.9600099999999998 0.8405
0.9550009999999998 0.8405
2.9

IMD3d2_damage
4
0.9960099999999997 0.7415
1.0010189999999997 0.7415
1.0069989999999998 0.8405
1.0019899999999997 0.8405
2.9

IMD3d2
4
-0.815 0.7415
-0.317019 0.7415
-0.322999 0.8405
-0.815 0.8405
2.65

IMD3d2
4
-0.18698099999999998 0.7415
-0.065019 0.7415
-0.07099899999999999 0.8405
-0.18100099999999997 0.8405
2.65

IMD3d2
4
0.065019 0.7415
0.7989809999999998 0.7415
0.7930009999999998 0.8405
0.07099899999999999 0.8405
2.65

IMD3d2
4
0.8390189999999998 0.7415
0.9609809999999998 0.7415
0.9550009999999998 0.8405
0.8449989999999998 0.8405
2.65

IMD3d2
4
1.0010189999999997 0.7415
1.4989999999999997 0.7415
1.4989999999999997 0.8405
1.0069989999999998 0.8405
2.65

IMD3d1
4
-0.815 0.7315
-0.321424 0.7315
-0.322028 0.7415
-0.815 0.7415
2.65

IMD3d1
4
-0.18257599999999996 0.7315
-0.069424 0.7315
-0.07002799999999999 0.7415
-0.18197199999999997 0.7415
2.65

IMD3d1
4
0.069424 0.7315
0.794576 0.7315
0.7939719999999999 0.7415
0.07002799999999999 0.7415
2.65

IMD3d1
4
0.8434239999999997 0.7315
0.9565759999999999 0.7315
0.9559719999999998 0.7415
0.8440279999999998 0.7415
2.65

IMD3d1
4
1.0054239999999997 0.7315
1.4989999999999997 0.7315
1.4989999999999997 0.7415
1.0060279999999997 0.7415
2.65

IMD3d1
4
-0.815 0.7135
1.4989999999999997 0.7135
1.4989999999999997 0.7315
-0.815 0.7315
2.65

FOXA+FOXB+TOX
4
-0.815 0.001
1.4989999999999997 0.001
1.4989999999999997 0.2665
-0.815 0.2665
4.0

ILD1a
4
-0.815 0.2665
1.4989999999999997 0.2665
1.4989999999999997 0.2765
-0.815 0.2765
7.0

ILD1b1+ILD1b2+ILD1b3
4
-0.815 0.2765
1.4989999999999997 0.2765
1.4989999999999997 0.3955
-0.815 0.3955
4.0

IMD1a
4
-0.815 0.3955
1.4989999999999997 0.3955
1.4989999999999997 0.4065
-0.815 0.4065
5.2

IMD1b
4
-0.815 0.4065
1.4989999999999997 0.4065
1.4989999999999997 0.4665
-0.815 0.4665
2.8

IMD2a
4
-0.815 0.4665
1.4989999999999997 0.4665
1.4989999999999997 0.4875
-0.815 0.4875
5.2

IMD2b
4
-0.815 0.4875
1.4989999999999997 0.4875
1.4989999999999997 0.5025
-0.815 0.5025
4.2

IMD2c
4
-0.815 0.5025
1.4989999999999997 0.5025
1.4989999999999997 0.5265
-0.815 0.5265
3.28

IMD2d1+IMD2d2
4
-0.815 0.5265
1.4989999999999997 0.5265
1.4989999999999997 0.6535
-0.815 0.6535
2.65

IMD3a
4
-0.815 0.6535
1.4989999999999997 0.6535
1.4989999999999997 0.6745
-0.815 0.6745
5.2

IMD3b
4
-0.815 0.6745
1.4989999999999997 0.6745
1.4989999999999997 0.6895
-0.815 0.6895
4.2

IMD3c
4
-0.815 0.6895
1.4989999999999997 0.6895
1.4989999999999997 0.7135
-0.815 0.7135
3.28

IMD4a
4
-0.815 0.8405
1.4989999999999997 0.8405
1.4989999999999997 0.8615
-0.815 0.8615
5.2

IMD4b
4
-0.815 0.8615
1.4989999999999997 0.8615
1.4989999999999997 0.8765
-0.815 0.8765
4.2

IMD4c
4
-0.815 0.8765
1.4989999999999997 0.8765
1.4989999999999997 0.9005
-0.815 0.9005
3.28

IMD4d1+IMD4d2
4
-0.815 0.9005
1.4989999999999997 0.9005
1.4989999999999997 1.0275
-0.815 1.0275
2.65

IMD5a
4
-0.815 1.0275
1.4989999999999997 1.0275
1.4989999999999997 1.0485
-0.815 1.0485
5.2

IMD5b
4
-0.815 1.0485
1.4989999999999997 1.0485
1.4989999999999997 1.0635
-0.815 1.0635
4.2

IMD5c
4
-0.815 1.0635
1.4989999999999997 1.0635
1.4989999999999997 1.0875
-0.815 1.0875
3.28

IMD5d1+IMD5d2
4
-0.815 1.0875
1.4989999999999997 1.0875
1.4989999999999997 1.2145
-0.815 1.2145
2.65

IMD6a
4
-0.815 1.2145
1.4989999999999997 1.2145
1.4989999999999997 1.2355
-0.815 1.2355
5.2

IMD6b
4
-0.815 1.2355
1.4989999999999997 1.2355
1.4989999999999997 1.2505
-0.815 1.2505
4.2

IMD6c
4
-0.815 1.2505
1.4989999999999997 1.2505
1.4989999999999997 1.2745
-0.815 1.2745
3.28

IMD6d1+IMD6d2
4
-0.815 1.2745
1.4989999999999997 1.2745
1.4989999999999997 1.4015
-0.815 1.4015
2.65

IMD7a
4
-0.815 1.4015
1.4989999999999997 1.4015
1.4989999999999997 1.4765
-0.815 1.4765
5.2

IMD7b1+IMD7b2
4
-0.815 1.4765
1.4989999999999997 1.4765
1.4989999999999997 2.9765
-0.815 2.9765
4.2

IMD8a
4
-0.815 2.9765
1.4989999999999997 2.9765
1.4989999999999997 3.0515
-0.815 3.0515
5.2

IMD8b1+IMD8b2
4
-0.815 3.0515
1.4989999999999997 3.0515
1.4989999999999997 4.5515
-0.815 4.5515
4.2

PASS1
4
-0.815 4.5515
1.4989999999999997 4.5515
1.4989999999999997 4.6265
-0.815 4.6265
7.0

PASS2
4
-0.815 4.6265
1.4989999999999997 4.6265
1.4989999999999997 5.0265
-0.815 5.0265
4.2

PASS3
4
-0.815 5.0265
1.4989999999999997 5.0265
1.4989999999999997 5.1015
-0.815 5.1015
7.0

PASS4+PASS5
4
-0.815 5.1015
1.4989999999999997 5.1015
1.4989999999999997 6.0515
-0.815 6.0515
4.2

PASS6
4
-0.815 6.0515
1.4989999999999997 6.0515
1.4989999999999997 6.6515
-0.815 6.6515
7.0

air_Layer
4
-0.815 6.6515
1.4989999999999997 6.6515
1.4989999999999997 6.9485
-0.815 6.9485
1.0


4
-0.815 0.001
1.4989999999999997 0.001
1.4989999999999997 6.9485
-0.815 6.9485

