c1
4
-0.4200100000000001 1.1155
0.4200100000000001 1.1155
0.4259900000000001 1.2145
-0.4259900000000001 1.2145

5
botleft
4
-2.165 -0.001
0 -0.001
0 0.001
-2.165 0.001

botright
4
0 -0.001
4.019 -0.001
4.019 0.001
0 0.001

lEnv
4
-1.66201 1.1155
-0.8219900000000001 1.1155
-0.8160100000000001 1.2145
-1.66799 1.2145

c2
4
1.16399 1.1155
2.13901 1.1155
2.14499 1.2145
1.15801 1.2145

rEnv
4
2.5409900000000003 1.1155
3.51601 1.1155
3.52199 1.2145
2.53501 1.2145


57
IMD5d1_damage
4
-1.671424 1.1055
-0.8125760000000002 1.1055
-0.8119720000000001 1.1155
-1.672028 1.1155
3.1

IMD5d1_damage
4
-0.4294240000000001 1.1055
0.4294240000000001 1.1055
0.4300280000000001 1.1155
-0.4300280000000001 1.1155
3.1

IMD5d1_damage
4
1.154576 1.1055
2.148424 1.1055
2.149028 1.1155
1.153972 1.1155
3.1

IMD5d1_damage
4
2.5315760000000003 1.1055
3.525424 1.1055
3.526028 1.1155
2.530972 1.1155
3.1

IMD5d2_damage
4
-1.667019 1.1155
-1.66201 1.1155
-1.66799 1.2145
-1.6729990000000001 1.2145
2.9

IMD5d2_damage
4
-0.8219900000000001 1.1155
-0.8169810000000001 1.1155
-0.8110010000000001 1.2145
-0.8160100000000001 1.2145
2.9

IMD5d2_damage
4
-0.4250190000000001 1.1155
-0.4200100000000001 1.1155
-0.4259900000000001 1.2145
-0.4309990000000001 1.2145
2.9

IMD5d2_damage
4
0.4200100000000001 1.1155
0.4250190000000001 1.1155
0.4309990000000001 1.2145
0.4259900000000001 1.2145
2.9

IMD5d2_damage
4
1.158981 1.1155
1.16399 1.1155
1.15801 1.2145
1.153001 1.2145
2.9

IMD5d2_damage
4
2.13901 1.1155
2.1440189999999997 1.1155
2.1499989999999998 1.2145
2.14499 1.2145
2.9

IMD5d2_damage
4
2.5359810000000005 1.1155
2.5409900000000003 1.1155
2.53501 1.2145
2.5300010000000004 1.2145
2.9

IMD5d2_damage
4
3.51601 1.1155
3.521019 1.1155
3.526999 1.2145
3.52199 1.2145
2.9

IMD5d2
4
-2.165 1.1155
-1.667019 1.1155
-1.6729990000000001 1.2145
-2.165 1.2145
2.65

IMD5d2
4
-0.8169810000000001 1.1155
-0.4250190000000001 1.1155
-0.4309990000000001 1.2145
-0.8110010000000001 1.2145
2.65

IMD5d2
4
0.4250190000000001 1.1155
1.158981 1.1155
1.153001 1.2145
0.4309990000000001 1.2145
2.65

IMD5d2
4
2.1440189999999997 1.1155
2.5359810000000005 1.1155
2.5300010000000004 1.2145
2.1499989999999998 1.2145
2.65

IMD5d2
4
3.521019 1.1155
4.019 1.1155
4.019 1.2145
3.526999 1.2145
2.65

IMD5d1
4
-2.165 1.1055
-1.671424 1.1055
-1.672028 1.1155
-2.165 1.1155
2.65

IMD5d1
4
-0.8125760000000002 1.1055
-0.4294240000000001 1.1055
-0.4300280000000001 1.1155
-0.8119720000000001 1.1155
2.65

IMD5d1
4
0.4294240000000001 1.1055
1.154576 1.1055
1.153972 1.1155
0.4300280000000001 1.1155
2.65

IMD5d1
4
2.148424 1.1055
2.5315760000000003 1.1055
2.530972 1.1155
2.149028 1.1155
2.65

IMD5d1
4
3.525424 1.1055
4.019 1.1055
4.019 1.1155
3.526028 1.1155
2.65

IMD5d1
4
-2.165 1.0875
4.019 1.0875
4.019 1.1055
-2.165 1.1055
2.65

FOXA+FOXB+TOX
4
-2.165 0.001
4.019 0.001
4.019 0.2665
-2.165 0.2665
4.0

ILD1a
4
-2.165 0.2665
4.019 0.2665
4.019 0.2765
-2.165 0.2765
7.0

ILD1b1+ILD1b2+ILD1b3
4
-2.165 0.2765
4.019 0.2765
4.019 0.3955
-2.165 0.3955
4.0

IMD1a
4
-2.165 0.3955
4.019 0.3955
4.019 0.4065
-2.165 0.4065
5.2

IMD1b
4
-2.165 0.4065
4.019 0.4065
4.019 0.4665
-2.165 0.4665
2.8

IMD2a
4
-2.165 0.4665
4.019 0.4665
4.019 0.4875
-2.165 0.4875
5.2

IMD2b
4
-2.165 0.4875
4.019 0.4875
4.019 0.5025
-2.165 0.5025
4.2

IMD2c
4
-2.165 0.5025
4.019 0.5025
4.019 0.5265
-2.165 0.5265
3.28

IMD2d1+IMD2d2
4
-2.165 0.5265
4.019 0.5265
4.019 0.6535
-2.165 0.6535
2.65

IMD3a
4
-2.165 0.6535
4.019 0.6535
4.019 0.6745
-2.165 0.6745
5.2

IMD3b
4
-2.165 0.6745
4.019 0.6745
4.019 0.6895
-2.165 0.6895
4.2

IMD3c
4
-2.165 0.6895
4.019 0.6895
4.019 0.7135
-2.165 0.7135
3.28

IMD3d1+IMD3d2
4
-2.165 0.7135
4.019 0.7135
4.019 0.8405
-2.165 0.8405
2.65

IMD4a
4
-2.165 0.8405
4.019 0.8405
4.019 0.8615
-2.165 0.8615
5.2

IMD4b
4
-2.165 0.8615
4.019 0.8615
4.019 0.8765
-2.165 0.8765
4.2

IMD4c
4
-2.165 0.8765
4.019 0.8765
4.019 0.9005
-2.165 0.9005
3.28

IMD4d1+IMD4d2
4
-2.165 0.9005
4.019 0.9005
4.019 1.0275
-2.165 1.0275
2.65

IMD5a
4
-2.165 1.0275
4.019 1.0275
4.019 1.0485
-2.165 1.0485
5.2

IMD5b
4
-2.165 1.0485
4.019 1.0485
4.019 1.0635
-2.165 1.0635
4.2

IMD5c
4
-2.165 1.0635
4.019 1.0635
4.019 1.0875
-2.165 1.0875
3.28

IMD6a
4
-2.165 1.2145
4.019 1.2145
4.019 1.2355
-2.165 1.2355
5.2

IMD6b
4
-2.165 1.2355
4.019 1.2355
4.019 1.2505
-2.165 1.2505
4.2

IMD6c
4
-2.165 1.2505
4.019 1.2505
4.019 1.2745
-2.165 1.2745
3.28

IMD6d1+IMD6d2
4
-2.165 1.2745
4.019 1.2745
4.019 1.4015
-2.165 1.4015
2.65

IMD7a
4
-2.165 1.4015
4.019 1.4015
4.019 1.4765
-2.165 1.4765
5.2

IMD7b1+IMD7b2
4
-2.165 1.4765
4.019 1.4765
4.019 2.9765
-2.165 2.9765
4.2

IMD8a
4
-2.165 2.9765
4.019 2.9765
4.019 3.0515
-2.165 3.0515
5.2

IMD8b1+IMD8b2
4
-2.165 3.0515
4.019 3.0515
4.019 4.5515
-2.165 4.5515
4.2

PASS1
4
-2.165 4.5515
4.019 4.5515
4.019 4.6265
-2.165 4.6265
7.0

PASS2
4
-2.165 4.6265
4.019 4.6265
4.019 5.0265
-2.165 5.0265
4.2

PASS3
4
-2.165 5.0265
4.019 5.0265
4.019 5.1015
-2.165 5.1015
7.0

PASS4+PASS5
4
-2.165 5.1015
4.019 5.1015
4.019 6.0515
-2.165 6.0515
4.2

PASS6
4
-2.165 6.0515
4.019 6.0515
4.019 6.6515
-2.165 6.6515
7.0

air_Layer
4
-2.165 6.6515
4.019 6.6515
4.019 6.9485
-2.165 6.9485
1.0


4
-2.165 0.001
4.019 0.001
4.019 6.9485
-2.165 6.9485

