c1
4
-0.15000999999999995 0.7415
0.15001000000000006 0.7415
0.15599000000000007 0.8405
-0.15598999999999996 0.8405

5
botleft
4
-1.265 -0.001
0 -0.001
0 0.001
-1.265 0.001

botright
4
0 -0.001
2.2190000000000003 -0.001
2.2190000000000003 0.001
0 0.001

lEnv
4
-0.76201 0.7415
-0.46198999999999996 0.7415
-0.45600999999999997 0.8405
-0.76799 0.8405

c2
4
0.8039900000000001 0.7415
1.10401 0.7415
1.10999 0.8405
0.7980100000000001 0.8405

rEnv
4
1.41599 0.7415
1.71601 0.7415
1.7219900000000001 0.8405
1.41001 0.8405


57
IMD3d1_damage
4
-0.7714239999999999 0.7315
-0.452576 0.7315
-0.451972 0.7415
-0.7720279999999999 0.7415
3.1

IMD3d1_damage
4
-0.15942399999999995 0.7315
0.15942400000000007 0.7315
0.16002800000000006 0.7415
-0.16002799999999995 0.7415
3.1

IMD3d1_damage
4
0.7945760000000002 0.7315
1.113424 0.7315
1.114028 0.7415
0.7939720000000001 0.7415
3.1

IMD3d1_damage
4
1.406576 0.7315
1.725424 0.7315
1.7260280000000001 0.7415
1.405972 0.7415
3.1

IMD3d2_damage
4
-0.767019 0.7415
-0.76201 0.7415
-0.76799 0.8405
-0.772999 0.8405
2.9

IMD3d2_damage
4
-0.46198999999999996 0.7415
-0.45698099999999997 0.7415
-0.451001 0.8405
-0.45600999999999997 0.8405
2.9

IMD3d2_damage
4
-0.15501899999999996 0.7415
-0.15000999999999995 0.7415
-0.15598999999999996 0.8405
-0.16099899999999998 0.8405
2.9

IMD3d2_damage
4
0.15001000000000006 0.7415
0.15501900000000007 0.7415
0.1609990000000001 0.8405
0.15599000000000007 0.8405
2.9

IMD3d2_damage
4
0.798981 0.7415
0.8039900000000001 0.7415
0.7980100000000001 0.8405
0.7930010000000001 0.8405
2.9

IMD3d2_damage
4
1.10401 0.7415
1.109019 0.7415
1.114999 0.8405
1.10999 0.8405
2.9

IMD3d2_damage
4
1.410981 0.7415
1.41599 0.7415
1.41001 0.8405
1.405001 0.8405
2.9

IMD3d2_damage
4
1.71601 0.7415
1.721019 0.7415
1.7269990000000002 0.8405
1.7219900000000001 0.8405
2.9

IMD3d2
4
-1.265 0.7415
-0.767019 0.7415
-0.772999 0.8405
-1.265 0.8405
2.65

IMD3d2
4
-0.45698099999999997 0.7415
-0.15501899999999996 0.7415
-0.16099899999999998 0.8405
-0.451001 0.8405
2.65

IMD3d2
4
0.15501900000000007 0.7415
0.798981 0.7415
0.7930010000000001 0.8405
0.1609990000000001 0.8405
2.65

IMD3d2
4
1.109019 0.7415
1.410981 0.7415
1.405001 0.8405
1.114999 0.8405
2.65

IMD3d2
4
1.721019 0.7415
2.2190000000000003 0.7415
2.2190000000000003 0.8405
1.7269990000000002 0.8405
2.65

IMD3d1
4
-1.265 0.7315
-0.7714239999999999 0.7315
-0.7720279999999999 0.7415
-1.265 0.7415
2.65

IMD3d1
4
-0.452576 0.7315
-0.15942399999999995 0.7315
-0.16002799999999995 0.7415
-0.451972 0.7415
2.65

IMD3d1
4
0.15942400000000007 0.7315
0.7945760000000002 0.7315
0.7939720000000001 0.7415
0.16002800000000006 0.7415
2.65

IMD3d1
4
1.113424 0.7315
1.406576 0.7315
1.405972 0.7415
1.114028 0.7415
2.65

IMD3d1
4
1.725424 0.7315
2.2190000000000003 0.7315
2.2190000000000003 0.7415
1.7260280000000001 0.7415
2.65

IMD3d1
4
-1.265 0.7135
2.2190000000000003 0.7135
2.2190000000000003 0.7315
-1.265 0.7315
2.65

FOXA+FOXB+TOX
4
-1.265 0.001
2.2190000000000003 0.001
2.2190000000000003 0.2665
-1.265 0.2665
4.0

ILD1a
4
-1.265 0.2665
2.2190000000000003 0.2665
2.2190000000000003 0.2765
-1.265 0.2765
7.0

ILD1b1+ILD1b2+ILD1b3
4
-1.265 0.2765
2.2190000000000003 0.2765
2.2190000000000003 0.3955
-1.265 0.3955
4.0

IMD1a
4
-1.265 0.3955
2.2190000000000003 0.3955
2.2190000000000003 0.4065
-1.265 0.4065
5.2

IMD1b
4
-1.265 0.4065
2.2190000000000003 0.4065
2.2190000000000003 0.4665
-1.265 0.4665
2.8

IMD2a
4
-1.265 0.4665
2.2190000000000003 0.4665
2.2190000000000003 0.4875
-1.265 0.4875
5.2

IMD2b
4
-1.265 0.4875
2.2190000000000003 0.4875
2.2190000000000003 0.5025
-1.265 0.5025
4.2

IMD2c
4
-1.265 0.5025
2.2190000000000003 0.5025
2.2190000000000003 0.5265
-1.265 0.5265
3.28

IMD2d1+IMD2d2
4
-1.265 0.5265
2.2190000000000003 0.5265
2.2190000000000003 0.6535
-1.265 0.6535
2.65

IMD3a
4
-1.265 0.6535
2.2190000000000003 0.6535
2.2190000000000003 0.6745
-1.265 0.6745
5.2

IMD3b
4
-1.265 0.6745
2.2190000000000003 0.6745
2.2190000000000003 0.6895
-1.265 0.6895
4.2

IMD3c
4
-1.265 0.6895
2.2190000000000003 0.6895
2.2190000000000003 0.7135
-1.265 0.7135
3.28

IMD4a
4
-1.265 0.8405
2.2190000000000003 0.8405
2.2190000000000003 0.8615
-1.265 0.8615
5.2

IMD4b
4
-1.265 0.8615
2.2190000000000003 0.8615
2.2190000000000003 0.8765
-1.265 0.8765
4.2

IMD4c
4
-1.265 0.8765
2.2190000000000003 0.8765
2.2190000000000003 0.9005
-1.265 0.9005
3.28

IMD4d1+IMD4d2
4
-1.265 0.9005
2.2190000000000003 0.9005
2.2190000000000003 1.0275
-1.265 1.0275
2.65

IMD5a
4
-1.265 1.0275
2.2190000000000003 1.0275
2.2190000000000003 1.0485
-1.265 1.0485
5.2

IMD5b
4
-1.265 1.0485
2.2190000000000003 1.0485
2.2190000000000003 1.0635
-1.265 1.0635
4.2

IMD5c
4
-1.265 1.0635
2.2190000000000003 1.0635
2.2190000000000003 1.0875
-1.265 1.0875
3.28

IMD5d1+IMD5d2
4
-1.265 1.0875
2.2190000000000003 1.0875
2.2190000000000003 1.2145
-1.265 1.2145
2.65

IMD6a
4
-1.265 1.2145
2.2190000000000003 1.2145
2.2190000000000003 1.2355
-1.265 1.2355
5.2

IMD6b
4
-1.265 1.2355
2.2190000000000003 1.2355
2.2190000000000003 1.2505
-1.265 1.2505
4.2

IMD6c
4
-1.265 1.2505
2.2190000000000003 1.2505
2.2190000000000003 1.2745
-1.265 1.2745
3.28

IMD6d1+IMD6d2
4
-1.265 1.2745
2.2190000000000003 1.2745
2.2190000000000003 1.4015
-1.265 1.4015
2.65

IMD7a
4
-1.265 1.4015
2.2190000000000003 1.4015
2.2190000000000003 1.4765
-1.265 1.4765
5.2

IMD7b1+IMD7b2
4
-1.265 1.4765
2.2190000000000003 1.4765
2.2190000000000003 2.9765
-1.265 2.9765
4.2

IMD8a
4
-1.265 2.9765
2.2190000000000003 2.9765
2.2190000000000003 3.0515
-1.265 3.0515
5.2

IMD8b1+IMD8b2
4
-1.265 3.0515
2.2190000000000003 3.0515
2.2190000000000003 4.5515
-1.265 4.5515
4.2

PASS1
4
-1.265 4.5515
2.2190000000000003 4.5515
2.2190000000000003 4.6265
-1.265 4.6265
7.0

PASS2
4
-1.265 4.6265
2.2190000000000003 4.6265
2.2190000000000003 5.0265
-1.265 5.0265
4.2

PASS3
4
-1.265 5.0265
2.2190000000000003 5.0265
2.2190000000000003 5.1015
-1.265 5.1015
7.0

PASS4+PASS5
4
-1.265 5.1015
2.2190000000000003 5.1015
2.2190000000000003 6.0515
-1.265 6.0515
4.2

PASS6
4
-1.265 6.0515
2.2190000000000003 6.0515
2.2190000000000003 6.6515
-1.265 6.6515
7.0

air_Layer
4
-1.265 6.6515
2.2190000000000003 6.6515
2.2190000000000003 6.9485
-1.265 6.9485
1.0


4
-1.265 0.001
2.2190000000000003 0.001
2.2190000000000003 6.9485
-1.265 6.9485

