c1
4
-0.01501000000000001 0.9285000000000001
0.01501000000000001 0.9285000000000001
0.02099000000000001 1.0275
-0.02099000000000001 1.0275

5
botleft
4
-0.9500000000000001 -0.001
0 -0.001
0 0.001
-0.9500000000000001 0.001

botright
4
0 -0.001
3.5690000000000004 -0.001
3.5690000000000004 0.001
0 0.001

lEnv
4
-0.4470100000000001 0.9285000000000001
-0.41699 0.9285000000000001
-0.41101000000000004 1.0275
-0.45299000000000006 1.0275

c2
4
0.71399 0.9285000000000001
1.68901 0.9285000000000001
1.69499 1.0275
0.70801 1.0275

rEnv
4
2.09099 0.9285000000000001
3.06601 0.9285000000000001
3.07199 1.0275
2.08501 1.0275


57
IMD4d1_damage
4
-0.45642400000000005 0.9185000000000001
-0.40757600000000005 0.9185000000000001
-0.40697200000000006 0.9285000000000001
-0.45702800000000005 0.9285000000000001
3.1

IMD4d1_damage
4
-0.024424000000000008 0.9185000000000001
0.024424000000000008 0.9185000000000001
0.02502800000000001 0.9285000000000001
-0.02502800000000001 0.9285000000000001
3.1

IMD4d1_damage
4
0.7045760000000001 0.9185000000000001
1.698424 0.9185000000000001
1.699028 0.9285000000000001
0.703972 0.9285000000000001
3.1

IMD4d1_damage
4
2.081576 0.9185000000000001
3.075424 0.9185000000000001
3.076028 0.9285000000000001
2.080972 0.9285000000000001
3.1

IMD4d2_damage
4
-0.45201900000000006 0.9285000000000001
-0.4470100000000001 0.9285000000000001
-0.45299000000000006 1.0275
-0.45799900000000004 1.0275
2.9

IMD4d2_damage
4
-0.41699 0.9285000000000001
-0.41198100000000004 0.9285000000000001
-0.40600100000000006 1.0275
-0.41101000000000004 1.0275
2.9

IMD4d2_damage
4
-0.02001900000000001 0.9285000000000001
-0.01501000000000001 0.9285000000000001
-0.02099000000000001 1.0275
-0.025999000000000008 1.0275
2.9

IMD4d2_damage
4
0.01501000000000001 0.9285000000000001
0.02001900000000001 0.9285000000000001
0.025999000000000008 1.0275
0.02099000000000001 1.0275
2.9

IMD4d2_damage
4
0.708981 0.9285000000000001
0.71399 0.9285000000000001
0.70801 1.0275
0.703001 1.0275
2.9

IMD4d2_damage
4
1.68901 0.9285000000000001
1.694019 0.9285000000000001
1.699999 1.0275
1.69499 1.0275
2.9

IMD4d2_damage
4
2.0859810000000003 0.9285000000000001
2.09099 0.9285000000000001
2.08501 1.0275
2.080001 1.0275
2.9

IMD4d2_damage
4
3.06601 0.9285000000000001
3.0710189999999997 0.9285000000000001
3.076999 1.0275
3.07199 1.0275
2.9

IMD4d2
4
-0.9500000000000001 0.9285000000000001
-0.45201900000000006 0.9285000000000001
-0.45799900000000004 1.0275
-0.9500000000000001 1.0275
2.65

IMD4d2
4
-0.41198100000000004 0.9285000000000001
-0.02001900000000001 0.9285000000000001
-0.025999000000000008 1.0275
-0.40600100000000006 1.0275
2.65

IMD4d2
4
0.02001900000000001 0.9285000000000001
0.708981 0.9285000000000001
0.703001 1.0275
0.025999000000000008 1.0275
2.65

IMD4d2
4
1.694019 0.9285000000000001
2.0859810000000003 0.9285000000000001
2.080001 1.0275
1.699999 1.0275
2.65

IMD4d2
4
3.0710189999999997 0.9285000000000001
3.5690000000000004 0.9285000000000001
3.5690000000000004 1.0275
3.076999 1.0275
2.65

IMD4d1
4
-0.9500000000000001 0.9185000000000001
-0.45642400000000005 0.9185000000000001
-0.45702800000000005 0.9285000000000001
-0.9500000000000001 0.9285000000000001
2.65

IMD4d1
4
-0.40757600000000005 0.9185000000000001
-0.024424000000000008 0.9185000000000001
-0.02502800000000001 0.9285000000000001
-0.40697200000000006 0.9285000000000001
2.65

IMD4d1
4
0.024424000000000008 0.9185000000000001
0.7045760000000001 0.9185000000000001
0.703972 0.9285000000000001
0.02502800000000001 0.9285000000000001
2.65

IMD4d1
4
1.698424 0.9185000000000001
2.081576 0.9185000000000001
2.080972 0.9285000000000001
1.699028 0.9285000000000001
2.65

IMD4d1
4
3.075424 0.9185000000000001
3.5690000000000004 0.9185000000000001
3.5690000000000004 0.9285000000000001
3.076028 0.9285000000000001
2.65

IMD4d1
4
-0.9500000000000001 0.9005
3.5690000000000004 0.9005
3.5690000000000004 0.9185000000000001
-0.9500000000000001 0.9185000000000001
2.65

FOXA+FOXB+TOX
4
-0.9500000000000001 0.001
3.5690000000000004 0.001
3.5690000000000004 0.2665
-0.9500000000000001 0.2665
4.0

ILD1a
4
-0.9500000000000001 0.2665
3.5690000000000004 0.2665
3.5690000000000004 0.2765
-0.9500000000000001 0.2765
7.0

ILD1b1+ILD1b2+ILD1b3
4
-0.9500000000000001 0.2765
3.5690000000000004 0.2765
3.5690000000000004 0.3955
-0.9500000000000001 0.3955
4.0

IMD1a
4
-0.9500000000000001 0.3955
3.5690000000000004 0.3955
3.5690000000000004 0.4065
-0.9500000000000001 0.4065
5.2

IMD1b
4
-0.9500000000000001 0.4065
3.5690000000000004 0.4065
3.5690000000000004 0.4665
-0.9500000000000001 0.4665
2.8

IMD2a
4
-0.9500000000000001 0.4665
3.5690000000000004 0.4665
3.5690000000000004 0.4875
-0.9500000000000001 0.4875
5.2

IMD2b
4
-0.9500000000000001 0.4875
3.5690000000000004 0.4875
3.5690000000000004 0.5025
-0.9500000000000001 0.5025
4.2

IMD2c
4
-0.9500000000000001 0.5025
3.5690000000000004 0.5025
3.5690000000000004 0.5265
-0.9500000000000001 0.5265
3.28

IMD2d1+IMD2d2
4
-0.9500000000000001 0.5265
3.5690000000000004 0.5265
3.5690000000000004 0.6535
-0.9500000000000001 0.6535
2.65

IMD3a
4
-0.9500000000000001 0.6535
3.5690000000000004 0.6535
3.5690000000000004 0.6745
-0.9500000000000001 0.6745
5.2

IMD3b
4
-0.9500000000000001 0.6745
3.5690000000000004 0.6745
3.5690000000000004 0.6895
-0.9500000000000001 0.6895
4.2

IMD3c
4
-0.9500000000000001 0.6895
3.5690000000000004 0.6895
3.5690000000000004 0.7135
-0.9500000000000001 0.7135
3.28

IMD3d1+IMD3d2
4
-0.9500000000000001 0.7135
3.5690000000000004 0.7135
3.5690000000000004 0.8405
-0.9500000000000001 0.8405
2.65

IMD4a
4
-0.9500000000000001 0.8405
3.5690000000000004 0.8405
3.5690000000000004 0.8615
-0.9500000000000001 0.8615
5.2

IMD4b
4
-0.9500000000000001 0.8615
3.5690000000000004 0.8615
3.5690000000000004 0.8765
-0.9500000000000001 0.8765
4.2

IMD4c
4
-0.9500000000000001 0.8765
3.5690000000000004 0.8765
3.5690000000000004 0.9005
-0.9500000000000001 0.9005
3.28

IMD5a
4
-0.9500000000000001 1.0275
3.5690000000000004 1.0275
3.5690000000000004 1.0485
-0.9500000000000001 1.0485
5.2

IMD5b
4
-0.9500000000000001 1.0485
3.5690000000000004 1.0485
3.5690000000000004 1.0635
-0.9500000000000001 1.0635
4.2

IMD5c
4
-0.9500000000000001 1.0635
3.5690000000000004 1.0635
3.5690000000000004 1.0875
-0.9500000000000001 1.0875
3.28

IMD5d1+IMD5d2
4
-0.9500000000000001 1.0875
3.5690000000000004 1.0875
3.5690000000000004 1.2145
-0.9500000000000001 1.2145
2.65

IMD6a
4
-0.9500000000000001 1.2145
3.5690000000000004 1.2145
3.5690000000000004 1.2355
-0.9500000000000001 1.2355
5.2

IMD6b
4
-0.9500000000000001 1.2355
3.5690000000000004 1.2355
3.5690000000000004 1.2505
-0.9500000000000001 1.2505
4.2

IMD6c
4
-0.9500000000000001 1.2505
3.5690000000000004 1.2505
3.5690000000000004 1.2745
-0.9500000000000001 1.2745
3.28

IMD6d1+IMD6d2
4
-0.9500000000000001 1.2745
3.5690000000000004 1.2745
3.5690000000000004 1.4015
-0.9500000000000001 1.4015
2.65

IMD7a
4
-0.9500000000000001 1.4015
3.5690000000000004 1.4015
3.5690000000000004 1.4765
-0.9500000000000001 1.4765
5.2

IMD7b1+IMD7b2
4
-0.9500000000000001 1.4765
3.5690000000000004 1.4765
3.5690000000000004 2.9765
-0.9500000000000001 2.9765
4.2

IMD8a
4
-0.9500000000000001 2.9765
3.5690000000000004 2.9765
3.5690000000000004 3.0515
-0.9500000000000001 3.0515
5.2

IMD8b1+IMD8b2
4
-0.9500000000000001 3.0515
3.5690000000000004 3.0515
3.5690000000000004 4.5515
-0.9500000000000001 4.5515
4.2

PASS1
4
-0.9500000000000001 4.5515
3.5690000000000004 4.5515
3.5690000000000004 4.6265
-0.9500000000000001 4.6265
7.0

PASS2
4
-0.9500000000000001 4.6265
3.5690000000000004 4.6265
3.5690000000000004 5.0265
-0.9500000000000001 5.0265
4.2

PASS3
4
-0.9500000000000001 5.0265
3.5690000000000004 5.0265
3.5690000000000004 5.1015
-0.9500000000000001 5.1015
7.0

PASS4+PASS5
4
-0.9500000000000001 5.1015
3.5690000000000004 5.1015
3.5690000000000004 6.0515
-0.9500000000000001 6.0515
4.2

PASS6
4
-0.9500000000000001 6.0515
3.5690000000000004 6.0515
3.5690000000000004 6.6515
-0.9500000000000001 6.6515
7.0

air_Layer
4
-0.9500000000000001 6.6515
3.5690000000000004 6.6515
3.5690000000000004 6.9485
-0.9500000000000001 6.9485
1.0


4
-0.9500000000000001 0.001
3.5690000000000004 0.001
3.5690000000000004 6.9485
-0.9500000000000001 6.9485

