c1
4
-0.015009999999999982 1.3025
0.01501000000000001 1.3025
0.02099000000000001 1.4015
-0.02098999999999998 1.4015

5
botleft
4
-0.6799999999999999 -0.001
0 -0.001
0 0.001
-0.6799999999999999 0.001

botright
4
0 -0.001
1.274 -0.001
1.274 0.001
0 0.001

lEnv
4
-0.17700999999999997 1.3025
-0.14699 1.3025
-0.14101 1.4015
-0.18298999999999999 1.4015

c2
4
0.03899000000000001 1.3025
0.33901000000000003 1.3025
0.34499 1.4015
0.03301000000000001 1.4015

rEnv
4
0.47099 1.3025
0.7710100000000001 1.3025
0.7769900000000001 1.4015
0.46501000000000003 1.4015


57
IMD6d1_damage
4
-0.18642399999999998 1.2925
-0.13757599999999998 1.2925
-0.13697199999999998 1.3025
-0.18702799999999997 1.3025
3.1

IMD6d1_damage
4
-0.02442399999999998 1.2925
0.024424000000000008 1.2925
0.02502800000000001 1.3025
-0.02502799999999998 1.3025
3.1

IMD6d1_damage
4
0.029576000000000012 1.2925
0.348424 1.2925
0.349028 1.3025
0.02897200000000001 1.3025
3.1

IMD6d1_damage
4
0.46157600000000004 1.2925
0.780424 1.2925
0.7810280000000001 1.3025
0.46097200000000005 1.3025
3.1

IMD6d2_damage
4
-0.182019 1.3025
-0.17700999999999997 1.3025
-0.18298999999999999 1.4015
-0.187999 1.4015
2.9

IMD6d2_damage
4
-0.14699 1.3025
-0.141981 1.3025
-0.13600099999999998 1.4015
-0.14101 1.4015
2.9

IMD6d2_damage
4
-0.02001899999999998 1.3025
-0.015009999999999982 1.3025
-0.02098999999999998 1.4015
-0.02599899999999998 1.4015
2.9

IMD6d2_damage
4
0.01501000000000001 1.3025
0.02001900000000001 1.3025
0.025999000000000008 1.4015
0.02099000000000001 1.4015
2.9

IMD6d2_damage
4
0.03398100000000001 1.3025
0.03899000000000001 1.3025
0.03301000000000001 1.4015
0.028001000000000012 1.4015
2.9

IMD6d2_damage
4
0.33901000000000003 1.3025
0.344019 1.3025
0.349999 1.4015
0.34499 1.4015
2.9

IMD6d2_damage
4
0.46598100000000003 1.3025
0.47099 1.3025
0.46501000000000003 1.4015
0.46000100000000005 1.4015
2.9

IMD6d2_damage
4
0.7710100000000001 1.3025
0.7760190000000001 1.3025
0.7819990000000001 1.4015
0.7769900000000001 1.4015
2.9

IMD6d2
4
-0.6799999999999999 1.3025
-0.182019 1.3025
-0.187999 1.4015
-0.6799999999999999 1.4015
2.65

IMD6d2
4
-0.141981 1.3025
-0.02001899999999998 1.3025
-0.02599899999999998 1.4015
-0.13600099999999998 1.4015
2.65

IMD6d2
4
0.02001900000000001 1.3025
0.03398100000000001 1.3025
0.028001000000000012 1.4015
0.025999000000000008 1.4015
2.65

IMD6d2
4
0.344019 1.3025
0.46598100000000003 1.3025
0.46000100000000005 1.4015
0.349999 1.4015
2.65

IMD6d2
4
0.7760190000000001 1.3025
1.274 1.3025
1.274 1.4015
0.7819990000000001 1.4015
2.65

IMD6d1
4
-0.6799999999999999 1.2925
-0.18642399999999998 1.2925
-0.18702799999999997 1.3025
-0.6799999999999999 1.3025
2.65

IMD6d1
4
-0.13757599999999998 1.2925
-0.02442399999999998 1.2925
-0.02502799999999998 1.3025
-0.13697199999999998 1.3025
2.65

IMD6d1
4
0.024424000000000008 1.2925
0.029576000000000012 1.2925
0.02897200000000001 1.3025
0.02502800000000001 1.3025
2.65

IMD6d1
4
0.348424 1.2925
0.46157600000000004 1.2925
0.46097200000000005 1.3025
0.349028 1.3025
2.65

IMD6d1
4
0.780424 1.2925
1.274 1.2925
1.274 1.3025
0.7810280000000001 1.3025
2.65

IMD6d1
4
-0.6799999999999999 1.2745
1.274 1.2745
1.274 1.2925
-0.6799999999999999 1.2925
2.65

FOXA+FOXB+TOX
4
-0.6799999999999999 0.001
1.274 0.001
1.274 0.2665
-0.6799999999999999 0.2665
4.0

ILD1a
4
-0.6799999999999999 0.2665
1.274 0.2665
1.274 0.2765
-0.6799999999999999 0.2765
7.0

ILD1b1+ILD1b2+ILD1b3
4
-0.6799999999999999 0.2765
1.274 0.2765
1.274 0.3955
-0.6799999999999999 0.3955
4.0

IMD1a
4
-0.6799999999999999 0.3955
1.274 0.3955
1.274 0.4065
-0.6799999999999999 0.4065
5.2

IMD1b
4
-0.6799999999999999 0.4065
1.274 0.4065
1.274 0.4665
-0.6799999999999999 0.4665
2.8

IMD2a
4
-0.6799999999999999 0.4665
1.274 0.4665
1.274 0.4875
-0.6799999999999999 0.4875
5.2

IMD2b
4
-0.6799999999999999 0.4875
1.274 0.4875
1.274 0.5025
-0.6799999999999999 0.5025
4.2

IMD2c
4
-0.6799999999999999 0.5025
1.274 0.5025
1.274 0.5265
-0.6799999999999999 0.5265
3.28

IMD2d1+IMD2d2
4
-0.6799999999999999 0.5265
1.274 0.5265
1.274 0.6535
-0.6799999999999999 0.6535
2.65

IMD3a
4
-0.6799999999999999 0.6535
1.274 0.6535
1.274 0.6745
-0.6799999999999999 0.6745
5.2

IMD3b
4
-0.6799999999999999 0.6745
1.274 0.6745
1.274 0.6895
-0.6799999999999999 0.6895
4.2

IMD3c
4
-0.6799999999999999 0.6895
1.274 0.6895
1.274 0.7135
-0.6799999999999999 0.7135
3.28

IMD3d1+IMD3d2
4
-0.6799999999999999 0.7135
1.274 0.7135
1.274 0.8405
-0.6799999999999999 0.8405
2.65

IMD4a
4
-0.6799999999999999 0.8405
1.274 0.8405
1.274 0.8615
-0.6799999999999999 0.8615
5.2

IMD4b
4
-0.6799999999999999 0.8615
1.274 0.8615
1.274 0.8765
-0.6799999999999999 0.8765
4.2

IMD4c
4
-0.6799999999999999 0.8765
1.274 0.8765
1.274 0.9005
-0.6799999999999999 0.9005
3.28

IMD4d1+IMD4d2
4
-0.6799999999999999 0.9005
1.274 0.9005
1.274 1.0275
-0.6799999999999999 1.0275
2.65

IMD5a
4
-0.6799999999999999 1.0275
1.274 1.0275
1.274 1.0485
-0.6799999999999999 1.0485
5.2

IMD5b
4
-0.6799999999999999 1.0485
1.274 1.0485
1.274 1.0635
-0.6799999999999999 1.0635
4.2

IMD5c
4
-0.6799999999999999 1.0635
1.274 1.0635
1.274 1.0875
-0.6799999999999999 1.0875
3.28

IMD5d1+IMD5d2
4
-0.6799999999999999 1.0875
1.274 1.0875
1.274 1.2145
-0.6799999999999999 1.2145
2.65

IMD6a
4
-0.6799999999999999 1.2145
1.274 1.2145
1.274 1.2355
-0.6799999999999999 1.2355
5.2

IMD6b
4
-0.6799999999999999 1.2355
1.274 1.2355
1.274 1.2505
-0.6799999999999999 1.2505
4.2

IMD6c
4
-0.6799999999999999 1.2505
1.274 1.2505
1.274 1.2745
-0.6799999999999999 1.2745
3.28

IMD7a
4
-0.6799999999999999 1.4015
1.274 1.4015
1.274 1.4765
-0.6799999999999999 1.4765
5.2

IMD7b1+IMD7b2
4
-0.6799999999999999 1.4765
1.274 1.4765
1.274 2.9765
-0.6799999999999999 2.9765
4.2

IMD8a
4
-0.6799999999999999 2.9765
1.274 2.9765
1.274 3.0515
-0.6799999999999999 3.0515
5.2

IMD8b1+IMD8b2
4
-0.6799999999999999 3.0515
1.274 3.0515
1.274 4.5515
-0.6799999999999999 4.5515
4.2

PASS1
4
-0.6799999999999999 4.5515
1.274 4.5515
1.274 4.6265
-0.6799999999999999 4.6265
7.0

PASS2
4
-0.6799999999999999 4.6265
1.274 4.6265
1.274 5.0265
-0.6799999999999999 5.0265
4.2

PASS3
4
-0.6799999999999999 5.0265
1.274 5.0265
1.274 5.1015
-0.6799999999999999 5.1015
7.0

PASS4+PASS5
4
-0.6799999999999999 5.1015
1.274 5.1015
1.274 6.0515
-0.6799999999999999 6.0515
4.2

PASS6
4
-0.6799999999999999 6.0515
1.274 6.0515
1.274 6.6515
-0.6799999999999999 6.6515
7.0

air_Layer
4
-0.6799999999999999 6.6515
1.274 6.6515
1.274 6.9485
-0.6799999999999999 6.9485
1.0


4
-0.6799999999999999 0.001
1.274 0.001
1.274 6.9485
-0.6799999999999999 6.9485

