c1
4
-0.35251 0.7415
0.35251 0.7415
0.35849 0.8405
-0.35849 0.8405

5
botleft
4
-1.8724999999999998 -0.001
0 -0.001
0 0.001
-1.8724999999999998 0.001

botright
4
0 -0.001
3.3215000000000003 -0.001
3.3215000000000003 0.001
0 0.001

lEnv
4
-1.3695099999999998 0.7415
-0.6644899999999999 0.7415
-0.6585099999999999 0.8405
-1.3754899999999999 0.8405

c2
4
1.09649 0.7415
1.8015099999999997 0.7415
1.8074899999999998 0.8405
1.0905099999999999 0.8405

rEnv
4
2.1134899999999996 0.7415
2.81851 0.7415
2.82449 0.8405
2.1075099999999996 0.8405


57
IMD3d1_damage
4
-1.3789239999999998 0.7315
-0.655076 0.7315
-0.6544719999999999 0.7415
-1.3795279999999999 0.7415
3.1

IMD3d1_damage
4
-0.36192399999999997 0.7315
0.36192399999999997 0.7315
0.36252799999999996 0.7415
-0.36252799999999996 0.7415
3.1

IMD3d1_damage
4
1.087076 0.7315
1.8109239999999998 0.7315
1.8115279999999998 0.7415
1.0864719999999999 0.7415
3.1

IMD3d1_damage
4
2.1040759999999996 0.7315
2.827924 0.7315
2.828528 0.7415
2.1034719999999996 0.7415
3.1

IMD3d2_damage
4
-1.3745189999999998 0.7415
-1.3695099999999998 0.7415
-1.3754899999999999 0.8405
-1.380499 0.8405
2.9

IMD3d2_damage
4
-0.6644899999999999 0.7415
-0.6594809999999999 0.7415
-0.6535009999999999 0.8405
-0.6585099999999999 0.8405
2.9

IMD3d2_damage
4
-0.357519 0.7415
-0.35251 0.7415
-0.35849 0.8405
-0.36349899999999996 0.8405
2.9

IMD3d2_damage
4
0.35251 0.7415
0.357519 0.7415
0.36349899999999996 0.8405
0.35849 0.8405
2.9

IMD3d2_damage
4
1.091481 0.7415
1.09649 0.7415
1.0905099999999999 0.8405
1.0855009999999998 0.8405
2.9

IMD3d2_damage
4
1.8015099999999997 0.7415
1.8065189999999998 0.7415
1.8124989999999999 0.8405
1.8074899999999998 0.8405
2.9

IMD3d2_damage
4
2.108481 0.7415
2.1134899999999996 0.7415
2.1075099999999996 0.8405
2.1025009999999997 0.8405
2.9

IMD3d2_damage
4
2.81851 0.7415
2.8235189999999997 0.7415
2.8294989999999998 0.8405
2.82449 0.8405
2.9

IMD3d2
4
-1.8724999999999998 0.7415
-1.3745189999999998 0.7415
-1.380499 0.8405
-1.8724999999999998 0.8405
2.65

IMD3d2
4
-0.6594809999999999 0.7415
-0.357519 0.7415
-0.36349899999999996 0.8405
-0.6535009999999999 0.8405
2.65

IMD3d2
4
0.357519 0.7415
1.091481 0.7415
1.0855009999999998 0.8405
0.36349899999999996 0.8405
2.65

IMD3d2
4
1.8065189999999998 0.7415
2.108481 0.7415
2.1025009999999997 0.8405
1.8124989999999999 0.8405
2.65

IMD3d2
4
2.8235189999999997 0.7415
3.3215000000000003 0.7415
3.3215000000000003 0.8405
2.8294989999999998 0.8405
2.65

IMD3d1
4
-1.8724999999999998 0.7315
-1.3789239999999998 0.7315
-1.3795279999999999 0.7415
-1.8724999999999998 0.7415
2.65

IMD3d1
4
-0.655076 0.7315
-0.36192399999999997 0.7315
-0.36252799999999996 0.7415
-0.6544719999999999 0.7415
2.65

IMD3d1
4
0.36192399999999997 0.7315
1.087076 0.7315
1.0864719999999999 0.7415
0.36252799999999996 0.7415
2.65

IMD3d1
4
1.8109239999999998 0.7315
2.1040759999999996 0.7315
2.1034719999999996 0.7415
1.8115279999999998 0.7415
2.65

IMD3d1
4
2.827924 0.7315
3.3215000000000003 0.7315
3.3215000000000003 0.7415
2.828528 0.7415
2.65

IMD3d1
4
-1.8724999999999998 0.7135
3.3215000000000003 0.7135
3.3215000000000003 0.7315
-1.8724999999999998 0.7315
2.65

FOXA+FOXB+TOX
4
-1.8724999999999998 0.001
3.3215000000000003 0.001
3.3215000000000003 0.2665
-1.8724999999999998 0.2665
4.0

ILD1a
4
-1.8724999999999998 0.2665
3.3215000000000003 0.2665
3.3215000000000003 0.2765
-1.8724999999999998 0.2765
7.0

ILD1b1+ILD1b2+ILD1b3
4
-1.8724999999999998 0.2765
3.3215000000000003 0.2765
3.3215000000000003 0.3955
-1.8724999999999998 0.3955
4.0

IMD1a
4
-1.8724999999999998 0.3955
3.3215000000000003 0.3955
3.3215000000000003 0.4065
-1.8724999999999998 0.4065
5.2

IMD1b
4
-1.8724999999999998 0.4065
3.3215000000000003 0.4065
3.3215000000000003 0.4665
-1.8724999999999998 0.4665
2.8

IMD2a
4
-1.8724999999999998 0.4665
3.3215000000000003 0.4665
3.3215000000000003 0.4875
-1.8724999999999998 0.4875
5.2

IMD2b
4
-1.8724999999999998 0.4875
3.3215000000000003 0.4875
3.3215000000000003 0.5025
-1.8724999999999998 0.5025
4.2

IMD2c
4
-1.8724999999999998 0.5025
3.3215000000000003 0.5025
3.3215000000000003 0.5265
-1.8724999999999998 0.5265
3.28

IMD2d1+IMD2d2
4
-1.8724999999999998 0.5265
3.3215000000000003 0.5265
3.3215000000000003 0.6535
-1.8724999999999998 0.6535
2.65

IMD3a
4
-1.8724999999999998 0.6535
3.3215000000000003 0.6535
3.3215000000000003 0.6745
-1.8724999999999998 0.6745
5.2

IMD3b
4
-1.8724999999999998 0.6745
3.3215000000000003 0.6745
3.3215000000000003 0.6895
-1.8724999999999998 0.6895
4.2

IMD3c
4
-1.8724999999999998 0.6895
3.3215000000000003 0.6895
3.3215000000000003 0.7135
-1.8724999999999998 0.7135
3.28

IMD4a
4
-1.8724999999999998 0.8405
3.3215000000000003 0.8405
3.3215000000000003 0.8615
-1.8724999999999998 0.8615
5.2

IMD4b
4
-1.8724999999999998 0.8615
3.3215000000000003 0.8615
3.3215000000000003 0.8765
-1.8724999999999998 0.8765
4.2

IMD4c
4
-1.8724999999999998 0.8765
3.3215000000000003 0.8765
3.3215000000000003 0.9005
-1.8724999999999998 0.9005
3.28

IMD4d1+IMD4d2
4
-1.8724999999999998 0.9005
3.3215000000000003 0.9005
3.3215000000000003 1.0275
-1.8724999999999998 1.0275
2.65

IMD5a
4
-1.8724999999999998 1.0275
3.3215000000000003 1.0275
3.3215000000000003 1.0485
-1.8724999999999998 1.0485
5.2

IMD5b
4
-1.8724999999999998 1.0485
3.3215000000000003 1.0485
3.3215000000000003 1.0635
-1.8724999999999998 1.0635
4.2

IMD5c
4
-1.8724999999999998 1.0635
3.3215000000000003 1.0635
3.3215000000000003 1.0875
-1.8724999999999998 1.0875
3.28

IMD5d1+IMD5d2
4
-1.8724999999999998 1.0875
3.3215000000000003 1.0875
3.3215000000000003 1.2145
-1.8724999999999998 1.2145
2.65

IMD6a
4
-1.8724999999999998 1.2145
3.3215000000000003 1.2145
3.3215000000000003 1.2355
-1.8724999999999998 1.2355
5.2

IMD6b
4
-1.8724999999999998 1.2355
3.3215000000000003 1.2355
3.3215000000000003 1.2505
-1.8724999999999998 1.2505
4.2

IMD6c
4
-1.8724999999999998 1.2505
3.3215000000000003 1.2505
3.3215000000000003 1.2745
-1.8724999999999998 1.2745
3.28

IMD6d1+IMD6d2
4
-1.8724999999999998 1.2745
3.3215000000000003 1.2745
3.3215000000000003 1.4015
-1.8724999999999998 1.4015
2.65

IMD7a
4
-1.8724999999999998 1.4015
3.3215000000000003 1.4015
3.3215000000000003 1.4765
-1.8724999999999998 1.4765
5.2

IMD7b1+IMD7b2
4
-1.8724999999999998 1.4765
3.3215000000000003 1.4765
3.3215000000000003 2.9765
-1.8724999999999998 2.9765
4.2

IMD8a
4
-1.8724999999999998 2.9765
3.3215000000000003 2.9765
3.3215000000000003 3.0515
-1.8724999999999998 3.0515
5.2

IMD8b1+IMD8b2
4
-1.8724999999999998 3.0515
3.3215000000000003 3.0515
3.3215000000000003 4.5515
-1.8724999999999998 4.5515
4.2

PASS1
4
-1.8724999999999998 4.5515
3.3215000000000003 4.5515
3.3215000000000003 4.6265
-1.8724999999999998 4.6265
7.0

PASS2
4
-1.8724999999999998 4.6265
3.3215000000000003 4.6265
3.3215000000000003 5.0265
-1.8724999999999998 5.0265
4.2

PASS3
4
-1.8724999999999998 5.0265
3.3215000000000003 5.0265
3.3215000000000003 5.1015
-1.8724999999999998 5.1015
7.0

PASS4+PASS5
4
-1.8724999999999998 5.1015
3.3215000000000003 5.1015
3.3215000000000003 6.0515
-1.8724999999999998 6.0515
4.2

PASS6
4
-1.8724999999999998 6.0515
3.3215000000000003 6.0515
3.3215000000000003 6.6515
-1.8724999999999998 6.6515
7.0

air_Layer
4
-1.8724999999999998 6.6515
3.3215000000000003 6.6515
3.3215000000000003 6.9485
-1.8724999999999998 6.9485
1.0


4
-1.8724999999999998 0.001
3.3215000000000003 0.001
3.3215000000000003 6.9485
-1.8724999999999998 6.9485

