c1
4
-0.4200100000000001 0.7415
0.4200100000000001 0.7415
0.4259900000000001 0.8405
-0.4259900000000001 0.8405

5
botleft
4
-2.165 -0.001
0 -0.001
0 0.001
-2.165 0.001

botright
4
0 -0.001
3.3890000000000007 -0.001
3.3890000000000007 0.001
0 0.001

lEnv
4
-1.66201 0.7415
-0.8219900000000001 0.7415
-0.8160100000000001 0.8405
-1.66799 0.8405

c2
4
0.8039900000000001 0.7415
1.6440100000000002 0.7415
1.6499900000000003 0.8405
0.7980100000000001 0.8405

rEnv
4
2.04599 0.7415
2.88601 0.7415
2.8919900000000003 0.8405
2.04001 0.8405


57
IMD3d1_damage
4
-1.671424 0.7315
-0.8125760000000002 0.7315
-0.8119720000000001 0.7415
-1.672028 0.7415
3.1

IMD3d1_damage
4
-0.4294240000000001 0.7315
0.4294240000000001 0.7315
0.4300280000000001 0.7415
-0.4300280000000001 0.7415
3.1

IMD3d1_damage
4
0.7945760000000002 0.7315
1.6534240000000002 0.7315
1.6540280000000003 0.7415
0.7939720000000001 0.7415
3.1

IMD3d1_damage
4
2.036576 0.7315
2.895424 0.7315
2.8960280000000003 0.7415
2.035972 0.7415
3.1

IMD3d2_damage
4
-1.667019 0.7415
-1.66201 0.7415
-1.66799 0.8405
-1.6729990000000001 0.8405
2.9

IMD3d2_damage
4
-0.8219900000000001 0.7415
-0.8169810000000001 0.7415
-0.8110010000000001 0.8405
-0.8160100000000001 0.8405
2.9

IMD3d2_damage
4
-0.4250190000000001 0.7415
-0.4200100000000001 0.7415
-0.4259900000000001 0.8405
-0.4309990000000001 0.8405
2.9

IMD3d2_damage
4
0.4200100000000001 0.7415
0.4250190000000001 0.7415
0.4309990000000001 0.8405
0.4259900000000001 0.8405
2.9

IMD3d2_damage
4
0.798981 0.7415
0.8039900000000001 0.7415
0.7980100000000001 0.8405
0.7930010000000001 0.8405
2.9

IMD3d2_damage
4
1.6440100000000002 0.7415
1.6490190000000002 0.7415
1.6549990000000003 0.8405
1.6499900000000003 0.8405
2.9

IMD3d2_damage
4
2.0409810000000004 0.7415
2.04599 0.7415
2.04001 0.8405
2.0350010000000003 0.8405
2.9

IMD3d2_damage
4
2.88601 0.7415
2.891019 0.7415
2.896999 0.8405
2.8919900000000003 0.8405
2.9

IMD3d2
4
-2.165 0.7415
-1.667019 0.7415
-1.6729990000000001 0.8405
-2.165 0.8405
2.65

IMD3d2
4
-0.8169810000000001 0.7415
-0.4250190000000001 0.7415
-0.4309990000000001 0.8405
-0.8110010000000001 0.8405
2.65

IMD3d2
4
0.4250190000000001 0.7415
0.798981 0.7415
0.7930010000000001 0.8405
0.4309990000000001 0.8405
2.65

IMD3d2
4
1.6490190000000002 0.7415
2.0409810000000004 0.7415
2.0350010000000003 0.8405
1.6549990000000003 0.8405
2.65

IMD3d2
4
2.891019 0.7415
3.3890000000000007 0.7415
3.3890000000000007 0.8405
2.896999 0.8405
2.65

IMD3d1
4
-2.165 0.7315
-1.671424 0.7315
-1.672028 0.7415
-2.165 0.7415
2.65

IMD3d1
4
-0.8125760000000002 0.7315
-0.4294240000000001 0.7315
-0.4300280000000001 0.7415
-0.8119720000000001 0.7415
2.65

IMD3d1
4
0.4294240000000001 0.7315
0.7945760000000002 0.7315
0.7939720000000001 0.7415
0.4300280000000001 0.7415
2.65

IMD3d1
4
1.6534240000000002 0.7315
2.036576 0.7315
2.035972 0.7415
1.6540280000000003 0.7415
2.65

IMD3d1
4
2.895424 0.7315
3.3890000000000007 0.7315
3.3890000000000007 0.7415
2.8960280000000003 0.7415
2.65

IMD3d1
4
-2.165 0.7135
3.3890000000000007 0.7135
3.3890000000000007 0.7315
-2.165 0.7315
2.65

FOXA+FOXB+TOX
4
-2.165 0.001
3.3890000000000007 0.001
3.3890000000000007 0.2665
-2.165 0.2665
4.0

ILD1a
4
-2.165 0.2665
3.3890000000000007 0.2665
3.3890000000000007 0.2765
-2.165 0.2765
7.0

ILD1b1+ILD1b2+ILD1b3
4
-2.165 0.2765
3.3890000000000007 0.2765
3.3890000000000007 0.3955
-2.165 0.3955
4.0

IMD1a
4
-2.165 0.3955
3.3890000000000007 0.3955
3.3890000000000007 0.4065
-2.165 0.4065
5.2

IMD1b
4
-2.165 0.4065
3.3890000000000007 0.4065
3.3890000000000007 0.4665
-2.165 0.4665
2.8

IMD2a
4
-2.165 0.4665
3.3890000000000007 0.4665
3.3890000000000007 0.4875
-2.165 0.4875
5.2

IMD2b
4
-2.165 0.4875
3.3890000000000007 0.4875
3.3890000000000007 0.5025
-2.165 0.5025
4.2

IMD2c
4
-2.165 0.5025
3.3890000000000007 0.5025
3.3890000000000007 0.5265
-2.165 0.5265
3.28

IMD2d1+IMD2d2
4
-2.165 0.5265
3.3890000000000007 0.5265
3.3890000000000007 0.6535
-2.165 0.6535
2.65

IMD3a
4
-2.165 0.6535
3.3890000000000007 0.6535
3.3890000000000007 0.6745
-2.165 0.6745
5.2

IMD3b
4
-2.165 0.6745
3.3890000000000007 0.6745
3.3890000000000007 0.6895
-2.165 0.6895
4.2

IMD3c
4
-2.165 0.6895
3.3890000000000007 0.6895
3.3890000000000007 0.7135
-2.165 0.7135
3.28

IMD4a
4
-2.165 0.8405
3.3890000000000007 0.8405
3.3890000000000007 0.8615
-2.165 0.8615
5.2

IMD4b
4
-2.165 0.8615
3.3890000000000007 0.8615
3.3890000000000007 0.8765
-2.165 0.8765
4.2

IMD4c
4
-2.165 0.8765
3.3890000000000007 0.8765
3.3890000000000007 0.9005
-2.165 0.9005
3.28

IMD4d1+IMD4d2
4
-2.165 0.9005
3.3890000000000007 0.9005
3.3890000000000007 1.0275
-2.165 1.0275
2.65

IMD5a
4
-2.165 1.0275
3.3890000000000007 1.0275
3.3890000000000007 1.0485
-2.165 1.0485
5.2

IMD5b
4
-2.165 1.0485
3.3890000000000007 1.0485
3.3890000000000007 1.0635
-2.165 1.0635
4.2

IMD5c
4
-2.165 1.0635
3.3890000000000007 1.0635
3.3890000000000007 1.0875
-2.165 1.0875
3.28

IMD5d1+IMD5d2
4
-2.165 1.0875
3.3890000000000007 1.0875
3.3890000000000007 1.2145
-2.165 1.2145
2.65

IMD6a
4
-2.165 1.2145
3.3890000000000007 1.2145
3.3890000000000007 1.2355
-2.165 1.2355
5.2

IMD6b
4
-2.165 1.2355
3.3890000000000007 1.2355
3.3890000000000007 1.2505
-2.165 1.2505
4.2

IMD6c
4
-2.165 1.2505
3.3890000000000007 1.2505
3.3890000000000007 1.2745
-2.165 1.2745
3.28

IMD6d1+IMD6d2
4
-2.165 1.2745
3.3890000000000007 1.2745
3.3890000000000007 1.4015
-2.165 1.4015
2.65

IMD7a
4
-2.165 1.4015
3.3890000000000007 1.4015
3.3890000000000007 1.4765
-2.165 1.4765
5.2

IMD7b1+IMD7b2
4
-2.165 1.4765
3.3890000000000007 1.4765
3.3890000000000007 2.9765
-2.165 2.9765
4.2

IMD8a
4
-2.165 2.9765
3.3890000000000007 2.9765
3.3890000000000007 3.0515
-2.165 3.0515
5.2

IMD8b1+IMD8b2
4
-2.165 3.0515
3.3890000000000007 3.0515
3.3890000000000007 4.5515
-2.165 4.5515
4.2

PASS1
4
-2.165 4.5515
3.3890000000000007 4.5515
3.3890000000000007 4.6265
-2.165 4.6265
7.0

PASS2
4
-2.165 4.6265
3.3890000000000007 4.6265
3.3890000000000007 5.0265
-2.165 5.0265
4.2

PASS3
4
-2.165 5.0265
3.3890000000000007 5.0265
3.3890000000000007 5.1015
-2.165 5.1015
7.0

PASS4+PASS5
4
-2.165 5.1015
3.3890000000000007 5.1015
3.3890000000000007 6.0515
-2.165 6.0515
4.2

PASS6
4
-2.165 6.0515
3.3890000000000007 6.0515
3.3890000000000007 6.6515
-2.165 6.6515
7.0

air_Layer
4
-2.165 6.6515
3.3890000000000007 6.6515
3.3890000000000007 6.9485
-2.165 6.9485
1.0


4
-2.165 0.001
3.3890000000000007 0.001
3.3890000000000007 6.9485
-2.165 6.9485

