c1
4
-0.15001 0.5545
0.15001 0.5545
0.15599000000000002 0.6535
-0.15599000000000002 0.6535

5
botleft
4
-0.995 -0.001
0 -0.001
0 0.001
-0.995 0.001

botright
4
0 -0.001
3.074 -0.001
3.074 0.001
0 0.001

lEnv
4
-0.49201 0.5545
-0.19199000000000002 0.5545
-0.18601 0.6535
-0.49799 0.6535

c2
4
0.84899 0.5545
1.68901 0.5545
1.69499 0.6535
0.84301 0.6535

rEnv
4
1.73099 0.5545
2.57101 0.5545
2.57699 0.6535
1.72501 0.6535


57
IMD2d1_damage
4
-0.501424 0.5445
-0.18257600000000002 0.5445
-0.18197200000000002 0.5545
-0.502028 0.5545
3.1

IMD2d1_damage
4
-0.159424 0.5445
0.159424 0.5445
0.160028 0.5545
-0.160028 0.5545
3.1

IMD2d1_damage
4
0.8395760000000001 0.5445
1.698424 0.5445
1.699028 0.5545
0.838972 0.5545
3.1

IMD2d1_damage
4
1.721576 0.5445
2.580424 0.5445
2.581028 0.5545
1.720972 0.5545
3.1

IMD2d2_damage
4
-0.497019 0.5545
-0.49201 0.5545
-0.49799 0.6535
-0.502999 0.6535
2.9

IMD2d2_damage
4
-0.19199000000000002 0.5545
-0.186981 0.5545
-0.181001 0.6535
-0.18601 0.6535
2.9

IMD2d2_damage
4
-0.15501900000000002 0.5545
-0.15001 0.5545
-0.15599000000000002 0.6535
-0.16099900000000003 0.6535
2.9

IMD2d2_damage
4
0.15001 0.5545
0.15501900000000002 0.5545
0.16099900000000003 0.6535
0.15599000000000002 0.6535
2.9

IMD2d2_damage
4
0.843981 0.5545
0.84899 0.5545
0.84301 0.6535
0.838001 0.6535
2.9

IMD2d2_damage
4
1.68901 0.5545
1.694019 0.5545
1.699999 0.6535
1.69499 0.6535
2.9

IMD2d2_damage
4
1.725981 0.5545
1.73099 0.5545
1.72501 0.6535
1.720001 0.6535
2.9

IMD2d2_damage
4
2.57101 0.5545
2.5760189999999996 0.5545
2.5819989999999997 0.6535
2.57699 0.6535
2.9

IMD2d2
4
-0.995 0.5545
-0.497019 0.5545
-0.502999 0.6535
-0.995 0.6535
2.65

IMD2d2
4
-0.186981 0.5545
-0.15501900000000002 0.5545
-0.16099900000000003 0.6535
-0.181001 0.6535
2.65

IMD2d2
4
0.15501900000000002 0.5545
0.843981 0.5545
0.838001 0.6535
0.16099900000000003 0.6535
2.65

IMD2d2
4
1.694019 0.5545
1.725981 0.5545
1.720001 0.6535
1.699999 0.6535
2.65

IMD2d2
4
2.5760189999999996 0.5545
3.074 0.5545
3.074 0.6535
2.5819989999999997 0.6535
2.65

IMD2d1
4
-0.995 0.5445
-0.501424 0.5445
-0.502028 0.5545
-0.995 0.5545
2.65

IMD2d1
4
-0.18257600000000002 0.5445
-0.159424 0.5445
-0.160028 0.5545
-0.18197200000000002 0.5545
2.65

IMD2d1
4
0.159424 0.5445
0.8395760000000001 0.5445
0.838972 0.5545
0.160028 0.5545
2.65

IMD2d1
4
1.698424 0.5445
1.721576 0.5445
1.720972 0.5545
1.699028 0.5545
2.65

IMD2d1
4
2.580424 0.5445
3.074 0.5445
3.074 0.5545
2.581028 0.5545
2.65

IMD2d1
4
-0.995 0.5265
3.074 0.5265
3.074 0.5445
-0.995 0.5445
2.65

FOXA+FOXB+TOX
4
-0.995 0.001
3.074 0.001
3.074 0.2665
-0.995 0.2665
4.0

ILD1a
4
-0.995 0.2665
3.074 0.2665
3.074 0.2765
-0.995 0.2765
7.0

ILD1b1+ILD1b2+ILD1b3
4
-0.995 0.2765
3.074 0.2765
3.074 0.3955
-0.995 0.3955
4.0

IMD1a
4
-0.995 0.3955
3.074 0.3955
3.074 0.4065
-0.995 0.4065
5.2

IMD1b
4
-0.995 0.4065
3.074 0.4065
3.074 0.4665
-0.995 0.4665
2.8

IMD2a
4
-0.995 0.4665
3.074 0.4665
3.074 0.4875
-0.995 0.4875
5.2

IMD2b
4
-0.995 0.4875
3.074 0.4875
3.074 0.5025
-0.995 0.5025
4.2

IMD2c
4
-0.995 0.5025
3.074 0.5025
3.074 0.5265
-0.995 0.5265
3.28

IMD3a
4
-0.995 0.6535
3.074 0.6535
3.074 0.6745
-0.995 0.6745
5.2

IMD3b
4
-0.995 0.6745
3.074 0.6745
3.074 0.6895
-0.995 0.6895
4.2

IMD3c
4
-0.995 0.6895
3.074 0.6895
3.074 0.7135
-0.995 0.7135
3.28

IMD3d1+IMD3d2
4
-0.995 0.7135
3.074 0.7135
3.074 0.8405
-0.995 0.8405
2.65

IMD4a
4
-0.995 0.8405
3.074 0.8405
3.074 0.8615
-0.995 0.8615
5.2

IMD4b
4
-0.995 0.8615
3.074 0.8615
3.074 0.8765
-0.995 0.8765
4.2

IMD4c
4
-0.995 0.8765
3.074 0.8765
3.074 0.9005
-0.995 0.9005
3.28

IMD4d1+IMD4d2
4
-0.995 0.9005
3.074 0.9005
3.074 1.0275
-0.995 1.0275
2.65

IMD5a
4
-0.995 1.0275
3.074 1.0275
3.074 1.0485
-0.995 1.0485
5.2

IMD5b
4
-0.995 1.0485
3.074 1.0485
3.074 1.0635
-0.995 1.0635
4.2

IMD5c
4
-0.995 1.0635
3.074 1.0635
3.074 1.0875
-0.995 1.0875
3.28

IMD5d1+IMD5d2
4
-0.995 1.0875
3.074 1.0875
3.074 1.2145
-0.995 1.2145
2.65

IMD6a
4
-0.995 1.2145
3.074 1.2145
3.074 1.2355
-0.995 1.2355
5.2

IMD6b
4
-0.995 1.2355
3.074 1.2355
3.074 1.2505
-0.995 1.2505
4.2

IMD6c
4
-0.995 1.2505
3.074 1.2505
3.074 1.2745
-0.995 1.2745
3.28

IMD6d1+IMD6d2
4
-0.995 1.2745
3.074 1.2745
3.074 1.4015
-0.995 1.4015
2.65

IMD7a
4
-0.995 1.4015
3.074 1.4015
3.074 1.4765
-0.995 1.4765
5.2

IMD7b1+IMD7b2
4
-0.995 1.4765
3.074 1.4765
3.074 2.9765
-0.995 2.9765
4.2

IMD8a
4
-0.995 2.9765
3.074 2.9765
3.074 3.0515
-0.995 3.0515
5.2

IMD8b1+IMD8b2
4
-0.995 3.0515
3.074 3.0515
3.074 4.5515
-0.995 4.5515
4.2

PASS1
4
-0.995 4.5515
3.074 4.5515
3.074 4.6265
-0.995 4.6265
7.0

PASS2
4
-0.995 4.6265
3.074 4.6265
3.074 5.0265
-0.995 5.0265
4.2

PASS3
4
-0.995 5.0265
3.074 5.0265
3.074 5.1015
-0.995 5.1015
7.0

PASS4+PASS5
4
-0.995 5.1015
3.074 5.1015
3.074 6.0515
-0.995 6.0515
4.2

PASS6
4
-0.995 6.0515
3.074 6.0515
3.074 6.6515
-0.995 6.6515
7.0

air_Layer
4
-0.995 6.6515
3.074 6.6515
3.074 6.9485
-0.995 6.9485
1.0


4
-0.995 0.001
3.074 0.001
3.074 6.9485
-0.995 6.9485

