c1
4
-0.21751000000000006 0.5545
0.21750999999999995 0.5545
0.22348999999999997 0.6535
-0.22349000000000008 0.6535

5
botleft
4
-1.1975 -0.001
0 -0.001
0 0.001
-1.1975 0.001

botright
4
0 -0.001
2.1964999999999995 -0.001
2.1964999999999995 0.001
0 0.001

lEnv
4
-0.6945100000000001 0.5545
-0.25949000000000005 0.5545
-0.25351000000000007 0.6535
-0.7004900000000001 0.6535

c2
4
0.7814899999999999 0.5545
1.2165099999999998 0.5545
1.2224899999999999 0.6535
0.7755099999999999 0.6535

rEnv
4
1.2584899999999999 0.5545
1.6935099999999996 0.5545
1.6994899999999997 0.6535
1.2525099999999998 0.6535


57
IMD2d1_damage
4
-0.703924 0.5445
-0.2500760000000001 0.5445
-0.24947200000000008 0.5545
-0.704528 0.5545
3.1

IMD2d1_damage
4
-0.22692400000000007 0.5445
0.22692399999999996 0.5445
0.22752799999999995 0.5545
-0.22752800000000006 0.5545
3.1

IMD2d1_damage
4
0.772076 0.5445
1.2259239999999998 0.5445
1.2265279999999998 0.5545
0.7714719999999999 0.5545
3.1

IMD2d1_damage
4
1.2490759999999999 0.5445
1.7029239999999997 0.5445
1.7035279999999997 0.5545
1.2484719999999998 0.5545
3.1

IMD2d2_damage
4
-0.6995190000000001 0.5545
-0.6945100000000001 0.5545
-0.7004900000000001 0.6535
-0.7054990000000001 0.6535
2.9

IMD2d2_damage
4
-0.25949000000000005 0.5545
-0.25448100000000007 0.5545
-0.24850100000000006 0.6535
-0.25351000000000007 0.6535
2.9

IMD2d2_damage
4
-0.22251900000000008 0.5545
-0.21751000000000006 0.5545
-0.22349000000000008 0.6535
-0.2284990000000001 0.6535
2.9

IMD2d2_damage
4
0.21750999999999995 0.5545
0.22251899999999997 0.5545
0.22849899999999998 0.6535
0.22348999999999997 0.6535
2.9

IMD2d2_damage
4
0.7764809999999999 0.5545
0.7814899999999999 0.5545
0.7755099999999999 0.6535
0.7705009999999999 0.6535
2.9

IMD2d2_damage
4
1.2165099999999998 0.5545
1.2215189999999998 0.5545
1.227499 0.6535
1.2224899999999999 0.6535
2.9

IMD2d2_damage
4
1.2534809999999998 0.5545
1.2584899999999999 0.5545
1.2525099999999998 0.6535
1.2475009999999997 0.6535
2.9

IMD2d2_damage
4
1.6935099999999996 0.5545
1.6985189999999997 0.5545
1.7044989999999998 0.6535
1.6994899999999997 0.6535
2.9

IMD2d2
4
-1.1975 0.5545
-0.6995190000000001 0.5545
-0.7054990000000001 0.6535
-1.1975 0.6535
2.65

IMD2d2
4
-0.25448100000000007 0.5545
-0.22251900000000008 0.5545
-0.2284990000000001 0.6535
-0.24850100000000006 0.6535
2.65

IMD2d2
4
0.22251899999999997 0.5545
0.7764809999999999 0.5545
0.7705009999999999 0.6535
0.22849899999999998 0.6535
2.65

IMD2d2
4
1.2215189999999998 0.5545
1.2534809999999998 0.5545
1.2475009999999997 0.6535
1.227499 0.6535
2.65

IMD2d2
4
1.6985189999999997 0.5545
2.1964999999999995 0.5545
2.1964999999999995 0.6535
1.7044989999999998 0.6535
2.65

IMD2d1
4
-1.1975 0.5445
-0.703924 0.5445
-0.704528 0.5545
-1.1975 0.5545
2.65

IMD2d1
4
-0.2500760000000001 0.5445
-0.22692400000000007 0.5445
-0.22752800000000006 0.5545
-0.24947200000000008 0.5545
2.65

IMD2d1
4
0.22692399999999996 0.5445
0.772076 0.5445
0.7714719999999999 0.5545
0.22752799999999995 0.5545
2.65

IMD2d1
4
1.2259239999999998 0.5445
1.2490759999999999 0.5445
1.2484719999999998 0.5545
1.2265279999999998 0.5545
2.65

IMD2d1
4
1.7029239999999997 0.5445
2.1964999999999995 0.5445
2.1964999999999995 0.5545
1.7035279999999997 0.5545
2.65

IMD2d1
4
-1.1975 0.5265
2.1964999999999995 0.5265
2.1964999999999995 0.5445
-1.1975 0.5445
2.65

FOXA+FOXB+TOX
4
-1.1975 0.001
2.1964999999999995 0.001
2.1964999999999995 0.2665
-1.1975 0.2665
4.0

ILD1a
4
-1.1975 0.2665
2.1964999999999995 0.2665
2.1964999999999995 0.2765
-1.1975 0.2765
7.0

ILD1b1+ILD1b2+ILD1b3
4
-1.1975 0.2765
2.1964999999999995 0.2765
2.1964999999999995 0.3955
-1.1975 0.3955
4.0

IMD1a
4
-1.1975 0.3955
2.1964999999999995 0.3955
2.1964999999999995 0.4065
-1.1975 0.4065
5.2

IMD1b
4
-1.1975 0.4065
2.1964999999999995 0.4065
2.1964999999999995 0.4665
-1.1975 0.4665
2.8

IMD2a
4
-1.1975 0.4665
2.1964999999999995 0.4665
2.1964999999999995 0.4875
-1.1975 0.4875
5.2

IMD2b
4
-1.1975 0.4875
2.1964999999999995 0.4875
2.1964999999999995 0.5025
-1.1975 0.5025
4.2

IMD2c
4
-1.1975 0.5025
2.1964999999999995 0.5025
2.1964999999999995 0.5265
-1.1975 0.5265
3.28

IMD3a
4
-1.1975 0.6535
2.1964999999999995 0.6535
2.1964999999999995 0.6745
-1.1975 0.6745
5.2

IMD3b
4
-1.1975 0.6745
2.1964999999999995 0.6745
2.1964999999999995 0.6895
-1.1975 0.6895
4.2

IMD3c
4
-1.1975 0.6895
2.1964999999999995 0.6895
2.1964999999999995 0.7135
-1.1975 0.7135
3.28

IMD3d1+IMD3d2
4
-1.1975 0.7135
2.1964999999999995 0.7135
2.1964999999999995 0.8405
-1.1975 0.8405
2.65

IMD4a
4
-1.1975 0.8405
2.1964999999999995 0.8405
2.1964999999999995 0.8615
-1.1975 0.8615
5.2

IMD4b
4
-1.1975 0.8615
2.1964999999999995 0.8615
2.1964999999999995 0.8765
-1.1975 0.8765
4.2

IMD4c
4
-1.1975 0.8765
2.1964999999999995 0.8765
2.1964999999999995 0.9005
-1.1975 0.9005
3.28

IMD4d1+IMD4d2
4
-1.1975 0.9005
2.1964999999999995 0.9005
2.1964999999999995 1.0275
-1.1975 1.0275
2.65

IMD5a
4
-1.1975 1.0275
2.1964999999999995 1.0275
2.1964999999999995 1.0485
-1.1975 1.0485
5.2

IMD5b
4
-1.1975 1.0485
2.1964999999999995 1.0485
2.1964999999999995 1.0635
-1.1975 1.0635
4.2

IMD5c
4
-1.1975 1.0635
2.1964999999999995 1.0635
2.1964999999999995 1.0875
-1.1975 1.0875
3.28

IMD5d1+IMD5d2
4
-1.1975 1.0875
2.1964999999999995 1.0875
2.1964999999999995 1.2145
-1.1975 1.2145
2.65

IMD6a
4
-1.1975 1.2145
2.1964999999999995 1.2145
2.1964999999999995 1.2355
-1.1975 1.2355
5.2

IMD6b
4
-1.1975 1.2355
2.1964999999999995 1.2355
2.1964999999999995 1.2505
-1.1975 1.2505
4.2

IMD6c
4
-1.1975 1.2505
2.1964999999999995 1.2505
2.1964999999999995 1.2745
-1.1975 1.2745
3.28

IMD6d1+IMD6d2
4
-1.1975 1.2745
2.1964999999999995 1.2745
2.1964999999999995 1.4015
-1.1975 1.4015
2.65

IMD7a
4
-1.1975 1.4015
2.1964999999999995 1.4015
2.1964999999999995 1.4765
-1.1975 1.4765
5.2

IMD7b1+IMD7b2
4
-1.1975 1.4765
2.1964999999999995 1.4765
2.1964999999999995 2.9765
-1.1975 2.9765
4.2

IMD8a
4
-1.1975 2.9765
2.1964999999999995 2.9765
2.1964999999999995 3.0515
-1.1975 3.0515
5.2

IMD8b1+IMD8b2
4
-1.1975 3.0515
2.1964999999999995 3.0515
2.1964999999999995 4.5515
-1.1975 4.5515
4.2

PASS1
4
-1.1975 4.5515
2.1964999999999995 4.5515
2.1964999999999995 4.6265
-1.1975 4.6265
7.0

PASS2
4
-1.1975 4.6265
2.1964999999999995 4.6265
2.1964999999999995 5.0265
-1.1975 5.0265
4.2

PASS3
4
-1.1975 5.0265
2.1964999999999995 5.0265
2.1964999999999995 5.1015
-1.1975 5.1015
7.0

PASS4+PASS5
4
-1.1975 5.1015
2.1964999999999995 5.1015
2.1964999999999995 6.0515
-1.1975 6.0515
4.2

PASS6
4
-1.1975 6.0515
2.1964999999999995 6.0515
2.1964999999999995 6.6515
-1.1975 6.6515
7.0

air_Layer
4
-1.1975 6.6515
2.1964999999999995 6.6515
2.1964999999999995 6.9485
-1.1975 6.9485
1.0


4
-1.1975 0.001
2.1964999999999995 0.001
2.1964999999999995 6.9485
-1.1975 6.9485

