c1
4
-0.10342000000000001 0.37050000000000005
0.10342000000000001 0.37050000000000005
0.11258000000000001 0.4665
-0.11258000000000001 0.4665

5
botleft
4
-0.8600000000000001 -0.001
0 -0.001
0 0.001
-0.8600000000000001 0.001

botright
4
0 -0.001
3.029 -0.001
3.029 0.001
0 0.001

lEnv
4
-0.35542 0.37050000000000005
-0.14858000000000002 0.37050000000000005
-0.13942000000000002 0.4665
-0.36458 0.4665

c2
4
0.80558 0.37050000000000005
1.64242 0.37050000000000005
1.65158 0.4665
0.79642 0.4665

rEnv
4
1.68758 0.37050000000000005
2.5244199999999997 0.37050000000000005
2.5335799999999997 0.4665
1.67842 0.4665


48
IMD1b
4
-0.8600000000000001 0.40650000000000003
-0.35885500000000004 0.40650000000000003
-0.36458 0.4665
-0.8600000000000001 0.4665
2.8

IMD1b
4
-0.14514500000000002 0.40650000000000003
-0.10685500000000002 0.40650000000000003
-0.11258000000000001 0.4665
-0.13942000000000002 0.4665
2.8

IMD1b
4
0.10685500000000002 0.40650000000000003
0.802145 0.40650000000000003
0.79642 0.4665
0.11258000000000001 0.4665
2.8

IMD1b
4
1.645855 0.40650000000000003
1.684145 0.40650000000000003
1.67842 0.4665
1.65158 0.4665
2.8

IMD1b
4
2.5278549999999997 0.40650000000000003
3.029 0.40650000000000003
3.029 0.4665
2.5335799999999997 0.4665
2.8

IMD1a
4
-0.8600000000000001 0.3955
-0.3578054166666667 0.3955
-0.35885500000000004 0.40650000000000003
-0.8600000000000001 0.40650000000000003
5.2

IMD1a
4
-0.14619458333333335 0.3955
-0.10580541666666668 0.3955
-0.10685500000000002 0.40650000000000003
-0.14514500000000002 0.40650000000000003
5.2

IMD1a
4
0.10580541666666668 0.3955
0.8031945833333334 0.3955
0.802145 0.40650000000000003
0.10685500000000002 0.40650000000000003
5.2

IMD1a
4
1.6448054166666668 0.3955
1.6851945833333333 0.3955
1.684145 0.40650000000000003
1.645855 0.40650000000000003
5.2

IMD1a
4
2.5268054166666665 0.3955
3.029 0.3955
3.029 0.40650000000000003
2.5278549999999997 0.40650000000000003
5.2

ILD1b3
4
-0.8600000000000001 0.37050000000000005
-0.35542 0.37050000000000005
-0.3578054166666667 0.3955
-0.8600000000000001 0.3955
4

ILD1b3
4
-0.14858000000000002 0.37050000000000005
-0.10342000000000001 0.37050000000000005
-0.10580541666666668 0.3955
-0.14619458333333335 0.3955
4

ILD1b3
4
0.10342000000000001 0.37050000000000005
0.80558 0.37050000000000005
0.8031945833333334 0.3955
0.10580541666666668 0.3955
4

ILD1b3
4
1.64242 0.37050000000000005
1.68758 0.37050000000000005
1.6851945833333333 0.3955
1.6448054166666668 0.3955
4

ILD1b3
4
2.5244199999999997 0.37050000000000005
3.029 0.37050000000000005
3.029 0.3955
2.5268054166666665 0.3955
4

ILD1b1+ILD1b2
4
-0.8600000000000001 0.2765
3.029 0.2765
3.029 0.37050000000000005
-0.8600000000000001 0.37050000000000005
4

FOXA+FOXB+TOX
4
-0.8600000000000001 0.001
3.029 0.001
3.029 0.2665
-0.8600000000000001 0.2665
4.0

ILD1a
4
-0.8600000000000001 0.2665
3.029 0.2665
3.029 0.2765
-0.8600000000000001 0.2765
7.0

IMD2a
4
-0.8600000000000001 0.4665
3.029 0.4665
3.029 0.4875
-0.8600000000000001 0.4875
5.2

IMD2b
4
-0.8600000000000001 0.4875
3.029 0.4875
3.029 0.5025
-0.8600000000000001 0.5025
4.2

IMD2c
4
-0.8600000000000001 0.5025
3.029 0.5025
3.029 0.5265
-0.8600000000000001 0.5265
3.28

IMD2d1+IMD2d2
4
-0.8600000000000001 0.5265
3.029 0.5265
3.029 0.6535
-0.8600000000000001 0.6535
2.65

IMD3a
4
-0.8600000000000001 0.6535
3.029 0.6535
3.029 0.6745
-0.8600000000000001 0.6745
5.2

IMD3b
4
-0.8600000000000001 0.6745
3.029 0.6745
3.029 0.6895
-0.8600000000000001 0.6895
4.2

IMD3c
4
-0.8600000000000001 0.6895
3.029 0.6895
3.029 0.7135
-0.8600000000000001 0.7135
3.28

IMD3d1+IMD3d2
4
-0.8600000000000001 0.7135
3.029 0.7135
3.029 0.8405
-0.8600000000000001 0.8405
2.65

IMD4a
4
-0.8600000000000001 0.8405
3.029 0.8405
3.029 0.8615
-0.8600000000000001 0.8615
5.2

IMD4b
4
-0.8600000000000001 0.8615
3.029 0.8615
3.029 0.8765
-0.8600000000000001 0.8765
4.2

IMD4c
4
-0.8600000000000001 0.8765
3.029 0.8765
3.029 0.9005
-0.8600000000000001 0.9005
3.28

IMD4d1+IMD4d2
4
-0.8600000000000001 0.9005
3.029 0.9005
3.029 1.0275
-0.8600000000000001 1.0275
2.65

IMD5a
4
-0.8600000000000001 1.0275
3.029 1.0275
3.029 1.0485
-0.8600000000000001 1.0485
5.2

IMD5b
4
-0.8600000000000001 1.0485
3.029 1.0485
3.029 1.0635
-0.8600000000000001 1.0635
4.2

IMD5c
4
-0.8600000000000001 1.0635
3.029 1.0635
3.029 1.0875
-0.8600000000000001 1.0875
3.28

IMD5d1+IMD5d2
4
-0.8600000000000001 1.0875
3.029 1.0875
3.029 1.2145
-0.8600000000000001 1.2145
2.65

IMD6a
4
-0.8600000000000001 1.2145
3.029 1.2145
3.029 1.2355
-0.8600000000000001 1.2355
5.2

IMD6b
4
-0.8600000000000001 1.2355
3.029 1.2355
3.029 1.2505
-0.8600000000000001 1.2505
4.2

IMD6c
4
-0.8600000000000001 1.2505
3.029 1.2505
3.029 1.2745
-0.8600000000000001 1.2745
3.28

IMD6d1+IMD6d2
4
-0.8600000000000001 1.2745
3.029 1.2745
3.029 1.4015
-0.8600000000000001 1.4015
2.65

IMD7a
4
-0.8600000000000001 1.4015
3.029 1.4015
3.029 1.4765
-0.8600000000000001 1.4765
5.2

IMD7b1+IMD7b2
4
-0.8600000000000001 1.4765
3.029 1.4765
3.029 2.9765
-0.8600000000000001 2.9765
4.2

IMD8a
4
-0.8600000000000001 2.9765
3.029 2.9765
3.029 3.0515
-0.8600000000000001 3.0515
5.2

IMD8b1+IMD8b2
4
-0.8600000000000001 3.0515
3.029 3.0515
3.029 4.5515
-0.8600000000000001 4.5515
4.2

PASS1
4
-0.8600000000000001 4.5515
3.029 4.5515
3.029 4.6265
-0.8600000000000001 4.6265
7.0

PASS2
4
-0.8600000000000001 4.6265
3.029 4.6265
3.029 5.0265
-0.8600000000000001 5.0265
4.2

PASS3
4
-0.8600000000000001 5.0265
3.029 5.0265
3.029 5.1015
-0.8600000000000001 5.1015
7.0

PASS4+PASS5
4
-0.8600000000000001 5.1015
3.029 5.1015
3.029 6.0515
-0.8600000000000001 6.0515
4.2

PASS6
4
-0.8600000000000001 6.0515
3.029 6.0515
3.029 6.6515
-0.8600000000000001 6.6515
7.0

air_Layer
4
-0.8600000000000001 6.6515
3.029 6.6515
3.029 6.9485
-0.8600000000000001 6.9485
1.0


4
-0.8600000000000001 0.001
3.029 0.001
3.029 6.9485
-0.8600000000000001 6.9485

