c1
4
-0.48751 0.9285000000000001
0.48751 0.9285000000000001
0.49349 1.0275
-0.49349 1.0275

5
botleft
4
-2.2775 -0.001
0 -0.001
0 0.001
-2.2775 0.001

botright
4
0 -0.001
1.7464999999999997 -0.001
1.7464999999999997 0.001
0 0.001

lEnv
4
-1.7745099999999998 0.9285000000000001
-0.7994899999999999 0.9285000000000001
-0.7935099999999999 1.0275
-1.78049 1.0275

c2
4
0.6914899999999998 0.9285000000000001
0.8115099999999998 0.9285000000000001
0.8174899999999998 1.0275
0.6855099999999998 1.0275

rEnv
4
1.1234899999999999 0.9285000000000001
1.2435099999999997 0.9285000000000001
1.2494899999999998 1.0275
1.1175099999999998 1.0275


57
IMD4d1_damage
4
-1.7839239999999998 0.9185000000000001
-0.790076 0.9185000000000001
-0.789472 0.9285000000000001
-1.784528 0.9285000000000001
3.1

IMD4d1_damage
4
-0.496924 0.9185000000000001
0.496924 0.9185000000000001
0.49752799999999997 0.9285000000000001
-0.49752799999999997 0.9285000000000001
3.1

IMD4d1_damage
4
0.6820759999999999 0.9185000000000001
0.8209239999999998 0.9185000000000001
0.8215279999999998 0.9285000000000001
0.6814719999999999 0.9285000000000001
3.1

IMD4d1_damage
4
1.1140759999999998 0.9185000000000001
1.2529239999999997 0.9185000000000001
1.2535279999999998 0.9285000000000001
1.1134719999999998 0.9285000000000001
3.1

IMD4d2_damage
4
-1.7795189999999999 0.9285000000000001
-1.7745099999999998 0.9285000000000001
-1.78049 1.0275
-1.785499 1.0275
2.9

IMD4d2_damage
4
-0.7994899999999999 0.9285000000000001
-0.7944809999999999 0.9285000000000001
-0.7885009999999999 1.0275
-0.7935099999999999 1.0275
2.9

IMD4d2_damage
4
-0.492519 0.9285000000000001
-0.48751 0.9285000000000001
-0.49349 1.0275
-0.49849899999999997 1.0275
2.9

IMD4d2_damage
4
0.48751 0.9285000000000001
0.492519 0.9285000000000001
0.49849899999999997 1.0275
0.49349 1.0275
2.9

IMD4d2_damage
4
0.6864809999999998 0.9285000000000001
0.6914899999999998 0.9285000000000001
0.6855099999999998 1.0275
0.6805009999999998 1.0275
2.9

IMD4d2_damage
4
0.8115099999999998 0.9285000000000001
0.8165189999999999 0.9285000000000001
0.8224989999999999 1.0275
0.8174899999999998 1.0275
2.9

IMD4d2_damage
4
1.1184809999999998 0.9285000000000001
1.1234899999999999 0.9285000000000001
1.1175099999999998 1.0275
1.1125009999999997 1.0275
2.9

IMD4d2_damage
4
1.2435099999999997 0.9285000000000001
1.2485189999999997 0.9285000000000001
1.2544989999999998 1.0275
1.2494899999999998 1.0275
2.9

IMD4d2
4
-2.2775 0.9285000000000001
-1.7795189999999999 0.9285000000000001
-1.785499 1.0275
-2.2775 1.0275
2.65

IMD4d2
4
-0.7944809999999999 0.9285000000000001
-0.492519 0.9285000000000001
-0.49849899999999997 1.0275
-0.7885009999999999 1.0275
2.65

IMD4d2
4
0.492519 0.9285000000000001
0.6864809999999998 0.9285000000000001
0.6805009999999998 1.0275
0.49849899999999997 1.0275
2.65

IMD4d2
4
0.8165189999999999 0.9285000000000001
1.1184809999999998 0.9285000000000001
1.1125009999999997 1.0275
0.8224989999999999 1.0275
2.65

IMD4d2
4
1.2485189999999997 0.9285000000000001
1.7464999999999997 0.9285000000000001
1.7464999999999997 1.0275
1.2544989999999998 1.0275
2.65

IMD4d1
4
-2.2775 0.9185000000000001
-1.7839239999999998 0.9185000000000001
-1.784528 0.9285000000000001
-2.2775 0.9285000000000001
2.65

IMD4d1
4
-0.790076 0.9185000000000001
-0.496924 0.9185000000000001
-0.49752799999999997 0.9285000000000001
-0.789472 0.9285000000000001
2.65

IMD4d1
4
0.496924 0.9185000000000001
0.6820759999999999 0.9185000000000001
0.6814719999999999 0.9285000000000001
0.49752799999999997 0.9285000000000001
2.65

IMD4d1
4
0.8209239999999998 0.9185000000000001
1.1140759999999998 0.9185000000000001
1.1134719999999998 0.9285000000000001
0.8215279999999998 0.9285000000000001
2.65

IMD4d1
4
1.2529239999999997 0.9185000000000001
1.7464999999999997 0.9185000000000001
1.7464999999999997 0.9285000000000001
1.2535279999999998 0.9285000000000001
2.65

IMD4d1
4
-2.2775 0.9005
1.7464999999999997 0.9005
1.7464999999999997 0.9185000000000001
-2.2775 0.9185000000000001
2.65

FOXA+FOXB+TOX
4
-2.2775 0.001
1.7464999999999997 0.001
1.7464999999999997 0.2665
-2.2775 0.2665
4.0

ILD1a
4
-2.2775 0.2665
1.7464999999999997 0.2665
1.7464999999999997 0.2765
-2.2775 0.2765
7.0

ILD1b1+ILD1b2+ILD1b3
4
-2.2775 0.2765
1.7464999999999997 0.2765
1.7464999999999997 0.3955
-2.2775 0.3955
4.0

IMD1a
4
-2.2775 0.3955
1.7464999999999997 0.3955
1.7464999999999997 0.4065
-2.2775 0.4065
5.2

IMD1b
4
-2.2775 0.4065
1.7464999999999997 0.4065
1.7464999999999997 0.4665
-2.2775 0.4665
2.8

IMD2a
4
-2.2775 0.4665
1.7464999999999997 0.4665
1.7464999999999997 0.4875
-2.2775 0.4875
5.2

IMD2b
4
-2.2775 0.4875
1.7464999999999997 0.4875
1.7464999999999997 0.5025
-2.2775 0.5025
4.2

IMD2c
4
-2.2775 0.5025
1.7464999999999997 0.5025
1.7464999999999997 0.5265
-2.2775 0.5265
3.28

IMD2d1+IMD2d2
4
-2.2775 0.5265
1.7464999999999997 0.5265
1.7464999999999997 0.6535
-2.2775 0.6535
2.65

IMD3a
4
-2.2775 0.6535
1.7464999999999997 0.6535
1.7464999999999997 0.6745
-2.2775 0.6745
5.2

IMD3b
4
-2.2775 0.6745
1.7464999999999997 0.6745
1.7464999999999997 0.6895
-2.2775 0.6895
4.2

IMD3c
4
-2.2775 0.6895
1.7464999999999997 0.6895
1.7464999999999997 0.7135
-2.2775 0.7135
3.28

IMD3d1+IMD3d2
4
-2.2775 0.7135
1.7464999999999997 0.7135
1.7464999999999997 0.8405
-2.2775 0.8405
2.65

IMD4a
4
-2.2775 0.8405
1.7464999999999997 0.8405
1.7464999999999997 0.8615
-2.2775 0.8615
5.2

IMD4b
4
-2.2775 0.8615
1.7464999999999997 0.8615
1.7464999999999997 0.8765
-2.2775 0.8765
4.2

IMD4c
4
-2.2775 0.8765
1.7464999999999997 0.8765
1.7464999999999997 0.9005
-2.2775 0.9005
3.28

IMD5a
4
-2.2775 1.0275
1.7464999999999997 1.0275
1.7464999999999997 1.0485
-2.2775 1.0485
5.2

IMD5b
4
-2.2775 1.0485
1.7464999999999997 1.0485
1.7464999999999997 1.0635
-2.2775 1.0635
4.2

IMD5c
4
-2.2775 1.0635
1.7464999999999997 1.0635
1.7464999999999997 1.0875
-2.2775 1.0875
3.28

IMD5d1+IMD5d2
4
-2.2775 1.0875
1.7464999999999997 1.0875
1.7464999999999997 1.2145
-2.2775 1.2145
2.65

IMD6a
4
-2.2775 1.2145
1.7464999999999997 1.2145
1.7464999999999997 1.2355
-2.2775 1.2355
5.2

IMD6b
4
-2.2775 1.2355
1.7464999999999997 1.2355
1.7464999999999997 1.2505
-2.2775 1.2505
4.2

IMD6c
4
-2.2775 1.2505
1.7464999999999997 1.2505
1.7464999999999997 1.2745
-2.2775 1.2745
3.28

IMD6d1+IMD6d2
4
-2.2775 1.2745
1.7464999999999997 1.2745
1.7464999999999997 1.4015
-2.2775 1.4015
2.65

IMD7a
4
-2.2775 1.4015
1.7464999999999997 1.4015
1.7464999999999997 1.4765
-2.2775 1.4765
5.2

IMD7b1+IMD7b2
4
-2.2775 1.4765
1.7464999999999997 1.4765
1.7464999999999997 2.9765
-2.2775 2.9765
4.2

IMD8a
4
-2.2775 2.9765
1.7464999999999997 2.9765
1.7464999999999997 3.0515
-2.2775 3.0515
5.2

IMD8b1+IMD8b2
4
-2.2775 3.0515
1.7464999999999997 3.0515
1.7464999999999997 4.5515
-2.2775 4.5515
4.2

PASS1
4
-2.2775 4.5515
1.7464999999999997 4.5515
1.7464999999999997 4.6265
-2.2775 4.6265
7.0

PASS2
4
-2.2775 4.6265
1.7464999999999997 4.6265
1.7464999999999997 5.0265
-2.2775 5.0265
4.2

PASS3
4
-2.2775 5.0265
1.7464999999999997 5.0265
1.7464999999999997 5.1015
-2.2775 5.1015
7.0

PASS4+PASS5
4
-2.2775 5.1015
1.7464999999999997 5.1015
1.7464999999999997 6.0515
-2.2775 6.0515
4.2

PASS6
4
-2.2775 6.0515
1.7464999999999997 6.0515
1.7464999999999997 6.6515
-2.2775 6.6515
7.0

air_Layer
4
-2.2775 6.6515
1.7464999999999997 6.6515
1.7464999999999997 6.9485
-2.2775 6.9485
1.0


4
-2.2775 0.001
1.7464999999999997 0.001
1.7464999999999997 6.9485
-2.2775 6.9485

