c1
4
-0.10500999999999998 0.9285000000000001
0.10501000000000003 0.9285000000000001
0.11099000000000003 1.0275
-0.11098999999999998 1.0275

5
botleft
4
-0.95 -0.001
0 -0.001
0 0.001
-0.95 0.001

botright
4
0 -0.001
2.6689999999999996 -0.001
2.6689999999999996 0.001
0 0.001

lEnv
4
-0.44701 0.9285000000000001
-0.23699 0.9285000000000001
-0.23101 1.0275
-0.45299 1.0275

c2
4
0.35399 0.9285000000000001
1.1940099999999998 0.9285000000000001
1.19999 1.0275
0.34801000000000004 1.0275

rEnv
4
1.32599 0.9285000000000001
2.16601 0.9285000000000001
2.17199 1.0275
1.32001 1.0275


57
IMD4d1_damage
4
-0.456424 0.9185000000000001
-0.227576 0.9185000000000001
-0.226972 0.9285000000000001
-0.457028 0.9285000000000001
3.1

IMD4d1_damage
4
-0.11442399999999998 0.9185000000000001
0.11442400000000004 0.9185000000000001
0.11502800000000003 0.9285000000000001
-0.11502799999999998 0.9285000000000001
3.1

IMD4d1_damage
4
0.34457600000000005 0.9185000000000001
1.2034239999999998 0.9185000000000001
1.2040279999999999 0.9285000000000001
0.34397200000000006 0.9285000000000001
3.1

IMD4d1_damage
4
1.316576 0.9185000000000001
2.175424 0.9185000000000001
2.176028 0.9285000000000001
1.315972 0.9285000000000001
3.1

IMD4d2_damage
4
-0.452019 0.9285000000000001
-0.44701 0.9285000000000001
-0.45299 1.0275
-0.457999 1.0275
2.9

IMD4d2_damage
4
-0.23699 0.9285000000000001
-0.231981 0.9285000000000001
-0.22600099999999998 1.0275
-0.23101 1.0275
2.9

IMD4d2_damage
4
-0.11001899999999998 0.9285000000000001
-0.10500999999999998 0.9285000000000001
-0.11098999999999998 1.0275
-0.11599899999999998 1.0275
2.9

IMD4d2_damage
4
0.10501000000000003 0.9285000000000001
0.11001900000000003 0.9285000000000001
0.11599900000000003 1.0275
0.11099000000000003 1.0275
2.9

IMD4d2_damage
4
0.34898100000000004 0.9285000000000001
0.35399 0.9285000000000001
0.34801000000000004 1.0275
0.34300100000000006 1.0275
2.9

IMD4d2_damage
4
1.1940099999999998 0.9285000000000001
1.1990189999999998 0.9285000000000001
1.204999 1.0275
1.19999 1.0275
2.9

IMD4d2_damage
4
1.320981 0.9285000000000001
1.32599 0.9285000000000001
1.32001 1.0275
1.3150009999999999 1.0275
2.9

IMD4d2_damage
4
2.16601 0.9285000000000001
2.171019 0.9285000000000001
2.176999 1.0275
2.17199 1.0275
2.9

IMD4d2
4
-0.95 0.9285000000000001
-0.452019 0.9285000000000001
-0.457999 1.0275
-0.95 1.0275
2.65

IMD4d2
4
-0.231981 0.9285000000000001
-0.11001899999999998 0.9285000000000001
-0.11599899999999998 1.0275
-0.22600099999999998 1.0275
2.65

IMD4d2
4
0.11001900000000003 0.9285000000000001
0.34898100000000004 0.9285000000000001
0.34300100000000006 1.0275
0.11599900000000003 1.0275
2.65

IMD4d2
4
1.1990189999999998 0.9285000000000001
1.320981 0.9285000000000001
1.3150009999999999 1.0275
1.204999 1.0275
2.65

IMD4d2
4
2.171019 0.9285000000000001
2.6689999999999996 0.9285000000000001
2.6689999999999996 1.0275
2.176999 1.0275
2.65

IMD4d1
4
-0.95 0.9185000000000001
-0.456424 0.9185000000000001
-0.457028 0.9285000000000001
-0.95 0.9285000000000001
2.65

IMD4d1
4
-0.227576 0.9185000000000001
-0.11442399999999998 0.9185000000000001
-0.11502799999999998 0.9285000000000001
-0.226972 0.9285000000000001
2.65

IMD4d1
4
0.11442400000000004 0.9185000000000001
0.34457600000000005 0.9185000000000001
0.34397200000000006 0.9285000000000001
0.11502800000000003 0.9285000000000001
2.65

IMD4d1
4
1.2034239999999998 0.9185000000000001
1.316576 0.9185000000000001
1.315972 0.9285000000000001
1.2040279999999999 0.9285000000000001
2.65

IMD4d1
4
2.175424 0.9185000000000001
2.6689999999999996 0.9185000000000001
2.6689999999999996 0.9285000000000001
2.176028 0.9285000000000001
2.65

IMD4d1
4
-0.95 0.9005
2.6689999999999996 0.9005
2.6689999999999996 0.9185000000000001
-0.95 0.9185000000000001
2.65

FOXA+FOXB+TOX
4
-0.95 0.001
2.6689999999999996 0.001
2.6689999999999996 0.2665
-0.95 0.2665
4.0

ILD1a
4
-0.95 0.2665
2.6689999999999996 0.2665
2.6689999999999996 0.2765
-0.95 0.2765
7.0

ILD1b1+ILD1b2+ILD1b3
4
-0.95 0.2765
2.6689999999999996 0.2765
2.6689999999999996 0.3955
-0.95 0.3955
4.0

IMD1a
4
-0.95 0.3955
2.6689999999999996 0.3955
2.6689999999999996 0.4065
-0.95 0.4065
5.2

IMD1b
4
-0.95 0.4065
2.6689999999999996 0.4065
2.6689999999999996 0.4665
-0.95 0.4665
2.8

IMD2a
4
-0.95 0.4665
2.6689999999999996 0.4665
2.6689999999999996 0.4875
-0.95 0.4875
5.2

IMD2b
4
-0.95 0.4875
2.6689999999999996 0.4875
2.6689999999999996 0.5025
-0.95 0.5025
4.2

IMD2c
4
-0.95 0.5025
2.6689999999999996 0.5025
2.6689999999999996 0.5265
-0.95 0.5265
3.28

IMD2d1+IMD2d2
4
-0.95 0.5265
2.6689999999999996 0.5265
2.6689999999999996 0.6535
-0.95 0.6535
2.65

IMD3a
4
-0.95 0.6535
2.6689999999999996 0.6535
2.6689999999999996 0.6745
-0.95 0.6745
5.2

IMD3b
4
-0.95 0.6745
2.6689999999999996 0.6745
2.6689999999999996 0.6895
-0.95 0.6895
4.2

IMD3c
4
-0.95 0.6895
2.6689999999999996 0.6895
2.6689999999999996 0.7135
-0.95 0.7135
3.28

IMD3d1+IMD3d2
4
-0.95 0.7135
2.6689999999999996 0.7135
2.6689999999999996 0.8405
-0.95 0.8405
2.65

IMD4a
4
-0.95 0.8405
2.6689999999999996 0.8405
2.6689999999999996 0.8615
-0.95 0.8615
5.2

IMD4b
4
-0.95 0.8615
2.6689999999999996 0.8615
2.6689999999999996 0.8765
-0.95 0.8765
4.2

IMD4c
4
-0.95 0.8765
2.6689999999999996 0.8765
2.6689999999999996 0.9005
-0.95 0.9005
3.28

IMD5a
4
-0.95 1.0275
2.6689999999999996 1.0275
2.6689999999999996 1.0485
-0.95 1.0485
5.2

IMD5b
4
-0.95 1.0485
2.6689999999999996 1.0485
2.6689999999999996 1.0635
-0.95 1.0635
4.2

IMD5c
4
-0.95 1.0635
2.6689999999999996 1.0635
2.6689999999999996 1.0875
-0.95 1.0875
3.28

IMD5d1+IMD5d2
4
-0.95 1.0875
2.6689999999999996 1.0875
2.6689999999999996 1.2145
-0.95 1.2145
2.65

IMD6a
4
-0.95 1.2145
2.6689999999999996 1.2145
2.6689999999999996 1.2355
-0.95 1.2355
5.2

IMD6b
4
-0.95 1.2355
2.6689999999999996 1.2355
2.6689999999999996 1.2505
-0.95 1.2505
4.2

IMD6c
4
-0.95 1.2505
2.6689999999999996 1.2505
2.6689999999999996 1.2745
-0.95 1.2745
3.28

IMD6d1+IMD6d2
4
-0.95 1.2745
2.6689999999999996 1.2745
2.6689999999999996 1.4015
-0.95 1.4015
2.65

IMD7a
4
-0.95 1.4015
2.6689999999999996 1.4015
2.6689999999999996 1.4765
-0.95 1.4765
5.2

IMD7b1+IMD7b2
4
-0.95 1.4765
2.6689999999999996 1.4765
2.6689999999999996 2.9765
-0.95 2.9765
4.2

IMD8a
4
-0.95 2.9765
2.6689999999999996 2.9765
2.6689999999999996 3.0515
-0.95 3.0515
5.2

IMD8b1+IMD8b2
4
-0.95 3.0515
2.6689999999999996 3.0515
2.6689999999999996 4.5515
-0.95 4.5515
4.2

PASS1
4
-0.95 4.5515
2.6689999999999996 4.5515
2.6689999999999996 4.6265
-0.95 4.6265
7.0

PASS2
4
-0.95 4.6265
2.6689999999999996 4.6265
2.6689999999999996 5.0265
-0.95 5.0265
4.2

PASS3
4
-0.95 5.0265
2.6689999999999996 5.0265
2.6689999999999996 5.1015
-0.95 5.1015
7.0

PASS4+PASS5
4
-0.95 5.1015
2.6689999999999996 5.1015
2.6689999999999996 6.0515
-0.95 6.0515
4.2

PASS6
4
-0.95 6.0515
2.6689999999999996 6.0515
2.6689999999999996 6.6515
-0.95 6.6515
7.0

air_Layer
4
-0.95 6.6515
2.6689999999999996 6.6515
2.6689999999999996 6.9485
-0.95 6.9485
1.0


4
-0.95 0.001
2.6689999999999996 0.001
2.6689999999999996 6.9485
-0.95 6.9485

