c1
4
-0.01501000000000001 1.3025
0.01501000000000001 1.3025
0.02099000000000001 1.4015
-0.02099000000000001 1.4015

5
botleft
4
-0.9500000000000001 -0.001
0 -0.001
0 0.001
-0.9500000000000001 0.001

botright
4
0 -0.001
2.8039999999999994 -0.001
2.8039999999999994 0.001
0 0.001

lEnv
4
-0.4470100000000001 1.3025
-0.41699 1.3025
-0.41101000000000004 1.4015
-0.45299000000000006 1.4015

c2
4
0.7589899999999999 1.3025
1.3290099999999998 1.3025
1.33499 1.4015
0.75301 1.4015

rEnv
4
1.73099 1.3025
2.3010099999999993 1.3025
2.3069899999999994 1.4015
1.72501 1.4015


57
IMD6d1_damage
4
-0.45642400000000005 1.2925
-0.40757600000000005 1.2925
-0.40697200000000006 1.3025
-0.45702800000000005 1.3025
3.1

IMD6d1_damage
4
-0.024424000000000008 1.2925
0.024424000000000008 1.2925
0.02502800000000001 1.3025
-0.02502800000000001 1.3025
3.1

IMD6d1_damage
4
0.749576 1.2925
1.3384239999999998 1.2925
1.3390279999999999 1.3025
0.748972 1.3025
3.1

IMD6d1_damage
4
1.721576 1.2925
2.3104239999999994 1.2925
2.3110279999999994 1.3025
1.720972 1.3025
3.1

IMD6d2_damage
4
-0.45201900000000006 1.3025
-0.4470100000000001 1.3025
-0.45299000000000006 1.4015
-0.45799900000000004 1.4015
2.9

IMD6d2_damage
4
-0.41699 1.3025
-0.41198100000000004 1.3025
-0.40600100000000006 1.4015
-0.41101000000000004 1.4015
2.9

IMD6d2_damage
4
-0.02001900000000001 1.3025
-0.01501000000000001 1.3025
-0.02099000000000001 1.4015
-0.025999000000000008 1.4015
2.9

IMD6d2_damage
4
0.01501000000000001 1.3025
0.02001900000000001 1.3025
0.025999000000000008 1.4015
0.02099000000000001 1.4015
2.9

IMD6d2_damage
4
0.7539809999999999 1.3025
0.7589899999999999 1.3025
0.75301 1.4015
0.7480009999999999 1.4015
2.9

IMD6d2_damage
4
1.3290099999999998 1.3025
1.3340189999999998 1.3025
1.339999 1.4015
1.33499 1.4015
2.9

IMD6d2_damage
4
1.725981 1.3025
1.73099 1.3025
1.72501 1.4015
1.720001 1.4015
2.9

IMD6d2_damage
4
2.3010099999999993 1.3025
2.306018999999999 1.3025
2.3119989999999992 1.4015
2.3069899999999994 1.4015
2.9

IMD6d2
4
-0.9500000000000001 1.3025
-0.45201900000000006 1.3025
-0.45799900000000004 1.4015
-0.9500000000000001 1.4015
2.65

IMD6d2
4
-0.41198100000000004 1.3025
-0.02001900000000001 1.3025
-0.025999000000000008 1.4015
-0.40600100000000006 1.4015
2.65

IMD6d2
4
0.02001900000000001 1.3025
0.7539809999999999 1.3025
0.7480009999999999 1.4015
0.025999000000000008 1.4015
2.65

IMD6d2
4
1.3340189999999998 1.3025
1.725981 1.3025
1.720001 1.4015
1.339999 1.4015
2.65

IMD6d2
4
2.306018999999999 1.3025
2.8039999999999994 1.3025
2.8039999999999994 1.4015
2.3119989999999992 1.4015
2.65

IMD6d1
4
-0.9500000000000001 1.2925
-0.45642400000000005 1.2925
-0.45702800000000005 1.3025
-0.9500000000000001 1.3025
2.65

IMD6d1
4
-0.40757600000000005 1.2925
-0.024424000000000008 1.2925
-0.02502800000000001 1.3025
-0.40697200000000006 1.3025
2.65

IMD6d1
4
0.024424000000000008 1.2925
0.749576 1.2925
0.748972 1.3025
0.02502800000000001 1.3025
2.65

IMD6d1
4
1.3384239999999998 1.2925
1.721576 1.2925
1.720972 1.3025
1.3390279999999999 1.3025
2.65

IMD6d1
4
2.3104239999999994 1.2925
2.8039999999999994 1.2925
2.8039999999999994 1.3025
2.3110279999999994 1.3025
2.65

IMD6d1
4
-0.9500000000000001 1.2745
2.8039999999999994 1.2745
2.8039999999999994 1.2925
-0.9500000000000001 1.2925
2.65

FOXA+FOXB+TOX
4
-0.9500000000000001 0.001
2.8039999999999994 0.001
2.8039999999999994 0.2665
-0.9500000000000001 0.2665
4.0

ILD1a
4
-0.9500000000000001 0.2665
2.8039999999999994 0.2665
2.8039999999999994 0.2765
-0.9500000000000001 0.2765
7.0

ILD1b1+ILD1b2+ILD1b3
4
-0.9500000000000001 0.2765
2.8039999999999994 0.2765
2.8039999999999994 0.3955
-0.9500000000000001 0.3955
4.0

IMD1a
4
-0.9500000000000001 0.3955
2.8039999999999994 0.3955
2.8039999999999994 0.4065
-0.9500000000000001 0.4065
5.2

IMD1b
4
-0.9500000000000001 0.4065
2.8039999999999994 0.4065
2.8039999999999994 0.4665
-0.9500000000000001 0.4665
2.8

IMD2a
4
-0.9500000000000001 0.4665
2.8039999999999994 0.4665
2.8039999999999994 0.4875
-0.9500000000000001 0.4875
5.2

IMD2b
4
-0.9500000000000001 0.4875
2.8039999999999994 0.4875
2.8039999999999994 0.5025
-0.9500000000000001 0.5025
4.2

IMD2c
4
-0.9500000000000001 0.5025
2.8039999999999994 0.5025
2.8039999999999994 0.5265
-0.9500000000000001 0.5265
3.28

IMD2d1+IMD2d2
4
-0.9500000000000001 0.5265
2.8039999999999994 0.5265
2.8039999999999994 0.6535
-0.9500000000000001 0.6535
2.65

IMD3a
4
-0.9500000000000001 0.6535
2.8039999999999994 0.6535
2.8039999999999994 0.6745
-0.9500000000000001 0.6745
5.2

IMD3b
4
-0.9500000000000001 0.6745
2.8039999999999994 0.6745
2.8039999999999994 0.6895
-0.9500000000000001 0.6895
4.2

IMD3c
4
-0.9500000000000001 0.6895
2.8039999999999994 0.6895
2.8039999999999994 0.7135
-0.9500000000000001 0.7135
3.28

IMD3d1+IMD3d2
4
-0.9500000000000001 0.7135
2.8039999999999994 0.7135
2.8039999999999994 0.8405
-0.9500000000000001 0.8405
2.65

IMD4a
4
-0.9500000000000001 0.8405
2.8039999999999994 0.8405
2.8039999999999994 0.8615
-0.9500000000000001 0.8615
5.2

IMD4b
4
-0.9500000000000001 0.8615
2.8039999999999994 0.8615
2.8039999999999994 0.8765
-0.9500000000000001 0.8765
4.2

IMD4c
4
-0.9500000000000001 0.8765
2.8039999999999994 0.8765
2.8039999999999994 0.9005
-0.9500000000000001 0.9005
3.28

IMD4d1+IMD4d2
4
-0.9500000000000001 0.9005
2.8039999999999994 0.9005
2.8039999999999994 1.0275
-0.9500000000000001 1.0275
2.65

IMD5a
4
-0.9500000000000001 1.0275
2.8039999999999994 1.0275
2.8039999999999994 1.0485
-0.9500000000000001 1.0485
5.2

IMD5b
4
-0.9500000000000001 1.0485
2.8039999999999994 1.0485
2.8039999999999994 1.0635
-0.9500000000000001 1.0635
4.2

IMD5c
4
-0.9500000000000001 1.0635
2.8039999999999994 1.0635
2.8039999999999994 1.0875
-0.9500000000000001 1.0875
3.28

IMD5d1+IMD5d2
4
-0.9500000000000001 1.0875
2.8039999999999994 1.0875
2.8039999999999994 1.2145
-0.9500000000000001 1.2145
2.65

IMD6a
4
-0.9500000000000001 1.2145
2.8039999999999994 1.2145
2.8039999999999994 1.2355
-0.9500000000000001 1.2355
5.2

IMD6b
4
-0.9500000000000001 1.2355
2.8039999999999994 1.2355
2.8039999999999994 1.2505
-0.9500000000000001 1.2505
4.2

IMD6c
4
-0.9500000000000001 1.2505
2.8039999999999994 1.2505
2.8039999999999994 1.2745
-0.9500000000000001 1.2745
3.28

IMD7a
4
-0.9500000000000001 1.4015
2.8039999999999994 1.4015
2.8039999999999994 1.4765
-0.9500000000000001 1.4765
5.2

IMD7b1+IMD7b2
4
-0.9500000000000001 1.4765
2.8039999999999994 1.4765
2.8039999999999994 2.9765
-0.9500000000000001 2.9765
4.2

IMD8a
4
-0.9500000000000001 2.9765
2.8039999999999994 2.9765
2.8039999999999994 3.0515
-0.9500000000000001 3.0515
5.2

IMD8b1+IMD8b2
4
-0.9500000000000001 3.0515
2.8039999999999994 3.0515
2.8039999999999994 4.5515
-0.9500000000000001 4.5515
4.2

PASS1
4
-0.9500000000000001 4.5515
2.8039999999999994 4.5515
2.8039999999999994 4.6265
-0.9500000000000001 4.6265
7.0

PASS2
4
-0.9500000000000001 4.6265
2.8039999999999994 4.6265
2.8039999999999994 5.0265
-0.9500000000000001 5.0265
4.2

PASS3
4
-0.9500000000000001 5.0265
2.8039999999999994 5.0265
2.8039999999999994 5.1015
-0.9500000000000001 5.1015
7.0

PASS4+PASS5
4
-0.9500000000000001 5.1015
2.8039999999999994 5.1015
2.8039999999999994 6.0515
-0.9500000000000001 6.0515
4.2

PASS6
4
-0.9500000000000001 6.0515
2.8039999999999994 6.0515
2.8039999999999994 6.6515
-0.9500000000000001 6.6515
7.0

air_Layer
4
-0.9500000000000001 6.6515
2.8039999999999994 6.6515
2.8039999999999994 6.9485
-0.9500000000000001 6.9485
1.0


4
-0.9500000000000001 0.001
2.8039999999999994 0.001
2.8039999999999994 6.9485
-0.9500000000000001 6.9485

