c1
4
-0.21592000000000006 0.37050000000000005
0.21591999999999995 0.37050000000000005
0.22507999999999995 0.4665
-0.22508000000000006 0.4665

5
botleft
4
-1.4675 -0.001
0 -0.001
0 0.001
-1.4675 0.001

botright
4
0 -0.001
1.5215 -0.001
1.5215 0.001
0 0.001

lEnv
4
-0.9629200000000001 0.37050000000000005
-0.53108 0.37050000000000005
-0.52192 0.4665
-0.97208 0.4665

c2
4
0.28807999999999984 0.37050000000000005
0.49491999999999986 0.37050000000000005
0.5040799999999999 0.4665
0.27891999999999983 0.4665

rEnv
4
0.8100799999999998 0.37050000000000005
1.0169199999999998 0.37050000000000005
1.0260799999999999 0.4665
0.8009199999999999 0.4665


48
IMD1b
4
-1.4675 0.40650000000000003
-0.9663550000000001 0.40650000000000003
-0.97208 0.4665
-1.4675 0.4665
2.8

IMD1b
4
-0.527645 0.40650000000000003
-0.21935500000000005 0.40650000000000003
-0.22508000000000006 0.4665
-0.52192 0.4665
2.8

IMD1b
4
0.21935499999999994 0.40650000000000003
0.2846449999999998 0.40650000000000003
0.27891999999999983 0.4665
0.22507999999999995 0.4665
2.8

IMD1b
4
0.4983549999999999 0.40650000000000003
0.8066449999999998 0.40650000000000003
0.8009199999999999 0.4665
0.5040799999999999 0.4665
2.8

IMD1b
4
1.020355 0.40650000000000003
1.5215 0.40650000000000003
1.5215 0.4665
1.0260799999999999 0.4665
2.8

IMD1a
4
-1.4675 0.3955
-0.9653054166666667 0.3955
-0.9663550000000001 0.40650000000000003
-1.4675 0.40650000000000003
5.2

IMD1a
4
-0.5286945833333334 0.3955
-0.21830541666666672 0.3955
-0.21935500000000005 0.40650000000000003
-0.527645 0.40650000000000003
5.2

IMD1a
4
0.2183054166666666 0.3955
0.28569458333333314 0.3955
0.2846449999999998 0.40650000000000003
0.21935499999999994 0.40650000000000003
5.2

IMD1a
4
0.49730541666666656 0.3955
0.8076945833333332 0.3955
0.8066449999999998 0.40650000000000003
0.4983549999999999 0.40650000000000003
5.2

IMD1a
4
1.0193054166666666 0.3955
1.5215 0.3955
1.5215 0.40650000000000003
1.020355 0.40650000000000003
5.2

ILD1b3
4
-1.4675 0.37050000000000005
-0.9629200000000001 0.37050000000000005
-0.9653054166666667 0.3955
-1.4675 0.3955
4

ILD1b3
4
-0.53108 0.37050000000000005
-0.21592000000000006 0.37050000000000005
-0.21830541666666672 0.3955
-0.5286945833333334 0.3955
4

ILD1b3
4
0.21591999999999995 0.37050000000000005
0.28807999999999984 0.37050000000000005
0.28569458333333314 0.3955
0.2183054166666666 0.3955
4

ILD1b3
4
0.49491999999999986 0.37050000000000005
0.8100799999999998 0.37050000000000005
0.8076945833333332 0.3955
0.49730541666666656 0.3955
4

ILD1b3
4
1.0169199999999998 0.37050000000000005
1.5215 0.37050000000000005
1.5215 0.3955
1.0193054166666666 0.3955
4

ILD1b1+ILD1b2
4
-1.4675 0.2765
1.5215 0.2765
1.5215 0.37050000000000005
-1.4675 0.37050000000000005
4

FOXA+FOXB+TOX
4
-1.4675 0.001
1.5215 0.001
1.5215 0.2665
-1.4675 0.2665
4.0

ILD1a
4
-1.4675 0.2665
1.5215 0.2665
1.5215 0.2765
-1.4675 0.2765
7.0

IMD2a
4
-1.4675 0.4665
1.5215 0.4665
1.5215 0.4875
-1.4675 0.4875
5.2

IMD2b
4
-1.4675 0.4875
1.5215 0.4875
1.5215 0.5025
-1.4675 0.5025
4.2

IMD2c
4
-1.4675 0.5025
1.5215 0.5025
1.5215 0.5265
-1.4675 0.5265
3.28

IMD2d1+IMD2d2
4
-1.4675 0.5265
1.5215 0.5265
1.5215 0.6535
-1.4675 0.6535
2.65

IMD3a
4
-1.4675 0.6535
1.5215 0.6535
1.5215 0.6745
-1.4675 0.6745
5.2

IMD3b
4
-1.4675 0.6745
1.5215 0.6745
1.5215 0.6895
-1.4675 0.6895
4.2

IMD3c
4
-1.4675 0.6895
1.5215 0.6895
1.5215 0.7135
-1.4675 0.7135
3.28

IMD3d1+IMD3d2
4
-1.4675 0.7135
1.5215 0.7135
1.5215 0.8405
-1.4675 0.8405
2.65

IMD4a
4
-1.4675 0.8405
1.5215 0.8405
1.5215 0.8615
-1.4675 0.8615
5.2

IMD4b
4
-1.4675 0.8615
1.5215 0.8615
1.5215 0.8765
-1.4675 0.8765
4.2

IMD4c
4
-1.4675 0.8765
1.5215 0.8765
1.5215 0.9005
-1.4675 0.9005
3.28

IMD4d1+IMD4d2
4
-1.4675 0.9005
1.5215 0.9005
1.5215 1.0275
-1.4675 1.0275
2.65

IMD5a
4
-1.4675 1.0275
1.5215 1.0275
1.5215 1.0485
-1.4675 1.0485
5.2

IMD5b
4
-1.4675 1.0485
1.5215 1.0485
1.5215 1.0635
-1.4675 1.0635
4.2

IMD5c
4
-1.4675 1.0635
1.5215 1.0635
1.5215 1.0875
-1.4675 1.0875
3.28

IMD5d1+IMD5d2
4
-1.4675 1.0875
1.5215 1.0875
1.5215 1.2145
-1.4675 1.2145
2.65

IMD6a
4
-1.4675 1.2145
1.5215 1.2145
1.5215 1.2355
-1.4675 1.2355
5.2

IMD6b
4
-1.4675 1.2355
1.5215 1.2355
1.5215 1.2505
-1.4675 1.2505
4.2

IMD6c
4
-1.4675 1.2505
1.5215 1.2505
1.5215 1.2745
-1.4675 1.2745
3.28

IMD6d1+IMD6d2
4
-1.4675 1.2745
1.5215 1.2745
1.5215 1.4015
-1.4675 1.4015
2.65

IMD7a
4
-1.4675 1.4015
1.5215 1.4015
1.5215 1.4765
-1.4675 1.4765
5.2

IMD7b1+IMD7b2
4
-1.4675 1.4765
1.5215 1.4765
1.5215 2.9765
-1.4675 2.9765
4.2

IMD8a
4
-1.4675 2.9765
1.5215 2.9765
1.5215 3.0515
-1.4675 3.0515
5.2

IMD8b1+IMD8b2
4
-1.4675 3.0515
1.5215 3.0515
1.5215 4.5515
-1.4675 4.5515
4.2

PASS1
4
-1.4675 4.5515
1.5215 4.5515
1.5215 4.6265
-1.4675 4.6265
7.0

PASS2
4
-1.4675 4.6265
1.5215 4.6265
1.5215 5.0265
-1.4675 5.0265
4.2

PASS3
4
-1.4675 5.0265
1.5215 5.0265
1.5215 5.1015
-1.4675 5.1015
7.0

PASS4+PASS5
4
-1.4675 5.1015
1.5215 5.1015
1.5215 6.0515
-1.4675 6.0515
4.2

PASS6
4
-1.4675 6.0515
1.5215 6.0515
1.5215 6.6515
-1.4675 6.6515
7.0

air_Layer
4
-1.4675 6.6515
1.5215 6.6515
1.5215 6.9485
-1.4675 6.9485
1.0


4
-1.4675 0.001
1.5215 0.001
1.5215 6.9485
-1.4675 6.9485

