c1
4
-0.4200100000000001 0.5545
0.4200100000000001 0.5545
0.4259900000000001 0.6535
-0.4259900000000001 0.6535

5
botleft
4
-2.165 -0.001
0 -0.001
0 0.001
-2.165 0.001

botright
4
0 -0.001
2.3989999999999996 -0.001
2.3989999999999996 0.001
0 0.001

lEnv
4
-1.66201 0.5545
-0.8219900000000001 0.5545
-0.8160100000000001 0.6535
-1.66799 0.6535

c2
4
1.0739900000000002 0.5545
1.2840099999999999 0.5545
1.28999 0.6535
1.0680100000000001 0.6535

rEnv
4
1.6859899999999999 0.5545
1.8960099999999995 0.5545
1.9019899999999996 0.6535
1.6800099999999998 0.6535


57
IMD2d1_damage
4
-1.671424 0.5445
-0.8125760000000002 0.5445
-0.8119720000000001 0.5545
-1.672028 0.5545
3.1

IMD2d1_damage
4
-0.4294240000000001 0.5445
0.4294240000000001 0.5445
0.4300280000000001 0.5545
-0.4300280000000001 0.5545
3.1

IMD2d1_damage
4
1.0645760000000002 0.5445
1.293424 0.5445
1.294028 0.5545
1.0639720000000001 0.5545
3.1

IMD2d1_damage
4
1.6765759999999998 0.5445
1.9054239999999996 0.5445
1.9060279999999996 0.5545
1.6759719999999998 0.5545
3.1

IMD2d2_damage
4
-1.667019 0.5545
-1.66201 0.5545
-1.66799 0.6535
-1.6729990000000001 0.6535
2.9

IMD2d2_damage
4
-0.8219900000000001 0.5545
-0.8169810000000001 0.5545
-0.8110010000000001 0.6535
-0.8160100000000001 0.6535
2.9

IMD2d2_damage
4
-0.4250190000000001 0.5545
-0.4200100000000001 0.5545
-0.4259900000000001 0.6535
-0.4309990000000001 0.6535
2.9

IMD2d2_damage
4
0.4200100000000001 0.5545
0.4250190000000001 0.5545
0.4309990000000001 0.6535
0.4259900000000001 0.6535
2.9

IMD2d2_damage
4
1.0689810000000002 0.5545
1.0739900000000002 0.5545
1.0680100000000001 0.6535
1.063001 0.6535
2.9

IMD2d2_damage
4
1.2840099999999999 0.5545
1.289019 0.5545
1.294999 0.6535
1.28999 0.6535
2.9

IMD2d2_damage
4
1.6809809999999998 0.5545
1.6859899999999999 0.5545
1.6800099999999998 0.6535
1.6750009999999997 0.6535
2.9

IMD2d2_damage
4
1.8960099999999995 0.5545
1.9010189999999996 0.5545
1.9069989999999997 0.6535
1.9019899999999996 0.6535
2.9

IMD2d2
4
-2.165 0.5545
-1.667019 0.5545
-1.6729990000000001 0.6535
-2.165 0.6535
2.65

IMD2d2
4
-0.8169810000000001 0.5545
-0.4250190000000001 0.5545
-0.4309990000000001 0.6535
-0.8110010000000001 0.6535
2.65

IMD2d2
4
0.4250190000000001 0.5545
1.0689810000000002 0.5545
1.063001 0.6535
0.4309990000000001 0.6535
2.65

IMD2d2
4
1.289019 0.5545
1.6809809999999998 0.5545
1.6750009999999997 0.6535
1.294999 0.6535
2.65

IMD2d2
4
1.9010189999999996 0.5545
2.3989999999999996 0.5545
2.3989999999999996 0.6535
1.9069989999999997 0.6535
2.65

IMD2d1
4
-2.165 0.5445
-1.671424 0.5445
-1.672028 0.5545
-2.165 0.5545
2.65

IMD2d1
4
-0.8125760000000002 0.5445
-0.4294240000000001 0.5445
-0.4300280000000001 0.5545
-0.8119720000000001 0.5545
2.65

IMD2d1
4
0.4294240000000001 0.5445
1.0645760000000002 0.5445
1.0639720000000001 0.5545
0.4300280000000001 0.5545
2.65

IMD2d1
4
1.293424 0.5445
1.6765759999999998 0.5445
1.6759719999999998 0.5545
1.294028 0.5545
2.65

IMD2d1
4
1.9054239999999996 0.5445
2.3989999999999996 0.5445
2.3989999999999996 0.5545
1.9060279999999996 0.5545
2.65

IMD2d1
4
-2.165 0.5265
2.3989999999999996 0.5265
2.3989999999999996 0.5445
-2.165 0.5445
2.65

FOXA+FOXB+TOX
4
-2.165 0.001
2.3989999999999996 0.001
2.3989999999999996 0.2665
-2.165 0.2665
4.0

ILD1a
4
-2.165 0.2665
2.3989999999999996 0.2665
2.3989999999999996 0.2765
-2.165 0.2765
7.0

ILD1b1+ILD1b2+ILD1b3
4
-2.165 0.2765
2.3989999999999996 0.2765
2.3989999999999996 0.3955
-2.165 0.3955
4.0

IMD1a
4
-2.165 0.3955
2.3989999999999996 0.3955
2.3989999999999996 0.4065
-2.165 0.4065
5.2

IMD1b
4
-2.165 0.4065
2.3989999999999996 0.4065
2.3989999999999996 0.4665
-2.165 0.4665
2.8

IMD2a
4
-2.165 0.4665
2.3989999999999996 0.4665
2.3989999999999996 0.4875
-2.165 0.4875
5.2

IMD2b
4
-2.165 0.4875
2.3989999999999996 0.4875
2.3989999999999996 0.5025
-2.165 0.5025
4.2

IMD2c
4
-2.165 0.5025
2.3989999999999996 0.5025
2.3989999999999996 0.5265
-2.165 0.5265
3.28

IMD3a
4
-2.165 0.6535
2.3989999999999996 0.6535
2.3989999999999996 0.6745
-2.165 0.6745
5.2

IMD3b
4
-2.165 0.6745
2.3989999999999996 0.6745
2.3989999999999996 0.6895
-2.165 0.6895
4.2

IMD3c
4
-2.165 0.6895
2.3989999999999996 0.6895
2.3989999999999996 0.7135
-2.165 0.7135
3.28

IMD3d1+IMD3d2
4
-2.165 0.7135
2.3989999999999996 0.7135
2.3989999999999996 0.8405
-2.165 0.8405
2.65

IMD4a
4
-2.165 0.8405
2.3989999999999996 0.8405
2.3989999999999996 0.8615
-2.165 0.8615
5.2

IMD4b
4
-2.165 0.8615
2.3989999999999996 0.8615
2.3989999999999996 0.8765
-2.165 0.8765
4.2

IMD4c
4
-2.165 0.8765
2.3989999999999996 0.8765
2.3989999999999996 0.9005
-2.165 0.9005
3.28

IMD4d1+IMD4d2
4
-2.165 0.9005
2.3989999999999996 0.9005
2.3989999999999996 1.0275
-2.165 1.0275
2.65

IMD5a
4
-2.165 1.0275
2.3989999999999996 1.0275
2.3989999999999996 1.0485
-2.165 1.0485
5.2

IMD5b
4
-2.165 1.0485
2.3989999999999996 1.0485
2.3989999999999996 1.0635
-2.165 1.0635
4.2

IMD5c
4
-2.165 1.0635
2.3989999999999996 1.0635
2.3989999999999996 1.0875
-2.165 1.0875
3.28

IMD5d1+IMD5d2
4
-2.165 1.0875
2.3989999999999996 1.0875
2.3989999999999996 1.2145
-2.165 1.2145
2.65

IMD6a
4
-2.165 1.2145
2.3989999999999996 1.2145
2.3989999999999996 1.2355
-2.165 1.2355
5.2

IMD6b
4
-2.165 1.2355
2.3989999999999996 1.2355
2.3989999999999996 1.2505
-2.165 1.2505
4.2

IMD6c
4
-2.165 1.2505
2.3989999999999996 1.2505
2.3989999999999996 1.2745
-2.165 1.2745
3.28

IMD6d1+IMD6d2
4
-2.165 1.2745
2.3989999999999996 1.2745
2.3989999999999996 1.4015
-2.165 1.4015
2.65

IMD7a
4
-2.165 1.4015
2.3989999999999996 1.4015
2.3989999999999996 1.4765
-2.165 1.4765
5.2

IMD7b1+IMD7b2
4
-2.165 1.4765
2.3989999999999996 1.4765
2.3989999999999996 2.9765
-2.165 2.9765
4.2

IMD8a
4
-2.165 2.9765
2.3989999999999996 2.9765
2.3989999999999996 3.0515
-2.165 3.0515
5.2

IMD8b1+IMD8b2
4
-2.165 3.0515
2.3989999999999996 3.0515
2.3989999999999996 4.5515
-2.165 4.5515
4.2

PASS1
4
-2.165 4.5515
2.3989999999999996 4.5515
2.3989999999999996 4.6265
-2.165 4.6265
7.0

PASS2
4
-2.165 4.6265
2.3989999999999996 4.6265
2.3989999999999996 5.0265
-2.165 5.0265
4.2

PASS3
4
-2.165 5.0265
2.3989999999999996 5.0265
2.3989999999999996 5.1015
-2.165 5.1015
7.0

PASS4+PASS5
4
-2.165 5.1015
2.3989999999999996 5.1015
2.3989999999999996 6.0515
-2.165 6.0515
4.2

PASS6
4
-2.165 6.0515
2.3989999999999996 6.0515
2.3989999999999996 6.6515
-2.165 6.6515
7.0

air_Layer
4
-2.165 6.6515
2.3989999999999996 6.6515
2.3989999999999996 6.9485
-2.165 6.9485
1.0


4
-2.165 0.001
2.3989999999999996 0.001
2.3989999999999996 6.9485
-2.165 6.9485

