c1
4
-0.48591999999999996 0.37050000000000005
0.48591999999999974 0.37050000000000005
0.49507999999999974 0.4665
-0.49507999999999996 0.4665

5
botleft
4
-2.0975 -0.001
0 -0.001
0 0.001
-2.0975 0.001

botright
4
0 -0.001
2.0614999999999997 -0.001
2.0614999999999997 0.001
0 0.001

lEnv
4
-1.59292 0.37050000000000005
-0.62108 0.37050000000000005
-0.61192 0.4665
-1.60208 0.4665

c2
4
1.1880799999999998 0.37050000000000005
1.3049199999999996 0.37050000000000005
1.3140799999999997 0.4665
1.1789199999999997 0.4665

rEnv
4
1.4400799999999996 0.37050000000000005
1.5569199999999994 0.37050000000000005
1.5660799999999995 0.4665
1.4309199999999995 0.4665


48
IMD1b
4
-2.0975 0.40650000000000003
-1.596355 0.40650000000000003
-1.60208 0.4665
-2.0975 0.4665
2.8

IMD1b
4
-0.617645 0.40650000000000003
-0.489355 0.40650000000000003
-0.49507999999999996 0.4665
-0.61192 0.4665
2.8

IMD1b
4
0.48935499999999976 0.40650000000000003
1.1846449999999997 0.40650000000000003
1.1789199999999997 0.4665
0.49507999999999974 0.4665
2.8

IMD1b
4
1.3083549999999997 0.40650000000000003
1.4366449999999995 0.40650000000000003
1.4309199999999995 0.4665
1.3140799999999997 0.4665
2.8

IMD1b
4
1.5603549999999995 0.40650000000000003
2.0614999999999997 0.40650000000000003
2.0614999999999997 0.4665
1.5660799999999995 0.4665
2.8

IMD1a
4
-2.0975 0.3955
-1.5953054166666667 0.3955
-1.596355 0.40650000000000003
-2.0975 0.40650000000000003
5.2

IMD1a
4
-0.6186945833333334 0.3955
-0.48830541666666666 0.3955
-0.489355 0.40650000000000003
-0.617645 0.40650000000000003
5.2

IMD1a
4
0.48830541666666644 0.3955
1.185694583333333 0.3955
1.1846449999999997 0.40650000000000003
0.48935499999999976 0.40650000000000003
5.2

IMD1a
4
1.3073054166666664 0.3955
1.4376945833333328 0.3955
1.4366449999999995 0.40650000000000003
1.3083549999999997 0.40650000000000003
5.2

IMD1a
4
1.5593054166666662 0.3955
2.0614999999999997 0.3955
2.0614999999999997 0.40650000000000003
1.5603549999999995 0.40650000000000003
5.2

ILD1b3
4
-2.0975 0.37050000000000005
-1.59292 0.37050000000000005
-1.5953054166666667 0.3955
-2.0975 0.3955
4

ILD1b3
4
-0.62108 0.37050000000000005
-0.48591999999999996 0.37050000000000005
-0.48830541666666666 0.3955
-0.6186945833333334 0.3955
4

ILD1b3
4
0.48591999999999974 0.37050000000000005
1.1880799999999998 0.37050000000000005
1.185694583333333 0.3955
0.48830541666666644 0.3955
4

ILD1b3
4
1.3049199999999996 0.37050000000000005
1.4400799999999996 0.37050000000000005
1.4376945833333328 0.3955
1.3073054166666664 0.3955
4

ILD1b3
4
1.5569199999999994 0.37050000000000005
2.0614999999999997 0.37050000000000005
2.0614999999999997 0.3955
1.5593054166666662 0.3955
4

ILD1b1+ILD1b2
4
-2.0975 0.2765
2.0614999999999997 0.2765
2.0614999999999997 0.37050000000000005
-2.0975 0.37050000000000005
4

FOXA+FOXB+TOX
4
-2.0975 0.001
2.0614999999999997 0.001
2.0614999999999997 0.2665
-2.0975 0.2665
4.0

ILD1a
4
-2.0975 0.2665
2.0614999999999997 0.2665
2.0614999999999997 0.2765
-2.0975 0.2765
7.0

IMD2a
4
-2.0975 0.4665
2.0614999999999997 0.4665
2.0614999999999997 0.4875
-2.0975 0.4875
5.2

IMD2b
4
-2.0975 0.4875
2.0614999999999997 0.4875
2.0614999999999997 0.5025
-2.0975 0.5025
4.2

IMD2c
4
-2.0975 0.5025
2.0614999999999997 0.5025
2.0614999999999997 0.5265
-2.0975 0.5265
3.28

IMD2d1+IMD2d2
4
-2.0975 0.5265
2.0614999999999997 0.5265
2.0614999999999997 0.6535
-2.0975 0.6535
2.65

IMD3a
4
-2.0975 0.6535
2.0614999999999997 0.6535
2.0614999999999997 0.6745
-2.0975 0.6745
5.2

IMD3b
4
-2.0975 0.6745
2.0614999999999997 0.6745
2.0614999999999997 0.6895
-2.0975 0.6895
4.2

IMD3c
4
-2.0975 0.6895
2.0614999999999997 0.6895
2.0614999999999997 0.7135
-2.0975 0.7135
3.28

IMD3d1+IMD3d2
4
-2.0975 0.7135
2.0614999999999997 0.7135
2.0614999999999997 0.8405
-2.0975 0.8405
2.65

IMD4a
4
-2.0975 0.8405
2.0614999999999997 0.8405
2.0614999999999997 0.8615
-2.0975 0.8615
5.2

IMD4b
4
-2.0975 0.8615
2.0614999999999997 0.8615
2.0614999999999997 0.8765
-2.0975 0.8765
4.2

IMD4c
4
-2.0975 0.8765
2.0614999999999997 0.8765
2.0614999999999997 0.9005
-2.0975 0.9005
3.28

IMD4d1+IMD4d2
4
-2.0975 0.9005
2.0614999999999997 0.9005
2.0614999999999997 1.0275
-2.0975 1.0275
2.65

IMD5a
4
-2.0975 1.0275
2.0614999999999997 1.0275
2.0614999999999997 1.0485
-2.0975 1.0485
5.2

IMD5b
4
-2.0975 1.0485
2.0614999999999997 1.0485
2.0614999999999997 1.0635
-2.0975 1.0635
4.2

IMD5c
4
-2.0975 1.0635
2.0614999999999997 1.0635
2.0614999999999997 1.0875
-2.0975 1.0875
3.28

IMD5d1+IMD5d2
4
-2.0975 1.0875
2.0614999999999997 1.0875
2.0614999999999997 1.2145
-2.0975 1.2145
2.65

IMD6a
4
-2.0975 1.2145
2.0614999999999997 1.2145
2.0614999999999997 1.2355
-2.0975 1.2355
5.2

IMD6b
4
-2.0975 1.2355
2.0614999999999997 1.2355
2.0614999999999997 1.2505
-2.0975 1.2505
4.2

IMD6c
4
-2.0975 1.2505
2.0614999999999997 1.2505
2.0614999999999997 1.2745
-2.0975 1.2745
3.28

IMD6d1+IMD6d2
4
-2.0975 1.2745
2.0614999999999997 1.2745
2.0614999999999997 1.4015
-2.0975 1.4015
2.65

IMD7a
4
-2.0975 1.4015
2.0614999999999997 1.4015
2.0614999999999997 1.4765
-2.0975 1.4765
5.2

IMD7b1+IMD7b2
4
-2.0975 1.4765
2.0614999999999997 1.4765
2.0614999999999997 2.9765
-2.0975 2.9765
4.2

IMD8a
4
-2.0975 2.9765
2.0614999999999997 2.9765
2.0614999999999997 3.0515
-2.0975 3.0515
5.2

IMD8b1+IMD8b2
4
-2.0975 3.0515
2.0614999999999997 3.0515
2.0614999999999997 4.5515
-2.0975 4.5515
4.2

PASS1
4
-2.0975 4.5515
2.0614999999999997 4.5515
2.0614999999999997 4.6265
-2.0975 4.6265
7.0

PASS2
4
-2.0975 4.6265
2.0614999999999997 4.6265
2.0614999999999997 5.0265
-2.0975 5.0265
4.2

PASS3
4
-2.0975 5.0265
2.0614999999999997 5.0265
2.0614999999999997 5.1015
-2.0975 5.1015
7.0

PASS4+PASS5
4
-2.0975 5.1015
2.0614999999999997 5.1015
2.0614999999999997 6.0515
-2.0975 6.0515
4.2

PASS6
4
-2.0975 6.0515
2.0614999999999997 6.0515
2.0614999999999997 6.6515
-2.0975 6.6515
7.0

air_Layer
4
-2.0975 6.6515
2.0614999999999997 6.6515
2.0614999999999997 6.9485
-2.0975 6.9485
1.0


4
-2.0975 0.001
2.0614999999999997 0.001
2.0614999999999997 6.9485
-2.0975 6.9485

