c1
4
-0.015009999999999982 0.7415
0.01501000000000001 0.7415
0.02099000000000001 0.8405
-0.02098999999999998 0.8405

5
botleft
4
-0.6799999999999999 -0.001
0 -0.001
0 0.001
-0.6799999999999999 0.001

botright
4
0 -0.001
1.994 -0.001
1.994 0.001
0 0.001

lEnv
4
-0.17700999999999997 0.7415
-0.14699 0.7415
-0.14101 0.8405
-0.18298999999999999 0.8405

c2
4
0.21899000000000005 0.7415
0.78901 0.7415
0.79499 0.8405
0.21301000000000003 0.8405

rEnv
4
0.9209899999999999 0.7415
1.4910099999999997 0.7415
1.4969899999999998 0.8405
0.9150099999999999 0.8405


57
IMD3d1_damage
4
-0.18642399999999998 0.7315
-0.13757599999999998 0.7315
-0.13697199999999998 0.7415
-0.18702799999999997 0.7415
3.1

IMD3d1_damage
4
-0.02442399999999998 0.7315
0.024424000000000008 0.7315
0.02502800000000001 0.7415
-0.02502799999999998 0.7415
3.1

IMD3d1_damage
4
0.20957600000000004 0.7315
0.7984239999999999 0.7315
0.799028 0.7415
0.20897200000000005 0.7415
3.1

IMD3d1_damage
4
0.9115759999999999 0.7315
1.5004239999999998 0.7315
1.5010279999999998 0.7415
0.9109719999999999 0.7415
3.1

IMD3d2_damage
4
-0.182019 0.7415
-0.17700999999999997 0.7415
-0.18298999999999999 0.8405
-0.187999 0.8405
2.9

IMD3d2_damage
4
-0.14699 0.7415
-0.141981 0.7415
-0.13600099999999998 0.8405
-0.14101 0.8405
2.9

IMD3d2_damage
4
-0.02001899999999998 0.7415
-0.015009999999999982 0.7415
-0.02098999999999998 0.8405
-0.02599899999999998 0.8405
2.9

IMD3d2_damage
4
0.01501000000000001 0.7415
0.02001900000000001 0.7415
0.025999000000000008 0.8405
0.02099000000000001 0.8405
2.9

IMD3d2_damage
4
0.21398100000000003 0.7415
0.21899000000000005 0.7415
0.21301000000000003 0.8405
0.20800100000000002 0.8405
2.9

IMD3d2_damage
4
0.78901 0.7415
0.794019 0.7415
0.799999 0.8405
0.79499 0.8405
2.9

IMD3d2_damage
4
0.9159809999999998 0.7415
0.9209899999999999 0.7415
0.9150099999999999 0.8405
0.9100009999999998 0.8405
2.9

IMD3d2_damage
4
1.4910099999999997 0.7415
1.4960189999999998 0.7415
1.5019989999999999 0.8405
1.4969899999999998 0.8405
2.9

IMD3d2
4
-0.6799999999999999 0.7415
-0.182019 0.7415
-0.187999 0.8405
-0.6799999999999999 0.8405
2.65

IMD3d2
4
-0.141981 0.7415
-0.02001899999999998 0.7415
-0.02599899999999998 0.8405
-0.13600099999999998 0.8405
2.65

IMD3d2
4
0.02001900000000001 0.7415
0.21398100000000003 0.7415
0.20800100000000002 0.8405
0.025999000000000008 0.8405
2.65

IMD3d2
4
0.794019 0.7415
0.9159809999999998 0.7415
0.9100009999999998 0.8405
0.799999 0.8405
2.65

IMD3d2
4
1.4960189999999998 0.7415
1.994 0.7415
1.994 0.8405
1.5019989999999999 0.8405
2.65

IMD3d1
4
-0.6799999999999999 0.7315
-0.18642399999999998 0.7315
-0.18702799999999997 0.7415
-0.6799999999999999 0.7415
2.65

IMD3d1
4
-0.13757599999999998 0.7315
-0.02442399999999998 0.7315
-0.02502799999999998 0.7415
-0.13697199999999998 0.7415
2.65

IMD3d1
4
0.024424000000000008 0.7315
0.20957600000000004 0.7315
0.20897200000000005 0.7415
0.02502800000000001 0.7415
2.65

IMD3d1
4
0.7984239999999999 0.7315
0.9115759999999999 0.7315
0.9109719999999999 0.7415
0.799028 0.7415
2.65

IMD3d1
4
1.5004239999999998 0.7315
1.994 0.7315
1.994 0.7415
1.5010279999999998 0.7415
2.65

IMD3d1
4
-0.6799999999999999 0.7135
1.994 0.7135
1.994 0.7315
-0.6799999999999999 0.7315
2.65

FOXA+FOXB+TOX
4
-0.6799999999999999 0.001
1.994 0.001
1.994 0.2665
-0.6799999999999999 0.2665
4.0

ILD1a
4
-0.6799999999999999 0.2665
1.994 0.2665
1.994 0.2765
-0.6799999999999999 0.2765
7.0

ILD1b1+ILD1b2+ILD1b3
4
-0.6799999999999999 0.2765
1.994 0.2765
1.994 0.3955
-0.6799999999999999 0.3955
4.0

IMD1a
4
-0.6799999999999999 0.3955
1.994 0.3955
1.994 0.4065
-0.6799999999999999 0.4065
5.2

IMD1b
4
-0.6799999999999999 0.4065
1.994 0.4065
1.994 0.4665
-0.6799999999999999 0.4665
2.8

IMD2a
4
-0.6799999999999999 0.4665
1.994 0.4665
1.994 0.4875
-0.6799999999999999 0.4875
5.2

IMD2b
4
-0.6799999999999999 0.4875
1.994 0.4875
1.994 0.5025
-0.6799999999999999 0.5025
4.2

IMD2c
4
-0.6799999999999999 0.5025
1.994 0.5025
1.994 0.5265
-0.6799999999999999 0.5265
3.28

IMD2d1+IMD2d2
4
-0.6799999999999999 0.5265
1.994 0.5265
1.994 0.6535
-0.6799999999999999 0.6535
2.65

IMD3a
4
-0.6799999999999999 0.6535
1.994 0.6535
1.994 0.6745
-0.6799999999999999 0.6745
5.2

IMD3b
4
-0.6799999999999999 0.6745
1.994 0.6745
1.994 0.6895
-0.6799999999999999 0.6895
4.2

IMD3c
4
-0.6799999999999999 0.6895
1.994 0.6895
1.994 0.7135
-0.6799999999999999 0.7135
3.28

IMD4a
4
-0.6799999999999999 0.8405
1.994 0.8405
1.994 0.8615
-0.6799999999999999 0.8615
5.2

IMD4b
4
-0.6799999999999999 0.8615
1.994 0.8615
1.994 0.8765
-0.6799999999999999 0.8765
4.2

IMD4c
4
-0.6799999999999999 0.8765
1.994 0.8765
1.994 0.9005
-0.6799999999999999 0.9005
3.28

IMD4d1+IMD4d2
4
-0.6799999999999999 0.9005
1.994 0.9005
1.994 1.0275
-0.6799999999999999 1.0275
2.65

IMD5a
4
-0.6799999999999999 1.0275
1.994 1.0275
1.994 1.0485
-0.6799999999999999 1.0485
5.2

IMD5b
4
-0.6799999999999999 1.0485
1.994 1.0485
1.994 1.0635
-0.6799999999999999 1.0635
4.2

IMD5c
4
-0.6799999999999999 1.0635
1.994 1.0635
1.994 1.0875
-0.6799999999999999 1.0875
3.28

IMD5d1+IMD5d2
4
-0.6799999999999999 1.0875
1.994 1.0875
1.994 1.2145
-0.6799999999999999 1.2145
2.65

IMD6a
4
-0.6799999999999999 1.2145
1.994 1.2145
1.994 1.2355
-0.6799999999999999 1.2355
5.2

IMD6b
4
-0.6799999999999999 1.2355
1.994 1.2355
1.994 1.2505
-0.6799999999999999 1.2505
4.2

IMD6c
4
-0.6799999999999999 1.2505
1.994 1.2505
1.994 1.2745
-0.6799999999999999 1.2745
3.28

IMD6d1+IMD6d2
4
-0.6799999999999999 1.2745
1.994 1.2745
1.994 1.4015
-0.6799999999999999 1.4015
2.65

IMD7a
4
-0.6799999999999999 1.4015
1.994 1.4015
1.994 1.4765
-0.6799999999999999 1.4765
5.2

IMD7b1+IMD7b2
4
-0.6799999999999999 1.4765
1.994 1.4765
1.994 2.9765
-0.6799999999999999 2.9765
4.2

IMD8a
4
-0.6799999999999999 2.9765
1.994 2.9765
1.994 3.0515
-0.6799999999999999 3.0515
5.2

IMD8b1+IMD8b2
4
-0.6799999999999999 3.0515
1.994 3.0515
1.994 4.5515
-0.6799999999999999 4.5515
4.2

PASS1
4
-0.6799999999999999 4.5515
1.994 4.5515
1.994 4.6265
-0.6799999999999999 4.6265
7.0

PASS2
4
-0.6799999999999999 4.6265
1.994 4.6265
1.994 5.0265
-0.6799999999999999 5.0265
4.2

PASS3
4
-0.6799999999999999 5.0265
1.994 5.0265
1.994 5.1015
-0.6799999999999999 5.1015
7.0

PASS4+PASS5
4
-0.6799999999999999 5.1015
1.994 5.1015
1.994 6.0515
-0.6799999999999999 6.0515
4.2

PASS6
4
-0.6799999999999999 6.0515
1.994 6.0515
1.994 6.6515
-0.6799999999999999 6.6515
7.0

air_Layer
4
-0.6799999999999999 6.6515
1.994 6.6515
1.994 6.9485
-0.6799999999999999 6.9485
1.0


4
-0.6799999999999999 0.001
1.994 0.001
1.994 6.9485
-0.6799999999999999 6.9485

