c1
4
-0.01501000000000001 1.1155
0.01501000000000001 1.1155
0.02099000000000001 1.2145
-0.02099000000000001 1.2145

5
botleft
4
-0.77 -0.001
0 -0.001
0 0.001
-0.77 0.001

botright
4
0 -0.001
3.119 -0.001
3.119 0.001
0 0.001

lEnv
4
-0.26701 1.1155
-0.23699000000000003 1.1155
-0.23101000000000002 1.2145
-0.27299 1.2145

c2
4
0.71399 1.1155
1.55401 1.1155
1.55999 1.2145
0.70801 1.2145

rEnv
4
1.7759900000000002 1.1155
2.61601 1.1155
2.6219900000000003 1.2145
1.77001 1.2145


57
IMD5d1_damage
4
-0.276424 1.1055
-0.227576 1.1055
-0.226972 1.1155
-0.277028 1.1155
3.1

IMD5d1_damage
4
-0.024424000000000008 1.1055
0.024424000000000008 1.1055
0.02502800000000001 1.1155
-0.02502800000000001 1.1155
3.1

IMD5d1_damage
4
0.7045760000000001 1.1055
1.563424 1.1055
1.564028 1.1155
0.703972 1.1155
3.1

IMD5d1_damage
4
1.7665760000000001 1.1055
2.625424 1.1055
2.6260280000000003 1.1155
1.765972 1.1155
3.1

IMD5d2_damage
4
-0.272019 1.1155
-0.26701 1.1155
-0.27299 1.2145
-0.277999 1.2145
2.9

IMD5d2_damage
4
-0.23699000000000003 1.1155
-0.23198100000000002 1.1155
-0.226001 1.2145
-0.23101000000000002 1.2145
2.9

IMD5d2_damage
4
-0.02001900000000001 1.1155
-0.01501000000000001 1.1155
-0.02099000000000001 1.2145
-0.025999000000000008 1.2145
2.9

IMD5d2_damage
4
0.01501000000000001 1.1155
0.02001900000000001 1.1155
0.025999000000000008 1.2145
0.02099000000000001 1.2145
2.9

IMD5d2_damage
4
0.708981 1.1155
0.71399 1.1155
0.70801 1.2145
0.703001 1.2145
2.9

IMD5d2_damage
4
1.55401 1.1155
1.559019 1.1155
1.564999 1.2145
1.55999 1.2145
2.9

IMD5d2_damage
4
1.7709810000000001 1.1155
1.7759900000000002 1.1155
1.77001 1.2145
1.765001 1.2145
2.9

IMD5d2_damage
4
2.61601 1.1155
2.621019 1.1155
2.626999 1.2145
2.6219900000000003 1.2145
2.9

IMD5d2
4
-0.77 1.1155
-0.272019 1.1155
-0.277999 1.2145
-0.77 1.2145
2.65

IMD5d2
4
-0.23198100000000002 1.1155
-0.02001900000000001 1.1155
-0.025999000000000008 1.2145
-0.226001 1.2145
2.65

IMD5d2
4
0.02001900000000001 1.1155
0.708981 1.1155
0.703001 1.2145
0.025999000000000008 1.2145
2.65

IMD5d2
4
1.559019 1.1155
1.7709810000000001 1.1155
1.765001 1.2145
1.564999 1.2145
2.65

IMD5d2
4
2.621019 1.1155
3.119 1.1155
3.119 1.2145
2.626999 1.2145
2.65

IMD5d1
4
-0.77 1.1055
-0.276424 1.1055
-0.277028 1.1155
-0.77 1.1155
2.65

IMD5d1
4
-0.227576 1.1055
-0.024424000000000008 1.1055
-0.02502800000000001 1.1155
-0.226972 1.1155
2.65

IMD5d1
4
0.024424000000000008 1.1055
0.7045760000000001 1.1055
0.703972 1.1155
0.02502800000000001 1.1155
2.65

IMD5d1
4
1.563424 1.1055
1.7665760000000001 1.1055
1.765972 1.1155
1.564028 1.1155
2.65

IMD5d1
4
2.625424 1.1055
3.119 1.1055
3.119 1.1155
2.6260280000000003 1.1155
2.65

IMD5d1
4
-0.77 1.0875
3.119 1.0875
3.119 1.1055
-0.77 1.1055
2.65

FOXA+FOXB+TOX
4
-0.77 0.001
3.119 0.001
3.119 0.2665
-0.77 0.2665
4.0

ILD1a
4
-0.77 0.2665
3.119 0.2665
3.119 0.2765
-0.77 0.2765
7.0

ILD1b1+ILD1b2+ILD1b3
4
-0.77 0.2765
3.119 0.2765
3.119 0.3955
-0.77 0.3955
4.0

IMD1a
4
-0.77 0.3955
3.119 0.3955
3.119 0.4065
-0.77 0.4065
5.2

IMD1b
4
-0.77 0.4065
3.119 0.4065
3.119 0.4665
-0.77 0.4665
2.8

IMD2a
4
-0.77 0.4665
3.119 0.4665
3.119 0.4875
-0.77 0.4875
5.2

IMD2b
4
-0.77 0.4875
3.119 0.4875
3.119 0.5025
-0.77 0.5025
4.2

IMD2c
4
-0.77 0.5025
3.119 0.5025
3.119 0.5265
-0.77 0.5265
3.28

IMD2d1+IMD2d2
4
-0.77 0.5265
3.119 0.5265
3.119 0.6535
-0.77 0.6535
2.65

IMD3a
4
-0.77 0.6535
3.119 0.6535
3.119 0.6745
-0.77 0.6745
5.2

IMD3b
4
-0.77 0.6745
3.119 0.6745
3.119 0.6895
-0.77 0.6895
4.2

IMD3c
4
-0.77 0.6895
3.119 0.6895
3.119 0.7135
-0.77 0.7135
3.28

IMD3d1+IMD3d2
4
-0.77 0.7135
3.119 0.7135
3.119 0.8405
-0.77 0.8405
2.65

IMD4a
4
-0.77 0.8405
3.119 0.8405
3.119 0.8615
-0.77 0.8615
5.2

IMD4b
4
-0.77 0.8615
3.119 0.8615
3.119 0.8765
-0.77 0.8765
4.2

IMD4c
4
-0.77 0.8765
3.119 0.8765
3.119 0.9005
-0.77 0.9005
3.28

IMD4d1+IMD4d2
4
-0.77 0.9005
3.119 0.9005
3.119 1.0275
-0.77 1.0275
2.65

IMD5a
4
-0.77 1.0275
3.119 1.0275
3.119 1.0485
-0.77 1.0485
5.2

IMD5b
4
-0.77 1.0485
3.119 1.0485
3.119 1.0635
-0.77 1.0635
4.2

IMD5c
4
-0.77 1.0635
3.119 1.0635
3.119 1.0875
-0.77 1.0875
3.28

IMD6a
4
-0.77 1.2145
3.119 1.2145
3.119 1.2355
-0.77 1.2355
5.2

IMD6b
4
-0.77 1.2355
3.119 1.2355
3.119 1.2505
-0.77 1.2505
4.2

IMD6c
4
-0.77 1.2505
3.119 1.2505
3.119 1.2745
-0.77 1.2745
3.28

IMD6d1+IMD6d2
4
-0.77 1.2745
3.119 1.2745
3.119 1.4015
-0.77 1.4015
2.65

IMD7a
4
-0.77 1.4015
3.119 1.4015
3.119 1.4765
-0.77 1.4765
5.2

IMD7b1+IMD7b2
4
-0.77 1.4765
3.119 1.4765
3.119 2.9765
-0.77 2.9765
4.2

IMD8a
4
-0.77 2.9765
3.119 2.9765
3.119 3.0515
-0.77 3.0515
5.2

IMD8b1+IMD8b2
4
-0.77 3.0515
3.119 3.0515
3.119 4.5515
-0.77 4.5515
4.2

PASS1
4
-0.77 4.5515
3.119 4.5515
3.119 4.6265
-0.77 4.6265
7.0

PASS2
4
-0.77 4.6265
3.119 4.6265
3.119 5.0265
-0.77 5.0265
4.2

PASS3
4
-0.77 5.0265
3.119 5.0265
3.119 5.1015
-0.77 5.1015
7.0

PASS4+PASS5
4
-0.77 5.1015
3.119 5.1015
3.119 6.0515
-0.77 6.0515
4.2

PASS6
4
-0.77 6.0515
3.119 6.0515
3.119 6.6515
-0.77 6.6515
7.0

air_Layer
4
-0.77 6.6515
3.119 6.6515
3.119 6.9485
-0.77 6.9485
1.0


4
-0.77 0.001
3.119 0.001
3.119 6.9485
-0.77 6.9485

