c1
4
-0.21750999999999995 0.7415
0.21750999999999995 0.7415
0.22348999999999997 0.8405
-0.22348999999999997 0.8405

5
botleft
4
-1.5574999999999999 -0.001
0 -0.001
0 0.001
-1.5574999999999999 0.001

botright
4
0 -0.001
2.9615 -0.001
2.9615 0.001
0 0.001

lEnv
4
-1.0545099999999998 0.7415
-0.61949 0.7415
-0.61351 0.8405
-1.06049 0.8405

c2
4
0.9164899999999999 0.7415
1.4865099999999998 0.7415
1.4924899999999999 0.8405
0.9105099999999999 0.8405

rEnv
4
1.8884899999999998 0.7415
2.4585099999999995 0.7415
2.4644899999999996 0.8405
1.8825099999999997 0.8405


57
IMD3d1_damage
4
-1.0639239999999999 0.7315
-0.6100760000000001 0.7315
-0.609472 0.7415
-1.064528 0.7415
3.1

IMD3d1_damage
4
-0.22692399999999996 0.7315
0.22692399999999996 0.7315
0.22752799999999995 0.7415
-0.22752799999999995 0.7415
3.1

IMD3d1_damage
4
0.907076 0.7315
1.4959239999999998 0.7315
1.4965279999999999 0.7415
0.9064719999999999 0.7415
3.1

IMD3d1_damage
4
1.8790759999999997 0.7315
2.4679239999999996 0.7315
2.4685279999999996 0.7415
1.8784719999999997 0.7415
3.1

IMD3d2_damage
4
-1.0595189999999999 0.7415
-1.0545099999999998 0.7415
-1.06049 0.8405
-1.065499 0.8405
2.9

IMD3d2_damage
4
-0.61949 0.7415
-0.6144809999999999 0.7415
-0.608501 0.8405
-0.61351 0.8405
2.9

IMD3d2_damage
4
-0.22251899999999997 0.7415
-0.21750999999999995 0.7415
-0.22348999999999997 0.8405
-0.22849899999999998 0.8405
2.9

IMD3d2_damage
4
0.21750999999999995 0.7415
0.22251899999999997 0.7415
0.22849899999999998 0.8405
0.22348999999999997 0.8405
2.9

IMD3d2_damage
4
0.9114809999999999 0.7415
0.9164899999999999 0.7415
0.9105099999999999 0.8405
0.9055009999999999 0.8405
2.9

IMD3d2_damage
4
1.4865099999999998 0.7415
1.4915189999999998 0.7415
1.497499 0.8405
1.4924899999999999 0.8405
2.9

IMD3d2_damage
4
1.8834809999999997 0.7415
1.8884899999999998 0.7415
1.8825099999999997 0.8405
1.8775009999999996 0.8405
2.9

IMD3d2_damage
4
2.4585099999999995 0.7415
2.4635189999999993 0.7415
2.4694989999999994 0.8405
2.4644899999999996 0.8405
2.9

IMD3d2
4
-1.5574999999999999 0.7415
-1.0595189999999999 0.7415
-1.065499 0.8405
-1.5574999999999999 0.8405
2.65

IMD3d2
4
-0.6144809999999999 0.7415
-0.22251899999999997 0.7415
-0.22849899999999998 0.8405
-0.608501 0.8405
2.65

IMD3d2
4
0.22251899999999997 0.7415
0.9114809999999999 0.7415
0.9055009999999999 0.8405
0.22849899999999998 0.8405
2.65

IMD3d2
4
1.4915189999999998 0.7415
1.8834809999999997 0.7415
1.8775009999999996 0.8405
1.497499 0.8405
2.65

IMD3d2
4
2.4635189999999993 0.7415
2.9615 0.7415
2.9615 0.8405
2.4694989999999994 0.8405
2.65

IMD3d1
4
-1.5574999999999999 0.7315
-1.0639239999999999 0.7315
-1.064528 0.7415
-1.5574999999999999 0.7415
2.65

IMD3d1
4
-0.6100760000000001 0.7315
-0.22692399999999996 0.7315
-0.22752799999999995 0.7415
-0.609472 0.7415
2.65

IMD3d1
4
0.22692399999999996 0.7315
0.907076 0.7315
0.9064719999999999 0.7415
0.22752799999999995 0.7415
2.65

IMD3d1
4
1.4959239999999998 0.7315
1.8790759999999997 0.7315
1.8784719999999997 0.7415
1.4965279999999999 0.7415
2.65

IMD3d1
4
2.4679239999999996 0.7315
2.9615 0.7315
2.9615 0.7415
2.4685279999999996 0.7415
2.65

IMD3d1
4
-1.5574999999999999 0.7135
2.9615 0.7135
2.9615 0.7315
-1.5574999999999999 0.7315
2.65

FOXA+FOXB+TOX
4
-1.5574999999999999 0.001
2.9615 0.001
2.9615 0.2665
-1.5574999999999999 0.2665
4.0

ILD1a
4
-1.5574999999999999 0.2665
2.9615 0.2665
2.9615 0.2765
-1.5574999999999999 0.2765
7.0

ILD1b1+ILD1b2+ILD1b3
4
-1.5574999999999999 0.2765
2.9615 0.2765
2.9615 0.3955
-1.5574999999999999 0.3955
4.0

IMD1a
4
-1.5574999999999999 0.3955
2.9615 0.3955
2.9615 0.4065
-1.5574999999999999 0.4065
5.2

IMD1b
4
-1.5574999999999999 0.4065
2.9615 0.4065
2.9615 0.4665
-1.5574999999999999 0.4665
2.8

IMD2a
4
-1.5574999999999999 0.4665
2.9615 0.4665
2.9615 0.4875
-1.5574999999999999 0.4875
5.2

IMD2b
4
-1.5574999999999999 0.4875
2.9615 0.4875
2.9615 0.5025
-1.5574999999999999 0.5025
4.2

IMD2c
4
-1.5574999999999999 0.5025
2.9615 0.5025
2.9615 0.5265
-1.5574999999999999 0.5265
3.28

IMD2d1+IMD2d2
4
-1.5574999999999999 0.5265
2.9615 0.5265
2.9615 0.6535
-1.5574999999999999 0.6535
2.65

IMD3a
4
-1.5574999999999999 0.6535
2.9615 0.6535
2.9615 0.6745
-1.5574999999999999 0.6745
5.2

IMD3b
4
-1.5574999999999999 0.6745
2.9615 0.6745
2.9615 0.6895
-1.5574999999999999 0.6895
4.2

IMD3c
4
-1.5574999999999999 0.6895
2.9615 0.6895
2.9615 0.7135
-1.5574999999999999 0.7135
3.28

IMD4a
4
-1.5574999999999999 0.8405
2.9615 0.8405
2.9615 0.8615
-1.5574999999999999 0.8615
5.2

IMD4b
4
-1.5574999999999999 0.8615
2.9615 0.8615
2.9615 0.8765
-1.5574999999999999 0.8765
4.2

IMD4c
4
-1.5574999999999999 0.8765
2.9615 0.8765
2.9615 0.9005
-1.5574999999999999 0.9005
3.28

IMD4d1+IMD4d2
4
-1.5574999999999999 0.9005
2.9615 0.9005
2.9615 1.0275
-1.5574999999999999 1.0275
2.65

IMD5a
4
-1.5574999999999999 1.0275
2.9615 1.0275
2.9615 1.0485
-1.5574999999999999 1.0485
5.2

IMD5b
4
-1.5574999999999999 1.0485
2.9615 1.0485
2.9615 1.0635
-1.5574999999999999 1.0635
4.2

IMD5c
4
-1.5574999999999999 1.0635
2.9615 1.0635
2.9615 1.0875
-1.5574999999999999 1.0875
3.28

IMD5d1+IMD5d2
4
-1.5574999999999999 1.0875
2.9615 1.0875
2.9615 1.2145
-1.5574999999999999 1.2145
2.65

IMD6a
4
-1.5574999999999999 1.2145
2.9615 1.2145
2.9615 1.2355
-1.5574999999999999 1.2355
5.2

IMD6b
4
-1.5574999999999999 1.2355
2.9615 1.2355
2.9615 1.2505
-1.5574999999999999 1.2505
4.2

IMD6c
4
-1.5574999999999999 1.2505
2.9615 1.2505
2.9615 1.2745
-1.5574999999999999 1.2745
3.28

IMD6d1+IMD6d2
4
-1.5574999999999999 1.2745
2.9615 1.2745
2.9615 1.4015
-1.5574999999999999 1.4015
2.65

IMD7a
4
-1.5574999999999999 1.4015
2.9615 1.4015
2.9615 1.4765
-1.5574999999999999 1.4765
5.2

IMD7b1+IMD7b2
4
-1.5574999999999999 1.4765
2.9615 1.4765
2.9615 2.9765
-1.5574999999999999 2.9765
4.2

IMD8a
4
-1.5574999999999999 2.9765
2.9615 2.9765
2.9615 3.0515
-1.5574999999999999 3.0515
5.2

IMD8b1+IMD8b2
4
-1.5574999999999999 3.0515
2.9615 3.0515
2.9615 4.5515
-1.5574999999999999 4.5515
4.2

PASS1
4
-1.5574999999999999 4.5515
2.9615 4.5515
2.9615 4.6265
-1.5574999999999999 4.6265
7.0

PASS2
4
-1.5574999999999999 4.6265
2.9615 4.6265
2.9615 5.0265
-1.5574999999999999 5.0265
4.2

PASS3
4
-1.5574999999999999 5.0265
2.9615 5.0265
2.9615 5.1015
-1.5574999999999999 5.1015
7.0

PASS4+PASS5
4
-1.5574999999999999 5.1015
2.9615 5.1015
2.9615 6.0515
-1.5574999999999999 6.0515
4.2

PASS6
4
-1.5574999999999999 6.0515
2.9615 6.0515
2.9615 6.6515
-1.5574999999999999 6.6515
7.0

air_Layer
4
-1.5574999999999999 6.6515
2.9615 6.6515
2.9615 6.9485
-1.5574999999999999 6.9485
1.0


4
-1.5574999999999999 0.001
2.9615 0.001
2.9615 6.9485
-1.5574999999999999 6.9485

