c1
4
-0.21750999999999995 1.3025
0.21750999999999995 1.3025
0.22348999999999997 1.4015
-0.22348999999999997 1.4015

5
botleft
4
-1.2874999999999999 -0.001
0 -0.001
0 0.001
-1.2874999999999999 0.001

botright
4
0 -0.001
1.3415000000000001 -0.001
1.3415000000000001 0.001
0 0.001

lEnv
4
-0.7845099999999999 1.3025
-0.3494899999999999 1.3025
-0.3435099999999999 1.4015
-0.7904899999999999 1.4015

c2
4
0.28649 1.3025
0.4965100000000001 1.3025
0.5024900000000001 1.4015
0.28051000000000004 1.4015

rEnv
4
0.6284900000000001 1.3025
0.8385100000000002 1.3025
0.8444900000000002 1.4015
0.6225100000000001 1.4015


57
IMD6d1_damage
4
-0.7939239999999999 1.2925
-0.34007599999999993 1.2925
-0.33947199999999994 1.3025
-0.7945279999999999 1.3025
3.1

IMD6d1_damage
4
-0.22692399999999996 1.2925
0.22692399999999996 1.2925
0.22752799999999995 1.3025
-0.22752799999999995 1.3025
3.1

IMD6d1_damage
4
0.27707600000000004 1.2925
0.505924 1.2925
0.5065280000000001 1.3025
0.27647200000000005 1.3025
3.1

IMD6d1_damage
4
0.6190760000000002 1.2925
0.8479240000000001 1.2925
0.8485280000000002 1.3025
0.6184720000000001 1.3025
3.1

IMD6d2_damage
4
-0.789519 1.3025
-0.7845099999999999 1.3025
-0.7904899999999999 1.4015
-0.795499 1.4015
2.9

IMD6d2_damage
4
-0.3494899999999999 1.3025
-0.3444809999999999 1.3025
-0.33850099999999994 1.4015
-0.3435099999999999 1.4015
2.9

IMD6d2_damage
4
-0.22251899999999997 1.3025
-0.21750999999999995 1.3025
-0.22348999999999997 1.4015
-0.22849899999999998 1.4015
2.9

IMD6d2_damage
4
0.21750999999999995 1.3025
0.22251899999999997 1.3025
0.22849899999999998 1.4015
0.22348999999999997 1.4015
2.9

IMD6d2_damage
4
0.28148100000000004 1.3025
0.28649 1.3025
0.28051000000000004 1.4015
0.27550100000000005 1.4015
2.9

IMD6d2_damage
4
0.4965100000000001 1.3025
0.5015190000000002 1.3025
0.5074990000000001 1.4015
0.5024900000000001 1.4015
2.9

IMD6d2_damage
4
0.6234810000000001 1.3025
0.6284900000000001 1.3025
0.6225100000000001 1.4015
0.6175010000000001 1.4015
2.9

IMD6d2_damage
4
0.8385100000000002 1.3025
0.8435190000000002 1.3025
0.8494990000000002 1.4015
0.8444900000000002 1.4015
2.9

IMD6d2
4
-1.2874999999999999 1.3025
-0.789519 1.3025
-0.795499 1.4015
-1.2874999999999999 1.4015
2.65

IMD6d2
4
-0.3444809999999999 1.3025
-0.22251899999999997 1.3025
-0.22849899999999998 1.4015
-0.33850099999999994 1.4015
2.65

IMD6d2
4
0.22251899999999997 1.3025
0.28148100000000004 1.3025
0.27550100000000005 1.4015
0.22849899999999998 1.4015
2.65

IMD6d2
4
0.5015190000000002 1.3025
0.6234810000000001 1.3025
0.6175010000000001 1.4015
0.5074990000000001 1.4015
2.65

IMD6d2
4
0.8435190000000002 1.3025
1.3415000000000001 1.3025
1.3415000000000001 1.4015
0.8494990000000002 1.4015
2.65

IMD6d1
4
-1.2874999999999999 1.2925
-0.7939239999999999 1.2925
-0.7945279999999999 1.3025
-1.2874999999999999 1.3025
2.65

IMD6d1
4
-0.34007599999999993 1.2925
-0.22692399999999996 1.2925
-0.22752799999999995 1.3025
-0.33947199999999994 1.3025
2.65

IMD6d1
4
0.22692399999999996 1.2925
0.27707600000000004 1.2925
0.27647200000000005 1.3025
0.22752799999999995 1.3025
2.65

IMD6d1
4
0.505924 1.2925
0.6190760000000002 1.2925
0.6184720000000001 1.3025
0.5065280000000001 1.3025
2.65

IMD6d1
4
0.8479240000000001 1.2925
1.3415000000000001 1.2925
1.3415000000000001 1.3025
0.8485280000000002 1.3025
2.65

IMD6d1
4
-1.2874999999999999 1.2745
1.3415000000000001 1.2745
1.3415000000000001 1.2925
-1.2874999999999999 1.2925
2.65

FOXA+FOXB+TOX
4
-1.2874999999999999 0.001
1.3415000000000001 0.001
1.3415000000000001 0.2665
-1.2874999999999999 0.2665
4.0

ILD1a
4
-1.2874999999999999 0.2665
1.3415000000000001 0.2665
1.3415000000000001 0.2765
-1.2874999999999999 0.2765
7.0

ILD1b1+ILD1b2+ILD1b3
4
-1.2874999999999999 0.2765
1.3415000000000001 0.2765
1.3415000000000001 0.3955
-1.2874999999999999 0.3955
4.0

IMD1a
4
-1.2874999999999999 0.3955
1.3415000000000001 0.3955
1.3415000000000001 0.4065
-1.2874999999999999 0.4065
5.2

IMD1b
4
-1.2874999999999999 0.4065
1.3415000000000001 0.4065
1.3415000000000001 0.4665
-1.2874999999999999 0.4665
2.8

IMD2a
4
-1.2874999999999999 0.4665
1.3415000000000001 0.4665
1.3415000000000001 0.4875
-1.2874999999999999 0.4875
5.2

IMD2b
4
-1.2874999999999999 0.4875
1.3415000000000001 0.4875
1.3415000000000001 0.5025
-1.2874999999999999 0.5025
4.2

IMD2c
4
-1.2874999999999999 0.5025
1.3415000000000001 0.5025
1.3415000000000001 0.5265
-1.2874999999999999 0.5265
3.28

IMD2d1+IMD2d2
4
-1.2874999999999999 0.5265
1.3415000000000001 0.5265
1.3415000000000001 0.6535
-1.2874999999999999 0.6535
2.65

IMD3a
4
-1.2874999999999999 0.6535
1.3415000000000001 0.6535
1.3415000000000001 0.6745
-1.2874999999999999 0.6745
5.2

IMD3b
4
-1.2874999999999999 0.6745
1.3415000000000001 0.6745
1.3415000000000001 0.6895
-1.2874999999999999 0.6895
4.2

IMD3c
4
-1.2874999999999999 0.6895
1.3415000000000001 0.6895
1.3415000000000001 0.7135
-1.2874999999999999 0.7135
3.28

IMD3d1+IMD3d2
4
-1.2874999999999999 0.7135
1.3415000000000001 0.7135
1.3415000000000001 0.8405
-1.2874999999999999 0.8405
2.65

IMD4a
4
-1.2874999999999999 0.8405
1.3415000000000001 0.8405
1.3415000000000001 0.8615
-1.2874999999999999 0.8615
5.2

IMD4b
4
-1.2874999999999999 0.8615
1.3415000000000001 0.8615
1.3415000000000001 0.8765
-1.2874999999999999 0.8765
4.2

IMD4c
4
-1.2874999999999999 0.8765
1.3415000000000001 0.8765
1.3415000000000001 0.9005
-1.2874999999999999 0.9005
3.28

IMD4d1+IMD4d2
4
-1.2874999999999999 0.9005
1.3415000000000001 0.9005
1.3415000000000001 1.0275
-1.2874999999999999 1.0275
2.65

IMD5a
4
-1.2874999999999999 1.0275
1.3415000000000001 1.0275
1.3415000000000001 1.0485
-1.2874999999999999 1.0485
5.2

IMD5b
4
-1.2874999999999999 1.0485
1.3415000000000001 1.0485
1.3415000000000001 1.0635
-1.2874999999999999 1.0635
4.2

IMD5c
4
-1.2874999999999999 1.0635
1.3415000000000001 1.0635
1.3415000000000001 1.0875
-1.2874999999999999 1.0875
3.28

IMD5d1+IMD5d2
4
-1.2874999999999999 1.0875
1.3415000000000001 1.0875
1.3415000000000001 1.2145
-1.2874999999999999 1.2145
2.65

IMD6a
4
-1.2874999999999999 1.2145
1.3415000000000001 1.2145
1.3415000000000001 1.2355
-1.2874999999999999 1.2355
5.2

IMD6b
4
-1.2874999999999999 1.2355
1.3415000000000001 1.2355
1.3415000000000001 1.2505
-1.2874999999999999 1.2505
4.2

IMD6c
4
-1.2874999999999999 1.2505
1.3415000000000001 1.2505
1.3415000000000001 1.2745
-1.2874999999999999 1.2745
3.28

IMD7a
4
-1.2874999999999999 1.4015
1.3415000000000001 1.4015
1.3415000000000001 1.4765
-1.2874999999999999 1.4765
5.2

IMD7b1+IMD7b2
4
-1.2874999999999999 1.4765
1.3415000000000001 1.4765
1.3415000000000001 2.9765
-1.2874999999999999 2.9765
4.2

IMD8a
4
-1.2874999999999999 2.9765
1.3415000000000001 2.9765
1.3415000000000001 3.0515
-1.2874999999999999 3.0515
5.2

IMD8b1+IMD8b2
4
-1.2874999999999999 3.0515
1.3415000000000001 3.0515
1.3415000000000001 4.5515
-1.2874999999999999 4.5515
4.2

PASS1
4
-1.2874999999999999 4.5515
1.3415000000000001 4.5515
1.3415000000000001 4.6265
-1.2874999999999999 4.6265
7.0

PASS2
4
-1.2874999999999999 4.6265
1.3415000000000001 4.6265
1.3415000000000001 5.0265
-1.2874999999999999 5.0265
4.2

PASS3
4
-1.2874999999999999 5.0265
1.3415000000000001 5.0265
1.3415000000000001 5.1015
-1.2874999999999999 5.1015
7.0

PASS4+PASS5
4
-1.2874999999999999 5.1015
1.3415000000000001 5.1015
1.3415000000000001 6.0515
-1.2874999999999999 6.0515
4.2

PASS6
4
-1.2874999999999999 6.0515
1.3415000000000001 6.0515
1.3415000000000001 6.6515
-1.2874999999999999 6.6515
7.0

air_Layer
4
-1.2874999999999999 6.6515
1.3415000000000001 6.6515
1.3415000000000001 6.9485
-1.2874999999999999 6.9485
1.0


4
-1.2874999999999999 0.001
1.3415000000000001 0.001
1.3415000000000001 6.9485
-1.2874999999999999 6.9485

