c1
4
-0.4200099999999999 1.1155
0.4200100000000001 1.1155
0.4259900000000001 1.2145
-0.42598999999999987 1.2145

5
botleft
4
-2.0749999999999997 -0.001
0 -0.001
0 0.001
-2.0749999999999997 0.001

botright
4
0 -0.001
2.984 -0.001
2.984 0.001
0 0.001

lEnv
4
-1.5720099999999997 1.1155
-0.7319899999999998 1.1155
-0.7260099999999998 1.2145
-1.5779899999999998 1.2145

c2
4
1.0289900000000003 1.1155
1.5990099999999998 1.1155
1.60499 1.2145
1.0230100000000002 1.2145

rEnv
4
1.91099 1.1155
2.4810099999999995 1.1155
2.4869899999999996 1.2145
1.9050099999999999 1.2145


57
IMD5d1_damage
4
-1.5814239999999997 1.1055
-0.7225759999999999 1.1055
-0.7219719999999998 1.1155
-1.5820279999999998 1.1155
3.1

IMD5d1_damage
4
-0.42942399999999986 1.1055
0.4294240000000001 1.1055
0.4300280000000001 1.1155
-0.43002799999999985 1.1155
3.1

IMD5d1_damage
4
1.0195760000000003 1.1055
1.6084239999999999 1.1055
1.609028 1.1155
1.0189720000000002 1.1155
3.1

IMD5d1_damage
4
1.901576 1.1055
2.4904239999999995 1.1055
2.4910279999999996 1.1155
1.9009719999999999 1.1155
3.1

IMD5d2_damage
4
-1.5770189999999997 1.1155
-1.5720099999999997 1.1155
-1.5779899999999998 1.2145
-1.5829989999999998 1.2145
2.9

IMD5d2_damage
4
-0.7319899999999998 1.1155
-0.7269809999999998 1.1155
-0.7210009999999998 1.2145
-0.7260099999999998 1.2145
2.9

IMD5d2_damage
4
-0.42501899999999987 1.1155
-0.4200099999999999 1.1155
-0.42598999999999987 1.2145
-0.43099899999999985 1.2145
2.9

IMD5d2_damage
4
0.4200100000000001 1.1155
0.4250190000000001 1.1155
0.4309990000000001 1.2145
0.4259900000000001 1.2145
2.9

IMD5d2_damage
4
1.0239810000000003 1.1155
1.0289900000000003 1.1155
1.0230100000000002 1.2145
1.0180010000000002 1.2145
2.9

IMD5d2_damage
4
1.5990099999999998 1.1155
1.6040189999999999 1.1155
1.609999 1.2145
1.60499 1.2145
2.9

IMD5d2_damage
4
1.905981 1.1155
1.91099 1.1155
1.9050099999999999 1.2145
1.9000009999999998 1.2145
2.9

IMD5d2_damage
4
2.4810099999999995 1.1155
2.4860189999999993 1.1155
2.4919989999999994 1.2145
2.4869899999999996 1.2145
2.9

IMD5d2
4
-2.0749999999999997 1.1155
-1.5770189999999997 1.1155
-1.5829989999999998 1.2145
-2.0749999999999997 1.2145
2.65

IMD5d2
4
-0.7269809999999998 1.1155
-0.42501899999999987 1.1155
-0.43099899999999985 1.2145
-0.7210009999999998 1.2145
2.65

IMD5d2
4
0.4250190000000001 1.1155
1.0239810000000003 1.1155
1.0180010000000002 1.2145
0.4309990000000001 1.2145
2.65

IMD5d2
4
1.6040189999999999 1.1155
1.905981 1.1155
1.9000009999999998 1.2145
1.609999 1.2145
2.65

IMD5d2
4
2.4860189999999993 1.1155
2.984 1.1155
2.984 1.2145
2.4919989999999994 1.2145
2.65

IMD5d1
4
-2.0749999999999997 1.1055
-1.5814239999999997 1.1055
-1.5820279999999998 1.1155
-2.0749999999999997 1.1155
2.65

IMD5d1
4
-0.7225759999999999 1.1055
-0.42942399999999986 1.1055
-0.43002799999999985 1.1155
-0.7219719999999998 1.1155
2.65

IMD5d1
4
0.4294240000000001 1.1055
1.0195760000000003 1.1055
1.0189720000000002 1.1155
0.4300280000000001 1.1155
2.65

IMD5d1
4
1.6084239999999999 1.1055
1.901576 1.1055
1.9009719999999999 1.1155
1.609028 1.1155
2.65

IMD5d1
4
2.4904239999999995 1.1055
2.984 1.1055
2.984 1.1155
2.4910279999999996 1.1155
2.65

IMD5d1
4
-2.0749999999999997 1.0875
2.984 1.0875
2.984 1.1055
-2.0749999999999997 1.1055
2.65

FOXA+FOXB+TOX
4
-2.0749999999999997 0.001
2.984 0.001
2.984 0.2665
-2.0749999999999997 0.2665
4.0

ILD1a
4
-2.0749999999999997 0.2665
2.984 0.2665
2.984 0.2765
-2.0749999999999997 0.2765
7.0

ILD1b1+ILD1b2+ILD1b3
4
-2.0749999999999997 0.2765
2.984 0.2765
2.984 0.3955
-2.0749999999999997 0.3955
4.0

IMD1a
4
-2.0749999999999997 0.3955
2.984 0.3955
2.984 0.4065
-2.0749999999999997 0.4065
5.2

IMD1b
4
-2.0749999999999997 0.4065
2.984 0.4065
2.984 0.4665
-2.0749999999999997 0.4665
2.8

IMD2a
4
-2.0749999999999997 0.4665
2.984 0.4665
2.984 0.4875
-2.0749999999999997 0.4875
5.2

IMD2b
4
-2.0749999999999997 0.4875
2.984 0.4875
2.984 0.5025
-2.0749999999999997 0.5025
4.2

IMD2c
4
-2.0749999999999997 0.5025
2.984 0.5025
2.984 0.5265
-2.0749999999999997 0.5265
3.28

IMD2d1+IMD2d2
4
-2.0749999999999997 0.5265
2.984 0.5265
2.984 0.6535
-2.0749999999999997 0.6535
2.65

IMD3a
4
-2.0749999999999997 0.6535
2.984 0.6535
2.984 0.6745
-2.0749999999999997 0.6745
5.2

IMD3b
4
-2.0749999999999997 0.6745
2.984 0.6745
2.984 0.6895
-2.0749999999999997 0.6895
4.2

IMD3c
4
-2.0749999999999997 0.6895
2.984 0.6895
2.984 0.7135
-2.0749999999999997 0.7135
3.28

IMD3d1+IMD3d2
4
-2.0749999999999997 0.7135
2.984 0.7135
2.984 0.8405
-2.0749999999999997 0.8405
2.65

IMD4a
4
-2.0749999999999997 0.8405
2.984 0.8405
2.984 0.8615
-2.0749999999999997 0.8615
5.2

IMD4b
4
-2.0749999999999997 0.8615
2.984 0.8615
2.984 0.8765
-2.0749999999999997 0.8765
4.2

IMD4c
4
-2.0749999999999997 0.8765
2.984 0.8765
2.984 0.9005
-2.0749999999999997 0.9005
3.28

IMD4d1+IMD4d2
4
-2.0749999999999997 0.9005
2.984 0.9005
2.984 1.0275
-2.0749999999999997 1.0275
2.65

IMD5a
4
-2.0749999999999997 1.0275
2.984 1.0275
2.984 1.0485
-2.0749999999999997 1.0485
5.2

IMD5b
4
-2.0749999999999997 1.0485
2.984 1.0485
2.984 1.0635
-2.0749999999999997 1.0635
4.2

IMD5c
4
-2.0749999999999997 1.0635
2.984 1.0635
2.984 1.0875
-2.0749999999999997 1.0875
3.28

IMD6a
4
-2.0749999999999997 1.2145
2.984 1.2145
2.984 1.2355
-2.0749999999999997 1.2355
5.2

IMD6b
4
-2.0749999999999997 1.2355
2.984 1.2355
2.984 1.2505
-2.0749999999999997 1.2505
4.2

IMD6c
4
-2.0749999999999997 1.2505
2.984 1.2505
2.984 1.2745
-2.0749999999999997 1.2745
3.28

IMD6d1+IMD6d2
4
-2.0749999999999997 1.2745
2.984 1.2745
2.984 1.4015
-2.0749999999999997 1.4015
2.65

IMD7a
4
-2.0749999999999997 1.4015
2.984 1.4015
2.984 1.4765
-2.0749999999999997 1.4765
5.2

IMD7b1+IMD7b2
4
-2.0749999999999997 1.4765
2.984 1.4765
2.984 2.9765
-2.0749999999999997 2.9765
4.2

IMD8a
4
-2.0749999999999997 2.9765
2.984 2.9765
2.984 3.0515
-2.0749999999999997 3.0515
5.2

IMD8b1+IMD8b2
4
-2.0749999999999997 3.0515
2.984 3.0515
2.984 4.5515
-2.0749999999999997 4.5515
4.2

PASS1
4
-2.0749999999999997 4.5515
2.984 4.5515
2.984 4.6265
-2.0749999999999997 4.6265
7.0

PASS2
4
-2.0749999999999997 4.6265
2.984 4.6265
2.984 5.0265
-2.0749999999999997 5.0265
4.2

PASS3
4
-2.0749999999999997 5.0265
2.984 5.0265
2.984 5.1015
-2.0749999999999997 5.1015
7.0

PASS4+PASS5
4
-2.0749999999999997 5.1015
2.984 5.1015
2.984 6.0515
-2.0749999999999997 6.0515
4.2

PASS6
4
-2.0749999999999997 6.0515
2.984 6.0515
2.984 6.6515
-2.0749999999999997 6.6515
7.0

air_Layer
4
-2.0749999999999997 6.6515
2.984 6.6515
2.984 6.9485
-2.0749999999999997 6.9485
1.0


4
-2.0749999999999997 0.001
2.984 0.001
2.984 6.9485
-2.0749999999999997 6.9485

