c1
4
-0.48751 0.7415
0.48751 0.7415
0.49349 0.8405
-0.49349 0.8405

5
botleft
4
-2.2775 -0.001
0 -0.001
0 0.001
-2.2775 0.001

botright
4
0 -0.001
3.2315 -0.001
3.2315 0.001
0 0.001

lEnv
4
-1.7745099999999998 0.7415
-0.7994899999999999 0.7415
-0.7935099999999999 0.8405
-1.78049 0.8405

c2
4
0.7364899999999998 0.7415
1.5765099999999994 0.7415
1.5824899999999995 0.8405
0.7305099999999998 0.8405

rEnv
4
1.8884899999999996 0.7415
2.7285099999999995 0.7415
2.7344899999999996 0.8405
1.8825099999999995 0.8405


57
IMD3d1_damage
4
-1.7839239999999998 0.7315
-0.790076 0.7315
-0.789472 0.7415
-1.784528 0.7415
3.1

IMD3d1_damage
4
-0.496924 0.7315
0.496924 0.7315
0.49752799999999997 0.7415
-0.49752799999999997 0.7415
3.1

IMD3d1_damage
4
0.7270759999999998 0.7315
1.5859239999999994 0.7315
1.5865279999999995 0.7415
0.7264719999999998 0.7415
3.1

IMD3d1_damage
4
1.8790759999999995 0.7315
2.7379239999999996 0.7315
2.7385279999999996 0.7415
1.8784719999999995 0.7415
3.1

IMD3d2_damage
4
-1.7795189999999999 0.7415
-1.7745099999999998 0.7415
-1.78049 0.8405
-1.785499 0.8405
2.9

IMD3d2_damage
4
-0.7994899999999999 0.7415
-0.7944809999999999 0.7415
-0.7885009999999999 0.8405
-0.7935099999999999 0.8405
2.9

IMD3d2_damage
4
-0.492519 0.7415
-0.48751 0.7415
-0.49349 0.8405
-0.49849899999999997 0.8405
2.9

IMD3d2_damage
4
0.48751 0.7415
0.492519 0.7415
0.49849899999999997 0.8405
0.49349 0.8405
2.9

IMD3d2_damage
4
0.7314809999999997 0.7415
0.7364899999999998 0.7415
0.7305099999999998 0.8405
0.7255009999999997 0.8405
2.9

IMD3d2_damage
4
1.5765099999999994 0.7415
1.5815189999999995 0.7415
1.5874989999999995 0.8405
1.5824899999999995 0.8405
2.9

IMD3d2_damage
4
1.8834809999999995 0.7415
1.8884899999999996 0.7415
1.8825099999999995 0.8405
1.8775009999999994 0.8405
2.9

IMD3d2_damage
4
2.7285099999999995 0.7415
2.7335189999999994 0.7415
2.7394989999999995 0.8405
2.7344899999999996 0.8405
2.9

IMD3d2
4
-2.2775 0.7415
-1.7795189999999999 0.7415
-1.785499 0.8405
-2.2775 0.8405
2.65

IMD3d2
4
-0.7944809999999999 0.7415
-0.492519 0.7415
-0.49849899999999997 0.8405
-0.7885009999999999 0.8405
2.65

IMD3d2
4
0.492519 0.7415
0.7314809999999997 0.7415
0.7255009999999997 0.8405
0.49849899999999997 0.8405
2.65

IMD3d2
4
1.5815189999999995 0.7415
1.8834809999999995 0.7415
1.8775009999999994 0.8405
1.5874989999999995 0.8405
2.65

IMD3d2
4
2.7335189999999994 0.7415
3.2315 0.7415
3.2315 0.8405
2.7394989999999995 0.8405
2.65

IMD3d1
4
-2.2775 0.7315
-1.7839239999999998 0.7315
-1.784528 0.7415
-2.2775 0.7415
2.65

IMD3d1
4
-0.790076 0.7315
-0.496924 0.7315
-0.49752799999999997 0.7415
-0.789472 0.7415
2.65

IMD3d1
4
0.496924 0.7315
0.7270759999999998 0.7315
0.7264719999999998 0.7415
0.49752799999999997 0.7415
2.65

IMD3d1
4
1.5859239999999994 0.7315
1.8790759999999995 0.7315
1.8784719999999995 0.7415
1.5865279999999995 0.7415
2.65

IMD3d1
4
2.7379239999999996 0.7315
3.2315 0.7315
3.2315 0.7415
2.7385279999999996 0.7415
2.65

IMD3d1
4
-2.2775 0.7135
3.2315 0.7135
3.2315 0.7315
-2.2775 0.7315
2.65

FOXA+FOXB+TOX
4
-2.2775 0.001
3.2315 0.001
3.2315 0.2665
-2.2775 0.2665
4.0

ILD1a
4
-2.2775 0.2665
3.2315 0.2665
3.2315 0.2765
-2.2775 0.2765
7.0

ILD1b1+ILD1b2+ILD1b3
4
-2.2775 0.2765
3.2315 0.2765
3.2315 0.3955
-2.2775 0.3955
4.0

IMD1a
4
-2.2775 0.3955
3.2315 0.3955
3.2315 0.4065
-2.2775 0.4065
5.2

IMD1b
4
-2.2775 0.4065
3.2315 0.4065
3.2315 0.4665
-2.2775 0.4665
2.8

IMD2a
4
-2.2775 0.4665
3.2315 0.4665
3.2315 0.4875
-2.2775 0.4875
5.2

IMD2b
4
-2.2775 0.4875
3.2315 0.4875
3.2315 0.5025
-2.2775 0.5025
4.2

IMD2c
4
-2.2775 0.5025
3.2315 0.5025
3.2315 0.5265
-2.2775 0.5265
3.28

IMD2d1+IMD2d2
4
-2.2775 0.5265
3.2315 0.5265
3.2315 0.6535
-2.2775 0.6535
2.65

IMD3a
4
-2.2775 0.6535
3.2315 0.6535
3.2315 0.6745
-2.2775 0.6745
5.2

IMD3b
4
-2.2775 0.6745
3.2315 0.6745
3.2315 0.6895
-2.2775 0.6895
4.2

IMD3c
4
-2.2775 0.6895
3.2315 0.6895
3.2315 0.7135
-2.2775 0.7135
3.28

IMD4a
4
-2.2775 0.8405
3.2315 0.8405
3.2315 0.8615
-2.2775 0.8615
5.2

IMD4b
4
-2.2775 0.8615
3.2315 0.8615
3.2315 0.8765
-2.2775 0.8765
4.2

IMD4c
4
-2.2775 0.8765
3.2315 0.8765
3.2315 0.9005
-2.2775 0.9005
3.28

IMD4d1+IMD4d2
4
-2.2775 0.9005
3.2315 0.9005
3.2315 1.0275
-2.2775 1.0275
2.65

IMD5a
4
-2.2775 1.0275
3.2315 1.0275
3.2315 1.0485
-2.2775 1.0485
5.2

IMD5b
4
-2.2775 1.0485
3.2315 1.0485
3.2315 1.0635
-2.2775 1.0635
4.2

IMD5c
4
-2.2775 1.0635
3.2315 1.0635
3.2315 1.0875
-2.2775 1.0875
3.28

IMD5d1+IMD5d2
4
-2.2775 1.0875
3.2315 1.0875
3.2315 1.2145
-2.2775 1.2145
2.65

IMD6a
4
-2.2775 1.2145
3.2315 1.2145
3.2315 1.2355
-2.2775 1.2355
5.2

IMD6b
4
-2.2775 1.2355
3.2315 1.2355
3.2315 1.2505
-2.2775 1.2505
4.2

IMD6c
4
-2.2775 1.2505
3.2315 1.2505
3.2315 1.2745
-2.2775 1.2745
3.28

IMD6d1+IMD6d2
4
-2.2775 1.2745
3.2315 1.2745
3.2315 1.4015
-2.2775 1.4015
2.65

IMD7a
4
-2.2775 1.4015
3.2315 1.4015
3.2315 1.4765
-2.2775 1.4765
5.2

IMD7b1+IMD7b2
4
-2.2775 1.4765
3.2315 1.4765
3.2315 2.9765
-2.2775 2.9765
4.2

IMD8a
4
-2.2775 2.9765
3.2315 2.9765
3.2315 3.0515
-2.2775 3.0515
5.2

IMD8b1+IMD8b2
4
-2.2775 3.0515
3.2315 3.0515
3.2315 4.5515
-2.2775 4.5515
4.2

PASS1
4
-2.2775 4.5515
3.2315 4.5515
3.2315 4.6265
-2.2775 4.6265
7.0

PASS2
4
-2.2775 4.6265
3.2315 4.6265
3.2315 5.0265
-2.2775 5.0265
4.2

PASS3
4
-2.2775 5.0265
3.2315 5.0265
3.2315 5.1015
-2.2775 5.1015
7.0

PASS4+PASS5
4
-2.2775 5.1015
3.2315 5.1015
3.2315 6.0515
-2.2775 6.0515
4.2

PASS6
4
-2.2775 6.0515
3.2315 6.0515
3.2315 6.6515
-2.2775 6.6515
7.0

air_Layer
4
-2.2775 6.6515
3.2315 6.6515
3.2315 6.9485
-2.2775 6.9485
1.0


4
-2.2775 0.001
3.2315 0.001
3.2315 6.9485
-2.2775 6.9485

