c1
4
-0.28501 0.5545
0.2850100000000001 0.5545
0.2909900000000001 0.6535
-0.29098999999999997 0.6535

5
botleft
4
-1.5799999999999998 -0.001
0 -0.001
0 0.001
-1.5799999999999998 0.001

botright
4
0 -0.001
1.949 -0.001
1.949 0.001
0 0.001

lEnv
4
-1.0770099999999998 0.5545
-0.5069899999999999 0.5545
-0.50101 0.6535
-1.08299 0.6535

c2
4
0.8039900000000001 0.5545
1.01401 0.5545
1.0199900000000002 0.6535
0.7980100000000001 0.6535

rEnv
4
1.2359900000000004 0.5545
1.44601 0.5545
1.4519900000000001 0.6535
1.2300100000000003 0.6535


57
IMD2d1_damage
4
-1.0864239999999998 0.5445
-0.49757599999999996 0.5445
-0.49697199999999997 0.5545
-1.0870279999999999 0.5545
3.1

IMD2d1_damage
4
-0.29442399999999996 0.5445
0.2944240000000001 0.5445
0.29502800000000007 0.5545
-0.29502799999999996 0.5545
3.1

IMD2d1_damage
4
0.7945760000000002 0.5445
1.0234240000000001 0.5445
1.0240280000000002 0.5545
0.7939720000000001 0.5545
3.1

IMD2d1_damage
4
1.2265760000000003 0.5445
1.455424 0.5445
1.456028 0.5545
1.2259720000000003 0.5545
3.1

IMD2d2_damage
4
-1.0820189999999998 0.5545
-1.0770099999999998 0.5545
-1.08299 0.6535
-1.087999 0.6535
2.9

IMD2d2_damage
4
-0.5069899999999999 0.5545
-0.5019809999999999 0.5545
-0.49600099999999997 0.6535
-0.50101 0.6535
2.9

IMD2d2_damage
4
-0.29001899999999997 0.5545
-0.28501 0.5545
-0.29098999999999997 0.6535
-0.29599899999999996 0.6535
2.9

IMD2d2_damage
4
0.2850100000000001 0.5545
0.2900190000000001 0.5545
0.29599900000000007 0.6535
0.2909900000000001 0.6535
2.9

IMD2d2_damage
4
0.798981 0.5545
0.8039900000000001 0.5545
0.7980100000000001 0.6535
0.7930010000000001 0.6535
2.9

IMD2d2_damage
4
1.01401 0.5545
1.0190190000000001 0.5545
1.0249990000000002 0.6535
1.0199900000000002 0.6535
2.9

IMD2d2_damage
4
1.2309810000000003 0.5545
1.2359900000000004 0.5545
1.2300100000000003 0.6535
1.2250010000000002 0.6535
2.9

IMD2d2_damage
4
1.44601 0.5545
1.451019 0.5545
1.4569990000000002 0.6535
1.4519900000000001 0.6535
2.9

IMD2d2
4
-1.5799999999999998 0.5545
-1.0820189999999998 0.5545
-1.087999 0.6535
-1.5799999999999998 0.6535
2.65

IMD2d2
4
-0.5019809999999999 0.5545
-0.29001899999999997 0.5545
-0.29599899999999996 0.6535
-0.49600099999999997 0.6535
2.65

IMD2d2
4
0.2900190000000001 0.5545
0.798981 0.5545
0.7930010000000001 0.6535
0.29599900000000007 0.6535
2.65

IMD2d2
4
1.0190190000000001 0.5545
1.2309810000000003 0.5545
1.2250010000000002 0.6535
1.0249990000000002 0.6535
2.65

IMD2d2
4
1.451019 0.5545
1.949 0.5545
1.949 0.6535
1.4569990000000002 0.6535
2.65

IMD2d1
4
-1.5799999999999998 0.5445
-1.0864239999999998 0.5445
-1.0870279999999999 0.5545
-1.5799999999999998 0.5545
2.65

IMD2d1
4
-0.49757599999999996 0.5445
-0.29442399999999996 0.5445
-0.29502799999999996 0.5545
-0.49697199999999997 0.5545
2.65

IMD2d1
4
0.2944240000000001 0.5445
0.7945760000000002 0.5445
0.7939720000000001 0.5545
0.29502800000000007 0.5545
2.65

IMD2d1
4
1.0234240000000001 0.5445
1.2265760000000003 0.5445
1.2259720000000003 0.5545
1.0240280000000002 0.5545
2.65

IMD2d1
4
1.455424 0.5445
1.949 0.5445
1.949 0.5545
1.456028 0.5545
2.65

IMD2d1
4
-1.5799999999999998 0.5265
1.949 0.5265
1.949 0.5445
-1.5799999999999998 0.5445
2.65

FOXA+FOXB+TOX
4
-1.5799999999999998 0.001
1.949 0.001
1.949 0.2665
-1.5799999999999998 0.2665
4.0

ILD1a
4
-1.5799999999999998 0.2665
1.949 0.2665
1.949 0.2765
-1.5799999999999998 0.2765
7.0

ILD1b1+ILD1b2+ILD1b3
4
-1.5799999999999998 0.2765
1.949 0.2765
1.949 0.3955
-1.5799999999999998 0.3955
4.0

IMD1a
4
-1.5799999999999998 0.3955
1.949 0.3955
1.949 0.4065
-1.5799999999999998 0.4065
5.2

IMD1b
4
-1.5799999999999998 0.4065
1.949 0.4065
1.949 0.4665
-1.5799999999999998 0.4665
2.8

IMD2a
4
-1.5799999999999998 0.4665
1.949 0.4665
1.949 0.4875
-1.5799999999999998 0.4875
5.2

IMD2b
4
-1.5799999999999998 0.4875
1.949 0.4875
1.949 0.5025
-1.5799999999999998 0.5025
4.2

IMD2c
4
-1.5799999999999998 0.5025
1.949 0.5025
1.949 0.5265
-1.5799999999999998 0.5265
3.28

IMD3a
4
-1.5799999999999998 0.6535
1.949 0.6535
1.949 0.6745
-1.5799999999999998 0.6745
5.2

IMD3b
4
-1.5799999999999998 0.6745
1.949 0.6745
1.949 0.6895
-1.5799999999999998 0.6895
4.2

IMD3c
4
-1.5799999999999998 0.6895
1.949 0.6895
1.949 0.7135
-1.5799999999999998 0.7135
3.28

IMD3d1+IMD3d2
4
-1.5799999999999998 0.7135
1.949 0.7135
1.949 0.8405
-1.5799999999999998 0.8405
2.65

IMD4a
4
-1.5799999999999998 0.8405
1.949 0.8405
1.949 0.8615
-1.5799999999999998 0.8615
5.2

IMD4b
4
-1.5799999999999998 0.8615
1.949 0.8615
1.949 0.8765
-1.5799999999999998 0.8765
4.2

IMD4c
4
-1.5799999999999998 0.8765
1.949 0.8765
1.949 0.9005
-1.5799999999999998 0.9005
3.28

IMD4d1+IMD4d2
4
-1.5799999999999998 0.9005
1.949 0.9005
1.949 1.0275
-1.5799999999999998 1.0275
2.65

IMD5a
4
-1.5799999999999998 1.0275
1.949 1.0275
1.949 1.0485
-1.5799999999999998 1.0485
5.2

IMD5b
4
-1.5799999999999998 1.0485
1.949 1.0485
1.949 1.0635
-1.5799999999999998 1.0635
4.2

IMD5c
4
-1.5799999999999998 1.0635
1.949 1.0635
1.949 1.0875
-1.5799999999999998 1.0875
3.28

IMD5d1+IMD5d2
4
-1.5799999999999998 1.0875
1.949 1.0875
1.949 1.2145
-1.5799999999999998 1.2145
2.65

IMD6a
4
-1.5799999999999998 1.2145
1.949 1.2145
1.949 1.2355
-1.5799999999999998 1.2355
5.2

IMD6b
4
-1.5799999999999998 1.2355
1.949 1.2355
1.949 1.2505
-1.5799999999999998 1.2505
4.2

IMD6c
4
-1.5799999999999998 1.2505
1.949 1.2505
1.949 1.2745
-1.5799999999999998 1.2745
3.28

IMD6d1+IMD6d2
4
-1.5799999999999998 1.2745
1.949 1.2745
1.949 1.4015
-1.5799999999999998 1.4015
2.65

IMD7a
4
-1.5799999999999998 1.4015
1.949 1.4015
1.949 1.4765
-1.5799999999999998 1.4765
5.2

IMD7b1+IMD7b2
4
-1.5799999999999998 1.4765
1.949 1.4765
1.949 2.9765
-1.5799999999999998 2.9765
4.2

IMD8a
4
-1.5799999999999998 2.9765
1.949 2.9765
1.949 3.0515
-1.5799999999999998 3.0515
5.2

IMD8b1+IMD8b2
4
-1.5799999999999998 3.0515
1.949 3.0515
1.949 4.5515
-1.5799999999999998 4.5515
4.2

PASS1
4
-1.5799999999999998 4.5515
1.949 4.5515
1.949 4.6265
-1.5799999999999998 4.6265
7.0

PASS2
4
-1.5799999999999998 4.6265
1.949 4.6265
1.949 5.0265
-1.5799999999999998 5.0265
4.2

PASS3
4
-1.5799999999999998 5.0265
1.949 5.0265
1.949 5.1015
-1.5799999999999998 5.1015
7.0

PASS4+PASS5
4
-1.5799999999999998 5.1015
1.949 5.1015
1.949 6.0515
-1.5799999999999998 6.0515
4.2

PASS6
4
-1.5799999999999998 6.0515
1.949 6.0515
1.949 6.6515
-1.5799999999999998 6.6515
7.0

air_Layer
4
-1.5799999999999998 6.6515
1.949 6.6515
1.949 6.9485
-1.5799999999999998 6.9485
1.0


4
-1.5799999999999998 0.001
1.949 0.001
1.949 6.9485
-1.5799999999999998 6.9485

