c1
4
-0.060009999999999994 1.3025
0.060009999999999994 1.3025
0.06599 1.4015
-0.06599 1.4015

5
botleft
4
-0.905 -0.001
0 -0.001
0 0.001
-0.905 0.001

botright
4
0 -0.001
3.209 -0.001
3.209 0.001
0 0.001

lEnv
4
-0.40201 1.3025
-0.28198999999999996 1.3025
-0.27601 1.4015
-0.40798999999999996 1.4015

c2
4
0.80399 1.3025
1.6440099999999997 1.3025
1.6499899999999998 1.4015
0.79801 1.4015

rEnv
4
1.86599 1.3025
2.70601 1.3025
2.71199 1.4015
1.86001 1.4015


57
IMD6d1_damage
4
-0.41142399999999996 1.2925
-0.272576 1.2925
-0.271972 1.3025
-0.41202799999999995 1.3025
3.1

IMD6d1_damage
4
-0.069424 1.2925
0.069424 1.2925
0.07002799999999999 1.3025
-0.07002799999999999 1.3025
3.1

IMD6d1_damage
4
0.7945760000000001 1.2925
1.6534239999999998 1.2925
1.6540279999999998 1.3025
0.793972 1.3025
3.1

IMD6d1_damage
4
1.856576 1.2925
2.715424 1.2925
2.716028 1.3025
1.855972 1.3025
3.1

IMD6d2_damage
4
-0.40701899999999996 1.3025
-0.40201 1.3025
-0.40798999999999996 1.4015
-0.41299899999999995 1.4015
2.9

IMD6d2_damage
4
-0.28198999999999996 1.3025
-0.276981 1.3025
-0.271001 1.4015
-0.27601 1.4015
2.9

IMD6d2_damage
4
-0.065019 1.3025
-0.060009999999999994 1.3025
-0.06599 1.4015
-0.07099899999999999 1.4015
2.9

IMD6d2_damage
4
0.060009999999999994 1.3025
0.065019 1.3025
0.07099899999999999 1.4015
0.06599 1.4015
2.9

IMD6d2_damage
4
0.7989809999999999 1.3025
0.80399 1.3025
0.79801 1.4015
0.793001 1.4015
2.9

IMD6d2_damage
4
1.6440099999999997 1.3025
1.6490189999999998 1.3025
1.6549989999999999 1.4015
1.6499899999999998 1.4015
2.9

IMD6d2_damage
4
1.860981 1.3025
1.86599 1.3025
1.86001 1.4015
1.855001 1.4015
2.9

IMD6d2_damage
4
2.70601 1.3025
2.711019 1.3025
2.716999 1.4015
2.71199 1.4015
2.9

IMD6d2
4
-0.905 1.3025
-0.40701899999999996 1.3025
-0.41299899999999995 1.4015
-0.905 1.4015
2.65

IMD6d2
4
-0.276981 1.3025
-0.065019 1.3025
-0.07099899999999999 1.4015
-0.271001 1.4015
2.65

IMD6d2
4
0.065019 1.3025
0.7989809999999999 1.3025
0.793001 1.4015
0.07099899999999999 1.4015
2.65

IMD6d2
4
1.6490189999999998 1.3025
1.860981 1.3025
1.855001 1.4015
1.6549989999999999 1.4015
2.65

IMD6d2
4
2.711019 1.3025
3.209 1.3025
3.209 1.4015
2.716999 1.4015
2.65

IMD6d1
4
-0.905 1.2925
-0.41142399999999996 1.2925
-0.41202799999999995 1.3025
-0.905 1.3025
2.65

IMD6d1
4
-0.272576 1.2925
-0.069424 1.2925
-0.07002799999999999 1.3025
-0.271972 1.3025
2.65

IMD6d1
4
0.069424 1.2925
0.7945760000000001 1.2925
0.793972 1.3025
0.07002799999999999 1.3025
2.65

IMD6d1
4
1.6534239999999998 1.2925
1.856576 1.2925
1.855972 1.3025
1.6540279999999998 1.3025
2.65

IMD6d1
4
2.715424 1.2925
3.209 1.2925
3.209 1.3025
2.716028 1.3025
2.65

IMD6d1
4
-0.905 1.2745
3.209 1.2745
3.209 1.2925
-0.905 1.2925
2.65

FOXA+FOXB+TOX
4
-0.905 0.001
3.209 0.001
3.209 0.2665
-0.905 0.2665
4.0

ILD1a
4
-0.905 0.2665
3.209 0.2665
3.209 0.2765
-0.905 0.2765
7.0

ILD1b1+ILD1b2+ILD1b3
4
-0.905 0.2765
3.209 0.2765
3.209 0.3955
-0.905 0.3955
4.0

IMD1a
4
-0.905 0.3955
3.209 0.3955
3.209 0.4065
-0.905 0.4065
5.2

IMD1b
4
-0.905 0.4065
3.209 0.4065
3.209 0.4665
-0.905 0.4665
2.8

IMD2a
4
-0.905 0.4665
3.209 0.4665
3.209 0.4875
-0.905 0.4875
5.2

IMD2b
4
-0.905 0.4875
3.209 0.4875
3.209 0.5025
-0.905 0.5025
4.2

IMD2c
4
-0.905 0.5025
3.209 0.5025
3.209 0.5265
-0.905 0.5265
3.28

IMD2d1+IMD2d2
4
-0.905 0.5265
3.209 0.5265
3.209 0.6535
-0.905 0.6535
2.65

IMD3a
4
-0.905 0.6535
3.209 0.6535
3.209 0.6745
-0.905 0.6745
5.2

IMD3b
4
-0.905 0.6745
3.209 0.6745
3.209 0.6895
-0.905 0.6895
4.2

IMD3c
4
-0.905 0.6895
3.209 0.6895
3.209 0.7135
-0.905 0.7135
3.28

IMD3d1+IMD3d2
4
-0.905 0.7135
3.209 0.7135
3.209 0.8405
-0.905 0.8405
2.65

IMD4a
4
-0.905 0.8405
3.209 0.8405
3.209 0.8615
-0.905 0.8615
5.2

IMD4b
4
-0.905 0.8615
3.209 0.8615
3.209 0.8765
-0.905 0.8765
4.2

IMD4c
4
-0.905 0.8765
3.209 0.8765
3.209 0.9005
-0.905 0.9005
3.28

IMD4d1+IMD4d2
4
-0.905 0.9005
3.209 0.9005
3.209 1.0275
-0.905 1.0275
2.65

IMD5a
4
-0.905 1.0275
3.209 1.0275
3.209 1.0485
-0.905 1.0485
5.2

IMD5b
4
-0.905 1.0485
3.209 1.0485
3.209 1.0635
-0.905 1.0635
4.2

IMD5c
4
-0.905 1.0635
3.209 1.0635
3.209 1.0875
-0.905 1.0875
3.28

IMD5d1+IMD5d2
4
-0.905 1.0875
3.209 1.0875
3.209 1.2145
-0.905 1.2145
2.65

IMD6a
4
-0.905 1.2145
3.209 1.2145
3.209 1.2355
-0.905 1.2355
5.2

IMD6b
4
-0.905 1.2355
3.209 1.2355
3.209 1.2505
-0.905 1.2505
4.2

IMD6c
4
-0.905 1.2505
3.209 1.2505
3.209 1.2745
-0.905 1.2745
3.28

IMD7a
4
-0.905 1.4015
3.209 1.4015
3.209 1.4765
-0.905 1.4765
5.2

IMD7b1+IMD7b2
4
-0.905 1.4765
3.209 1.4765
3.209 2.9765
-0.905 2.9765
4.2

IMD8a
4
-0.905 2.9765
3.209 2.9765
3.209 3.0515
-0.905 3.0515
5.2

IMD8b1+IMD8b2
4
-0.905 3.0515
3.209 3.0515
3.209 4.5515
-0.905 4.5515
4.2

PASS1
4
-0.905 4.5515
3.209 4.5515
3.209 4.6265
-0.905 4.6265
7.0

PASS2
4
-0.905 4.6265
3.209 4.6265
3.209 5.0265
-0.905 5.0265
4.2

PASS3
4
-0.905 5.0265
3.209 5.0265
3.209 5.1015
-0.905 5.1015
7.0

PASS4+PASS5
4
-0.905 5.1015
3.209 5.1015
3.209 6.0515
-0.905 6.0515
4.2

PASS6
4
-0.905 6.0515
3.209 6.0515
3.209 6.6515
-0.905 6.6515
7.0

air_Layer
4
-0.905 6.6515
3.209 6.6515
3.209 6.9485
-0.905 6.9485
1.0


4
-0.905 0.001
3.209 0.001
3.209 6.9485
-0.905 6.9485

