c1
4
-0.48751 1.1155
0.48751 1.1155
0.49349 1.2145
-0.49349 1.2145

5
botleft
4
-2.2775 -0.001
0 -0.001
0 0.001
-2.2775 0.001

botright
4
0 -0.001
1.6564999999999999 -0.001
1.6564999999999999 0.001
0 0.001

lEnv
4
-1.7745099999999998 1.1155
-0.7994899999999999 1.1155
-0.7935099999999999 1.2145
-1.78049 1.2145

c2
4
0.60149 1.1155
0.72151 1.1155
0.72749 1.2145
0.59551 1.2145

rEnv
4
1.03349 1.1155
1.1535099999999998 1.1155
1.15949 1.2145
1.02751 1.2145


57
IMD5d1_damage
4
-1.7839239999999998 1.1055
-0.790076 1.1055
-0.789472 1.1155
-1.784528 1.1155
3.1

IMD5d1_damage
4
-0.496924 1.1055
0.496924 1.1055
0.49752799999999997 1.1155
-0.49752799999999997 1.1155
3.1

IMD5d1_damage
4
0.592076 1.1055
0.7309239999999999 1.1055
0.731528 1.1155
0.591472 1.1155
3.1

IMD5d1_damage
4
1.024076 1.1055
1.1629239999999998 1.1055
1.163528 1.1155
1.023472 1.1155
3.1

IMD5d2_damage
4
-1.7795189999999999 1.1155
-1.7745099999999998 1.1155
-1.78049 1.2145
-1.785499 1.2145
2.9

IMD5d2_damage
4
-0.7994899999999999 1.1155
-0.7944809999999999 1.1155
-0.7885009999999999 1.2145
-0.7935099999999999 1.2145
2.9

IMD5d2_damage
4
-0.492519 1.1155
-0.48751 1.1155
-0.49349 1.2145
-0.49849899999999997 1.2145
2.9

IMD5d2_damage
4
0.48751 1.1155
0.492519 1.1155
0.49849899999999997 1.2145
0.49349 1.2145
2.9

IMD5d2_damage
4
0.5964809999999999 1.1155
0.60149 1.1155
0.59551 1.2145
0.5905009999999999 1.2145
2.9

IMD5d2_damage
4
0.72151 1.1155
0.726519 1.1155
0.732499 1.2145
0.72749 1.2145
2.9

IMD5d2_damage
4
1.028481 1.1155
1.03349 1.1155
1.02751 1.2145
1.0225009999999999 1.2145
2.9

IMD5d2_damage
4
1.1535099999999998 1.1155
1.1585189999999999 1.1155
1.164499 1.2145
1.15949 1.2145
2.9

IMD5d2
4
-2.2775 1.1155
-1.7795189999999999 1.1155
-1.785499 1.2145
-2.2775 1.2145
2.65

IMD5d2
4
-0.7944809999999999 1.1155
-0.492519 1.1155
-0.49849899999999997 1.2145
-0.7885009999999999 1.2145
2.65

IMD5d2
4
0.492519 1.1155
0.5964809999999999 1.1155
0.5905009999999999 1.2145
0.49849899999999997 1.2145
2.65

IMD5d2
4
0.726519 1.1155
1.028481 1.1155
1.0225009999999999 1.2145
0.732499 1.2145
2.65

IMD5d2
4
1.1585189999999999 1.1155
1.6564999999999999 1.1155
1.6564999999999999 1.2145
1.164499 1.2145
2.65

IMD5d1
4
-2.2775 1.1055
-1.7839239999999998 1.1055
-1.784528 1.1155
-2.2775 1.1155
2.65

IMD5d1
4
-0.790076 1.1055
-0.496924 1.1055
-0.49752799999999997 1.1155
-0.789472 1.1155
2.65

IMD5d1
4
0.496924 1.1055
0.592076 1.1055
0.591472 1.1155
0.49752799999999997 1.1155
2.65

IMD5d1
4
0.7309239999999999 1.1055
1.024076 1.1055
1.023472 1.1155
0.731528 1.1155
2.65

IMD5d1
4
1.1629239999999998 1.1055
1.6564999999999999 1.1055
1.6564999999999999 1.1155
1.163528 1.1155
2.65

IMD5d1
4
-2.2775 1.0875
1.6564999999999999 1.0875
1.6564999999999999 1.1055
-2.2775 1.1055
2.65

FOXA+FOXB+TOX
4
-2.2775 0.001
1.6564999999999999 0.001
1.6564999999999999 0.2665
-2.2775 0.2665
4.0

ILD1a
4
-2.2775 0.2665
1.6564999999999999 0.2665
1.6564999999999999 0.2765
-2.2775 0.2765
7.0

ILD1b1+ILD1b2+ILD1b3
4
-2.2775 0.2765
1.6564999999999999 0.2765
1.6564999999999999 0.3955
-2.2775 0.3955
4.0

IMD1a
4
-2.2775 0.3955
1.6564999999999999 0.3955
1.6564999999999999 0.4065
-2.2775 0.4065
5.2

IMD1b
4
-2.2775 0.4065
1.6564999999999999 0.4065
1.6564999999999999 0.4665
-2.2775 0.4665
2.8

IMD2a
4
-2.2775 0.4665
1.6564999999999999 0.4665
1.6564999999999999 0.4875
-2.2775 0.4875
5.2

IMD2b
4
-2.2775 0.4875
1.6564999999999999 0.4875
1.6564999999999999 0.5025
-2.2775 0.5025
4.2

IMD2c
4
-2.2775 0.5025
1.6564999999999999 0.5025
1.6564999999999999 0.5265
-2.2775 0.5265
3.28

IMD2d1+IMD2d2
4
-2.2775 0.5265
1.6564999999999999 0.5265
1.6564999999999999 0.6535
-2.2775 0.6535
2.65

IMD3a
4
-2.2775 0.6535
1.6564999999999999 0.6535
1.6564999999999999 0.6745
-2.2775 0.6745
5.2

IMD3b
4
-2.2775 0.6745
1.6564999999999999 0.6745
1.6564999999999999 0.6895
-2.2775 0.6895
4.2

IMD3c
4
-2.2775 0.6895
1.6564999999999999 0.6895
1.6564999999999999 0.7135
-2.2775 0.7135
3.28

IMD3d1+IMD3d2
4
-2.2775 0.7135
1.6564999999999999 0.7135
1.6564999999999999 0.8405
-2.2775 0.8405
2.65

IMD4a
4
-2.2775 0.8405
1.6564999999999999 0.8405
1.6564999999999999 0.8615
-2.2775 0.8615
5.2

IMD4b
4
-2.2775 0.8615
1.6564999999999999 0.8615
1.6564999999999999 0.8765
-2.2775 0.8765
4.2

IMD4c
4
-2.2775 0.8765
1.6564999999999999 0.8765
1.6564999999999999 0.9005
-2.2775 0.9005
3.28

IMD4d1+IMD4d2
4
-2.2775 0.9005
1.6564999999999999 0.9005
1.6564999999999999 1.0275
-2.2775 1.0275
2.65

IMD5a
4
-2.2775 1.0275
1.6564999999999999 1.0275
1.6564999999999999 1.0485
-2.2775 1.0485
5.2

IMD5b
4
-2.2775 1.0485
1.6564999999999999 1.0485
1.6564999999999999 1.0635
-2.2775 1.0635
4.2

IMD5c
4
-2.2775 1.0635
1.6564999999999999 1.0635
1.6564999999999999 1.0875
-2.2775 1.0875
3.28

IMD6a
4
-2.2775 1.2145
1.6564999999999999 1.2145
1.6564999999999999 1.2355
-2.2775 1.2355
5.2

IMD6b
4
-2.2775 1.2355
1.6564999999999999 1.2355
1.6564999999999999 1.2505
-2.2775 1.2505
4.2

IMD6c
4
-2.2775 1.2505
1.6564999999999999 1.2505
1.6564999999999999 1.2745
-2.2775 1.2745
3.28

IMD6d1+IMD6d2
4
-2.2775 1.2745
1.6564999999999999 1.2745
1.6564999999999999 1.4015
-2.2775 1.4015
2.65

IMD7a
4
-2.2775 1.4015
1.6564999999999999 1.4015
1.6564999999999999 1.4765
-2.2775 1.4765
5.2

IMD7b1+IMD7b2
4
-2.2775 1.4765
1.6564999999999999 1.4765
1.6564999999999999 2.9765
-2.2775 2.9765
4.2

IMD8a
4
-2.2775 2.9765
1.6564999999999999 2.9765
1.6564999999999999 3.0515
-2.2775 3.0515
5.2

IMD8b1+IMD8b2
4
-2.2775 3.0515
1.6564999999999999 3.0515
1.6564999999999999 4.5515
-2.2775 4.5515
4.2

PASS1
4
-2.2775 4.5515
1.6564999999999999 4.5515
1.6564999999999999 4.6265
-2.2775 4.6265
7.0

PASS2
4
-2.2775 4.6265
1.6564999999999999 4.6265
1.6564999999999999 5.0265
-2.2775 5.0265
4.2

PASS3
4
-2.2775 5.0265
1.6564999999999999 5.0265
1.6564999999999999 5.1015
-2.2775 5.1015
7.0

PASS4+PASS5
4
-2.2775 5.1015
1.6564999999999999 5.1015
1.6564999999999999 6.0515
-2.2775 6.0515
4.2

PASS6
4
-2.2775 6.0515
1.6564999999999999 6.0515
1.6564999999999999 6.6515
-2.2775 6.6515
7.0

air_Layer
4
-2.2775 6.6515
1.6564999999999999 6.6515
1.6564999999999999 6.9485
-2.2775 6.9485
1.0


4
-2.2775 0.001
1.6564999999999999 0.001
1.6564999999999999 6.9485
-2.2775 6.9485

