c1
4
-0.48591999999999996 0.37050000000000005
0.48591999999999974 0.37050000000000005
0.49507999999999974 0.4665
-0.49507999999999996 0.4665

5
botleft
4
-2.0975 -0.001
0 -0.001
0 0.001
-2.0975 0.001

botright
4
0 -0.001
3.3664999999999994 -0.001
3.3664999999999994 0.001
0 0.001

lEnv
4
-1.59292 0.37050000000000005
-0.62108 0.37050000000000005
-0.61192 0.4665
-1.60208 0.4665

c2
4
1.3230799999999996 0.37050000000000005
2.0249199999999994 0.37050000000000005
2.0340799999999994 0.4665
1.3139199999999995 0.4665

rEnv
4
2.1600799999999993 0.37050000000000005
2.861919999999999 0.37050000000000005
2.871079999999999 0.4665
2.1509199999999993 0.4665


48
IMD1b
4
-2.0975 0.40650000000000003
-1.596355 0.40650000000000003
-1.60208 0.4665
-2.0975 0.4665
2.8

IMD1b
4
-0.617645 0.40650000000000003
-0.489355 0.40650000000000003
-0.49507999999999996 0.4665
-0.61192 0.4665
2.8

IMD1b
4
0.48935499999999976 0.40650000000000003
1.3196449999999995 0.40650000000000003
1.3139199999999995 0.4665
0.49507999999999974 0.4665
2.8

IMD1b
4
2.0283549999999995 0.40650000000000003
2.1566449999999993 0.40650000000000003
2.1509199999999993 0.4665
2.0340799999999994 0.4665
2.8

IMD1b
4
2.865354999999999 0.40650000000000003
3.3664999999999994 0.40650000000000003
3.3664999999999994 0.4665
2.871079999999999 0.4665
2.8

IMD1a
4
-2.0975 0.3955
-1.5953054166666667 0.3955
-1.596355 0.40650000000000003
-2.0975 0.40650000000000003
5.2

IMD1a
4
-0.6186945833333334 0.3955
-0.48830541666666666 0.3955
-0.489355 0.40650000000000003
-0.617645 0.40650000000000003
5.2

IMD1a
4
0.48830541666666644 0.3955
1.3206945833333328 0.3955
1.3196449999999995 0.40650000000000003
0.48935499999999976 0.40650000000000003
5.2

IMD1a
4
2.027305416666666 0.3955
2.1576945833333325 0.3955
2.1566449999999993 0.40650000000000003
2.0283549999999995 0.40650000000000003
5.2

IMD1a
4
2.864305416666666 0.3955
3.3664999999999994 0.3955
3.3664999999999994 0.40650000000000003
2.865354999999999 0.40650000000000003
5.2

ILD1b3
4
-2.0975 0.37050000000000005
-1.59292 0.37050000000000005
-1.5953054166666667 0.3955
-2.0975 0.3955
4

ILD1b3
4
-0.62108 0.37050000000000005
-0.48591999999999996 0.37050000000000005
-0.48830541666666666 0.3955
-0.6186945833333334 0.3955
4

ILD1b3
4
0.48591999999999974 0.37050000000000005
1.3230799999999996 0.37050000000000005
1.3206945833333328 0.3955
0.48830541666666644 0.3955
4

ILD1b3
4
2.0249199999999994 0.37050000000000005
2.1600799999999993 0.37050000000000005
2.1576945833333325 0.3955
2.027305416666666 0.3955
4

ILD1b3
4
2.861919999999999 0.37050000000000005
3.3664999999999994 0.37050000000000005
3.3664999999999994 0.3955
2.864305416666666 0.3955
4

ILD1b1+ILD1b2
4
-2.0975 0.2765
3.3664999999999994 0.2765
3.3664999999999994 0.37050000000000005
-2.0975 0.37050000000000005
4

FOXA+FOXB+TOX
4
-2.0975 0.001
3.3664999999999994 0.001
3.3664999999999994 0.2665
-2.0975 0.2665
4.0

ILD1a
4
-2.0975 0.2665
3.3664999999999994 0.2665
3.3664999999999994 0.2765
-2.0975 0.2765
7.0

IMD2a
4
-2.0975 0.4665
3.3664999999999994 0.4665
3.3664999999999994 0.4875
-2.0975 0.4875
5.2

IMD2b
4
-2.0975 0.4875
3.3664999999999994 0.4875
3.3664999999999994 0.5025
-2.0975 0.5025
4.2

IMD2c
4
-2.0975 0.5025
3.3664999999999994 0.5025
3.3664999999999994 0.5265
-2.0975 0.5265
3.28

IMD2d1+IMD2d2
4
-2.0975 0.5265
3.3664999999999994 0.5265
3.3664999999999994 0.6535
-2.0975 0.6535
2.65

IMD3a
4
-2.0975 0.6535
3.3664999999999994 0.6535
3.3664999999999994 0.6745
-2.0975 0.6745
5.2

IMD3b
4
-2.0975 0.6745
3.3664999999999994 0.6745
3.3664999999999994 0.6895
-2.0975 0.6895
4.2

IMD3c
4
-2.0975 0.6895
3.3664999999999994 0.6895
3.3664999999999994 0.7135
-2.0975 0.7135
3.28

IMD3d1+IMD3d2
4
-2.0975 0.7135
3.3664999999999994 0.7135
3.3664999999999994 0.8405
-2.0975 0.8405
2.65

IMD4a
4
-2.0975 0.8405
3.3664999999999994 0.8405
3.3664999999999994 0.8615
-2.0975 0.8615
5.2

IMD4b
4
-2.0975 0.8615
3.3664999999999994 0.8615
3.3664999999999994 0.8765
-2.0975 0.8765
4.2

IMD4c
4
-2.0975 0.8765
3.3664999999999994 0.8765
3.3664999999999994 0.9005
-2.0975 0.9005
3.28

IMD4d1+IMD4d2
4
-2.0975 0.9005
3.3664999999999994 0.9005
3.3664999999999994 1.0275
-2.0975 1.0275
2.65

IMD5a
4
-2.0975 1.0275
3.3664999999999994 1.0275
3.3664999999999994 1.0485
-2.0975 1.0485
5.2

IMD5b
4
-2.0975 1.0485
3.3664999999999994 1.0485
3.3664999999999994 1.0635
-2.0975 1.0635
4.2

IMD5c
4
-2.0975 1.0635
3.3664999999999994 1.0635
3.3664999999999994 1.0875
-2.0975 1.0875
3.28

IMD5d1+IMD5d2
4
-2.0975 1.0875
3.3664999999999994 1.0875
3.3664999999999994 1.2145
-2.0975 1.2145
2.65

IMD6a
4
-2.0975 1.2145
3.3664999999999994 1.2145
3.3664999999999994 1.2355
-2.0975 1.2355
5.2

IMD6b
4
-2.0975 1.2355
3.3664999999999994 1.2355
3.3664999999999994 1.2505
-2.0975 1.2505
4.2

IMD6c
4
-2.0975 1.2505
3.3664999999999994 1.2505
3.3664999999999994 1.2745
-2.0975 1.2745
3.28

IMD6d1+IMD6d2
4
-2.0975 1.2745
3.3664999999999994 1.2745
3.3664999999999994 1.4015
-2.0975 1.4015
2.65

IMD7a
4
-2.0975 1.4015
3.3664999999999994 1.4015
3.3664999999999994 1.4765
-2.0975 1.4765
5.2

IMD7b1+IMD7b2
4
-2.0975 1.4765
3.3664999999999994 1.4765
3.3664999999999994 2.9765
-2.0975 2.9765
4.2

IMD8a
4
-2.0975 2.9765
3.3664999999999994 2.9765
3.3664999999999994 3.0515
-2.0975 3.0515
5.2

IMD8b1+IMD8b2
4
-2.0975 3.0515
3.3664999999999994 3.0515
3.3664999999999994 4.5515
-2.0975 4.5515
4.2

PASS1
4
-2.0975 4.5515
3.3664999999999994 4.5515
3.3664999999999994 4.6265
-2.0975 4.6265
7.0

PASS2
4
-2.0975 4.6265
3.3664999999999994 4.6265
3.3664999999999994 5.0265
-2.0975 5.0265
4.2

PASS3
4
-2.0975 5.0265
3.3664999999999994 5.0265
3.3664999999999994 5.1015
-2.0975 5.1015
7.0

PASS4+PASS5
4
-2.0975 5.1015
3.3664999999999994 5.1015
3.3664999999999994 6.0515
-2.0975 6.0515
4.2

PASS6
4
-2.0975 6.0515
3.3664999999999994 6.0515
3.3664999999999994 6.6515
-2.0975 6.6515
7.0

air_Layer
4
-2.0975 6.6515
3.3664999999999994 6.6515
3.3664999999999994 6.9485
-2.0975 6.9485
1.0


4
-2.0975 0.001
3.3664999999999994 0.001
3.3664999999999994 6.9485
-2.0975 6.9485

