c1
4
-0.35091999999999995 0.37050000000000005
0.35091999999999995 0.37050000000000005
0.36007999999999996 0.4665
-0.36007999999999996 0.4665

5
botleft
4
-1.6024999999999998 -0.001
0 -0.001
0 0.001
-1.6024999999999998 0.001

botright
4
0 -0.001
2.6914999999999996 -0.001
2.6914999999999996 0.001
0 0.001

lEnv
4
-1.0979199999999998 0.37050000000000005
-0.39607999999999993 0.37050000000000005
-0.38691999999999993 0.4665
-1.1070799999999998 0.4665

c2
4
0.46808 0.37050000000000005
1.3049199999999996 0.37050000000000005
1.3140799999999997 0.4665
0.45892 0.4665

rEnv
4
1.3500799999999997 0.37050000000000005
2.1869199999999993 0.37050000000000005
2.1960799999999994 0.4665
1.3409199999999997 0.4665


48
IMD1b
4
-1.6024999999999998 0.40650000000000003
-1.1013549999999999 0.40650000000000003
-1.1070799999999998 0.4665
-1.6024999999999998 0.4665
2.8

IMD1b
4
-0.3926449999999999 0.40650000000000003
-0.354355 0.40650000000000003
-0.36007999999999996 0.4665
-0.38691999999999993 0.4665
2.8

IMD1b
4
0.354355 0.40650000000000003
0.464645 0.40650000000000003
0.45892 0.4665
0.36007999999999996 0.4665
2.8

IMD1b
4
1.3083549999999997 0.40650000000000003
1.3466449999999996 0.40650000000000003
1.3409199999999997 0.4665
1.3140799999999997 0.4665
2.8

IMD1b
4
2.1903549999999994 0.40650000000000003
2.6914999999999996 0.40650000000000003
2.6914999999999996 0.4665
2.1960799999999994 0.4665
2.8

IMD1a
4
-1.6024999999999998 0.3955
-1.1003054166666666 0.3955
-1.1013549999999999 0.40650000000000003
-1.6024999999999998 0.40650000000000003
5.2

IMD1a
4
-0.39369458333333324 0.3955
-0.35330541666666665 0.3955
-0.354355 0.40650000000000003
-0.3926449999999999 0.40650000000000003
5.2

IMD1a
4
0.35330541666666665 0.3955
0.4656945833333333 0.3955
0.464645 0.40650000000000003
0.354355 0.40650000000000003
5.2

IMD1a
4
1.3073054166666664 0.3955
1.347694583333333 0.3955
1.3466449999999996 0.40650000000000003
1.3083549999999997 0.40650000000000003
5.2

IMD1a
4
2.189305416666666 0.3955
2.6914999999999996 0.3955
2.6914999999999996 0.40650000000000003
2.1903549999999994 0.40650000000000003
5.2

ILD1b3
4
-1.6024999999999998 0.37050000000000005
-1.0979199999999998 0.37050000000000005
-1.1003054166666666 0.3955
-1.6024999999999998 0.3955
4

ILD1b3
4
-0.39607999999999993 0.37050000000000005
-0.35091999999999995 0.37050000000000005
-0.35330541666666665 0.3955
-0.39369458333333324 0.3955
4

ILD1b3
4
0.35091999999999995 0.37050000000000005
0.46808 0.37050000000000005
0.4656945833333333 0.3955
0.35330541666666665 0.3955
4

ILD1b3
4
1.3049199999999996 0.37050000000000005
1.3500799999999997 0.37050000000000005
1.347694583333333 0.3955
1.3073054166666664 0.3955
4

ILD1b3
4
2.1869199999999993 0.37050000000000005
2.6914999999999996 0.37050000000000005
2.6914999999999996 0.3955
2.189305416666666 0.3955
4

ILD1b1+ILD1b2
4
-1.6024999999999998 0.2765
2.6914999999999996 0.2765
2.6914999999999996 0.37050000000000005
-1.6024999999999998 0.37050000000000005
4

FOXA+FOXB+TOX
4
-1.6024999999999998 0.001
2.6914999999999996 0.001
2.6914999999999996 0.2665
-1.6024999999999998 0.2665
4.0

ILD1a
4
-1.6024999999999998 0.2665
2.6914999999999996 0.2665
2.6914999999999996 0.2765
-1.6024999999999998 0.2765
7.0

IMD2a
4
-1.6024999999999998 0.4665
2.6914999999999996 0.4665
2.6914999999999996 0.4875
-1.6024999999999998 0.4875
5.2

IMD2b
4
-1.6024999999999998 0.4875
2.6914999999999996 0.4875
2.6914999999999996 0.5025
-1.6024999999999998 0.5025
4.2

IMD2c
4
-1.6024999999999998 0.5025
2.6914999999999996 0.5025
2.6914999999999996 0.5265
-1.6024999999999998 0.5265
3.28

IMD2d1+IMD2d2
4
-1.6024999999999998 0.5265
2.6914999999999996 0.5265
2.6914999999999996 0.6535
-1.6024999999999998 0.6535
2.65

IMD3a
4
-1.6024999999999998 0.6535
2.6914999999999996 0.6535
2.6914999999999996 0.6745
-1.6024999999999998 0.6745
5.2

IMD3b
4
-1.6024999999999998 0.6745
2.6914999999999996 0.6745
2.6914999999999996 0.6895
-1.6024999999999998 0.6895
4.2

IMD3c
4
-1.6024999999999998 0.6895
2.6914999999999996 0.6895
2.6914999999999996 0.7135
-1.6024999999999998 0.7135
3.28

IMD3d1+IMD3d2
4
-1.6024999999999998 0.7135
2.6914999999999996 0.7135
2.6914999999999996 0.8405
-1.6024999999999998 0.8405
2.65

IMD4a
4
-1.6024999999999998 0.8405
2.6914999999999996 0.8405
2.6914999999999996 0.8615
-1.6024999999999998 0.8615
5.2

IMD4b
4
-1.6024999999999998 0.8615
2.6914999999999996 0.8615
2.6914999999999996 0.8765
-1.6024999999999998 0.8765
4.2

IMD4c
4
-1.6024999999999998 0.8765
2.6914999999999996 0.8765
2.6914999999999996 0.9005
-1.6024999999999998 0.9005
3.28

IMD4d1+IMD4d2
4
-1.6024999999999998 0.9005
2.6914999999999996 0.9005
2.6914999999999996 1.0275
-1.6024999999999998 1.0275
2.65

IMD5a
4
-1.6024999999999998 1.0275
2.6914999999999996 1.0275
2.6914999999999996 1.0485
-1.6024999999999998 1.0485
5.2

IMD5b
4
-1.6024999999999998 1.0485
2.6914999999999996 1.0485
2.6914999999999996 1.0635
-1.6024999999999998 1.0635
4.2

IMD5c
4
-1.6024999999999998 1.0635
2.6914999999999996 1.0635
2.6914999999999996 1.0875
-1.6024999999999998 1.0875
3.28

IMD5d1+IMD5d2
4
-1.6024999999999998 1.0875
2.6914999999999996 1.0875
2.6914999999999996 1.2145
-1.6024999999999998 1.2145
2.65

IMD6a
4
-1.6024999999999998 1.2145
2.6914999999999996 1.2145
2.6914999999999996 1.2355
-1.6024999999999998 1.2355
5.2

IMD6b
4
-1.6024999999999998 1.2355
2.6914999999999996 1.2355
2.6914999999999996 1.2505
-1.6024999999999998 1.2505
4.2

IMD6c
4
-1.6024999999999998 1.2505
2.6914999999999996 1.2505
2.6914999999999996 1.2745
-1.6024999999999998 1.2745
3.28

IMD6d1+IMD6d2
4
-1.6024999999999998 1.2745
2.6914999999999996 1.2745
2.6914999999999996 1.4015
-1.6024999999999998 1.4015
2.65

IMD7a
4
-1.6024999999999998 1.4015
2.6914999999999996 1.4015
2.6914999999999996 1.4765
-1.6024999999999998 1.4765
5.2

IMD7b1+IMD7b2
4
-1.6024999999999998 1.4765
2.6914999999999996 1.4765
2.6914999999999996 2.9765
-1.6024999999999998 2.9765
4.2

IMD8a
4
-1.6024999999999998 2.9765
2.6914999999999996 2.9765
2.6914999999999996 3.0515
-1.6024999999999998 3.0515
5.2

IMD8b1+IMD8b2
4
-1.6024999999999998 3.0515
2.6914999999999996 3.0515
2.6914999999999996 4.5515
-1.6024999999999998 4.5515
4.2

PASS1
4
-1.6024999999999998 4.5515
2.6914999999999996 4.5515
2.6914999999999996 4.6265
-1.6024999999999998 4.6265
7.0

PASS2
4
-1.6024999999999998 4.6265
2.6914999999999996 4.6265
2.6914999999999996 5.0265
-1.6024999999999998 5.0265
4.2

PASS3
4
-1.6024999999999998 5.0265
2.6914999999999996 5.0265
2.6914999999999996 5.1015
-1.6024999999999998 5.1015
7.0

PASS4+PASS5
4
-1.6024999999999998 5.1015
2.6914999999999996 5.1015
2.6914999999999996 6.0515
-1.6024999999999998 6.0515
4.2

PASS6
4
-1.6024999999999998 6.0515
2.6914999999999996 6.0515
2.6914999999999996 6.6515
-1.6024999999999998 6.6515
7.0

air_Layer
4
-1.6024999999999998 6.6515
2.6914999999999996 6.6515
2.6914999999999996 6.9485
-1.6024999999999998 6.9485
1.0


4
-1.6024999999999998 0.001
2.6914999999999996 0.001
2.6914999999999996 6.9485
-1.6024999999999998 6.9485

