c1
4
-0.3525099999999999 0.5545
0.35251 0.5545
0.35849 0.6535
-0.35848999999999986 0.6535

5
botleft
4
-1.6024999999999998 -0.001
0 -0.001
0 0.001
-1.6024999999999998 0.001

botright
4
0 -0.001
1.9714999999999996 -0.001
1.9714999999999996 0.001
0 0.001

lEnv
4
-1.0995099999999998 0.5545
-0.3944899999999999 0.5545
-0.3885099999999999 0.6535
-1.1054899999999999 0.6535

c2
4
1.1864899999999998 0.5545
1.3065099999999996 0.5545
1.3124899999999997 0.6535
1.1805099999999997 0.6535

rEnv
4
1.3484899999999997 0.5545
1.4685099999999995 0.5545
1.4744899999999996 0.6535
1.3425099999999996 0.6535


57
IMD2d1_damage
4
-1.1089239999999998 0.5445
-0.3850759999999999 0.5445
-0.3844719999999999 0.5545
-1.1095279999999998 0.5545
3.1

IMD2d1_damage
4
-0.36192399999999986 0.5445
0.36192399999999997 0.5445
0.36252799999999996 0.5545
-0.36252799999999985 0.5545
3.1

IMD2d1_damage
4
1.1770759999999998 0.5445
1.3159239999999996 0.5445
1.3165279999999997 0.5545
1.1764719999999997 0.5545
3.1

IMD2d1_damage
4
1.3390759999999997 0.5445
1.4779239999999996 0.5445
1.4785279999999996 0.5545
1.3384719999999997 0.5545
3.1

IMD2d2_damage
4
-1.1045189999999998 0.5545
-1.0995099999999998 0.5545
-1.1054899999999999 0.6535
-1.110499 0.6535
2.9

IMD2d2_damage
4
-0.3944899999999999 0.5545
-0.3894809999999999 0.5545
-0.3835009999999999 0.6535
-0.3885099999999999 0.6535
2.9

IMD2d2_damage
4
-0.35751899999999986 0.5545
-0.3525099999999999 0.5545
-0.35848999999999986 0.6535
-0.36349899999999985 0.6535
2.9

IMD2d2_damage
4
0.35251 0.5545
0.357519 0.5545
0.36349899999999996 0.6535
0.35849 0.6535
2.9

IMD2d2_damage
4
1.1814809999999998 0.5545
1.1864899999999998 0.5545
1.1805099999999997 0.6535
1.1755009999999997 0.6535
2.9

IMD2d2_damage
4
1.3065099999999996 0.5545
1.3115189999999997 0.5545
1.3174989999999998 0.6535
1.3124899999999997 0.6535
2.9

IMD2d2_damage
4
1.3434809999999997 0.5545
1.3484899999999997 0.5545
1.3425099999999996 0.6535
1.3375009999999996 0.6535
2.9

IMD2d2_damage
4
1.4685099999999995 0.5545
1.4735189999999996 0.5545
1.4794989999999997 0.6535
1.4744899999999996 0.6535
2.9

IMD2d2
4
-1.6024999999999998 0.5545
-1.1045189999999998 0.5545
-1.110499 0.6535
-1.6024999999999998 0.6535
2.65

IMD2d2
4
-0.3894809999999999 0.5545
-0.35751899999999986 0.5545
-0.36349899999999985 0.6535
-0.3835009999999999 0.6535
2.65

IMD2d2
4
0.357519 0.5545
1.1814809999999998 0.5545
1.1755009999999997 0.6535
0.36349899999999996 0.6535
2.65

IMD2d2
4
1.3115189999999997 0.5545
1.3434809999999997 0.5545
1.3375009999999996 0.6535
1.3174989999999998 0.6535
2.65

IMD2d2
4
1.4735189999999996 0.5545
1.9714999999999996 0.5545
1.9714999999999996 0.6535
1.4794989999999997 0.6535
2.65

IMD2d1
4
-1.6024999999999998 0.5445
-1.1089239999999998 0.5445
-1.1095279999999998 0.5545
-1.6024999999999998 0.5545
2.65

IMD2d1
4
-0.3850759999999999 0.5445
-0.36192399999999986 0.5445
-0.36252799999999985 0.5545
-0.3844719999999999 0.5545
2.65

IMD2d1
4
0.36192399999999997 0.5445
1.1770759999999998 0.5445
1.1764719999999997 0.5545
0.36252799999999996 0.5545
2.65

IMD2d1
4
1.3159239999999996 0.5445
1.3390759999999997 0.5445
1.3384719999999997 0.5545
1.3165279999999997 0.5545
2.65

IMD2d1
4
1.4779239999999996 0.5445
1.9714999999999996 0.5445
1.9714999999999996 0.5545
1.4785279999999996 0.5545
2.65

IMD2d1
4
-1.6024999999999998 0.5265
1.9714999999999996 0.5265
1.9714999999999996 0.5445
-1.6024999999999998 0.5445
2.65

FOXA+FOXB+TOX
4
-1.6024999999999998 0.001
1.9714999999999996 0.001
1.9714999999999996 0.2665
-1.6024999999999998 0.2665
4.0

ILD1a
4
-1.6024999999999998 0.2665
1.9714999999999996 0.2665
1.9714999999999996 0.2765
-1.6024999999999998 0.2765
7.0

ILD1b1+ILD1b2+ILD1b3
4
-1.6024999999999998 0.2765
1.9714999999999996 0.2765
1.9714999999999996 0.3955
-1.6024999999999998 0.3955
4.0

IMD1a
4
-1.6024999999999998 0.3955
1.9714999999999996 0.3955
1.9714999999999996 0.4065
-1.6024999999999998 0.4065
5.2

IMD1b
4
-1.6024999999999998 0.4065
1.9714999999999996 0.4065
1.9714999999999996 0.4665
-1.6024999999999998 0.4665
2.8

IMD2a
4
-1.6024999999999998 0.4665
1.9714999999999996 0.4665
1.9714999999999996 0.4875
-1.6024999999999998 0.4875
5.2

IMD2b
4
-1.6024999999999998 0.4875
1.9714999999999996 0.4875
1.9714999999999996 0.5025
-1.6024999999999998 0.5025
4.2

IMD2c
4
-1.6024999999999998 0.5025
1.9714999999999996 0.5025
1.9714999999999996 0.5265
-1.6024999999999998 0.5265
3.28

IMD3a
4
-1.6024999999999998 0.6535
1.9714999999999996 0.6535
1.9714999999999996 0.6745
-1.6024999999999998 0.6745
5.2

IMD3b
4
-1.6024999999999998 0.6745
1.9714999999999996 0.6745
1.9714999999999996 0.6895
-1.6024999999999998 0.6895
4.2

IMD3c
4
-1.6024999999999998 0.6895
1.9714999999999996 0.6895
1.9714999999999996 0.7135
-1.6024999999999998 0.7135
3.28

IMD3d1+IMD3d2
4
-1.6024999999999998 0.7135
1.9714999999999996 0.7135
1.9714999999999996 0.8405
-1.6024999999999998 0.8405
2.65

IMD4a
4
-1.6024999999999998 0.8405
1.9714999999999996 0.8405
1.9714999999999996 0.8615
-1.6024999999999998 0.8615
5.2

IMD4b
4
-1.6024999999999998 0.8615
1.9714999999999996 0.8615
1.9714999999999996 0.8765
-1.6024999999999998 0.8765
4.2

IMD4c
4
-1.6024999999999998 0.8765
1.9714999999999996 0.8765
1.9714999999999996 0.9005
-1.6024999999999998 0.9005
3.28

IMD4d1+IMD4d2
4
-1.6024999999999998 0.9005
1.9714999999999996 0.9005
1.9714999999999996 1.0275
-1.6024999999999998 1.0275
2.65

IMD5a
4
-1.6024999999999998 1.0275
1.9714999999999996 1.0275
1.9714999999999996 1.0485
-1.6024999999999998 1.0485
5.2

IMD5b
4
-1.6024999999999998 1.0485
1.9714999999999996 1.0485
1.9714999999999996 1.0635
-1.6024999999999998 1.0635
4.2

IMD5c
4
-1.6024999999999998 1.0635
1.9714999999999996 1.0635
1.9714999999999996 1.0875
-1.6024999999999998 1.0875
3.28

IMD5d1+IMD5d2
4
-1.6024999999999998 1.0875
1.9714999999999996 1.0875
1.9714999999999996 1.2145
-1.6024999999999998 1.2145
2.65

IMD6a
4
-1.6024999999999998 1.2145
1.9714999999999996 1.2145
1.9714999999999996 1.2355
-1.6024999999999998 1.2355
5.2

IMD6b
4
-1.6024999999999998 1.2355
1.9714999999999996 1.2355
1.9714999999999996 1.2505
-1.6024999999999998 1.2505
4.2

IMD6c
4
-1.6024999999999998 1.2505
1.9714999999999996 1.2505
1.9714999999999996 1.2745
-1.6024999999999998 1.2745
3.28

IMD6d1+IMD6d2
4
-1.6024999999999998 1.2745
1.9714999999999996 1.2745
1.9714999999999996 1.4015
-1.6024999999999998 1.4015
2.65

IMD7a
4
-1.6024999999999998 1.4015
1.9714999999999996 1.4015
1.9714999999999996 1.4765
-1.6024999999999998 1.4765
5.2

IMD7b1+IMD7b2
4
-1.6024999999999998 1.4765
1.9714999999999996 1.4765
1.9714999999999996 2.9765
-1.6024999999999998 2.9765
4.2

IMD8a
4
-1.6024999999999998 2.9765
1.9714999999999996 2.9765
1.9714999999999996 3.0515
-1.6024999999999998 3.0515
5.2

IMD8b1+IMD8b2
4
-1.6024999999999998 3.0515
1.9714999999999996 3.0515
1.9714999999999996 4.5515
-1.6024999999999998 4.5515
4.2

PASS1
4
-1.6024999999999998 4.5515
1.9714999999999996 4.5515
1.9714999999999996 4.6265
-1.6024999999999998 4.6265
7.0

PASS2
4
-1.6024999999999998 4.6265
1.9714999999999996 4.6265
1.9714999999999996 5.0265
-1.6024999999999998 5.0265
4.2

PASS3
4
-1.6024999999999998 5.0265
1.9714999999999996 5.0265
1.9714999999999996 5.1015
-1.6024999999999998 5.1015
7.0

PASS4+PASS5
4
-1.6024999999999998 5.1015
1.9714999999999996 5.1015
1.9714999999999996 6.0515
-1.6024999999999998 6.0515
4.2

PASS6
4
-1.6024999999999998 6.0515
1.9714999999999996 6.0515
1.9714999999999996 6.6515
-1.6024999999999998 6.6515
7.0

air_Layer
4
-1.6024999999999998 6.6515
1.9714999999999996 6.6515
1.9714999999999996 6.9485
-1.6024999999999998 6.9485
1.0


4
-1.6024999999999998 0.001
1.9714999999999996 0.001
1.9714999999999996 6.9485
-1.6024999999999998 6.9485

