c1
4
-0.14842 0.37050000000000005
0.14842 0.37050000000000005
0.15758 0.4665
-0.15758 0.4665

5
botleft
4
-0.995 -0.001
0 -0.001
0 0.001
-0.995 0.001

botright
4
0 -0.001
0.869 -0.001
0.869 0.001
0 0.001

lEnv
4
-0.49041999999999997 0.37050000000000005
-0.19357999999999997 0.37050000000000005
-0.18441999999999997 0.4665
-0.49957999999999997 0.4665

c2
4
0.26558000000000004 0.37050000000000005
0.29242 0.37050000000000005
0.30158 0.4665
0.25642000000000004 0.4665

rEnv
4
0.33758 0.37050000000000005
0.36441999999999997 0.37050000000000005
0.37357999999999997 0.4665
0.32842 0.4665


48
IMD1b
4
-0.995 0.40650000000000003
-0.493855 0.40650000000000003
-0.49957999999999997 0.4665
-0.995 0.4665
2.8

IMD1b
4
-0.19014499999999998 0.40650000000000003
-0.151855 0.40650000000000003
-0.15758 0.4665
-0.18441999999999997 0.4665
2.8

IMD1b
4
0.151855 0.40650000000000003
0.262145 0.40650000000000003
0.25642000000000004 0.4665
0.15758 0.4665
2.8

IMD1b
4
0.29585500000000003 0.40650000000000003
0.33414499999999997 0.40650000000000003
0.32842 0.4665
0.30158 0.4665
2.8

IMD1b
4
0.367855 0.40650000000000003
0.869 0.40650000000000003
0.869 0.4665
0.37357999999999997 0.4665
2.8

IMD1a
4
-0.995 0.3955
-0.49280541666666666 0.3955
-0.493855 0.40650000000000003
-0.995 0.40650000000000003
5.2

IMD1a
4
-0.1911945833333333 0.3955
-0.15080541666666666 0.3955
-0.151855 0.40650000000000003
-0.19014499999999998 0.40650000000000003
5.2

IMD1a
4
0.15080541666666666 0.3955
0.26319458333333334 0.3955
0.262145 0.40650000000000003
0.151855 0.40650000000000003
5.2

IMD1a
4
0.2948054166666667 0.3955
0.3351945833333333 0.3955
0.33414499999999997 0.40650000000000003
0.29585500000000003 0.40650000000000003
5.2

IMD1a
4
0.36680541666666666 0.3955
0.869 0.3955
0.869 0.40650000000000003
0.367855 0.40650000000000003
5.2

ILD1b3
4
-0.995 0.37050000000000005
-0.49041999999999997 0.37050000000000005
-0.49280541666666666 0.3955
-0.995 0.3955
4

ILD1b3
4
-0.19357999999999997 0.37050000000000005
-0.14842 0.37050000000000005
-0.15080541666666666 0.3955
-0.1911945833333333 0.3955
4

ILD1b3
4
0.14842 0.37050000000000005
0.26558000000000004 0.37050000000000005
0.26319458333333334 0.3955
0.15080541666666666 0.3955
4

ILD1b3
4
0.29242 0.37050000000000005
0.33758 0.37050000000000005
0.3351945833333333 0.3955
0.2948054166666667 0.3955
4

ILD1b3
4
0.36441999999999997 0.37050000000000005
0.869 0.37050000000000005
0.869 0.3955
0.36680541666666666 0.3955
4

ILD1b1+ILD1b2
4
-0.995 0.2765
0.869 0.2765
0.869 0.37050000000000005
-0.995 0.37050000000000005
4

FOXA+FOXB+TOX
4
-0.995 0.001
0.869 0.001
0.869 0.2665
-0.995 0.2665
4.0

ILD1a
4
-0.995 0.2665
0.869 0.2665
0.869 0.2765
-0.995 0.2765
7.0

IMD2a
4
-0.995 0.4665
0.869 0.4665
0.869 0.4875
-0.995 0.4875
5.2

IMD2b
4
-0.995 0.4875
0.869 0.4875
0.869 0.5025
-0.995 0.5025
4.2

IMD2c
4
-0.995 0.5025
0.869 0.5025
0.869 0.5265
-0.995 0.5265
3.28

IMD2d1+IMD2d2
4
-0.995 0.5265
0.869 0.5265
0.869 0.6535
-0.995 0.6535
2.65

IMD3a
4
-0.995 0.6535
0.869 0.6535
0.869 0.6745
-0.995 0.6745
5.2

IMD3b
4
-0.995 0.6745
0.869 0.6745
0.869 0.6895
-0.995 0.6895
4.2

IMD3c
4
-0.995 0.6895
0.869 0.6895
0.869 0.7135
-0.995 0.7135
3.28

IMD3d1+IMD3d2
4
-0.995 0.7135
0.869 0.7135
0.869 0.8405
-0.995 0.8405
2.65

IMD4a
4
-0.995 0.8405
0.869 0.8405
0.869 0.8615
-0.995 0.8615
5.2

IMD4b
4
-0.995 0.8615
0.869 0.8615
0.869 0.8765
-0.995 0.8765
4.2

IMD4c
4
-0.995 0.8765
0.869 0.8765
0.869 0.9005
-0.995 0.9005
3.28

IMD4d1+IMD4d2
4
-0.995 0.9005
0.869 0.9005
0.869 1.0275
-0.995 1.0275
2.65

IMD5a
4
-0.995 1.0275
0.869 1.0275
0.869 1.0485
-0.995 1.0485
5.2

IMD5b
4
-0.995 1.0485
0.869 1.0485
0.869 1.0635
-0.995 1.0635
4.2

IMD5c
4
-0.995 1.0635
0.869 1.0635
0.869 1.0875
-0.995 1.0875
3.28

IMD5d1+IMD5d2
4
-0.995 1.0875
0.869 1.0875
0.869 1.2145
-0.995 1.2145
2.65

IMD6a
4
-0.995 1.2145
0.869 1.2145
0.869 1.2355
-0.995 1.2355
5.2

IMD6b
4
-0.995 1.2355
0.869 1.2355
0.869 1.2505
-0.995 1.2505
4.2

IMD6c
4
-0.995 1.2505
0.869 1.2505
0.869 1.2745
-0.995 1.2745
3.28

IMD6d1+IMD6d2
4
-0.995 1.2745
0.869 1.2745
0.869 1.4015
-0.995 1.4015
2.65

IMD7a
4
-0.995 1.4015
0.869 1.4015
0.869 1.4765
-0.995 1.4765
5.2

IMD7b1+IMD7b2
4
-0.995 1.4765
0.869 1.4765
0.869 2.9765
-0.995 2.9765
4.2

IMD8a
4
-0.995 2.9765
0.869 2.9765
0.869 3.0515
-0.995 3.0515
5.2

IMD8b1+IMD8b2
4
-0.995 3.0515
0.869 3.0515
0.869 4.5515
-0.995 4.5515
4.2

PASS1
4
-0.995 4.5515
0.869 4.5515
0.869 4.6265
-0.995 4.6265
7.0

PASS2
4
-0.995 4.6265
0.869 4.6265
0.869 5.0265
-0.995 5.0265
4.2

PASS3
4
-0.995 5.0265
0.869 5.0265
0.869 5.1015
-0.995 5.1015
7.0

PASS4+PASS5
4
-0.995 5.1015
0.869 5.1015
0.869 6.0515
-0.995 6.0515
4.2

PASS6
4
-0.995 6.0515
0.869 6.0515
0.869 6.6515
-0.995 6.6515
7.0

air_Layer
4
-0.995 6.6515
0.869 6.6515
0.869 6.9485
-0.995 6.9485
1.0


4
-0.995 0.001
0.869 0.001
0.869 6.9485
-0.995 6.9485

