c1
4
-0.35251 1.3025
0.35251 1.3025
0.35849 1.4015
-0.35849 1.4015

5
botleft
4
-1.9625 -0.001
0 -0.001
0 0.001
-1.9625 0.001

botright
4
0 -0.001
2.5565000000000007 -0.001
2.5565000000000007 0.001
0 0.001

lEnv
4
-1.4595099999999999 1.3025
-0.75449 1.3025
-0.74851 1.4015
-1.46549 1.4015

c2
4
1.0514900000000003 1.3025
1.3515100000000002 1.3025
1.3574900000000003 1.4015
1.0455100000000002 1.4015

rEnv
4
1.7534900000000002 1.3025
2.05351 1.3025
2.0594900000000003 1.4015
1.7475100000000001 1.4015


57
IMD6d1_damage
4
-1.468924 1.2925
-0.7450760000000001 1.2925
-0.744472 1.3025
-1.469528 1.3025
3.1

IMD6d1_damage
4
-0.36192399999999997 1.2925
0.36192399999999997 1.2925
0.36252799999999996 1.3025
-0.36252799999999996 1.3025
3.1

IMD6d1_damage
4
1.0420760000000002 1.2925
1.3609240000000002 1.2925
1.3615280000000003 1.3025
1.0414720000000002 1.3025
3.1

IMD6d1_damage
4
1.7440760000000002 1.2925
2.062924 1.2925
2.0635280000000003 1.3025
1.7434720000000001 1.3025
3.1

IMD6d2_damage
4
-1.464519 1.3025
-1.4595099999999999 1.3025
-1.46549 1.4015
-1.470499 1.4015
2.9

IMD6d2_damage
4
-0.75449 1.3025
-0.749481 1.3025
-0.743501 1.4015
-0.74851 1.4015
2.9

IMD6d2_damage
4
-0.357519 1.3025
-0.35251 1.3025
-0.35849 1.4015
-0.36349899999999996 1.4015
2.9

IMD6d2_damage
4
0.35251 1.3025
0.357519 1.3025
0.36349899999999996 1.4015
0.35849 1.4015
2.9

IMD6d2_damage
4
1.0464810000000002 1.3025
1.0514900000000003 1.3025
1.0455100000000002 1.4015
1.0405010000000001 1.4015
2.9

IMD6d2_damage
4
1.3515100000000002 1.3025
1.3565190000000003 1.3025
1.3624990000000003 1.4015
1.3574900000000003 1.4015
2.9

IMD6d2_damage
4
1.7484810000000002 1.3025
1.7534900000000002 1.3025
1.7475100000000001 1.4015
1.742501 1.4015
2.9

IMD6d2_damage
4
2.05351 1.3025
2.058519 1.3025
2.064499 1.4015
2.0594900000000003 1.4015
2.9

IMD6d2
4
-1.9625 1.3025
-1.464519 1.3025
-1.470499 1.4015
-1.9625 1.4015
2.65

IMD6d2
4
-0.749481 1.3025
-0.357519 1.3025
-0.36349899999999996 1.4015
-0.743501 1.4015
2.65

IMD6d2
4
0.357519 1.3025
1.0464810000000002 1.3025
1.0405010000000001 1.4015
0.36349899999999996 1.4015
2.65

IMD6d2
4
1.3565190000000003 1.3025
1.7484810000000002 1.3025
1.742501 1.4015
1.3624990000000003 1.4015
2.65

IMD6d2
4
2.058519 1.3025
2.5565000000000007 1.3025
2.5565000000000007 1.4015
2.064499 1.4015
2.65

IMD6d1
4
-1.9625 1.2925
-1.468924 1.2925
-1.469528 1.3025
-1.9625 1.3025
2.65

IMD6d1
4
-0.7450760000000001 1.2925
-0.36192399999999997 1.2925
-0.36252799999999996 1.3025
-0.744472 1.3025
2.65

IMD6d1
4
0.36192399999999997 1.2925
1.0420760000000002 1.2925
1.0414720000000002 1.3025
0.36252799999999996 1.3025
2.65

IMD6d1
4
1.3609240000000002 1.2925
1.7440760000000002 1.2925
1.7434720000000001 1.3025
1.3615280000000003 1.3025
2.65

IMD6d1
4
2.062924 1.2925
2.5565000000000007 1.2925
2.5565000000000007 1.3025
2.0635280000000003 1.3025
2.65

IMD6d1
4
-1.9625 1.2745
2.5565000000000007 1.2745
2.5565000000000007 1.2925
-1.9625 1.2925
2.65

FOXA+FOXB+TOX
4
-1.9625 0.001
2.5565000000000007 0.001
2.5565000000000007 0.2665
-1.9625 0.2665
4.0

ILD1a
4
-1.9625 0.2665
2.5565000000000007 0.2665
2.5565000000000007 0.2765
-1.9625 0.2765
7.0

ILD1b1+ILD1b2+ILD1b3
4
-1.9625 0.2765
2.5565000000000007 0.2765
2.5565000000000007 0.3955
-1.9625 0.3955
4.0

IMD1a
4
-1.9625 0.3955
2.5565000000000007 0.3955
2.5565000000000007 0.4065
-1.9625 0.4065
5.2

IMD1b
4
-1.9625 0.4065
2.5565000000000007 0.4065
2.5565000000000007 0.4665
-1.9625 0.4665
2.8

IMD2a
4
-1.9625 0.4665
2.5565000000000007 0.4665
2.5565000000000007 0.4875
-1.9625 0.4875
5.2

IMD2b
4
-1.9625 0.4875
2.5565000000000007 0.4875
2.5565000000000007 0.5025
-1.9625 0.5025
4.2

IMD2c
4
-1.9625 0.5025
2.5565000000000007 0.5025
2.5565000000000007 0.5265
-1.9625 0.5265
3.28

IMD2d1+IMD2d2
4
-1.9625 0.5265
2.5565000000000007 0.5265
2.5565000000000007 0.6535
-1.9625 0.6535
2.65

IMD3a
4
-1.9625 0.6535
2.5565000000000007 0.6535
2.5565000000000007 0.6745
-1.9625 0.6745
5.2

IMD3b
4
-1.9625 0.6745
2.5565000000000007 0.6745
2.5565000000000007 0.6895
-1.9625 0.6895
4.2

IMD3c
4
-1.9625 0.6895
2.5565000000000007 0.6895
2.5565000000000007 0.7135
-1.9625 0.7135
3.28

IMD3d1+IMD3d2
4
-1.9625 0.7135
2.5565000000000007 0.7135
2.5565000000000007 0.8405
-1.9625 0.8405
2.65

IMD4a
4
-1.9625 0.8405
2.5565000000000007 0.8405
2.5565000000000007 0.8615
-1.9625 0.8615
5.2

IMD4b
4
-1.9625 0.8615
2.5565000000000007 0.8615
2.5565000000000007 0.8765
-1.9625 0.8765
4.2

IMD4c
4
-1.9625 0.8765
2.5565000000000007 0.8765
2.5565000000000007 0.9005
-1.9625 0.9005
3.28

IMD4d1+IMD4d2
4
-1.9625 0.9005
2.5565000000000007 0.9005
2.5565000000000007 1.0275
-1.9625 1.0275
2.65

IMD5a
4
-1.9625 1.0275
2.5565000000000007 1.0275
2.5565000000000007 1.0485
-1.9625 1.0485
5.2

IMD5b
4
-1.9625 1.0485
2.5565000000000007 1.0485
2.5565000000000007 1.0635
-1.9625 1.0635
4.2

IMD5c
4
-1.9625 1.0635
2.5565000000000007 1.0635
2.5565000000000007 1.0875
-1.9625 1.0875
3.28

IMD5d1+IMD5d2
4
-1.9625 1.0875
2.5565000000000007 1.0875
2.5565000000000007 1.2145
-1.9625 1.2145
2.65

IMD6a
4
-1.9625 1.2145
2.5565000000000007 1.2145
2.5565000000000007 1.2355
-1.9625 1.2355
5.2

IMD6b
4
-1.9625 1.2355
2.5565000000000007 1.2355
2.5565000000000007 1.2505
-1.9625 1.2505
4.2

IMD6c
4
-1.9625 1.2505
2.5565000000000007 1.2505
2.5565000000000007 1.2745
-1.9625 1.2745
3.28

IMD7a
4
-1.9625 1.4015
2.5565000000000007 1.4015
2.5565000000000007 1.4765
-1.9625 1.4765
5.2

IMD7b1+IMD7b2
4
-1.9625 1.4765
2.5565000000000007 1.4765
2.5565000000000007 2.9765
-1.9625 2.9765
4.2

IMD8a
4
-1.9625 2.9765
2.5565000000000007 2.9765
2.5565000000000007 3.0515
-1.9625 3.0515
5.2

IMD8b1+IMD8b2
4
-1.9625 3.0515
2.5565000000000007 3.0515
2.5565000000000007 4.5515
-1.9625 4.5515
4.2

PASS1
4
-1.9625 4.5515
2.5565000000000007 4.5515
2.5565000000000007 4.6265
-1.9625 4.6265
7.0

PASS2
4
-1.9625 4.6265
2.5565000000000007 4.6265
2.5565000000000007 5.0265
-1.9625 5.0265
4.2

PASS3
4
-1.9625 5.0265
2.5565000000000007 5.0265
2.5565000000000007 5.1015
-1.9625 5.1015
7.0

PASS4+PASS5
4
-1.9625 5.1015
2.5565000000000007 5.1015
2.5565000000000007 6.0515
-1.9625 6.0515
4.2

PASS6
4
-1.9625 6.0515
2.5565000000000007 6.0515
2.5565000000000007 6.6515
-1.9625 6.6515
7.0

air_Layer
4
-1.9625 6.6515
2.5565000000000007 6.6515
2.5565000000000007 6.9485
-1.9625 6.9485
1.0


4
-1.9625 0.001
2.5565000000000007 0.001
2.5565000000000007 6.9485
-1.9625 6.9485

