c1
4
-0.10501000000000003 0.5545
0.10501000000000003 0.5545
0.11099000000000003 0.6535
-0.11099000000000003 0.6535

5
botleft
4
-1.2200000000000002 -0.001
0 -0.001
0 0.001
-1.2200000000000002 0.001

botright
4
0 -0.001
1.859 -0.001
1.859 0.001
0 0.001

lEnv
4
-0.7170100000000001 0.5545
-0.5069900000000002 0.5545
-0.5010100000000002 0.6535
-0.7229900000000001 0.6535

c2
4
0.35399 0.5545
0.65401 0.5545
0.65999 0.6535
0.34801000000000004 0.6535

rEnv
4
1.05599 0.5545
1.35601 0.5545
1.36199 0.6535
1.0500099999999999 0.6535


57
IMD2d1_damage
4
-0.7264240000000001 0.5445
-0.4975760000000002 0.5445
-0.4969720000000002 0.5545
-0.7270280000000001 0.5545
3.1

IMD2d1_damage
4
-0.11442400000000004 0.5445
0.11442400000000004 0.5445
0.11502800000000003 0.5545
-0.11502800000000003 0.5545
3.1

IMD2d1_damage
4
0.34457600000000005 0.5445
0.6634239999999999 0.5445
0.664028 0.5545
0.34397200000000006 0.5545
3.1

IMD2d1_damage
4
1.046576 0.5445
1.365424 0.5445
1.366028 0.5545
1.045972 0.5545
3.1

IMD2d2_damage
4
-0.7220190000000002 0.5545
-0.7170100000000001 0.5545
-0.7229900000000001 0.6535
-0.7279990000000002 0.6535
2.9

IMD2d2_damage
4
-0.5069900000000002 0.5545
-0.5019810000000001 0.5545
-0.4960010000000002 0.6535
-0.5010100000000002 0.6535
2.9

IMD2d2_damage
4
-0.11001900000000003 0.5545
-0.10501000000000003 0.5545
-0.11099000000000003 0.6535
-0.11599900000000003 0.6535
2.9

IMD2d2_damage
4
0.10501000000000003 0.5545
0.11001900000000003 0.5545
0.11599900000000003 0.6535
0.11099000000000003 0.6535
2.9

IMD2d2_damage
4
0.34898100000000004 0.5545
0.35399 0.5545
0.34801000000000004 0.6535
0.34300100000000006 0.6535
2.9

IMD2d2_damage
4
0.65401 0.5545
0.659019 0.5545
0.664999 0.6535
0.65999 0.6535
2.9

IMD2d2_damage
4
1.050981 0.5545
1.05599 0.5545
1.0500099999999999 0.6535
1.0450009999999998 0.6535
2.9

IMD2d2_damage
4
1.35601 0.5545
1.361019 0.5545
1.366999 0.6535
1.36199 0.6535
2.9

IMD2d2
4
-1.2200000000000002 0.5545
-0.7220190000000002 0.5545
-0.7279990000000002 0.6535
-1.2200000000000002 0.6535
2.65

IMD2d2
4
-0.5019810000000001 0.5545
-0.11001900000000003 0.5545
-0.11599900000000003 0.6535
-0.4960010000000002 0.6535
2.65

IMD2d2
4
0.11001900000000003 0.5545
0.34898100000000004 0.5545
0.34300100000000006 0.6535
0.11599900000000003 0.6535
2.65

IMD2d2
4
0.659019 0.5545
1.050981 0.5545
1.0450009999999998 0.6535
0.664999 0.6535
2.65

IMD2d2
4
1.361019 0.5545
1.859 0.5545
1.859 0.6535
1.366999 0.6535
2.65

IMD2d1
4
-1.2200000000000002 0.5445
-0.7264240000000001 0.5445
-0.7270280000000001 0.5545
-1.2200000000000002 0.5545
2.65

IMD2d1
4
-0.4975760000000002 0.5445
-0.11442400000000004 0.5445
-0.11502800000000003 0.5545
-0.4969720000000002 0.5545
2.65

IMD2d1
4
0.11442400000000004 0.5445
0.34457600000000005 0.5445
0.34397200000000006 0.5545
0.11502800000000003 0.5545
2.65

IMD2d1
4
0.6634239999999999 0.5445
1.046576 0.5445
1.045972 0.5545
0.664028 0.5545
2.65

IMD2d1
4
1.365424 0.5445
1.859 0.5445
1.859 0.5545
1.366028 0.5545
2.65

IMD2d1
4
-1.2200000000000002 0.5265
1.859 0.5265
1.859 0.5445
-1.2200000000000002 0.5445
2.65

FOXA+FOXB+TOX
4
-1.2200000000000002 0.001
1.859 0.001
1.859 0.2665
-1.2200000000000002 0.2665
4.0

ILD1a
4
-1.2200000000000002 0.2665
1.859 0.2665
1.859 0.2765
-1.2200000000000002 0.2765
7.0

ILD1b1+ILD1b2+ILD1b3
4
-1.2200000000000002 0.2765
1.859 0.2765
1.859 0.3955
-1.2200000000000002 0.3955
4.0

IMD1a
4
-1.2200000000000002 0.3955
1.859 0.3955
1.859 0.4065
-1.2200000000000002 0.4065
5.2

IMD1b
4
-1.2200000000000002 0.4065
1.859 0.4065
1.859 0.4665
-1.2200000000000002 0.4665
2.8

IMD2a
4
-1.2200000000000002 0.4665
1.859 0.4665
1.859 0.4875
-1.2200000000000002 0.4875
5.2

IMD2b
4
-1.2200000000000002 0.4875
1.859 0.4875
1.859 0.5025
-1.2200000000000002 0.5025
4.2

IMD2c
4
-1.2200000000000002 0.5025
1.859 0.5025
1.859 0.5265
-1.2200000000000002 0.5265
3.28

IMD3a
4
-1.2200000000000002 0.6535
1.859 0.6535
1.859 0.6745
-1.2200000000000002 0.6745
5.2

IMD3b
4
-1.2200000000000002 0.6745
1.859 0.6745
1.859 0.6895
-1.2200000000000002 0.6895
4.2

IMD3c
4
-1.2200000000000002 0.6895
1.859 0.6895
1.859 0.7135
-1.2200000000000002 0.7135
3.28

IMD3d1+IMD3d2
4
-1.2200000000000002 0.7135
1.859 0.7135
1.859 0.8405
-1.2200000000000002 0.8405
2.65

IMD4a
4
-1.2200000000000002 0.8405
1.859 0.8405
1.859 0.8615
-1.2200000000000002 0.8615
5.2

IMD4b
4
-1.2200000000000002 0.8615
1.859 0.8615
1.859 0.8765
-1.2200000000000002 0.8765
4.2

IMD4c
4
-1.2200000000000002 0.8765
1.859 0.8765
1.859 0.9005
-1.2200000000000002 0.9005
3.28

IMD4d1+IMD4d2
4
-1.2200000000000002 0.9005
1.859 0.9005
1.859 1.0275
-1.2200000000000002 1.0275
2.65

IMD5a
4
-1.2200000000000002 1.0275
1.859 1.0275
1.859 1.0485
-1.2200000000000002 1.0485
5.2

IMD5b
4
-1.2200000000000002 1.0485
1.859 1.0485
1.859 1.0635
-1.2200000000000002 1.0635
4.2

IMD5c
4
-1.2200000000000002 1.0635
1.859 1.0635
1.859 1.0875
-1.2200000000000002 1.0875
3.28

IMD5d1+IMD5d2
4
-1.2200000000000002 1.0875
1.859 1.0875
1.859 1.2145
-1.2200000000000002 1.2145
2.65

IMD6a
4
-1.2200000000000002 1.2145
1.859 1.2145
1.859 1.2355
-1.2200000000000002 1.2355
5.2

IMD6b
4
-1.2200000000000002 1.2355
1.859 1.2355
1.859 1.2505
-1.2200000000000002 1.2505
4.2

IMD6c
4
-1.2200000000000002 1.2505
1.859 1.2505
1.859 1.2745
-1.2200000000000002 1.2745
3.28

IMD6d1+IMD6d2
4
-1.2200000000000002 1.2745
1.859 1.2745
1.859 1.4015
-1.2200000000000002 1.4015
2.65

IMD7a
4
-1.2200000000000002 1.4015
1.859 1.4015
1.859 1.4765
-1.2200000000000002 1.4765
5.2

IMD7b1+IMD7b2
4
-1.2200000000000002 1.4765
1.859 1.4765
1.859 2.9765
-1.2200000000000002 2.9765
4.2

IMD8a
4
-1.2200000000000002 2.9765
1.859 2.9765
1.859 3.0515
-1.2200000000000002 3.0515
5.2

IMD8b1+IMD8b2
4
-1.2200000000000002 3.0515
1.859 3.0515
1.859 4.5515
-1.2200000000000002 4.5515
4.2

PASS1
4
-1.2200000000000002 4.5515
1.859 4.5515
1.859 4.6265
-1.2200000000000002 4.6265
7.0

PASS2
4
-1.2200000000000002 4.6265
1.859 4.6265
1.859 5.0265
-1.2200000000000002 5.0265
4.2

PASS3
4
-1.2200000000000002 5.0265
1.859 5.0265
1.859 5.1015
-1.2200000000000002 5.1015
7.0

PASS4+PASS5
4
-1.2200000000000002 5.1015
1.859 5.1015
1.859 6.0515
-1.2200000000000002 6.0515
4.2

PASS6
4
-1.2200000000000002 6.0515
1.859 6.0515
1.859 6.6515
-1.2200000000000002 6.6515
7.0

air_Layer
4
-1.2200000000000002 6.6515
1.859 6.6515
1.859 6.9485
-1.2200000000000002 6.9485
1.0


4
-1.2200000000000002 0.001
1.859 0.001
1.859 6.9485
-1.2200000000000002 6.9485

