c1
4
-0.14842 0.37050000000000005
0.14842 0.37050000000000005
0.15758 0.4665
-0.15758 0.4665

5
botleft
4
-0.995 -0.001
0 -0.001
0 0.001
-0.995 0.001

botright
4
0 -0.001
3.2089999999999996 -0.001
3.2089999999999996 0.001
0 0.001

lEnv
4
-0.49041999999999997 0.37050000000000005
-0.19357999999999997 0.37050000000000005
-0.18441999999999997 0.4665
-0.49957999999999997 0.4665

c2
4
0.98558 0.37050000000000005
1.8224199999999997 0.37050000000000005
1.8315799999999998 0.4665
0.9764200000000001 0.4665

rEnv
4
1.8675799999999998 0.37050000000000005
2.7044199999999994 0.37050000000000005
2.7135799999999994 0.4665
1.8584199999999997 0.4665


48
IMD1b
4
-0.995 0.40650000000000003
-0.493855 0.40650000000000003
-0.49957999999999997 0.4665
-0.995 0.4665
2.8

IMD1b
4
-0.19014499999999998 0.40650000000000003
-0.151855 0.40650000000000003
-0.15758 0.4665
-0.18441999999999997 0.4665
2.8

IMD1b
4
0.151855 0.40650000000000003
0.982145 0.40650000000000003
0.9764200000000001 0.4665
0.15758 0.4665
2.8

IMD1b
4
1.8258549999999998 0.40650000000000003
1.8641449999999997 0.40650000000000003
1.8584199999999997 0.4665
1.8315799999999998 0.4665
2.8

IMD1b
4
2.7078549999999995 0.40650000000000003
3.2089999999999996 0.40650000000000003
3.2089999999999996 0.4665
2.7135799999999994 0.4665
2.8

IMD1a
4
-0.995 0.3955
-0.49280541666666666 0.3955
-0.493855 0.40650000000000003
-0.995 0.40650000000000003
5.2

IMD1a
4
-0.1911945833333333 0.3955
-0.15080541666666666 0.3955
-0.151855 0.40650000000000003
-0.19014499999999998 0.40650000000000003
5.2

IMD1a
4
0.15080541666666666 0.3955
0.9831945833333334 0.3955
0.982145 0.40650000000000003
0.151855 0.40650000000000003
5.2

IMD1a
4
1.8248054166666665 0.3955
1.865194583333333 0.3955
1.8641449999999997 0.40650000000000003
1.8258549999999998 0.40650000000000003
5.2

IMD1a
4
2.706805416666666 0.3955
3.2089999999999996 0.3955
3.2089999999999996 0.40650000000000003
2.7078549999999995 0.40650000000000003
5.2

ILD1b3
4
-0.995 0.37050000000000005
-0.49041999999999997 0.37050000000000005
-0.49280541666666666 0.3955
-0.995 0.3955
4

ILD1b3
4
-0.19357999999999997 0.37050000000000005
-0.14842 0.37050000000000005
-0.15080541666666666 0.3955
-0.1911945833333333 0.3955
4

ILD1b3
4
0.14842 0.37050000000000005
0.98558 0.37050000000000005
0.9831945833333334 0.3955
0.15080541666666666 0.3955
4

ILD1b3
4
1.8224199999999997 0.37050000000000005
1.8675799999999998 0.37050000000000005
1.865194583333333 0.3955
1.8248054166666665 0.3955
4

ILD1b3
4
2.7044199999999994 0.37050000000000005
3.2089999999999996 0.37050000000000005
3.2089999999999996 0.3955
2.706805416666666 0.3955
4

ILD1b1+ILD1b2
4
-0.995 0.2765
3.2089999999999996 0.2765
3.2089999999999996 0.37050000000000005
-0.995 0.37050000000000005
4

FOXA+FOXB+TOX
4
-0.995 0.001
3.2089999999999996 0.001
3.2089999999999996 0.2665
-0.995 0.2665
4.0

ILD1a
4
-0.995 0.2665
3.2089999999999996 0.2665
3.2089999999999996 0.2765
-0.995 0.2765
7.0

IMD2a
4
-0.995 0.4665
3.2089999999999996 0.4665
3.2089999999999996 0.4875
-0.995 0.4875
5.2

IMD2b
4
-0.995 0.4875
3.2089999999999996 0.4875
3.2089999999999996 0.5025
-0.995 0.5025
4.2

IMD2c
4
-0.995 0.5025
3.2089999999999996 0.5025
3.2089999999999996 0.5265
-0.995 0.5265
3.28

IMD2d1+IMD2d2
4
-0.995 0.5265
3.2089999999999996 0.5265
3.2089999999999996 0.6535
-0.995 0.6535
2.65

IMD3a
4
-0.995 0.6535
3.2089999999999996 0.6535
3.2089999999999996 0.6745
-0.995 0.6745
5.2

IMD3b
4
-0.995 0.6745
3.2089999999999996 0.6745
3.2089999999999996 0.6895
-0.995 0.6895
4.2

IMD3c
4
-0.995 0.6895
3.2089999999999996 0.6895
3.2089999999999996 0.7135
-0.995 0.7135
3.28

IMD3d1+IMD3d2
4
-0.995 0.7135
3.2089999999999996 0.7135
3.2089999999999996 0.8405
-0.995 0.8405
2.65

IMD4a
4
-0.995 0.8405
3.2089999999999996 0.8405
3.2089999999999996 0.8615
-0.995 0.8615
5.2

IMD4b
4
-0.995 0.8615
3.2089999999999996 0.8615
3.2089999999999996 0.8765
-0.995 0.8765
4.2

IMD4c
4
-0.995 0.8765
3.2089999999999996 0.8765
3.2089999999999996 0.9005
-0.995 0.9005
3.28

IMD4d1+IMD4d2
4
-0.995 0.9005
3.2089999999999996 0.9005
3.2089999999999996 1.0275
-0.995 1.0275
2.65

IMD5a
4
-0.995 1.0275
3.2089999999999996 1.0275
3.2089999999999996 1.0485
-0.995 1.0485
5.2

IMD5b
4
-0.995 1.0485
3.2089999999999996 1.0485
3.2089999999999996 1.0635
-0.995 1.0635
4.2

IMD5c
4
-0.995 1.0635
3.2089999999999996 1.0635
3.2089999999999996 1.0875
-0.995 1.0875
3.28

IMD5d1+IMD5d2
4
-0.995 1.0875
3.2089999999999996 1.0875
3.2089999999999996 1.2145
-0.995 1.2145
2.65

IMD6a
4
-0.995 1.2145
3.2089999999999996 1.2145
3.2089999999999996 1.2355
-0.995 1.2355
5.2

IMD6b
4
-0.995 1.2355
3.2089999999999996 1.2355
3.2089999999999996 1.2505
-0.995 1.2505
4.2

IMD6c
4
-0.995 1.2505
3.2089999999999996 1.2505
3.2089999999999996 1.2745
-0.995 1.2745
3.28

IMD6d1+IMD6d2
4
-0.995 1.2745
3.2089999999999996 1.2745
3.2089999999999996 1.4015
-0.995 1.4015
2.65

IMD7a
4
-0.995 1.4015
3.2089999999999996 1.4015
3.2089999999999996 1.4765
-0.995 1.4765
5.2

IMD7b1+IMD7b2
4
-0.995 1.4765
3.2089999999999996 1.4765
3.2089999999999996 2.9765
-0.995 2.9765
4.2

IMD8a
4
-0.995 2.9765
3.2089999999999996 2.9765
3.2089999999999996 3.0515
-0.995 3.0515
5.2

IMD8b1+IMD8b2
4
-0.995 3.0515
3.2089999999999996 3.0515
3.2089999999999996 4.5515
-0.995 4.5515
4.2

PASS1
4
-0.995 4.5515
3.2089999999999996 4.5515
3.2089999999999996 4.6265
-0.995 4.6265
7.0

PASS2
4
-0.995 4.6265
3.2089999999999996 4.6265
3.2089999999999996 5.0265
-0.995 5.0265
4.2

PASS3
4
-0.995 5.0265
3.2089999999999996 5.0265
3.2089999999999996 5.1015
-0.995 5.1015
7.0

PASS4+PASS5
4
-0.995 5.1015
3.2089999999999996 5.1015
3.2089999999999996 6.0515
-0.995 6.0515
4.2

PASS6
4
-0.995 6.0515
3.2089999999999996 6.0515
3.2089999999999996 6.6515
-0.995 6.6515
7.0

air_Layer
4
-0.995 6.6515
3.2089999999999996 6.6515
3.2089999999999996 6.9485
-0.995 6.9485
1.0


4
-0.995 0.001
3.2089999999999996 0.001
3.2089999999999996 6.9485
-0.995 6.9485

