c1
4
-0.10342000000000001 0.37050000000000005
0.10342000000000001 0.37050000000000005
0.11258000000000001 0.4665
-0.11258000000000001 0.4665

5
botleft
4
-1.1300000000000001 -0.001
0 -0.001
0 0.001
-1.1300000000000001 0.001

botright
4
0 -0.001
1.7239999999999998 -0.001
1.7239999999999998 0.001
0 0.001

lEnv
4
-0.6254200000000001 0.37050000000000005
-0.41858 0.37050000000000005
-0.40942 0.4665
-0.63458 0.4665

c2
4
0.67058 0.37050000000000005
0.78742 0.37050000000000005
0.79658 0.4665
0.66142 0.4665

rEnv
4
1.1025800000000001 0.37050000000000005
1.21942 0.37050000000000005
1.22858 0.4665
1.09342 0.4665


48
IMD1b
4
-1.1300000000000001 0.40650000000000003
-0.628855 0.40650000000000003
-0.63458 0.4665
-1.1300000000000001 0.4665
2.8

IMD1b
4
-0.415145 0.40650000000000003
-0.10685500000000002 0.40650000000000003
-0.11258000000000001 0.4665
-0.40942 0.4665
2.8

IMD1b
4
0.10685500000000002 0.40650000000000003
0.667145 0.40650000000000003
0.66142 0.4665
0.11258000000000001 0.4665
2.8

IMD1b
4
0.790855 0.40650000000000003
1.099145 0.40650000000000003
1.09342 0.4665
0.79658 0.4665
2.8

IMD1b
4
1.222855 0.40650000000000003
1.7239999999999998 0.40650000000000003
1.7239999999999998 0.4665
1.22858 0.4665
2.8

IMD1a
4
-1.1300000000000001 0.3955
-0.6278054166666667 0.3955
-0.628855 0.40650000000000003
-1.1300000000000001 0.40650000000000003
5.2

IMD1a
4
-0.4161945833333333 0.3955
-0.10580541666666668 0.3955
-0.10685500000000002 0.40650000000000003
-0.415145 0.40650000000000003
5.2

IMD1a
4
0.10580541666666668 0.3955
0.6681945833333334 0.3955
0.667145 0.40650000000000003
0.10685500000000002 0.40650000000000003
5.2

IMD1a
4
0.7898054166666666 0.3955
1.1001945833333333 0.3955
1.099145 0.40650000000000003
0.790855 0.40650000000000003
5.2

IMD1a
4
1.2218054166666668 0.3955
1.7239999999999998 0.3955
1.7239999999999998 0.40650000000000003
1.222855 0.40650000000000003
5.2

ILD1b3
4
-1.1300000000000001 0.37050000000000005
-0.6254200000000001 0.37050000000000005
-0.6278054166666667 0.3955
-1.1300000000000001 0.3955
4

ILD1b3
4
-0.41858 0.37050000000000005
-0.10342000000000001 0.37050000000000005
-0.10580541666666668 0.3955
-0.4161945833333333 0.3955
4

ILD1b3
4
0.10342000000000001 0.37050000000000005
0.67058 0.37050000000000005
0.6681945833333334 0.3955
0.10580541666666668 0.3955
4

ILD1b3
4
0.78742 0.37050000000000005
1.1025800000000001 0.37050000000000005
1.1001945833333333 0.3955
0.7898054166666666 0.3955
4

ILD1b3
4
1.21942 0.37050000000000005
1.7239999999999998 0.37050000000000005
1.7239999999999998 0.3955
1.2218054166666668 0.3955
4

ILD1b1+ILD1b2
4
-1.1300000000000001 0.2765
1.7239999999999998 0.2765
1.7239999999999998 0.37050000000000005
-1.1300000000000001 0.37050000000000005
4

FOXA+FOXB+TOX
4
-1.1300000000000001 0.001
1.7239999999999998 0.001
1.7239999999999998 0.2665
-1.1300000000000001 0.2665
4.0

ILD1a
4
-1.1300000000000001 0.2665
1.7239999999999998 0.2665
1.7239999999999998 0.2765
-1.1300000000000001 0.2765
7.0

IMD2a
4
-1.1300000000000001 0.4665
1.7239999999999998 0.4665
1.7239999999999998 0.4875
-1.1300000000000001 0.4875
5.2

IMD2b
4
-1.1300000000000001 0.4875
1.7239999999999998 0.4875
1.7239999999999998 0.5025
-1.1300000000000001 0.5025
4.2

IMD2c
4
-1.1300000000000001 0.5025
1.7239999999999998 0.5025
1.7239999999999998 0.5265
-1.1300000000000001 0.5265
3.28

IMD2d1+IMD2d2
4
-1.1300000000000001 0.5265
1.7239999999999998 0.5265
1.7239999999999998 0.6535
-1.1300000000000001 0.6535
2.65

IMD3a
4
-1.1300000000000001 0.6535
1.7239999999999998 0.6535
1.7239999999999998 0.6745
-1.1300000000000001 0.6745
5.2

IMD3b
4
-1.1300000000000001 0.6745
1.7239999999999998 0.6745
1.7239999999999998 0.6895
-1.1300000000000001 0.6895
4.2

IMD3c
4
-1.1300000000000001 0.6895
1.7239999999999998 0.6895
1.7239999999999998 0.7135
-1.1300000000000001 0.7135
3.28

IMD3d1+IMD3d2
4
-1.1300000000000001 0.7135
1.7239999999999998 0.7135
1.7239999999999998 0.8405
-1.1300000000000001 0.8405
2.65

IMD4a
4
-1.1300000000000001 0.8405
1.7239999999999998 0.8405
1.7239999999999998 0.8615
-1.1300000000000001 0.8615
5.2

IMD4b
4
-1.1300000000000001 0.8615
1.7239999999999998 0.8615
1.7239999999999998 0.8765
-1.1300000000000001 0.8765
4.2

IMD4c
4
-1.1300000000000001 0.8765
1.7239999999999998 0.8765
1.7239999999999998 0.9005
-1.1300000000000001 0.9005
3.28

IMD4d1+IMD4d2
4
-1.1300000000000001 0.9005
1.7239999999999998 0.9005
1.7239999999999998 1.0275
-1.1300000000000001 1.0275
2.65

IMD5a
4
-1.1300000000000001 1.0275
1.7239999999999998 1.0275
1.7239999999999998 1.0485
-1.1300000000000001 1.0485
5.2

IMD5b
4
-1.1300000000000001 1.0485
1.7239999999999998 1.0485
1.7239999999999998 1.0635
-1.1300000000000001 1.0635
4.2

IMD5c
4
-1.1300000000000001 1.0635
1.7239999999999998 1.0635
1.7239999999999998 1.0875
-1.1300000000000001 1.0875
3.28

IMD5d1+IMD5d2
4
-1.1300000000000001 1.0875
1.7239999999999998 1.0875
1.7239999999999998 1.2145
-1.1300000000000001 1.2145
2.65

IMD6a
4
-1.1300000000000001 1.2145
1.7239999999999998 1.2145
1.7239999999999998 1.2355
-1.1300000000000001 1.2355
5.2

IMD6b
4
-1.1300000000000001 1.2355
1.7239999999999998 1.2355
1.7239999999999998 1.2505
-1.1300000000000001 1.2505
4.2

IMD6c
4
-1.1300000000000001 1.2505
1.7239999999999998 1.2505
1.7239999999999998 1.2745
-1.1300000000000001 1.2745
3.28

IMD6d1+IMD6d2
4
-1.1300000000000001 1.2745
1.7239999999999998 1.2745
1.7239999999999998 1.4015
-1.1300000000000001 1.4015
2.65

IMD7a
4
-1.1300000000000001 1.4015
1.7239999999999998 1.4015
1.7239999999999998 1.4765
-1.1300000000000001 1.4765
5.2

IMD7b1+IMD7b2
4
-1.1300000000000001 1.4765
1.7239999999999998 1.4765
1.7239999999999998 2.9765
-1.1300000000000001 2.9765
4.2

IMD8a
4
-1.1300000000000001 2.9765
1.7239999999999998 2.9765
1.7239999999999998 3.0515
-1.1300000000000001 3.0515
5.2

IMD8b1+IMD8b2
4
-1.1300000000000001 3.0515
1.7239999999999998 3.0515
1.7239999999999998 4.5515
-1.1300000000000001 4.5515
4.2

PASS1
4
-1.1300000000000001 4.5515
1.7239999999999998 4.5515
1.7239999999999998 4.6265
-1.1300000000000001 4.6265
7.0

PASS2
4
-1.1300000000000001 4.6265
1.7239999999999998 4.6265
1.7239999999999998 5.0265
-1.1300000000000001 5.0265
4.2

PASS3
4
-1.1300000000000001 5.0265
1.7239999999999998 5.0265
1.7239999999999998 5.1015
-1.1300000000000001 5.1015
7.0

PASS4+PASS5
4
-1.1300000000000001 5.1015
1.7239999999999998 5.1015
1.7239999999999998 6.0515
-1.1300000000000001 6.0515
4.2

PASS6
4
-1.1300000000000001 6.0515
1.7239999999999998 6.0515
1.7239999999999998 6.6515
-1.1300000000000001 6.6515
7.0

air_Layer
4
-1.1300000000000001 6.6515
1.7239999999999998 6.6515
1.7239999999999998 6.9485
-1.1300000000000001 6.9485
1.0


4
-1.1300000000000001 0.001
1.7239999999999998 0.001
1.7239999999999998 6.9485
-1.1300000000000001 6.9485

