c1
4
-0.01501000000000001 0.5545
0.01501000000000001 0.5545
0.02099000000000001 0.6535
-0.02099000000000001 0.6535

5
botleft
4
-0.8600000000000001 -0.001
0 -0.001
0 0.001
-0.8600000000000001 0.001

botright
4
0 -0.001
3.5239999999999996 -0.001
3.5239999999999996 0.001
0 0.001

lEnv
4
-0.35701000000000005 0.5545
-0.32699 0.5545
-0.32101 0.6535
-0.36299000000000003 0.6535

c2
4
0.7589899999999998 0.5545
1.7340099999999996 0.5545
1.7399899999999997 0.6535
0.7530099999999998 0.6535

rEnv
4
2.0459899999999998 0.5545
3.0210099999999995 0.5545
3.0269899999999996 0.6535
2.0400099999999997 0.6535


57
IMD2d1_damage
4
-0.366424 0.5445
-0.317576 0.5445
-0.31697200000000003 0.5545
-0.367028 0.5545
3.1

IMD2d1_damage
4
-0.024424000000000008 0.5445
0.024424000000000008 0.5445
0.02502800000000001 0.5545
-0.02502800000000001 0.5545
3.1

IMD2d1_damage
4
0.7495759999999999 0.5445
1.7434239999999996 0.5445
1.7440279999999997 0.5545
0.7489719999999999 0.5545
3.1

IMD2d1_damage
4
2.0365759999999997 0.5445
3.0304239999999996 0.5445
3.0310279999999996 0.5545
2.0359719999999997 0.5545
3.1

IMD2d2_damage
4
-0.36201900000000004 0.5545
-0.35701000000000005 0.5545
-0.36299000000000003 0.6535
-0.367999 0.6535
2.9

IMD2d2_damage
4
-0.32699 0.5545
-0.321981 0.5545
-0.31600100000000003 0.6535
-0.32101 0.6535
2.9

IMD2d2_damage
4
-0.02001900000000001 0.5545
-0.01501000000000001 0.5545
-0.02099000000000001 0.6535
-0.025999000000000008 0.6535
2.9

IMD2d2_damage
4
0.01501000000000001 0.5545
0.02001900000000001 0.5545
0.025999000000000008 0.6535
0.02099000000000001 0.6535
2.9

IMD2d2_damage
4
0.7539809999999998 0.5545
0.7589899999999998 0.5545
0.7530099999999998 0.6535
0.7480009999999998 0.6535
2.9

IMD2d2_damage
4
1.7340099999999996 0.5545
1.7390189999999996 0.5545
1.7449989999999997 0.6535
1.7399899999999997 0.6535
2.9

IMD2d2_damage
4
2.040981 0.5545
2.0459899999999998 0.5545
2.0400099999999997 0.6535
2.035001 0.6535
2.9

IMD2d2_damage
4
3.0210099999999995 0.5545
3.0260189999999993 0.5545
3.0319989999999994 0.6535
3.0269899999999996 0.6535
2.9

IMD2d2
4
-0.8600000000000001 0.5545
-0.36201900000000004 0.5545
-0.367999 0.6535
-0.8600000000000001 0.6535
2.65

IMD2d2
4
-0.321981 0.5545
-0.02001900000000001 0.5545
-0.025999000000000008 0.6535
-0.31600100000000003 0.6535
2.65

IMD2d2
4
0.02001900000000001 0.5545
0.7539809999999998 0.5545
0.7480009999999998 0.6535
0.025999000000000008 0.6535
2.65

IMD2d2
4
1.7390189999999996 0.5545
2.040981 0.5545
2.035001 0.6535
1.7449989999999997 0.6535
2.65

IMD2d2
4
3.0260189999999993 0.5545
3.5239999999999996 0.5545
3.5239999999999996 0.6535
3.0319989999999994 0.6535
2.65

IMD2d1
4
-0.8600000000000001 0.5445
-0.366424 0.5445
-0.367028 0.5545
-0.8600000000000001 0.5545
2.65

IMD2d1
4
-0.317576 0.5445
-0.024424000000000008 0.5445
-0.02502800000000001 0.5545
-0.31697200000000003 0.5545
2.65

IMD2d1
4
0.024424000000000008 0.5445
0.7495759999999999 0.5445
0.7489719999999999 0.5545
0.02502800000000001 0.5545
2.65

IMD2d1
4
1.7434239999999996 0.5445
2.0365759999999997 0.5445
2.0359719999999997 0.5545
1.7440279999999997 0.5545
2.65

IMD2d1
4
3.0304239999999996 0.5445
3.5239999999999996 0.5445
3.5239999999999996 0.5545
3.0310279999999996 0.5545
2.65

IMD2d1
4
-0.8600000000000001 0.5265
3.5239999999999996 0.5265
3.5239999999999996 0.5445
-0.8600000000000001 0.5445
2.65

FOXA+FOXB+TOX
4
-0.8600000000000001 0.001
3.5239999999999996 0.001
3.5239999999999996 0.2665
-0.8600000000000001 0.2665
4.0

ILD1a
4
-0.8600000000000001 0.2665
3.5239999999999996 0.2665
3.5239999999999996 0.2765
-0.8600000000000001 0.2765
7.0

ILD1b1+ILD1b2+ILD1b3
4
-0.8600000000000001 0.2765
3.5239999999999996 0.2765
3.5239999999999996 0.3955
-0.8600000000000001 0.3955
4.0

IMD1a
4
-0.8600000000000001 0.3955
3.5239999999999996 0.3955
3.5239999999999996 0.4065
-0.8600000000000001 0.4065
5.2

IMD1b
4
-0.8600000000000001 0.4065
3.5239999999999996 0.4065
3.5239999999999996 0.4665
-0.8600000000000001 0.4665
2.8

IMD2a
4
-0.8600000000000001 0.4665
3.5239999999999996 0.4665
3.5239999999999996 0.4875
-0.8600000000000001 0.4875
5.2

IMD2b
4
-0.8600000000000001 0.4875
3.5239999999999996 0.4875
3.5239999999999996 0.5025
-0.8600000000000001 0.5025
4.2

IMD2c
4
-0.8600000000000001 0.5025
3.5239999999999996 0.5025
3.5239999999999996 0.5265
-0.8600000000000001 0.5265
3.28

IMD3a
4
-0.8600000000000001 0.6535
3.5239999999999996 0.6535
3.5239999999999996 0.6745
-0.8600000000000001 0.6745
5.2

IMD3b
4
-0.8600000000000001 0.6745
3.5239999999999996 0.6745
3.5239999999999996 0.6895
-0.8600000000000001 0.6895
4.2

IMD3c
4
-0.8600000000000001 0.6895
3.5239999999999996 0.6895
3.5239999999999996 0.7135
-0.8600000000000001 0.7135
3.28

IMD3d1+IMD3d2
4
-0.8600000000000001 0.7135
3.5239999999999996 0.7135
3.5239999999999996 0.8405
-0.8600000000000001 0.8405
2.65

IMD4a
4
-0.8600000000000001 0.8405
3.5239999999999996 0.8405
3.5239999999999996 0.8615
-0.8600000000000001 0.8615
5.2

IMD4b
4
-0.8600000000000001 0.8615
3.5239999999999996 0.8615
3.5239999999999996 0.8765
-0.8600000000000001 0.8765
4.2

IMD4c
4
-0.8600000000000001 0.8765
3.5239999999999996 0.8765
3.5239999999999996 0.9005
-0.8600000000000001 0.9005
3.28

IMD4d1+IMD4d2
4
-0.8600000000000001 0.9005
3.5239999999999996 0.9005
3.5239999999999996 1.0275
-0.8600000000000001 1.0275
2.65

IMD5a
4
-0.8600000000000001 1.0275
3.5239999999999996 1.0275
3.5239999999999996 1.0485
-0.8600000000000001 1.0485
5.2

IMD5b
4
-0.8600000000000001 1.0485
3.5239999999999996 1.0485
3.5239999999999996 1.0635
-0.8600000000000001 1.0635
4.2

IMD5c
4
-0.8600000000000001 1.0635
3.5239999999999996 1.0635
3.5239999999999996 1.0875
-0.8600000000000001 1.0875
3.28

IMD5d1+IMD5d2
4
-0.8600000000000001 1.0875
3.5239999999999996 1.0875
3.5239999999999996 1.2145
-0.8600000000000001 1.2145
2.65

IMD6a
4
-0.8600000000000001 1.2145
3.5239999999999996 1.2145
3.5239999999999996 1.2355
-0.8600000000000001 1.2355
5.2

IMD6b
4
-0.8600000000000001 1.2355
3.5239999999999996 1.2355
3.5239999999999996 1.2505
-0.8600000000000001 1.2505
4.2

IMD6c
4
-0.8600000000000001 1.2505
3.5239999999999996 1.2505
3.5239999999999996 1.2745
-0.8600000000000001 1.2745
3.28

IMD6d1+IMD6d2
4
-0.8600000000000001 1.2745
3.5239999999999996 1.2745
3.5239999999999996 1.4015
-0.8600000000000001 1.4015
2.65

IMD7a
4
-0.8600000000000001 1.4015
3.5239999999999996 1.4015
3.5239999999999996 1.4765
-0.8600000000000001 1.4765
5.2

IMD7b1+IMD7b2
4
-0.8600000000000001 1.4765
3.5239999999999996 1.4765
3.5239999999999996 2.9765
-0.8600000000000001 2.9765
4.2

IMD8a
4
-0.8600000000000001 2.9765
3.5239999999999996 2.9765
3.5239999999999996 3.0515
-0.8600000000000001 3.0515
5.2

IMD8b1+IMD8b2
4
-0.8600000000000001 3.0515
3.5239999999999996 3.0515
3.5239999999999996 4.5515
-0.8600000000000001 4.5515
4.2

PASS1
4
-0.8600000000000001 4.5515
3.5239999999999996 4.5515
3.5239999999999996 4.6265
-0.8600000000000001 4.6265
7.0

PASS2
4
-0.8600000000000001 4.6265
3.5239999999999996 4.6265
3.5239999999999996 5.0265
-0.8600000000000001 5.0265
4.2

PASS3
4
-0.8600000000000001 5.0265
3.5239999999999996 5.0265
3.5239999999999996 5.1015
-0.8600000000000001 5.1015
7.0

PASS4+PASS5
4
-0.8600000000000001 5.1015
3.5239999999999996 5.1015
3.5239999999999996 6.0515
-0.8600000000000001 6.0515
4.2

PASS6
4
-0.8600000000000001 6.0515
3.5239999999999996 6.0515
3.5239999999999996 6.6515
-0.8600000000000001 6.6515
7.0

air_Layer
4
-0.8600000000000001 6.6515
3.5239999999999996 6.6515
3.5239999999999996 6.9485
-0.8600000000000001 6.9485
1.0


4
-0.8600000000000001 0.001
3.5239999999999996 0.001
3.5239999999999996 6.9485
-0.8600000000000001 6.9485

