c1
4
-0.21750999999999995 0.9285000000000001
0.21750999999999995 0.9285000000000001
0.22348999999999997 1.0275
-0.22348999999999997 1.0275

5
botleft
4
-1.3775 -0.001
0 -0.001
0 0.001
-1.3775 0.001

botright
4
0 -0.001
3.3665000000000003 -0.001
3.3665000000000003 0.001
0 0.001

lEnv
4
-0.87451 0.9285000000000001
-0.43949 0.9285000000000001
-0.43351 1.0275
-0.88049 1.0275

c2
4
0.9614899999999998 0.9285000000000001
1.8015099999999995 0.9285000000000001
1.8074899999999996 1.0275
0.9555099999999999 1.0275

rEnv
4
2.02349 0.9285000000000001
2.8635099999999998 0.9285000000000001
2.86949 1.0275
2.0175099999999997 1.0275


57
IMD4d1_damage
4
-0.8839239999999999 0.9185000000000001
-0.430076 0.9185000000000001
-0.429472 0.9285000000000001
-0.884528 0.9285000000000001
3.1

IMD4d1_damage
4
-0.22692399999999996 0.9185000000000001
0.22692399999999996 0.9185000000000001
0.22752799999999995 0.9285000000000001
-0.22752799999999995 0.9285000000000001
3.1

IMD4d1_damage
4
0.9520759999999999 0.9185000000000001
1.8109239999999995 0.9185000000000001
1.8115279999999996 0.9285000000000001
0.9514719999999999 0.9285000000000001
3.1

IMD4d1_damage
4
2.0140759999999998 0.9185000000000001
2.872924 0.9185000000000001
2.873528 0.9285000000000001
2.0134719999999997 0.9285000000000001
3.1

IMD4d2_damage
4
-0.879519 0.9285000000000001
-0.87451 0.9285000000000001
-0.88049 1.0275
-0.885499 1.0275
2.9

IMD4d2_damage
4
-0.43949 0.9285000000000001
-0.434481 0.9285000000000001
-0.428501 1.0275
-0.43351 1.0275
2.9

IMD4d2_damage
4
-0.22251899999999997 0.9285000000000001
-0.21750999999999995 0.9285000000000001
-0.22348999999999997 1.0275
-0.22849899999999998 1.0275
2.9

IMD4d2_damage
4
0.21750999999999995 0.9285000000000001
0.22251899999999997 0.9285000000000001
0.22849899999999998 1.0275
0.22348999999999997 1.0275
2.9

IMD4d2_damage
4
0.9564809999999998 0.9285000000000001
0.9614899999999998 0.9285000000000001
0.9555099999999999 1.0275
0.9505009999999998 1.0275
2.9

IMD4d2_damage
4
1.8015099999999995 0.9285000000000001
1.8065189999999995 0.9285000000000001
1.8124989999999996 1.0275
1.8074899999999996 1.0275
2.9

IMD4d2_damage
4
2.018481 0.9285000000000001
2.02349 0.9285000000000001
2.0175099999999997 1.0275
2.012501 1.0275
2.9

IMD4d2_damage
4
2.8635099999999998 0.9285000000000001
2.8685189999999996 0.9285000000000001
2.8744989999999997 1.0275
2.86949 1.0275
2.9

IMD4d2
4
-1.3775 0.9285000000000001
-0.879519 0.9285000000000001
-0.885499 1.0275
-1.3775 1.0275
2.65

IMD4d2
4
-0.434481 0.9285000000000001
-0.22251899999999997 0.9285000000000001
-0.22849899999999998 1.0275
-0.428501 1.0275
2.65

IMD4d2
4
0.22251899999999997 0.9285000000000001
0.9564809999999998 0.9285000000000001
0.9505009999999998 1.0275
0.22849899999999998 1.0275
2.65

IMD4d2
4
1.8065189999999995 0.9285000000000001
2.018481 0.9285000000000001
2.012501 1.0275
1.8124989999999996 1.0275
2.65

IMD4d2
4
2.8685189999999996 0.9285000000000001
3.3665000000000003 0.9285000000000001
3.3665000000000003 1.0275
2.8744989999999997 1.0275
2.65

IMD4d1
4
-1.3775 0.9185000000000001
-0.8839239999999999 0.9185000000000001
-0.884528 0.9285000000000001
-1.3775 0.9285000000000001
2.65

IMD4d1
4
-0.430076 0.9185000000000001
-0.22692399999999996 0.9185000000000001
-0.22752799999999995 0.9285000000000001
-0.429472 0.9285000000000001
2.65

IMD4d1
4
0.22692399999999996 0.9185000000000001
0.9520759999999999 0.9185000000000001
0.9514719999999999 0.9285000000000001
0.22752799999999995 0.9285000000000001
2.65

IMD4d1
4
1.8109239999999995 0.9185000000000001
2.0140759999999998 0.9185000000000001
2.0134719999999997 0.9285000000000001
1.8115279999999996 0.9285000000000001
2.65

IMD4d1
4
2.872924 0.9185000000000001
3.3665000000000003 0.9185000000000001
3.3665000000000003 0.9285000000000001
2.873528 0.9285000000000001
2.65

IMD4d1
4
-1.3775 0.9005
3.3665000000000003 0.9005
3.3665000000000003 0.9185000000000001
-1.3775 0.9185000000000001
2.65

FOXA+FOXB+TOX
4
-1.3775 0.001
3.3665000000000003 0.001
3.3665000000000003 0.2665
-1.3775 0.2665
4.0

ILD1a
4
-1.3775 0.2665
3.3665000000000003 0.2665
3.3665000000000003 0.2765
-1.3775 0.2765
7.0

ILD1b1+ILD1b2+ILD1b3
4
-1.3775 0.2765
3.3665000000000003 0.2765
3.3665000000000003 0.3955
-1.3775 0.3955
4.0

IMD1a
4
-1.3775 0.3955
3.3665000000000003 0.3955
3.3665000000000003 0.4065
-1.3775 0.4065
5.2

IMD1b
4
-1.3775 0.4065
3.3665000000000003 0.4065
3.3665000000000003 0.4665
-1.3775 0.4665
2.8

IMD2a
4
-1.3775 0.4665
3.3665000000000003 0.4665
3.3665000000000003 0.4875
-1.3775 0.4875
5.2

IMD2b
4
-1.3775 0.4875
3.3665000000000003 0.4875
3.3665000000000003 0.5025
-1.3775 0.5025
4.2

IMD2c
4
-1.3775 0.5025
3.3665000000000003 0.5025
3.3665000000000003 0.5265
-1.3775 0.5265
3.28

IMD2d1+IMD2d2
4
-1.3775 0.5265
3.3665000000000003 0.5265
3.3665000000000003 0.6535
-1.3775 0.6535
2.65

IMD3a
4
-1.3775 0.6535
3.3665000000000003 0.6535
3.3665000000000003 0.6745
-1.3775 0.6745
5.2

IMD3b
4
-1.3775 0.6745
3.3665000000000003 0.6745
3.3665000000000003 0.6895
-1.3775 0.6895
4.2

IMD3c
4
-1.3775 0.6895
3.3665000000000003 0.6895
3.3665000000000003 0.7135
-1.3775 0.7135
3.28

IMD3d1+IMD3d2
4
-1.3775 0.7135
3.3665000000000003 0.7135
3.3665000000000003 0.8405
-1.3775 0.8405
2.65

IMD4a
4
-1.3775 0.8405
3.3665000000000003 0.8405
3.3665000000000003 0.8615
-1.3775 0.8615
5.2

IMD4b
4
-1.3775 0.8615
3.3665000000000003 0.8615
3.3665000000000003 0.8765
-1.3775 0.8765
4.2

IMD4c
4
-1.3775 0.8765
3.3665000000000003 0.8765
3.3665000000000003 0.9005
-1.3775 0.9005
3.28

IMD5a
4
-1.3775 1.0275
3.3665000000000003 1.0275
3.3665000000000003 1.0485
-1.3775 1.0485
5.2

IMD5b
4
-1.3775 1.0485
3.3665000000000003 1.0485
3.3665000000000003 1.0635
-1.3775 1.0635
4.2

IMD5c
4
-1.3775 1.0635
3.3665000000000003 1.0635
3.3665000000000003 1.0875
-1.3775 1.0875
3.28

IMD5d1+IMD5d2
4
-1.3775 1.0875
3.3665000000000003 1.0875
3.3665000000000003 1.2145
-1.3775 1.2145
2.65

IMD6a
4
-1.3775 1.2145
3.3665000000000003 1.2145
3.3665000000000003 1.2355
-1.3775 1.2355
5.2

IMD6b
4
-1.3775 1.2355
3.3665000000000003 1.2355
3.3665000000000003 1.2505
-1.3775 1.2505
4.2

IMD6c
4
-1.3775 1.2505
3.3665000000000003 1.2505
3.3665000000000003 1.2745
-1.3775 1.2745
3.28

IMD6d1+IMD6d2
4
-1.3775 1.2745
3.3665000000000003 1.2745
3.3665000000000003 1.4015
-1.3775 1.4015
2.65

IMD7a
4
-1.3775 1.4015
3.3665000000000003 1.4015
3.3665000000000003 1.4765
-1.3775 1.4765
5.2

IMD7b1+IMD7b2
4
-1.3775 1.4765
3.3665000000000003 1.4765
3.3665000000000003 2.9765
-1.3775 2.9765
4.2

IMD8a
4
-1.3775 2.9765
3.3665000000000003 2.9765
3.3665000000000003 3.0515
-1.3775 3.0515
5.2

IMD8b1+IMD8b2
4
-1.3775 3.0515
3.3665000000000003 3.0515
3.3665000000000003 4.5515
-1.3775 4.5515
4.2

PASS1
4
-1.3775 4.5515
3.3665000000000003 4.5515
3.3665000000000003 4.6265
-1.3775 4.6265
7.0

PASS2
4
-1.3775 4.6265
3.3665000000000003 4.6265
3.3665000000000003 5.0265
-1.3775 5.0265
4.2

PASS3
4
-1.3775 5.0265
3.3665000000000003 5.0265
3.3665000000000003 5.1015
-1.3775 5.1015
7.0

PASS4+PASS5
4
-1.3775 5.1015
3.3665000000000003 5.1015
3.3665000000000003 6.0515
-1.3775 6.0515
4.2

PASS6
4
-1.3775 6.0515
3.3665000000000003 6.0515
3.3665000000000003 6.6515
-1.3775 6.6515
7.0

air_Layer
4
-1.3775 6.6515
3.3665000000000003 6.6515
3.3665000000000003 6.9485
-1.3775 6.9485
1.0


4
-1.3775 0.001
3.3665000000000003 0.001
3.3665000000000003 6.9485
-1.3775 6.9485

