c1
4
-0.21750999999999995 0.7415
0.21750999999999995 0.7415
0.22348999999999997 0.8405
-0.22348999999999997 0.8405

5
botleft
4
-1.3775 -0.001
0 -0.001
0 0.001
-1.3775 0.001

botright
4
0 -0.001
2.6465 -0.001
2.6465 0.001
0 0.001

lEnv
4
-0.87451 0.7415
-0.43949 0.7415
-0.43351 0.8405
-0.88049 0.8405

c2
4
0.2414899999999999 0.7415
1.0815099999999997 0.7415
1.0874899999999998 0.8405
0.23550999999999989 0.8405

rEnv
4
1.30349 0.7415
2.14351 0.7415
2.14949 0.8405
1.29751 0.8405


57
IMD3d1_damage
4
-0.8839239999999999 0.7315
-0.430076 0.7315
-0.429472 0.7415
-0.884528 0.7415
3.1

IMD3d1_damage
4
-0.22692399999999996 0.7315
0.22692399999999996 0.7315
0.22752799999999995 0.7415
-0.22752799999999995 0.7415
3.1

IMD3d1_damage
4
0.2320759999999999 0.7315
1.0909239999999998 0.7315
1.0915279999999998 0.7415
0.2314719999999999 0.7415
3.1

IMD3d1_damage
4
1.294076 0.7315
2.152924 0.7315
2.153528 0.7415
1.293472 0.7415
3.1

IMD3d2_damage
4
-0.879519 0.7415
-0.87451 0.7415
-0.88049 0.8405
-0.885499 0.8405
2.9

IMD3d2_damage
4
-0.43949 0.7415
-0.434481 0.7415
-0.428501 0.8405
-0.43351 0.8405
2.9

IMD3d2_damage
4
-0.22251899999999997 0.7415
-0.21750999999999995 0.7415
-0.22348999999999997 0.8405
-0.22849899999999998 0.8405
2.9

IMD3d2_damage
4
0.21750999999999995 0.7415
0.22251899999999997 0.7415
0.22849899999999998 0.8405
0.22348999999999997 0.8405
2.9

IMD3d2_damage
4
0.23648099999999989 0.7415
0.2414899999999999 0.7415
0.23550999999999989 0.8405
0.23050099999999987 0.8405
2.9

IMD3d2_damage
4
1.0815099999999997 0.7415
1.0865189999999998 0.7415
1.0924989999999999 0.8405
1.0874899999999998 0.8405
2.9

IMD3d2_damage
4
1.298481 0.7415
1.30349 0.7415
1.29751 0.8405
1.292501 0.8405
2.9

IMD3d2_damage
4
2.14351 0.7415
2.148519 0.7415
2.154499 0.8405
2.14949 0.8405
2.9

IMD3d2
4
-1.3775 0.7415
-0.879519 0.7415
-0.885499 0.8405
-1.3775 0.8405
2.65

IMD3d2
4
-0.434481 0.7415
-0.22251899999999997 0.7415
-0.22849899999999998 0.8405
-0.428501 0.8405
2.65

IMD3d2
4
0.22251899999999997 0.7415
0.23648099999999989 0.7415
0.23050099999999987 0.8405
0.22849899999999998 0.8405
2.65

IMD3d2
4
1.0865189999999998 0.7415
1.298481 0.7415
1.292501 0.8405
1.0924989999999999 0.8405
2.65

IMD3d2
4
2.148519 0.7415
2.6465 0.7415
2.6465 0.8405
2.154499 0.8405
2.65

IMD3d1
4
-1.3775 0.7315
-0.8839239999999999 0.7315
-0.884528 0.7415
-1.3775 0.7415
2.65

IMD3d1
4
-0.430076 0.7315
-0.22692399999999996 0.7315
-0.22752799999999995 0.7415
-0.429472 0.7415
2.65

IMD3d1
4
0.22692399999999996 0.7315
0.2320759999999999 0.7315
0.2314719999999999 0.7415
0.22752799999999995 0.7415
2.65

IMD3d1
4
1.0909239999999998 0.7315
1.294076 0.7315
1.293472 0.7415
1.0915279999999998 0.7415
2.65

IMD3d1
4
2.152924 0.7315
2.6465 0.7315
2.6465 0.7415
2.153528 0.7415
2.65

IMD3d1
4
-1.3775 0.7135
2.6465 0.7135
2.6465 0.7315
-1.3775 0.7315
2.65

FOXA+FOXB+TOX
4
-1.3775 0.001
2.6465 0.001
2.6465 0.2665
-1.3775 0.2665
4.0

ILD1a
4
-1.3775 0.2665
2.6465 0.2665
2.6465 0.2765
-1.3775 0.2765
7.0

ILD1b1+ILD1b2+ILD1b3
4
-1.3775 0.2765
2.6465 0.2765
2.6465 0.3955
-1.3775 0.3955
4.0

IMD1a
4
-1.3775 0.3955
2.6465 0.3955
2.6465 0.4065
-1.3775 0.4065
5.2

IMD1b
4
-1.3775 0.4065
2.6465 0.4065
2.6465 0.4665
-1.3775 0.4665
2.8

IMD2a
4
-1.3775 0.4665
2.6465 0.4665
2.6465 0.4875
-1.3775 0.4875
5.2

IMD2b
4
-1.3775 0.4875
2.6465 0.4875
2.6465 0.5025
-1.3775 0.5025
4.2

IMD2c
4
-1.3775 0.5025
2.6465 0.5025
2.6465 0.5265
-1.3775 0.5265
3.28

IMD2d1+IMD2d2
4
-1.3775 0.5265
2.6465 0.5265
2.6465 0.6535
-1.3775 0.6535
2.65

IMD3a
4
-1.3775 0.6535
2.6465 0.6535
2.6465 0.6745
-1.3775 0.6745
5.2

IMD3b
4
-1.3775 0.6745
2.6465 0.6745
2.6465 0.6895
-1.3775 0.6895
4.2

IMD3c
4
-1.3775 0.6895
2.6465 0.6895
2.6465 0.7135
-1.3775 0.7135
3.28

IMD4a
4
-1.3775 0.8405
2.6465 0.8405
2.6465 0.8615
-1.3775 0.8615
5.2

IMD4b
4
-1.3775 0.8615
2.6465 0.8615
2.6465 0.8765
-1.3775 0.8765
4.2

IMD4c
4
-1.3775 0.8765
2.6465 0.8765
2.6465 0.9005
-1.3775 0.9005
3.28

IMD4d1+IMD4d2
4
-1.3775 0.9005
2.6465 0.9005
2.6465 1.0275
-1.3775 1.0275
2.65

IMD5a
4
-1.3775 1.0275
2.6465 1.0275
2.6465 1.0485
-1.3775 1.0485
5.2

IMD5b
4
-1.3775 1.0485
2.6465 1.0485
2.6465 1.0635
-1.3775 1.0635
4.2

IMD5c
4
-1.3775 1.0635
2.6465 1.0635
2.6465 1.0875
-1.3775 1.0875
3.28

IMD5d1+IMD5d2
4
-1.3775 1.0875
2.6465 1.0875
2.6465 1.2145
-1.3775 1.2145
2.65

IMD6a
4
-1.3775 1.2145
2.6465 1.2145
2.6465 1.2355
-1.3775 1.2355
5.2

IMD6b
4
-1.3775 1.2355
2.6465 1.2355
2.6465 1.2505
-1.3775 1.2505
4.2

IMD6c
4
-1.3775 1.2505
2.6465 1.2505
2.6465 1.2745
-1.3775 1.2745
3.28

IMD6d1+IMD6d2
4
-1.3775 1.2745
2.6465 1.2745
2.6465 1.4015
-1.3775 1.4015
2.65

IMD7a
4
-1.3775 1.4015
2.6465 1.4015
2.6465 1.4765
-1.3775 1.4765
5.2

IMD7b1+IMD7b2
4
-1.3775 1.4765
2.6465 1.4765
2.6465 2.9765
-1.3775 2.9765
4.2

IMD8a
4
-1.3775 2.9765
2.6465 2.9765
2.6465 3.0515
-1.3775 3.0515
5.2

IMD8b1+IMD8b2
4
-1.3775 3.0515
2.6465 3.0515
2.6465 4.5515
-1.3775 4.5515
4.2

PASS1
4
-1.3775 4.5515
2.6465 4.5515
2.6465 4.6265
-1.3775 4.6265
7.0

PASS2
4
-1.3775 4.6265
2.6465 4.6265
2.6465 5.0265
-1.3775 5.0265
4.2

PASS3
4
-1.3775 5.0265
2.6465 5.0265
2.6465 5.1015
-1.3775 5.1015
7.0

PASS4+PASS5
4
-1.3775 5.1015
2.6465 5.1015
2.6465 6.0515
-1.3775 6.0515
4.2

PASS6
4
-1.3775 6.0515
2.6465 6.0515
2.6465 6.6515
-1.3775 6.6515
7.0

air_Layer
4
-1.3775 6.6515
2.6465 6.6515
2.6465 6.9485
-1.3775 6.9485
1.0


4
-1.3775 0.001
2.6465 0.001
2.6465 6.9485
-1.3775 6.9485

