c1
4
-0.015009999999999996 0.5545
0.01501000000000001 0.5545
0.02099000000000001 0.6535
-0.020989999999999995 0.6535

5
botleft
4
-0.59 -0.001
0 -0.001
0 0.001
-0.59 0.001

botright
4
0 -0.001
2.039 -0.001
2.039 0.001
0 0.001

lEnv
4
-0.08700999999999999 0.5545
-0.05698999999999999 0.5545
-0.05100999999999999 0.6535
-0.09298999999999999 0.6535

c2
4
0.08399 0.5545
0.78901 0.5545
0.79499 0.6535
0.07801 0.6535

rEnv
4
0.83099 0.5545
1.53601 0.5545
1.5419900000000002 0.6535
0.82501 0.6535


57
IMD2d1_damage
4
-0.096424 0.5445
-0.04757599999999999 0.5445
-0.04697199999999999 0.5545
-0.09702799999999999 0.5545
3.1

IMD2d1_damage
4
-0.024423999999999994 0.5445
0.024424000000000008 0.5445
0.02502800000000001 0.5545
-0.025027999999999995 0.5545
3.1

IMD2d1_damage
4
0.07457599999999999 0.5445
0.7984239999999999 0.5445
0.799028 0.5545
0.073972 0.5545
3.1

IMD2d1_damage
4
0.8215760000000001 0.5445
1.5454240000000001 0.5445
1.5460280000000002 0.5545
0.820972 0.5545
3.1

IMD2d2_damage
4
-0.09201899999999999 0.5545
-0.08700999999999999 0.5545
-0.09298999999999999 0.6535
-0.09799899999999999 0.6535
2.9

IMD2d2_damage
4
-0.05698999999999999 0.5545
-0.05198099999999999 0.5545
-0.04600099999999999 0.6535
-0.05100999999999999 0.6535
2.9

IMD2d2_damage
4
-0.020018999999999995 0.5545
-0.015009999999999996 0.5545
-0.020989999999999995 0.6535
-0.025998999999999994 0.6535
2.9

IMD2d2_damage
4
0.01501000000000001 0.5545
0.02001900000000001 0.5545
0.025999000000000008 0.6535
0.02099000000000001 0.6535
2.9

IMD2d2_damage
4
0.078981 0.5545
0.08399 0.5545
0.07801 0.6535
0.073001 0.6535
2.9

IMD2d2_damage
4
0.78901 0.5545
0.794019 0.5545
0.799999 0.6535
0.79499 0.6535
2.9

IMD2d2_damage
4
0.825981 0.5545
0.83099 0.5545
0.82501 0.6535
0.820001 0.6535
2.9

IMD2d2_damage
4
1.53601 0.5545
1.5410190000000001 0.5545
1.5469990000000002 0.6535
1.5419900000000002 0.6535
2.9

IMD2d2
4
-0.59 0.5545
-0.09201899999999999 0.5545
-0.09799899999999999 0.6535
-0.59 0.6535
2.65

IMD2d2
4
-0.05198099999999999 0.5545
-0.020018999999999995 0.5545
-0.025998999999999994 0.6535
-0.04600099999999999 0.6535
2.65

IMD2d2
4
0.02001900000000001 0.5545
0.078981 0.5545
0.073001 0.6535
0.025999000000000008 0.6535
2.65

IMD2d2
4
0.794019 0.5545
0.825981 0.5545
0.820001 0.6535
0.799999 0.6535
2.65

IMD2d2
4
1.5410190000000001 0.5545
2.039 0.5545
2.039 0.6535
1.5469990000000002 0.6535
2.65

IMD2d1
4
-0.59 0.5445
-0.096424 0.5445
-0.09702799999999999 0.5545
-0.59 0.5545
2.65

IMD2d1
4
-0.04757599999999999 0.5445
-0.024423999999999994 0.5445
-0.025027999999999995 0.5545
-0.04697199999999999 0.5545
2.65

IMD2d1
4
0.024424000000000008 0.5445
0.07457599999999999 0.5445
0.073972 0.5545
0.02502800000000001 0.5545
2.65

IMD2d1
4
0.7984239999999999 0.5445
0.8215760000000001 0.5445
0.820972 0.5545
0.799028 0.5545
2.65

IMD2d1
4
1.5454240000000001 0.5445
2.039 0.5445
2.039 0.5545
1.5460280000000002 0.5545
2.65

IMD2d1
4
-0.59 0.5265
2.039 0.5265
2.039 0.5445
-0.59 0.5445
2.65

FOXA+FOXB+TOX
4
-0.59 0.001
2.039 0.001
2.039 0.2665
-0.59 0.2665
4.0

ILD1a
4
-0.59 0.2665
2.039 0.2665
2.039 0.2765
-0.59 0.2765
7.0

ILD1b1+ILD1b2+ILD1b3
4
-0.59 0.2765
2.039 0.2765
2.039 0.3955
-0.59 0.3955
4.0

IMD1a
4
-0.59 0.3955
2.039 0.3955
2.039 0.4065
-0.59 0.4065
5.2

IMD1b
4
-0.59 0.4065
2.039 0.4065
2.039 0.4665
-0.59 0.4665
2.8

IMD2a
4
-0.59 0.4665
2.039 0.4665
2.039 0.4875
-0.59 0.4875
5.2

IMD2b
4
-0.59 0.4875
2.039 0.4875
2.039 0.5025
-0.59 0.5025
4.2

IMD2c
4
-0.59 0.5025
2.039 0.5025
2.039 0.5265
-0.59 0.5265
3.28

IMD3a
4
-0.59 0.6535
2.039 0.6535
2.039 0.6745
-0.59 0.6745
5.2

IMD3b
4
-0.59 0.6745
2.039 0.6745
2.039 0.6895
-0.59 0.6895
4.2

IMD3c
4
-0.59 0.6895
2.039 0.6895
2.039 0.7135
-0.59 0.7135
3.28

IMD3d1+IMD3d2
4
-0.59 0.7135
2.039 0.7135
2.039 0.8405
-0.59 0.8405
2.65

IMD4a
4
-0.59 0.8405
2.039 0.8405
2.039 0.8615
-0.59 0.8615
5.2

IMD4b
4
-0.59 0.8615
2.039 0.8615
2.039 0.8765
-0.59 0.8765
4.2

IMD4c
4
-0.59 0.8765
2.039 0.8765
2.039 0.9005
-0.59 0.9005
3.28

IMD4d1+IMD4d2
4
-0.59 0.9005
2.039 0.9005
2.039 1.0275
-0.59 1.0275
2.65

IMD5a
4
-0.59 1.0275
2.039 1.0275
2.039 1.0485
-0.59 1.0485
5.2

IMD5b
4
-0.59 1.0485
2.039 1.0485
2.039 1.0635
-0.59 1.0635
4.2

IMD5c
4
-0.59 1.0635
2.039 1.0635
2.039 1.0875
-0.59 1.0875
3.28

IMD5d1+IMD5d2
4
-0.59 1.0875
2.039 1.0875
2.039 1.2145
-0.59 1.2145
2.65

IMD6a
4
-0.59 1.2145
2.039 1.2145
2.039 1.2355
-0.59 1.2355
5.2

IMD6b
4
-0.59 1.2355
2.039 1.2355
2.039 1.2505
-0.59 1.2505
4.2

IMD6c
4
-0.59 1.2505
2.039 1.2505
2.039 1.2745
-0.59 1.2745
3.28

IMD6d1+IMD6d2
4
-0.59 1.2745
2.039 1.2745
2.039 1.4015
-0.59 1.4015
2.65

IMD7a
4
-0.59 1.4015
2.039 1.4015
2.039 1.4765
-0.59 1.4765
5.2

IMD7b1+IMD7b2
4
-0.59 1.4765
2.039 1.4765
2.039 2.9765
-0.59 2.9765
4.2

IMD8a
4
-0.59 2.9765
2.039 2.9765
2.039 3.0515
-0.59 3.0515
5.2

IMD8b1+IMD8b2
4
-0.59 3.0515
2.039 3.0515
2.039 4.5515
-0.59 4.5515
4.2

PASS1
4
-0.59 4.5515
2.039 4.5515
2.039 4.6265
-0.59 4.6265
7.0

PASS2
4
-0.59 4.6265
2.039 4.6265
2.039 5.0265
-0.59 5.0265
4.2

PASS3
4
-0.59 5.0265
2.039 5.0265
2.039 5.1015
-0.59 5.1015
7.0

PASS4+PASS5
4
-0.59 5.1015
2.039 5.1015
2.039 6.0515
-0.59 6.0515
4.2

PASS6
4
-0.59 6.0515
2.039 6.0515
2.039 6.6515
-0.59 6.6515
7.0

air_Layer
4
-0.59 6.6515
2.039 6.6515
2.039 6.9485
-0.59 6.9485
1.0


4
-0.59 0.001
2.039 0.001
2.039 6.9485
-0.59 6.9485

