c1
4
-0.060009999999999994 1.3025
0.060009999999999994 1.3025
0.06599 1.4015
-0.06599 1.4015

5
botleft
4
-1.085 -0.001
0 -0.001
0 0.001
-1.085 0.001

botright
4
0 -0.001
3.1189999999999998 -0.001
3.1189999999999998 0.001
0 0.001

lEnv
4
-0.58201 1.3025
-0.46199 1.3025
-0.45601 1.4015
-0.58799 1.4015

c2
4
0.5339900000000001 1.3025
1.37401 1.3025
1.37999 1.4015
0.5280100000000001 1.4015

rEnv
4
1.7759900000000002 1.3025
2.6160099999999997 1.3025
2.62199 1.4015
1.77001 1.4015


57
IMD6d1_damage
4
-0.591424 1.2925
-0.45257600000000003 1.2925
-0.45197200000000004 1.3025
-0.592028 1.3025
3.1

IMD6d1_damage
4
-0.069424 1.2925
0.069424 1.2925
0.07002799999999999 1.3025
-0.07002799999999999 1.3025
3.1

IMD6d1_damage
4
0.5245760000000002 1.2925
1.383424 1.2925
1.384028 1.3025
0.5239720000000001 1.3025
3.1

IMD6d1_damage
4
1.7665760000000001 1.2925
2.6254239999999998 1.2925
2.626028 1.3025
1.765972 1.3025
3.1

IMD6d2_damage
4
-0.5870190000000001 1.3025
-0.58201 1.3025
-0.58799 1.4015
-0.592999 1.4015
2.9

IMD6d2_damage
4
-0.46199 1.3025
-0.456981 1.3025
-0.45100100000000004 1.4015
-0.45601 1.4015
2.9

IMD6d2_damage
4
-0.065019 1.3025
-0.060009999999999994 1.3025
-0.06599 1.4015
-0.07099899999999999 1.4015
2.9

IMD6d2_damage
4
0.060009999999999994 1.3025
0.065019 1.3025
0.07099899999999999 1.4015
0.06599 1.4015
2.9

IMD6d2_damage
4
0.528981 1.3025
0.5339900000000001 1.3025
0.5280100000000001 1.4015
0.523001 1.4015
2.9

IMD6d2_damage
4
1.37401 1.3025
1.379019 1.3025
1.384999 1.4015
1.37999 1.4015
2.9

IMD6d2_damage
4
1.7709810000000001 1.3025
1.7759900000000002 1.3025
1.77001 1.4015
1.765001 1.4015
2.9

IMD6d2_damage
4
2.6160099999999997 1.3025
2.6210189999999995 1.3025
2.6269989999999996 1.4015
2.62199 1.4015
2.9

IMD6d2
4
-1.085 1.3025
-0.5870190000000001 1.3025
-0.592999 1.4015
-1.085 1.4015
2.65

IMD6d2
4
-0.456981 1.3025
-0.065019 1.3025
-0.07099899999999999 1.4015
-0.45100100000000004 1.4015
2.65

IMD6d2
4
0.065019 1.3025
0.528981 1.3025
0.523001 1.4015
0.07099899999999999 1.4015
2.65

IMD6d2
4
1.379019 1.3025
1.7709810000000001 1.3025
1.765001 1.4015
1.384999 1.4015
2.65

IMD6d2
4
2.6210189999999995 1.3025
3.1189999999999998 1.3025
3.1189999999999998 1.4015
2.6269989999999996 1.4015
2.65

IMD6d1
4
-1.085 1.2925
-0.591424 1.2925
-0.592028 1.3025
-1.085 1.3025
2.65

IMD6d1
4
-0.45257600000000003 1.2925
-0.069424 1.2925
-0.07002799999999999 1.3025
-0.45197200000000004 1.3025
2.65

IMD6d1
4
0.069424 1.2925
0.5245760000000002 1.2925
0.5239720000000001 1.3025
0.07002799999999999 1.3025
2.65

IMD6d1
4
1.383424 1.2925
1.7665760000000001 1.2925
1.765972 1.3025
1.384028 1.3025
2.65

IMD6d1
4
2.6254239999999998 1.2925
3.1189999999999998 1.2925
3.1189999999999998 1.3025
2.626028 1.3025
2.65

IMD6d1
4
-1.085 1.2745
3.1189999999999998 1.2745
3.1189999999999998 1.2925
-1.085 1.2925
2.65

FOXA+FOXB+TOX
4
-1.085 0.001
3.1189999999999998 0.001
3.1189999999999998 0.2665
-1.085 0.2665
4.0

ILD1a
4
-1.085 0.2665
3.1189999999999998 0.2665
3.1189999999999998 0.2765
-1.085 0.2765
7.0

ILD1b1+ILD1b2+ILD1b3
4
-1.085 0.2765
3.1189999999999998 0.2765
3.1189999999999998 0.3955
-1.085 0.3955
4.0

IMD1a
4
-1.085 0.3955
3.1189999999999998 0.3955
3.1189999999999998 0.4065
-1.085 0.4065
5.2

IMD1b
4
-1.085 0.4065
3.1189999999999998 0.4065
3.1189999999999998 0.4665
-1.085 0.4665
2.8

IMD2a
4
-1.085 0.4665
3.1189999999999998 0.4665
3.1189999999999998 0.4875
-1.085 0.4875
5.2

IMD2b
4
-1.085 0.4875
3.1189999999999998 0.4875
3.1189999999999998 0.5025
-1.085 0.5025
4.2

IMD2c
4
-1.085 0.5025
3.1189999999999998 0.5025
3.1189999999999998 0.5265
-1.085 0.5265
3.28

IMD2d1+IMD2d2
4
-1.085 0.5265
3.1189999999999998 0.5265
3.1189999999999998 0.6535
-1.085 0.6535
2.65

IMD3a
4
-1.085 0.6535
3.1189999999999998 0.6535
3.1189999999999998 0.6745
-1.085 0.6745
5.2

IMD3b
4
-1.085 0.6745
3.1189999999999998 0.6745
3.1189999999999998 0.6895
-1.085 0.6895
4.2

IMD3c
4
-1.085 0.6895
3.1189999999999998 0.6895
3.1189999999999998 0.7135
-1.085 0.7135
3.28

IMD3d1+IMD3d2
4
-1.085 0.7135
3.1189999999999998 0.7135
3.1189999999999998 0.8405
-1.085 0.8405
2.65

IMD4a
4
-1.085 0.8405
3.1189999999999998 0.8405
3.1189999999999998 0.8615
-1.085 0.8615
5.2

IMD4b
4
-1.085 0.8615
3.1189999999999998 0.8615
3.1189999999999998 0.8765
-1.085 0.8765
4.2

IMD4c
4
-1.085 0.8765
3.1189999999999998 0.8765
3.1189999999999998 0.9005
-1.085 0.9005
3.28

IMD4d1+IMD4d2
4
-1.085 0.9005
3.1189999999999998 0.9005
3.1189999999999998 1.0275
-1.085 1.0275
2.65

IMD5a
4
-1.085 1.0275
3.1189999999999998 1.0275
3.1189999999999998 1.0485
-1.085 1.0485
5.2

IMD5b
4
-1.085 1.0485
3.1189999999999998 1.0485
3.1189999999999998 1.0635
-1.085 1.0635
4.2

IMD5c
4
-1.085 1.0635
3.1189999999999998 1.0635
3.1189999999999998 1.0875
-1.085 1.0875
3.28

IMD5d1+IMD5d2
4
-1.085 1.0875
3.1189999999999998 1.0875
3.1189999999999998 1.2145
-1.085 1.2145
2.65

IMD6a
4
-1.085 1.2145
3.1189999999999998 1.2145
3.1189999999999998 1.2355
-1.085 1.2355
5.2

IMD6b
4
-1.085 1.2355
3.1189999999999998 1.2355
3.1189999999999998 1.2505
-1.085 1.2505
4.2

IMD6c
4
-1.085 1.2505
3.1189999999999998 1.2505
3.1189999999999998 1.2745
-1.085 1.2745
3.28

IMD7a
4
-1.085 1.4015
3.1189999999999998 1.4015
3.1189999999999998 1.4765
-1.085 1.4765
5.2

IMD7b1+IMD7b2
4
-1.085 1.4765
3.1189999999999998 1.4765
3.1189999999999998 2.9765
-1.085 2.9765
4.2

IMD8a
4
-1.085 2.9765
3.1189999999999998 2.9765
3.1189999999999998 3.0515
-1.085 3.0515
5.2

IMD8b1+IMD8b2
4
-1.085 3.0515
3.1189999999999998 3.0515
3.1189999999999998 4.5515
-1.085 4.5515
4.2

PASS1
4
-1.085 4.5515
3.1189999999999998 4.5515
3.1189999999999998 4.6265
-1.085 4.6265
7.0

PASS2
4
-1.085 4.6265
3.1189999999999998 4.6265
3.1189999999999998 5.0265
-1.085 5.0265
4.2

PASS3
4
-1.085 5.0265
3.1189999999999998 5.0265
3.1189999999999998 5.1015
-1.085 5.1015
7.0

PASS4+PASS5
4
-1.085 5.1015
3.1189999999999998 5.1015
3.1189999999999998 6.0515
-1.085 6.0515
4.2

PASS6
4
-1.085 6.0515
3.1189999999999998 6.0515
3.1189999999999998 6.6515
-1.085 6.6515
7.0

air_Layer
4
-1.085 6.6515
3.1189999999999998 6.6515
3.1189999999999998 6.9485
-1.085 6.9485
1.0


4
-1.085 0.001
3.1189999999999998 0.001
3.1189999999999998 6.9485
-1.085 6.9485

