c1
4
-0.21592000000000006 0.37050000000000005
0.21591999999999995 0.37050000000000005
0.22507999999999995 0.4665
-0.22508000000000006 0.4665

5
botleft
4
-1.1975 -0.001
0 -0.001
0 0.001
-1.1975 0.001

botright
4
0 -0.001
2.7365 -0.001
2.7365 0.001
0 0.001

lEnv
4
-0.6929200000000001 0.37050000000000005
-0.26108000000000003 0.37050000000000005
-0.25192000000000003 0.4665
-0.70208 0.4665

c2
4
0.7830799999999999 0.37050000000000005
1.4849199999999998 0.37050000000000005
1.4940799999999999 0.4665
0.7739199999999999 0.4665

rEnv
4
1.5300799999999999 0.37050000000000005
2.2319199999999997 0.37050000000000005
2.2410799999999997 0.4665
1.5209199999999998 0.4665


48
IMD1b
4
-1.1975 0.40650000000000003
-0.6963550000000001 0.40650000000000003
-0.70208 0.4665
-1.1975 0.4665
2.8

IMD1b
4
-0.257645 0.40650000000000003
-0.21935500000000005 0.40650000000000003
-0.22508000000000006 0.4665
-0.25192000000000003 0.4665
2.8

IMD1b
4
0.21935499999999994 0.40650000000000003
0.7796449999999999 0.40650000000000003
0.7739199999999999 0.4665
0.22507999999999995 0.4665
2.8

IMD1b
4
1.4883549999999999 0.40650000000000003
1.5266449999999998 0.40650000000000003
1.5209199999999998 0.4665
1.4940799999999999 0.4665
2.8

IMD1b
4
2.2353549999999998 0.40650000000000003
2.7365 0.40650000000000003
2.7365 0.4665
2.2410799999999997 0.4665
2.8

IMD1a
4
-1.1975 0.3955
-0.6953054166666667 0.3955
-0.6963550000000001 0.40650000000000003
-1.1975 0.40650000000000003
5.2

IMD1a
4
-0.25869458333333334 0.3955
-0.21830541666666672 0.3955
-0.21935500000000005 0.40650000000000003
-0.257645 0.40650000000000003
5.2

IMD1a
4
0.2183054166666666 0.3955
0.7806945833333333 0.3955
0.7796449999999999 0.40650000000000003
0.21935499999999994 0.40650000000000003
5.2

IMD1a
4
1.4873054166666666 0.3955
1.527694583333333 0.3955
1.5266449999999998 0.40650000000000003
1.4883549999999999 0.40650000000000003
5.2

IMD1a
4
2.2343054166666665 0.3955
2.7365 0.3955
2.7365 0.40650000000000003
2.2353549999999998 0.40650000000000003
5.2

ILD1b3
4
-1.1975 0.37050000000000005
-0.6929200000000001 0.37050000000000005
-0.6953054166666667 0.3955
-1.1975 0.3955
4

ILD1b3
4
-0.26108000000000003 0.37050000000000005
-0.21592000000000006 0.37050000000000005
-0.21830541666666672 0.3955
-0.25869458333333334 0.3955
4

ILD1b3
4
0.21591999999999995 0.37050000000000005
0.7830799999999999 0.37050000000000005
0.7806945833333333 0.3955
0.2183054166666666 0.3955
4

ILD1b3
4
1.4849199999999998 0.37050000000000005
1.5300799999999999 0.37050000000000005
1.527694583333333 0.3955
1.4873054166666666 0.3955
4

ILD1b3
4
2.2319199999999997 0.37050000000000005
2.7365 0.37050000000000005
2.7365 0.3955
2.2343054166666665 0.3955
4

ILD1b1+ILD1b2
4
-1.1975 0.2765
2.7365 0.2765
2.7365 0.37050000000000005
-1.1975 0.37050000000000005
4

FOXA+FOXB+TOX
4
-1.1975 0.001
2.7365 0.001
2.7365 0.2665
-1.1975 0.2665
4.0

ILD1a
4
-1.1975 0.2665
2.7365 0.2665
2.7365 0.2765
-1.1975 0.2765
7.0

IMD2a
4
-1.1975 0.4665
2.7365 0.4665
2.7365 0.4875
-1.1975 0.4875
5.2

IMD2b
4
-1.1975 0.4875
2.7365 0.4875
2.7365 0.5025
-1.1975 0.5025
4.2

IMD2c
4
-1.1975 0.5025
2.7365 0.5025
2.7365 0.5265
-1.1975 0.5265
3.28

IMD2d1+IMD2d2
4
-1.1975 0.5265
2.7365 0.5265
2.7365 0.6535
-1.1975 0.6535
2.65

IMD3a
4
-1.1975 0.6535
2.7365 0.6535
2.7365 0.6745
-1.1975 0.6745
5.2

IMD3b
4
-1.1975 0.6745
2.7365 0.6745
2.7365 0.6895
-1.1975 0.6895
4.2

IMD3c
4
-1.1975 0.6895
2.7365 0.6895
2.7365 0.7135
-1.1975 0.7135
3.28

IMD3d1+IMD3d2
4
-1.1975 0.7135
2.7365 0.7135
2.7365 0.8405
-1.1975 0.8405
2.65

IMD4a
4
-1.1975 0.8405
2.7365 0.8405
2.7365 0.8615
-1.1975 0.8615
5.2

IMD4b
4
-1.1975 0.8615
2.7365 0.8615
2.7365 0.8765
-1.1975 0.8765
4.2

IMD4c
4
-1.1975 0.8765
2.7365 0.8765
2.7365 0.9005
-1.1975 0.9005
3.28

IMD4d1+IMD4d2
4
-1.1975 0.9005
2.7365 0.9005
2.7365 1.0275
-1.1975 1.0275
2.65

IMD5a
4
-1.1975 1.0275
2.7365 1.0275
2.7365 1.0485
-1.1975 1.0485
5.2

IMD5b
4
-1.1975 1.0485
2.7365 1.0485
2.7365 1.0635
-1.1975 1.0635
4.2

IMD5c
4
-1.1975 1.0635
2.7365 1.0635
2.7365 1.0875
-1.1975 1.0875
3.28

IMD5d1+IMD5d2
4
-1.1975 1.0875
2.7365 1.0875
2.7365 1.2145
-1.1975 1.2145
2.65

IMD6a
4
-1.1975 1.2145
2.7365 1.2145
2.7365 1.2355
-1.1975 1.2355
5.2

IMD6b
4
-1.1975 1.2355
2.7365 1.2355
2.7365 1.2505
-1.1975 1.2505
4.2

IMD6c
4
-1.1975 1.2505
2.7365 1.2505
2.7365 1.2745
-1.1975 1.2745
3.28

IMD6d1+IMD6d2
4
-1.1975 1.2745
2.7365 1.2745
2.7365 1.4015
-1.1975 1.4015
2.65

IMD7a
4
-1.1975 1.4015
2.7365 1.4015
2.7365 1.4765
-1.1975 1.4765
5.2

IMD7b1+IMD7b2
4
-1.1975 1.4765
2.7365 1.4765
2.7365 2.9765
-1.1975 2.9765
4.2

IMD8a
4
-1.1975 2.9765
2.7365 2.9765
2.7365 3.0515
-1.1975 3.0515
5.2

IMD8b1+IMD8b2
4
-1.1975 3.0515
2.7365 3.0515
2.7365 4.5515
-1.1975 4.5515
4.2

PASS1
4
-1.1975 4.5515
2.7365 4.5515
2.7365 4.6265
-1.1975 4.6265
7.0

PASS2
4
-1.1975 4.6265
2.7365 4.6265
2.7365 5.0265
-1.1975 5.0265
4.2

PASS3
4
-1.1975 5.0265
2.7365 5.0265
2.7365 5.1015
-1.1975 5.1015
7.0

PASS4+PASS5
4
-1.1975 5.1015
2.7365 5.1015
2.7365 6.0515
-1.1975 6.0515
4.2

PASS6
4
-1.1975 6.0515
2.7365 6.0515
2.7365 6.6515
-1.1975 6.6515
7.0

air_Layer
4
-1.1975 6.6515
2.7365 6.6515
2.7365 6.9485
-1.1975 6.9485
1.0


4
-1.1975 0.001
2.7365 0.001
2.7365 6.9485
-1.1975 6.9485

