c1
4
-0.15001 1.3025
0.15001 1.3025
0.15599000000000002 1.4015
-0.15599000000000002 1.4015

5
botleft
4
-0.995 -0.001
0 -0.001
0 0.001
-0.995 0.001

botright
4
0 -0.001
2.1739999999999995 -0.001
2.1739999999999995 0.001
0 0.001

lEnv
4
-0.49201 1.3025
-0.19199000000000002 1.3025
-0.18601 1.4015
-0.49799 1.4015

c2
4
0.21899 1.3025
0.9240099999999999 1.3025
0.9299899999999999 1.4015
0.21300999999999998 1.4015

rEnv
4
0.9659899999999998 1.3025
1.6710099999999997 1.3025
1.6769899999999998 1.4015
0.9600099999999998 1.4015


57
IMD6d1_damage
4
-0.501424 1.2925
-0.18257600000000002 1.2925
-0.18197200000000002 1.3025
-0.502028 1.3025
3.1

IMD6d1_damage
4
-0.159424 1.2925
0.159424 1.2925
0.160028 1.3025
-0.160028 1.3025
3.1

IMD6d1_damage
4
0.20957599999999998 1.2925
0.9334239999999998 1.2925
0.9340279999999999 1.3025
0.208972 1.3025
3.1

IMD6d1_damage
4
0.9565759999999999 1.2925
1.6804239999999997 1.2925
1.6810279999999997 1.3025
0.9559719999999998 1.3025
3.1

IMD6d2_damage
4
-0.497019 1.3025
-0.49201 1.3025
-0.49799 1.4015
-0.502999 1.4015
2.9

IMD6d2_damage
4
-0.19199000000000002 1.3025
-0.186981 1.3025
-0.181001 1.4015
-0.18601 1.4015
2.9

IMD6d2_damage
4
-0.15501900000000002 1.3025
-0.15001 1.3025
-0.15599000000000002 1.4015
-0.16099900000000003 1.4015
2.9

IMD6d2_damage
4
0.15001 1.3025
0.15501900000000002 1.3025
0.16099900000000003 1.4015
0.15599000000000002 1.4015
2.9

IMD6d2_damage
4
0.21398099999999998 1.3025
0.21899 1.3025
0.21300999999999998 1.4015
0.20800099999999996 1.4015
2.9

IMD6d2_damage
4
0.9240099999999999 1.3025
0.9290189999999999 1.3025
0.9349989999999999 1.4015
0.9299899999999999 1.4015
2.9

IMD6d2_damage
4
0.9609809999999998 1.3025
0.9659899999999998 1.3025
0.9600099999999998 1.4015
0.9550009999999998 1.4015
2.9

IMD6d2_damage
4
1.6710099999999997 1.3025
1.6760189999999997 1.3025
1.6819989999999998 1.4015
1.6769899999999998 1.4015
2.9

IMD6d2
4
-0.995 1.3025
-0.497019 1.3025
-0.502999 1.4015
-0.995 1.4015
2.65

IMD6d2
4
-0.186981 1.3025
-0.15501900000000002 1.3025
-0.16099900000000003 1.4015
-0.181001 1.4015
2.65

IMD6d2
4
0.15501900000000002 1.3025
0.21398099999999998 1.3025
0.20800099999999996 1.4015
0.16099900000000003 1.4015
2.65

IMD6d2
4
0.9290189999999999 1.3025
0.9609809999999998 1.3025
0.9550009999999998 1.4015
0.9349989999999999 1.4015
2.65

IMD6d2
4
1.6760189999999997 1.3025
2.1739999999999995 1.3025
2.1739999999999995 1.4015
1.6819989999999998 1.4015
2.65

IMD6d1
4
-0.995 1.2925
-0.501424 1.2925
-0.502028 1.3025
-0.995 1.3025
2.65

IMD6d1
4
-0.18257600000000002 1.2925
-0.159424 1.2925
-0.160028 1.3025
-0.18197200000000002 1.3025
2.65

IMD6d1
4
0.159424 1.2925
0.20957599999999998 1.2925
0.208972 1.3025
0.160028 1.3025
2.65

IMD6d1
4
0.9334239999999998 1.2925
0.9565759999999999 1.2925
0.9559719999999998 1.3025
0.9340279999999999 1.3025
2.65

IMD6d1
4
1.6804239999999997 1.2925
2.1739999999999995 1.2925
2.1739999999999995 1.3025
1.6810279999999997 1.3025
2.65

IMD6d1
4
-0.995 1.2745
2.1739999999999995 1.2745
2.1739999999999995 1.2925
-0.995 1.2925
2.65

FOXA+FOXB+TOX
4
-0.995 0.001
2.1739999999999995 0.001
2.1739999999999995 0.2665
-0.995 0.2665
4.0

ILD1a
4
-0.995 0.2665
2.1739999999999995 0.2665
2.1739999999999995 0.2765
-0.995 0.2765
7.0

ILD1b1+ILD1b2+ILD1b3
4
-0.995 0.2765
2.1739999999999995 0.2765
2.1739999999999995 0.3955
-0.995 0.3955
4.0

IMD1a
4
-0.995 0.3955
2.1739999999999995 0.3955
2.1739999999999995 0.4065
-0.995 0.4065
5.2

IMD1b
4
-0.995 0.4065
2.1739999999999995 0.4065
2.1739999999999995 0.4665
-0.995 0.4665
2.8

IMD2a
4
-0.995 0.4665
2.1739999999999995 0.4665
2.1739999999999995 0.4875
-0.995 0.4875
5.2

IMD2b
4
-0.995 0.4875
2.1739999999999995 0.4875
2.1739999999999995 0.5025
-0.995 0.5025
4.2

IMD2c
4
-0.995 0.5025
2.1739999999999995 0.5025
2.1739999999999995 0.5265
-0.995 0.5265
3.28

IMD2d1+IMD2d2
4
-0.995 0.5265
2.1739999999999995 0.5265
2.1739999999999995 0.6535
-0.995 0.6535
2.65

IMD3a
4
-0.995 0.6535
2.1739999999999995 0.6535
2.1739999999999995 0.6745
-0.995 0.6745
5.2

IMD3b
4
-0.995 0.6745
2.1739999999999995 0.6745
2.1739999999999995 0.6895
-0.995 0.6895
4.2

IMD3c
4
-0.995 0.6895
2.1739999999999995 0.6895
2.1739999999999995 0.7135
-0.995 0.7135
3.28

IMD3d1+IMD3d2
4
-0.995 0.7135
2.1739999999999995 0.7135
2.1739999999999995 0.8405
-0.995 0.8405
2.65

IMD4a
4
-0.995 0.8405
2.1739999999999995 0.8405
2.1739999999999995 0.8615
-0.995 0.8615
5.2

IMD4b
4
-0.995 0.8615
2.1739999999999995 0.8615
2.1739999999999995 0.8765
-0.995 0.8765
4.2

IMD4c
4
-0.995 0.8765
2.1739999999999995 0.8765
2.1739999999999995 0.9005
-0.995 0.9005
3.28

IMD4d1+IMD4d2
4
-0.995 0.9005
2.1739999999999995 0.9005
2.1739999999999995 1.0275
-0.995 1.0275
2.65

IMD5a
4
-0.995 1.0275
2.1739999999999995 1.0275
2.1739999999999995 1.0485
-0.995 1.0485
5.2

IMD5b
4
-0.995 1.0485
2.1739999999999995 1.0485
2.1739999999999995 1.0635
-0.995 1.0635
4.2

IMD5c
4
-0.995 1.0635
2.1739999999999995 1.0635
2.1739999999999995 1.0875
-0.995 1.0875
3.28

IMD5d1+IMD5d2
4
-0.995 1.0875
2.1739999999999995 1.0875
2.1739999999999995 1.2145
-0.995 1.2145
2.65

IMD6a
4
-0.995 1.2145
2.1739999999999995 1.2145
2.1739999999999995 1.2355
-0.995 1.2355
5.2

IMD6b
4
-0.995 1.2355
2.1739999999999995 1.2355
2.1739999999999995 1.2505
-0.995 1.2505
4.2

IMD6c
4
-0.995 1.2505
2.1739999999999995 1.2505
2.1739999999999995 1.2745
-0.995 1.2745
3.28

IMD7a
4
-0.995 1.4015
2.1739999999999995 1.4015
2.1739999999999995 1.4765
-0.995 1.4765
5.2

IMD7b1+IMD7b2
4
-0.995 1.4765
2.1739999999999995 1.4765
2.1739999999999995 2.9765
-0.995 2.9765
4.2

IMD8a
4
-0.995 2.9765
2.1739999999999995 2.9765
2.1739999999999995 3.0515
-0.995 3.0515
5.2

IMD8b1+IMD8b2
4
-0.995 3.0515
2.1739999999999995 3.0515
2.1739999999999995 4.5515
-0.995 4.5515
4.2

PASS1
4
-0.995 4.5515
2.1739999999999995 4.5515
2.1739999999999995 4.6265
-0.995 4.6265
7.0

PASS2
4
-0.995 4.6265
2.1739999999999995 4.6265
2.1739999999999995 5.0265
-0.995 5.0265
4.2

PASS3
4
-0.995 5.0265
2.1739999999999995 5.0265
2.1739999999999995 5.1015
-0.995 5.1015
7.0

PASS4+PASS5
4
-0.995 5.1015
2.1739999999999995 5.1015
2.1739999999999995 6.0515
-0.995 6.0515
4.2

PASS6
4
-0.995 6.0515
2.1739999999999995 6.0515
2.1739999999999995 6.6515
-0.995 6.6515
7.0

air_Layer
4
-0.995 6.6515
2.1739999999999995 6.6515
2.1739999999999995 6.9485
-0.995 6.9485
1.0


4
-0.995 0.001
2.1739999999999995 0.001
2.1739999999999995 6.9485
-0.995 6.9485

