c1
4
-0.15000999999999995 1.3025
0.15001000000000006 1.3025
0.15599000000000007 1.4015
-0.15598999999999996 1.4015

5
botleft
4
-1.265 -0.001
0 -0.001
0 0.001
-1.265 0.001

botright
4
0 -0.001
1.679 -0.001
1.679 0.001
0 0.001

lEnv
4
-0.76201 1.3025
-0.46198999999999996 1.3025
-0.45600999999999997 1.4015
-0.76799 1.4015

c2
4
0.6239900000000002 1.3025
0.7440100000000002 1.3025
0.7499900000000002 1.4015
0.6180100000000002 1.4015

rEnv
4
1.0559900000000002 1.3025
1.17601 1.3025
1.18199 1.4015
1.05001 1.4015


57
IMD6d1_damage
4
-0.7714239999999999 1.2925
-0.452576 1.2925
-0.451972 1.3025
-0.7720279999999999 1.3025
3.1

IMD6d1_damage
4
-0.15942399999999995 1.2925
0.15942400000000007 1.2925
0.16002800000000006 1.3025
-0.16002799999999995 1.3025
3.1

IMD6d1_damage
4
0.6145760000000002 1.2925
0.7534240000000001 1.2925
0.7540280000000001 1.3025
0.6139720000000002 1.3025
3.1

IMD6d1_damage
4
1.0465760000000002 1.2925
1.185424 1.2925
1.186028 1.3025
1.0459720000000001 1.3025
3.1

IMD6d2_damage
4
-0.767019 1.3025
-0.76201 1.3025
-0.76799 1.4015
-0.772999 1.4015
2.9

IMD6d2_damage
4
-0.46198999999999996 1.3025
-0.45698099999999997 1.3025
-0.451001 1.4015
-0.45600999999999997 1.4015
2.9

IMD6d2_damage
4
-0.15501899999999996 1.3025
-0.15000999999999995 1.3025
-0.15598999999999996 1.4015
-0.16099899999999998 1.4015
2.9

IMD6d2_damage
4
0.15001000000000006 1.3025
0.15501900000000007 1.3025
0.1609990000000001 1.4015
0.15599000000000007 1.4015
2.9

IMD6d2_damage
4
0.6189810000000001 1.3025
0.6239900000000002 1.3025
0.6180100000000002 1.4015
0.6130010000000001 1.4015
2.9

IMD6d2_damage
4
0.7440100000000002 1.3025
0.7490190000000002 1.3025
0.7549990000000002 1.4015
0.7499900000000002 1.4015
2.9

IMD6d2_damage
4
1.0509810000000002 1.3025
1.0559900000000002 1.3025
1.05001 1.4015
1.045001 1.4015
2.9

IMD6d2_damage
4
1.17601 1.3025
1.181019 1.3025
1.1869990000000001 1.4015
1.18199 1.4015
2.9

IMD6d2
4
-1.265 1.3025
-0.767019 1.3025
-0.772999 1.4015
-1.265 1.4015
2.65

IMD6d2
4
-0.45698099999999997 1.3025
-0.15501899999999996 1.3025
-0.16099899999999998 1.4015
-0.451001 1.4015
2.65

IMD6d2
4
0.15501900000000007 1.3025
0.6189810000000001 1.3025
0.6130010000000001 1.4015
0.1609990000000001 1.4015
2.65

IMD6d2
4
0.7490190000000002 1.3025
1.0509810000000002 1.3025
1.045001 1.4015
0.7549990000000002 1.4015
2.65

IMD6d2
4
1.181019 1.3025
1.679 1.3025
1.679 1.4015
1.1869990000000001 1.4015
2.65

IMD6d1
4
-1.265 1.2925
-0.7714239999999999 1.2925
-0.7720279999999999 1.3025
-1.265 1.3025
2.65

IMD6d1
4
-0.452576 1.2925
-0.15942399999999995 1.2925
-0.16002799999999995 1.3025
-0.451972 1.3025
2.65

IMD6d1
4
0.15942400000000007 1.2925
0.6145760000000002 1.2925
0.6139720000000002 1.3025
0.16002800000000006 1.3025
2.65

IMD6d1
4
0.7534240000000001 1.2925
1.0465760000000002 1.2925
1.0459720000000001 1.3025
0.7540280000000001 1.3025
2.65

IMD6d1
4
1.185424 1.2925
1.679 1.2925
1.679 1.3025
1.186028 1.3025
2.65

IMD6d1
4
-1.265 1.2745
1.679 1.2745
1.679 1.2925
-1.265 1.2925
2.65

FOXA+FOXB+TOX
4
-1.265 0.001
1.679 0.001
1.679 0.2665
-1.265 0.2665
4.0

ILD1a
4
-1.265 0.2665
1.679 0.2665
1.679 0.2765
-1.265 0.2765
7.0

ILD1b1+ILD1b2+ILD1b3
4
-1.265 0.2765
1.679 0.2765
1.679 0.3955
-1.265 0.3955
4.0

IMD1a
4
-1.265 0.3955
1.679 0.3955
1.679 0.4065
-1.265 0.4065
5.2

IMD1b
4
-1.265 0.4065
1.679 0.4065
1.679 0.4665
-1.265 0.4665
2.8

IMD2a
4
-1.265 0.4665
1.679 0.4665
1.679 0.4875
-1.265 0.4875
5.2

IMD2b
4
-1.265 0.4875
1.679 0.4875
1.679 0.5025
-1.265 0.5025
4.2

IMD2c
4
-1.265 0.5025
1.679 0.5025
1.679 0.5265
-1.265 0.5265
3.28

IMD2d1+IMD2d2
4
-1.265 0.5265
1.679 0.5265
1.679 0.6535
-1.265 0.6535
2.65

IMD3a
4
-1.265 0.6535
1.679 0.6535
1.679 0.6745
-1.265 0.6745
5.2

IMD3b
4
-1.265 0.6745
1.679 0.6745
1.679 0.6895
-1.265 0.6895
4.2

IMD3c
4
-1.265 0.6895
1.679 0.6895
1.679 0.7135
-1.265 0.7135
3.28

IMD3d1+IMD3d2
4
-1.265 0.7135
1.679 0.7135
1.679 0.8405
-1.265 0.8405
2.65

IMD4a
4
-1.265 0.8405
1.679 0.8405
1.679 0.8615
-1.265 0.8615
5.2

IMD4b
4
-1.265 0.8615
1.679 0.8615
1.679 0.8765
-1.265 0.8765
4.2

IMD4c
4
-1.265 0.8765
1.679 0.8765
1.679 0.9005
-1.265 0.9005
3.28

IMD4d1+IMD4d2
4
-1.265 0.9005
1.679 0.9005
1.679 1.0275
-1.265 1.0275
2.65

IMD5a
4
-1.265 1.0275
1.679 1.0275
1.679 1.0485
-1.265 1.0485
5.2

IMD5b
4
-1.265 1.0485
1.679 1.0485
1.679 1.0635
-1.265 1.0635
4.2

IMD5c
4
-1.265 1.0635
1.679 1.0635
1.679 1.0875
-1.265 1.0875
3.28

IMD5d1+IMD5d2
4
-1.265 1.0875
1.679 1.0875
1.679 1.2145
-1.265 1.2145
2.65

IMD6a
4
-1.265 1.2145
1.679 1.2145
1.679 1.2355
-1.265 1.2355
5.2

IMD6b
4
-1.265 1.2355
1.679 1.2355
1.679 1.2505
-1.265 1.2505
4.2

IMD6c
4
-1.265 1.2505
1.679 1.2505
1.679 1.2745
-1.265 1.2745
3.28

IMD7a
4
-1.265 1.4015
1.679 1.4015
1.679 1.4765
-1.265 1.4765
5.2

IMD7b1+IMD7b2
4
-1.265 1.4765
1.679 1.4765
1.679 2.9765
-1.265 2.9765
4.2

IMD8a
4
-1.265 2.9765
1.679 2.9765
1.679 3.0515
-1.265 3.0515
5.2

IMD8b1+IMD8b2
4
-1.265 3.0515
1.679 3.0515
1.679 4.5515
-1.265 4.5515
4.2

PASS1
4
-1.265 4.5515
1.679 4.5515
1.679 4.6265
-1.265 4.6265
7.0

PASS2
4
-1.265 4.6265
1.679 4.6265
1.679 5.0265
-1.265 5.0265
4.2

PASS3
4
-1.265 5.0265
1.679 5.0265
1.679 5.1015
-1.265 5.1015
7.0

PASS4+PASS5
4
-1.265 5.1015
1.679 5.1015
1.679 6.0515
-1.265 6.0515
4.2

PASS6
4
-1.265 6.0515
1.679 6.0515
1.679 6.6515
-1.265 6.6515
7.0

air_Layer
4
-1.265 6.6515
1.679 6.6515
1.679 6.9485
-1.265 6.9485
1.0


4
-1.265 0.001
1.679 0.001
1.679 6.9485
-1.265 6.9485

