c1
4
-0.4200100000000001 0.5545
0.4200099999999999 0.5545
0.42598999999999987 0.6535
-0.4259900000000001 0.6535

5
botleft
4
-1.895 -0.001
0 -0.001
0 0.001
-1.895 0.001

botright
4
0 -0.001
2.2639999999999993 -0.001
2.2639999999999993 0.001
0 0.001

lEnv
4
-1.39201 0.5545
-0.5519900000000001 0.5545
-0.5460100000000001 0.6535
-1.39799 0.6535

c2
4
1.20899 0.5545
1.4190099999999997 0.5545
1.4249899999999998 0.6535
1.20301 0.6535

rEnv
4
1.5509899999999996 0.5545
1.7610099999999993 0.5545
1.7669899999999994 0.6535
1.5450099999999996 0.6535


57
IMD2d1_damage
4
-1.401424 0.5445
-0.5425760000000002 0.5445
-0.5419720000000001 0.5545
-1.402028 0.5545
3.1

IMD2d1_damage
4
-0.4294240000000001 0.5445
0.42942399999999986 0.5445
0.43002799999999985 0.5545
-0.4300280000000001 0.5545
3.1

IMD2d1_damage
4
1.199576 0.5445
1.4284239999999997 0.5445
1.4290279999999997 0.5545
1.198972 0.5545
3.1

IMD2d1_damage
4
1.5415759999999996 0.5445
1.7704239999999993 0.5445
1.7710279999999994 0.5545
1.5409719999999996 0.5545
3.1

IMD2d2_damage
4
-1.397019 0.5545
-1.39201 0.5545
-1.39799 0.6535
-1.402999 0.6535
2.9

IMD2d2_damage
4
-0.5519900000000001 0.5545
-0.546981 0.5545
-0.5410010000000001 0.6535
-0.5460100000000001 0.6535
2.9

IMD2d2_damage
4
-0.4250190000000001 0.5545
-0.4200100000000001 0.5545
-0.4259900000000001 0.6535
-0.4309990000000001 0.6535
2.9

IMD2d2_damage
4
0.4200099999999999 0.5545
0.42501899999999987 0.5545
0.43099899999999985 0.6535
0.42598999999999987 0.6535
2.9

IMD2d2_damage
4
1.203981 0.5545
1.20899 0.5545
1.20301 0.6535
1.1980009999999999 0.6535
2.9

IMD2d2_damage
4
1.4190099999999997 0.5545
1.4240189999999997 0.5545
1.4299989999999998 0.6535
1.4249899999999998 0.6535
2.9

IMD2d2_damage
4
1.5459809999999996 0.5545
1.5509899999999996 0.5545
1.5450099999999996 0.6535
1.5400009999999995 0.6535
2.9

IMD2d2_damage
4
1.7610099999999993 0.5545
1.7660189999999993 0.5545
1.7719989999999994 0.6535
1.7669899999999994 0.6535
2.9

IMD2d2
4
-1.895 0.5545
-1.397019 0.5545
-1.402999 0.6535
-1.895 0.6535
2.65

IMD2d2
4
-0.546981 0.5545
-0.4250190000000001 0.5545
-0.4309990000000001 0.6535
-0.5410010000000001 0.6535
2.65

IMD2d2
4
0.42501899999999987 0.5545
1.203981 0.5545
1.1980009999999999 0.6535
0.43099899999999985 0.6535
2.65

IMD2d2
4
1.4240189999999997 0.5545
1.5459809999999996 0.5545
1.5400009999999995 0.6535
1.4299989999999998 0.6535
2.65

IMD2d2
4
1.7660189999999993 0.5545
2.2639999999999993 0.5545
2.2639999999999993 0.6535
1.7719989999999994 0.6535
2.65

IMD2d1
4
-1.895 0.5445
-1.401424 0.5445
-1.402028 0.5545
-1.895 0.5545
2.65

IMD2d1
4
-0.5425760000000002 0.5445
-0.4294240000000001 0.5445
-0.4300280000000001 0.5545
-0.5419720000000001 0.5545
2.65

IMD2d1
4
0.42942399999999986 0.5445
1.199576 0.5445
1.198972 0.5545
0.43002799999999985 0.5545
2.65

IMD2d1
4
1.4284239999999997 0.5445
1.5415759999999996 0.5445
1.5409719999999996 0.5545
1.4290279999999997 0.5545
2.65

IMD2d1
4
1.7704239999999993 0.5445
2.2639999999999993 0.5445
2.2639999999999993 0.5545
1.7710279999999994 0.5545
2.65

IMD2d1
4
-1.895 0.5265
2.2639999999999993 0.5265
2.2639999999999993 0.5445
-1.895 0.5445
2.65

FOXA+FOXB+TOX
4
-1.895 0.001
2.2639999999999993 0.001
2.2639999999999993 0.2665
-1.895 0.2665
4.0

ILD1a
4
-1.895 0.2665
2.2639999999999993 0.2665
2.2639999999999993 0.2765
-1.895 0.2765
7.0

ILD1b1+ILD1b2+ILD1b3
4
-1.895 0.2765
2.2639999999999993 0.2765
2.2639999999999993 0.3955
-1.895 0.3955
4.0

IMD1a
4
-1.895 0.3955
2.2639999999999993 0.3955
2.2639999999999993 0.4065
-1.895 0.4065
5.2

IMD1b
4
-1.895 0.4065
2.2639999999999993 0.4065
2.2639999999999993 0.4665
-1.895 0.4665
2.8

IMD2a
4
-1.895 0.4665
2.2639999999999993 0.4665
2.2639999999999993 0.4875
-1.895 0.4875
5.2

IMD2b
4
-1.895 0.4875
2.2639999999999993 0.4875
2.2639999999999993 0.5025
-1.895 0.5025
4.2

IMD2c
4
-1.895 0.5025
2.2639999999999993 0.5025
2.2639999999999993 0.5265
-1.895 0.5265
3.28

IMD3a
4
-1.895 0.6535
2.2639999999999993 0.6535
2.2639999999999993 0.6745
-1.895 0.6745
5.2

IMD3b
4
-1.895 0.6745
2.2639999999999993 0.6745
2.2639999999999993 0.6895
-1.895 0.6895
4.2

IMD3c
4
-1.895 0.6895
2.2639999999999993 0.6895
2.2639999999999993 0.7135
-1.895 0.7135
3.28

IMD3d1+IMD3d2
4
-1.895 0.7135
2.2639999999999993 0.7135
2.2639999999999993 0.8405
-1.895 0.8405
2.65

IMD4a
4
-1.895 0.8405
2.2639999999999993 0.8405
2.2639999999999993 0.8615
-1.895 0.8615
5.2

IMD4b
4
-1.895 0.8615
2.2639999999999993 0.8615
2.2639999999999993 0.8765
-1.895 0.8765
4.2

IMD4c
4
-1.895 0.8765
2.2639999999999993 0.8765
2.2639999999999993 0.9005
-1.895 0.9005
3.28

IMD4d1+IMD4d2
4
-1.895 0.9005
2.2639999999999993 0.9005
2.2639999999999993 1.0275
-1.895 1.0275
2.65

IMD5a
4
-1.895 1.0275
2.2639999999999993 1.0275
2.2639999999999993 1.0485
-1.895 1.0485
5.2

IMD5b
4
-1.895 1.0485
2.2639999999999993 1.0485
2.2639999999999993 1.0635
-1.895 1.0635
4.2

IMD5c
4
-1.895 1.0635
2.2639999999999993 1.0635
2.2639999999999993 1.0875
-1.895 1.0875
3.28

IMD5d1+IMD5d2
4
-1.895 1.0875
2.2639999999999993 1.0875
2.2639999999999993 1.2145
-1.895 1.2145
2.65

IMD6a
4
-1.895 1.2145
2.2639999999999993 1.2145
2.2639999999999993 1.2355
-1.895 1.2355
5.2

IMD6b
4
-1.895 1.2355
2.2639999999999993 1.2355
2.2639999999999993 1.2505
-1.895 1.2505
4.2

IMD6c
4
-1.895 1.2505
2.2639999999999993 1.2505
2.2639999999999993 1.2745
-1.895 1.2745
3.28

IMD6d1+IMD6d2
4
-1.895 1.2745
2.2639999999999993 1.2745
2.2639999999999993 1.4015
-1.895 1.4015
2.65

IMD7a
4
-1.895 1.4015
2.2639999999999993 1.4015
2.2639999999999993 1.4765
-1.895 1.4765
5.2

IMD7b1+IMD7b2
4
-1.895 1.4765
2.2639999999999993 1.4765
2.2639999999999993 2.9765
-1.895 2.9765
4.2

IMD8a
4
-1.895 2.9765
2.2639999999999993 2.9765
2.2639999999999993 3.0515
-1.895 3.0515
5.2

IMD8b1+IMD8b2
4
-1.895 3.0515
2.2639999999999993 3.0515
2.2639999999999993 4.5515
-1.895 4.5515
4.2

PASS1
4
-1.895 4.5515
2.2639999999999993 4.5515
2.2639999999999993 4.6265
-1.895 4.6265
7.0

PASS2
4
-1.895 4.6265
2.2639999999999993 4.6265
2.2639999999999993 5.0265
-1.895 5.0265
4.2

PASS3
4
-1.895 5.0265
2.2639999999999993 5.0265
2.2639999999999993 5.1015
-1.895 5.1015
7.0

PASS4+PASS5
4
-1.895 5.1015
2.2639999999999993 5.1015
2.2639999999999993 6.0515
-1.895 6.0515
4.2

PASS6
4
-1.895 6.0515
2.2639999999999993 6.0515
2.2639999999999993 6.6515
-1.895 6.6515
7.0

air_Layer
4
-1.895 6.6515
2.2639999999999993 6.6515
2.2639999999999993 6.9485
-1.895 6.9485
1.0


4
-1.895 0.001
2.2639999999999993 0.001
2.2639999999999993 6.9485
-1.895 6.9485

