c1
4
-0.15000999999999995 1.3025
0.15000999999999995 1.3025
0.15598999999999996 1.4015
-0.15598999999999996 1.4015

5
botleft
4
-1.175 -0.001
0 -0.001
0 0.001
-1.175 0.001

botright
4
0 -0.001
2.534 -0.001
2.534 0.001
0 0.001

lEnv
4
-0.67201 1.3025
-0.37199 1.3025
-0.36601 1.4015
-0.67799 1.4015

c2
4
0.66899 1.3025
1.23901 1.3025
1.24499 1.4015
0.66301 1.4015

rEnv
4
1.4609900000000002 1.3025
2.0310099999999998 1.3025
2.03699 1.4015
1.4550100000000001 1.4015


57
IMD6d1_damage
4
-0.6814239999999999 1.2925
-0.362576 1.2925
-0.361972 1.3025
-0.682028 1.3025
3.1

IMD6d1_damage
4
-0.15942399999999995 1.2925
0.15942399999999995 1.2925
0.16002799999999995 1.3025
-0.16002799999999995 1.3025
3.1

IMD6d1_damage
4
0.659576 1.2925
1.248424 1.2925
1.249028 1.3025
0.658972 1.3025
3.1

IMD6d1_damage
4
1.4515760000000002 1.2925
2.040424 1.2925
2.041028 1.3025
1.4509720000000002 1.3025
3.1

IMD6d2_damage
4
-0.677019 1.3025
-0.67201 1.3025
-0.67799 1.4015
-0.682999 1.4015
2.9

IMD6d2_damage
4
-0.37199 1.3025
-0.366981 1.3025
-0.361001 1.4015
-0.36601 1.4015
2.9

IMD6d2_damage
4
-0.15501899999999996 1.3025
-0.15000999999999995 1.3025
-0.15598999999999996 1.4015
-0.16099899999999998 1.4015
2.9

IMD6d2_damage
4
0.15000999999999995 1.3025
0.15501899999999996 1.3025
0.16099899999999998 1.4015
0.15598999999999996 1.4015
2.9

IMD6d2_damage
4
0.6639809999999999 1.3025
0.66899 1.3025
0.66301 1.4015
0.658001 1.4015
2.9

IMD6d2_damage
4
1.23901 1.3025
1.244019 1.3025
1.249999 1.4015
1.24499 1.4015
2.9

IMD6d2_damage
4
1.4559810000000002 1.3025
1.4609900000000002 1.3025
1.4550100000000001 1.4015
1.450001 1.4015
2.9

IMD6d2_damage
4
2.0310099999999998 1.3025
2.0360189999999996 1.3025
2.0419989999999997 1.4015
2.03699 1.4015
2.9

IMD6d2
4
-1.175 1.3025
-0.677019 1.3025
-0.682999 1.4015
-1.175 1.4015
2.65

IMD6d2
4
-0.366981 1.3025
-0.15501899999999996 1.3025
-0.16099899999999998 1.4015
-0.361001 1.4015
2.65

IMD6d2
4
0.15501899999999996 1.3025
0.6639809999999999 1.3025
0.658001 1.4015
0.16099899999999998 1.4015
2.65

IMD6d2
4
1.244019 1.3025
1.4559810000000002 1.3025
1.450001 1.4015
1.249999 1.4015
2.65

IMD6d2
4
2.0360189999999996 1.3025
2.534 1.3025
2.534 1.4015
2.0419989999999997 1.4015
2.65

IMD6d1
4
-1.175 1.2925
-0.6814239999999999 1.2925
-0.682028 1.3025
-1.175 1.3025
2.65

IMD6d1
4
-0.362576 1.2925
-0.15942399999999995 1.2925
-0.16002799999999995 1.3025
-0.361972 1.3025
2.65

IMD6d1
4
0.15942399999999995 1.2925
0.659576 1.2925
0.658972 1.3025
0.16002799999999995 1.3025
2.65

IMD6d1
4
1.248424 1.2925
1.4515760000000002 1.2925
1.4509720000000002 1.3025
1.249028 1.3025
2.65

IMD6d1
4
2.040424 1.2925
2.534 1.2925
2.534 1.3025
2.041028 1.3025
2.65

IMD6d1
4
-1.175 1.2745
2.534 1.2745
2.534 1.2925
-1.175 1.2925
2.65

FOXA+FOXB+TOX
4
-1.175 0.001
2.534 0.001
2.534 0.2665
-1.175 0.2665
4.0

ILD1a
4
-1.175 0.2665
2.534 0.2665
2.534 0.2765
-1.175 0.2765
7.0

ILD1b1+ILD1b2+ILD1b3
4
-1.175 0.2765
2.534 0.2765
2.534 0.3955
-1.175 0.3955
4.0

IMD1a
4
-1.175 0.3955
2.534 0.3955
2.534 0.4065
-1.175 0.4065
5.2

IMD1b
4
-1.175 0.4065
2.534 0.4065
2.534 0.4665
-1.175 0.4665
2.8

IMD2a
4
-1.175 0.4665
2.534 0.4665
2.534 0.4875
-1.175 0.4875
5.2

IMD2b
4
-1.175 0.4875
2.534 0.4875
2.534 0.5025
-1.175 0.5025
4.2

IMD2c
4
-1.175 0.5025
2.534 0.5025
2.534 0.5265
-1.175 0.5265
3.28

IMD2d1+IMD2d2
4
-1.175 0.5265
2.534 0.5265
2.534 0.6535
-1.175 0.6535
2.65

IMD3a
4
-1.175 0.6535
2.534 0.6535
2.534 0.6745
-1.175 0.6745
5.2

IMD3b
4
-1.175 0.6745
2.534 0.6745
2.534 0.6895
-1.175 0.6895
4.2

IMD3c
4
-1.175 0.6895
2.534 0.6895
2.534 0.7135
-1.175 0.7135
3.28

IMD3d1+IMD3d2
4
-1.175 0.7135
2.534 0.7135
2.534 0.8405
-1.175 0.8405
2.65

IMD4a
4
-1.175 0.8405
2.534 0.8405
2.534 0.8615
-1.175 0.8615
5.2

IMD4b
4
-1.175 0.8615
2.534 0.8615
2.534 0.8765
-1.175 0.8765
4.2

IMD4c
4
-1.175 0.8765
2.534 0.8765
2.534 0.9005
-1.175 0.9005
3.28

IMD4d1+IMD4d2
4
-1.175 0.9005
2.534 0.9005
2.534 1.0275
-1.175 1.0275
2.65

IMD5a
4
-1.175 1.0275
2.534 1.0275
2.534 1.0485
-1.175 1.0485
5.2

IMD5b
4
-1.175 1.0485
2.534 1.0485
2.534 1.0635
-1.175 1.0635
4.2

IMD5c
4
-1.175 1.0635
2.534 1.0635
2.534 1.0875
-1.175 1.0875
3.28

IMD5d1+IMD5d2
4
-1.175 1.0875
2.534 1.0875
2.534 1.2145
-1.175 1.2145
2.65

IMD6a
4
-1.175 1.2145
2.534 1.2145
2.534 1.2355
-1.175 1.2355
5.2

IMD6b
4
-1.175 1.2355
2.534 1.2355
2.534 1.2505
-1.175 1.2505
4.2

IMD6c
4
-1.175 1.2505
2.534 1.2505
2.534 1.2745
-1.175 1.2745
3.28

IMD7a
4
-1.175 1.4015
2.534 1.4015
2.534 1.4765
-1.175 1.4765
5.2

IMD7b1+IMD7b2
4
-1.175 1.4765
2.534 1.4765
2.534 2.9765
-1.175 2.9765
4.2

IMD8a
4
-1.175 2.9765
2.534 2.9765
2.534 3.0515
-1.175 3.0515
5.2

IMD8b1+IMD8b2
4
-1.175 3.0515
2.534 3.0515
2.534 4.5515
-1.175 4.5515
4.2

PASS1
4
-1.175 4.5515
2.534 4.5515
2.534 4.6265
-1.175 4.6265
7.0

PASS2
4
-1.175 4.6265
2.534 4.6265
2.534 5.0265
-1.175 5.0265
4.2

PASS3
4
-1.175 5.0265
2.534 5.0265
2.534 5.1015
-1.175 5.1015
7.0

PASS4+PASS5
4
-1.175 5.1015
2.534 5.1015
2.534 6.0515
-1.175 6.0515
4.2

PASS6
4
-1.175 6.0515
2.534 6.0515
2.534 6.6515
-1.175 6.6515
7.0

air_Layer
4
-1.175 6.6515
2.534 6.6515
2.534 6.9485
-1.175 6.9485
1.0


4
-1.175 0.001
2.534 0.001
2.534 6.9485
-1.175 6.9485

