c1
4
-0.01501000000000001 0.7415
0.01501000000000001 0.7415
0.02099000000000001 0.8405
-0.02099000000000001 0.8405

5
botleft
4
-0.77 -0.001
0 -0.001
0 0.001
-0.77 0.001

botright
4
0 -0.001
1.814 -0.001
1.814 0.001
0 0.001

lEnv
4
-0.26701 0.7415
-0.23699000000000003 0.7415
-0.23101000000000002 0.8405
-0.27299 0.8405

c2
4
0.6689900000000001 0.7415
0.87901 0.7415
0.8849899999999999 0.8405
0.6630100000000001 0.8405

rEnv
4
1.10099 0.7415
1.3110099999999998 0.7415
1.3169899999999999 0.8405
1.0950099999999998 0.8405


57
IMD3d1_damage
4
-0.276424 0.7315
-0.227576 0.7315
-0.226972 0.7415
-0.277028 0.7415
3.1

IMD3d1_damage
4
-0.024424000000000008 0.7315
0.024424000000000008 0.7315
0.02502800000000001 0.7415
-0.02502800000000001 0.7415
3.1

IMD3d1_damage
4
0.6595760000000002 0.7315
0.8884239999999999 0.7315
0.8890279999999999 0.7415
0.6589720000000001 0.7415
3.1

IMD3d1_damage
4
1.0915759999999999 0.7315
1.3204239999999998 0.7315
1.3210279999999999 0.7415
1.0909719999999998 0.7415
3.1

IMD3d2_damage
4
-0.272019 0.7415
-0.26701 0.7415
-0.27299 0.8405
-0.277999 0.8405
2.9

IMD3d2_damage
4
-0.23699000000000003 0.7415
-0.23198100000000002 0.7415
-0.226001 0.8405
-0.23101000000000002 0.8405
2.9

IMD3d2_damage
4
-0.02001900000000001 0.7415
-0.01501000000000001 0.7415
-0.02099000000000001 0.8405
-0.025999000000000008 0.8405
2.9

IMD3d2_damage
4
0.01501000000000001 0.7415
0.02001900000000001 0.7415
0.025999000000000008 0.8405
0.02099000000000001 0.8405
2.9

IMD3d2_damage
4
0.663981 0.7415
0.6689900000000001 0.7415
0.6630100000000001 0.8405
0.6580010000000001 0.8405
2.9

IMD3d2_damage
4
0.87901 0.7415
0.884019 0.7415
0.889999 0.8405
0.8849899999999999 0.8405
2.9

IMD3d2_damage
4
1.0959809999999999 0.7415
1.10099 0.7415
1.0950099999999998 0.8405
1.0900009999999998 0.8405
2.9

IMD3d2_damage
4
1.3110099999999998 0.7415
1.3160189999999998 0.7415
1.321999 0.8405
1.3169899999999999 0.8405
2.9

IMD3d2
4
-0.77 0.7415
-0.272019 0.7415
-0.277999 0.8405
-0.77 0.8405
2.65

IMD3d2
4
-0.23198100000000002 0.7415
-0.02001900000000001 0.7415
-0.025999000000000008 0.8405
-0.226001 0.8405
2.65

IMD3d2
4
0.02001900000000001 0.7415
0.663981 0.7415
0.6580010000000001 0.8405
0.025999000000000008 0.8405
2.65

IMD3d2
4
0.884019 0.7415
1.0959809999999999 0.7415
1.0900009999999998 0.8405
0.889999 0.8405
2.65

IMD3d2
4
1.3160189999999998 0.7415
1.814 0.7415
1.814 0.8405
1.321999 0.8405
2.65

IMD3d1
4
-0.77 0.7315
-0.276424 0.7315
-0.277028 0.7415
-0.77 0.7415
2.65

IMD3d1
4
-0.227576 0.7315
-0.024424000000000008 0.7315
-0.02502800000000001 0.7415
-0.226972 0.7415
2.65

IMD3d1
4
0.024424000000000008 0.7315
0.6595760000000002 0.7315
0.6589720000000001 0.7415
0.02502800000000001 0.7415
2.65

IMD3d1
4
0.8884239999999999 0.7315
1.0915759999999999 0.7315
1.0909719999999998 0.7415
0.8890279999999999 0.7415
2.65

IMD3d1
4
1.3204239999999998 0.7315
1.814 0.7315
1.814 0.7415
1.3210279999999999 0.7415
2.65

IMD3d1
4
-0.77 0.7135
1.814 0.7135
1.814 0.7315
-0.77 0.7315
2.65

FOXA+FOXB+TOX
4
-0.77 0.001
1.814 0.001
1.814 0.2665
-0.77 0.2665
4.0

ILD1a
4
-0.77 0.2665
1.814 0.2665
1.814 0.2765
-0.77 0.2765
7.0

ILD1b1+ILD1b2+ILD1b3
4
-0.77 0.2765
1.814 0.2765
1.814 0.3955
-0.77 0.3955
4.0

IMD1a
4
-0.77 0.3955
1.814 0.3955
1.814 0.4065
-0.77 0.4065
5.2

IMD1b
4
-0.77 0.4065
1.814 0.4065
1.814 0.4665
-0.77 0.4665
2.8

IMD2a
4
-0.77 0.4665
1.814 0.4665
1.814 0.4875
-0.77 0.4875
5.2

IMD2b
4
-0.77 0.4875
1.814 0.4875
1.814 0.5025
-0.77 0.5025
4.2

IMD2c
4
-0.77 0.5025
1.814 0.5025
1.814 0.5265
-0.77 0.5265
3.28

IMD2d1+IMD2d2
4
-0.77 0.5265
1.814 0.5265
1.814 0.6535
-0.77 0.6535
2.65

IMD3a
4
-0.77 0.6535
1.814 0.6535
1.814 0.6745
-0.77 0.6745
5.2

IMD3b
4
-0.77 0.6745
1.814 0.6745
1.814 0.6895
-0.77 0.6895
4.2

IMD3c
4
-0.77 0.6895
1.814 0.6895
1.814 0.7135
-0.77 0.7135
3.28

IMD4a
4
-0.77 0.8405
1.814 0.8405
1.814 0.8615
-0.77 0.8615
5.2

IMD4b
4
-0.77 0.8615
1.814 0.8615
1.814 0.8765
-0.77 0.8765
4.2

IMD4c
4
-0.77 0.8765
1.814 0.8765
1.814 0.9005
-0.77 0.9005
3.28

IMD4d1+IMD4d2
4
-0.77 0.9005
1.814 0.9005
1.814 1.0275
-0.77 1.0275
2.65

IMD5a
4
-0.77 1.0275
1.814 1.0275
1.814 1.0485
-0.77 1.0485
5.2

IMD5b
4
-0.77 1.0485
1.814 1.0485
1.814 1.0635
-0.77 1.0635
4.2

IMD5c
4
-0.77 1.0635
1.814 1.0635
1.814 1.0875
-0.77 1.0875
3.28

IMD5d1+IMD5d2
4
-0.77 1.0875
1.814 1.0875
1.814 1.2145
-0.77 1.2145
2.65

IMD6a
4
-0.77 1.2145
1.814 1.2145
1.814 1.2355
-0.77 1.2355
5.2

IMD6b
4
-0.77 1.2355
1.814 1.2355
1.814 1.2505
-0.77 1.2505
4.2

IMD6c
4
-0.77 1.2505
1.814 1.2505
1.814 1.2745
-0.77 1.2745
3.28

IMD6d1+IMD6d2
4
-0.77 1.2745
1.814 1.2745
1.814 1.4015
-0.77 1.4015
2.65

IMD7a
4
-0.77 1.4015
1.814 1.4015
1.814 1.4765
-0.77 1.4765
5.2

IMD7b1+IMD7b2
4
-0.77 1.4765
1.814 1.4765
1.814 2.9765
-0.77 2.9765
4.2

IMD8a
4
-0.77 2.9765
1.814 2.9765
1.814 3.0515
-0.77 3.0515
5.2

IMD8b1+IMD8b2
4
-0.77 3.0515
1.814 3.0515
1.814 4.5515
-0.77 4.5515
4.2

PASS1
4
-0.77 4.5515
1.814 4.5515
1.814 4.6265
-0.77 4.6265
7.0

PASS2
4
-0.77 4.6265
1.814 4.6265
1.814 5.0265
-0.77 5.0265
4.2

PASS3
4
-0.77 5.0265
1.814 5.0265
1.814 5.1015
-0.77 5.1015
7.0

PASS4+PASS5
4
-0.77 5.1015
1.814 5.1015
1.814 6.0515
-0.77 6.0515
4.2

PASS6
4
-0.77 6.0515
1.814 6.0515
1.814 6.6515
-0.77 6.6515
7.0

air_Layer
4
-0.77 6.6515
1.814 6.6515
1.814 6.9485
-0.77 6.9485
1.0


4
-0.77 0.001
1.814 0.001
1.814 6.9485
-0.77 6.9485

