c1
4
-0.21591999999999995 0.37050000000000005
0.21592000000000017 0.37050000000000005
0.22508000000000017 0.4665
-0.22507999999999995 0.4665

5
botleft
4
-1.5574999999999999 -0.001
0 -0.001
0 0.001
-1.5574999999999999 0.001

botright
4
0 -0.001
2.0165 -0.001
2.0165 0.001
0 0.001

lEnv
4
-1.0529199999999999 0.37050000000000005
-0.6210799999999999 0.37050000000000005
-0.6119199999999999 0.4665
-1.06208 0.4665

c2
4
1.05308 0.37050000000000005
1.07992 0.37050000000000005
1.08908 0.4665
1.04392 0.4665

rEnv
4
1.48508 0.37050000000000005
1.51192 0.37050000000000005
1.52108 0.4665
1.47592 0.4665


48
IMD1b
4
-1.5574999999999999 0.40650000000000003
-1.056355 0.40650000000000003
-1.06208 0.4665
-1.5574999999999999 0.4665
2.8

IMD1b
4
-0.6176449999999999 0.40650000000000003
-0.21935499999999994 0.40650000000000003
-0.22507999999999995 0.4665
-0.6119199999999999 0.4665
2.8

IMD1b
4
0.21935500000000016 0.40650000000000003
1.049645 0.40650000000000003
1.04392 0.4665
0.22508000000000017 0.4665
2.8

IMD1b
4
1.083355 0.40650000000000003
1.4816449999999999 0.40650000000000003
1.47592 0.4665
1.08908 0.4665
2.8

IMD1b
4
1.515355 0.40650000000000003
2.0165 0.40650000000000003
2.0165 0.4665
1.52108 0.4665
2.8

IMD1a
4
-1.5574999999999999 0.3955
-1.0553054166666667 0.3955
-1.056355 0.40650000000000003
-1.5574999999999999 0.40650000000000003
5.2

IMD1a
4
-0.6186945833333333 0.3955
-0.2183054166666666 0.3955
-0.21935499999999994 0.40650000000000003
-0.6176449999999999 0.40650000000000003
5.2

IMD1a
4
0.21830541666666683 0.3955
1.0506945833333332 0.3955
1.049645 0.40650000000000003
0.21935500000000016 0.40650000000000003
5.2

IMD1a
4
1.0823054166666668 0.3955
1.4826945833333331 0.3955
1.4816449999999999 0.40650000000000003
1.083355 0.40650000000000003
5.2

IMD1a
4
1.5143054166666667 0.3955
2.0165 0.3955
2.0165 0.40650000000000003
1.515355 0.40650000000000003
5.2

ILD1b3
4
-1.5574999999999999 0.37050000000000005
-1.0529199999999999 0.37050000000000005
-1.0553054166666667 0.3955
-1.5574999999999999 0.3955
4

ILD1b3
4
-0.6210799999999999 0.37050000000000005
-0.21591999999999995 0.37050000000000005
-0.2183054166666666 0.3955
-0.6186945833333333 0.3955
4

ILD1b3
4
0.21592000000000017 0.37050000000000005
1.05308 0.37050000000000005
1.0506945833333332 0.3955
0.21830541666666683 0.3955
4

ILD1b3
4
1.07992 0.37050000000000005
1.48508 0.37050000000000005
1.4826945833333331 0.3955
1.0823054166666668 0.3955
4

ILD1b3
4
1.51192 0.37050000000000005
2.0165 0.37050000000000005
2.0165 0.3955
1.5143054166666667 0.3955
4

ILD1b1+ILD1b2
4
-1.5574999999999999 0.2765
2.0165 0.2765
2.0165 0.37050000000000005
-1.5574999999999999 0.37050000000000005
4

FOXA+FOXB+TOX
4
-1.5574999999999999 0.001
2.0165 0.001
2.0165 0.2665
-1.5574999999999999 0.2665
4.0

ILD1a
4
-1.5574999999999999 0.2665
2.0165 0.2665
2.0165 0.2765
-1.5574999999999999 0.2765
7.0

IMD2a
4
-1.5574999999999999 0.4665
2.0165 0.4665
2.0165 0.4875
-1.5574999999999999 0.4875
5.2

IMD2b
4
-1.5574999999999999 0.4875
2.0165 0.4875
2.0165 0.5025
-1.5574999999999999 0.5025
4.2

IMD2c
4
-1.5574999999999999 0.5025
2.0165 0.5025
2.0165 0.5265
-1.5574999999999999 0.5265
3.28

IMD2d1+IMD2d2
4
-1.5574999999999999 0.5265
2.0165 0.5265
2.0165 0.6535
-1.5574999999999999 0.6535
2.65

IMD3a
4
-1.5574999999999999 0.6535
2.0165 0.6535
2.0165 0.6745
-1.5574999999999999 0.6745
5.2

IMD3b
4
-1.5574999999999999 0.6745
2.0165 0.6745
2.0165 0.6895
-1.5574999999999999 0.6895
4.2

IMD3c
4
-1.5574999999999999 0.6895
2.0165 0.6895
2.0165 0.7135
-1.5574999999999999 0.7135
3.28

IMD3d1+IMD3d2
4
-1.5574999999999999 0.7135
2.0165 0.7135
2.0165 0.8405
-1.5574999999999999 0.8405
2.65

IMD4a
4
-1.5574999999999999 0.8405
2.0165 0.8405
2.0165 0.8615
-1.5574999999999999 0.8615
5.2

IMD4b
4
-1.5574999999999999 0.8615
2.0165 0.8615
2.0165 0.8765
-1.5574999999999999 0.8765
4.2

IMD4c
4
-1.5574999999999999 0.8765
2.0165 0.8765
2.0165 0.9005
-1.5574999999999999 0.9005
3.28

IMD4d1+IMD4d2
4
-1.5574999999999999 0.9005
2.0165 0.9005
2.0165 1.0275
-1.5574999999999999 1.0275
2.65

IMD5a
4
-1.5574999999999999 1.0275
2.0165 1.0275
2.0165 1.0485
-1.5574999999999999 1.0485
5.2

IMD5b
4
-1.5574999999999999 1.0485
2.0165 1.0485
2.0165 1.0635
-1.5574999999999999 1.0635
4.2

IMD5c
4
-1.5574999999999999 1.0635
2.0165 1.0635
2.0165 1.0875
-1.5574999999999999 1.0875
3.28

IMD5d1+IMD5d2
4
-1.5574999999999999 1.0875
2.0165 1.0875
2.0165 1.2145
-1.5574999999999999 1.2145
2.65

IMD6a
4
-1.5574999999999999 1.2145
2.0165 1.2145
2.0165 1.2355
-1.5574999999999999 1.2355
5.2

IMD6b
4
-1.5574999999999999 1.2355
2.0165 1.2355
2.0165 1.2505
-1.5574999999999999 1.2505
4.2

IMD6c
4
-1.5574999999999999 1.2505
2.0165 1.2505
2.0165 1.2745
-1.5574999999999999 1.2745
3.28

IMD6d1+IMD6d2
4
-1.5574999999999999 1.2745
2.0165 1.2745
2.0165 1.4015
-1.5574999999999999 1.4015
2.65

IMD7a
4
-1.5574999999999999 1.4015
2.0165 1.4015
2.0165 1.4765
-1.5574999999999999 1.4765
5.2

IMD7b1+IMD7b2
4
-1.5574999999999999 1.4765
2.0165 1.4765
2.0165 2.9765
-1.5574999999999999 2.9765
4.2

IMD8a
4
-1.5574999999999999 2.9765
2.0165 2.9765
2.0165 3.0515
-1.5574999999999999 3.0515
5.2

IMD8b1+IMD8b2
4
-1.5574999999999999 3.0515
2.0165 3.0515
2.0165 4.5515
-1.5574999999999999 4.5515
4.2

PASS1
4
-1.5574999999999999 4.5515
2.0165 4.5515
2.0165 4.6265
-1.5574999999999999 4.6265
7.0

PASS2
4
-1.5574999999999999 4.6265
2.0165 4.6265
2.0165 5.0265
-1.5574999999999999 5.0265
4.2

PASS3
4
-1.5574999999999999 5.0265
2.0165 5.0265
2.0165 5.1015
-1.5574999999999999 5.1015
7.0

PASS4+PASS5
4
-1.5574999999999999 5.1015
2.0165 5.1015
2.0165 6.0515
-1.5574999999999999 6.0515
4.2

PASS6
4
-1.5574999999999999 6.0515
2.0165 6.0515
2.0165 6.6515
-1.5574999999999999 6.6515
7.0

air_Layer
4
-1.5574999999999999 6.6515
2.0165 6.6515
2.0165 6.9485
-1.5574999999999999 6.9485
1.0


4
-1.5574999999999999 0.001
2.0165 0.001
2.0165 6.9485
-1.5574999999999999 6.9485

