c1
4
-0.060009999999999994 1.1155
0.060009999999999994 1.1155
0.06599 1.2145
-0.06599 1.2145

5
botleft
4
-0.9950000000000001 -0.001
0 -0.001
0 0.001
-0.9950000000000001 0.001

botright
4
0 -0.001
3.0739999999999994 -0.001
3.0739999999999994 0.001
0 0.001

lEnv
4
-0.49201000000000006 1.1155
-0.37199000000000004 1.1155
-0.36601000000000006 1.2145
-0.49799000000000004 1.2145

c2
4
0.8489899999999999 1.1155
1.5540099999999994 1.1155
1.5599899999999995 1.2145
0.8430099999999999 1.2145

rEnv
4
1.8659899999999996 1.1155
2.5710099999999994 1.1155
2.5769899999999994 1.2145
1.8600099999999995 1.2145


57
IMD5d1_damage
4
-0.501424 1.1055
-0.36257600000000006 1.1055
-0.36197200000000007 1.1155
-0.502028 1.1155
3.1

IMD5d1_damage
4
-0.069424 1.1055
0.069424 1.1055
0.07002799999999999 1.1155
-0.07002799999999999 1.1155
3.1

IMD5d1_damage
4
0.839576 1.1055
1.5634239999999995 1.1055
1.5640279999999995 1.1155
0.8389719999999999 1.1155
3.1

IMD5d1_damage
4
1.8565759999999996 1.1055
2.5804239999999994 1.1055
2.5810279999999994 1.1155
1.8559719999999995 1.1155
3.1

IMD5d2_damage
4
-0.49701900000000004 1.1155
-0.49201000000000006 1.1155
-0.49799000000000004 1.2145
-0.5029990000000001 1.2145
2.9

IMD5d2_damage
4
-0.37199000000000004 1.1155
-0.36698100000000006 1.1155
-0.36100100000000007 1.2145
-0.36601000000000006 1.2145
2.9

IMD5d2_damage
4
-0.065019 1.1155
-0.060009999999999994 1.1155
-0.06599 1.2145
-0.07099899999999999 1.2145
2.9

IMD5d2_damage
4
0.060009999999999994 1.1155
0.065019 1.1155
0.07099899999999999 1.2145
0.06599 1.2145
2.9

IMD5d2_damage
4
0.8439809999999999 1.1155
0.8489899999999999 1.1155
0.8430099999999999 1.2145
0.8380009999999999 1.2145
2.9

IMD5d2_damage
4
1.5540099999999994 1.1155
1.5590189999999995 1.1155
1.5649989999999996 1.2145
1.5599899999999995 1.2145
2.9

IMD5d2_damage
4
1.8609809999999996 1.1155
1.8659899999999996 1.1155
1.8600099999999995 1.2145
1.8550009999999995 1.2145
2.9

IMD5d2_damage
4
2.5710099999999994 1.1155
2.576018999999999 1.1155
2.5819989999999993 1.2145
2.5769899999999994 1.2145
2.9

IMD5d2
4
-0.9950000000000001 1.1155
-0.49701900000000004 1.1155
-0.5029990000000001 1.2145
-0.9950000000000001 1.2145
2.65

IMD5d2
4
-0.36698100000000006 1.1155
-0.065019 1.1155
-0.07099899999999999 1.2145
-0.36100100000000007 1.2145
2.65

IMD5d2
4
0.065019 1.1155
0.8439809999999999 1.1155
0.8380009999999999 1.2145
0.07099899999999999 1.2145
2.65

IMD5d2
4
1.5590189999999995 1.1155
1.8609809999999996 1.1155
1.8550009999999995 1.2145
1.5649989999999996 1.2145
2.65

IMD5d2
4
2.576018999999999 1.1155
3.0739999999999994 1.1155
3.0739999999999994 1.2145
2.5819989999999993 1.2145
2.65

IMD5d1
4
-0.9950000000000001 1.1055
-0.501424 1.1055
-0.502028 1.1155
-0.9950000000000001 1.1155
2.65

IMD5d1
4
-0.36257600000000006 1.1055
-0.069424 1.1055
-0.07002799999999999 1.1155
-0.36197200000000007 1.1155
2.65

IMD5d1
4
0.069424 1.1055
0.839576 1.1055
0.8389719999999999 1.1155
0.07002799999999999 1.1155
2.65

IMD5d1
4
1.5634239999999995 1.1055
1.8565759999999996 1.1055
1.8559719999999995 1.1155
1.5640279999999995 1.1155
2.65

IMD5d1
4
2.5804239999999994 1.1055
3.0739999999999994 1.1055
3.0739999999999994 1.1155
2.5810279999999994 1.1155
2.65

IMD5d1
4
-0.9950000000000001 1.0875
3.0739999999999994 1.0875
3.0739999999999994 1.1055
-0.9950000000000001 1.1055
2.65

FOXA+FOXB+TOX
4
-0.9950000000000001 0.001
3.0739999999999994 0.001
3.0739999999999994 0.2665
-0.9950000000000001 0.2665
4.0

ILD1a
4
-0.9950000000000001 0.2665
3.0739999999999994 0.2665
3.0739999999999994 0.2765
-0.9950000000000001 0.2765
7.0

ILD1b1+ILD1b2+ILD1b3
4
-0.9950000000000001 0.2765
3.0739999999999994 0.2765
3.0739999999999994 0.3955
-0.9950000000000001 0.3955
4.0

IMD1a
4
-0.9950000000000001 0.3955
3.0739999999999994 0.3955
3.0739999999999994 0.4065
-0.9950000000000001 0.4065
5.2

IMD1b
4
-0.9950000000000001 0.4065
3.0739999999999994 0.4065
3.0739999999999994 0.4665
-0.9950000000000001 0.4665
2.8

IMD2a
4
-0.9950000000000001 0.4665
3.0739999999999994 0.4665
3.0739999999999994 0.4875
-0.9950000000000001 0.4875
5.2

IMD2b
4
-0.9950000000000001 0.4875
3.0739999999999994 0.4875
3.0739999999999994 0.5025
-0.9950000000000001 0.5025
4.2

IMD2c
4
-0.9950000000000001 0.5025
3.0739999999999994 0.5025
3.0739999999999994 0.5265
-0.9950000000000001 0.5265
3.28

IMD2d1+IMD2d2
4
-0.9950000000000001 0.5265
3.0739999999999994 0.5265
3.0739999999999994 0.6535
-0.9950000000000001 0.6535
2.65

IMD3a
4
-0.9950000000000001 0.6535
3.0739999999999994 0.6535
3.0739999999999994 0.6745
-0.9950000000000001 0.6745
5.2

IMD3b
4
-0.9950000000000001 0.6745
3.0739999999999994 0.6745
3.0739999999999994 0.6895
-0.9950000000000001 0.6895
4.2

IMD3c
4
-0.9950000000000001 0.6895
3.0739999999999994 0.6895
3.0739999999999994 0.7135
-0.9950000000000001 0.7135
3.28

IMD3d1+IMD3d2
4
-0.9950000000000001 0.7135
3.0739999999999994 0.7135
3.0739999999999994 0.8405
-0.9950000000000001 0.8405
2.65

IMD4a
4
-0.9950000000000001 0.8405
3.0739999999999994 0.8405
3.0739999999999994 0.8615
-0.9950000000000001 0.8615
5.2

IMD4b
4
-0.9950000000000001 0.8615
3.0739999999999994 0.8615
3.0739999999999994 0.8765
-0.9950000000000001 0.8765
4.2

IMD4c
4
-0.9950000000000001 0.8765
3.0739999999999994 0.8765
3.0739999999999994 0.9005
-0.9950000000000001 0.9005
3.28

IMD4d1+IMD4d2
4
-0.9950000000000001 0.9005
3.0739999999999994 0.9005
3.0739999999999994 1.0275
-0.9950000000000001 1.0275
2.65

IMD5a
4
-0.9950000000000001 1.0275
3.0739999999999994 1.0275
3.0739999999999994 1.0485
-0.9950000000000001 1.0485
5.2

IMD5b
4
-0.9950000000000001 1.0485
3.0739999999999994 1.0485
3.0739999999999994 1.0635
-0.9950000000000001 1.0635
4.2

IMD5c
4
-0.9950000000000001 1.0635
3.0739999999999994 1.0635
3.0739999999999994 1.0875
-0.9950000000000001 1.0875
3.28

IMD6a
4
-0.9950000000000001 1.2145
3.0739999999999994 1.2145
3.0739999999999994 1.2355
-0.9950000000000001 1.2355
5.2

IMD6b
4
-0.9950000000000001 1.2355
3.0739999999999994 1.2355
3.0739999999999994 1.2505
-0.9950000000000001 1.2505
4.2

IMD6c
4
-0.9950000000000001 1.2505
3.0739999999999994 1.2505
3.0739999999999994 1.2745
-0.9950000000000001 1.2745
3.28

IMD6d1+IMD6d2
4
-0.9950000000000001 1.2745
3.0739999999999994 1.2745
3.0739999999999994 1.4015
-0.9950000000000001 1.4015
2.65

IMD7a
4
-0.9950000000000001 1.4015
3.0739999999999994 1.4015
3.0739999999999994 1.4765
-0.9950000000000001 1.4765
5.2

IMD7b1+IMD7b2
4
-0.9950000000000001 1.4765
3.0739999999999994 1.4765
3.0739999999999994 2.9765
-0.9950000000000001 2.9765
4.2

IMD8a
4
-0.9950000000000001 2.9765
3.0739999999999994 2.9765
3.0739999999999994 3.0515
-0.9950000000000001 3.0515
5.2

IMD8b1+IMD8b2
4
-0.9950000000000001 3.0515
3.0739999999999994 3.0515
3.0739999999999994 4.5515
-0.9950000000000001 4.5515
4.2

PASS1
4
-0.9950000000000001 4.5515
3.0739999999999994 4.5515
3.0739999999999994 4.6265
-0.9950000000000001 4.6265
7.0

PASS2
4
-0.9950000000000001 4.6265
3.0739999999999994 4.6265
3.0739999999999994 5.0265
-0.9950000000000001 5.0265
4.2

PASS3
4
-0.9950000000000001 5.0265
3.0739999999999994 5.0265
3.0739999999999994 5.1015
-0.9950000000000001 5.1015
7.0

PASS4+PASS5
4
-0.9950000000000001 5.1015
3.0739999999999994 5.1015
3.0739999999999994 6.0515
-0.9950000000000001 6.0515
4.2

PASS6
4
-0.9950000000000001 6.0515
3.0739999999999994 6.0515
3.0739999999999994 6.6515
-0.9950000000000001 6.6515
7.0

air_Layer
4
-0.9950000000000001 6.6515
3.0739999999999994 6.6515
3.0739999999999994 6.9485
-0.9950000000000001 6.9485
1.0


4
-0.9950000000000001 0.001
3.0739999999999994 0.001
3.0739999999999994 6.9485
-0.9950000000000001 6.9485

