c1
4
-0.48751 1.1155
0.48751 1.1155
0.49349 1.2145
-0.49349 1.2145

5
botleft
4
-2.1875 -0.001
0 -0.001
0 0.001
-2.1875 0.001

botright
4
0 -0.001
3.1865 -0.001
3.1865 0.001
0 0.001

lEnv
4
-1.68451 1.1155
-0.7094900000000001 1.1155
-0.7035100000000001 1.2145
-1.69049 1.2145

c2
4
0.5114900000000001 1.1155
1.48651 1.1155
1.49249 1.2145
0.5055100000000001 1.2145

rEnv
4
1.7084900000000003 1.1155
2.6835099999999996 1.1155
2.6894899999999997 1.2145
1.7025100000000002 1.2145


57
IMD5d1_damage
4
-1.693924 1.1055
-0.7000760000000001 1.1055
-0.6994720000000001 1.1155
-1.694528 1.1155
3.1

IMD5d1_damage
4
-0.496924 1.1055
0.496924 1.1055
0.49752799999999997 1.1155
-0.49752799999999997 1.1155
3.1

IMD5d1_damage
4
0.5020760000000002 1.1055
1.495924 1.1055
1.496528 1.1155
0.5014720000000001 1.1155
3.1

IMD5d1_damage
4
1.6990760000000003 1.1055
2.6929239999999997 1.1055
2.6935279999999997 1.1155
1.6984720000000002 1.1155
3.1

IMD5d2_damage
4
-1.689519 1.1155
-1.68451 1.1155
-1.69049 1.2145
-1.695499 1.2145
2.9

IMD5d2_damage
4
-0.7094900000000001 1.1155
-0.704481 1.1155
-0.698501 1.2145
-0.7035100000000001 1.2145
2.9

IMD5d2_damage
4
-0.492519 1.1155
-0.48751 1.1155
-0.49349 1.2145
-0.49849899999999997 1.2145
2.9

IMD5d2_damage
4
0.48751 1.1155
0.492519 1.1155
0.49849899999999997 1.2145
0.49349 1.2145
2.9

IMD5d2_damage
4
0.5064810000000001 1.1155
0.5114900000000001 1.1155
0.5055100000000001 1.2145
0.5005010000000001 1.2145
2.9

IMD5d2_damage
4
1.48651 1.1155
1.491519 1.1155
1.4974990000000001 1.2145
1.49249 1.2145
2.9

IMD5d2_damage
4
1.7034810000000002 1.1155
1.7084900000000003 1.1155
1.7025100000000002 1.2145
1.6975010000000001 1.2145
2.9

IMD5d2_damage
4
2.6835099999999996 1.1155
2.6885189999999994 1.1155
2.6944989999999995 1.2145
2.6894899999999997 1.2145
2.9

IMD5d2
4
-2.1875 1.1155
-1.689519 1.1155
-1.695499 1.2145
-2.1875 1.2145
2.65

IMD5d2
4
-0.704481 1.1155
-0.492519 1.1155
-0.49849899999999997 1.2145
-0.698501 1.2145
2.65

IMD5d2
4
0.492519 1.1155
0.5064810000000001 1.1155
0.5005010000000001 1.2145
0.49849899999999997 1.2145
2.65

IMD5d2
4
1.491519 1.1155
1.7034810000000002 1.1155
1.6975010000000001 1.2145
1.4974990000000001 1.2145
2.65

IMD5d2
4
2.6885189999999994 1.1155
3.1865 1.1155
3.1865 1.2145
2.6944989999999995 1.2145
2.65

IMD5d1
4
-2.1875 1.1055
-1.693924 1.1055
-1.694528 1.1155
-2.1875 1.1155
2.65

IMD5d1
4
-0.7000760000000001 1.1055
-0.496924 1.1055
-0.49752799999999997 1.1155
-0.6994720000000001 1.1155
2.65

IMD5d1
4
0.496924 1.1055
0.5020760000000002 1.1055
0.5014720000000001 1.1155
0.49752799999999997 1.1155
2.65

IMD5d1
4
1.495924 1.1055
1.6990760000000003 1.1055
1.6984720000000002 1.1155
1.496528 1.1155
2.65

IMD5d1
4
2.6929239999999997 1.1055
3.1865 1.1055
3.1865 1.1155
2.6935279999999997 1.1155
2.65

IMD5d1
4
-2.1875 1.0875
3.1865 1.0875
3.1865 1.1055
-2.1875 1.1055
2.65

FOXA+FOXB+TOX
4
-2.1875 0.001
3.1865 0.001
3.1865 0.2665
-2.1875 0.2665
4.0

ILD1a
4
-2.1875 0.2665
3.1865 0.2665
3.1865 0.2765
-2.1875 0.2765
7.0

ILD1b1+ILD1b2+ILD1b3
4
-2.1875 0.2765
3.1865 0.2765
3.1865 0.3955
-2.1875 0.3955
4.0

IMD1a
4
-2.1875 0.3955
3.1865 0.3955
3.1865 0.4065
-2.1875 0.4065
5.2

IMD1b
4
-2.1875 0.4065
3.1865 0.4065
3.1865 0.4665
-2.1875 0.4665
2.8

IMD2a
4
-2.1875 0.4665
3.1865 0.4665
3.1865 0.4875
-2.1875 0.4875
5.2

IMD2b
4
-2.1875 0.4875
3.1865 0.4875
3.1865 0.5025
-2.1875 0.5025
4.2

IMD2c
4
-2.1875 0.5025
3.1865 0.5025
3.1865 0.5265
-2.1875 0.5265
3.28

IMD2d1+IMD2d2
4
-2.1875 0.5265
3.1865 0.5265
3.1865 0.6535
-2.1875 0.6535
2.65

IMD3a
4
-2.1875 0.6535
3.1865 0.6535
3.1865 0.6745
-2.1875 0.6745
5.2

IMD3b
4
-2.1875 0.6745
3.1865 0.6745
3.1865 0.6895
-2.1875 0.6895
4.2

IMD3c
4
-2.1875 0.6895
3.1865 0.6895
3.1865 0.7135
-2.1875 0.7135
3.28

IMD3d1+IMD3d2
4
-2.1875 0.7135
3.1865 0.7135
3.1865 0.8405
-2.1875 0.8405
2.65

IMD4a
4
-2.1875 0.8405
3.1865 0.8405
3.1865 0.8615
-2.1875 0.8615
5.2

IMD4b
4
-2.1875 0.8615
3.1865 0.8615
3.1865 0.8765
-2.1875 0.8765
4.2

IMD4c
4
-2.1875 0.8765
3.1865 0.8765
3.1865 0.9005
-2.1875 0.9005
3.28

IMD4d1+IMD4d2
4
-2.1875 0.9005
3.1865 0.9005
3.1865 1.0275
-2.1875 1.0275
2.65

IMD5a
4
-2.1875 1.0275
3.1865 1.0275
3.1865 1.0485
-2.1875 1.0485
5.2

IMD5b
4
-2.1875 1.0485
3.1865 1.0485
3.1865 1.0635
-2.1875 1.0635
4.2

IMD5c
4
-2.1875 1.0635
3.1865 1.0635
3.1865 1.0875
-2.1875 1.0875
3.28

IMD6a
4
-2.1875 1.2145
3.1865 1.2145
3.1865 1.2355
-2.1875 1.2355
5.2

IMD6b
4
-2.1875 1.2355
3.1865 1.2355
3.1865 1.2505
-2.1875 1.2505
4.2

IMD6c
4
-2.1875 1.2505
3.1865 1.2505
3.1865 1.2745
-2.1875 1.2745
3.28

IMD6d1+IMD6d2
4
-2.1875 1.2745
3.1865 1.2745
3.1865 1.4015
-2.1875 1.4015
2.65

IMD7a
4
-2.1875 1.4015
3.1865 1.4015
3.1865 1.4765
-2.1875 1.4765
5.2

IMD7b1+IMD7b2
4
-2.1875 1.4765
3.1865 1.4765
3.1865 2.9765
-2.1875 2.9765
4.2

IMD8a
4
-2.1875 2.9765
3.1865 2.9765
3.1865 3.0515
-2.1875 3.0515
5.2

IMD8b1+IMD8b2
4
-2.1875 3.0515
3.1865 3.0515
3.1865 4.5515
-2.1875 4.5515
4.2

PASS1
4
-2.1875 4.5515
3.1865 4.5515
3.1865 4.6265
-2.1875 4.6265
7.0

PASS2
4
-2.1875 4.6265
3.1865 4.6265
3.1865 5.0265
-2.1875 5.0265
4.2

PASS3
4
-2.1875 5.0265
3.1865 5.0265
3.1865 5.1015
-2.1875 5.1015
7.0

PASS4+PASS5
4
-2.1875 5.1015
3.1865 5.1015
3.1865 6.0515
-2.1875 6.0515
4.2

PASS6
4
-2.1875 6.0515
3.1865 6.0515
3.1865 6.6515
-2.1875 6.6515
7.0

air_Layer
4
-2.1875 6.6515
3.1865 6.6515
3.1865 6.9485
-2.1875 6.9485
1.0


4
-2.1875 0.001
3.1865 0.001
3.1865 6.9485
-2.1875 6.9485

