c1
4
-0.3525100000000001 0.5545
0.35251 0.5545
0.35849 0.6535
-0.3584900000000001 0.6535

5
botleft
4
-1.7825 -0.001
0 -0.001
0 0.001
-1.7825 0.001

botright
4
0 -0.001
2.0164999999999997 -0.001
2.0164999999999997 0.001
0 0.001

lEnv
4
-1.27951 0.5545
-0.5744900000000001 0.5545
-0.5685100000000001 0.6535
-1.28549 0.6535

c2
4
0.42149000000000003 0.5545
0.85651 0.5545
0.86249 0.6535
0.41551000000000005 0.6535

rEnv
4
1.0784900000000002 0.5545
1.51351 0.5545
1.51949 0.6535
1.07251 0.6535


57
IMD2d1_damage
4
-1.288924 0.5445
-0.5650760000000001 0.5445
-0.5644720000000001 0.5545
-1.289528 0.5545
3.1

IMD2d1_damage
4
-0.3619240000000001 0.5445
0.36192399999999997 0.5445
0.36252799999999996 0.5545
-0.3625280000000001 0.5545
3.1

IMD2d1_damage
4
0.41207600000000005 0.5445
0.8659239999999999 0.5445
0.866528 0.5545
0.41147200000000006 0.5545
3.1

IMD2d1_damage
4
1.0690760000000001 0.5445
1.522924 0.5445
1.523528 0.5545
1.068472 0.5545
3.1

IMD2d2_damage
4
-1.284519 0.5545
-1.27951 0.5545
-1.28549 0.6535
-1.290499 0.6535
2.9

IMD2d2_damage
4
-0.5744900000000001 0.5545
-0.569481 0.5545
-0.563501 0.6535
-0.5685100000000001 0.6535
2.9

IMD2d2_damage
4
-0.3575190000000001 0.5545
-0.3525100000000001 0.5545
-0.3584900000000001 0.6535
-0.36349900000000007 0.6535
2.9

IMD2d2_damage
4
0.35251 0.5545
0.357519 0.5545
0.36349899999999996 0.6535
0.35849 0.6535
2.9

IMD2d2_damage
4
0.41648100000000005 0.5545
0.42149000000000003 0.5545
0.41551000000000005 0.6535
0.41050100000000006 0.6535
2.9

IMD2d2_damage
4
0.85651 0.5545
0.861519 0.5545
0.867499 0.6535
0.86249 0.6535
2.9

IMD2d2_damage
4
1.0734810000000001 0.5545
1.0784900000000002 0.5545
1.07251 0.6535
1.067501 0.6535
2.9

IMD2d2_damage
4
1.51351 0.5545
1.518519 0.5545
1.524499 0.6535
1.51949 0.6535
2.9

IMD2d2
4
-1.7825 0.5545
-1.284519 0.5545
-1.290499 0.6535
-1.7825 0.6535
2.65

IMD2d2
4
-0.569481 0.5545
-0.3575190000000001 0.5545
-0.36349900000000007 0.6535
-0.563501 0.6535
2.65

IMD2d2
4
0.357519 0.5545
0.41648100000000005 0.5545
0.41050100000000006 0.6535
0.36349899999999996 0.6535
2.65

IMD2d2
4
0.861519 0.5545
1.0734810000000001 0.5545
1.067501 0.6535
0.867499 0.6535
2.65

IMD2d2
4
1.518519 0.5545
2.0164999999999997 0.5545
2.0164999999999997 0.6535
1.524499 0.6535
2.65

IMD2d1
4
-1.7825 0.5445
-1.288924 0.5445
-1.289528 0.5545
-1.7825 0.5545
2.65

IMD2d1
4
-0.5650760000000001 0.5445
-0.3619240000000001 0.5445
-0.3625280000000001 0.5545
-0.5644720000000001 0.5545
2.65

IMD2d1
4
0.36192399999999997 0.5445
0.41207600000000005 0.5445
0.41147200000000006 0.5545
0.36252799999999996 0.5545
2.65

IMD2d1
4
0.8659239999999999 0.5445
1.0690760000000001 0.5445
1.068472 0.5545
0.866528 0.5545
2.65

IMD2d1
4
1.522924 0.5445
2.0164999999999997 0.5445
2.0164999999999997 0.5545
1.523528 0.5545
2.65

IMD2d1
4
-1.7825 0.5265
2.0164999999999997 0.5265
2.0164999999999997 0.5445
-1.7825 0.5445
2.65

FOXA+FOXB+TOX
4
-1.7825 0.001
2.0164999999999997 0.001
2.0164999999999997 0.2665
-1.7825 0.2665
4.0

ILD1a
4
-1.7825 0.2665
2.0164999999999997 0.2665
2.0164999999999997 0.2765
-1.7825 0.2765
7.0

ILD1b1+ILD1b2+ILD1b3
4
-1.7825 0.2765
2.0164999999999997 0.2765
2.0164999999999997 0.3955
-1.7825 0.3955
4.0

IMD1a
4
-1.7825 0.3955
2.0164999999999997 0.3955
2.0164999999999997 0.4065
-1.7825 0.4065
5.2

IMD1b
4
-1.7825 0.4065
2.0164999999999997 0.4065
2.0164999999999997 0.4665
-1.7825 0.4665
2.8

IMD2a
4
-1.7825 0.4665
2.0164999999999997 0.4665
2.0164999999999997 0.4875
-1.7825 0.4875
5.2

IMD2b
4
-1.7825 0.4875
2.0164999999999997 0.4875
2.0164999999999997 0.5025
-1.7825 0.5025
4.2

IMD2c
4
-1.7825 0.5025
2.0164999999999997 0.5025
2.0164999999999997 0.5265
-1.7825 0.5265
3.28

IMD3a
4
-1.7825 0.6535
2.0164999999999997 0.6535
2.0164999999999997 0.6745
-1.7825 0.6745
5.2

IMD3b
4
-1.7825 0.6745
2.0164999999999997 0.6745
2.0164999999999997 0.6895
-1.7825 0.6895
4.2

IMD3c
4
-1.7825 0.6895
2.0164999999999997 0.6895
2.0164999999999997 0.7135
-1.7825 0.7135
3.28

IMD3d1+IMD3d2
4
-1.7825 0.7135
2.0164999999999997 0.7135
2.0164999999999997 0.8405
-1.7825 0.8405
2.65

IMD4a
4
-1.7825 0.8405
2.0164999999999997 0.8405
2.0164999999999997 0.8615
-1.7825 0.8615
5.2

IMD4b
4
-1.7825 0.8615
2.0164999999999997 0.8615
2.0164999999999997 0.8765
-1.7825 0.8765
4.2

IMD4c
4
-1.7825 0.8765
2.0164999999999997 0.8765
2.0164999999999997 0.9005
-1.7825 0.9005
3.28

IMD4d1+IMD4d2
4
-1.7825 0.9005
2.0164999999999997 0.9005
2.0164999999999997 1.0275
-1.7825 1.0275
2.65

IMD5a
4
-1.7825 1.0275
2.0164999999999997 1.0275
2.0164999999999997 1.0485
-1.7825 1.0485
5.2

IMD5b
4
-1.7825 1.0485
2.0164999999999997 1.0485
2.0164999999999997 1.0635
-1.7825 1.0635
4.2

IMD5c
4
-1.7825 1.0635
2.0164999999999997 1.0635
2.0164999999999997 1.0875
-1.7825 1.0875
3.28

IMD5d1+IMD5d2
4
-1.7825 1.0875
2.0164999999999997 1.0875
2.0164999999999997 1.2145
-1.7825 1.2145
2.65

IMD6a
4
-1.7825 1.2145
2.0164999999999997 1.2145
2.0164999999999997 1.2355
-1.7825 1.2355
5.2

IMD6b
4
-1.7825 1.2355
2.0164999999999997 1.2355
2.0164999999999997 1.2505
-1.7825 1.2505
4.2

IMD6c
4
-1.7825 1.2505
2.0164999999999997 1.2505
2.0164999999999997 1.2745
-1.7825 1.2745
3.28

IMD6d1+IMD6d2
4
-1.7825 1.2745
2.0164999999999997 1.2745
2.0164999999999997 1.4015
-1.7825 1.4015
2.65

IMD7a
4
-1.7825 1.4015
2.0164999999999997 1.4015
2.0164999999999997 1.4765
-1.7825 1.4765
5.2

IMD7b1+IMD7b2
4
-1.7825 1.4765
2.0164999999999997 1.4765
2.0164999999999997 2.9765
-1.7825 2.9765
4.2

IMD8a
4
-1.7825 2.9765
2.0164999999999997 2.9765
2.0164999999999997 3.0515
-1.7825 3.0515
5.2

IMD8b1+IMD8b2
4
-1.7825 3.0515
2.0164999999999997 3.0515
2.0164999999999997 4.5515
-1.7825 4.5515
4.2

PASS1
4
-1.7825 4.5515
2.0164999999999997 4.5515
2.0164999999999997 4.6265
-1.7825 4.6265
7.0

PASS2
4
-1.7825 4.6265
2.0164999999999997 4.6265
2.0164999999999997 5.0265
-1.7825 5.0265
4.2

PASS3
4
-1.7825 5.0265
2.0164999999999997 5.0265
2.0164999999999997 5.1015
-1.7825 5.1015
7.0

PASS4+PASS5
4
-1.7825 5.1015
2.0164999999999997 5.1015
2.0164999999999997 6.0515
-1.7825 6.0515
4.2

PASS6
4
-1.7825 6.0515
2.0164999999999997 6.0515
2.0164999999999997 6.6515
-1.7825 6.6515
7.0

air_Layer
4
-1.7825 6.6515
2.0164999999999997 6.6515
2.0164999999999997 6.9485
-1.7825 6.9485
1.0


4
-1.7825 0.001
2.0164999999999997 0.001
2.0164999999999997 6.9485
-1.7825 6.9485

