c1
4
-0.10500999999999998 0.7415
0.10501000000000003 0.7415
0.11099000000000003 0.8405
-0.11098999999999998 0.8405

5
botleft
4
-0.95 -0.001
0 -0.001
0 0.001
-0.95 0.001

botright
4
0 -0.001
3.118999999999999 -0.001
3.118999999999999 0.001
0 0.001

lEnv
4
-0.44701 0.7415
-0.23699 0.7415
-0.23101 0.8405
-0.45299 0.8405

c2
4
0.8039899999999999 0.7415
1.6440099999999995 0.7415
1.6499899999999996 0.8405
0.7980099999999999 0.8405

rEnv
4
1.7759899999999995 0.7415
2.6160099999999993 0.7415
2.6219899999999994 0.8405
1.7700099999999994 0.8405


57
IMD3d1_damage
4
-0.456424 0.7315
-0.227576 0.7315
-0.226972 0.7415
-0.457028 0.7415
3.1

IMD3d1_damage
4
-0.11442399999999998 0.7315
0.11442400000000004 0.7315
0.11502800000000003 0.7415
-0.11502799999999998 0.7415
3.1

IMD3d1_damage
4
0.794576 0.7315
1.6534239999999996 0.7315
1.6540279999999996 0.7415
0.7939719999999999 0.7415
3.1

IMD3d1_damage
4
1.7665759999999995 0.7315
2.6254239999999993 0.7315
2.6260279999999994 0.7415
1.7659719999999994 0.7415
3.1

IMD3d2_damage
4
-0.452019 0.7415
-0.44701 0.7415
-0.45299 0.8405
-0.457999 0.8405
2.9

IMD3d2_damage
4
-0.23699 0.7415
-0.231981 0.7415
-0.22600099999999998 0.8405
-0.23101 0.8405
2.9

IMD3d2_damage
4
-0.11001899999999998 0.7415
-0.10500999999999998 0.7415
-0.11098999999999998 0.8405
-0.11599899999999998 0.8405
2.9

IMD3d2_damage
4
0.10501000000000003 0.7415
0.11001900000000003 0.7415
0.11599900000000003 0.8405
0.11099000000000003 0.8405
2.9

IMD3d2_damage
4
0.7989809999999998 0.7415
0.8039899999999999 0.7415
0.7980099999999999 0.8405
0.7930009999999998 0.8405
2.9

IMD3d2_damage
4
1.6440099999999995 0.7415
1.6490189999999996 0.7415
1.6549989999999997 0.8405
1.6499899999999996 0.8405
2.9

IMD3d2_damage
4
1.7709809999999995 0.7415
1.7759899999999995 0.7415
1.7700099999999994 0.8405
1.7650009999999994 0.8405
2.9

IMD3d2_damage
4
2.6160099999999993 0.7415
2.621018999999999 0.7415
2.626998999999999 0.8405
2.6219899999999994 0.8405
2.9

IMD3d2
4
-0.95 0.7415
-0.452019 0.7415
-0.457999 0.8405
-0.95 0.8405
2.65

IMD3d2
4
-0.231981 0.7415
-0.11001899999999998 0.7415
-0.11599899999999998 0.8405
-0.22600099999999998 0.8405
2.65

IMD3d2
4
0.11001900000000003 0.7415
0.7989809999999998 0.7415
0.7930009999999998 0.8405
0.11599900000000003 0.8405
2.65

IMD3d2
4
1.6490189999999996 0.7415
1.7709809999999995 0.7415
1.7650009999999994 0.8405
1.6549989999999997 0.8405
2.65

IMD3d2
4
2.621018999999999 0.7415
3.118999999999999 0.7415
3.118999999999999 0.8405
2.626998999999999 0.8405
2.65

IMD3d1
4
-0.95 0.7315
-0.456424 0.7315
-0.457028 0.7415
-0.95 0.7415
2.65

IMD3d1
4
-0.227576 0.7315
-0.11442399999999998 0.7315
-0.11502799999999998 0.7415
-0.226972 0.7415
2.65

IMD3d1
4
0.11442400000000004 0.7315
0.794576 0.7315
0.7939719999999999 0.7415
0.11502800000000003 0.7415
2.65

IMD3d1
4
1.6534239999999996 0.7315
1.7665759999999995 0.7315
1.7659719999999994 0.7415
1.6540279999999996 0.7415
2.65

IMD3d1
4
2.6254239999999993 0.7315
3.118999999999999 0.7315
3.118999999999999 0.7415
2.6260279999999994 0.7415
2.65

IMD3d1
4
-0.95 0.7135
3.118999999999999 0.7135
3.118999999999999 0.7315
-0.95 0.7315
2.65

FOXA+FOXB+TOX
4
-0.95 0.001
3.118999999999999 0.001
3.118999999999999 0.2665
-0.95 0.2665
4.0

ILD1a
4
-0.95 0.2665
3.118999999999999 0.2665
3.118999999999999 0.2765
-0.95 0.2765
7.0

ILD1b1+ILD1b2+ILD1b3
4
-0.95 0.2765
3.118999999999999 0.2765
3.118999999999999 0.3955
-0.95 0.3955
4.0

IMD1a
4
-0.95 0.3955
3.118999999999999 0.3955
3.118999999999999 0.4065
-0.95 0.4065
5.2

IMD1b
4
-0.95 0.4065
3.118999999999999 0.4065
3.118999999999999 0.4665
-0.95 0.4665
2.8

IMD2a
4
-0.95 0.4665
3.118999999999999 0.4665
3.118999999999999 0.4875
-0.95 0.4875
5.2

IMD2b
4
-0.95 0.4875
3.118999999999999 0.4875
3.118999999999999 0.5025
-0.95 0.5025
4.2

IMD2c
4
-0.95 0.5025
3.118999999999999 0.5025
3.118999999999999 0.5265
-0.95 0.5265
3.28

IMD2d1+IMD2d2
4
-0.95 0.5265
3.118999999999999 0.5265
3.118999999999999 0.6535
-0.95 0.6535
2.65

IMD3a
4
-0.95 0.6535
3.118999999999999 0.6535
3.118999999999999 0.6745
-0.95 0.6745
5.2

IMD3b
4
-0.95 0.6745
3.118999999999999 0.6745
3.118999999999999 0.6895
-0.95 0.6895
4.2

IMD3c
4
-0.95 0.6895
3.118999999999999 0.6895
3.118999999999999 0.7135
-0.95 0.7135
3.28

IMD4a
4
-0.95 0.8405
3.118999999999999 0.8405
3.118999999999999 0.8615
-0.95 0.8615
5.2

IMD4b
4
-0.95 0.8615
3.118999999999999 0.8615
3.118999999999999 0.8765
-0.95 0.8765
4.2

IMD4c
4
-0.95 0.8765
3.118999999999999 0.8765
3.118999999999999 0.9005
-0.95 0.9005
3.28

IMD4d1+IMD4d2
4
-0.95 0.9005
3.118999999999999 0.9005
3.118999999999999 1.0275
-0.95 1.0275
2.65

IMD5a
4
-0.95 1.0275
3.118999999999999 1.0275
3.118999999999999 1.0485
-0.95 1.0485
5.2

IMD5b
4
-0.95 1.0485
3.118999999999999 1.0485
3.118999999999999 1.0635
-0.95 1.0635
4.2

IMD5c
4
-0.95 1.0635
3.118999999999999 1.0635
3.118999999999999 1.0875
-0.95 1.0875
3.28

IMD5d1+IMD5d2
4
-0.95 1.0875
3.118999999999999 1.0875
3.118999999999999 1.2145
-0.95 1.2145
2.65

IMD6a
4
-0.95 1.2145
3.118999999999999 1.2145
3.118999999999999 1.2355
-0.95 1.2355
5.2

IMD6b
4
-0.95 1.2355
3.118999999999999 1.2355
3.118999999999999 1.2505
-0.95 1.2505
4.2

IMD6c
4
-0.95 1.2505
3.118999999999999 1.2505
3.118999999999999 1.2745
-0.95 1.2745
3.28

IMD6d1+IMD6d2
4
-0.95 1.2745
3.118999999999999 1.2745
3.118999999999999 1.4015
-0.95 1.4015
2.65

IMD7a
4
-0.95 1.4015
3.118999999999999 1.4015
3.118999999999999 1.4765
-0.95 1.4765
5.2

IMD7b1+IMD7b2
4
-0.95 1.4765
3.118999999999999 1.4765
3.118999999999999 2.9765
-0.95 2.9765
4.2

IMD8a
4
-0.95 2.9765
3.118999999999999 2.9765
3.118999999999999 3.0515
-0.95 3.0515
5.2

IMD8b1+IMD8b2
4
-0.95 3.0515
3.118999999999999 3.0515
3.118999999999999 4.5515
-0.95 4.5515
4.2

PASS1
4
-0.95 4.5515
3.118999999999999 4.5515
3.118999999999999 4.6265
-0.95 4.6265
7.0

PASS2
4
-0.95 4.6265
3.118999999999999 4.6265
3.118999999999999 5.0265
-0.95 5.0265
4.2

PASS3
4
-0.95 5.0265
3.118999999999999 5.0265
3.118999999999999 5.1015
-0.95 5.1015
7.0

PASS4+PASS5
4
-0.95 5.1015
3.118999999999999 5.1015
3.118999999999999 6.0515
-0.95 6.0515
4.2

PASS6
4
-0.95 6.0515
3.118999999999999 6.0515
3.118999999999999 6.6515
-0.95 6.6515
7.0

air_Layer
4
-0.95 6.6515
3.118999999999999 6.6515
3.118999999999999 6.9485
-0.95 6.9485
1.0


4
-0.95 0.001
3.118999999999999 0.001
3.118999999999999 6.9485
-0.95 6.9485

