c1
4
-0.15001 1.1155
0.15000999999999995 1.1155
0.15598999999999996 1.2145
-0.15599000000000002 1.2145

5
botleft
4
-1.085 -0.001
0 -0.001
0 0.001
-1.085 0.001

botright
4
0 -0.001
1.544 -0.001
1.544 0.001
0 0.001

lEnv
4
-0.58201 1.1155
-0.28199 1.1155
-0.27601000000000003 1.2145
-0.58799 1.2145

c2
4
0.30899 1.1155
0.6090099999999999 1.1155
0.6149899999999999 1.2145
0.30301 1.2145

rEnv
4
0.7409899999999999 1.1155
1.0410099999999998 1.1155
1.0469899999999999 1.2145
0.7350099999999999 1.2145


57
IMD5d1_damage
4
-0.591424 1.1055
-0.27257600000000004 1.1055
-0.27197200000000005 1.1155
-0.592028 1.1155
3.1

IMD5d1_damage
4
-0.159424 1.1055
0.15942399999999995 1.1055
0.16002799999999995 1.1155
-0.160028 1.1155
3.1

IMD5d1_damage
4
0.299576 1.1055
0.6184239999999999 1.1055
0.6190279999999999 1.1155
0.298972 1.1155
3.1

IMD5d1_damage
4
0.731576 1.1055
1.0504239999999998 1.1055
1.0510279999999999 1.1155
0.730972 1.1155
3.1

IMD5d2_damage
4
-0.5870190000000001 1.1155
-0.58201 1.1155
-0.58799 1.2145
-0.592999 1.2145
2.9

IMD5d2_damage
4
-0.28199 1.1155
-0.27698100000000003 1.1155
-0.27100100000000005 1.2145
-0.27601000000000003 1.2145
2.9

IMD5d2_damage
4
-0.15501900000000002 1.1155
-0.15001 1.1155
-0.15599000000000002 1.2145
-0.16099900000000003 1.2145
2.9

IMD5d2_damage
4
0.15000999999999995 1.1155
0.15501899999999996 1.1155
0.16099899999999998 1.2145
0.15598999999999996 1.2145
2.9

IMD5d2_damage
4
0.303981 1.1155
0.30899 1.1155
0.30301 1.2145
0.298001 1.2145
2.9

IMD5d2_damage
4
0.6090099999999999 1.1155
0.614019 1.1155
0.619999 1.2145
0.6149899999999999 1.2145
2.9

IMD5d2_damage
4
0.7359809999999999 1.1155
0.7409899999999999 1.1155
0.7350099999999999 1.2145
0.7300009999999999 1.2145
2.9

IMD5d2_damage
4
1.0410099999999998 1.1155
1.0460189999999998 1.1155
1.051999 1.2145
1.0469899999999999 1.2145
2.9

IMD5d2
4
-1.085 1.1155
-0.5870190000000001 1.1155
-0.592999 1.2145
-1.085 1.2145
2.65

IMD5d2
4
-0.27698100000000003 1.1155
-0.15501900000000002 1.1155
-0.16099900000000003 1.2145
-0.27100100000000005 1.2145
2.65

IMD5d2
4
0.15501899999999996 1.1155
0.303981 1.1155
0.298001 1.2145
0.16099899999999998 1.2145
2.65

IMD5d2
4
0.614019 1.1155
0.7359809999999999 1.1155
0.7300009999999999 1.2145
0.619999 1.2145
2.65

IMD5d2
4
1.0460189999999998 1.1155
1.544 1.1155
1.544 1.2145
1.051999 1.2145
2.65

IMD5d1
4
-1.085 1.1055
-0.591424 1.1055
-0.592028 1.1155
-1.085 1.1155
2.65

IMD5d1
4
-0.27257600000000004 1.1055
-0.159424 1.1055
-0.160028 1.1155
-0.27197200000000005 1.1155
2.65

IMD5d1
4
0.15942399999999995 1.1055
0.299576 1.1055
0.298972 1.1155
0.16002799999999995 1.1155
2.65

IMD5d1
4
0.6184239999999999 1.1055
0.731576 1.1055
0.730972 1.1155
0.6190279999999999 1.1155
2.65

IMD5d1
4
1.0504239999999998 1.1055
1.544 1.1055
1.544 1.1155
1.0510279999999999 1.1155
2.65

IMD5d1
4
-1.085 1.0875
1.544 1.0875
1.544 1.1055
-1.085 1.1055
2.65

FOXA+FOXB+TOX
4
-1.085 0.001
1.544 0.001
1.544 0.2665
-1.085 0.2665
4.0

ILD1a
4
-1.085 0.2665
1.544 0.2665
1.544 0.2765
-1.085 0.2765
7.0

ILD1b1+ILD1b2+ILD1b3
4
-1.085 0.2765
1.544 0.2765
1.544 0.3955
-1.085 0.3955
4.0

IMD1a
4
-1.085 0.3955
1.544 0.3955
1.544 0.4065
-1.085 0.4065
5.2

IMD1b
4
-1.085 0.4065
1.544 0.4065
1.544 0.4665
-1.085 0.4665
2.8

IMD2a
4
-1.085 0.4665
1.544 0.4665
1.544 0.4875
-1.085 0.4875
5.2

IMD2b
4
-1.085 0.4875
1.544 0.4875
1.544 0.5025
-1.085 0.5025
4.2

IMD2c
4
-1.085 0.5025
1.544 0.5025
1.544 0.5265
-1.085 0.5265
3.28

IMD2d1+IMD2d2
4
-1.085 0.5265
1.544 0.5265
1.544 0.6535
-1.085 0.6535
2.65

IMD3a
4
-1.085 0.6535
1.544 0.6535
1.544 0.6745
-1.085 0.6745
5.2

IMD3b
4
-1.085 0.6745
1.544 0.6745
1.544 0.6895
-1.085 0.6895
4.2

IMD3c
4
-1.085 0.6895
1.544 0.6895
1.544 0.7135
-1.085 0.7135
3.28

IMD3d1+IMD3d2
4
-1.085 0.7135
1.544 0.7135
1.544 0.8405
-1.085 0.8405
2.65

IMD4a
4
-1.085 0.8405
1.544 0.8405
1.544 0.8615
-1.085 0.8615
5.2

IMD4b
4
-1.085 0.8615
1.544 0.8615
1.544 0.8765
-1.085 0.8765
4.2

IMD4c
4
-1.085 0.8765
1.544 0.8765
1.544 0.9005
-1.085 0.9005
3.28

IMD4d1+IMD4d2
4
-1.085 0.9005
1.544 0.9005
1.544 1.0275
-1.085 1.0275
2.65

IMD5a
4
-1.085 1.0275
1.544 1.0275
1.544 1.0485
-1.085 1.0485
5.2

IMD5b
4
-1.085 1.0485
1.544 1.0485
1.544 1.0635
-1.085 1.0635
4.2

IMD5c
4
-1.085 1.0635
1.544 1.0635
1.544 1.0875
-1.085 1.0875
3.28

IMD6a
4
-1.085 1.2145
1.544 1.2145
1.544 1.2355
-1.085 1.2355
5.2

IMD6b
4
-1.085 1.2355
1.544 1.2355
1.544 1.2505
-1.085 1.2505
4.2

IMD6c
4
-1.085 1.2505
1.544 1.2505
1.544 1.2745
-1.085 1.2745
3.28

IMD6d1+IMD6d2
4
-1.085 1.2745
1.544 1.2745
1.544 1.4015
-1.085 1.4015
2.65

IMD7a
4
-1.085 1.4015
1.544 1.4015
1.544 1.4765
-1.085 1.4765
5.2

IMD7b1+IMD7b2
4
-1.085 1.4765
1.544 1.4765
1.544 2.9765
-1.085 2.9765
4.2

IMD8a
4
-1.085 2.9765
1.544 2.9765
1.544 3.0515
-1.085 3.0515
5.2

IMD8b1+IMD8b2
4
-1.085 3.0515
1.544 3.0515
1.544 4.5515
-1.085 4.5515
4.2

PASS1
4
-1.085 4.5515
1.544 4.5515
1.544 4.6265
-1.085 4.6265
7.0

PASS2
4
-1.085 4.6265
1.544 4.6265
1.544 5.0265
-1.085 5.0265
4.2

PASS3
4
-1.085 5.0265
1.544 5.0265
1.544 5.1015
-1.085 5.1015
7.0

PASS4+PASS5
4
-1.085 5.1015
1.544 5.1015
1.544 6.0515
-1.085 6.0515
4.2

PASS6
4
-1.085 6.0515
1.544 6.0515
1.544 6.6515
-1.085 6.6515
7.0

air_Layer
4
-1.085 6.6515
1.544 6.6515
1.544 6.9485
-1.085 6.9485
1.0


4
-1.085 0.001
1.544 0.001
1.544 6.9485
-1.085 6.9485

