c1
4
-0.15001 1.3025
0.15001 1.3025
0.15599000000000002 1.4015
-0.15599000000000002 1.4015

5
botleft
4
-0.995 -0.001
0 -0.001
0 0.001
-0.995 0.001

botright
4
0 -0.001
1.409 -0.001
1.409 0.001
0 0.001

lEnv
4
-0.49201 1.3025
-0.19199000000000002 1.3025
-0.18601 1.4015
-0.49799 1.4015

c2
4
0.6239900000000002 1.3025
0.7440100000000002 1.3025
0.7499900000000002 1.4015
0.6180100000000002 1.4015

rEnv
4
0.7859900000000001 1.3025
0.9060100000000001 1.3025
0.9119900000000001 1.4015
0.7800100000000001 1.4015


57
IMD6d1_damage
4
-0.501424 1.2925
-0.18257600000000002 1.2925
-0.18197200000000002 1.3025
-0.502028 1.3025
3.1

IMD6d1_damage
4
-0.159424 1.2925
0.159424 1.2925
0.160028 1.3025
-0.160028 1.3025
3.1

IMD6d1_damage
4
0.6145760000000002 1.2925
0.7534240000000001 1.2925
0.7540280000000001 1.3025
0.6139720000000002 1.3025
3.1

IMD6d1_damage
4
0.7765760000000002 1.2925
0.915424 1.2925
0.9160280000000001 1.3025
0.7759720000000001 1.3025
3.1

IMD6d2_damage
4
-0.497019 1.3025
-0.49201 1.3025
-0.49799 1.4015
-0.502999 1.4015
2.9

IMD6d2_damage
4
-0.19199000000000002 1.3025
-0.186981 1.3025
-0.181001 1.4015
-0.18601 1.4015
2.9

IMD6d2_damage
4
-0.15501900000000002 1.3025
-0.15001 1.3025
-0.15599000000000002 1.4015
-0.16099900000000003 1.4015
2.9

IMD6d2_damage
4
0.15001 1.3025
0.15501900000000002 1.3025
0.16099900000000003 1.4015
0.15599000000000002 1.4015
2.9

IMD6d2_damage
4
0.6189810000000001 1.3025
0.6239900000000002 1.3025
0.6180100000000002 1.4015
0.6130010000000001 1.4015
2.9

IMD6d2_damage
4
0.7440100000000002 1.3025
0.7490190000000002 1.3025
0.7549990000000002 1.4015
0.7499900000000002 1.4015
2.9

IMD6d2_damage
4
0.780981 1.3025
0.7859900000000001 1.3025
0.7800100000000001 1.4015
0.775001 1.4015
2.9

IMD6d2_damage
4
0.9060100000000001 1.3025
0.9110190000000001 1.3025
0.9169990000000001 1.4015
0.9119900000000001 1.4015
2.9

IMD6d2
4
-0.995 1.3025
-0.497019 1.3025
-0.502999 1.4015
-0.995 1.4015
2.65

IMD6d2
4
-0.186981 1.3025
-0.15501900000000002 1.3025
-0.16099900000000003 1.4015
-0.181001 1.4015
2.65

IMD6d2
4
0.15501900000000002 1.3025
0.6189810000000001 1.3025
0.6130010000000001 1.4015
0.16099900000000003 1.4015
2.65

IMD6d2
4
0.7490190000000002 1.3025
0.780981 1.3025
0.775001 1.4015
0.7549990000000002 1.4015
2.65

IMD6d2
4
0.9110190000000001 1.3025
1.409 1.3025
1.409 1.4015
0.9169990000000001 1.4015
2.65

IMD6d1
4
-0.995 1.2925
-0.501424 1.2925
-0.502028 1.3025
-0.995 1.3025
2.65

IMD6d1
4
-0.18257600000000002 1.2925
-0.159424 1.2925
-0.160028 1.3025
-0.18197200000000002 1.3025
2.65

IMD6d1
4
0.159424 1.2925
0.6145760000000002 1.2925
0.6139720000000002 1.3025
0.160028 1.3025
2.65

IMD6d1
4
0.7534240000000001 1.2925
0.7765760000000002 1.2925
0.7759720000000001 1.3025
0.7540280000000001 1.3025
2.65

IMD6d1
4
0.915424 1.2925
1.409 1.2925
1.409 1.3025
0.9160280000000001 1.3025
2.65

IMD6d1
4
-0.995 1.2745
1.409 1.2745
1.409 1.2925
-0.995 1.2925
2.65

FOXA+FOXB+TOX
4
-0.995 0.001
1.409 0.001
1.409 0.2665
-0.995 0.2665
4.0

ILD1a
4
-0.995 0.2665
1.409 0.2665
1.409 0.2765
-0.995 0.2765
7.0

ILD1b1+ILD1b2+ILD1b3
4
-0.995 0.2765
1.409 0.2765
1.409 0.3955
-0.995 0.3955
4.0

IMD1a
4
-0.995 0.3955
1.409 0.3955
1.409 0.4065
-0.995 0.4065
5.2

IMD1b
4
-0.995 0.4065
1.409 0.4065
1.409 0.4665
-0.995 0.4665
2.8

IMD2a
4
-0.995 0.4665
1.409 0.4665
1.409 0.4875
-0.995 0.4875
5.2

IMD2b
4
-0.995 0.4875
1.409 0.4875
1.409 0.5025
-0.995 0.5025
4.2

IMD2c
4
-0.995 0.5025
1.409 0.5025
1.409 0.5265
-0.995 0.5265
3.28

IMD2d1+IMD2d2
4
-0.995 0.5265
1.409 0.5265
1.409 0.6535
-0.995 0.6535
2.65

IMD3a
4
-0.995 0.6535
1.409 0.6535
1.409 0.6745
-0.995 0.6745
5.2

IMD3b
4
-0.995 0.6745
1.409 0.6745
1.409 0.6895
-0.995 0.6895
4.2

IMD3c
4
-0.995 0.6895
1.409 0.6895
1.409 0.7135
-0.995 0.7135
3.28

IMD3d1+IMD3d2
4
-0.995 0.7135
1.409 0.7135
1.409 0.8405
-0.995 0.8405
2.65

IMD4a
4
-0.995 0.8405
1.409 0.8405
1.409 0.8615
-0.995 0.8615
5.2

IMD4b
4
-0.995 0.8615
1.409 0.8615
1.409 0.8765
-0.995 0.8765
4.2

IMD4c
4
-0.995 0.8765
1.409 0.8765
1.409 0.9005
-0.995 0.9005
3.28

IMD4d1+IMD4d2
4
-0.995 0.9005
1.409 0.9005
1.409 1.0275
-0.995 1.0275
2.65

IMD5a
4
-0.995 1.0275
1.409 1.0275
1.409 1.0485
-0.995 1.0485
5.2

IMD5b
4
-0.995 1.0485
1.409 1.0485
1.409 1.0635
-0.995 1.0635
4.2

IMD5c
4
-0.995 1.0635
1.409 1.0635
1.409 1.0875
-0.995 1.0875
3.28

IMD5d1+IMD5d2
4
-0.995 1.0875
1.409 1.0875
1.409 1.2145
-0.995 1.2145
2.65

IMD6a
4
-0.995 1.2145
1.409 1.2145
1.409 1.2355
-0.995 1.2355
5.2

IMD6b
4
-0.995 1.2355
1.409 1.2355
1.409 1.2505
-0.995 1.2505
4.2

IMD6c
4
-0.995 1.2505
1.409 1.2505
1.409 1.2745
-0.995 1.2745
3.28

IMD7a
4
-0.995 1.4015
1.409 1.4015
1.409 1.4765
-0.995 1.4765
5.2

IMD7b1+IMD7b2
4
-0.995 1.4765
1.409 1.4765
1.409 2.9765
-0.995 2.9765
4.2

IMD8a
4
-0.995 2.9765
1.409 2.9765
1.409 3.0515
-0.995 3.0515
5.2

IMD8b1+IMD8b2
4
-0.995 3.0515
1.409 3.0515
1.409 4.5515
-0.995 4.5515
4.2

PASS1
4
-0.995 4.5515
1.409 4.5515
1.409 4.6265
-0.995 4.6265
7.0

PASS2
4
-0.995 4.6265
1.409 4.6265
1.409 5.0265
-0.995 5.0265
4.2

PASS3
4
-0.995 5.0265
1.409 5.0265
1.409 5.1015
-0.995 5.1015
7.0

PASS4+PASS5
4
-0.995 5.1015
1.409 5.1015
1.409 6.0515
-0.995 6.0515
4.2

PASS6
4
-0.995 6.0515
1.409 6.0515
1.409 6.6515
-0.995 6.6515
7.0

air_Layer
4
-0.995 6.6515
1.409 6.6515
1.409 6.9485
-0.995 6.9485
1.0


4
-0.995 0.001
1.409 0.001
1.409 6.9485
-0.995 6.9485

