c1
4
-0.28501 0.7415
0.2850100000000001 0.7415
0.2909900000000001 0.8405
-0.29098999999999997 0.8405

5
botleft
4
-1.5799999999999998 -0.001
0 -0.001
0 0.001
-1.5799999999999998 0.001

botright
4
0 -0.001
3.2540000000000004 -0.001
3.2540000000000004 0.001
0 0.001

lEnv
4
-1.0770099999999998 0.7415
-0.5069899999999999 0.7415
-0.50101 0.8405
-1.08299 0.8405

c2
4
1.11899 0.7415
1.8240099999999997 0.7415
1.8299899999999998 0.8405
1.1130099999999998 0.8405

rEnv
4
2.0459899999999998 0.7415
2.75101 0.7415
2.75699 0.8405
2.0400099999999997 0.8405


57
IMD3d1_damage
4
-1.0864239999999998 0.7315
-0.49757599999999996 0.7315
-0.49697199999999997 0.7415
-1.0870279999999999 0.7415
3.1

IMD3d1_damage
4
-0.29442399999999996 0.7315
0.2944240000000001 0.7315
0.29502800000000007 0.7415
-0.29502799999999996 0.7415
3.1

IMD3d1_damage
4
1.109576 0.7315
1.8334239999999997 0.7315
1.8340279999999998 0.7415
1.1089719999999998 0.7415
3.1

IMD3d1_damage
4
2.0365759999999997 0.7315
2.760424 0.7315
2.761028 0.7415
2.0359719999999997 0.7415
3.1

IMD3d2_damage
4
-1.0820189999999998 0.7415
-1.0770099999999998 0.7415
-1.08299 0.8405
-1.087999 0.8405
2.9

IMD3d2_damage
4
-0.5069899999999999 0.7415
-0.5019809999999999 0.7415
-0.49600099999999997 0.8405
-0.50101 0.8405
2.9

IMD3d2_damage
4
-0.29001899999999997 0.7415
-0.28501 0.7415
-0.29098999999999997 0.8405
-0.29599899999999996 0.8405
2.9

IMD3d2_damage
4
0.2850100000000001 0.7415
0.2900190000000001 0.7415
0.29599900000000007 0.8405
0.2909900000000001 0.8405
2.9

IMD3d2_damage
4
1.1139809999999999 0.7415
1.11899 0.7415
1.1130099999999998 0.8405
1.1080009999999998 0.8405
2.9

IMD3d2_damage
4
1.8240099999999997 0.7415
1.8290189999999997 0.7415
1.8349989999999998 0.8405
1.8299899999999998 0.8405
2.9

IMD3d2_damage
4
2.040981 0.7415
2.0459899999999998 0.7415
2.0400099999999997 0.8405
2.035001 0.8405
2.9

IMD3d2_damage
4
2.75101 0.7415
2.7560189999999998 0.7415
2.761999 0.8405
2.75699 0.8405
2.9

IMD3d2
4
-1.5799999999999998 0.7415
-1.0820189999999998 0.7415
-1.087999 0.8405
-1.5799999999999998 0.8405
2.65

IMD3d2
4
-0.5019809999999999 0.7415
-0.29001899999999997 0.7415
-0.29599899999999996 0.8405
-0.49600099999999997 0.8405
2.65

IMD3d2
4
0.2900190000000001 0.7415
1.1139809999999999 0.7415
1.1080009999999998 0.8405
0.29599900000000007 0.8405
2.65

IMD3d2
4
1.8290189999999997 0.7415
2.040981 0.7415
2.035001 0.8405
1.8349989999999998 0.8405
2.65

IMD3d2
4
2.7560189999999998 0.7415
3.2540000000000004 0.7415
3.2540000000000004 0.8405
2.761999 0.8405
2.65

IMD3d1
4
-1.5799999999999998 0.7315
-1.0864239999999998 0.7315
-1.0870279999999999 0.7415
-1.5799999999999998 0.7415
2.65

IMD3d1
4
-0.49757599999999996 0.7315
-0.29442399999999996 0.7315
-0.29502799999999996 0.7415
-0.49697199999999997 0.7415
2.65

IMD3d1
4
0.2944240000000001 0.7315
1.109576 0.7315
1.1089719999999998 0.7415
0.29502800000000007 0.7415
2.65

IMD3d1
4
1.8334239999999997 0.7315
2.0365759999999997 0.7315
2.0359719999999997 0.7415
1.8340279999999998 0.7415
2.65

IMD3d1
4
2.760424 0.7315
3.2540000000000004 0.7315
3.2540000000000004 0.7415
2.761028 0.7415
2.65

IMD3d1
4
-1.5799999999999998 0.7135
3.2540000000000004 0.7135
3.2540000000000004 0.7315
-1.5799999999999998 0.7315
2.65

FOXA+FOXB+TOX
4
-1.5799999999999998 0.001
3.2540000000000004 0.001
3.2540000000000004 0.2665
-1.5799999999999998 0.2665
4.0

ILD1a
4
-1.5799999999999998 0.2665
3.2540000000000004 0.2665
3.2540000000000004 0.2765
-1.5799999999999998 0.2765
7.0

ILD1b1+ILD1b2+ILD1b3
4
-1.5799999999999998 0.2765
3.2540000000000004 0.2765
3.2540000000000004 0.3955
-1.5799999999999998 0.3955
4.0

IMD1a
4
-1.5799999999999998 0.3955
3.2540000000000004 0.3955
3.2540000000000004 0.4065
-1.5799999999999998 0.4065
5.2

IMD1b
4
-1.5799999999999998 0.4065
3.2540000000000004 0.4065
3.2540000000000004 0.4665
-1.5799999999999998 0.4665
2.8

IMD2a
4
-1.5799999999999998 0.4665
3.2540000000000004 0.4665
3.2540000000000004 0.4875
-1.5799999999999998 0.4875
5.2

IMD2b
4
-1.5799999999999998 0.4875
3.2540000000000004 0.4875
3.2540000000000004 0.5025
-1.5799999999999998 0.5025
4.2

IMD2c
4
-1.5799999999999998 0.5025
3.2540000000000004 0.5025
3.2540000000000004 0.5265
-1.5799999999999998 0.5265
3.28

IMD2d1+IMD2d2
4
-1.5799999999999998 0.5265
3.2540000000000004 0.5265
3.2540000000000004 0.6535
-1.5799999999999998 0.6535
2.65

IMD3a
4
-1.5799999999999998 0.6535
3.2540000000000004 0.6535
3.2540000000000004 0.6745
-1.5799999999999998 0.6745
5.2

IMD3b
4
-1.5799999999999998 0.6745
3.2540000000000004 0.6745
3.2540000000000004 0.6895
-1.5799999999999998 0.6895
4.2

IMD3c
4
-1.5799999999999998 0.6895
3.2540000000000004 0.6895
3.2540000000000004 0.7135
-1.5799999999999998 0.7135
3.28

IMD4a
4
-1.5799999999999998 0.8405
3.2540000000000004 0.8405
3.2540000000000004 0.8615
-1.5799999999999998 0.8615
5.2

IMD4b
4
-1.5799999999999998 0.8615
3.2540000000000004 0.8615
3.2540000000000004 0.8765
-1.5799999999999998 0.8765
4.2

IMD4c
4
-1.5799999999999998 0.8765
3.2540000000000004 0.8765
3.2540000000000004 0.9005
-1.5799999999999998 0.9005
3.28

IMD4d1+IMD4d2
4
-1.5799999999999998 0.9005
3.2540000000000004 0.9005
3.2540000000000004 1.0275
-1.5799999999999998 1.0275
2.65

IMD5a
4
-1.5799999999999998 1.0275
3.2540000000000004 1.0275
3.2540000000000004 1.0485
-1.5799999999999998 1.0485
5.2

IMD5b
4
-1.5799999999999998 1.0485
3.2540000000000004 1.0485
3.2540000000000004 1.0635
-1.5799999999999998 1.0635
4.2

IMD5c
4
-1.5799999999999998 1.0635
3.2540000000000004 1.0635
3.2540000000000004 1.0875
-1.5799999999999998 1.0875
3.28

IMD5d1+IMD5d2
4
-1.5799999999999998 1.0875
3.2540000000000004 1.0875
3.2540000000000004 1.2145
-1.5799999999999998 1.2145
2.65

IMD6a
4
-1.5799999999999998 1.2145
3.2540000000000004 1.2145
3.2540000000000004 1.2355
-1.5799999999999998 1.2355
5.2

IMD6b
4
-1.5799999999999998 1.2355
3.2540000000000004 1.2355
3.2540000000000004 1.2505
-1.5799999999999998 1.2505
4.2

IMD6c
4
-1.5799999999999998 1.2505
3.2540000000000004 1.2505
3.2540000000000004 1.2745
-1.5799999999999998 1.2745
3.28

IMD6d1+IMD6d2
4
-1.5799999999999998 1.2745
3.2540000000000004 1.2745
3.2540000000000004 1.4015
-1.5799999999999998 1.4015
2.65

IMD7a
4
-1.5799999999999998 1.4015
3.2540000000000004 1.4015
3.2540000000000004 1.4765
-1.5799999999999998 1.4765
5.2

IMD7b1+IMD7b2
4
-1.5799999999999998 1.4765
3.2540000000000004 1.4765
3.2540000000000004 2.9765
-1.5799999999999998 2.9765
4.2

IMD8a
4
-1.5799999999999998 2.9765
3.2540000000000004 2.9765
3.2540000000000004 3.0515
-1.5799999999999998 3.0515
5.2

IMD8b1+IMD8b2
4
-1.5799999999999998 3.0515
3.2540000000000004 3.0515
3.2540000000000004 4.5515
-1.5799999999999998 4.5515
4.2

PASS1
4
-1.5799999999999998 4.5515
3.2540000000000004 4.5515
3.2540000000000004 4.6265
-1.5799999999999998 4.6265
7.0

PASS2
4
-1.5799999999999998 4.6265
3.2540000000000004 4.6265
3.2540000000000004 5.0265
-1.5799999999999998 5.0265
4.2

PASS3
4
-1.5799999999999998 5.0265
3.2540000000000004 5.0265
3.2540000000000004 5.1015
-1.5799999999999998 5.1015
7.0

PASS4+PASS5
4
-1.5799999999999998 5.1015
3.2540000000000004 5.1015
3.2540000000000004 6.0515
-1.5799999999999998 6.0515
4.2

PASS6
4
-1.5799999999999998 6.0515
3.2540000000000004 6.0515
3.2540000000000004 6.6515
-1.5799999999999998 6.6515
7.0

air_Layer
4
-1.5799999999999998 6.6515
3.2540000000000004 6.6515
3.2540000000000004 6.9485
-1.5799999999999998 6.9485
1.0


4
-1.5799999999999998 0.001
3.2540000000000004 0.001
3.2540000000000004 6.9485
-1.5799999999999998 6.9485

