c1
4
-0.10500999999999998 1.1155
0.10501000000000003 1.1155
0.11099000000000003 1.2145
-0.11098999999999998 1.2145

5
botleft
4
-1.04 -0.001
0 -0.001
0 0.001
-1.04 0.001

botright
4
0 -0.001
1.859 -0.001
1.859 0.001
0 0.001

lEnv
4
-0.53701 1.1155
-0.32698999999999995 1.1155
-0.32100999999999996 1.2145
-0.54299 1.2145

c2
4
0.7139899999999999 1.1155
0.92401 1.1155
0.92999 1.2145
0.7080099999999999 1.2145

rEnv
4
1.1459899999999998 1.1155
1.35601 1.1155
1.36199 1.2145
1.1400099999999997 1.2145


57
IMD5d1_damage
4
-0.5464239999999999 1.1055
-0.31757599999999997 1.1055
-0.316972 1.1155
-0.547028 1.1155
3.1

IMD5d1_damage
4
-0.11442399999999998 1.1055
0.11442400000000004 1.1055
0.11502800000000003 1.1155
-0.11502799999999998 1.1155
3.1

IMD5d1_damage
4
0.704576 1.1055
0.9334239999999999 1.1055
0.934028 1.1155
0.7039719999999999 1.1155
3.1

IMD5d1_damage
4
1.1365759999999998 1.1055
1.365424 1.1055
1.366028 1.1155
1.1359719999999998 1.1155
3.1

IMD5d2_damage
4
-0.542019 1.1155
-0.53701 1.1155
-0.54299 1.2145
-0.547999 1.2145
2.9

IMD5d2_damage
4
-0.32698999999999995 1.1155
-0.32198099999999996 1.1155
-0.316001 1.2145
-0.32100999999999996 1.2145
2.9

IMD5d2_damage
4
-0.11001899999999998 1.1155
-0.10500999999999998 1.1155
-0.11098999999999998 1.2145
-0.11599899999999998 1.2145
2.9

IMD5d2_damage
4
0.10501000000000003 1.1155
0.11001900000000003 1.1155
0.11599900000000003 1.2145
0.11099000000000003 1.2145
2.9

IMD5d2_damage
4
0.7089809999999999 1.1155
0.7139899999999999 1.1155
0.7080099999999999 1.2145
0.7030009999999999 1.2145
2.9

IMD5d2_damage
4
0.92401 1.1155
0.929019 1.1155
0.934999 1.2145
0.92999 1.2145
2.9

IMD5d2_damage
4
1.1409809999999998 1.1155
1.1459899999999998 1.1155
1.1400099999999997 1.2145
1.1350009999999997 1.2145
2.9

IMD5d2_damage
4
1.35601 1.1155
1.361019 1.1155
1.366999 1.2145
1.36199 1.2145
2.9

IMD5d2
4
-1.04 1.1155
-0.542019 1.1155
-0.547999 1.2145
-1.04 1.2145
2.65

IMD5d2
4
-0.32198099999999996 1.1155
-0.11001899999999998 1.1155
-0.11599899999999998 1.2145
-0.316001 1.2145
2.65

IMD5d2
4
0.11001900000000003 1.1155
0.7089809999999999 1.1155
0.7030009999999999 1.2145
0.11599900000000003 1.2145
2.65

IMD5d2
4
0.929019 1.1155
1.1409809999999998 1.1155
1.1350009999999997 1.2145
0.934999 1.2145
2.65

IMD5d2
4
1.361019 1.1155
1.859 1.1155
1.859 1.2145
1.366999 1.2145
2.65

IMD5d1
4
-1.04 1.1055
-0.5464239999999999 1.1055
-0.547028 1.1155
-1.04 1.1155
2.65

IMD5d1
4
-0.31757599999999997 1.1055
-0.11442399999999998 1.1055
-0.11502799999999998 1.1155
-0.316972 1.1155
2.65

IMD5d1
4
0.11442400000000004 1.1055
0.704576 1.1055
0.7039719999999999 1.1155
0.11502800000000003 1.1155
2.65

IMD5d1
4
0.9334239999999999 1.1055
1.1365759999999998 1.1055
1.1359719999999998 1.1155
0.934028 1.1155
2.65

IMD5d1
4
1.365424 1.1055
1.859 1.1055
1.859 1.1155
1.366028 1.1155
2.65

IMD5d1
4
-1.04 1.0875
1.859 1.0875
1.859 1.1055
-1.04 1.1055
2.65

FOXA+FOXB+TOX
4
-1.04 0.001
1.859 0.001
1.859 0.2665
-1.04 0.2665
4.0

ILD1a
4
-1.04 0.2665
1.859 0.2665
1.859 0.2765
-1.04 0.2765
7.0

ILD1b1+ILD1b2+ILD1b3
4
-1.04 0.2765
1.859 0.2765
1.859 0.3955
-1.04 0.3955
4.0

IMD1a
4
-1.04 0.3955
1.859 0.3955
1.859 0.4065
-1.04 0.4065
5.2

IMD1b
4
-1.04 0.4065
1.859 0.4065
1.859 0.4665
-1.04 0.4665
2.8

IMD2a
4
-1.04 0.4665
1.859 0.4665
1.859 0.4875
-1.04 0.4875
5.2

IMD2b
4
-1.04 0.4875
1.859 0.4875
1.859 0.5025
-1.04 0.5025
4.2

IMD2c
4
-1.04 0.5025
1.859 0.5025
1.859 0.5265
-1.04 0.5265
3.28

IMD2d1+IMD2d2
4
-1.04 0.5265
1.859 0.5265
1.859 0.6535
-1.04 0.6535
2.65

IMD3a
4
-1.04 0.6535
1.859 0.6535
1.859 0.6745
-1.04 0.6745
5.2

IMD3b
4
-1.04 0.6745
1.859 0.6745
1.859 0.6895
-1.04 0.6895
4.2

IMD3c
4
-1.04 0.6895
1.859 0.6895
1.859 0.7135
-1.04 0.7135
3.28

IMD3d1+IMD3d2
4
-1.04 0.7135
1.859 0.7135
1.859 0.8405
-1.04 0.8405
2.65

IMD4a
4
-1.04 0.8405
1.859 0.8405
1.859 0.8615
-1.04 0.8615
5.2

IMD4b
4
-1.04 0.8615
1.859 0.8615
1.859 0.8765
-1.04 0.8765
4.2

IMD4c
4
-1.04 0.8765
1.859 0.8765
1.859 0.9005
-1.04 0.9005
3.28

IMD4d1+IMD4d2
4
-1.04 0.9005
1.859 0.9005
1.859 1.0275
-1.04 1.0275
2.65

IMD5a
4
-1.04 1.0275
1.859 1.0275
1.859 1.0485
-1.04 1.0485
5.2

IMD5b
4
-1.04 1.0485
1.859 1.0485
1.859 1.0635
-1.04 1.0635
4.2

IMD5c
4
-1.04 1.0635
1.859 1.0635
1.859 1.0875
-1.04 1.0875
3.28

IMD6a
4
-1.04 1.2145
1.859 1.2145
1.859 1.2355
-1.04 1.2355
5.2

IMD6b
4
-1.04 1.2355
1.859 1.2355
1.859 1.2505
-1.04 1.2505
4.2

IMD6c
4
-1.04 1.2505
1.859 1.2505
1.859 1.2745
-1.04 1.2745
3.28

IMD6d1+IMD6d2
4
-1.04 1.2745
1.859 1.2745
1.859 1.4015
-1.04 1.4015
2.65

IMD7a
4
-1.04 1.4015
1.859 1.4015
1.859 1.4765
-1.04 1.4765
5.2

IMD7b1+IMD7b2
4
-1.04 1.4765
1.859 1.4765
1.859 2.9765
-1.04 2.9765
4.2

IMD8a
4
-1.04 2.9765
1.859 2.9765
1.859 3.0515
-1.04 3.0515
5.2

IMD8b1+IMD8b2
4
-1.04 3.0515
1.859 3.0515
1.859 4.5515
-1.04 4.5515
4.2

PASS1
4
-1.04 4.5515
1.859 4.5515
1.859 4.6265
-1.04 4.6265
7.0

PASS2
4
-1.04 4.6265
1.859 4.6265
1.859 5.0265
-1.04 5.0265
4.2

PASS3
4
-1.04 5.0265
1.859 5.0265
1.859 5.1015
-1.04 5.1015
7.0

PASS4+PASS5
4
-1.04 5.1015
1.859 5.1015
1.859 6.0515
-1.04 6.0515
4.2

PASS6
4
-1.04 6.0515
1.859 6.0515
1.859 6.6515
-1.04 6.6515
7.0

air_Layer
4
-1.04 6.6515
1.859 6.6515
1.859 6.9485
-1.04 6.9485
1.0


4
-1.04 0.001
1.859 0.001
1.859 6.9485
-1.04 6.9485

