c1
4
-0.10500999999999998 1.1155
0.10501000000000003 1.1155
0.11099000000000003 1.2145
-0.11098999999999998 1.2145

5
botleft
4
-0.95 -0.001
0 -0.001
0 0.001
-0.95 0.001

botright
4
0 -0.001
3.029 -0.001
3.029 0.001
0 0.001

lEnv
4
-0.44701 1.1155
-0.23699 1.1155
-0.23101 1.2145
-0.45299 1.2145

c2
4
0.44399 1.1155
1.4190099999999999 1.1155
1.42499 1.2145
0.43801 1.2145

rEnv
4
1.55099 1.1155
2.5260100000000003 1.1155
2.5319900000000004 1.2145
1.54501 1.2145


57
IMD5d1_damage
4
-0.456424 1.1055
-0.227576 1.1055
-0.226972 1.1155
-0.457028 1.1155
3.1

IMD5d1_damage
4
-0.11442399999999998 1.1055
0.11442400000000004 1.1055
0.11502800000000003 1.1155
-0.11502799999999998 1.1155
3.1

IMD5d1_damage
4
0.434576 1.1055
1.428424 1.1055
1.429028 1.1155
0.433972 1.1155
3.1

IMD5d1_damage
4
1.541576 1.1055
2.5354240000000003 1.1055
2.5360280000000004 1.1155
1.540972 1.1155
3.1

IMD5d2_damage
4
-0.452019 1.1155
-0.44701 1.1155
-0.45299 1.2145
-0.457999 1.2145
2.9

IMD5d2_damage
4
-0.23699 1.1155
-0.231981 1.1155
-0.22600099999999998 1.2145
-0.23101 1.2145
2.9

IMD5d2_damage
4
-0.11001899999999998 1.1155
-0.10500999999999998 1.1155
-0.11098999999999998 1.2145
-0.11599899999999998 1.2145
2.9

IMD5d2_damage
4
0.10501000000000003 1.1155
0.11001900000000003 1.1155
0.11599900000000003 1.2145
0.11099000000000003 1.2145
2.9

IMD5d2_damage
4
0.438981 1.1155
0.44399 1.1155
0.43801 1.2145
0.433001 1.2145
2.9

IMD5d2_damage
4
1.4190099999999999 1.1155
1.424019 1.1155
1.429999 1.2145
1.42499 1.2145
2.9

IMD5d2_damage
4
1.545981 1.1155
1.55099 1.1155
1.54501 1.2145
1.540001 1.2145
2.9

IMD5d2_damage
4
2.5260100000000003 1.1155
2.531019 1.1155
2.5369990000000002 1.2145
2.5319900000000004 1.2145
2.9

IMD5d2
4
-0.95 1.1155
-0.452019 1.1155
-0.457999 1.2145
-0.95 1.2145
2.65

IMD5d2
4
-0.231981 1.1155
-0.11001899999999998 1.1155
-0.11599899999999998 1.2145
-0.22600099999999998 1.2145
2.65

IMD5d2
4
0.11001900000000003 1.1155
0.438981 1.1155
0.433001 1.2145
0.11599900000000003 1.2145
2.65

IMD5d2
4
1.424019 1.1155
1.545981 1.1155
1.540001 1.2145
1.429999 1.2145
2.65

IMD5d2
4
2.531019 1.1155
3.029 1.1155
3.029 1.2145
2.5369990000000002 1.2145
2.65

IMD5d1
4
-0.95 1.1055
-0.456424 1.1055
-0.457028 1.1155
-0.95 1.1155
2.65

IMD5d1
4
-0.227576 1.1055
-0.11442399999999998 1.1055
-0.11502799999999998 1.1155
-0.226972 1.1155
2.65

IMD5d1
4
0.11442400000000004 1.1055
0.434576 1.1055
0.433972 1.1155
0.11502800000000003 1.1155
2.65

IMD5d1
4
1.428424 1.1055
1.541576 1.1055
1.540972 1.1155
1.429028 1.1155
2.65

IMD5d1
4
2.5354240000000003 1.1055
3.029 1.1055
3.029 1.1155
2.5360280000000004 1.1155
2.65

IMD5d1
4
-0.95 1.0875
3.029 1.0875
3.029 1.1055
-0.95 1.1055
2.65

FOXA+FOXB+TOX
4
-0.95 0.001
3.029 0.001
3.029 0.2665
-0.95 0.2665
4.0

ILD1a
4
-0.95 0.2665
3.029 0.2665
3.029 0.2765
-0.95 0.2765
7.0

ILD1b1+ILD1b2+ILD1b3
4
-0.95 0.2765
3.029 0.2765
3.029 0.3955
-0.95 0.3955
4.0

IMD1a
4
-0.95 0.3955
3.029 0.3955
3.029 0.4065
-0.95 0.4065
5.2

IMD1b
4
-0.95 0.4065
3.029 0.4065
3.029 0.4665
-0.95 0.4665
2.8

IMD2a
4
-0.95 0.4665
3.029 0.4665
3.029 0.4875
-0.95 0.4875
5.2

IMD2b
4
-0.95 0.4875
3.029 0.4875
3.029 0.5025
-0.95 0.5025
4.2

IMD2c
4
-0.95 0.5025
3.029 0.5025
3.029 0.5265
-0.95 0.5265
3.28

IMD2d1+IMD2d2
4
-0.95 0.5265
3.029 0.5265
3.029 0.6535
-0.95 0.6535
2.65

IMD3a
4
-0.95 0.6535
3.029 0.6535
3.029 0.6745
-0.95 0.6745
5.2

IMD3b
4
-0.95 0.6745
3.029 0.6745
3.029 0.6895
-0.95 0.6895
4.2

IMD3c
4
-0.95 0.6895
3.029 0.6895
3.029 0.7135
-0.95 0.7135
3.28

IMD3d1+IMD3d2
4
-0.95 0.7135
3.029 0.7135
3.029 0.8405
-0.95 0.8405
2.65

IMD4a
4
-0.95 0.8405
3.029 0.8405
3.029 0.8615
-0.95 0.8615
5.2

IMD4b
4
-0.95 0.8615
3.029 0.8615
3.029 0.8765
-0.95 0.8765
4.2

IMD4c
4
-0.95 0.8765
3.029 0.8765
3.029 0.9005
-0.95 0.9005
3.28

IMD4d1+IMD4d2
4
-0.95 0.9005
3.029 0.9005
3.029 1.0275
-0.95 1.0275
2.65

IMD5a
4
-0.95 1.0275
3.029 1.0275
3.029 1.0485
-0.95 1.0485
5.2

IMD5b
4
-0.95 1.0485
3.029 1.0485
3.029 1.0635
-0.95 1.0635
4.2

IMD5c
4
-0.95 1.0635
3.029 1.0635
3.029 1.0875
-0.95 1.0875
3.28

IMD6a
4
-0.95 1.2145
3.029 1.2145
3.029 1.2355
-0.95 1.2355
5.2

IMD6b
4
-0.95 1.2355
3.029 1.2355
3.029 1.2505
-0.95 1.2505
4.2

IMD6c
4
-0.95 1.2505
3.029 1.2505
3.029 1.2745
-0.95 1.2745
3.28

IMD6d1+IMD6d2
4
-0.95 1.2745
3.029 1.2745
3.029 1.4015
-0.95 1.4015
2.65

IMD7a
4
-0.95 1.4015
3.029 1.4015
3.029 1.4765
-0.95 1.4765
5.2

IMD7b1+IMD7b2
4
-0.95 1.4765
3.029 1.4765
3.029 2.9765
-0.95 2.9765
4.2

IMD8a
4
-0.95 2.9765
3.029 2.9765
3.029 3.0515
-0.95 3.0515
5.2

IMD8b1+IMD8b2
4
-0.95 3.0515
3.029 3.0515
3.029 4.5515
-0.95 4.5515
4.2

PASS1
4
-0.95 4.5515
3.029 4.5515
3.029 4.6265
-0.95 4.6265
7.0

PASS2
4
-0.95 4.6265
3.029 4.6265
3.029 5.0265
-0.95 5.0265
4.2

PASS3
4
-0.95 5.0265
3.029 5.0265
3.029 5.1015
-0.95 5.1015
7.0

PASS4+PASS5
4
-0.95 5.1015
3.029 5.1015
3.029 6.0515
-0.95 6.0515
4.2

PASS6
4
-0.95 6.0515
3.029 6.0515
3.029 6.6515
-0.95 6.6515
7.0

air_Layer
4
-0.95 6.6515
3.029 6.6515
3.029 6.9485
-0.95 6.9485
1.0


4
-0.95 0.001
3.029 0.001
3.029 6.9485
-0.95 6.9485

