c1
4
-0.4200099999999999 1.3025
0.4200100000000001 1.3025
0.4259900000000001 1.4015
-0.42598999999999987 1.4015

5
botleft
4
-2.0749999999999997 -0.001
0 -0.001
0 0.001
-2.0749999999999997 0.001

botright
4
0 -0.001
2.7140000000000004 -0.001
2.7140000000000004 0.001
0 0.001

lEnv
4
-1.5720099999999997 1.3025
-0.7319899999999998 1.3025
-0.7260099999999998 1.4015
-1.5779899999999998 1.4015

c2
4
1.0289900000000003 1.3025
1.46401 1.3025
1.4699900000000001 1.4015
1.0230100000000002 1.4015

rEnv
4
1.7759900000000002 1.3025
2.21101 1.3025
2.21699 1.4015
1.77001 1.4015


57
IMD6d1_damage
4
-1.5814239999999997 1.2925
-0.7225759999999999 1.2925
-0.7219719999999998 1.3025
-1.5820279999999998 1.3025
3.1

IMD6d1_damage
4
-0.42942399999999986 1.2925
0.4294240000000001 1.2925
0.4300280000000001 1.3025
-0.43002799999999985 1.3025
3.1

IMD6d1_damage
4
1.0195760000000003 1.2925
1.473424 1.2925
1.4740280000000001 1.3025
1.0189720000000002 1.3025
3.1

IMD6d1_damage
4
1.7665760000000001 1.2925
2.220424 1.2925
2.221028 1.3025
1.765972 1.3025
3.1

IMD6d2_damage
4
-1.5770189999999997 1.3025
-1.5720099999999997 1.3025
-1.5779899999999998 1.4015
-1.5829989999999998 1.4015
2.9

IMD6d2_damage
4
-0.7319899999999998 1.3025
-0.7269809999999998 1.3025
-0.7210009999999998 1.4015
-0.7260099999999998 1.4015
2.9

IMD6d2_damage
4
-0.42501899999999987 1.3025
-0.4200099999999999 1.3025
-0.42598999999999987 1.4015
-0.43099899999999985 1.4015
2.9

IMD6d2_damage
4
0.4200100000000001 1.3025
0.4250190000000001 1.3025
0.4309990000000001 1.4015
0.4259900000000001 1.4015
2.9

IMD6d2_damage
4
1.0239810000000003 1.3025
1.0289900000000003 1.3025
1.0230100000000002 1.4015
1.0180010000000002 1.4015
2.9

IMD6d2_damage
4
1.46401 1.3025
1.469019 1.3025
1.4749990000000002 1.4015
1.4699900000000001 1.4015
2.9

IMD6d2_damage
4
1.7709810000000001 1.3025
1.7759900000000002 1.3025
1.77001 1.4015
1.765001 1.4015
2.9

IMD6d2_damage
4
2.21101 1.3025
2.2160189999999997 1.3025
2.221999 1.4015
2.21699 1.4015
2.9

IMD6d2
4
-2.0749999999999997 1.3025
-1.5770189999999997 1.3025
-1.5829989999999998 1.4015
-2.0749999999999997 1.4015
2.65

IMD6d2
4
-0.7269809999999998 1.3025
-0.42501899999999987 1.3025
-0.43099899999999985 1.4015
-0.7210009999999998 1.4015
2.65

IMD6d2
4
0.4250190000000001 1.3025
1.0239810000000003 1.3025
1.0180010000000002 1.4015
0.4309990000000001 1.4015
2.65

IMD6d2
4
1.469019 1.3025
1.7709810000000001 1.3025
1.765001 1.4015
1.4749990000000002 1.4015
2.65

IMD6d2
4
2.2160189999999997 1.3025
2.7140000000000004 1.3025
2.7140000000000004 1.4015
2.221999 1.4015
2.65

IMD6d1
4
-2.0749999999999997 1.2925
-1.5814239999999997 1.2925
-1.5820279999999998 1.3025
-2.0749999999999997 1.3025
2.65

IMD6d1
4
-0.7225759999999999 1.2925
-0.42942399999999986 1.2925
-0.43002799999999985 1.3025
-0.7219719999999998 1.3025
2.65

IMD6d1
4
0.4294240000000001 1.2925
1.0195760000000003 1.2925
1.0189720000000002 1.3025
0.4300280000000001 1.3025
2.65

IMD6d1
4
1.473424 1.2925
1.7665760000000001 1.2925
1.765972 1.3025
1.4740280000000001 1.3025
2.65

IMD6d1
4
2.220424 1.2925
2.7140000000000004 1.2925
2.7140000000000004 1.3025
2.221028 1.3025
2.65

IMD6d1
4
-2.0749999999999997 1.2745
2.7140000000000004 1.2745
2.7140000000000004 1.2925
-2.0749999999999997 1.2925
2.65

FOXA+FOXB+TOX
4
-2.0749999999999997 0.001
2.7140000000000004 0.001
2.7140000000000004 0.2665
-2.0749999999999997 0.2665
4.0

ILD1a
4
-2.0749999999999997 0.2665
2.7140000000000004 0.2665
2.7140000000000004 0.2765
-2.0749999999999997 0.2765
7.0

ILD1b1+ILD1b2+ILD1b3
4
-2.0749999999999997 0.2765
2.7140000000000004 0.2765
2.7140000000000004 0.3955
-2.0749999999999997 0.3955
4.0

IMD1a
4
-2.0749999999999997 0.3955
2.7140000000000004 0.3955
2.7140000000000004 0.4065
-2.0749999999999997 0.4065
5.2

IMD1b
4
-2.0749999999999997 0.4065
2.7140000000000004 0.4065
2.7140000000000004 0.4665
-2.0749999999999997 0.4665
2.8

IMD2a
4
-2.0749999999999997 0.4665
2.7140000000000004 0.4665
2.7140000000000004 0.4875
-2.0749999999999997 0.4875
5.2

IMD2b
4
-2.0749999999999997 0.4875
2.7140000000000004 0.4875
2.7140000000000004 0.5025
-2.0749999999999997 0.5025
4.2

IMD2c
4
-2.0749999999999997 0.5025
2.7140000000000004 0.5025
2.7140000000000004 0.5265
-2.0749999999999997 0.5265
3.28

IMD2d1+IMD2d2
4
-2.0749999999999997 0.5265
2.7140000000000004 0.5265
2.7140000000000004 0.6535
-2.0749999999999997 0.6535
2.65

IMD3a
4
-2.0749999999999997 0.6535
2.7140000000000004 0.6535
2.7140000000000004 0.6745
-2.0749999999999997 0.6745
5.2

IMD3b
4
-2.0749999999999997 0.6745
2.7140000000000004 0.6745
2.7140000000000004 0.6895
-2.0749999999999997 0.6895
4.2

IMD3c
4
-2.0749999999999997 0.6895
2.7140000000000004 0.6895
2.7140000000000004 0.7135
-2.0749999999999997 0.7135
3.28

IMD3d1+IMD3d2
4
-2.0749999999999997 0.7135
2.7140000000000004 0.7135
2.7140000000000004 0.8405
-2.0749999999999997 0.8405
2.65

IMD4a
4
-2.0749999999999997 0.8405
2.7140000000000004 0.8405
2.7140000000000004 0.8615
-2.0749999999999997 0.8615
5.2

IMD4b
4
-2.0749999999999997 0.8615
2.7140000000000004 0.8615
2.7140000000000004 0.8765
-2.0749999999999997 0.8765
4.2

IMD4c
4
-2.0749999999999997 0.8765
2.7140000000000004 0.8765
2.7140000000000004 0.9005
-2.0749999999999997 0.9005
3.28

IMD4d1+IMD4d2
4
-2.0749999999999997 0.9005
2.7140000000000004 0.9005
2.7140000000000004 1.0275
-2.0749999999999997 1.0275
2.65

IMD5a
4
-2.0749999999999997 1.0275
2.7140000000000004 1.0275
2.7140000000000004 1.0485
-2.0749999999999997 1.0485
5.2

IMD5b
4
-2.0749999999999997 1.0485
2.7140000000000004 1.0485
2.7140000000000004 1.0635
-2.0749999999999997 1.0635
4.2

IMD5c
4
-2.0749999999999997 1.0635
2.7140000000000004 1.0635
2.7140000000000004 1.0875
-2.0749999999999997 1.0875
3.28

IMD5d1+IMD5d2
4
-2.0749999999999997 1.0875
2.7140000000000004 1.0875
2.7140000000000004 1.2145
-2.0749999999999997 1.2145
2.65

IMD6a
4
-2.0749999999999997 1.2145
2.7140000000000004 1.2145
2.7140000000000004 1.2355
-2.0749999999999997 1.2355
5.2

IMD6b
4
-2.0749999999999997 1.2355
2.7140000000000004 1.2355
2.7140000000000004 1.2505
-2.0749999999999997 1.2505
4.2

IMD6c
4
-2.0749999999999997 1.2505
2.7140000000000004 1.2505
2.7140000000000004 1.2745
-2.0749999999999997 1.2745
3.28

IMD7a
4
-2.0749999999999997 1.4015
2.7140000000000004 1.4015
2.7140000000000004 1.4765
-2.0749999999999997 1.4765
5.2

IMD7b1+IMD7b2
4
-2.0749999999999997 1.4765
2.7140000000000004 1.4765
2.7140000000000004 2.9765
-2.0749999999999997 2.9765
4.2

IMD8a
4
-2.0749999999999997 2.9765
2.7140000000000004 2.9765
2.7140000000000004 3.0515
-2.0749999999999997 3.0515
5.2

IMD8b1+IMD8b2
4
-2.0749999999999997 3.0515
2.7140000000000004 3.0515
2.7140000000000004 4.5515
-2.0749999999999997 4.5515
4.2

PASS1
4
-2.0749999999999997 4.5515
2.7140000000000004 4.5515
2.7140000000000004 4.6265
-2.0749999999999997 4.6265
7.0

PASS2
4
-2.0749999999999997 4.6265
2.7140000000000004 4.6265
2.7140000000000004 5.0265
-2.0749999999999997 5.0265
4.2

PASS3
4
-2.0749999999999997 5.0265
2.7140000000000004 5.0265
2.7140000000000004 5.1015
-2.0749999999999997 5.1015
7.0

PASS4+PASS5
4
-2.0749999999999997 5.1015
2.7140000000000004 5.1015
2.7140000000000004 6.0515
-2.0749999999999997 6.0515
4.2

PASS6
4
-2.0749999999999997 6.0515
2.7140000000000004 6.0515
2.7140000000000004 6.6515
-2.0749999999999997 6.6515
7.0

air_Layer
4
-2.0749999999999997 6.6515
2.7140000000000004 6.6515
2.7140000000000004 6.9485
-2.0749999999999997 6.9485
1.0


4
-2.0749999999999997 0.001
2.7140000000000004 0.001
2.7140000000000004 6.9485
-2.0749999999999997 6.9485

