c1
4
-0.01501000000000001 0.7415
0.01501000000000001 0.7415
0.02099000000000001 0.8405
-0.02099000000000001 0.8405

5
botleft
4
-0.8600000000000001 -0.001
0 -0.001
0 0.001
-0.8600000000000001 0.001

botright
4
0 -0.001
2.3539999999999996 -0.001
2.3539999999999996 0.001
0 0.001

lEnv
4
-0.35701000000000005 0.7415
-0.32699 0.7415
-0.32101 0.8405
-0.36299000000000003 0.8405

c2
4
0.12899000000000002 0.7415
0.8340099999999999 0.7415
0.8399899999999999 0.8405
0.12301000000000001 0.8405

rEnv
4
1.1459899999999998 0.7415
1.8510099999999996 0.7415
1.8569899999999997 0.8405
1.1400099999999997 0.8405


57
IMD3d1_damage
4
-0.366424 0.7315
-0.317576 0.7315
-0.31697200000000003 0.7415
-0.367028 0.7415
3.1

IMD3d1_damage
4
-0.024424000000000008 0.7315
0.024424000000000008 0.7315
0.02502800000000001 0.7415
-0.02502800000000001 0.7415
3.1

IMD3d1_damage
4
0.119576 0.7315
0.8434239999999998 0.7315
0.8440279999999999 0.7415
0.11897200000000001 0.7415
3.1

IMD3d1_damage
4
1.1365759999999998 0.7315
1.8604239999999996 0.7315
1.8610279999999997 0.7415
1.1359719999999998 0.7415
3.1

IMD3d2_damage
4
-0.36201900000000004 0.7415
-0.35701000000000005 0.7415
-0.36299000000000003 0.8405
-0.367999 0.8405
2.9

IMD3d2_damage
4
-0.32699 0.7415
-0.321981 0.7415
-0.31600100000000003 0.8405
-0.32101 0.8405
2.9

IMD3d2_damage
4
-0.02001900000000001 0.7415
-0.01501000000000001 0.7415
-0.02099000000000001 0.8405
-0.025999000000000008 0.8405
2.9

IMD3d2_damage
4
0.01501000000000001 0.7415
0.02001900000000001 0.7415
0.025999000000000008 0.8405
0.02099000000000001 0.8405
2.9

IMD3d2_damage
4
0.12398100000000002 0.7415
0.12899000000000002 0.7415
0.12301000000000001 0.8405
0.11800100000000001 0.8405
2.9

IMD3d2_damage
4
0.8340099999999999 0.7415
0.839019 0.7415
0.844999 0.8405
0.8399899999999999 0.8405
2.9

IMD3d2_damage
4
1.1409809999999998 0.7415
1.1459899999999998 0.7415
1.1400099999999997 0.8405
1.1350009999999997 0.8405
2.9

IMD3d2_damage
4
1.8510099999999996 0.7415
1.8560189999999996 0.7415
1.8619989999999997 0.8405
1.8569899999999997 0.8405
2.9

IMD3d2
4
-0.8600000000000001 0.7415
-0.36201900000000004 0.7415
-0.367999 0.8405
-0.8600000000000001 0.8405
2.65

IMD3d2
4
-0.321981 0.7415
-0.02001900000000001 0.7415
-0.025999000000000008 0.8405
-0.31600100000000003 0.8405
2.65

IMD3d2
4
0.02001900000000001 0.7415
0.12398100000000002 0.7415
0.11800100000000001 0.8405
0.025999000000000008 0.8405
2.65

IMD3d2
4
0.839019 0.7415
1.1409809999999998 0.7415
1.1350009999999997 0.8405
0.844999 0.8405
2.65

IMD3d2
4
1.8560189999999996 0.7415
2.3539999999999996 0.7415
2.3539999999999996 0.8405
1.8619989999999997 0.8405
2.65

IMD3d1
4
-0.8600000000000001 0.7315
-0.366424 0.7315
-0.367028 0.7415
-0.8600000000000001 0.7415
2.65

IMD3d1
4
-0.317576 0.7315
-0.024424000000000008 0.7315
-0.02502800000000001 0.7415
-0.31697200000000003 0.7415
2.65

IMD3d1
4
0.024424000000000008 0.7315
0.119576 0.7315
0.11897200000000001 0.7415
0.02502800000000001 0.7415
2.65

IMD3d1
4
0.8434239999999998 0.7315
1.1365759999999998 0.7315
1.1359719999999998 0.7415
0.8440279999999999 0.7415
2.65

IMD3d1
4
1.8604239999999996 0.7315
2.3539999999999996 0.7315
2.3539999999999996 0.7415
1.8610279999999997 0.7415
2.65

IMD3d1
4
-0.8600000000000001 0.7135
2.3539999999999996 0.7135
2.3539999999999996 0.7315
-0.8600000000000001 0.7315
2.65

FOXA+FOXB+TOX
4
-0.8600000000000001 0.001
2.3539999999999996 0.001
2.3539999999999996 0.2665
-0.8600000000000001 0.2665
4.0

ILD1a
4
-0.8600000000000001 0.2665
2.3539999999999996 0.2665
2.3539999999999996 0.2765
-0.8600000000000001 0.2765
7.0

ILD1b1+ILD1b2+ILD1b3
4
-0.8600000000000001 0.2765
2.3539999999999996 0.2765
2.3539999999999996 0.3955
-0.8600000000000001 0.3955
4.0

IMD1a
4
-0.8600000000000001 0.3955
2.3539999999999996 0.3955
2.3539999999999996 0.4065
-0.8600000000000001 0.4065
5.2

IMD1b
4
-0.8600000000000001 0.4065
2.3539999999999996 0.4065
2.3539999999999996 0.4665
-0.8600000000000001 0.4665
2.8

IMD2a
4
-0.8600000000000001 0.4665
2.3539999999999996 0.4665
2.3539999999999996 0.4875
-0.8600000000000001 0.4875
5.2

IMD2b
4
-0.8600000000000001 0.4875
2.3539999999999996 0.4875
2.3539999999999996 0.5025
-0.8600000000000001 0.5025
4.2

IMD2c
4
-0.8600000000000001 0.5025
2.3539999999999996 0.5025
2.3539999999999996 0.5265
-0.8600000000000001 0.5265
3.28

IMD2d1+IMD2d2
4
-0.8600000000000001 0.5265
2.3539999999999996 0.5265
2.3539999999999996 0.6535
-0.8600000000000001 0.6535
2.65

IMD3a
4
-0.8600000000000001 0.6535
2.3539999999999996 0.6535
2.3539999999999996 0.6745
-0.8600000000000001 0.6745
5.2

IMD3b
4
-0.8600000000000001 0.6745
2.3539999999999996 0.6745
2.3539999999999996 0.6895
-0.8600000000000001 0.6895
4.2

IMD3c
4
-0.8600000000000001 0.6895
2.3539999999999996 0.6895
2.3539999999999996 0.7135
-0.8600000000000001 0.7135
3.28

IMD4a
4
-0.8600000000000001 0.8405
2.3539999999999996 0.8405
2.3539999999999996 0.8615
-0.8600000000000001 0.8615
5.2

IMD4b
4
-0.8600000000000001 0.8615
2.3539999999999996 0.8615
2.3539999999999996 0.8765
-0.8600000000000001 0.8765
4.2

IMD4c
4
-0.8600000000000001 0.8765
2.3539999999999996 0.8765
2.3539999999999996 0.9005
-0.8600000000000001 0.9005
3.28

IMD4d1+IMD4d2
4
-0.8600000000000001 0.9005
2.3539999999999996 0.9005
2.3539999999999996 1.0275
-0.8600000000000001 1.0275
2.65

IMD5a
4
-0.8600000000000001 1.0275
2.3539999999999996 1.0275
2.3539999999999996 1.0485
-0.8600000000000001 1.0485
5.2

IMD5b
4
-0.8600000000000001 1.0485
2.3539999999999996 1.0485
2.3539999999999996 1.0635
-0.8600000000000001 1.0635
4.2

IMD5c
4
-0.8600000000000001 1.0635
2.3539999999999996 1.0635
2.3539999999999996 1.0875
-0.8600000000000001 1.0875
3.28

IMD5d1+IMD5d2
4
-0.8600000000000001 1.0875
2.3539999999999996 1.0875
2.3539999999999996 1.2145
-0.8600000000000001 1.2145
2.65

IMD6a
4
-0.8600000000000001 1.2145
2.3539999999999996 1.2145
2.3539999999999996 1.2355
-0.8600000000000001 1.2355
5.2

IMD6b
4
-0.8600000000000001 1.2355
2.3539999999999996 1.2355
2.3539999999999996 1.2505
-0.8600000000000001 1.2505
4.2

IMD6c
4
-0.8600000000000001 1.2505
2.3539999999999996 1.2505
2.3539999999999996 1.2745
-0.8600000000000001 1.2745
3.28

IMD6d1+IMD6d2
4
-0.8600000000000001 1.2745
2.3539999999999996 1.2745
2.3539999999999996 1.4015
-0.8600000000000001 1.4015
2.65

IMD7a
4
-0.8600000000000001 1.4015
2.3539999999999996 1.4015
2.3539999999999996 1.4765
-0.8600000000000001 1.4765
5.2

IMD7b1+IMD7b2
4
-0.8600000000000001 1.4765
2.3539999999999996 1.4765
2.3539999999999996 2.9765
-0.8600000000000001 2.9765
4.2

IMD8a
4
-0.8600000000000001 2.9765
2.3539999999999996 2.9765
2.3539999999999996 3.0515
-0.8600000000000001 3.0515
5.2

IMD8b1+IMD8b2
4
-0.8600000000000001 3.0515
2.3539999999999996 3.0515
2.3539999999999996 4.5515
-0.8600000000000001 4.5515
4.2

PASS1
4
-0.8600000000000001 4.5515
2.3539999999999996 4.5515
2.3539999999999996 4.6265
-0.8600000000000001 4.6265
7.0

PASS2
4
-0.8600000000000001 4.6265
2.3539999999999996 4.6265
2.3539999999999996 5.0265
-0.8600000000000001 5.0265
4.2

PASS3
4
-0.8600000000000001 5.0265
2.3539999999999996 5.0265
2.3539999999999996 5.1015
-0.8600000000000001 5.1015
7.0

PASS4+PASS5
4
-0.8600000000000001 5.1015
2.3539999999999996 5.1015
2.3539999999999996 6.0515
-0.8600000000000001 6.0515
4.2

PASS6
4
-0.8600000000000001 6.0515
2.3539999999999996 6.0515
2.3539999999999996 6.6515
-0.8600000000000001 6.6515
7.0

air_Layer
4
-0.8600000000000001 6.6515
2.3539999999999996 6.6515
2.3539999999999996 6.9485
-0.8600000000000001 6.9485
1.0


4
-0.8600000000000001 0.001
2.3539999999999996 0.001
2.3539999999999996 6.9485
-0.8600000000000001 6.9485

