c1
4
-0.01501000000000001 0.7415
0.01501000000000001 0.7415
0.02099000000000001 0.8405
-0.02099000000000001 0.8405

5
botleft
4
-0.9500000000000001 -0.001
0 -0.001
0 0.001
-0.9500000000000001 0.001

botright
4
0 -0.001
1.724 -0.001
1.724 0.001
0 0.001

lEnv
4
-0.4470100000000001 0.7415
-0.41699 0.7415
-0.41101000000000004 0.8405
-0.45299000000000006 0.8405

c2
4
0.7589899999999999 0.7415
0.7890099999999999 0.7415
0.7949899999999999 0.8405
0.75301 0.8405

rEnv
4
1.19099 0.7415
1.2210099999999997 0.7415
1.2269899999999998 0.8405
1.18501 0.8405


57
IMD3d1_damage
4
-0.45642400000000005 0.7315
-0.40757600000000005 0.7315
-0.40697200000000006 0.7415
-0.45702800000000005 0.7415
3.1

IMD3d1_damage
4
-0.024424000000000008 0.7315
0.024424000000000008 0.7315
0.02502800000000001 0.7415
-0.02502800000000001 0.7415
3.1

IMD3d1_damage
4
0.749576 0.7315
0.7984239999999998 0.7315
0.7990279999999998 0.7415
0.748972 0.7415
3.1

IMD3d1_damage
4
1.181576 0.7315
1.2304239999999997 0.7315
1.2310279999999998 0.7415
1.180972 0.7415
3.1

IMD3d2_damage
4
-0.45201900000000006 0.7415
-0.4470100000000001 0.7415
-0.45299000000000006 0.8405
-0.45799900000000004 0.8405
2.9

IMD3d2_damage
4
-0.41699 0.7415
-0.41198100000000004 0.7415
-0.40600100000000006 0.8405
-0.41101000000000004 0.8405
2.9

IMD3d2_damage
4
-0.02001900000000001 0.7415
-0.01501000000000001 0.7415
-0.02099000000000001 0.8405
-0.025999000000000008 0.8405
2.9

IMD3d2_damage
4
0.01501000000000001 0.7415
0.02001900000000001 0.7415
0.025999000000000008 0.8405
0.02099000000000001 0.8405
2.9

IMD3d2_damage
4
0.7539809999999999 0.7415
0.7589899999999999 0.7415
0.75301 0.8405
0.7480009999999999 0.8405
2.9

IMD3d2_damage
4
0.7890099999999999 0.7415
0.7940189999999999 0.7415
0.7999989999999999 0.8405
0.7949899999999999 0.8405
2.9

IMD3d2_damage
4
1.185981 0.7415
1.19099 0.7415
1.18501 0.8405
1.1800009999999999 0.8405
2.9

IMD3d2_damage
4
1.2210099999999997 0.7415
1.2260189999999997 0.7415
1.2319989999999998 0.8405
1.2269899999999998 0.8405
2.9

IMD3d2
4
-0.9500000000000001 0.7415
-0.45201900000000006 0.7415
-0.45799900000000004 0.8405
-0.9500000000000001 0.8405
2.65

IMD3d2
4
-0.41198100000000004 0.7415
-0.02001900000000001 0.7415
-0.025999000000000008 0.8405
-0.40600100000000006 0.8405
2.65

IMD3d2
4
0.02001900000000001 0.7415
0.7539809999999999 0.7415
0.7480009999999999 0.8405
0.025999000000000008 0.8405
2.65

IMD3d2
4
0.7940189999999999 0.7415
1.185981 0.7415
1.1800009999999999 0.8405
0.7999989999999999 0.8405
2.65

IMD3d2
4
1.2260189999999997 0.7415
1.724 0.7415
1.724 0.8405
1.2319989999999998 0.8405
2.65

IMD3d1
4
-0.9500000000000001 0.7315
-0.45642400000000005 0.7315
-0.45702800000000005 0.7415
-0.9500000000000001 0.7415
2.65

IMD3d1
4
-0.40757600000000005 0.7315
-0.024424000000000008 0.7315
-0.02502800000000001 0.7415
-0.40697200000000006 0.7415
2.65

IMD3d1
4
0.024424000000000008 0.7315
0.749576 0.7315
0.748972 0.7415
0.02502800000000001 0.7415
2.65

IMD3d1
4
0.7984239999999998 0.7315
1.181576 0.7315
1.180972 0.7415
0.7990279999999998 0.7415
2.65

IMD3d1
4
1.2304239999999997 0.7315
1.724 0.7315
1.724 0.7415
1.2310279999999998 0.7415
2.65

IMD3d1
4
-0.9500000000000001 0.7135
1.724 0.7135
1.724 0.7315
-0.9500000000000001 0.7315
2.65

FOXA+FOXB+TOX
4
-0.9500000000000001 0.001
1.724 0.001
1.724 0.2665
-0.9500000000000001 0.2665
4.0

ILD1a
4
-0.9500000000000001 0.2665
1.724 0.2665
1.724 0.2765
-0.9500000000000001 0.2765
7.0

ILD1b1+ILD1b2+ILD1b3
4
-0.9500000000000001 0.2765
1.724 0.2765
1.724 0.3955
-0.9500000000000001 0.3955
4.0

IMD1a
4
-0.9500000000000001 0.3955
1.724 0.3955
1.724 0.4065
-0.9500000000000001 0.4065
5.2

IMD1b
4
-0.9500000000000001 0.4065
1.724 0.4065
1.724 0.4665
-0.9500000000000001 0.4665
2.8

IMD2a
4
-0.9500000000000001 0.4665
1.724 0.4665
1.724 0.4875
-0.9500000000000001 0.4875
5.2

IMD2b
4
-0.9500000000000001 0.4875
1.724 0.4875
1.724 0.5025
-0.9500000000000001 0.5025
4.2

IMD2c
4
-0.9500000000000001 0.5025
1.724 0.5025
1.724 0.5265
-0.9500000000000001 0.5265
3.28

IMD2d1+IMD2d2
4
-0.9500000000000001 0.5265
1.724 0.5265
1.724 0.6535
-0.9500000000000001 0.6535
2.65

IMD3a
4
-0.9500000000000001 0.6535
1.724 0.6535
1.724 0.6745
-0.9500000000000001 0.6745
5.2

IMD3b
4
-0.9500000000000001 0.6745
1.724 0.6745
1.724 0.6895
-0.9500000000000001 0.6895
4.2

IMD3c
4
-0.9500000000000001 0.6895
1.724 0.6895
1.724 0.7135
-0.9500000000000001 0.7135
3.28

IMD4a
4
-0.9500000000000001 0.8405
1.724 0.8405
1.724 0.8615
-0.9500000000000001 0.8615
5.2

IMD4b
4
-0.9500000000000001 0.8615
1.724 0.8615
1.724 0.8765
-0.9500000000000001 0.8765
4.2

IMD4c
4
-0.9500000000000001 0.8765
1.724 0.8765
1.724 0.9005
-0.9500000000000001 0.9005
3.28

IMD4d1+IMD4d2
4
-0.9500000000000001 0.9005
1.724 0.9005
1.724 1.0275
-0.9500000000000001 1.0275
2.65

IMD5a
4
-0.9500000000000001 1.0275
1.724 1.0275
1.724 1.0485
-0.9500000000000001 1.0485
5.2

IMD5b
4
-0.9500000000000001 1.0485
1.724 1.0485
1.724 1.0635
-0.9500000000000001 1.0635
4.2

IMD5c
4
-0.9500000000000001 1.0635
1.724 1.0635
1.724 1.0875
-0.9500000000000001 1.0875
3.28

IMD5d1+IMD5d2
4
-0.9500000000000001 1.0875
1.724 1.0875
1.724 1.2145
-0.9500000000000001 1.2145
2.65

IMD6a
4
-0.9500000000000001 1.2145
1.724 1.2145
1.724 1.2355
-0.9500000000000001 1.2355
5.2

IMD6b
4
-0.9500000000000001 1.2355
1.724 1.2355
1.724 1.2505
-0.9500000000000001 1.2505
4.2

IMD6c
4
-0.9500000000000001 1.2505
1.724 1.2505
1.724 1.2745
-0.9500000000000001 1.2745
3.28

IMD6d1+IMD6d2
4
-0.9500000000000001 1.2745
1.724 1.2745
1.724 1.4015
-0.9500000000000001 1.4015
2.65

IMD7a
4
-0.9500000000000001 1.4015
1.724 1.4015
1.724 1.4765
-0.9500000000000001 1.4765
5.2

IMD7b1+IMD7b2
4
-0.9500000000000001 1.4765
1.724 1.4765
1.724 2.9765
-0.9500000000000001 2.9765
4.2

IMD8a
4
-0.9500000000000001 2.9765
1.724 2.9765
1.724 3.0515
-0.9500000000000001 3.0515
5.2

IMD8b1+IMD8b2
4
-0.9500000000000001 3.0515
1.724 3.0515
1.724 4.5515
-0.9500000000000001 4.5515
4.2

PASS1
4
-0.9500000000000001 4.5515
1.724 4.5515
1.724 4.6265
-0.9500000000000001 4.6265
7.0

PASS2
4
-0.9500000000000001 4.6265
1.724 4.6265
1.724 5.0265
-0.9500000000000001 5.0265
4.2

PASS3
4
-0.9500000000000001 5.0265
1.724 5.0265
1.724 5.1015
-0.9500000000000001 5.1015
7.0

PASS4+PASS5
4
-0.9500000000000001 5.1015
1.724 5.1015
1.724 6.0515
-0.9500000000000001 6.0515
4.2

PASS6
4
-0.9500000000000001 6.0515
1.724 6.0515
1.724 6.6515
-0.9500000000000001 6.6515
7.0

air_Layer
4
-0.9500000000000001 6.6515
1.724 6.6515
1.724 6.9485
-0.9500000000000001 6.9485
1.0


4
-0.9500000000000001 0.001
1.724 0.001
1.724 6.9485
-0.9500000000000001 6.9485

