c1
4
-0.15000999999999995 0.7415
0.15000999999999995 0.7415
0.15598999999999996 0.8405
-0.15598999999999996 0.8405

5
botleft
4
-1.175 -0.001
0 -0.001
0 0.001
-1.175 0.001

botright
4
0 -0.001
3.3440000000000007 -0.001
3.3440000000000007 0.001
0 0.001

lEnv
4
-0.67201 0.7415
-0.37199 0.7415
-0.36601 0.8405
-0.67799 0.8405

c2
4
0.66899 0.7415
1.6440100000000002 0.7415
1.6499900000000003 0.8405
0.66301 0.8405

rEnv
4
1.8659900000000005 0.7415
2.8410100000000003 0.7415
2.8469900000000004 0.8405
1.8600100000000004 0.8405


57
IMD3d1_damage
4
-0.6814239999999999 0.7315
-0.362576 0.7315
-0.361972 0.7415
-0.682028 0.7415
3.1

IMD3d1_damage
4
-0.15942399999999995 0.7315
0.15942399999999995 0.7315
0.16002799999999995 0.7415
-0.16002799999999995 0.7415
3.1

IMD3d1_damage
4
0.659576 0.7315
1.6534240000000002 0.7315
1.6540280000000003 0.7415
0.658972 0.7415
3.1

IMD3d1_damage
4
1.8565760000000004 0.7315
2.8504240000000003 0.7315
2.8510280000000003 0.7415
1.8559720000000004 0.7415
3.1

IMD3d2_damage
4
-0.677019 0.7415
-0.67201 0.7415
-0.67799 0.8405
-0.682999 0.8405
2.9

IMD3d2_damage
4
-0.37199 0.7415
-0.366981 0.7415
-0.361001 0.8405
-0.36601 0.8405
2.9

IMD3d2_damage
4
-0.15501899999999996 0.7415
-0.15000999999999995 0.7415
-0.15598999999999996 0.8405
-0.16099899999999998 0.8405
2.9

IMD3d2_damage
4
0.15000999999999995 0.7415
0.15501899999999996 0.7415
0.16099899999999998 0.8405
0.15598999999999996 0.8405
2.9

IMD3d2_damage
4
0.6639809999999999 0.7415
0.66899 0.7415
0.66301 0.8405
0.658001 0.8405
2.9

IMD3d2_damage
4
1.6440100000000002 0.7415
1.6490190000000002 0.7415
1.6549990000000003 0.8405
1.6499900000000003 0.8405
2.9

IMD3d2_damage
4
1.8609810000000004 0.7415
1.8659900000000005 0.7415
1.8600100000000004 0.8405
1.8550010000000003 0.8405
2.9

IMD3d2_damage
4
2.8410100000000003 0.7415
2.846019 0.7415
2.851999 0.8405
2.8469900000000004 0.8405
2.9

IMD3d2
4
-1.175 0.7415
-0.677019 0.7415
-0.682999 0.8405
-1.175 0.8405
2.65

IMD3d2
4
-0.366981 0.7415
-0.15501899999999996 0.7415
-0.16099899999999998 0.8405
-0.361001 0.8405
2.65

IMD3d2
4
0.15501899999999996 0.7415
0.6639809999999999 0.7415
0.658001 0.8405
0.16099899999999998 0.8405
2.65

IMD3d2
4
1.6490190000000002 0.7415
1.8609810000000004 0.7415
1.8550010000000003 0.8405
1.6549990000000003 0.8405
2.65

IMD3d2
4
2.846019 0.7415
3.3440000000000007 0.7415
3.3440000000000007 0.8405
2.851999 0.8405
2.65

IMD3d1
4
-1.175 0.7315
-0.6814239999999999 0.7315
-0.682028 0.7415
-1.175 0.7415
2.65

IMD3d1
4
-0.362576 0.7315
-0.15942399999999995 0.7315
-0.16002799999999995 0.7415
-0.361972 0.7415
2.65

IMD3d1
4
0.15942399999999995 0.7315
0.659576 0.7315
0.658972 0.7415
0.16002799999999995 0.7415
2.65

IMD3d1
4
1.6534240000000002 0.7315
1.8565760000000004 0.7315
1.8559720000000004 0.7415
1.6540280000000003 0.7415
2.65

IMD3d1
4
2.8504240000000003 0.7315
3.3440000000000007 0.7315
3.3440000000000007 0.7415
2.8510280000000003 0.7415
2.65

IMD3d1
4
-1.175 0.7135
3.3440000000000007 0.7135
3.3440000000000007 0.7315
-1.175 0.7315
2.65

FOXA+FOXB+TOX
4
-1.175 0.001
3.3440000000000007 0.001
3.3440000000000007 0.2665
-1.175 0.2665
4.0

ILD1a
4
-1.175 0.2665
3.3440000000000007 0.2665
3.3440000000000007 0.2765
-1.175 0.2765
7.0

ILD1b1+ILD1b2+ILD1b3
4
-1.175 0.2765
3.3440000000000007 0.2765
3.3440000000000007 0.3955
-1.175 0.3955
4.0

IMD1a
4
-1.175 0.3955
3.3440000000000007 0.3955
3.3440000000000007 0.4065
-1.175 0.4065
5.2

IMD1b
4
-1.175 0.4065
3.3440000000000007 0.4065
3.3440000000000007 0.4665
-1.175 0.4665
2.8

IMD2a
4
-1.175 0.4665
3.3440000000000007 0.4665
3.3440000000000007 0.4875
-1.175 0.4875
5.2

IMD2b
4
-1.175 0.4875
3.3440000000000007 0.4875
3.3440000000000007 0.5025
-1.175 0.5025
4.2

IMD2c
4
-1.175 0.5025
3.3440000000000007 0.5025
3.3440000000000007 0.5265
-1.175 0.5265
3.28

IMD2d1+IMD2d2
4
-1.175 0.5265
3.3440000000000007 0.5265
3.3440000000000007 0.6535
-1.175 0.6535
2.65

IMD3a
4
-1.175 0.6535
3.3440000000000007 0.6535
3.3440000000000007 0.6745
-1.175 0.6745
5.2

IMD3b
4
-1.175 0.6745
3.3440000000000007 0.6745
3.3440000000000007 0.6895
-1.175 0.6895
4.2

IMD3c
4
-1.175 0.6895
3.3440000000000007 0.6895
3.3440000000000007 0.7135
-1.175 0.7135
3.28

IMD4a
4
-1.175 0.8405
3.3440000000000007 0.8405
3.3440000000000007 0.8615
-1.175 0.8615
5.2

IMD4b
4
-1.175 0.8615
3.3440000000000007 0.8615
3.3440000000000007 0.8765
-1.175 0.8765
4.2

IMD4c
4
-1.175 0.8765
3.3440000000000007 0.8765
3.3440000000000007 0.9005
-1.175 0.9005
3.28

IMD4d1+IMD4d2
4
-1.175 0.9005
3.3440000000000007 0.9005
3.3440000000000007 1.0275
-1.175 1.0275
2.65

IMD5a
4
-1.175 1.0275
3.3440000000000007 1.0275
3.3440000000000007 1.0485
-1.175 1.0485
5.2

IMD5b
4
-1.175 1.0485
3.3440000000000007 1.0485
3.3440000000000007 1.0635
-1.175 1.0635
4.2

IMD5c
4
-1.175 1.0635
3.3440000000000007 1.0635
3.3440000000000007 1.0875
-1.175 1.0875
3.28

IMD5d1+IMD5d2
4
-1.175 1.0875
3.3440000000000007 1.0875
3.3440000000000007 1.2145
-1.175 1.2145
2.65

IMD6a
4
-1.175 1.2145
3.3440000000000007 1.2145
3.3440000000000007 1.2355
-1.175 1.2355
5.2

IMD6b
4
-1.175 1.2355
3.3440000000000007 1.2355
3.3440000000000007 1.2505
-1.175 1.2505
4.2

IMD6c
4
-1.175 1.2505
3.3440000000000007 1.2505
3.3440000000000007 1.2745
-1.175 1.2745
3.28

IMD6d1+IMD6d2
4
-1.175 1.2745
3.3440000000000007 1.2745
3.3440000000000007 1.4015
-1.175 1.4015
2.65

IMD7a
4
-1.175 1.4015
3.3440000000000007 1.4015
3.3440000000000007 1.4765
-1.175 1.4765
5.2

IMD7b1+IMD7b2
4
-1.175 1.4765
3.3440000000000007 1.4765
3.3440000000000007 2.9765
-1.175 2.9765
4.2

IMD8a
4
-1.175 2.9765
3.3440000000000007 2.9765
3.3440000000000007 3.0515
-1.175 3.0515
5.2

IMD8b1+IMD8b2
4
-1.175 3.0515
3.3440000000000007 3.0515
3.3440000000000007 4.5515
-1.175 4.5515
4.2

PASS1
4
-1.175 4.5515
3.3440000000000007 4.5515
3.3440000000000007 4.6265
-1.175 4.6265
7.0

PASS2
4
-1.175 4.6265
3.3440000000000007 4.6265
3.3440000000000007 5.0265
-1.175 5.0265
4.2

PASS3
4
-1.175 5.0265
3.3440000000000007 5.0265
3.3440000000000007 5.1015
-1.175 5.1015
7.0

PASS4+PASS5
4
-1.175 5.1015
3.3440000000000007 5.1015
3.3440000000000007 6.0515
-1.175 6.0515
4.2

PASS6
4
-1.175 6.0515
3.3440000000000007 6.0515
3.3440000000000007 6.6515
-1.175 6.6515
7.0

air_Layer
4
-1.175 6.6515
3.3440000000000007 6.6515
3.3440000000000007 6.9485
-1.175 6.9485
1.0


4
-1.175 0.001
3.3440000000000007 0.001
3.3440000000000007 6.9485
-1.175 6.9485

