c1
4
-0.060009999999999994 1.1155
0.060009999999999994 1.1155
0.06599 1.2145
-0.06599 1.2145

5
botleft
4
-0.905 -0.001
0 -0.001
0 0.001
-0.905 0.001

botright
4
0 -0.001
1.9490000000000003 -0.001
1.9490000000000003 0.001
0 0.001

lEnv
4
-0.40201 1.1155
-0.28198999999999996 1.1155
-0.27601 1.2145
-0.40798999999999996 1.2145

c2
4
0.08398999999999997 1.1155
0.65401 1.1155
0.65999 1.2145
0.07800999999999997 1.2145

rEnv
4
0.87599 1.1155
1.4460099999999998 1.1155
1.45199 1.2145
0.8700100000000001 1.2145


57
IMD5d1_damage
4
-0.41142399999999996 1.1055
-0.272576 1.1055
-0.271972 1.1155
-0.41202799999999995 1.1155
3.1

IMD5d1_damage
4
-0.069424 1.1055
0.069424 1.1055
0.07002799999999999 1.1155
-0.07002799999999999 1.1155
3.1

IMD5d1_damage
4
0.07457599999999996 1.1055
0.6634239999999999 1.1055
0.664028 1.1155
0.07397199999999997 1.1155
3.1

IMD5d1_damage
4
0.8665760000000001 1.1055
1.4554239999999998 1.1055
1.4560279999999999 1.1155
0.8659720000000001 1.1155
3.1

IMD5d2_damage
4
-0.40701899999999996 1.1155
-0.40201 1.1155
-0.40798999999999996 1.2145
-0.41299899999999995 1.2145
2.9

IMD5d2_damage
4
-0.28198999999999996 1.1155
-0.276981 1.1155
-0.271001 1.2145
-0.27601 1.2145
2.9

IMD5d2_damage
4
-0.065019 1.1155
-0.060009999999999994 1.1155
-0.06599 1.2145
-0.07099899999999999 1.2145
2.9

IMD5d2_damage
4
0.060009999999999994 1.1155
0.065019 1.1155
0.07099899999999999 1.2145
0.06599 1.2145
2.9

IMD5d2_damage
4
0.07898099999999997 1.1155
0.08398999999999997 1.1155
0.07800999999999997 1.2145
0.07300099999999997 1.2145
2.9

IMD5d2_damage
4
0.65401 1.1155
0.659019 1.1155
0.664999 1.2145
0.65999 1.2145
2.9

IMD5d2_damage
4
0.870981 1.1155
0.87599 1.1155
0.8700100000000001 1.2145
0.865001 1.2145
2.9

IMD5d2_damage
4
1.4460099999999998 1.1155
1.4510189999999998 1.1155
1.456999 1.2145
1.45199 1.2145
2.9

IMD5d2
4
-0.905 1.1155
-0.40701899999999996 1.1155
-0.41299899999999995 1.2145
-0.905 1.2145
2.65

IMD5d2
4
-0.276981 1.1155
-0.065019 1.1155
-0.07099899999999999 1.2145
-0.271001 1.2145
2.65

IMD5d2
4
0.065019 1.1155
0.07898099999999997 1.1155
0.07300099999999997 1.2145
0.07099899999999999 1.2145
2.65

IMD5d2
4
0.659019 1.1155
0.870981 1.1155
0.865001 1.2145
0.664999 1.2145
2.65

IMD5d2
4
1.4510189999999998 1.1155
1.9490000000000003 1.1155
1.9490000000000003 1.2145
1.456999 1.2145
2.65

IMD5d1
4
-0.905 1.1055
-0.41142399999999996 1.1055
-0.41202799999999995 1.1155
-0.905 1.1155
2.65

IMD5d1
4
-0.272576 1.1055
-0.069424 1.1055
-0.07002799999999999 1.1155
-0.271972 1.1155
2.65

IMD5d1
4
0.069424 1.1055
0.07457599999999996 1.1055
0.07397199999999997 1.1155
0.07002799999999999 1.1155
2.65

IMD5d1
4
0.6634239999999999 1.1055
0.8665760000000001 1.1055
0.8659720000000001 1.1155
0.664028 1.1155
2.65

IMD5d1
4
1.4554239999999998 1.1055
1.9490000000000003 1.1055
1.9490000000000003 1.1155
1.4560279999999999 1.1155
2.65

IMD5d1
4
-0.905 1.0875
1.9490000000000003 1.0875
1.9490000000000003 1.1055
-0.905 1.1055
2.65

FOXA+FOXB+TOX
4
-0.905 0.001
1.9490000000000003 0.001
1.9490000000000003 0.2665
-0.905 0.2665
4.0

ILD1a
4
-0.905 0.2665
1.9490000000000003 0.2665
1.9490000000000003 0.2765
-0.905 0.2765
7.0

ILD1b1+ILD1b2+ILD1b3
4
-0.905 0.2765
1.9490000000000003 0.2765
1.9490000000000003 0.3955
-0.905 0.3955
4.0

IMD1a
4
-0.905 0.3955
1.9490000000000003 0.3955
1.9490000000000003 0.4065
-0.905 0.4065
5.2

IMD1b
4
-0.905 0.4065
1.9490000000000003 0.4065
1.9490000000000003 0.4665
-0.905 0.4665
2.8

IMD2a
4
-0.905 0.4665
1.9490000000000003 0.4665
1.9490000000000003 0.4875
-0.905 0.4875
5.2

IMD2b
4
-0.905 0.4875
1.9490000000000003 0.4875
1.9490000000000003 0.5025
-0.905 0.5025
4.2

IMD2c
4
-0.905 0.5025
1.9490000000000003 0.5025
1.9490000000000003 0.5265
-0.905 0.5265
3.28

IMD2d1+IMD2d2
4
-0.905 0.5265
1.9490000000000003 0.5265
1.9490000000000003 0.6535
-0.905 0.6535
2.65

IMD3a
4
-0.905 0.6535
1.9490000000000003 0.6535
1.9490000000000003 0.6745
-0.905 0.6745
5.2

IMD3b
4
-0.905 0.6745
1.9490000000000003 0.6745
1.9490000000000003 0.6895
-0.905 0.6895
4.2

IMD3c
4
-0.905 0.6895
1.9490000000000003 0.6895
1.9490000000000003 0.7135
-0.905 0.7135
3.28

IMD3d1+IMD3d2
4
-0.905 0.7135
1.9490000000000003 0.7135
1.9490000000000003 0.8405
-0.905 0.8405
2.65

IMD4a
4
-0.905 0.8405
1.9490000000000003 0.8405
1.9490000000000003 0.8615
-0.905 0.8615
5.2

IMD4b
4
-0.905 0.8615
1.9490000000000003 0.8615
1.9490000000000003 0.8765
-0.905 0.8765
4.2

IMD4c
4
-0.905 0.8765
1.9490000000000003 0.8765
1.9490000000000003 0.9005
-0.905 0.9005
3.28

IMD4d1+IMD4d2
4
-0.905 0.9005
1.9490000000000003 0.9005
1.9490000000000003 1.0275
-0.905 1.0275
2.65

IMD5a
4
-0.905 1.0275
1.9490000000000003 1.0275
1.9490000000000003 1.0485
-0.905 1.0485
5.2

IMD5b
4
-0.905 1.0485
1.9490000000000003 1.0485
1.9490000000000003 1.0635
-0.905 1.0635
4.2

IMD5c
4
-0.905 1.0635
1.9490000000000003 1.0635
1.9490000000000003 1.0875
-0.905 1.0875
3.28

IMD6a
4
-0.905 1.2145
1.9490000000000003 1.2145
1.9490000000000003 1.2355
-0.905 1.2355
5.2

IMD6b
4
-0.905 1.2355
1.9490000000000003 1.2355
1.9490000000000003 1.2505
-0.905 1.2505
4.2

IMD6c
4
-0.905 1.2505
1.9490000000000003 1.2505
1.9490000000000003 1.2745
-0.905 1.2745
3.28

IMD6d1+IMD6d2
4
-0.905 1.2745
1.9490000000000003 1.2745
1.9490000000000003 1.4015
-0.905 1.4015
2.65

IMD7a
4
-0.905 1.4015
1.9490000000000003 1.4015
1.9490000000000003 1.4765
-0.905 1.4765
5.2

IMD7b1+IMD7b2
4
-0.905 1.4765
1.9490000000000003 1.4765
1.9490000000000003 2.9765
-0.905 2.9765
4.2

IMD8a
4
-0.905 2.9765
1.9490000000000003 2.9765
1.9490000000000003 3.0515
-0.905 3.0515
5.2

IMD8b1+IMD8b2
4
-0.905 3.0515
1.9490000000000003 3.0515
1.9490000000000003 4.5515
-0.905 4.5515
4.2

PASS1
4
-0.905 4.5515
1.9490000000000003 4.5515
1.9490000000000003 4.6265
-0.905 4.6265
7.0

PASS2
4
-0.905 4.6265
1.9490000000000003 4.6265
1.9490000000000003 5.0265
-0.905 5.0265
4.2

PASS3
4
-0.905 5.0265
1.9490000000000003 5.0265
1.9490000000000003 5.1015
-0.905 5.1015
7.0

PASS4+PASS5
4
-0.905 5.1015
1.9490000000000003 5.1015
1.9490000000000003 6.0515
-0.905 6.0515
4.2

PASS6
4
-0.905 6.0515
1.9490000000000003 6.0515
1.9490000000000003 6.6515
-0.905 6.6515
7.0

air_Layer
4
-0.905 6.6515
1.9490000000000003 6.6515
1.9490000000000003 6.9485
-0.905 6.9485
1.0


4
-0.905 0.001
1.9490000000000003 0.001
1.9490000000000003 6.9485
-0.905 6.9485

