c1
4
-0.060009999999999994 0.7415
0.060009999999999994 0.7415
0.06599 0.8405
-0.06599 0.8405

5
botleft
4
-0.905 -0.001
0 -0.001
0 0.001
-0.905 0.001

botright
4
0 -0.001
2.309 -0.001
2.309 0.001
0 0.001

lEnv
4
-0.40201 0.7415
-0.28198999999999996 0.7415
-0.27601 0.8405
-0.40798999999999996 0.8405

c2
4
0.7139900000000001 0.7415
1.14901 0.7415
1.1549900000000002 0.8405
0.7080100000000001 0.8405

rEnv
4
1.3709900000000004 0.7415
1.8060100000000001 0.7415
1.8119900000000002 0.8405
1.3650100000000003 0.8405


57
IMD3d1_damage
4
-0.41142399999999996 0.7315
-0.272576 0.7315
-0.271972 0.7415
-0.41202799999999995 0.7415
3.1

IMD3d1_damage
4
-0.069424 0.7315
0.069424 0.7315
0.07002799999999999 0.7415
-0.07002799999999999 0.7415
3.1

IMD3d1_damage
4
0.7045760000000002 0.7315
1.1584240000000001 0.7315
1.1590280000000002 0.7415
0.7039720000000002 0.7415
3.1

IMD3d1_damage
4
1.3615760000000003 0.7315
1.8154240000000001 0.7315
1.8160280000000002 0.7415
1.3609720000000003 0.7415
3.1

IMD3d2_damage
4
-0.40701899999999996 0.7415
-0.40201 0.7415
-0.40798999999999996 0.8405
-0.41299899999999995 0.8405
2.9

IMD3d2_damage
4
-0.28198999999999996 0.7415
-0.276981 0.7415
-0.271001 0.8405
-0.27601 0.8405
2.9

IMD3d2_damage
4
-0.065019 0.7415
-0.060009999999999994 0.7415
-0.06599 0.8405
-0.07099899999999999 0.8405
2.9

IMD3d2_damage
4
0.060009999999999994 0.7415
0.065019 0.7415
0.07099899999999999 0.8405
0.06599 0.8405
2.9

IMD3d2_damage
4
0.7089810000000001 0.7415
0.7139900000000001 0.7415
0.7080100000000001 0.8405
0.7030010000000001 0.8405
2.9

IMD3d2_damage
4
1.14901 0.7415
1.1540190000000001 0.7415
1.1599990000000002 0.8405
1.1549900000000002 0.8405
2.9

IMD3d2_damage
4
1.3659810000000003 0.7415
1.3709900000000004 0.7415
1.3650100000000003 0.8405
1.3600010000000002 0.8405
2.9

IMD3d2_damage
4
1.8060100000000001 0.7415
1.8110190000000002 0.7415
1.8169990000000003 0.8405
1.8119900000000002 0.8405
2.9

IMD3d2
4
-0.905 0.7415
-0.40701899999999996 0.7415
-0.41299899999999995 0.8405
-0.905 0.8405
2.65

IMD3d2
4
-0.276981 0.7415
-0.065019 0.7415
-0.07099899999999999 0.8405
-0.271001 0.8405
2.65

IMD3d2
4
0.065019 0.7415
0.7089810000000001 0.7415
0.7030010000000001 0.8405
0.07099899999999999 0.8405
2.65

IMD3d2
4
1.1540190000000001 0.7415
1.3659810000000003 0.7415
1.3600010000000002 0.8405
1.1599990000000002 0.8405
2.65

IMD3d2
4
1.8110190000000002 0.7415
2.309 0.7415
2.309 0.8405
1.8169990000000003 0.8405
2.65

IMD3d1
4
-0.905 0.7315
-0.41142399999999996 0.7315
-0.41202799999999995 0.7415
-0.905 0.7415
2.65

IMD3d1
4
-0.272576 0.7315
-0.069424 0.7315
-0.07002799999999999 0.7415
-0.271972 0.7415
2.65

IMD3d1
4
0.069424 0.7315
0.7045760000000002 0.7315
0.7039720000000002 0.7415
0.07002799999999999 0.7415
2.65

IMD3d1
4
1.1584240000000001 0.7315
1.3615760000000003 0.7315
1.3609720000000003 0.7415
1.1590280000000002 0.7415
2.65

IMD3d1
4
1.8154240000000001 0.7315
2.309 0.7315
2.309 0.7415
1.8160280000000002 0.7415
2.65

IMD3d1
4
-0.905 0.7135
2.309 0.7135
2.309 0.7315
-0.905 0.7315
2.65

FOXA+FOXB+TOX
4
-0.905 0.001
2.309 0.001
2.309 0.2665
-0.905 0.2665
4.0

ILD1a
4
-0.905 0.2665
2.309 0.2665
2.309 0.2765
-0.905 0.2765
7.0

ILD1b1+ILD1b2+ILD1b3
4
-0.905 0.2765
2.309 0.2765
2.309 0.3955
-0.905 0.3955
4.0

IMD1a
4
-0.905 0.3955
2.309 0.3955
2.309 0.4065
-0.905 0.4065
5.2

IMD1b
4
-0.905 0.4065
2.309 0.4065
2.309 0.4665
-0.905 0.4665
2.8

IMD2a
4
-0.905 0.4665
2.309 0.4665
2.309 0.4875
-0.905 0.4875
5.2

IMD2b
4
-0.905 0.4875
2.309 0.4875
2.309 0.5025
-0.905 0.5025
4.2

IMD2c
4
-0.905 0.5025
2.309 0.5025
2.309 0.5265
-0.905 0.5265
3.28

IMD2d1+IMD2d2
4
-0.905 0.5265
2.309 0.5265
2.309 0.6535
-0.905 0.6535
2.65

IMD3a
4
-0.905 0.6535
2.309 0.6535
2.309 0.6745
-0.905 0.6745
5.2

IMD3b
4
-0.905 0.6745
2.309 0.6745
2.309 0.6895
-0.905 0.6895
4.2

IMD3c
4
-0.905 0.6895
2.309 0.6895
2.309 0.7135
-0.905 0.7135
3.28

IMD4a
4
-0.905 0.8405
2.309 0.8405
2.309 0.8615
-0.905 0.8615
5.2

IMD4b
4
-0.905 0.8615
2.309 0.8615
2.309 0.8765
-0.905 0.8765
4.2

IMD4c
4
-0.905 0.8765
2.309 0.8765
2.309 0.9005
-0.905 0.9005
3.28

IMD4d1+IMD4d2
4
-0.905 0.9005
2.309 0.9005
2.309 1.0275
-0.905 1.0275
2.65

IMD5a
4
-0.905 1.0275
2.309 1.0275
2.309 1.0485
-0.905 1.0485
5.2

IMD5b
4
-0.905 1.0485
2.309 1.0485
2.309 1.0635
-0.905 1.0635
4.2

IMD5c
4
-0.905 1.0635
2.309 1.0635
2.309 1.0875
-0.905 1.0875
3.28

IMD5d1+IMD5d2
4
-0.905 1.0875
2.309 1.0875
2.309 1.2145
-0.905 1.2145
2.65

IMD6a
4
-0.905 1.2145
2.309 1.2145
2.309 1.2355
-0.905 1.2355
5.2

IMD6b
4
-0.905 1.2355
2.309 1.2355
2.309 1.2505
-0.905 1.2505
4.2

IMD6c
4
-0.905 1.2505
2.309 1.2505
2.309 1.2745
-0.905 1.2745
3.28

IMD6d1+IMD6d2
4
-0.905 1.2745
2.309 1.2745
2.309 1.4015
-0.905 1.4015
2.65

IMD7a
4
-0.905 1.4015
2.309 1.4015
2.309 1.4765
-0.905 1.4765
5.2

IMD7b1+IMD7b2
4
-0.905 1.4765
2.309 1.4765
2.309 2.9765
-0.905 2.9765
4.2

IMD8a
4
-0.905 2.9765
2.309 2.9765
2.309 3.0515
-0.905 3.0515
5.2

IMD8b1+IMD8b2
4
-0.905 3.0515
2.309 3.0515
2.309 4.5515
-0.905 4.5515
4.2

PASS1
4
-0.905 4.5515
2.309 4.5515
2.309 4.6265
-0.905 4.6265
7.0

PASS2
4
-0.905 4.6265
2.309 4.6265
2.309 5.0265
-0.905 5.0265
4.2

PASS3
4
-0.905 5.0265
2.309 5.0265
2.309 5.1015
-0.905 5.1015
7.0

PASS4+PASS5
4
-0.905 5.1015
2.309 5.1015
2.309 6.0515
-0.905 6.0515
4.2

PASS6
4
-0.905 6.0515
2.309 6.0515
2.309 6.6515
-0.905 6.6515
7.0

air_Layer
4
-0.905 6.6515
2.309 6.6515
2.309 6.9485
-0.905 6.9485
1.0


4
-0.905 0.001
2.309 0.001
2.309 6.9485
-0.905 6.9485

