c1
4
-0.4875099999999998 1.1155
0.48751 1.1155
0.49349 1.2145
-0.49348999999999976 1.2145

5
botleft
4
-2.3674999999999997 -0.001
0 -0.001
0 0.001
-2.3674999999999997 0.001

botright
4
0 -0.001
2.2415 -0.001
2.2415 0.001
0 0.001

lEnv
4
-1.8645099999999997 1.1155
-0.8894899999999998 1.1155
-0.8835099999999998 1.2145
-1.8704899999999998 1.2145

c2
4
0.9164899999999999 1.1155
1.1265099999999997 1.1155
1.1324899999999998 1.2145
0.9105099999999999 1.2145

rEnv
4
1.5284900000000001 1.1155
1.7385099999999998 1.1155
1.7444899999999999 1.2145
1.52251 1.2145


57
IMD5d1_damage
4
-1.8739239999999997 1.1055
-0.8800759999999999 1.1055
-0.8794719999999998 1.1155
-1.8745279999999998 1.1155
3.1

IMD5d1_damage
4
-0.49692399999999975 1.1055
0.496924 1.1055
0.49752799999999997 1.1155
-0.49752799999999975 1.1155
3.1

IMD5d1_damage
4
0.907076 1.1055
1.1359239999999997 1.1055
1.1365279999999998 1.1155
0.9064719999999999 1.1155
3.1

IMD5d1_damage
4
1.519076 1.1055
1.7479239999999998 1.1055
1.7485279999999999 1.1155
1.518472 1.1155
3.1

IMD5d2_damage
4
-1.8695189999999997 1.1155
-1.8645099999999997 1.1155
-1.8704899999999998 1.2145
-1.8754989999999998 1.2145
2.9

IMD5d2_damage
4
-0.8894899999999998 1.1155
-0.8844809999999997 1.1155
-0.8785009999999998 1.2145
-0.8835099999999998 1.2145
2.9

IMD5d2_damage
4
-0.49251899999999976 1.1155
-0.4875099999999998 1.1155
-0.49348999999999976 1.2145
-0.49849899999999975 1.2145
2.9

IMD5d2_damage
4
0.48751 1.1155
0.492519 1.1155
0.49849899999999997 1.2145
0.49349 1.2145
2.9

IMD5d2_damage
4
0.9114809999999999 1.1155
0.9164899999999999 1.1155
0.9105099999999999 1.2145
0.9055009999999999 1.2145
2.9

IMD5d2_damage
4
1.1265099999999997 1.1155
1.1315189999999997 1.1155
1.1374989999999998 1.2145
1.1324899999999998 1.2145
2.9

IMD5d2_damage
4
1.523481 1.1155
1.5284900000000001 1.1155
1.52251 1.2145
1.517501 1.2145
2.9

IMD5d2_damage
4
1.7385099999999998 1.1155
1.7435189999999998 1.1155
1.749499 1.2145
1.7444899999999999 1.2145
2.9

IMD5d2
4
-2.3674999999999997 1.1155
-1.8695189999999997 1.1155
-1.8754989999999998 1.2145
-2.3674999999999997 1.2145
2.65

IMD5d2
4
-0.8844809999999997 1.1155
-0.49251899999999976 1.1155
-0.49849899999999975 1.2145
-0.8785009999999998 1.2145
2.65

IMD5d2
4
0.492519 1.1155
0.9114809999999999 1.1155
0.9055009999999999 1.2145
0.49849899999999997 1.2145
2.65

IMD5d2
4
1.1315189999999997 1.1155
1.523481 1.1155
1.517501 1.2145
1.1374989999999998 1.2145
2.65

IMD5d2
4
1.7435189999999998 1.1155
2.2415 1.1155
2.2415 1.2145
1.749499 1.2145
2.65

IMD5d1
4
-2.3674999999999997 1.1055
-1.8739239999999997 1.1055
-1.8745279999999998 1.1155
-2.3674999999999997 1.1155
2.65

IMD5d1
4
-0.8800759999999999 1.1055
-0.49692399999999975 1.1055
-0.49752799999999975 1.1155
-0.8794719999999998 1.1155
2.65

IMD5d1
4
0.496924 1.1055
0.907076 1.1055
0.9064719999999999 1.1155
0.49752799999999997 1.1155
2.65

IMD5d1
4
1.1359239999999997 1.1055
1.519076 1.1055
1.518472 1.1155
1.1365279999999998 1.1155
2.65

IMD5d1
4
1.7479239999999998 1.1055
2.2415 1.1055
2.2415 1.1155
1.7485279999999999 1.1155
2.65

IMD5d1
4
-2.3674999999999997 1.0875
2.2415 1.0875
2.2415 1.1055
-2.3674999999999997 1.1055
2.65

FOXA+FOXB+TOX
4
-2.3674999999999997 0.001
2.2415 0.001
2.2415 0.2665
-2.3674999999999997 0.2665
4.0

ILD1a
4
-2.3674999999999997 0.2665
2.2415 0.2665
2.2415 0.2765
-2.3674999999999997 0.2765
7.0

ILD1b1+ILD1b2+ILD1b3
4
-2.3674999999999997 0.2765
2.2415 0.2765
2.2415 0.3955
-2.3674999999999997 0.3955
4.0

IMD1a
4
-2.3674999999999997 0.3955
2.2415 0.3955
2.2415 0.4065
-2.3674999999999997 0.4065
5.2

IMD1b
4
-2.3674999999999997 0.4065
2.2415 0.4065
2.2415 0.4665
-2.3674999999999997 0.4665
2.8

IMD2a
4
-2.3674999999999997 0.4665
2.2415 0.4665
2.2415 0.4875
-2.3674999999999997 0.4875
5.2

IMD2b
4
-2.3674999999999997 0.4875
2.2415 0.4875
2.2415 0.5025
-2.3674999999999997 0.5025
4.2

IMD2c
4
-2.3674999999999997 0.5025
2.2415 0.5025
2.2415 0.5265
-2.3674999999999997 0.5265
3.28

IMD2d1+IMD2d2
4
-2.3674999999999997 0.5265
2.2415 0.5265
2.2415 0.6535
-2.3674999999999997 0.6535
2.65

IMD3a
4
-2.3674999999999997 0.6535
2.2415 0.6535
2.2415 0.6745
-2.3674999999999997 0.6745
5.2

IMD3b
4
-2.3674999999999997 0.6745
2.2415 0.6745
2.2415 0.6895
-2.3674999999999997 0.6895
4.2

IMD3c
4
-2.3674999999999997 0.6895
2.2415 0.6895
2.2415 0.7135
-2.3674999999999997 0.7135
3.28

IMD3d1+IMD3d2
4
-2.3674999999999997 0.7135
2.2415 0.7135
2.2415 0.8405
-2.3674999999999997 0.8405
2.65

IMD4a
4
-2.3674999999999997 0.8405
2.2415 0.8405
2.2415 0.8615
-2.3674999999999997 0.8615
5.2

IMD4b
4
-2.3674999999999997 0.8615
2.2415 0.8615
2.2415 0.8765
-2.3674999999999997 0.8765
4.2

IMD4c
4
-2.3674999999999997 0.8765
2.2415 0.8765
2.2415 0.9005
-2.3674999999999997 0.9005
3.28

IMD4d1+IMD4d2
4
-2.3674999999999997 0.9005
2.2415 0.9005
2.2415 1.0275
-2.3674999999999997 1.0275
2.65

IMD5a
4
-2.3674999999999997 1.0275
2.2415 1.0275
2.2415 1.0485
-2.3674999999999997 1.0485
5.2

IMD5b
4
-2.3674999999999997 1.0485
2.2415 1.0485
2.2415 1.0635
-2.3674999999999997 1.0635
4.2

IMD5c
4
-2.3674999999999997 1.0635
2.2415 1.0635
2.2415 1.0875
-2.3674999999999997 1.0875
3.28

IMD6a
4
-2.3674999999999997 1.2145
2.2415 1.2145
2.2415 1.2355
-2.3674999999999997 1.2355
5.2

IMD6b
4
-2.3674999999999997 1.2355
2.2415 1.2355
2.2415 1.2505
-2.3674999999999997 1.2505
4.2

IMD6c
4
-2.3674999999999997 1.2505
2.2415 1.2505
2.2415 1.2745
-2.3674999999999997 1.2745
3.28

IMD6d1+IMD6d2
4
-2.3674999999999997 1.2745
2.2415 1.2745
2.2415 1.4015
-2.3674999999999997 1.4015
2.65

IMD7a
4
-2.3674999999999997 1.4015
2.2415 1.4015
2.2415 1.4765
-2.3674999999999997 1.4765
5.2

IMD7b1+IMD7b2
4
-2.3674999999999997 1.4765
2.2415 1.4765
2.2415 2.9765
-2.3674999999999997 2.9765
4.2

IMD8a
4
-2.3674999999999997 2.9765
2.2415 2.9765
2.2415 3.0515
-2.3674999999999997 3.0515
5.2

IMD8b1+IMD8b2
4
-2.3674999999999997 3.0515
2.2415 3.0515
2.2415 4.5515
-2.3674999999999997 4.5515
4.2

PASS1
4
-2.3674999999999997 4.5515
2.2415 4.5515
2.2415 4.6265
-2.3674999999999997 4.6265
7.0

PASS2
4
-2.3674999999999997 4.6265
2.2415 4.6265
2.2415 5.0265
-2.3674999999999997 5.0265
4.2

PASS3
4
-2.3674999999999997 5.0265
2.2415 5.0265
2.2415 5.1015
-2.3674999999999997 5.1015
7.0

PASS4+PASS5
4
-2.3674999999999997 5.1015
2.2415 5.1015
2.2415 6.0515
-2.3674999999999997 6.0515
4.2

PASS6
4
-2.3674999999999997 6.0515
2.2415 6.0515
2.2415 6.6515
-2.3674999999999997 6.6515
7.0

air_Layer
4
-2.3674999999999997 6.6515
2.2415 6.6515
2.2415 6.9485
-2.3674999999999997 6.9485
1.0


4
-2.3674999999999997 0.001
2.2415 0.001
2.2415 6.9485
-2.3674999999999997 6.9485

