c1
4
-0.01341999999999999 0.37050000000000005
0.01341999999999999 0.37050000000000005
0.02257999999999999 0.4665
-0.02257999999999999 0.4665

5
botleft
4
-0.95 -0.001
0 -0.001
0 0.001
-0.95 0.001

botright
4
0 -0.001
3.074 -0.001
3.074 0.001
0 0.001

lEnv
4
-0.44542 0.37050000000000005
-0.41858 0.37050000000000005
-0.40942 0.4665
-0.45458 0.4665

c2
4
0.22057999999999994 0.37050000000000005
1.1924199999999998 0.37050000000000005
1.2015799999999999 0.4665
0.21141999999999994 0.4665

rEnv
4
1.5975799999999998 0.37050000000000005
2.5694199999999996 0.37050000000000005
2.5785799999999997 0.4665
1.5884199999999997 0.4665


48
IMD1b
4
-0.95 0.40650000000000003
-0.448855 0.40650000000000003
-0.45458 0.4665
-0.95 0.4665
2.8

IMD1b
4
-0.415145 0.40650000000000003
-0.016854999999999988 0.40650000000000003
-0.02257999999999999 0.4665
-0.40942 0.4665
2.8

IMD1b
4
0.016854999999999988 0.40650000000000003
0.21714499999999995 0.40650000000000003
0.21141999999999994 0.4665
0.02257999999999999 0.4665
2.8

IMD1b
4
1.195855 0.40650000000000003
1.5941449999999997 0.40650000000000003
1.5884199999999997 0.4665
1.2015799999999999 0.4665
2.8

IMD1b
4
2.5728549999999997 0.40650000000000003
3.074 0.40650000000000003
3.074 0.4665
2.5785799999999997 0.4665
2.8

IMD1a
4
-0.95 0.3955
-0.4478054166666667 0.3955
-0.448855 0.40650000000000003
-0.95 0.40650000000000003
5.2

IMD1a
4
-0.4161945833333333 0.3955
-0.015805416666666655 0.3955
-0.016854999999999988 0.40650000000000003
-0.415145 0.40650000000000003
5.2

IMD1a
4
0.015805416666666655 0.3955
0.21819458333333328 0.3955
0.21714499999999995 0.40650000000000003
0.016854999999999988 0.40650000000000003
5.2

IMD1a
4
1.1948054166666666 0.3955
1.595194583333333 0.3955
1.5941449999999997 0.40650000000000003
1.195855 0.40650000000000003
5.2

IMD1a
4
2.5718054166666664 0.3955
3.074 0.3955
3.074 0.40650000000000003
2.5728549999999997 0.40650000000000003
5.2

ILD1b3
4
-0.95 0.37050000000000005
-0.44542 0.37050000000000005
-0.4478054166666667 0.3955
-0.95 0.3955
4

ILD1b3
4
-0.41858 0.37050000000000005
-0.01341999999999999 0.37050000000000005
-0.015805416666666655 0.3955
-0.4161945833333333 0.3955
4

ILD1b3
4
0.01341999999999999 0.37050000000000005
0.22057999999999994 0.37050000000000005
0.21819458333333328 0.3955
0.015805416666666655 0.3955
4

ILD1b3
4
1.1924199999999998 0.37050000000000005
1.5975799999999998 0.37050000000000005
1.595194583333333 0.3955
1.1948054166666666 0.3955
4

ILD1b3
4
2.5694199999999996 0.37050000000000005
3.074 0.37050000000000005
3.074 0.3955
2.5718054166666664 0.3955
4

ILD1b1+ILD1b2
4
-0.95 0.2765
3.074 0.2765
3.074 0.37050000000000005
-0.95 0.37050000000000005
4

FOXA+FOXB+TOX
4
-0.95 0.001
3.074 0.001
3.074 0.2665
-0.95 0.2665
4.0

ILD1a
4
-0.95 0.2665
3.074 0.2665
3.074 0.2765
-0.95 0.2765
7.0

IMD2a
4
-0.95 0.4665
3.074 0.4665
3.074 0.4875
-0.95 0.4875
5.2

IMD2b
4
-0.95 0.4875
3.074 0.4875
3.074 0.5025
-0.95 0.5025
4.2

IMD2c
4
-0.95 0.5025
3.074 0.5025
3.074 0.5265
-0.95 0.5265
3.28

IMD2d1+IMD2d2
4
-0.95 0.5265
3.074 0.5265
3.074 0.6535
-0.95 0.6535
2.65

IMD3a
4
-0.95 0.6535
3.074 0.6535
3.074 0.6745
-0.95 0.6745
5.2

IMD3b
4
-0.95 0.6745
3.074 0.6745
3.074 0.6895
-0.95 0.6895
4.2

IMD3c
4
-0.95 0.6895
3.074 0.6895
3.074 0.7135
-0.95 0.7135
3.28

IMD3d1+IMD3d2
4
-0.95 0.7135
3.074 0.7135
3.074 0.8405
-0.95 0.8405
2.65

IMD4a
4
-0.95 0.8405
3.074 0.8405
3.074 0.8615
-0.95 0.8615
5.2

IMD4b
4
-0.95 0.8615
3.074 0.8615
3.074 0.8765
-0.95 0.8765
4.2

IMD4c
4
-0.95 0.8765
3.074 0.8765
3.074 0.9005
-0.95 0.9005
3.28

IMD4d1+IMD4d2
4
-0.95 0.9005
3.074 0.9005
3.074 1.0275
-0.95 1.0275
2.65

IMD5a
4
-0.95 1.0275
3.074 1.0275
3.074 1.0485
-0.95 1.0485
5.2

IMD5b
4
-0.95 1.0485
3.074 1.0485
3.074 1.0635
-0.95 1.0635
4.2

IMD5c
4
-0.95 1.0635
3.074 1.0635
3.074 1.0875
-0.95 1.0875
3.28

IMD5d1+IMD5d2
4
-0.95 1.0875
3.074 1.0875
3.074 1.2145
-0.95 1.2145
2.65

IMD6a
4
-0.95 1.2145
3.074 1.2145
3.074 1.2355
-0.95 1.2355
5.2

IMD6b
4
-0.95 1.2355
3.074 1.2355
3.074 1.2505
-0.95 1.2505
4.2

IMD6c
4
-0.95 1.2505
3.074 1.2505
3.074 1.2745
-0.95 1.2745
3.28

IMD6d1+IMD6d2
4
-0.95 1.2745
3.074 1.2745
3.074 1.4015
-0.95 1.4015
2.65

IMD7a
4
-0.95 1.4015
3.074 1.4015
3.074 1.4765
-0.95 1.4765
5.2

IMD7b1+IMD7b2
4
-0.95 1.4765
3.074 1.4765
3.074 2.9765
-0.95 2.9765
4.2

IMD8a
4
-0.95 2.9765
3.074 2.9765
3.074 3.0515
-0.95 3.0515
5.2

IMD8b1+IMD8b2
4
-0.95 3.0515
3.074 3.0515
3.074 4.5515
-0.95 4.5515
4.2

PASS1
4
-0.95 4.5515
3.074 4.5515
3.074 4.6265
-0.95 4.6265
7.0

PASS2
4
-0.95 4.6265
3.074 4.6265
3.074 5.0265
-0.95 5.0265
4.2

PASS3
4
-0.95 5.0265
3.074 5.0265
3.074 5.1015
-0.95 5.1015
7.0

PASS4+PASS5
4
-0.95 5.1015
3.074 5.1015
3.074 6.0515
-0.95 6.0515
4.2

PASS6
4
-0.95 6.0515
3.074 6.0515
3.074 6.6515
-0.95 6.6515
7.0

air_Layer
4
-0.95 6.6515
3.074 6.6515
3.074 6.9485
-0.95 6.9485
1.0


4
-0.95 0.001
3.074 0.001
3.074 6.9485
-0.95 6.9485

