c1
4
-0.01501000000000001 1.3025
0.01501000000000001 1.3025
0.02099000000000001 1.4015
-0.02099000000000001 1.4015

5
botleft
4
-0.9500000000000001 -0.001
0 -0.001
0 0.001
-0.9500000000000001 0.001

botright
4
0 -0.001
3.4339999999999993 -0.001
3.4339999999999993 0.001
0 0.001

lEnv
4
-0.4470100000000001 1.3025
-0.41699 1.3025
-0.41101000000000004 1.4015
-0.45299000000000006 1.4015

c2
4
0.57899 1.3025
1.5540099999999997 1.3025
1.5599899999999998 1.4015
0.57301 1.4015

rEnv
4
1.9559899999999997 1.3025
2.9310099999999992 1.3025
2.9369899999999993 1.4015
1.9500099999999996 1.4015


57
IMD6d1_damage
4
-0.45642400000000005 1.2925
-0.40757600000000005 1.2925
-0.40697200000000006 1.3025
-0.45702800000000005 1.3025
3.1

IMD6d1_damage
4
-0.024424000000000008 1.2925
0.024424000000000008 1.2925
0.02502800000000001 1.3025
-0.02502800000000001 1.3025
3.1

IMD6d1_damage
4
0.5695760000000001 1.2925
1.5634239999999997 1.2925
1.5640279999999998 1.3025
0.568972 1.3025
3.1

IMD6d1_damage
4
1.9465759999999996 1.2925
2.9404239999999993 1.2925
2.9410279999999993 1.3025
1.9459719999999996 1.3025
3.1

IMD6d2_damage
4
-0.45201900000000006 1.3025
-0.4470100000000001 1.3025
-0.45299000000000006 1.4015
-0.45799900000000004 1.4015
2.9

IMD6d2_damage
4
-0.41699 1.3025
-0.41198100000000004 1.3025
-0.40600100000000006 1.4015
-0.41101000000000004 1.4015
2.9

IMD6d2_damage
4
-0.02001900000000001 1.3025
-0.01501000000000001 1.3025
-0.02099000000000001 1.4015
-0.025999000000000008 1.4015
2.9

IMD6d2_damage
4
0.01501000000000001 1.3025
0.02001900000000001 1.3025
0.025999000000000008 1.4015
0.02099000000000001 1.4015
2.9

IMD6d2_damage
4
0.573981 1.3025
0.57899 1.3025
0.57301 1.4015
0.568001 1.4015
2.9

IMD6d2_damage
4
1.5540099999999997 1.3025
1.5590189999999997 1.3025
1.5649989999999998 1.4015
1.5599899999999998 1.4015
2.9

IMD6d2_damage
4
1.9509809999999996 1.3025
1.9559899999999997 1.3025
1.9500099999999996 1.4015
1.9450009999999995 1.4015
2.9

IMD6d2_damage
4
2.9310099999999992 1.3025
2.936018999999999 1.3025
2.941998999999999 1.4015
2.9369899999999993 1.4015
2.9

IMD6d2
4
-0.9500000000000001 1.3025
-0.45201900000000006 1.3025
-0.45799900000000004 1.4015
-0.9500000000000001 1.4015
2.65

IMD6d2
4
-0.41198100000000004 1.3025
-0.02001900000000001 1.3025
-0.025999000000000008 1.4015
-0.40600100000000006 1.4015
2.65

IMD6d2
4
0.02001900000000001 1.3025
0.573981 1.3025
0.568001 1.4015
0.025999000000000008 1.4015
2.65

IMD6d2
4
1.5590189999999997 1.3025
1.9509809999999996 1.3025
1.9450009999999995 1.4015
1.5649989999999998 1.4015
2.65

IMD6d2
4
2.936018999999999 1.3025
3.4339999999999993 1.3025
3.4339999999999993 1.4015
2.941998999999999 1.4015
2.65

IMD6d1
4
-0.9500000000000001 1.2925
-0.45642400000000005 1.2925
-0.45702800000000005 1.3025
-0.9500000000000001 1.3025
2.65

IMD6d1
4
-0.40757600000000005 1.2925
-0.024424000000000008 1.2925
-0.02502800000000001 1.3025
-0.40697200000000006 1.3025
2.65

IMD6d1
4
0.024424000000000008 1.2925
0.5695760000000001 1.2925
0.568972 1.3025
0.02502800000000001 1.3025
2.65

IMD6d1
4
1.5634239999999997 1.2925
1.9465759999999996 1.2925
1.9459719999999996 1.3025
1.5640279999999998 1.3025
2.65

IMD6d1
4
2.9404239999999993 1.2925
3.4339999999999993 1.2925
3.4339999999999993 1.3025
2.9410279999999993 1.3025
2.65

IMD6d1
4
-0.9500000000000001 1.2745
3.4339999999999993 1.2745
3.4339999999999993 1.2925
-0.9500000000000001 1.2925
2.65

FOXA+FOXB+TOX
4
-0.9500000000000001 0.001
3.4339999999999993 0.001
3.4339999999999993 0.2665
-0.9500000000000001 0.2665
4.0

ILD1a
4
-0.9500000000000001 0.2665
3.4339999999999993 0.2665
3.4339999999999993 0.2765
-0.9500000000000001 0.2765
7.0

ILD1b1+ILD1b2+ILD1b3
4
-0.9500000000000001 0.2765
3.4339999999999993 0.2765
3.4339999999999993 0.3955
-0.9500000000000001 0.3955
4.0

IMD1a
4
-0.9500000000000001 0.3955
3.4339999999999993 0.3955
3.4339999999999993 0.4065
-0.9500000000000001 0.4065
5.2

IMD1b
4
-0.9500000000000001 0.4065
3.4339999999999993 0.4065
3.4339999999999993 0.4665
-0.9500000000000001 0.4665
2.8

IMD2a
4
-0.9500000000000001 0.4665
3.4339999999999993 0.4665
3.4339999999999993 0.4875
-0.9500000000000001 0.4875
5.2

IMD2b
4
-0.9500000000000001 0.4875
3.4339999999999993 0.4875
3.4339999999999993 0.5025
-0.9500000000000001 0.5025
4.2

IMD2c
4
-0.9500000000000001 0.5025
3.4339999999999993 0.5025
3.4339999999999993 0.5265
-0.9500000000000001 0.5265
3.28

IMD2d1+IMD2d2
4
-0.9500000000000001 0.5265
3.4339999999999993 0.5265
3.4339999999999993 0.6535
-0.9500000000000001 0.6535
2.65

IMD3a
4
-0.9500000000000001 0.6535
3.4339999999999993 0.6535
3.4339999999999993 0.6745
-0.9500000000000001 0.6745
5.2

IMD3b
4
-0.9500000000000001 0.6745
3.4339999999999993 0.6745
3.4339999999999993 0.6895
-0.9500000000000001 0.6895
4.2

IMD3c
4
-0.9500000000000001 0.6895
3.4339999999999993 0.6895
3.4339999999999993 0.7135
-0.9500000000000001 0.7135
3.28

IMD3d1+IMD3d2
4
-0.9500000000000001 0.7135
3.4339999999999993 0.7135
3.4339999999999993 0.8405
-0.9500000000000001 0.8405
2.65

IMD4a
4
-0.9500000000000001 0.8405
3.4339999999999993 0.8405
3.4339999999999993 0.8615
-0.9500000000000001 0.8615
5.2

IMD4b
4
-0.9500000000000001 0.8615
3.4339999999999993 0.8615
3.4339999999999993 0.8765
-0.9500000000000001 0.8765
4.2

IMD4c
4
-0.9500000000000001 0.8765
3.4339999999999993 0.8765
3.4339999999999993 0.9005
-0.9500000000000001 0.9005
3.28

IMD4d1+IMD4d2
4
-0.9500000000000001 0.9005
3.4339999999999993 0.9005
3.4339999999999993 1.0275
-0.9500000000000001 1.0275
2.65

IMD5a
4
-0.9500000000000001 1.0275
3.4339999999999993 1.0275
3.4339999999999993 1.0485
-0.9500000000000001 1.0485
5.2

IMD5b
4
-0.9500000000000001 1.0485
3.4339999999999993 1.0485
3.4339999999999993 1.0635
-0.9500000000000001 1.0635
4.2

IMD5c
4
-0.9500000000000001 1.0635
3.4339999999999993 1.0635
3.4339999999999993 1.0875
-0.9500000000000001 1.0875
3.28

IMD5d1+IMD5d2
4
-0.9500000000000001 1.0875
3.4339999999999993 1.0875
3.4339999999999993 1.2145
-0.9500000000000001 1.2145
2.65

IMD6a
4
-0.9500000000000001 1.2145
3.4339999999999993 1.2145
3.4339999999999993 1.2355
-0.9500000000000001 1.2355
5.2

IMD6b
4
-0.9500000000000001 1.2355
3.4339999999999993 1.2355
3.4339999999999993 1.2505
-0.9500000000000001 1.2505
4.2

IMD6c
4
-0.9500000000000001 1.2505
3.4339999999999993 1.2505
3.4339999999999993 1.2745
-0.9500000000000001 1.2745
3.28

IMD7a
4
-0.9500000000000001 1.4015
3.4339999999999993 1.4015
3.4339999999999993 1.4765
-0.9500000000000001 1.4765
5.2

IMD7b1+IMD7b2
4
-0.9500000000000001 1.4765
3.4339999999999993 1.4765
3.4339999999999993 2.9765
-0.9500000000000001 2.9765
4.2

IMD8a
4
-0.9500000000000001 2.9765
3.4339999999999993 2.9765
3.4339999999999993 3.0515
-0.9500000000000001 3.0515
5.2

IMD8b1+IMD8b2
4
-0.9500000000000001 3.0515
3.4339999999999993 3.0515
3.4339999999999993 4.5515
-0.9500000000000001 4.5515
4.2

PASS1
4
-0.9500000000000001 4.5515
3.4339999999999993 4.5515
3.4339999999999993 4.6265
-0.9500000000000001 4.6265
7.0

PASS2
4
-0.9500000000000001 4.6265
3.4339999999999993 4.6265
3.4339999999999993 5.0265
-0.9500000000000001 5.0265
4.2

PASS3
4
-0.9500000000000001 5.0265
3.4339999999999993 5.0265
3.4339999999999993 5.1015
-0.9500000000000001 5.1015
7.0

PASS4+PASS5
4
-0.9500000000000001 5.1015
3.4339999999999993 5.1015
3.4339999999999993 6.0515
-0.9500000000000001 6.0515
4.2

PASS6
4
-0.9500000000000001 6.0515
3.4339999999999993 6.0515
3.4339999999999993 6.6515
-0.9500000000000001 6.6515
7.0

air_Layer
4
-0.9500000000000001 6.6515
3.4339999999999993 6.6515
3.4339999999999993 6.9485
-0.9500000000000001 6.9485
1.0


4
-0.9500000000000001 0.001
3.4339999999999993 0.001
3.4339999999999993 6.9485
-0.9500000000000001 6.9485

