c1
4
-0.10500999999999998 0.5545
0.10501000000000003 0.5545
0.11099000000000003 0.6535
-0.11098999999999998 0.6535

5
botleft
4
-1.04 -0.001
0 -0.001
0 0.001
-1.04 0.001

botright
4
0 -0.001
0.914 -0.001
0.914 0.001
0 0.001

lEnv
4
-0.53701 0.5545
-0.32698999999999995 0.5545
-0.32100999999999996 0.6535
-0.54299 0.6535

c2
4
0.12899000000000008 0.5545
0.15901000000000007 0.5545
0.16499000000000008 0.6535
0.12301000000000006 0.6535

rEnv
4
0.38099000000000005 0.5545
0.4110100000000001 0.5545
0.4169900000000001 0.6535
0.37501000000000007 0.6535


57
IMD2d1_damage
4
-0.5464239999999999 0.5445
-0.31757599999999997 0.5445
-0.316972 0.5545
-0.547028 0.5545
3.1

IMD2d1_damage
4
-0.11442399999999998 0.5445
0.11442400000000004 0.5445
0.11502800000000003 0.5545
-0.11502799999999998 0.5545
3.1

IMD2d1_damage
4
0.11957600000000006 0.5445
0.16842400000000007 0.5445
0.16902800000000007 0.5545
0.11897200000000006 0.5545
3.1

IMD2d1_damage
4
0.3715760000000001 0.5445
0.4204240000000001 0.5445
0.42102800000000007 0.5545
0.3709720000000001 0.5545
3.1

IMD2d2_damage
4
-0.542019 0.5545
-0.53701 0.5545
-0.54299 0.6535
-0.547999 0.6535
2.9

IMD2d2_damage
4
-0.32698999999999995 0.5545
-0.32198099999999996 0.5545
-0.316001 0.6535
-0.32100999999999996 0.6535
2.9

IMD2d2_damage
4
-0.11001899999999998 0.5545
-0.10500999999999998 0.5545
-0.11098999999999998 0.6535
-0.11599899999999998 0.6535
2.9

IMD2d2_damage
4
0.10501000000000003 0.5545
0.11001900000000003 0.5545
0.11599900000000003 0.6535
0.11099000000000003 0.6535
2.9

IMD2d2_damage
4
0.12398100000000008 0.5545
0.12899000000000008 0.5545
0.12301000000000006 0.6535
0.11800100000000006 0.6535
2.9

IMD2d2_damage
4
0.15901000000000007 0.5545
0.16401900000000008 0.5545
0.1699990000000001 0.6535
0.16499000000000008 0.6535
2.9

IMD2d2_damage
4
0.37598100000000007 0.5545
0.38099000000000005 0.5545
0.37501000000000007 0.6535
0.3700010000000001 0.6535
2.9

IMD2d2_damage
4
0.4110100000000001 0.5545
0.4160190000000001 0.5545
0.42199900000000007 0.6535
0.4169900000000001 0.6535
2.9

IMD2d2
4
-1.04 0.5545
-0.542019 0.5545
-0.547999 0.6535
-1.04 0.6535
2.65

IMD2d2
4
-0.32198099999999996 0.5545
-0.11001899999999998 0.5545
-0.11599899999999998 0.6535
-0.316001 0.6535
2.65

IMD2d2
4
0.11001900000000003 0.5545
0.12398100000000008 0.5545
0.11800100000000006 0.6535
0.11599900000000003 0.6535
2.65

IMD2d2
4
0.16401900000000008 0.5545
0.37598100000000007 0.5545
0.3700010000000001 0.6535
0.1699990000000001 0.6535
2.65

IMD2d2
4
0.4160190000000001 0.5545
0.914 0.5545
0.914 0.6535
0.42199900000000007 0.6535
2.65

IMD2d1
4
-1.04 0.5445
-0.5464239999999999 0.5445
-0.547028 0.5545
-1.04 0.5545
2.65

IMD2d1
4
-0.31757599999999997 0.5445
-0.11442399999999998 0.5445
-0.11502799999999998 0.5545
-0.316972 0.5545
2.65

IMD2d1
4
0.11442400000000004 0.5445
0.11957600000000006 0.5445
0.11897200000000006 0.5545
0.11502800000000003 0.5545
2.65

IMD2d1
4
0.16842400000000007 0.5445
0.3715760000000001 0.5445
0.3709720000000001 0.5545
0.16902800000000007 0.5545
2.65

IMD2d1
4
0.4204240000000001 0.5445
0.914 0.5445
0.914 0.5545
0.42102800000000007 0.5545
2.65

IMD2d1
4
-1.04 0.5265
0.914 0.5265
0.914 0.5445
-1.04 0.5445
2.65

FOXA+FOXB+TOX
4
-1.04 0.001
0.914 0.001
0.914 0.2665
-1.04 0.2665
4.0

ILD1a
4
-1.04 0.2665
0.914 0.2665
0.914 0.2765
-1.04 0.2765
7.0

ILD1b1+ILD1b2+ILD1b3
4
-1.04 0.2765
0.914 0.2765
0.914 0.3955
-1.04 0.3955
4.0

IMD1a
4
-1.04 0.3955
0.914 0.3955
0.914 0.4065
-1.04 0.4065
5.2

IMD1b
4
-1.04 0.4065
0.914 0.4065
0.914 0.4665
-1.04 0.4665
2.8

IMD2a
4
-1.04 0.4665
0.914 0.4665
0.914 0.4875
-1.04 0.4875
5.2

IMD2b
4
-1.04 0.4875
0.914 0.4875
0.914 0.5025
-1.04 0.5025
4.2

IMD2c
4
-1.04 0.5025
0.914 0.5025
0.914 0.5265
-1.04 0.5265
3.28

IMD3a
4
-1.04 0.6535
0.914 0.6535
0.914 0.6745
-1.04 0.6745
5.2

IMD3b
4
-1.04 0.6745
0.914 0.6745
0.914 0.6895
-1.04 0.6895
4.2

IMD3c
4
-1.04 0.6895
0.914 0.6895
0.914 0.7135
-1.04 0.7135
3.28

IMD3d1+IMD3d2
4
-1.04 0.7135
0.914 0.7135
0.914 0.8405
-1.04 0.8405
2.65

IMD4a
4
-1.04 0.8405
0.914 0.8405
0.914 0.8615
-1.04 0.8615
5.2

IMD4b
4
-1.04 0.8615
0.914 0.8615
0.914 0.8765
-1.04 0.8765
4.2

IMD4c
4
-1.04 0.8765
0.914 0.8765
0.914 0.9005
-1.04 0.9005
3.28

IMD4d1+IMD4d2
4
-1.04 0.9005
0.914 0.9005
0.914 1.0275
-1.04 1.0275
2.65

IMD5a
4
-1.04 1.0275
0.914 1.0275
0.914 1.0485
-1.04 1.0485
5.2

IMD5b
4
-1.04 1.0485
0.914 1.0485
0.914 1.0635
-1.04 1.0635
4.2

IMD5c
4
-1.04 1.0635
0.914 1.0635
0.914 1.0875
-1.04 1.0875
3.28

IMD5d1+IMD5d2
4
-1.04 1.0875
0.914 1.0875
0.914 1.2145
-1.04 1.2145
2.65

IMD6a
4
-1.04 1.2145
0.914 1.2145
0.914 1.2355
-1.04 1.2355
5.2

IMD6b
4
-1.04 1.2355
0.914 1.2355
0.914 1.2505
-1.04 1.2505
4.2

IMD6c
4
-1.04 1.2505
0.914 1.2505
0.914 1.2745
-1.04 1.2745
3.28

IMD6d1+IMD6d2
4
-1.04 1.2745
0.914 1.2745
0.914 1.4015
-1.04 1.4015
2.65

IMD7a
4
-1.04 1.4015
0.914 1.4015
0.914 1.4765
-1.04 1.4765
5.2

IMD7b1+IMD7b2
4
-1.04 1.4765
0.914 1.4765
0.914 2.9765
-1.04 2.9765
4.2

IMD8a
4
-1.04 2.9765
0.914 2.9765
0.914 3.0515
-1.04 3.0515
5.2

IMD8b1+IMD8b2
4
-1.04 3.0515
0.914 3.0515
0.914 4.5515
-1.04 4.5515
4.2

PASS1
4
-1.04 4.5515
0.914 4.5515
0.914 4.6265
-1.04 4.6265
7.0

PASS2
4
-1.04 4.6265
0.914 4.6265
0.914 5.0265
-1.04 5.0265
4.2

PASS3
4
-1.04 5.0265
0.914 5.0265
0.914 5.1015
-1.04 5.1015
7.0

PASS4+PASS5
4
-1.04 5.1015
0.914 5.1015
0.914 6.0515
-1.04 6.0515
4.2

PASS6
4
-1.04 6.0515
0.914 6.0515
0.914 6.6515
-1.04 6.6515
7.0

air_Layer
4
-1.04 6.6515
0.914 6.6515
0.914 6.9485
-1.04 6.9485
1.0


4
-1.04 0.001
0.914 0.001
0.914 6.9485
-1.04 6.9485

