c1
4
-0.06001000000000002 1.1155
0.060009999999999994 1.1155
0.06599 1.2145
-0.06599000000000002 1.2145

5
botleft
4
-0.7250000000000001 -0.001
0 -0.001
0 0.001
-0.7250000000000001 0.001

botright
4
0 -0.001
0.914 -0.001
0.914 0.001
0 0.001

lEnv
4
-0.22201 1.1155
-0.10199000000000001 1.1155
-0.09601000000000001 1.2145
-0.22799000000000003 1.2145

c2
4
0.12899000000000002 1.1155
0.24901000000000004 1.1155
0.25499000000000005 1.2145
0.12301000000000001 1.2145

rEnv
4
0.2909900000000001 1.1155
0.4110100000000001 1.1155
0.4169900000000001 1.2145
0.2850100000000001 1.2145


57
IMD5d1_damage
4
-0.23142400000000002 1.1055
-0.092576 1.1055
-0.09197200000000001 1.1155
-0.232028 1.1155
3.1

IMD5d1_damage
4
-0.06942400000000003 1.1055
0.069424 1.1055
0.07002799999999999 1.1155
-0.07002800000000002 1.1155
3.1

IMD5d1_damage
4
0.119576 1.1055
0.25842400000000004 1.1055
0.25902800000000004 1.1155
0.11897200000000001 1.1155
3.1

IMD5d1_damage
4
0.2815760000000001 1.1055
0.4204240000000001 1.1055
0.42102800000000007 1.1155
0.2809720000000001 1.1155
3.1

IMD5d2_damage
4
-0.22701900000000003 1.1155
-0.22201 1.1155
-0.22799000000000003 1.2145
-0.23299900000000004 1.2145
2.9

IMD5d2_damage
4
-0.10199000000000001 1.1155
-0.09698100000000001 1.1155
-0.09100100000000001 1.2145
-0.09601000000000001 1.2145
2.9

IMD5d2_damage
4
-0.06501900000000002 1.1155
-0.06001000000000002 1.1155
-0.06599000000000002 1.2145
-0.07099900000000002 1.2145
2.9

IMD5d2_damage
4
0.060009999999999994 1.1155
0.065019 1.1155
0.07099899999999999 1.2145
0.06599 1.2145
2.9

IMD5d2_damage
4
0.12398100000000002 1.1155
0.12899000000000002 1.1155
0.12301000000000001 1.2145
0.11800100000000001 1.2145
2.9

IMD5d2_damage
4
0.24901000000000004 1.1155
0.25401900000000005 1.1155
0.25999900000000004 1.2145
0.25499000000000005 1.2145
2.9

IMD5d2_damage
4
0.2859810000000001 1.1155
0.2909900000000001 1.1155
0.2850100000000001 1.2145
0.2800010000000001 1.2145
2.9

IMD5d2_damage
4
0.4110100000000001 1.1155
0.4160190000000001 1.1155
0.42199900000000007 1.2145
0.4169900000000001 1.2145
2.9

IMD5d2
4
-0.7250000000000001 1.1155
-0.22701900000000003 1.1155
-0.23299900000000004 1.2145
-0.7250000000000001 1.2145
2.65

IMD5d2
4
-0.09698100000000001 1.1155
-0.06501900000000002 1.1155
-0.07099900000000002 1.2145
-0.09100100000000001 1.2145
2.65

IMD5d2
4
0.065019 1.1155
0.12398100000000002 1.1155
0.11800100000000001 1.2145
0.07099899999999999 1.2145
2.65

IMD5d2
4
0.25401900000000005 1.1155
0.2859810000000001 1.1155
0.2800010000000001 1.2145
0.25999900000000004 1.2145
2.65

IMD5d2
4
0.4160190000000001 1.1155
0.914 1.1155
0.914 1.2145
0.42199900000000007 1.2145
2.65

IMD5d1
4
-0.7250000000000001 1.1055
-0.23142400000000002 1.1055
-0.232028 1.1155
-0.7250000000000001 1.1155
2.65

IMD5d1
4
-0.092576 1.1055
-0.06942400000000003 1.1055
-0.07002800000000002 1.1155
-0.09197200000000001 1.1155
2.65

IMD5d1
4
0.069424 1.1055
0.119576 1.1055
0.11897200000000001 1.1155
0.07002799999999999 1.1155
2.65

IMD5d1
4
0.25842400000000004 1.1055
0.2815760000000001 1.1055
0.2809720000000001 1.1155
0.25902800000000004 1.1155
2.65

IMD5d1
4
0.4204240000000001 1.1055
0.914 1.1055
0.914 1.1155
0.42102800000000007 1.1155
2.65

IMD5d1
4
-0.7250000000000001 1.0875
0.914 1.0875
0.914 1.1055
-0.7250000000000001 1.1055
2.65

FOXA+FOXB+TOX
4
-0.7250000000000001 0.001
0.914 0.001
0.914 0.2665
-0.7250000000000001 0.2665
4.0

ILD1a
4
-0.7250000000000001 0.2665
0.914 0.2665
0.914 0.2765
-0.7250000000000001 0.2765
7.0

ILD1b1+ILD1b2+ILD1b3
4
-0.7250000000000001 0.2765
0.914 0.2765
0.914 0.3955
-0.7250000000000001 0.3955
4.0

IMD1a
4
-0.7250000000000001 0.3955
0.914 0.3955
0.914 0.4065
-0.7250000000000001 0.4065
5.2

IMD1b
4
-0.7250000000000001 0.4065
0.914 0.4065
0.914 0.4665
-0.7250000000000001 0.4665
2.8

IMD2a
4
-0.7250000000000001 0.4665
0.914 0.4665
0.914 0.4875
-0.7250000000000001 0.4875
5.2

IMD2b
4
-0.7250000000000001 0.4875
0.914 0.4875
0.914 0.5025
-0.7250000000000001 0.5025
4.2

IMD2c
4
-0.7250000000000001 0.5025
0.914 0.5025
0.914 0.5265
-0.7250000000000001 0.5265
3.28

IMD2d1+IMD2d2
4
-0.7250000000000001 0.5265
0.914 0.5265
0.914 0.6535
-0.7250000000000001 0.6535
2.65

IMD3a
4
-0.7250000000000001 0.6535
0.914 0.6535
0.914 0.6745
-0.7250000000000001 0.6745
5.2

IMD3b
4
-0.7250000000000001 0.6745
0.914 0.6745
0.914 0.6895
-0.7250000000000001 0.6895
4.2

IMD3c
4
-0.7250000000000001 0.6895
0.914 0.6895
0.914 0.7135
-0.7250000000000001 0.7135
3.28

IMD3d1+IMD3d2
4
-0.7250000000000001 0.7135
0.914 0.7135
0.914 0.8405
-0.7250000000000001 0.8405
2.65

IMD4a
4
-0.7250000000000001 0.8405
0.914 0.8405
0.914 0.8615
-0.7250000000000001 0.8615
5.2

IMD4b
4
-0.7250000000000001 0.8615
0.914 0.8615
0.914 0.8765
-0.7250000000000001 0.8765
4.2

IMD4c
4
-0.7250000000000001 0.8765
0.914 0.8765
0.914 0.9005
-0.7250000000000001 0.9005
3.28

IMD4d1+IMD4d2
4
-0.7250000000000001 0.9005
0.914 0.9005
0.914 1.0275
-0.7250000000000001 1.0275
2.65

IMD5a
4
-0.7250000000000001 1.0275
0.914 1.0275
0.914 1.0485
-0.7250000000000001 1.0485
5.2

IMD5b
4
-0.7250000000000001 1.0485
0.914 1.0485
0.914 1.0635
-0.7250000000000001 1.0635
4.2

IMD5c
4
-0.7250000000000001 1.0635
0.914 1.0635
0.914 1.0875
-0.7250000000000001 1.0875
3.28

IMD6a
4
-0.7250000000000001 1.2145
0.914 1.2145
0.914 1.2355
-0.7250000000000001 1.2355
5.2

IMD6b
4
-0.7250000000000001 1.2355
0.914 1.2355
0.914 1.2505
-0.7250000000000001 1.2505
4.2

IMD6c
4
-0.7250000000000001 1.2505
0.914 1.2505
0.914 1.2745
-0.7250000000000001 1.2745
3.28

IMD6d1+IMD6d2
4
-0.7250000000000001 1.2745
0.914 1.2745
0.914 1.4015
-0.7250000000000001 1.4015
2.65

IMD7a
4
-0.7250000000000001 1.4015
0.914 1.4015
0.914 1.4765
-0.7250000000000001 1.4765
5.2

IMD7b1+IMD7b2
4
-0.7250000000000001 1.4765
0.914 1.4765
0.914 2.9765
-0.7250000000000001 2.9765
4.2

IMD8a
4
-0.7250000000000001 2.9765
0.914 2.9765
0.914 3.0515
-0.7250000000000001 3.0515
5.2

IMD8b1+IMD8b2
4
-0.7250000000000001 3.0515
0.914 3.0515
0.914 4.5515
-0.7250000000000001 4.5515
4.2

PASS1
4
-0.7250000000000001 4.5515
0.914 4.5515
0.914 4.6265
-0.7250000000000001 4.6265
7.0

PASS2
4
-0.7250000000000001 4.6265
0.914 4.6265
0.914 5.0265
-0.7250000000000001 5.0265
4.2

PASS3
4
-0.7250000000000001 5.0265
0.914 5.0265
0.914 5.1015
-0.7250000000000001 5.1015
7.0

PASS4+PASS5
4
-0.7250000000000001 5.1015
0.914 5.1015
0.914 6.0515
-0.7250000000000001 6.0515
4.2

PASS6
4
-0.7250000000000001 6.0515
0.914 6.0515
0.914 6.6515
-0.7250000000000001 6.6515
7.0

air_Layer
4
-0.7250000000000001 6.6515
0.914 6.6515
0.914 6.9485
-0.7250000000000001 6.9485
1.0


4
-0.7250000000000001 0.001
0.914 0.001
0.914 6.9485
-0.7250000000000001 6.9485

