c1
4
-0.3525100000000001 1.3025
0.35251 1.3025
0.35849 1.4015
-0.3584900000000001 1.4015

5
botleft
4
-1.7825 -0.001
0 -0.001
0 0.001
-1.7825 0.001

botright
4
0 -0.001
3.0515 -0.001
3.0515 0.001
0 0.001

lEnv
4
-1.27951 1.3025
-0.5744900000000001 1.3025
-0.5685100000000001 1.4015
-1.28549 1.4015

c2
4
0.3764899999999999 1.3025
1.3515099999999995 1.3025
1.3574899999999996 1.4015
0.3705099999999999 1.4015

rEnv
4
1.5734899999999998 1.3025
2.5485099999999994 1.3025
2.5544899999999995 1.4015
1.5675099999999997 1.4015


57
IMD6d1_damage
4
-1.288924 1.2925
-0.5650760000000001 1.2925
-0.5644720000000001 1.3025
-1.289528 1.3025
3.1

IMD6d1_damage
4
-0.3619240000000001 1.2925
0.36192399999999997 1.2925
0.36252799999999996 1.3025
-0.3625280000000001 1.3025
3.1

IMD6d1_damage
4
0.3670759999999999 1.2925
1.3609239999999996 1.2925
1.3615279999999996 1.3025
0.3664719999999999 1.3025
3.1

IMD6d1_damage
4
1.5640759999999998 1.2925
2.5579239999999994 1.2925
2.5585279999999995 1.3025
1.5634719999999998 1.3025
3.1

IMD6d2_damage
4
-1.284519 1.3025
-1.27951 1.3025
-1.28549 1.4015
-1.290499 1.4015
2.9

IMD6d2_damage
4
-0.5744900000000001 1.3025
-0.569481 1.3025
-0.563501 1.4015
-0.5685100000000001 1.4015
2.9

IMD6d2_damage
4
-0.3575190000000001 1.3025
-0.3525100000000001 1.3025
-0.3584900000000001 1.4015
-0.36349900000000007 1.4015
2.9

IMD6d2_damage
4
0.35251 1.3025
0.357519 1.3025
0.36349899999999996 1.4015
0.35849 1.4015
2.9

IMD6d2_damage
4
0.3714809999999999 1.3025
0.3764899999999999 1.3025
0.3705099999999999 1.4015
0.3655009999999999 1.4015
2.9

IMD6d2_damage
4
1.3515099999999995 1.3025
1.3565189999999996 1.3025
1.3624989999999997 1.4015
1.3574899999999996 1.4015
2.9

IMD6d2_damage
4
1.5684809999999998 1.3025
1.5734899999999998 1.3025
1.5675099999999997 1.4015
1.5625009999999997 1.4015
2.9

IMD6d2_damage
4
2.5485099999999994 1.3025
2.553518999999999 1.3025
2.5594989999999993 1.4015
2.5544899999999995 1.4015
2.9

IMD6d2
4
-1.7825 1.3025
-1.284519 1.3025
-1.290499 1.4015
-1.7825 1.4015
2.65

IMD6d2
4
-0.569481 1.3025
-0.3575190000000001 1.3025
-0.36349900000000007 1.4015
-0.563501 1.4015
2.65

IMD6d2
4
0.357519 1.3025
0.3714809999999999 1.3025
0.3655009999999999 1.4015
0.36349899999999996 1.4015
2.65

IMD6d2
4
1.3565189999999996 1.3025
1.5684809999999998 1.3025
1.5625009999999997 1.4015
1.3624989999999997 1.4015
2.65

IMD6d2
4
2.553518999999999 1.3025
3.0515 1.3025
3.0515 1.4015
2.5594989999999993 1.4015
2.65

IMD6d1
4
-1.7825 1.2925
-1.288924 1.2925
-1.289528 1.3025
-1.7825 1.3025
2.65

IMD6d1
4
-0.5650760000000001 1.2925
-0.3619240000000001 1.2925
-0.3625280000000001 1.3025
-0.5644720000000001 1.3025
2.65

IMD6d1
4
0.36192399999999997 1.2925
0.3670759999999999 1.2925
0.3664719999999999 1.3025
0.36252799999999996 1.3025
2.65

IMD6d1
4
1.3609239999999996 1.2925
1.5640759999999998 1.2925
1.5634719999999998 1.3025
1.3615279999999996 1.3025
2.65

IMD6d1
4
2.5579239999999994 1.2925
3.0515 1.2925
3.0515 1.3025
2.5585279999999995 1.3025
2.65

IMD6d1
4
-1.7825 1.2745
3.0515 1.2745
3.0515 1.2925
-1.7825 1.2925
2.65

FOXA+FOXB+TOX
4
-1.7825 0.001
3.0515 0.001
3.0515 0.2665
-1.7825 0.2665
4.0

ILD1a
4
-1.7825 0.2665
3.0515 0.2665
3.0515 0.2765
-1.7825 0.2765
7.0

ILD1b1+ILD1b2+ILD1b3
4
-1.7825 0.2765
3.0515 0.2765
3.0515 0.3955
-1.7825 0.3955
4.0

IMD1a
4
-1.7825 0.3955
3.0515 0.3955
3.0515 0.4065
-1.7825 0.4065
5.2

IMD1b
4
-1.7825 0.4065
3.0515 0.4065
3.0515 0.4665
-1.7825 0.4665
2.8

IMD2a
4
-1.7825 0.4665
3.0515 0.4665
3.0515 0.4875
-1.7825 0.4875
5.2

IMD2b
4
-1.7825 0.4875
3.0515 0.4875
3.0515 0.5025
-1.7825 0.5025
4.2

IMD2c
4
-1.7825 0.5025
3.0515 0.5025
3.0515 0.5265
-1.7825 0.5265
3.28

IMD2d1+IMD2d2
4
-1.7825 0.5265
3.0515 0.5265
3.0515 0.6535
-1.7825 0.6535
2.65

IMD3a
4
-1.7825 0.6535
3.0515 0.6535
3.0515 0.6745
-1.7825 0.6745
5.2

IMD3b
4
-1.7825 0.6745
3.0515 0.6745
3.0515 0.6895
-1.7825 0.6895
4.2

IMD3c
4
-1.7825 0.6895
3.0515 0.6895
3.0515 0.7135
-1.7825 0.7135
3.28

IMD3d1+IMD3d2
4
-1.7825 0.7135
3.0515 0.7135
3.0515 0.8405
-1.7825 0.8405
2.65

IMD4a
4
-1.7825 0.8405
3.0515 0.8405
3.0515 0.8615
-1.7825 0.8615
5.2

IMD4b
4
-1.7825 0.8615
3.0515 0.8615
3.0515 0.8765
-1.7825 0.8765
4.2

IMD4c
4
-1.7825 0.8765
3.0515 0.8765
3.0515 0.9005
-1.7825 0.9005
3.28

IMD4d1+IMD4d2
4
-1.7825 0.9005
3.0515 0.9005
3.0515 1.0275
-1.7825 1.0275
2.65

IMD5a
4
-1.7825 1.0275
3.0515 1.0275
3.0515 1.0485
-1.7825 1.0485
5.2

IMD5b
4
-1.7825 1.0485
3.0515 1.0485
3.0515 1.0635
-1.7825 1.0635
4.2

IMD5c
4
-1.7825 1.0635
3.0515 1.0635
3.0515 1.0875
-1.7825 1.0875
3.28

IMD5d1+IMD5d2
4
-1.7825 1.0875
3.0515 1.0875
3.0515 1.2145
-1.7825 1.2145
2.65

IMD6a
4
-1.7825 1.2145
3.0515 1.2145
3.0515 1.2355
-1.7825 1.2355
5.2

IMD6b
4
-1.7825 1.2355
3.0515 1.2355
3.0515 1.2505
-1.7825 1.2505
4.2

IMD6c
4
-1.7825 1.2505
3.0515 1.2505
3.0515 1.2745
-1.7825 1.2745
3.28

IMD7a
4
-1.7825 1.4015
3.0515 1.4015
3.0515 1.4765
-1.7825 1.4765
5.2

IMD7b1+IMD7b2
4
-1.7825 1.4765
3.0515 1.4765
3.0515 2.9765
-1.7825 2.9765
4.2

IMD8a
4
-1.7825 2.9765
3.0515 2.9765
3.0515 3.0515
-1.7825 3.0515
5.2

IMD8b1+IMD8b2
4
-1.7825 3.0515
3.0515 3.0515
3.0515 4.5515
-1.7825 4.5515
4.2

PASS1
4
-1.7825 4.5515
3.0515 4.5515
3.0515 4.6265
-1.7825 4.6265
7.0

PASS2
4
-1.7825 4.6265
3.0515 4.6265
3.0515 5.0265
-1.7825 5.0265
4.2

PASS3
4
-1.7825 5.0265
3.0515 5.0265
3.0515 5.1015
-1.7825 5.1015
7.0

PASS4+PASS5
4
-1.7825 5.1015
3.0515 5.1015
3.0515 6.0515
-1.7825 6.0515
4.2

PASS6
4
-1.7825 6.0515
3.0515 6.0515
3.0515 6.6515
-1.7825 6.6515
7.0

air_Layer
4
-1.7825 6.6515
3.0515 6.6515
3.0515 6.9485
-1.7825 6.9485
1.0


4
-1.7825 0.001
3.0515 0.001
3.0515 6.9485
-1.7825 6.9485

