c1
4
-0.35251 1.3025
0.35251 1.3025
0.35849 1.4015
-0.35849 1.4015

5
botleft
4
-1.8724999999999998 -0.001
0 -0.001
0 0.001
-1.8724999999999998 0.001

botright
4
0 -0.001
3.0065 -0.001
3.0065 0.001
0 0.001

lEnv
4
-1.3695099999999998 1.3025
-0.6644899999999999 1.3025
-0.6585099999999999 1.4015
-1.3754899999999999 1.4015

c2
4
1.05149 1.3025
1.62151 1.3025
1.62749 1.4015
1.04551 1.4015

rEnv
4
1.9334900000000002 1.3025
2.5035099999999995 1.3025
2.5094899999999996 1.4015
1.92751 1.4015


57
IMD6d1_damage
4
-1.3789239999999998 1.2925
-0.655076 1.2925
-0.6544719999999999 1.3025
-1.3795279999999999 1.3025
3.1

IMD6d1_damage
4
-0.36192399999999997 1.2925
0.36192399999999997 1.2925
0.36252799999999996 1.3025
-0.36252799999999996 1.3025
3.1

IMD6d1_damage
4
1.042076 1.2925
1.630924 1.2925
1.631528 1.3025
1.041472 1.3025
3.1

IMD6d1_damage
4
1.9240760000000001 1.2925
2.5129239999999995 1.2925
2.5135279999999995 1.3025
1.923472 1.3025
3.1

IMD6d2_damage
4
-1.3745189999999998 1.3025
-1.3695099999999998 1.3025
-1.3754899999999999 1.4015
-1.380499 1.4015
2.9

IMD6d2_damage
4
-0.6644899999999999 1.3025
-0.6594809999999999 1.3025
-0.6535009999999999 1.4015
-0.6585099999999999 1.4015
2.9

IMD6d2_damage
4
-0.357519 1.3025
-0.35251 1.3025
-0.35849 1.4015
-0.36349899999999996 1.4015
2.9

IMD6d2_damage
4
0.35251 1.3025
0.357519 1.3025
0.36349899999999996 1.4015
0.35849 1.4015
2.9

IMD6d2_damage
4
1.046481 1.3025
1.05149 1.3025
1.04551 1.4015
1.040501 1.4015
2.9

IMD6d2_damage
4
1.62151 1.3025
1.626519 1.3025
1.6324990000000001 1.4015
1.62749 1.4015
2.9

IMD6d2_damage
4
1.9284810000000001 1.3025
1.9334900000000002 1.3025
1.92751 1.4015
1.922501 1.4015
2.9

IMD6d2_damage
4
2.5035099999999995 1.3025
2.5085189999999993 1.3025
2.5144989999999994 1.4015
2.5094899999999996 1.4015
2.9

IMD6d2
4
-1.8724999999999998 1.3025
-1.3745189999999998 1.3025
-1.380499 1.4015
-1.8724999999999998 1.4015
2.65

IMD6d2
4
-0.6594809999999999 1.3025
-0.357519 1.3025
-0.36349899999999996 1.4015
-0.6535009999999999 1.4015
2.65

IMD6d2
4
0.357519 1.3025
1.046481 1.3025
1.040501 1.4015
0.36349899999999996 1.4015
2.65

IMD6d2
4
1.626519 1.3025
1.9284810000000001 1.3025
1.922501 1.4015
1.6324990000000001 1.4015
2.65

IMD6d2
4
2.5085189999999993 1.3025
3.0065 1.3025
3.0065 1.4015
2.5144989999999994 1.4015
2.65

IMD6d1
4
-1.8724999999999998 1.2925
-1.3789239999999998 1.2925
-1.3795279999999999 1.3025
-1.8724999999999998 1.3025
2.65

IMD6d1
4
-0.655076 1.2925
-0.36192399999999997 1.2925
-0.36252799999999996 1.3025
-0.6544719999999999 1.3025
2.65

IMD6d1
4
0.36192399999999997 1.2925
1.042076 1.2925
1.041472 1.3025
0.36252799999999996 1.3025
2.65

IMD6d1
4
1.630924 1.2925
1.9240760000000001 1.2925
1.923472 1.3025
1.631528 1.3025
2.65

IMD6d1
4
2.5129239999999995 1.2925
3.0065 1.2925
3.0065 1.3025
2.5135279999999995 1.3025
2.65

IMD6d1
4
-1.8724999999999998 1.2745
3.0065 1.2745
3.0065 1.2925
-1.8724999999999998 1.2925
2.65

FOXA+FOXB+TOX
4
-1.8724999999999998 0.001
3.0065 0.001
3.0065 0.2665
-1.8724999999999998 0.2665
4.0

ILD1a
4
-1.8724999999999998 0.2665
3.0065 0.2665
3.0065 0.2765
-1.8724999999999998 0.2765
7.0

ILD1b1+ILD1b2+ILD1b3
4
-1.8724999999999998 0.2765
3.0065 0.2765
3.0065 0.3955
-1.8724999999999998 0.3955
4.0

IMD1a
4
-1.8724999999999998 0.3955
3.0065 0.3955
3.0065 0.4065
-1.8724999999999998 0.4065
5.2

IMD1b
4
-1.8724999999999998 0.4065
3.0065 0.4065
3.0065 0.4665
-1.8724999999999998 0.4665
2.8

IMD2a
4
-1.8724999999999998 0.4665
3.0065 0.4665
3.0065 0.4875
-1.8724999999999998 0.4875
5.2

IMD2b
4
-1.8724999999999998 0.4875
3.0065 0.4875
3.0065 0.5025
-1.8724999999999998 0.5025
4.2

IMD2c
4
-1.8724999999999998 0.5025
3.0065 0.5025
3.0065 0.5265
-1.8724999999999998 0.5265
3.28

IMD2d1+IMD2d2
4
-1.8724999999999998 0.5265
3.0065 0.5265
3.0065 0.6535
-1.8724999999999998 0.6535
2.65

IMD3a
4
-1.8724999999999998 0.6535
3.0065 0.6535
3.0065 0.6745
-1.8724999999999998 0.6745
5.2

IMD3b
4
-1.8724999999999998 0.6745
3.0065 0.6745
3.0065 0.6895
-1.8724999999999998 0.6895
4.2

IMD3c
4
-1.8724999999999998 0.6895
3.0065 0.6895
3.0065 0.7135
-1.8724999999999998 0.7135
3.28

IMD3d1+IMD3d2
4
-1.8724999999999998 0.7135
3.0065 0.7135
3.0065 0.8405
-1.8724999999999998 0.8405
2.65

IMD4a
4
-1.8724999999999998 0.8405
3.0065 0.8405
3.0065 0.8615
-1.8724999999999998 0.8615
5.2

IMD4b
4
-1.8724999999999998 0.8615
3.0065 0.8615
3.0065 0.8765
-1.8724999999999998 0.8765
4.2

IMD4c
4
-1.8724999999999998 0.8765
3.0065 0.8765
3.0065 0.9005
-1.8724999999999998 0.9005
3.28

IMD4d1+IMD4d2
4
-1.8724999999999998 0.9005
3.0065 0.9005
3.0065 1.0275
-1.8724999999999998 1.0275
2.65

IMD5a
4
-1.8724999999999998 1.0275
3.0065 1.0275
3.0065 1.0485
-1.8724999999999998 1.0485
5.2

IMD5b
4
-1.8724999999999998 1.0485
3.0065 1.0485
3.0065 1.0635
-1.8724999999999998 1.0635
4.2

IMD5c
4
-1.8724999999999998 1.0635
3.0065 1.0635
3.0065 1.0875
-1.8724999999999998 1.0875
3.28

IMD5d1+IMD5d2
4
-1.8724999999999998 1.0875
3.0065 1.0875
3.0065 1.2145
-1.8724999999999998 1.2145
2.65

IMD6a
4
-1.8724999999999998 1.2145
3.0065 1.2145
3.0065 1.2355
-1.8724999999999998 1.2355
5.2

IMD6b
4
-1.8724999999999998 1.2355
3.0065 1.2355
3.0065 1.2505
-1.8724999999999998 1.2505
4.2

IMD6c
4
-1.8724999999999998 1.2505
3.0065 1.2505
3.0065 1.2745
-1.8724999999999998 1.2745
3.28

IMD7a
4
-1.8724999999999998 1.4015
3.0065 1.4015
3.0065 1.4765
-1.8724999999999998 1.4765
5.2

IMD7b1+IMD7b2
4
-1.8724999999999998 1.4765
3.0065 1.4765
3.0065 2.9765
-1.8724999999999998 2.9765
4.2

IMD8a
4
-1.8724999999999998 2.9765
3.0065 2.9765
3.0065 3.0515
-1.8724999999999998 3.0515
5.2

IMD8b1+IMD8b2
4
-1.8724999999999998 3.0515
3.0065 3.0515
3.0065 4.5515
-1.8724999999999998 4.5515
4.2

PASS1
4
-1.8724999999999998 4.5515
3.0065 4.5515
3.0065 4.6265
-1.8724999999999998 4.6265
7.0

PASS2
4
-1.8724999999999998 4.6265
3.0065 4.6265
3.0065 5.0265
-1.8724999999999998 5.0265
4.2

PASS3
4
-1.8724999999999998 5.0265
3.0065 5.0265
3.0065 5.1015
-1.8724999999999998 5.1015
7.0

PASS4+PASS5
4
-1.8724999999999998 5.1015
3.0065 5.1015
3.0065 6.0515
-1.8724999999999998 6.0515
4.2

PASS6
4
-1.8724999999999998 6.0515
3.0065 6.0515
3.0065 6.6515
-1.8724999999999998 6.6515
7.0

air_Layer
4
-1.8724999999999998 6.6515
3.0065 6.6515
3.0065 6.9485
-1.8724999999999998 6.9485
1.0


4
-1.8724999999999998 0.001
3.0065 0.001
3.0065 6.9485
-1.8724999999999998 6.9485

