c1
4
-0.28501 0.7415
0.28501 0.7415
0.29098999999999997 0.8405
-0.29098999999999997 0.8405

5
botleft
4
-1.49 -0.001
0 -0.001
0 0.001
-1.49 0.001

botright
4
0 -0.001
3.6140000000000008 -0.001
3.6140000000000008 0.001
0 0.001

lEnv
4
-0.9870099999999999 0.7415
-0.41698999999999997 0.7415
-0.41101 0.8405
-0.9929899999999999 0.8405

c2
4
1.0289900000000003 0.7415
2.00401 0.7415
2.00999 0.8405
1.0230100000000002 0.8405

rEnv
4
2.13599 0.7415
3.1110100000000003 0.7415
3.1169900000000004 0.8405
2.13001 0.8405


57
IMD3d1_damage
4
-0.9964239999999999 0.7315
-0.407576 0.7315
-0.406972 0.7415
-0.9970279999999999 0.7415
3.1

IMD3d1_damage
4
-0.29442399999999996 0.7315
0.29442399999999996 0.7315
0.29502799999999996 0.7415
-0.29502799999999996 0.7415
3.1

IMD3d1_damage
4
1.0195760000000003 0.7315
2.013424 0.7315
2.014028 0.7415
1.0189720000000002 0.7415
3.1

IMD3d1_damage
4
2.126576 0.7315
3.1204240000000003 0.7315
3.1210280000000004 0.7415
2.125972 0.7415
3.1

IMD3d2_damage
4
-0.992019 0.7415
-0.9870099999999999 0.7415
-0.9929899999999999 0.8405
-0.997999 0.8405
2.9

IMD3d2_damage
4
-0.41698999999999997 0.7415
-0.411981 0.7415
-0.406001 0.8405
-0.41101 0.8405
2.9

IMD3d2_damage
4
-0.29001899999999997 0.7415
-0.28501 0.7415
-0.29098999999999997 0.8405
-0.29599899999999996 0.8405
2.9

IMD3d2_damage
4
0.28501 0.7415
0.29001899999999997 0.7415
0.29599899999999996 0.8405
0.29098999999999997 0.8405
2.9

IMD3d2_damage
4
1.0239810000000003 0.7415
1.0289900000000003 0.7415
1.0230100000000002 0.8405
1.0180010000000002 0.8405
2.9

IMD3d2_damage
4
2.00401 0.7415
2.009019 0.7415
2.014999 0.8405
2.00999 0.8405
2.9

IMD3d2_damage
4
2.1309810000000002 0.7415
2.13599 0.7415
2.13001 0.8405
2.125001 0.8405
2.9

IMD3d2_damage
4
3.1110100000000003 0.7415
3.116019 0.7415
3.121999 0.8405
3.1169900000000004 0.8405
2.9

IMD3d2
4
-1.49 0.7415
-0.992019 0.7415
-0.997999 0.8405
-1.49 0.8405
2.65

IMD3d2
4
-0.411981 0.7415
-0.29001899999999997 0.7415
-0.29599899999999996 0.8405
-0.406001 0.8405
2.65

IMD3d2
4
0.29001899999999997 0.7415
1.0239810000000003 0.7415
1.0180010000000002 0.8405
0.29599899999999996 0.8405
2.65

IMD3d2
4
2.009019 0.7415
2.1309810000000002 0.7415
2.125001 0.8405
2.014999 0.8405
2.65

IMD3d2
4
3.116019 0.7415
3.6140000000000008 0.7415
3.6140000000000008 0.8405
3.121999 0.8405
2.65

IMD3d1
4
-1.49 0.7315
-0.9964239999999999 0.7315
-0.9970279999999999 0.7415
-1.49 0.7415
2.65

IMD3d1
4
-0.407576 0.7315
-0.29442399999999996 0.7315
-0.29502799999999996 0.7415
-0.406972 0.7415
2.65

IMD3d1
4
0.29442399999999996 0.7315
1.0195760000000003 0.7315
1.0189720000000002 0.7415
0.29502799999999996 0.7415
2.65

IMD3d1
4
2.013424 0.7315
2.126576 0.7315
2.125972 0.7415
2.014028 0.7415
2.65

IMD3d1
4
3.1204240000000003 0.7315
3.6140000000000008 0.7315
3.6140000000000008 0.7415
3.1210280000000004 0.7415
2.65

IMD3d1
4
-1.49 0.7135
3.6140000000000008 0.7135
3.6140000000000008 0.7315
-1.49 0.7315
2.65

FOXA+FOXB+TOX
4
-1.49 0.001
3.6140000000000008 0.001
3.6140000000000008 0.2665
-1.49 0.2665
4.0

ILD1a
4
-1.49 0.2665
3.6140000000000008 0.2665
3.6140000000000008 0.2765
-1.49 0.2765
7.0

ILD1b1+ILD1b2+ILD1b3
4
-1.49 0.2765
3.6140000000000008 0.2765
3.6140000000000008 0.3955
-1.49 0.3955
4.0

IMD1a
4
-1.49 0.3955
3.6140000000000008 0.3955
3.6140000000000008 0.4065
-1.49 0.4065
5.2

IMD1b
4
-1.49 0.4065
3.6140000000000008 0.4065
3.6140000000000008 0.4665
-1.49 0.4665
2.8

IMD2a
4
-1.49 0.4665
3.6140000000000008 0.4665
3.6140000000000008 0.4875
-1.49 0.4875
5.2

IMD2b
4
-1.49 0.4875
3.6140000000000008 0.4875
3.6140000000000008 0.5025
-1.49 0.5025
4.2

IMD2c
4
-1.49 0.5025
3.6140000000000008 0.5025
3.6140000000000008 0.5265
-1.49 0.5265
3.28

IMD2d1+IMD2d2
4
-1.49 0.5265
3.6140000000000008 0.5265
3.6140000000000008 0.6535
-1.49 0.6535
2.65

IMD3a
4
-1.49 0.6535
3.6140000000000008 0.6535
3.6140000000000008 0.6745
-1.49 0.6745
5.2

IMD3b
4
-1.49 0.6745
3.6140000000000008 0.6745
3.6140000000000008 0.6895
-1.49 0.6895
4.2

IMD3c
4
-1.49 0.6895
3.6140000000000008 0.6895
3.6140000000000008 0.7135
-1.49 0.7135
3.28

IMD4a
4
-1.49 0.8405
3.6140000000000008 0.8405
3.6140000000000008 0.8615
-1.49 0.8615
5.2

IMD4b
4
-1.49 0.8615
3.6140000000000008 0.8615
3.6140000000000008 0.8765
-1.49 0.8765
4.2

IMD4c
4
-1.49 0.8765
3.6140000000000008 0.8765
3.6140000000000008 0.9005
-1.49 0.9005
3.28

IMD4d1+IMD4d2
4
-1.49 0.9005
3.6140000000000008 0.9005
3.6140000000000008 1.0275
-1.49 1.0275
2.65

IMD5a
4
-1.49 1.0275
3.6140000000000008 1.0275
3.6140000000000008 1.0485
-1.49 1.0485
5.2

IMD5b
4
-1.49 1.0485
3.6140000000000008 1.0485
3.6140000000000008 1.0635
-1.49 1.0635
4.2

IMD5c
4
-1.49 1.0635
3.6140000000000008 1.0635
3.6140000000000008 1.0875
-1.49 1.0875
3.28

IMD5d1+IMD5d2
4
-1.49 1.0875
3.6140000000000008 1.0875
3.6140000000000008 1.2145
-1.49 1.2145
2.65

IMD6a
4
-1.49 1.2145
3.6140000000000008 1.2145
3.6140000000000008 1.2355
-1.49 1.2355
5.2

IMD6b
4
-1.49 1.2355
3.6140000000000008 1.2355
3.6140000000000008 1.2505
-1.49 1.2505
4.2

IMD6c
4
-1.49 1.2505
3.6140000000000008 1.2505
3.6140000000000008 1.2745
-1.49 1.2745
3.28

IMD6d1+IMD6d2
4
-1.49 1.2745
3.6140000000000008 1.2745
3.6140000000000008 1.4015
-1.49 1.4015
2.65

IMD7a
4
-1.49 1.4015
3.6140000000000008 1.4015
3.6140000000000008 1.4765
-1.49 1.4765
5.2

IMD7b1+IMD7b2
4
-1.49 1.4765
3.6140000000000008 1.4765
3.6140000000000008 2.9765
-1.49 2.9765
4.2

IMD8a
4
-1.49 2.9765
3.6140000000000008 2.9765
3.6140000000000008 3.0515
-1.49 3.0515
5.2

IMD8b1+IMD8b2
4
-1.49 3.0515
3.6140000000000008 3.0515
3.6140000000000008 4.5515
-1.49 4.5515
4.2

PASS1
4
-1.49 4.5515
3.6140000000000008 4.5515
3.6140000000000008 4.6265
-1.49 4.6265
7.0

PASS2
4
-1.49 4.6265
3.6140000000000008 4.6265
3.6140000000000008 5.0265
-1.49 5.0265
4.2

PASS3
4
-1.49 5.0265
3.6140000000000008 5.0265
3.6140000000000008 5.1015
-1.49 5.1015
7.0

PASS4+PASS5
4
-1.49 5.1015
3.6140000000000008 5.1015
3.6140000000000008 6.0515
-1.49 6.0515
4.2

PASS6
4
-1.49 6.0515
3.6140000000000008 6.0515
3.6140000000000008 6.6515
-1.49 6.6515
7.0

air_Layer
4
-1.49 6.6515
3.6140000000000008 6.6515
3.6140000000000008 6.9485
-1.49 6.9485
1.0


4
-1.49 0.001
3.6140000000000008 0.001
3.6140000000000008 6.9485
-1.49 6.9485

