c1
4
-0.10501000000000003 1.1155
0.10501000000000003 1.1155
0.11099000000000003 1.2145
-0.11099000000000003 1.2145

5
botleft
4
-1.1300000000000001 -0.001
0 -0.001
0 0.001
-1.1300000000000001 0.001

botright
4
0 -0.001
1.544 -0.001
1.544 0.001
0 0.001

lEnv
4
-0.6270100000000001 1.1155
-0.41699 1.1155
-0.41101000000000004 1.2145
-0.63299 1.2145

c2
4
0.66899 1.1155
0.6990099999999999 1.1155
0.7049899999999999 1.2145
0.66301 1.2145

rEnv
4
1.01099 1.1155
1.0410099999999995 1.1155
1.0469899999999996 1.2145
1.00501 1.2145


57
IMD5d1_damage
4
-0.636424 1.1055
-0.40757600000000005 1.1055
-0.40697200000000006 1.1155
-0.637028 1.1155
3.1

IMD5d1_damage
4
-0.11442400000000004 1.1055
0.11442400000000004 1.1055
0.11502800000000003 1.1155
-0.11502800000000003 1.1155
3.1

IMD5d1_damage
4
0.659576 1.1055
0.7084239999999998 1.1055
0.7090279999999999 1.1155
0.658972 1.1155
3.1

IMD5d1_damage
4
1.001576 1.1055
1.0504239999999996 1.1055
1.0510279999999996 1.1155
1.000972 1.1155
3.1

IMD5d2_damage
4
-0.6320190000000001 1.1155
-0.6270100000000001 1.1155
-0.63299 1.2145
-0.6379990000000001 1.2145
2.9

IMD5d2_damage
4
-0.41699 1.1155
-0.41198100000000004 1.1155
-0.40600100000000006 1.2145
-0.41101000000000004 1.2145
2.9

IMD5d2_damage
4
-0.11001900000000003 1.1155
-0.10501000000000003 1.1155
-0.11099000000000003 1.2145
-0.11599900000000003 1.2145
2.9

IMD5d2_damage
4
0.10501000000000003 1.1155
0.11001900000000003 1.1155
0.11599900000000003 1.2145
0.11099000000000003 1.2145
2.9

IMD5d2_damage
4
0.6639809999999999 1.1155
0.66899 1.1155
0.66301 1.2145
0.658001 1.2145
2.9

IMD5d2_damage
4
0.6990099999999999 1.1155
0.704019 1.1155
0.7099989999999999 1.2145
0.7049899999999999 1.2145
2.9

IMD5d2_damage
4
1.005981 1.1155
1.01099 1.1155
1.00501 1.2145
1.000001 1.2145
2.9

IMD5d2_damage
4
1.0410099999999995 1.1155
1.0460189999999996 1.1155
1.0519989999999997 1.2145
1.0469899999999996 1.2145
2.9

IMD5d2
4
-1.1300000000000001 1.1155
-0.6320190000000001 1.1155
-0.6379990000000001 1.2145
-1.1300000000000001 1.2145
2.65

IMD5d2
4
-0.41198100000000004 1.1155
-0.11001900000000003 1.1155
-0.11599900000000003 1.2145
-0.40600100000000006 1.2145
2.65

IMD5d2
4
0.11001900000000003 1.1155
0.6639809999999999 1.1155
0.658001 1.2145
0.11599900000000003 1.2145
2.65

IMD5d2
4
0.704019 1.1155
1.005981 1.1155
1.000001 1.2145
0.7099989999999999 1.2145
2.65

IMD5d2
4
1.0460189999999996 1.1155
1.544 1.1155
1.544 1.2145
1.0519989999999997 1.2145
2.65

IMD5d1
4
-1.1300000000000001 1.1055
-0.636424 1.1055
-0.637028 1.1155
-1.1300000000000001 1.1155
2.65

IMD5d1
4
-0.40757600000000005 1.1055
-0.11442400000000004 1.1055
-0.11502800000000003 1.1155
-0.40697200000000006 1.1155
2.65

IMD5d1
4
0.11442400000000004 1.1055
0.659576 1.1055
0.658972 1.1155
0.11502800000000003 1.1155
2.65

IMD5d1
4
0.7084239999999998 1.1055
1.001576 1.1055
1.000972 1.1155
0.7090279999999999 1.1155
2.65

IMD5d1
4
1.0504239999999996 1.1055
1.544 1.1055
1.544 1.1155
1.0510279999999996 1.1155
2.65

IMD5d1
4
-1.1300000000000001 1.0875
1.544 1.0875
1.544 1.1055
-1.1300000000000001 1.1055
2.65

FOXA+FOXB+TOX
4
-1.1300000000000001 0.001
1.544 0.001
1.544 0.2665
-1.1300000000000001 0.2665
4.0

ILD1a
4
-1.1300000000000001 0.2665
1.544 0.2665
1.544 0.2765
-1.1300000000000001 0.2765
7.0

ILD1b1+ILD1b2+ILD1b3
4
-1.1300000000000001 0.2765
1.544 0.2765
1.544 0.3955
-1.1300000000000001 0.3955
4.0

IMD1a
4
-1.1300000000000001 0.3955
1.544 0.3955
1.544 0.4065
-1.1300000000000001 0.4065
5.2

IMD1b
4
-1.1300000000000001 0.4065
1.544 0.4065
1.544 0.4665
-1.1300000000000001 0.4665
2.8

IMD2a
4
-1.1300000000000001 0.4665
1.544 0.4665
1.544 0.4875
-1.1300000000000001 0.4875
5.2

IMD2b
4
-1.1300000000000001 0.4875
1.544 0.4875
1.544 0.5025
-1.1300000000000001 0.5025
4.2

IMD2c
4
-1.1300000000000001 0.5025
1.544 0.5025
1.544 0.5265
-1.1300000000000001 0.5265
3.28

IMD2d1+IMD2d2
4
-1.1300000000000001 0.5265
1.544 0.5265
1.544 0.6535
-1.1300000000000001 0.6535
2.65

IMD3a
4
-1.1300000000000001 0.6535
1.544 0.6535
1.544 0.6745
-1.1300000000000001 0.6745
5.2

IMD3b
4
-1.1300000000000001 0.6745
1.544 0.6745
1.544 0.6895
-1.1300000000000001 0.6895
4.2

IMD3c
4
-1.1300000000000001 0.6895
1.544 0.6895
1.544 0.7135
-1.1300000000000001 0.7135
3.28

IMD3d1+IMD3d2
4
-1.1300000000000001 0.7135
1.544 0.7135
1.544 0.8405
-1.1300000000000001 0.8405
2.65

IMD4a
4
-1.1300000000000001 0.8405
1.544 0.8405
1.544 0.8615
-1.1300000000000001 0.8615
5.2

IMD4b
4
-1.1300000000000001 0.8615
1.544 0.8615
1.544 0.8765
-1.1300000000000001 0.8765
4.2

IMD4c
4
-1.1300000000000001 0.8765
1.544 0.8765
1.544 0.9005
-1.1300000000000001 0.9005
3.28

IMD4d1+IMD4d2
4
-1.1300000000000001 0.9005
1.544 0.9005
1.544 1.0275
-1.1300000000000001 1.0275
2.65

IMD5a
4
-1.1300000000000001 1.0275
1.544 1.0275
1.544 1.0485
-1.1300000000000001 1.0485
5.2

IMD5b
4
-1.1300000000000001 1.0485
1.544 1.0485
1.544 1.0635
-1.1300000000000001 1.0635
4.2

IMD5c
4
-1.1300000000000001 1.0635
1.544 1.0635
1.544 1.0875
-1.1300000000000001 1.0875
3.28

IMD6a
4
-1.1300000000000001 1.2145
1.544 1.2145
1.544 1.2355
-1.1300000000000001 1.2355
5.2

IMD6b
4
-1.1300000000000001 1.2355
1.544 1.2355
1.544 1.2505
-1.1300000000000001 1.2505
4.2

IMD6c
4
-1.1300000000000001 1.2505
1.544 1.2505
1.544 1.2745
-1.1300000000000001 1.2745
3.28

IMD6d1+IMD6d2
4
-1.1300000000000001 1.2745
1.544 1.2745
1.544 1.4015
-1.1300000000000001 1.4015
2.65

IMD7a
4
-1.1300000000000001 1.4015
1.544 1.4015
1.544 1.4765
-1.1300000000000001 1.4765
5.2

IMD7b1+IMD7b2
4
-1.1300000000000001 1.4765
1.544 1.4765
1.544 2.9765
-1.1300000000000001 2.9765
4.2

IMD8a
4
-1.1300000000000001 2.9765
1.544 2.9765
1.544 3.0515
-1.1300000000000001 3.0515
5.2

IMD8b1+IMD8b2
4
-1.1300000000000001 3.0515
1.544 3.0515
1.544 4.5515
-1.1300000000000001 4.5515
4.2

PASS1
4
-1.1300000000000001 4.5515
1.544 4.5515
1.544 4.6265
-1.1300000000000001 4.6265
7.0

PASS2
4
-1.1300000000000001 4.6265
1.544 4.6265
1.544 5.0265
-1.1300000000000001 5.0265
4.2

PASS3
4
-1.1300000000000001 5.0265
1.544 5.0265
1.544 5.1015
-1.1300000000000001 5.1015
7.0

PASS4+PASS5
4
-1.1300000000000001 5.1015
1.544 5.1015
1.544 6.0515
-1.1300000000000001 6.0515
4.2

PASS6
4
-1.1300000000000001 6.0515
1.544 6.0515
1.544 6.6515
-1.1300000000000001 6.6515
7.0

air_Layer
4
-1.1300000000000001 6.6515
1.544 6.6515
1.544 6.9485
-1.1300000000000001 6.9485
1.0


4
-1.1300000000000001 0.001
1.544 0.001
1.544 6.9485
-1.1300000000000001 6.9485

