c1
4
-0.015009999999999982 1.1155
0.01501000000000001 1.1155
0.02099000000000001 1.2145
-0.02098999999999998 1.2145

5
botleft
4
-0.6799999999999999 -0.001
0 -0.001
0 0.001
-0.6799999999999999 0.001

botright
4
0 -0.001
3.074 -0.001
3.074 0.001
0 0.001

lEnv
4
-0.17700999999999997 1.1155
-0.14699 1.1155
-0.14101 1.2145
-0.18298999999999999 1.2145

c2
4
0.4889899999999999 1.1155
1.4640099999999998 1.1155
1.46999 1.2145
0.48300999999999994 1.2145

rEnv
4
1.59599 1.1155
2.5710099999999994 1.1155
2.5769899999999994 1.2145
1.59001 1.2145


57
IMD5d1_damage
4
-0.18642399999999998 1.1055
-0.13757599999999998 1.1055
-0.13697199999999998 1.1155
-0.18702799999999997 1.1155
3.1

IMD5d1_damage
4
-0.02442399999999998 1.1055
0.024424000000000008 1.1055
0.02502800000000001 1.1155
-0.02502799999999998 1.1155
3.1

IMD5d1_damage
4
0.47957599999999995 1.1055
1.4734239999999998 1.1055
1.474028 1.1155
0.47897199999999995 1.1155
3.1

IMD5d1_damage
4
1.586576 1.1055
2.5804239999999994 1.1055
2.5810279999999994 1.1155
1.585972 1.1155
3.1

IMD5d2_damage
4
-0.182019 1.1155
-0.17700999999999997 1.1155
-0.18298999999999999 1.2145
-0.187999 1.2145
2.9

IMD5d2_damage
4
-0.14699 1.1155
-0.141981 1.1155
-0.13600099999999998 1.2145
-0.14101 1.2145
2.9

IMD5d2_damage
4
-0.02001899999999998 1.1155
-0.015009999999999982 1.1155
-0.02098999999999998 1.2145
-0.02599899999999998 1.2145
2.9

IMD5d2_damage
4
0.01501000000000001 1.1155
0.02001900000000001 1.1155
0.025999000000000008 1.2145
0.02099000000000001 1.2145
2.9

IMD5d2_damage
4
0.48398099999999994 1.1155
0.4889899999999999 1.1155
0.48300999999999994 1.2145
0.47800099999999995 1.2145
2.9

IMD5d2_damage
4
1.4640099999999998 1.1155
1.4690189999999999 1.1155
1.474999 1.2145
1.46999 1.2145
2.9

IMD5d2_damage
4
1.590981 1.1155
1.59599 1.1155
1.59001 1.2145
1.5850009999999999 1.2145
2.9

IMD5d2_damage
4
2.5710099999999994 1.1155
2.576018999999999 1.1155
2.5819989999999993 1.2145
2.5769899999999994 1.2145
2.9

IMD5d2
4
-0.6799999999999999 1.1155
-0.182019 1.1155
-0.187999 1.2145
-0.6799999999999999 1.2145
2.65

IMD5d2
4
-0.141981 1.1155
-0.02001899999999998 1.1155
-0.02599899999999998 1.2145
-0.13600099999999998 1.2145
2.65

IMD5d2
4
0.02001900000000001 1.1155
0.48398099999999994 1.1155
0.47800099999999995 1.2145
0.025999000000000008 1.2145
2.65

IMD5d2
4
1.4690189999999999 1.1155
1.590981 1.1155
1.5850009999999999 1.2145
1.474999 1.2145
2.65

IMD5d2
4
2.576018999999999 1.1155
3.074 1.1155
3.074 1.2145
2.5819989999999993 1.2145
2.65

IMD5d1
4
-0.6799999999999999 1.1055
-0.18642399999999998 1.1055
-0.18702799999999997 1.1155
-0.6799999999999999 1.1155
2.65

IMD5d1
4
-0.13757599999999998 1.1055
-0.02442399999999998 1.1055
-0.02502799999999998 1.1155
-0.13697199999999998 1.1155
2.65

IMD5d1
4
0.024424000000000008 1.1055
0.47957599999999995 1.1055
0.47897199999999995 1.1155
0.02502800000000001 1.1155
2.65

IMD5d1
4
1.4734239999999998 1.1055
1.586576 1.1055
1.585972 1.1155
1.474028 1.1155
2.65

IMD5d1
4
2.5804239999999994 1.1055
3.074 1.1055
3.074 1.1155
2.5810279999999994 1.1155
2.65

IMD5d1
4
-0.6799999999999999 1.0875
3.074 1.0875
3.074 1.1055
-0.6799999999999999 1.1055
2.65

FOXA+FOXB+TOX
4
-0.6799999999999999 0.001
3.074 0.001
3.074 0.2665
-0.6799999999999999 0.2665
4.0

ILD1a
4
-0.6799999999999999 0.2665
3.074 0.2665
3.074 0.2765
-0.6799999999999999 0.2765
7.0

ILD1b1+ILD1b2+ILD1b3
4
-0.6799999999999999 0.2765
3.074 0.2765
3.074 0.3955
-0.6799999999999999 0.3955
4.0

IMD1a
4
-0.6799999999999999 0.3955
3.074 0.3955
3.074 0.4065
-0.6799999999999999 0.4065
5.2

IMD1b
4
-0.6799999999999999 0.4065
3.074 0.4065
3.074 0.4665
-0.6799999999999999 0.4665
2.8

IMD2a
4
-0.6799999999999999 0.4665
3.074 0.4665
3.074 0.4875
-0.6799999999999999 0.4875
5.2

IMD2b
4
-0.6799999999999999 0.4875
3.074 0.4875
3.074 0.5025
-0.6799999999999999 0.5025
4.2

IMD2c
4
-0.6799999999999999 0.5025
3.074 0.5025
3.074 0.5265
-0.6799999999999999 0.5265
3.28

IMD2d1+IMD2d2
4
-0.6799999999999999 0.5265
3.074 0.5265
3.074 0.6535
-0.6799999999999999 0.6535
2.65

IMD3a
4
-0.6799999999999999 0.6535
3.074 0.6535
3.074 0.6745
-0.6799999999999999 0.6745
5.2

IMD3b
4
-0.6799999999999999 0.6745
3.074 0.6745
3.074 0.6895
-0.6799999999999999 0.6895
4.2

IMD3c
4
-0.6799999999999999 0.6895
3.074 0.6895
3.074 0.7135
-0.6799999999999999 0.7135
3.28

IMD3d1+IMD3d2
4
-0.6799999999999999 0.7135
3.074 0.7135
3.074 0.8405
-0.6799999999999999 0.8405
2.65

IMD4a
4
-0.6799999999999999 0.8405
3.074 0.8405
3.074 0.8615
-0.6799999999999999 0.8615
5.2

IMD4b
4
-0.6799999999999999 0.8615
3.074 0.8615
3.074 0.8765
-0.6799999999999999 0.8765
4.2

IMD4c
4
-0.6799999999999999 0.8765
3.074 0.8765
3.074 0.9005
-0.6799999999999999 0.9005
3.28

IMD4d1+IMD4d2
4
-0.6799999999999999 0.9005
3.074 0.9005
3.074 1.0275
-0.6799999999999999 1.0275
2.65

IMD5a
4
-0.6799999999999999 1.0275
3.074 1.0275
3.074 1.0485
-0.6799999999999999 1.0485
5.2

IMD5b
4
-0.6799999999999999 1.0485
3.074 1.0485
3.074 1.0635
-0.6799999999999999 1.0635
4.2

IMD5c
4
-0.6799999999999999 1.0635
3.074 1.0635
3.074 1.0875
-0.6799999999999999 1.0875
3.28

IMD6a
4
-0.6799999999999999 1.2145
3.074 1.2145
3.074 1.2355
-0.6799999999999999 1.2355
5.2

IMD6b
4
-0.6799999999999999 1.2355
3.074 1.2355
3.074 1.2505
-0.6799999999999999 1.2505
4.2

IMD6c
4
-0.6799999999999999 1.2505
3.074 1.2505
3.074 1.2745
-0.6799999999999999 1.2745
3.28

IMD6d1+IMD6d2
4
-0.6799999999999999 1.2745
3.074 1.2745
3.074 1.4015
-0.6799999999999999 1.4015
2.65

IMD7a
4
-0.6799999999999999 1.4015
3.074 1.4015
3.074 1.4765
-0.6799999999999999 1.4765
5.2

IMD7b1+IMD7b2
4
-0.6799999999999999 1.4765
3.074 1.4765
3.074 2.9765
-0.6799999999999999 2.9765
4.2

IMD8a
4
-0.6799999999999999 2.9765
3.074 2.9765
3.074 3.0515
-0.6799999999999999 3.0515
5.2

IMD8b1+IMD8b2
4
-0.6799999999999999 3.0515
3.074 3.0515
3.074 4.5515
-0.6799999999999999 4.5515
4.2

PASS1
4
-0.6799999999999999 4.5515
3.074 4.5515
3.074 4.6265
-0.6799999999999999 4.6265
7.0

PASS2
4
-0.6799999999999999 4.6265
3.074 4.6265
3.074 5.0265
-0.6799999999999999 5.0265
4.2

PASS3
4
-0.6799999999999999 5.0265
3.074 5.0265
3.074 5.1015
-0.6799999999999999 5.1015
7.0

PASS4+PASS5
4
-0.6799999999999999 5.1015
3.074 5.1015
3.074 6.0515
-0.6799999999999999 6.0515
4.2

PASS6
4
-0.6799999999999999 6.0515
3.074 6.0515
3.074 6.6515
-0.6799999999999999 6.6515
7.0

air_Layer
4
-0.6799999999999999 6.6515
3.074 6.6515
3.074 6.9485
-0.6799999999999999 6.9485
1.0


4
-0.6799999999999999 0.001
3.074 0.001
3.074 6.9485
-0.6799999999999999 6.9485

