c1
4
-0.15000999999999995 0.5545
0.15001000000000006 0.5545
0.15599000000000007 0.6535
-0.15598999999999996 0.6535

5
botleft
4
-1.265 -0.001
0 -0.001
0 0.001
-1.265 0.001

botright
4
0 -0.001
3.2089999999999996 -0.001
3.2089999999999996 0.001
0 0.001

lEnv
4
-0.76201 0.5545
-0.46198999999999996 0.5545
-0.45600999999999997 0.6535
-0.76799 0.6535

c2
4
0.98399 0.5545
1.68901 0.5545
1.69499 0.6535
0.97801 0.6535

rEnv
4
2.00099 0.5545
2.70601 0.5545
2.71199 0.6535
1.99501 0.6535


57
IMD2d1_damage
4
-0.7714239999999999 0.5445
-0.452576 0.5445
-0.451972 0.5545
-0.7720279999999999 0.5545
3.1

IMD2d1_damage
4
-0.15942399999999995 0.5445
0.15942400000000007 0.5445
0.16002800000000006 0.5545
-0.16002799999999995 0.5545
3.1

IMD2d1_damage
4
0.9745760000000001 0.5445
1.698424 0.5445
1.699028 0.5545
0.9739720000000001 0.5545
3.1

IMD2d1_damage
4
1.991576 0.5445
2.715424 0.5445
2.716028 0.5545
1.990972 0.5545
3.1

IMD2d2_damage
4
-0.767019 0.5545
-0.76201 0.5545
-0.76799 0.6535
-0.772999 0.6535
2.9

IMD2d2_damage
4
-0.46198999999999996 0.5545
-0.45698099999999997 0.5545
-0.451001 0.6535
-0.45600999999999997 0.6535
2.9

IMD2d2_damage
4
-0.15501899999999996 0.5545
-0.15000999999999995 0.5545
-0.15598999999999996 0.6535
-0.16099899999999998 0.6535
2.9

IMD2d2_damage
4
0.15001000000000006 0.5545
0.15501900000000007 0.5545
0.1609990000000001 0.6535
0.15599000000000007 0.6535
2.9

IMD2d2_damage
4
0.978981 0.5545
0.98399 0.5545
0.97801 0.6535
0.973001 0.6535
2.9

IMD2d2_damage
4
1.68901 0.5545
1.694019 0.5545
1.699999 0.6535
1.69499 0.6535
2.9

IMD2d2_damage
4
1.9959809999999998 0.5545
2.00099 0.5545
1.99501 0.6535
1.990001 0.6535
2.9

IMD2d2_damage
4
2.70601 0.5545
2.711019 0.5545
2.716999 0.6535
2.71199 0.6535
2.9

IMD2d2
4
-1.265 0.5545
-0.767019 0.5545
-0.772999 0.6535
-1.265 0.6535
2.65

IMD2d2
4
-0.45698099999999997 0.5545
-0.15501899999999996 0.5545
-0.16099899999999998 0.6535
-0.451001 0.6535
2.65

IMD2d2
4
0.15501900000000007 0.5545
0.978981 0.5545
0.973001 0.6535
0.1609990000000001 0.6535
2.65

IMD2d2
4
1.694019 0.5545
1.9959809999999998 0.5545
1.990001 0.6535
1.699999 0.6535
2.65

IMD2d2
4
2.711019 0.5545
3.2089999999999996 0.5545
3.2089999999999996 0.6535
2.716999 0.6535
2.65

IMD2d1
4
-1.265 0.5445
-0.7714239999999999 0.5445
-0.7720279999999999 0.5545
-1.265 0.5545
2.65

IMD2d1
4
-0.452576 0.5445
-0.15942399999999995 0.5445
-0.16002799999999995 0.5545
-0.451972 0.5545
2.65

IMD2d1
4
0.15942400000000007 0.5445
0.9745760000000001 0.5445
0.9739720000000001 0.5545
0.16002800000000006 0.5545
2.65

IMD2d1
4
1.698424 0.5445
1.991576 0.5445
1.990972 0.5545
1.699028 0.5545
2.65

IMD2d1
4
2.715424 0.5445
3.2089999999999996 0.5445
3.2089999999999996 0.5545
2.716028 0.5545
2.65

IMD2d1
4
-1.265 0.5265
3.2089999999999996 0.5265
3.2089999999999996 0.5445
-1.265 0.5445
2.65

FOXA+FOXB+TOX
4
-1.265 0.001
3.2089999999999996 0.001
3.2089999999999996 0.2665
-1.265 0.2665
4.0

ILD1a
4
-1.265 0.2665
3.2089999999999996 0.2665
3.2089999999999996 0.2765
-1.265 0.2765
7.0

ILD1b1+ILD1b2+ILD1b3
4
-1.265 0.2765
3.2089999999999996 0.2765
3.2089999999999996 0.3955
-1.265 0.3955
4.0

IMD1a
4
-1.265 0.3955
3.2089999999999996 0.3955
3.2089999999999996 0.4065
-1.265 0.4065
5.2

IMD1b
4
-1.265 0.4065
3.2089999999999996 0.4065
3.2089999999999996 0.4665
-1.265 0.4665
2.8

IMD2a
4
-1.265 0.4665
3.2089999999999996 0.4665
3.2089999999999996 0.4875
-1.265 0.4875
5.2

IMD2b
4
-1.265 0.4875
3.2089999999999996 0.4875
3.2089999999999996 0.5025
-1.265 0.5025
4.2

IMD2c
4
-1.265 0.5025
3.2089999999999996 0.5025
3.2089999999999996 0.5265
-1.265 0.5265
3.28

IMD3a
4
-1.265 0.6535
3.2089999999999996 0.6535
3.2089999999999996 0.6745
-1.265 0.6745
5.2

IMD3b
4
-1.265 0.6745
3.2089999999999996 0.6745
3.2089999999999996 0.6895
-1.265 0.6895
4.2

IMD3c
4
-1.265 0.6895
3.2089999999999996 0.6895
3.2089999999999996 0.7135
-1.265 0.7135
3.28

IMD3d1+IMD3d2
4
-1.265 0.7135
3.2089999999999996 0.7135
3.2089999999999996 0.8405
-1.265 0.8405
2.65

IMD4a
4
-1.265 0.8405
3.2089999999999996 0.8405
3.2089999999999996 0.8615
-1.265 0.8615
5.2

IMD4b
4
-1.265 0.8615
3.2089999999999996 0.8615
3.2089999999999996 0.8765
-1.265 0.8765
4.2

IMD4c
4
-1.265 0.8765
3.2089999999999996 0.8765
3.2089999999999996 0.9005
-1.265 0.9005
3.28

IMD4d1+IMD4d2
4
-1.265 0.9005
3.2089999999999996 0.9005
3.2089999999999996 1.0275
-1.265 1.0275
2.65

IMD5a
4
-1.265 1.0275
3.2089999999999996 1.0275
3.2089999999999996 1.0485
-1.265 1.0485
5.2

IMD5b
4
-1.265 1.0485
3.2089999999999996 1.0485
3.2089999999999996 1.0635
-1.265 1.0635
4.2

IMD5c
4
-1.265 1.0635
3.2089999999999996 1.0635
3.2089999999999996 1.0875
-1.265 1.0875
3.28

IMD5d1+IMD5d2
4
-1.265 1.0875
3.2089999999999996 1.0875
3.2089999999999996 1.2145
-1.265 1.2145
2.65

IMD6a
4
-1.265 1.2145
3.2089999999999996 1.2145
3.2089999999999996 1.2355
-1.265 1.2355
5.2

IMD6b
4
-1.265 1.2355
3.2089999999999996 1.2355
3.2089999999999996 1.2505
-1.265 1.2505
4.2

IMD6c
4
-1.265 1.2505
3.2089999999999996 1.2505
3.2089999999999996 1.2745
-1.265 1.2745
3.28

IMD6d1+IMD6d2
4
-1.265 1.2745
3.2089999999999996 1.2745
3.2089999999999996 1.4015
-1.265 1.4015
2.65

IMD7a
4
-1.265 1.4015
3.2089999999999996 1.4015
3.2089999999999996 1.4765
-1.265 1.4765
5.2

IMD7b1+IMD7b2
4
-1.265 1.4765
3.2089999999999996 1.4765
3.2089999999999996 2.9765
-1.265 2.9765
4.2

IMD8a
4
-1.265 2.9765
3.2089999999999996 2.9765
3.2089999999999996 3.0515
-1.265 3.0515
5.2

IMD8b1+IMD8b2
4
-1.265 3.0515
3.2089999999999996 3.0515
3.2089999999999996 4.5515
-1.265 4.5515
4.2

PASS1
4
-1.265 4.5515
3.2089999999999996 4.5515
3.2089999999999996 4.6265
-1.265 4.6265
7.0

PASS2
4
-1.265 4.6265
3.2089999999999996 4.6265
3.2089999999999996 5.0265
-1.265 5.0265
4.2

PASS3
4
-1.265 5.0265
3.2089999999999996 5.0265
3.2089999999999996 5.1015
-1.265 5.1015
7.0

PASS4+PASS5
4
-1.265 5.1015
3.2089999999999996 5.1015
3.2089999999999996 6.0515
-1.265 6.0515
4.2

PASS6
4
-1.265 6.0515
3.2089999999999996 6.0515
3.2089999999999996 6.6515
-1.265 6.6515
7.0

air_Layer
4
-1.265 6.6515
3.2089999999999996 6.6515
3.2089999999999996 6.9485
-1.265 6.9485
1.0


4
-1.265 0.001
3.2089999999999996 0.001
3.2089999999999996 6.9485
-1.265 6.9485

