c1
4
-0.10501000000000003 0.5545
0.10501000000000003 0.5545
0.11099000000000003 0.6535
-0.11099000000000003 0.6535

5
botleft
4
-1.1300000000000001 -0.001
0 -0.001
0 0.001
-1.1300000000000001 0.001

botright
4
0 -0.001
2.354 -0.001
2.354 0.001
0 0.001

lEnv
4
-0.6270100000000001 0.5545
-0.41699 0.5545
-0.41101000000000004 0.6535
-0.63299 0.6535

c2
4
0.66899 0.5545
1.1040099999999997 0.5545
1.1099899999999998 0.6535
0.66301 0.6535

rEnv
4
1.4159900000000003 0.5545
1.85101 0.5545
1.8569900000000001 0.6535
1.4100100000000002 0.6535


57
IMD2d1_damage
4
-0.636424 0.5445
-0.40757600000000005 0.5445
-0.40697200000000006 0.5545
-0.637028 0.5545
3.1

IMD2d1_damage
4
-0.11442400000000004 0.5445
0.11442400000000004 0.5445
0.11502800000000003 0.5545
-0.11502800000000003 0.5545
3.1

IMD2d1_damage
4
0.659576 0.5445
1.1134239999999997 0.5445
1.1140279999999998 0.5545
0.658972 0.5545
3.1

IMD2d1_damage
4
1.4065760000000003 0.5445
1.860424 0.5445
1.8610280000000001 0.5545
1.4059720000000002 0.5545
3.1

IMD2d2_damage
4
-0.6320190000000001 0.5545
-0.6270100000000001 0.5545
-0.63299 0.6535
-0.6379990000000001 0.6535
2.9

IMD2d2_damage
4
-0.41699 0.5545
-0.41198100000000004 0.5545
-0.40600100000000006 0.6535
-0.41101000000000004 0.6535
2.9

IMD2d2_damage
4
-0.11001900000000003 0.5545
-0.10501000000000003 0.5545
-0.11099000000000003 0.6535
-0.11599900000000003 0.6535
2.9

IMD2d2_damage
4
0.10501000000000003 0.5545
0.11001900000000003 0.5545
0.11599900000000003 0.6535
0.11099000000000003 0.6535
2.9

IMD2d2_damage
4
0.6639809999999999 0.5545
0.66899 0.5545
0.66301 0.6535
0.658001 0.6535
2.9

IMD2d2_damage
4
1.1040099999999997 0.5545
1.1090189999999998 0.5545
1.1149989999999999 0.6535
1.1099899999999998 0.6535
2.9

IMD2d2_damage
4
1.4109810000000003 0.5545
1.4159900000000003 0.5545
1.4100100000000002 0.6535
1.4050010000000002 0.6535
2.9

IMD2d2_damage
4
1.85101 0.5545
1.856019 0.5545
1.8619990000000002 0.6535
1.8569900000000001 0.6535
2.9

IMD2d2
4
-1.1300000000000001 0.5545
-0.6320190000000001 0.5545
-0.6379990000000001 0.6535
-1.1300000000000001 0.6535
2.65

IMD2d2
4
-0.41198100000000004 0.5545
-0.11001900000000003 0.5545
-0.11599900000000003 0.6535
-0.40600100000000006 0.6535
2.65

IMD2d2
4
0.11001900000000003 0.5545
0.6639809999999999 0.5545
0.658001 0.6535
0.11599900000000003 0.6535
2.65

IMD2d2
4
1.1090189999999998 0.5545
1.4109810000000003 0.5545
1.4050010000000002 0.6535
1.1149989999999999 0.6535
2.65

IMD2d2
4
1.856019 0.5545
2.354 0.5545
2.354 0.6535
1.8619990000000002 0.6535
2.65

IMD2d1
4
-1.1300000000000001 0.5445
-0.636424 0.5445
-0.637028 0.5545
-1.1300000000000001 0.5545
2.65

IMD2d1
4
-0.40757600000000005 0.5445
-0.11442400000000004 0.5445
-0.11502800000000003 0.5545
-0.40697200000000006 0.5545
2.65

IMD2d1
4
0.11442400000000004 0.5445
0.659576 0.5445
0.658972 0.5545
0.11502800000000003 0.5545
2.65

IMD2d1
4
1.1134239999999997 0.5445
1.4065760000000003 0.5445
1.4059720000000002 0.5545
1.1140279999999998 0.5545
2.65

IMD2d1
4
1.860424 0.5445
2.354 0.5445
2.354 0.5545
1.8610280000000001 0.5545
2.65

IMD2d1
4
-1.1300000000000001 0.5265
2.354 0.5265
2.354 0.5445
-1.1300000000000001 0.5445
2.65

FOXA+FOXB+TOX
4
-1.1300000000000001 0.001
2.354 0.001
2.354 0.2665
-1.1300000000000001 0.2665
4.0

ILD1a
4
-1.1300000000000001 0.2665
2.354 0.2665
2.354 0.2765
-1.1300000000000001 0.2765
7.0

ILD1b1+ILD1b2+ILD1b3
4
-1.1300000000000001 0.2765
2.354 0.2765
2.354 0.3955
-1.1300000000000001 0.3955
4.0

IMD1a
4
-1.1300000000000001 0.3955
2.354 0.3955
2.354 0.4065
-1.1300000000000001 0.4065
5.2

IMD1b
4
-1.1300000000000001 0.4065
2.354 0.4065
2.354 0.4665
-1.1300000000000001 0.4665
2.8

IMD2a
4
-1.1300000000000001 0.4665
2.354 0.4665
2.354 0.4875
-1.1300000000000001 0.4875
5.2

IMD2b
4
-1.1300000000000001 0.4875
2.354 0.4875
2.354 0.5025
-1.1300000000000001 0.5025
4.2

IMD2c
4
-1.1300000000000001 0.5025
2.354 0.5025
2.354 0.5265
-1.1300000000000001 0.5265
3.28

IMD3a
4
-1.1300000000000001 0.6535
2.354 0.6535
2.354 0.6745
-1.1300000000000001 0.6745
5.2

IMD3b
4
-1.1300000000000001 0.6745
2.354 0.6745
2.354 0.6895
-1.1300000000000001 0.6895
4.2

IMD3c
4
-1.1300000000000001 0.6895
2.354 0.6895
2.354 0.7135
-1.1300000000000001 0.7135
3.28

IMD3d1+IMD3d2
4
-1.1300000000000001 0.7135
2.354 0.7135
2.354 0.8405
-1.1300000000000001 0.8405
2.65

IMD4a
4
-1.1300000000000001 0.8405
2.354 0.8405
2.354 0.8615
-1.1300000000000001 0.8615
5.2

IMD4b
4
-1.1300000000000001 0.8615
2.354 0.8615
2.354 0.8765
-1.1300000000000001 0.8765
4.2

IMD4c
4
-1.1300000000000001 0.8765
2.354 0.8765
2.354 0.9005
-1.1300000000000001 0.9005
3.28

IMD4d1+IMD4d2
4
-1.1300000000000001 0.9005
2.354 0.9005
2.354 1.0275
-1.1300000000000001 1.0275
2.65

IMD5a
4
-1.1300000000000001 1.0275
2.354 1.0275
2.354 1.0485
-1.1300000000000001 1.0485
5.2

IMD5b
4
-1.1300000000000001 1.0485
2.354 1.0485
2.354 1.0635
-1.1300000000000001 1.0635
4.2

IMD5c
4
-1.1300000000000001 1.0635
2.354 1.0635
2.354 1.0875
-1.1300000000000001 1.0875
3.28

IMD5d1+IMD5d2
4
-1.1300000000000001 1.0875
2.354 1.0875
2.354 1.2145
-1.1300000000000001 1.2145
2.65

IMD6a
4
-1.1300000000000001 1.2145
2.354 1.2145
2.354 1.2355
-1.1300000000000001 1.2355
5.2

IMD6b
4
-1.1300000000000001 1.2355
2.354 1.2355
2.354 1.2505
-1.1300000000000001 1.2505
4.2

IMD6c
4
-1.1300000000000001 1.2505
2.354 1.2505
2.354 1.2745
-1.1300000000000001 1.2745
3.28

IMD6d1+IMD6d2
4
-1.1300000000000001 1.2745
2.354 1.2745
2.354 1.4015
-1.1300000000000001 1.4015
2.65

IMD7a
4
-1.1300000000000001 1.4015
2.354 1.4015
2.354 1.4765
-1.1300000000000001 1.4765
5.2

IMD7b1+IMD7b2
4
-1.1300000000000001 1.4765
2.354 1.4765
2.354 2.9765
-1.1300000000000001 2.9765
4.2

IMD8a
4
-1.1300000000000001 2.9765
2.354 2.9765
2.354 3.0515
-1.1300000000000001 3.0515
5.2

IMD8b1+IMD8b2
4
-1.1300000000000001 3.0515
2.354 3.0515
2.354 4.5515
-1.1300000000000001 4.5515
4.2

PASS1
4
-1.1300000000000001 4.5515
2.354 4.5515
2.354 4.6265
-1.1300000000000001 4.6265
7.0

PASS2
4
-1.1300000000000001 4.6265
2.354 4.6265
2.354 5.0265
-1.1300000000000001 5.0265
4.2

PASS3
4
-1.1300000000000001 5.0265
2.354 5.0265
2.354 5.1015
-1.1300000000000001 5.1015
7.0

PASS4+PASS5
4
-1.1300000000000001 5.1015
2.354 5.1015
2.354 6.0515
-1.1300000000000001 6.0515
4.2

PASS6
4
-1.1300000000000001 6.0515
2.354 6.0515
2.354 6.6515
-1.1300000000000001 6.6515
7.0

air_Layer
4
-1.1300000000000001 6.6515
2.354 6.6515
2.354 6.9485
-1.1300000000000001 6.9485
1.0


4
-1.1300000000000001 0.001
2.354 0.001
2.354 6.9485
-1.1300000000000001 6.9485

