c1
4
-0.48751 1.3025
0.48751 1.3025
0.49349 1.4015
-0.49349 1.4015

5
botleft
4
-2.2775 -0.001
0 -0.001
0 0.001
-2.2775 0.001

botright
4
0 -0.001
4.086500000000001 -0.001
4.086500000000001 0.001
0 0.001

lEnv
4
-1.7745099999999998 1.3025
-0.7994899999999999 1.3025
-0.7935099999999999 1.4015
-1.78049 1.4015

c2
4
1.3214900000000003 1.3025
2.29651 1.3025
2.30249 1.4015
1.3155100000000002 1.4015

rEnv
4
2.60849 1.3025
3.58351 1.3025
3.58949 1.4015
2.60251 1.4015


57
IMD6d1_damage
4
-1.7839239999999998 1.2925
-0.790076 1.2925
-0.789472 1.3025
-1.784528 1.3025
3.1

IMD6d1_damage
4
-0.496924 1.2925
0.496924 1.2925
0.49752799999999997 1.3025
-0.49752799999999997 1.3025
3.1

IMD6d1_damage
4
1.3120760000000002 1.2925
2.305924 1.2925
2.306528 1.3025
1.3114720000000002 1.3025
3.1

IMD6d1_damage
4
2.599076 1.2925
3.592924 1.2925
3.593528 1.3025
2.598472 1.3025
3.1

IMD6d2_damage
4
-1.7795189999999999 1.3025
-1.7745099999999998 1.3025
-1.78049 1.4015
-1.785499 1.4015
2.9

IMD6d2_damage
4
-0.7994899999999999 1.3025
-0.7944809999999999 1.3025
-0.7885009999999999 1.4015
-0.7935099999999999 1.4015
2.9

IMD6d2_damage
4
-0.492519 1.3025
-0.48751 1.3025
-0.49349 1.4015
-0.49849899999999997 1.4015
2.9

IMD6d2_damage
4
0.48751 1.3025
0.492519 1.3025
0.49849899999999997 1.4015
0.49349 1.4015
2.9

IMD6d2_damage
4
1.3164810000000002 1.3025
1.3214900000000003 1.3025
1.3155100000000002 1.4015
1.3105010000000001 1.4015
2.9

IMD6d2_damage
4
2.29651 1.3025
2.301519 1.3025
2.307499 1.4015
2.30249 1.4015
2.9

IMD6d2_damage
4
2.6034810000000004 1.3025
2.60849 1.3025
2.60251 1.4015
2.5975010000000003 1.4015
2.9

IMD6d2_damage
4
3.58351 1.3025
3.588519 1.3025
3.594499 1.4015
3.58949 1.4015
2.9

IMD6d2
4
-2.2775 1.3025
-1.7795189999999999 1.3025
-1.785499 1.4015
-2.2775 1.4015
2.65

IMD6d2
4
-0.7944809999999999 1.3025
-0.492519 1.3025
-0.49849899999999997 1.4015
-0.7885009999999999 1.4015
2.65

IMD6d2
4
0.492519 1.3025
1.3164810000000002 1.3025
1.3105010000000001 1.4015
0.49849899999999997 1.4015
2.65

IMD6d2
4
2.301519 1.3025
2.6034810000000004 1.3025
2.5975010000000003 1.4015
2.307499 1.4015
2.65

IMD6d2
4
3.588519 1.3025
4.086500000000001 1.3025
4.086500000000001 1.4015
3.594499 1.4015
2.65

IMD6d1
4
-2.2775 1.2925
-1.7839239999999998 1.2925
-1.784528 1.3025
-2.2775 1.3025
2.65

IMD6d1
4
-0.790076 1.2925
-0.496924 1.2925
-0.49752799999999997 1.3025
-0.789472 1.3025
2.65

IMD6d1
4
0.496924 1.2925
1.3120760000000002 1.2925
1.3114720000000002 1.3025
0.49752799999999997 1.3025
2.65

IMD6d1
4
2.305924 1.2925
2.599076 1.2925
2.598472 1.3025
2.306528 1.3025
2.65

IMD6d1
4
3.592924 1.2925
4.086500000000001 1.2925
4.086500000000001 1.3025
3.593528 1.3025
2.65

IMD6d1
4
-2.2775 1.2745
4.086500000000001 1.2745
4.086500000000001 1.2925
-2.2775 1.2925
2.65

FOXA+FOXB+TOX
4
-2.2775 0.001
4.086500000000001 0.001
4.086500000000001 0.2665
-2.2775 0.2665
4.0

ILD1a
4
-2.2775 0.2665
4.086500000000001 0.2665
4.086500000000001 0.2765
-2.2775 0.2765
7.0

ILD1b1+ILD1b2+ILD1b3
4
-2.2775 0.2765
4.086500000000001 0.2765
4.086500000000001 0.3955
-2.2775 0.3955
4.0

IMD1a
4
-2.2775 0.3955
4.086500000000001 0.3955
4.086500000000001 0.4065
-2.2775 0.4065
5.2

IMD1b
4
-2.2775 0.4065
4.086500000000001 0.4065
4.086500000000001 0.4665
-2.2775 0.4665
2.8

IMD2a
4
-2.2775 0.4665
4.086500000000001 0.4665
4.086500000000001 0.4875
-2.2775 0.4875
5.2

IMD2b
4
-2.2775 0.4875
4.086500000000001 0.4875
4.086500000000001 0.5025
-2.2775 0.5025
4.2

IMD2c
4
-2.2775 0.5025
4.086500000000001 0.5025
4.086500000000001 0.5265
-2.2775 0.5265
3.28

IMD2d1+IMD2d2
4
-2.2775 0.5265
4.086500000000001 0.5265
4.086500000000001 0.6535
-2.2775 0.6535
2.65

IMD3a
4
-2.2775 0.6535
4.086500000000001 0.6535
4.086500000000001 0.6745
-2.2775 0.6745
5.2

IMD3b
4
-2.2775 0.6745
4.086500000000001 0.6745
4.086500000000001 0.6895
-2.2775 0.6895
4.2

IMD3c
4
-2.2775 0.6895
4.086500000000001 0.6895
4.086500000000001 0.7135
-2.2775 0.7135
3.28

IMD3d1+IMD3d2
4
-2.2775 0.7135
4.086500000000001 0.7135
4.086500000000001 0.8405
-2.2775 0.8405
2.65

IMD4a
4
-2.2775 0.8405
4.086500000000001 0.8405
4.086500000000001 0.8615
-2.2775 0.8615
5.2

IMD4b
4
-2.2775 0.8615
4.086500000000001 0.8615
4.086500000000001 0.8765
-2.2775 0.8765
4.2

IMD4c
4
-2.2775 0.8765
4.086500000000001 0.8765
4.086500000000001 0.9005
-2.2775 0.9005
3.28

IMD4d1+IMD4d2
4
-2.2775 0.9005
4.086500000000001 0.9005
4.086500000000001 1.0275
-2.2775 1.0275
2.65

IMD5a
4
-2.2775 1.0275
4.086500000000001 1.0275
4.086500000000001 1.0485
-2.2775 1.0485
5.2

IMD5b
4
-2.2775 1.0485
4.086500000000001 1.0485
4.086500000000001 1.0635
-2.2775 1.0635
4.2

IMD5c
4
-2.2775 1.0635
4.086500000000001 1.0635
4.086500000000001 1.0875
-2.2775 1.0875
3.28

IMD5d1+IMD5d2
4
-2.2775 1.0875
4.086500000000001 1.0875
4.086500000000001 1.2145
-2.2775 1.2145
2.65

IMD6a
4
-2.2775 1.2145
4.086500000000001 1.2145
4.086500000000001 1.2355
-2.2775 1.2355
5.2

IMD6b
4
-2.2775 1.2355
4.086500000000001 1.2355
4.086500000000001 1.2505
-2.2775 1.2505
4.2

IMD6c
4
-2.2775 1.2505
4.086500000000001 1.2505
4.086500000000001 1.2745
-2.2775 1.2745
3.28

IMD7a
4
-2.2775 1.4015
4.086500000000001 1.4015
4.086500000000001 1.4765
-2.2775 1.4765
5.2

IMD7b1+IMD7b2
4
-2.2775 1.4765
4.086500000000001 1.4765
4.086500000000001 2.9765
-2.2775 2.9765
4.2

IMD8a
4
-2.2775 2.9765
4.086500000000001 2.9765
4.086500000000001 3.0515
-2.2775 3.0515
5.2

IMD8b1+IMD8b2
4
-2.2775 3.0515
4.086500000000001 3.0515
4.086500000000001 4.5515
-2.2775 4.5515
4.2

PASS1
4
-2.2775 4.5515
4.086500000000001 4.5515
4.086500000000001 4.6265
-2.2775 4.6265
7.0

PASS2
4
-2.2775 4.6265
4.086500000000001 4.6265
4.086500000000001 5.0265
-2.2775 5.0265
4.2

PASS3
4
-2.2775 5.0265
4.086500000000001 5.0265
4.086500000000001 5.1015
-2.2775 5.1015
7.0

PASS4+PASS5
4
-2.2775 5.1015
4.086500000000001 5.1015
4.086500000000001 6.0515
-2.2775 6.0515
4.2

PASS6
4
-2.2775 6.0515
4.086500000000001 6.0515
4.086500000000001 6.6515
-2.2775 6.6515
7.0

air_Layer
4
-2.2775 6.6515
4.086500000000001 6.6515
4.086500000000001 6.9485
-2.2775 6.9485
1.0


4
-2.2775 0.001
4.086500000000001 0.001
4.086500000000001 6.9485
-2.2775 6.9485

