c1
4
-0.48751 0.7415
0.48751 0.7415
0.49349 0.8405
-0.49349 0.8405

5
botleft
4
-2.1875 -0.001
0 -0.001
0 0.001
-2.1875 0.001

botright
4
0 -0.001
3.4565000000000006 -0.001
3.4565000000000006 0.001
0 0.001

lEnv
4
-1.68451 0.7415
-0.7094900000000001 0.7415
-0.7035100000000001 0.8405
-1.69049 0.8405

c2
4
0.7814900000000001 0.7415
1.75651 0.7415
1.7624900000000001 0.8405
0.7755100000000001 0.8405

rEnv
4
1.9784900000000003 0.7415
2.95351 0.7415
2.95949 0.8405
1.9725100000000002 0.8405


57
IMD3d1_damage
4
-1.693924 0.7315
-0.7000760000000001 0.7315
-0.6994720000000001 0.7415
-1.694528 0.7415
3.1

IMD3d1_damage
4
-0.496924 0.7315
0.496924 0.7315
0.49752799999999997 0.7415
-0.49752799999999997 0.7415
3.1

IMD3d1_damage
4
0.7720760000000002 0.7315
1.765924 0.7315
1.766528 0.7415
0.7714720000000002 0.7415
3.1

IMD3d1_damage
4
1.9690760000000003 0.7315
2.962924 0.7315
2.963528 0.7415
1.9684720000000002 0.7415
3.1

IMD3d2_damage
4
-1.689519 0.7415
-1.68451 0.7415
-1.69049 0.8405
-1.695499 0.8405
2.9

IMD3d2_damage
4
-0.7094900000000001 0.7415
-0.704481 0.7415
-0.698501 0.8405
-0.7035100000000001 0.8405
2.9

IMD3d2_damage
4
-0.492519 0.7415
-0.48751 0.7415
-0.49349 0.8405
-0.49849899999999997 0.8405
2.9

IMD3d2_damage
4
0.48751 0.7415
0.492519 0.7415
0.49849899999999997 0.8405
0.49349 0.8405
2.9

IMD3d2_damage
4
0.7764810000000001 0.7415
0.7814900000000001 0.7415
0.7755100000000001 0.8405
0.7705010000000001 0.8405
2.9

IMD3d2_damage
4
1.75651 0.7415
1.761519 0.7415
1.7674990000000002 0.8405
1.7624900000000001 0.8405
2.9

IMD3d2_damage
4
1.9734810000000003 0.7415
1.9784900000000003 0.7415
1.9725100000000002 0.8405
1.9675010000000002 0.8405
2.9

IMD3d2_damage
4
2.95351 0.7415
2.958519 0.7415
2.964499 0.8405
2.95949 0.8405
2.9

IMD3d2
4
-2.1875 0.7415
-1.689519 0.7415
-1.695499 0.8405
-2.1875 0.8405
2.65

IMD3d2
4
-0.704481 0.7415
-0.492519 0.7415
-0.49849899999999997 0.8405
-0.698501 0.8405
2.65

IMD3d2
4
0.492519 0.7415
0.7764810000000001 0.7415
0.7705010000000001 0.8405
0.49849899999999997 0.8405
2.65

IMD3d2
4
1.761519 0.7415
1.9734810000000003 0.7415
1.9675010000000002 0.8405
1.7674990000000002 0.8405
2.65

IMD3d2
4
2.958519 0.7415
3.4565000000000006 0.7415
3.4565000000000006 0.8405
2.964499 0.8405
2.65

IMD3d1
4
-2.1875 0.7315
-1.693924 0.7315
-1.694528 0.7415
-2.1875 0.7415
2.65

IMD3d1
4
-0.7000760000000001 0.7315
-0.496924 0.7315
-0.49752799999999997 0.7415
-0.6994720000000001 0.7415
2.65

IMD3d1
4
0.496924 0.7315
0.7720760000000002 0.7315
0.7714720000000002 0.7415
0.49752799999999997 0.7415
2.65

IMD3d1
4
1.765924 0.7315
1.9690760000000003 0.7315
1.9684720000000002 0.7415
1.766528 0.7415
2.65

IMD3d1
4
2.962924 0.7315
3.4565000000000006 0.7315
3.4565000000000006 0.7415
2.963528 0.7415
2.65

IMD3d1
4
-2.1875 0.7135
3.4565000000000006 0.7135
3.4565000000000006 0.7315
-2.1875 0.7315
2.65

FOXA+FOXB+TOX
4
-2.1875 0.001
3.4565000000000006 0.001
3.4565000000000006 0.2665
-2.1875 0.2665
4.0

ILD1a
4
-2.1875 0.2665
3.4565000000000006 0.2665
3.4565000000000006 0.2765
-2.1875 0.2765
7.0

ILD1b1+ILD1b2+ILD1b3
4
-2.1875 0.2765
3.4565000000000006 0.2765
3.4565000000000006 0.3955
-2.1875 0.3955
4.0

IMD1a
4
-2.1875 0.3955
3.4565000000000006 0.3955
3.4565000000000006 0.4065
-2.1875 0.4065
5.2

IMD1b
4
-2.1875 0.4065
3.4565000000000006 0.4065
3.4565000000000006 0.4665
-2.1875 0.4665
2.8

IMD2a
4
-2.1875 0.4665
3.4565000000000006 0.4665
3.4565000000000006 0.4875
-2.1875 0.4875
5.2

IMD2b
4
-2.1875 0.4875
3.4565000000000006 0.4875
3.4565000000000006 0.5025
-2.1875 0.5025
4.2

IMD2c
4
-2.1875 0.5025
3.4565000000000006 0.5025
3.4565000000000006 0.5265
-2.1875 0.5265
3.28

IMD2d1+IMD2d2
4
-2.1875 0.5265
3.4565000000000006 0.5265
3.4565000000000006 0.6535
-2.1875 0.6535
2.65

IMD3a
4
-2.1875 0.6535
3.4565000000000006 0.6535
3.4565000000000006 0.6745
-2.1875 0.6745
5.2

IMD3b
4
-2.1875 0.6745
3.4565000000000006 0.6745
3.4565000000000006 0.6895
-2.1875 0.6895
4.2

IMD3c
4
-2.1875 0.6895
3.4565000000000006 0.6895
3.4565000000000006 0.7135
-2.1875 0.7135
3.28

IMD4a
4
-2.1875 0.8405
3.4565000000000006 0.8405
3.4565000000000006 0.8615
-2.1875 0.8615
5.2

IMD4b
4
-2.1875 0.8615
3.4565000000000006 0.8615
3.4565000000000006 0.8765
-2.1875 0.8765
4.2

IMD4c
4
-2.1875 0.8765
3.4565000000000006 0.8765
3.4565000000000006 0.9005
-2.1875 0.9005
3.28

IMD4d1+IMD4d2
4
-2.1875 0.9005
3.4565000000000006 0.9005
3.4565000000000006 1.0275
-2.1875 1.0275
2.65

IMD5a
4
-2.1875 1.0275
3.4565000000000006 1.0275
3.4565000000000006 1.0485
-2.1875 1.0485
5.2

IMD5b
4
-2.1875 1.0485
3.4565000000000006 1.0485
3.4565000000000006 1.0635
-2.1875 1.0635
4.2

IMD5c
4
-2.1875 1.0635
3.4565000000000006 1.0635
3.4565000000000006 1.0875
-2.1875 1.0875
3.28

IMD5d1+IMD5d2
4
-2.1875 1.0875
3.4565000000000006 1.0875
3.4565000000000006 1.2145
-2.1875 1.2145
2.65

IMD6a
4
-2.1875 1.2145
3.4565000000000006 1.2145
3.4565000000000006 1.2355
-2.1875 1.2355
5.2

IMD6b
4
-2.1875 1.2355
3.4565000000000006 1.2355
3.4565000000000006 1.2505
-2.1875 1.2505
4.2

IMD6c
4
-2.1875 1.2505
3.4565000000000006 1.2505
3.4565000000000006 1.2745
-2.1875 1.2745
3.28

IMD6d1+IMD6d2
4
-2.1875 1.2745
3.4565000000000006 1.2745
3.4565000000000006 1.4015
-2.1875 1.4015
2.65

IMD7a
4
-2.1875 1.4015
3.4565000000000006 1.4015
3.4565000000000006 1.4765
-2.1875 1.4765
5.2

IMD7b1+IMD7b2
4
-2.1875 1.4765
3.4565000000000006 1.4765
3.4565000000000006 2.9765
-2.1875 2.9765
4.2

IMD8a
4
-2.1875 2.9765
3.4565000000000006 2.9765
3.4565000000000006 3.0515
-2.1875 3.0515
5.2

IMD8b1+IMD8b2
4
-2.1875 3.0515
3.4565000000000006 3.0515
3.4565000000000006 4.5515
-2.1875 4.5515
4.2

PASS1
4
-2.1875 4.5515
3.4565000000000006 4.5515
3.4565000000000006 4.6265
-2.1875 4.6265
7.0

PASS2
4
-2.1875 4.6265
3.4565000000000006 4.6265
3.4565000000000006 5.0265
-2.1875 5.0265
4.2

PASS3
4
-2.1875 5.0265
3.4565000000000006 5.0265
3.4565000000000006 5.1015
-2.1875 5.1015
7.0

PASS4+PASS5
4
-2.1875 5.1015
3.4565000000000006 5.1015
3.4565000000000006 6.0515
-2.1875 6.0515
4.2

PASS6
4
-2.1875 6.0515
3.4565000000000006 6.0515
3.4565000000000006 6.6515
-2.1875 6.6515
7.0

air_Layer
4
-2.1875 6.6515
3.4565000000000006 6.6515
3.4565000000000006 6.9485
-2.1875 6.9485
1.0


4
-2.1875 0.001
3.4565000000000006 0.001
3.4565000000000006 6.9485
-2.1875 6.9485

