c1
4
-0.10501000000000003 0.9285000000000001
0.10500999999999998 0.9285000000000001
0.11098999999999998 1.0275
-0.11099000000000003 1.0275

5
botleft
4
-0.8600000000000001 -0.001
0 -0.001
0 0.001
-0.8600000000000001 0.001

botright
4
0 -0.001
0.959 -0.001
0.959 0.001
0 0.001

lEnv
4
-0.35701000000000005 0.9285000000000001
-0.14699000000000004 0.9285000000000001
-0.14101000000000002 1.0275
-0.36299000000000003 1.0275

c2
4
0.3539899999999999 0.9285000000000001
0.38400999999999996 0.9285000000000001
0.38998999999999995 1.0275
0.34800999999999993 1.0275

rEnv
4
0.42599 0.9285000000000001
0.45601 0.9285000000000001
0.46199 1.0275
0.42001 1.0275


57
IMD4d1_damage
4
-0.366424 0.9185000000000001
-0.13757600000000003 0.9185000000000001
-0.13697200000000004 0.9285000000000001
-0.367028 0.9285000000000001
3.1

IMD4d1_damage
4
-0.11442400000000004 0.9185000000000001
0.11442399999999998 0.9185000000000001
0.11502799999999998 0.9285000000000001
-0.11502800000000003 0.9285000000000001
3.1

IMD4d1_damage
4
0.34457599999999994 0.9185000000000001
0.39342399999999994 0.9185000000000001
0.39402799999999993 0.9285000000000001
0.34397199999999994 0.9285000000000001
3.1

IMD4d1_damage
4
0.416576 0.9185000000000001
0.465424 0.9185000000000001
0.466028 0.9285000000000001
0.415972 0.9285000000000001
3.1

IMD4d2_damage
4
-0.36201900000000004 0.9285000000000001
-0.35701000000000005 0.9285000000000001
-0.36299000000000003 1.0275
-0.367999 1.0275
2.9

IMD4d2_damage
4
-0.14699000000000004 0.9285000000000001
-0.14198100000000002 0.9285000000000001
-0.136001 1.0275
-0.14101000000000002 1.0275
2.9

IMD4d2_damage
4
-0.11001900000000003 0.9285000000000001
-0.10501000000000003 0.9285000000000001
-0.11099000000000003 1.0275
-0.11599900000000003 1.0275
2.9

IMD4d2_damage
4
0.10500999999999998 0.9285000000000001
0.11001899999999998 0.9285000000000001
0.11599899999999998 1.0275
0.11098999999999998 1.0275
2.9

IMD4d2_damage
4
0.34898099999999993 0.9285000000000001
0.3539899999999999 0.9285000000000001
0.34800999999999993 1.0275
0.34300099999999994 1.0275
2.9

IMD4d2_damage
4
0.38400999999999996 0.9285000000000001
0.38901899999999995 0.9285000000000001
0.39499899999999993 1.0275
0.38998999999999995 1.0275
2.9

IMD4d2_damage
4
0.420981 0.9285000000000001
0.42599 0.9285000000000001
0.42001 1.0275
0.415001 1.0275
2.9

IMD4d2_damage
4
0.45601 0.9285000000000001
0.461019 0.9285000000000001
0.466999 1.0275
0.46199 1.0275
2.9

IMD4d2
4
-0.8600000000000001 0.9285000000000001
-0.36201900000000004 0.9285000000000001
-0.367999 1.0275
-0.8600000000000001 1.0275
2.65

IMD4d2
4
-0.14198100000000002 0.9285000000000001
-0.11001900000000003 0.9285000000000001
-0.11599900000000003 1.0275
-0.136001 1.0275
2.65

IMD4d2
4
0.11001899999999998 0.9285000000000001
0.34898099999999993 0.9285000000000001
0.34300099999999994 1.0275
0.11599899999999998 1.0275
2.65

IMD4d2
4
0.38901899999999995 0.9285000000000001
0.420981 0.9285000000000001
0.415001 1.0275
0.39499899999999993 1.0275
2.65

IMD4d2
4
0.461019 0.9285000000000001
0.959 0.9285000000000001
0.959 1.0275
0.466999 1.0275
2.65

IMD4d1
4
-0.8600000000000001 0.9185000000000001
-0.366424 0.9185000000000001
-0.367028 0.9285000000000001
-0.8600000000000001 0.9285000000000001
2.65

IMD4d1
4
-0.13757600000000003 0.9185000000000001
-0.11442400000000004 0.9185000000000001
-0.11502800000000003 0.9285000000000001
-0.13697200000000004 0.9285000000000001
2.65

IMD4d1
4
0.11442399999999998 0.9185000000000001
0.34457599999999994 0.9185000000000001
0.34397199999999994 0.9285000000000001
0.11502799999999998 0.9285000000000001
2.65

IMD4d1
4
0.39342399999999994 0.9185000000000001
0.416576 0.9185000000000001
0.415972 0.9285000000000001
0.39402799999999993 0.9285000000000001
2.65

IMD4d1
4
0.465424 0.9185000000000001
0.959 0.9185000000000001
0.959 0.9285000000000001
0.466028 0.9285000000000001
2.65

IMD4d1
4
-0.8600000000000001 0.9005
0.959 0.9005
0.959 0.9185000000000001
-0.8600000000000001 0.9185000000000001
2.65

FOXA+FOXB+TOX
4
-0.8600000000000001 0.001
0.959 0.001
0.959 0.2665
-0.8600000000000001 0.2665
4.0

ILD1a
4
-0.8600000000000001 0.2665
0.959 0.2665
0.959 0.2765
-0.8600000000000001 0.2765
7.0

ILD1b1+ILD1b2+ILD1b3
4
-0.8600000000000001 0.2765
0.959 0.2765
0.959 0.3955
-0.8600000000000001 0.3955
4.0

IMD1a
4
-0.8600000000000001 0.3955
0.959 0.3955
0.959 0.4065
-0.8600000000000001 0.4065
5.2

IMD1b
4
-0.8600000000000001 0.4065
0.959 0.4065
0.959 0.4665
-0.8600000000000001 0.4665
2.8

IMD2a
4
-0.8600000000000001 0.4665
0.959 0.4665
0.959 0.4875
-0.8600000000000001 0.4875
5.2

IMD2b
4
-0.8600000000000001 0.4875
0.959 0.4875
0.959 0.5025
-0.8600000000000001 0.5025
4.2

IMD2c
4
-0.8600000000000001 0.5025
0.959 0.5025
0.959 0.5265
-0.8600000000000001 0.5265
3.28

IMD2d1+IMD2d2
4
-0.8600000000000001 0.5265
0.959 0.5265
0.959 0.6535
-0.8600000000000001 0.6535
2.65

IMD3a
4
-0.8600000000000001 0.6535
0.959 0.6535
0.959 0.6745
-0.8600000000000001 0.6745
5.2

IMD3b
4
-0.8600000000000001 0.6745
0.959 0.6745
0.959 0.6895
-0.8600000000000001 0.6895
4.2

IMD3c
4
-0.8600000000000001 0.6895
0.959 0.6895
0.959 0.7135
-0.8600000000000001 0.7135
3.28

IMD3d1+IMD3d2
4
-0.8600000000000001 0.7135
0.959 0.7135
0.959 0.8405
-0.8600000000000001 0.8405
2.65

IMD4a
4
-0.8600000000000001 0.8405
0.959 0.8405
0.959 0.8615
-0.8600000000000001 0.8615
5.2

IMD4b
4
-0.8600000000000001 0.8615
0.959 0.8615
0.959 0.8765
-0.8600000000000001 0.8765
4.2

IMD4c
4
-0.8600000000000001 0.8765
0.959 0.8765
0.959 0.9005
-0.8600000000000001 0.9005
3.28

IMD5a
4
-0.8600000000000001 1.0275
0.959 1.0275
0.959 1.0485
-0.8600000000000001 1.0485
5.2

IMD5b
4
-0.8600000000000001 1.0485
0.959 1.0485
0.959 1.0635
-0.8600000000000001 1.0635
4.2

IMD5c
4
-0.8600000000000001 1.0635
0.959 1.0635
0.959 1.0875
-0.8600000000000001 1.0875
3.28

IMD5d1+IMD5d2
4
-0.8600000000000001 1.0875
0.959 1.0875
0.959 1.2145
-0.8600000000000001 1.2145
2.65

IMD6a
4
-0.8600000000000001 1.2145
0.959 1.2145
0.959 1.2355
-0.8600000000000001 1.2355
5.2

IMD6b
4
-0.8600000000000001 1.2355
0.959 1.2355
0.959 1.2505
-0.8600000000000001 1.2505
4.2

IMD6c
4
-0.8600000000000001 1.2505
0.959 1.2505
0.959 1.2745
-0.8600000000000001 1.2745
3.28

IMD6d1+IMD6d2
4
-0.8600000000000001 1.2745
0.959 1.2745
0.959 1.4015
-0.8600000000000001 1.4015
2.65

IMD7a
4
-0.8600000000000001 1.4015
0.959 1.4015
0.959 1.4765
-0.8600000000000001 1.4765
5.2

IMD7b1+IMD7b2
4
-0.8600000000000001 1.4765
0.959 1.4765
0.959 2.9765
-0.8600000000000001 2.9765
4.2

IMD8a
4
-0.8600000000000001 2.9765
0.959 2.9765
0.959 3.0515
-0.8600000000000001 3.0515
5.2

IMD8b1+IMD8b2
4
-0.8600000000000001 3.0515
0.959 3.0515
0.959 4.5515
-0.8600000000000001 4.5515
4.2

PASS1
4
-0.8600000000000001 4.5515
0.959 4.5515
0.959 4.6265
-0.8600000000000001 4.6265
7.0

PASS2
4
-0.8600000000000001 4.6265
0.959 4.6265
0.959 5.0265
-0.8600000000000001 5.0265
4.2

PASS3
4
-0.8600000000000001 5.0265
0.959 5.0265
0.959 5.1015
-0.8600000000000001 5.1015
7.0

PASS4+PASS5
4
-0.8600000000000001 5.1015
0.959 5.1015
0.959 6.0515
-0.8600000000000001 6.0515
4.2

PASS6
4
-0.8600000000000001 6.0515
0.959 6.0515
0.959 6.6515
-0.8600000000000001 6.6515
7.0

air_Layer
4
-0.8600000000000001 6.6515
0.959 6.6515
0.959 6.9485
-0.8600000000000001 6.9485
1.0


4
-0.8600000000000001 0.001
0.959 0.001
0.959 6.9485
-0.8600000000000001 6.9485

