c1
4
-0.35092000000000007 0.37050000000000005
0.35091999999999995 0.37050000000000005
0.36007999999999996 0.4665
-0.36008000000000007 0.4665

5
botleft
4
-1.7825 -0.001
0 -0.001
0 0.001
-1.7825 0.001

botright
4
0 -0.001
3.1415 -0.001
3.1415 0.001
0 0.001

lEnv
4
-1.27792 0.37050000000000005
-0.57608 0.37050000000000005
-0.5669200000000001 0.4665
-1.28708 0.4665

c2
4
1.00808 0.37050000000000005
1.7099199999999999 0.37050000000000005
1.71908 0.4665
0.99892 0.4665

rEnv
4
1.9350800000000001 0.37050000000000005
2.63692 0.37050000000000005
2.64608 0.4665
1.92592 0.4665


48
IMD1b
4
-1.7825 0.40650000000000003
-1.281355 0.40650000000000003
-1.28708 0.4665
-1.7825 0.4665
2.8

IMD1b
4
-0.5726450000000001 0.40650000000000003
-0.3543550000000001 0.40650000000000003
-0.36008000000000007 0.4665
-0.5669200000000001 0.4665
2.8

IMD1b
4
0.354355 0.40650000000000003
1.004645 0.40650000000000003
0.99892 0.4665
0.36007999999999996 0.4665
2.8

IMD1b
4
1.713355 0.40650000000000003
1.931645 0.40650000000000003
1.92592 0.4665
1.71908 0.4665
2.8

IMD1b
4
2.640355 0.40650000000000003
3.1415 0.40650000000000003
3.1415 0.4665
2.64608 0.4665
2.8

IMD1a
4
-1.7825 0.3955
-1.2803054166666668 0.3955
-1.281355 0.40650000000000003
-1.7825 0.40650000000000003
5.2

IMD1a
4
-0.5736945833333335 0.3955
-0.35330541666666676 0.3955
-0.3543550000000001 0.40650000000000003
-0.5726450000000001 0.40650000000000003
5.2

IMD1a
4
0.35330541666666665 0.3955
1.0056945833333333 0.3955
1.004645 0.40650000000000003
0.354355 0.40650000000000003
5.2

IMD1a
4
1.7123054166666667 0.3955
1.9326945833333333 0.3955
1.931645 0.40650000000000003
1.713355 0.40650000000000003
5.2

IMD1a
4
2.6393054166666667 0.3955
3.1415 0.3955
3.1415 0.40650000000000003
2.640355 0.40650000000000003
5.2

ILD1b3
4
-1.7825 0.37050000000000005
-1.27792 0.37050000000000005
-1.2803054166666668 0.3955
-1.7825 0.3955
4

ILD1b3
4
-0.57608 0.37050000000000005
-0.35092000000000007 0.37050000000000005
-0.35330541666666676 0.3955
-0.5736945833333335 0.3955
4

ILD1b3
4
0.35091999999999995 0.37050000000000005
1.00808 0.37050000000000005
1.0056945833333333 0.3955
0.35330541666666665 0.3955
4

ILD1b3
4
1.7099199999999999 0.37050000000000005
1.9350800000000001 0.37050000000000005
1.9326945833333333 0.3955
1.7123054166666667 0.3955
4

ILD1b3
4
2.63692 0.37050000000000005
3.1415 0.37050000000000005
3.1415 0.3955
2.6393054166666667 0.3955
4

ILD1b1+ILD1b2
4
-1.7825 0.2765
3.1415 0.2765
3.1415 0.37050000000000005
-1.7825 0.37050000000000005
4

FOXA+FOXB+TOX
4
-1.7825 0.001
3.1415 0.001
3.1415 0.2665
-1.7825 0.2665
4.0

ILD1a
4
-1.7825 0.2665
3.1415 0.2665
3.1415 0.2765
-1.7825 0.2765
7.0

IMD2a
4
-1.7825 0.4665
3.1415 0.4665
3.1415 0.4875
-1.7825 0.4875
5.2

IMD2b
4
-1.7825 0.4875
3.1415 0.4875
3.1415 0.5025
-1.7825 0.5025
4.2

IMD2c
4
-1.7825 0.5025
3.1415 0.5025
3.1415 0.5265
-1.7825 0.5265
3.28

IMD2d1+IMD2d2
4
-1.7825 0.5265
3.1415 0.5265
3.1415 0.6535
-1.7825 0.6535
2.65

IMD3a
4
-1.7825 0.6535
3.1415 0.6535
3.1415 0.6745
-1.7825 0.6745
5.2

IMD3b
4
-1.7825 0.6745
3.1415 0.6745
3.1415 0.6895
-1.7825 0.6895
4.2

IMD3c
4
-1.7825 0.6895
3.1415 0.6895
3.1415 0.7135
-1.7825 0.7135
3.28

IMD3d1+IMD3d2
4
-1.7825 0.7135
3.1415 0.7135
3.1415 0.8405
-1.7825 0.8405
2.65

IMD4a
4
-1.7825 0.8405
3.1415 0.8405
3.1415 0.8615
-1.7825 0.8615
5.2

IMD4b
4
-1.7825 0.8615
3.1415 0.8615
3.1415 0.8765
-1.7825 0.8765
4.2

IMD4c
4
-1.7825 0.8765
3.1415 0.8765
3.1415 0.9005
-1.7825 0.9005
3.28

IMD4d1+IMD4d2
4
-1.7825 0.9005
3.1415 0.9005
3.1415 1.0275
-1.7825 1.0275
2.65

IMD5a
4
-1.7825 1.0275
3.1415 1.0275
3.1415 1.0485
-1.7825 1.0485
5.2

IMD5b
4
-1.7825 1.0485
3.1415 1.0485
3.1415 1.0635
-1.7825 1.0635
4.2

IMD5c
4
-1.7825 1.0635
3.1415 1.0635
3.1415 1.0875
-1.7825 1.0875
3.28

IMD5d1+IMD5d2
4
-1.7825 1.0875
3.1415 1.0875
3.1415 1.2145
-1.7825 1.2145
2.65

IMD6a
4
-1.7825 1.2145
3.1415 1.2145
3.1415 1.2355
-1.7825 1.2355
5.2

IMD6b
4
-1.7825 1.2355
3.1415 1.2355
3.1415 1.2505
-1.7825 1.2505
4.2

IMD6c
4
-1.7825 1.2505
3.1415 1.2505
3.1415 1.2745
-1.7825 1.2745
3.28

IMD6d1+IMD6d2
4
-1.7825 1.2745
3.1415 1.2745
3.1415 1.4015
-1.7825 1.4015
2.65

IMD7a
4
-1.7825 1.4015
3.1415 1.4015
3.1415 1.4765
-1.7825 1.4765
5.2

IMD7b1+IMD7b2
4
-1.7825 1.4765
3.1415 1.4765
3.1415 2.9765
-1.7825 2.9765
4.2

IMD8a
4
-1.7825 2.9765
3.1415 2.9765
3.1415 3.0515
-1.7825 3.0515
5.2

IMD8b1+IMD8b2
4
-1.7825 3.0515
3.1415 3.0515
3.1415 4.5515
-1.7825 4.5515
4.2

PASS1
4
-1.7825 4.5515
3.1415 4.5515
3.1415 4.6265
-1.7825 4.6265
7.0

PASS2
4
-1.7825 4.6265
3.1415 4.6265
3.1415 5.0265
-1.7825 5.0265
4.2

PASS3
4
-1.7825 5.0265
3.1415 5.0265
3.1415 5.1015
-1.7825 5.1015
7.0

PASS4+PASS5
4
-1.7825 5.1015
3.1415 5.1015
3.1415 6.0515
-1.7825 6.0515
4.2

PASS6
4
-1.7825 6.0515
3.1415 6.0515
3.1415 6.6515
-1.7825 6.6515
7.0

air_Layer
4
-1.7825 6.6515
3.1415 6.6515
3.1415 6.9485
-1.7825 6.9485
1.0


4
-1.7825 0.001
3.1415 0.001
3.1415 6.9485
-1.7825 6.9485

