c1
4
-0.42001 1.3025
0.4200099999999999 1.3025
0.42598999999999987 1.4015
-0.42599 1.4015

5
botleft
4
-1.805 -0.001
0 -0.001
0 0.001
-1.805 0.001

botright
4
0 -0.001
2.8939999999999992 -0.001
2.8939999999999992 0.001
0 0.001

lEnv
4
-1.30201 1.3025
-0.46199 1.3025
-0.45601 1.4015
-1.30799 1.4015

c2
4
0.9389899999999997 1.3025
1.6440099999999995 1.3025
1.6499899999999996 1.4015
0.9330099999999997 1.4015

rEnv
4
1.6859899999999997 1.3025
2.3910099999999996 1.3025
2.3969899999999997 1.4015
1.6800099999999996 1.4015


57
IMD6d1_damage
4
-1.311424 1.2925
-0.45257600000000003 1.2925
-0.45197200000000004 1.3025
-1.312028 1.3025
3.1

IMD6d1_damage
4
-0.429424 1.2925
0.42942399999999986 1.2925
0.43002799999999985 1.3025
-0.43002799999999997 1.3025
3.1

IMD6d1_damage
4
0.9295759999999997 1.2925
1.6534239999999996 1.2925
1.6540279999999996 1.3025
0.9289719999999997 1.3025
3.1

IMD6d1_damage
4
1.6765759999999996 1.2925
2.4004239999999997 1.2925
2.4010279999999997 1.3025
1.6759719999999996 1.3025
3.1

IMD6d2_damage
4
-1.307019 1.3025
-1.30201 1.3025
-1.30799 1.4015
-1.312999 1.4015
2.9

IMD6d2_damage
4
-0.46199 1.3025
-0.456981 1.3025
-0.45100100000000004 1.4015
-0.45601 1.4015
2.9

IMD6d2_damage
4
-0.425019 1.3025
-0.42001 1.3025
-0.42599 1.4015
-0.43099899999999997 1.4015
2.9

IMD6d2_damage
4
0.4200099999999999 1.3025
0.42501899999999987 1.3025
0.43099899999999985 1.4015
0.42598999999999987 1.4015
2.9

IMD6d2_damage
4
0.9339809999999996 1.3025
0.9389899999999997 1.3025
0.9330099999999997 1.4015
0.9280009999999996 1.4015
2.9

IMD6d2_damage
4
1.6440099999999995 1.3025
1.6490189999999996 1.3025
1.6549989999999997 1.4015
1.6499899999999996 1.4015
2.9

IMD6d2_damage
4
1.6809809999999996 1.3025
1.6859899999999997 1.3025
1.6800099999999996 1.4015
1.6750009999999995 1.4015
2.9

IMD6d2_damage
4
2.3910099999999996 1.3025
2.3960189999999995 1.3025
2.4019989999999996 1.4015
2.3969899999999997 1.4015
2.9

IMD6d2
4
-1.805 1.3025
-1.307019 1.3025
-1.312999 1.4015
-1.805 1.4015
2.65

IMD6d2
4
-0.456981 1.3025
-0.425019 1.3025
-0.43099899999999997 1.4015
-0.45100100000000004 1.4015
2.65

IMD6d2
4
0.42501899999999987 1.3025
0.9339809999999996 1.3025
0.9280009999999996 1.4015
0.43099899999999985 1.4015
2.65

IMD6d2
4
1.6490189999999996 1.3025
1.6809809999999996 1.3025
1.6750009999999995 1.4015
1.6549989999999997 1.4015
2.65

IMD6d2
4
2.3960189999999995 1.3025
2.8939999999999992 1.3025
2.8939999999999992 1.4015
2.4019989999999996 1.4015
2.65

IMD6d1
4
-1.805 1.2925
-1.311424 1.2925
-1.312028 1.3025
-1.805 1.3025
2.65

IMD6d1
4
-0.45257600000000003 1.2925
-0.429424 1.2925
-0.43002799999999997 1.3025
-0.45197200000000004 1.3025
2.65

IMD6d1
4
0.42942399999999986 1.2925
0.9295759999999997 1.2925
0.9289719999999997 1.3025
0.43002799999999985 1.3025
2.65

IMD6d1
4
1.6534239999999996 1.2925
1.6765759999999996 1.2925
1.6759719999999996 1.3025
1.6540279999999996 1.3025
2.65

IMD6d1
4
2.4004239999999997 1.2925
2.8939999999999992 1.2925
2.8939999999999992 1.3025
2.4010279999999997 1.3025
2.65

IMD6d1
4
-1.805 1.2745
2.8939999999999992 1.2745
2.8939999999999992 1.2925
-1.805 1.2925
2.65

FOXA+FOXB+TOX
4
-1.805 0.001
2.8939999999999992 0.001
2.8939999999999992 0.2665
-1.805 0.2665
4.0

ILD1a
4
-1.805 0.2665
2.8939999999999992 0.2665
2.8939999999999992 0.2765
-1.805 0.2765
7.0

ILD1b1+ILD1b2+ILD1b3
4
-1.805 0.2765
2.8939999999999992 0.2765
2.8939999999999992 0.3955
-1.805 0.3955
4.0

IMD1a
4
-1.805 0.3955
2.8939999999999992 0.3955
2.8939999999999992 0.4065
-1.805 0.4065
5.2

IMD1b
4
-1.805 0.4065
2.8939999999999992 0.4065
2.8939999999999992 0.4665
-1.805 0.4665
2.8

IMD2a
4
-1.805 0.4665
2.8939999999999992 0.4665
2.8939999999999992 0.4875
-1.805 0.4875
5.2

IMD2b
4
-1.805 0.4875
2.8939999999999992 0.4875
2.8939999999999992 0.5025
-1.805 0.5025
4.2

IMD2c
4
-1.805 0.5025
2.8939999999999992 0.5025
2.8939999999999992 0.5265
-1.805 0.5265
3.28

IMD2d1+IMD2d2
4
-1.805 0.5265
2.8939999999999992 0.5265
2.8939999999999992 0.6535
-1.805 0.6535
2.65

IMD3a
4
-1.805 0.6535
2.8939999999999992 0.6535
2.8939999999999992 0.6745
-1.805 0.6745
5.2

IMD3b
4
-1.805 0.6745
2.8939999999999992 0.6745
2.8939999999999992 0.6895
-1.805 0.6895
4.2

IMD3c
4
-1.805 0.6895
2.8939999999999992 0.6895
2.8939999999999992 0.7135
-1.805 0.7135
3.28

IMD3d1+IMD3d2
4
-1.805 0.7135
2.8939999999999992 0.7135
2.8939999999999992 0.8405
-1.805 0.8405
2.65

IMD4a
4
-1.805 0.8405
2.8939999999999992 0.8405
2.8939999999999992 0.8615
-1.805 0.8615
5.2

IMD4b
4
-1.805 0.8615
2.8939999999999992 0.8615
2.8939999999999992 0.8765
-1.805 0.8765
4.2

IMD4c
4
-1.805 0.8765
2.8939999999999992 0.8765
2.8939999999999992 0.9005
-1.805 0.9005
3.28

IMD4d1+IMD4d2
4
-1.805 0.9005
2.8939999999999992 0.9005
2.8939999999999992 1.0275
-1.805 1.0275
2.65

IMD5a
4
-1.805 1.0275
2.8939999999999992 1.0275
2.8939999999999992 1.0485
-1.805 1.0485
5.2

IMD5b
4
-1.805 1.0485
2.8939999999999992 1.0485
2.8939999999999992 1.0635
-1.805 1.0635
4.2

IMD5c
4
-1.805 1.0635
2.8939999999999992 1.0635
2.8939999999999992 1.0875
-1.805 1.0875
3.28

IMD5d1+IMD5d2
4
-1.805 1.0875
2.8939999999999992 1.0875
2.8939999999999992 1.2145
-1.805 1.2145
2.65

IMD6a
4
-1.805 1.2145
2.8939999999999992 1.2145
2.8939999999999992 1.2355
-1.805 1.2355
5.2

IMD6b
4
-1.805 1.2355
2.8939999999999992 1.2355
2.8939999999999992 1.2505
-1.805 1.2505
4.2

IMD6c
4
-1.805 1.2505
2.8939999999999992 1.2505
2.8939999999999992 1.2745
-1.805 1.2745
3.28

IMD7a
4
-1.805 1.4015
2.8939999999999992 1.4015
2.8939999999999992 1.4765
-1.805 1.4765
5.2

IMD7b1+IMD7b2
4
-1.805 1.4765
2.8939999999999992 1.4765
2.8939999999999992 2.9765
-1.805 2.9765
4.2

IMD8a
4
-1.805 2.9765
2.8939999999999992 2.9765
2.8939999999999992 3.0515
-1.805 3.0515
5.2

IMD8b1+IMD8b2
4
-1.805 3.0515
2.8939999999999992 3.0515
2.8939999999999992 4.5515
-1.805 4.5515
4.2

PASS1
4
-1.805 4.5515
2.8939999999999992 4.5515
2.8939999999999992 4.6265
-1.805 4.6265
7.0

PASS2
4
-1.805 4.6265
2.8939999999999992 4.6265
2.8939999999999992 5.0265
-1.805 5.0265
4.2

PASS3
4
-1.805 5.0265
2.8939999999999992 5.0265
2.8939999999999992 5.1015
-1.805 5.1015
7.0

PASS4+PASS5
4
-1.805 5.1015
2.8939999999999992 5.1015
2.8939999999999992 6.0515
-1.805 6.0515
4.2

PASS6
4
-1.805 6.0515
2.8939999999999992 6.0515
2.8939999999999992 6.6515
-1.805 6.6515
7.0

air_Layer
4
-1.805 6.6515
2.8939999999999992 6.6515
2.8939999999999992 6.9485
-1.805 6.9485
1.0


4
-1.805 0.001
2.8939999999999992 0.001
2.8939999999999992 6.9485
-1.805 6.9485

