c1
4
-0.15001 0.9285000000000001
0.15001 0.9285000000000001
0.15599000000000002 1.0275
-0.15599000000000002 1.0275

5
botleft
4
-0.995 -0.001
0 -0.001
0 0.001
-0.995 0.001

botright
4
0 -0.001
2.3089999999999997 -0.001
2.3089999999999997 0.001
0 0.001

lEnv
4
-0.49201 0.9285000000000001
-0.19199000000000002 0.9285000000000001
-0.18601 1.0275
-0.49799 1.0275

c2
4
0.35398999999999997 0.9285000000000001
1.05901 0.9285000000000001
1.06499 1.0275
0.34801 1.0275

rEnv
4
1.1009900000000001 0.9285000000000001
1.80601 0.9285000000000001
1.81199 1.0275
1.09501 1.0275


57
IMD4d1_damage
4
-0.501424 0.9185000000000001
-0.18257600000000002 0.9185000000000001
-0.18197200000000002 0.9285000000000001
-0.502028 0.9285000000000001
3.1

IMD4d1_damage
4
-0.159424 0.9185000000000001
0.159424 0.9185000000000001
0.160028 0.9285000000000001
-0.160028 0.9285000000000001
3.1

IMD4d1_damage
4
0.344576 0.9185000000000001
1.068424 0.9185000000000001
1.069028 0.9285000000000001
0.343972 0.9285000000000001
3.1

IMD4d1_damage
4
1.091576 0.9185000000000001
1.815424 0.9185000000000001
1.816028 0.9285000000000001
1.090972 0.9285000000000001
3.1

IMD4d2_damage
4
-0.497019 0.9285000000000001
-0.49201 0.9285000000000001
-0.49799 1.0275
-0.502999 1.0275
2.9

IMD4d2_damage
4
-0.19199000000000002 0.9285000000000001
-0.186981 0.9285000000000001
-0.181001 1.0275
-0.18601 1.0275
2.9

IMD4d2_damage
4
-0.15501900000000002 0.9285000000000001
-0.15001 0.9285000000000001
-0.15599000000000002 1.0275
-0.16099900000000003 1.0275
2.9

IMD4d2_damage
4
0.15001 0.9285000000000001
0.15501900000000002 0.9285000000000001
0.16099900000000003 1.0275
0.15599000000000002 1.0275
2.9

IMD4d2_damage
4
0.348981 0.9285000000000001
0.35398999999999997 0.9285000000000001
0.34801 1.0275
0.343001 1.0275
2.9

IMD4d2_damage
4
1.05901 0.9285000000000001
1.064019 0.9285000000000001
1.0699990000000001 1.0275
1.06499 1.0275
2.9

IMD4d2_damage
4
1.095981 0.9285000000000001
1.1009900000000001 0.9285000000000001
1.09501 1.0275
1.090001 1.0275
2.9

IMD4d2_damage
4
1.80601 0.9285000000000001
1.811019 0.9285000000000001
1.816999 1.0275
1.81199 1.0275
2.9

IMD4d2
4
-0.995 0.9285000000000001
-0.497019 0.9285000000000001
-0.502999 1.0275
-0.995 1.0275
2.65

IMD4d2
4
-0.186981 0.9285000000000001
-0.15501900000000002 0.9285000000000001
-0.16099900000000003 1.0275
-0.181001 1.0275
2.65

IMD4d2
4
0.15501900000000002 0.9285000000000001
0.348981 0.9285000000000001
0.343001 1.0275
0.16099900000000003 1.0275
2.65

IMD4d2
4
1.064019 0.9285000000000001
1.095981 0.9285000000000001
1.090001 1.0275
1.0699990000000001 1.0275
2.65

IMD4d2
4
1.811019 0.9285000000000001
2.3089999999999997 0.9285000000000001
2.3089999999999997 1.0275
1.816999 1.0275
2.65

IMD4d1
4
-0.995 0.9185000000000001
-0.501424 0.9185000000000001
-0.502028 0.9285000000000001
-0.995 0.9285000000000001
2.65

IMD4d1
4
-0.18257600000000002 0.9185000000000001
-0.159424 0.9185000000000001
-0.160028 0.9285000000000001
-0.18197200000000002 0.9285000000000001
2.65

IMD4d1
4
0.159424 0.9185000000000001
0.344576 0.9185000000000001
0.343972 0.9285000000000001
0.160028 0.9285000000000001
2.65

IMD4d1
4
1.068424 0.9185000000000001
1.091576 0.9185000000000001
1.090972 0.9285000000000001
1.069028 0.9285000000000001
2.65

IMD4d1
4
1.815424 0.9185000000000001
2.3089999999999997 0.9185000000000001
2.3089999999999997 0.9285000000000001
1.816028 0.9285000000000001
2.65

IMD4d1
4
-0.995 0.9005
2.3089999999999997 0.9005
2.3089999999999997 0.9185000000000001
-0.995 0.9185000000000001
2.65

FOXA+FOXB+TOX
4
-0.995 0.001
2.3089999999999997 0.001
2.3089999999999997 0.2665
-0.995 0.2665
4.0

ILD1a
4
-0.995 0.2665
2.3089999999999997 0.2665
2.3089999999999997 0.2765
-0.995 0.2765
7.0

ILD1b1+ILD1b2+ILD1b3
4
-0.995 0.2765
2.3089999999999997 0.2765
2.3089999999999997 0.3955
-0.995 0.3955
4.0

IMD1a
4
-0.995 0.3955
2.3089999999999997 0.3955
2.3089999999999997 0.4065
-0.995 0.4065
5.2

IMD1b
4
-0.995 0.4065
2.3089999999999997 0.4065
2.3089999999999997 0.4665
-0.995 0.4665
2.8

IMD2a
4
-0.995 0.4665
2.3089999999999997 0.4665
2.3089999999999997 0.4875
-0.995 0.4875
5.2

IMD2b
4
-0.995 0.4875
2.3089999999999997 0.4875
2.3089999999999997 0.5025
-0.995 0.5025
4.2

IMD2c
4
-0.995 0.5025
2.3089999999999997 0.5025
2.3089999999999997 0.5265
-0.995 0.5265
3.28

IMD2d1+IMD2d2
4
-0.995 0.5265
2.3089999999999997 0.5265
2.3089999999999997 0.6535
-0.995 0.6535
2.65

IMD3a
4
-0.995 0.6535
2.3089999999999997 0.6535
2.3089999999999997 0.6745
-0.995 0.6745
5.2

IMD3b
4
-0.995 0.6745
2.3089999999999997 0.6745
2.3089999999999997 0.6895
-0.995 0.6895
4.2

IMD3c
4
-0.995 0.6895
2.3089999999999997 0.6895
2.3089999999999997 0.7135
-0.995 0.7135
3.28

IMD3d1+IMD3d2
4
-0.995 0.7135
2.3089999999999997 0.7135
2.3089999999999997 0.8405
-0.995 0.8405
2.65

IMD4a
4
-0.995 0.8405
2.3089999999999997 0.8405
2.3089999999999997 0.8615
-0.995 0.8615
5.2

IMD4b
4
-0.995 0.8615
2.3089999999999997 0.8615
2.3089999999999997 0.8765
-0.995 0.8765
4.2

IMD4c
4
-0.995 0.8765
2.3089999999999997 0.8765
2.3089999999999997 0.9005
-0.995 0.9005
3.28

IMD5a
4
-0.995 1.0275
2.3089999999999997 1.0275
2.3089999999999997 1.0485
-0.995 1.0485
5.2

IMD5b
4
-0.995 1.0485
2.3089999999999997 1.0485
2.3089999999999997 1.0635
-0.995 1.0635
4.2

IMD5c
4
-0.995 1.0635
2.3089999999999997 1.0635
2.3089999999999997 1.0875
-0.995 1.0875
3.28

IMD5d1+IMD5d2
4
-0.995 1.0875
2.3089999999999997 1.0875
2.3089999999999997 1.2145
-0.995 1.2145
2.65

IMD6a
4
-0.995 1.2145
2.3089999999999997 1.2145
2.3089999999999997 1.2355
-0.995 1.2355
5.2

IMD6b
4
-0.995 1.2355
2.3089999999999997 1.2355
2.3089999999999997 1.2505
-0.995 1.2505
4.2

IMD6c
4
-0.995 1.2505
2.3089999999999997 1.2505
2.3089999999999997 1.2745
-0.995 1.2745
3.28

IMD6d1+IMD6d2
4
-0.995 1.2745
2.3089999999999997 1.2745
2.3089999999999997 1.4015
-0.995 1.4015
2.65

IMD7a
4
-0.995 1.4015
2.3089999999999997 1.4015
2.3089999999999997 1.4765
-0.995 1.4765
5.2

IMD7b1+IMD7b2
4
-0.995 1.4765
2.3089999999999997 1.4765
2.3089999999999997 2.9765
-0.995 2.9765
4.2

IMD8a
4
-0.995 2.9765
2.3089999999999997 2.9765
2.3089999999999997 3.0515
-0.995 3.0515
5.2

IMD8b1+IMD8b2
4
-0.995 3.0515
2.3089999999999997 3.0515
2.3089999999999997 4.5515
-0.995 4.5515
4.2

PASS1
4
-0.995 4.5515
2.3089999999999997 4.5515
2.3089999999999997 4.6265
-0.995 4.6265
7.0

PASS2
4
-0.995 4.6265
2.3089999999999997 4.6265
2.3089999999999997 5.0265
-0.995 5.0265
4.2

PASS3
4
-0.995 5.0265
2.3089999999999997 5.0265
2.3089999999999997 5.1015
-0.995 5.1015
7.0

PASS4+PASS5
4
-0.995 5.1015
2.3089999999999997 5.1015
2.3089999999999997 6.0515
-0.995 6.0515
4.2

PASS6
4
-0.995 6.0515
2.3089999999999997 6.0515
2.3089999999999997 6.6515
-0.995 6.6515
7.0

air_Layer
4
-0.995 6.6515
2.3089999999999997 6.6515
2.3089999999999997 6.9485
-0.995 6.9485
1.0


4
-0.995 0.001
2.3089999999999997 0.001
2.3089999999999997 6.9485
-0.995 6.9485

