c1
4
-0.21750999999999995 0.7415
0.21750999999999995 0.7415
0.22348999999999997 0.8405
-0.22348999999999997 0.8405

5
botleft
4
-1.2874999999999999 -0.001
0 -0.001
0 0.001
-1.2874999999999999 0.001

botright
4
0 -0.001
1.5665000000000002 -0.001
1.5665000000000002 0.001
0 0.001

lEnv
4
-0.7845099999999999 0.7415
-0.3494899999999999 0.7415
-0.3435099999999999 0.8405
-0.7904899999999999 0.8405

c2
4
0.69149 0.7415
0.8115100000000001 0.7415
0.81749 0.8405
0.6855100000000001 0.8405

rEnv
4
0.94349 0.7415
1.06351 0.7415
1.06949 0.8405
0.9375100000000001 0.8405


57
IMD3d1_damage
4
-0.7939239999999999 0.7315
-0.34007599999999993 0.7315
-0.33947199999999994 0.7415
-0.7945279999999999 0.7415
3.1

IMD3d1_damage
4
-0.22692399999999996 0.7315
0.22692399999999996 0.7315
0.22752799999999995 0.7415
-0.22752799999999995 0.7415
3.1

IMD3d1_damage
4
0.6820760000000001 0.7315
0.820924 0.7315
0.821528 0.7415
0.6814720000000001 0.7415
3.1

IMD3d1_damage
4
0.9340760000000001 0.7315
1.072924 0.7315
1.073528 0.7415
0.9334720000000001 0.7415
3.1

IMD3d2_damage
4
-0.789519 0.7415
-0.7845099999999999 0.7415
-0.7904899999999999 0.8405
-0.795499 0.8405
2.9

IMD3d2_damage
4
-0.3494899999999999 0.7415
-0.3444809999999999 0.7415
-0.33850099999999994 0.8405
-0.3435099999999999 0.8405
2.9

IMD3d2_damage
4
-0.22251899999999997 0.7415
-0.21750999999999995 0.7415
-0.22348999999999997 0.8405
-0.22849899999999998 0.8405
2.9

IMD3d2_damage
4
0.21750999999999995 0.7415
0.22251899999999997 0.7415
0.22849899999999998 0.8405
0.22348999999999997 0.8405
2.9

IMD3d2_damage
4
0.686481 0.7415
0.69149 0.7415
0.6855100000000001 0.8405
0.680501 0.8405
2.9

IMD3d2_damage
4
0.8115100000000001 0.7415
0.8165190000000001 0.7415
0.8224990000000001 0.8405
0.81749 0.8405
2.9

IMD3d2_damage
4
0.938481 0.7415
0.94349 0.7415
0.9375100000000001 0.8405
0.932501 0.8405
2.9

IMD3d2_damage
4
1.06351 0.7415
1.068519 0.7415
1.074499 0.8405
1.06949 0.8405
2.9

IMD3d2
4
-1.2874999999999999 0.7415
-0.789519 0.7415
-0.795499 0.8405
-1.2874999999999999 0.8405
2.65

IMD3d2
4
-0.3444809999999999 0.7415
-0.22251899999999997 0.7415
-0.22849899999999998 0.8405
-0.33850099999999994 0.8405
2.65

IMD3d2
4
0.22251899999999997 0.7415
0.686481 0.7415
0.680501 0.8405
0.22849899999999998 0.8405
2.65

IMD3d2
4
0.8165190000000001 0.7415
0.938481 0.7415
0.932501 0.8405
0.8224990000000001 0.8405
2.65

IMD3d2
4
1.068519 0.7415
1.5665000000000002 0.7415
1.5665000000000002 0.8405
1.074499 0.8405
2.65

IMD3d1
4
-1.2874999999999999 0.7315
-0.7939239999999999 0.7315
-0.7945279999999999 0.7415
-1.2874999999999999 0.7415
2.65

IMD3d1
4
-0.34007599999999993 0.7315
-0.22692399999999996 0.7315
-0.22752799999999995 0.7415
-0.33947199999999994 0.7415
2.65

IMD3d1
4
0.22692399999999996 0.7315
0.6820760000000001 0.7315
0.6814720000000001 0.7415
0.22752799999999995 0.7415
2.65

IMD3d1
4
0.820924 0.7315
0.9340760000000001 0.7315
0.9334720000000001 0.7415
0.821528 0.7415
2.65

IMD3d1
4
1.072924 0.7315
1.5665000000000002 0.7315
1.5665000000000002 0.7415
1.073528 0.7415
2.65

IMD3d1
4
-1.2874999999999999 0.7135
1.5665000000000002 0.7135
1.5665000000000002 0.7315
-1.2874999999999999 0.7315
2.65

FOXA+FOXB+TOX
4
-1.2874999999999999 0.001
1.5665000000000002 0.001
1.5665000000000002 0.2665
-1.2874999999999999 0.2665
4.0

ILD1a
4
-1.2874999999999999 0.2665
1.5665000000000002 0.2665
1.5665000000000002 0.2765
-1.2874999999999999 0.2765
7.0

ILD1b1+ILD1b2+ILD1b3
4
-1.2874999999999999 0.2765
1.5665000000000002 0.2765
1.5665000000000002 0.3955
-1.2874999999999999 0.3955
4.0

IMD1a
4
-1.2874999999999999 0.3955
1.5665000000000002 0.3955
1.5665000000000002 0.4065
-1.2874999999999999 0.4065
5.2

IMD1b
4
-1.2874999999999999 0.4065
1.5665000000000002 0.4065
1.5665000000000002 0.4665
-1.2874999999999999 0.4665
2.8

IMD2a
4
-1.2874999999999999 0.4665
1.5665000000000002 0.4665
1.5665000000000002 0.4875
-1.2874999999999999 0.4875
5.2

IMD2b
4
-1.2874999999999999 0.4875
1.5665000000000002 0.4875
1.5665000000000002 0.5025
-1.2874999999999999 0.5025
4.2

IMD2c
4
-1.2874999999999999 0.5025
1.5665000000000002 0.5025
1.5665000000000002 0.5265
-1.2874999999999999 0.5265
3.28

IMD2d1+IMD2d2
4
-1.2874999999999999 0.5265
1.5665000000000002 0.5265
1.5665000000000002 0.6535
-1.2874999999999999 0.6535
2.65

IMD3a
4
-1.2874999999999999 0.6535
1.5665000000000002 0.6535
1.5665000000000002 0.6745
-1.2874999999999999 0.6745
5.2

IMD3b
4
-1.2874999999999999 0.6745
1.5665000000000002 0.6745
1.5665000000000002 0.6895
-1.2874999999999999 0.6895
4.2

IMD3c
4
-1.2874999999999999 0.6895
1.5665000000000002 0.6895
1.5665000000000002 0.7135
-1.2874999999999999 0.7135
3.28

IMD4a
4
-1.2874999999999999 0.8405
1.5665000000000002 0.8405
1.5665000000000002 0.8615
-1.2874999999999999 0.8615
5.2

IMD4b
4
-1.2874999999999999 0.8615
1.5665000000000002 0.8615
1.5665000000000002 0.8765
-1.2874999999999999 0.8765
4.2

IMD4c
4
-1.2874999999999999 0.8765
1.5665000000000002 0.8765
1.5665000000000002 0.9005
-1.2874999999999999 0.9005
3.28

IMD4d1+IMD4d2
4
-1.2874999999999999 0.9005
1.5665000000000002 0.9005
1.5665000000000002 1.0275
-1.2874999999999999 1.0275
2.65

IMD5a
4
-1.2874999999999999 1.0275
1.5665000000000002 1.0275
1.5665000000000002 1.0485
-1.2874999999999999 1.0485
5.2

IMD5b
4
-1.2874999999999999 1.0485
1.5665000000000002 1.0485
1.5665000000000002 1.0635
-1.2874999999999999 1.0635
4.2

IMD5c
4
-1.2874999999999999 1.0635
1.5665000000000002 1.0635
1.5665000000000002 1.0875
-1.2874999999999999 1.0875
3.28

IMD5d1+IMD5d2
4
-1.2874999999999999 1.0875
1.5665000000000002 1.0875
1.5665000000000002 1.2145
-1.2874999999999999 1.2145
2.65

IMD6a
4
-1.2874999999999999 1.2145
1.5665000000000002 1.2145
1.5665000000000002 1.2355
-1.2874999999999999 1.2355
5.2

IMD6b
4
-1.2874999999999999 1.2355
1.5665000000000002 1.2355
1.5665000000000002 1.2505
-1.2874999999999999 1.2505
4.2

IMD6c
4
-1.2874999999999999 1.2505
1.5665000000000002 1.2505
1.5665000000000002 1.2745
-1.2874999999999999 1.2745
3.28

IMD6d1+IMD6d2
4
-1.2874999999999999 1.2745
1.5665000000000002 1.2745
1.5665000000000002 1.4015
-1.2874999999999999 1.4015
2.65

IMD7a
4
-1.2874999999999999 1.4015
1.5665000000000002 1.4015
1.5665000000000002 1.4765
-1.2874999999999999 1.4765
5.2

IMD7b1+IMD7b2
4
-1.2874999999999999 1.4765
1.5665000000000002 1.4765
1.5665000000000002 2.9765
-1.2874999999999999 2.9765
4.2

IMD8a
4
-1.2874999999999999 2.9765
1.5665000000000002 2.9765
1.5665000000000002 3.0515
-1.2874999999999999 3.0515
5.2

IMD8b1+IMD8b2
4
-1.2874999999999999 3.0515
1.5665000000000002 3.0515
1.5665000000000002 4.5515
-1.2874999999999999 4.5515
4.2

PASS1
4
-1.2874999999999999 4.5515
1.5665000000000002 4.5515
1.5665000000000002 4.6265
-1.2874999999999999 4.6265
7.0

PASS2
4
-1.2874999999999999 4.6265
1.5665000000000002 4.6265
1.5665000000000002 5.0265
-1.2874999999999999 5.0265
4.2

PASS3
4
-1.2874999999999999 5.0265
1.5665000000000002 5.0265
1.5665000000000002 5.1015
-1.2874999999999999 5.1015
7.0

PASS4+PASS5
4
-1.2874999999999999 5.1015
1.5665000000000002 5.1015
1.5665000000000002 6.0515
-1.2874999999999999 6.0515
4.2

PASS6
4
-1.2874999999999999 6.0515
1.5665000000000002 6.0515
1.5665000000000002 6.6515
-1.2874999999999999 6.6515
7.0

air_Layer
4
-1.2874999999999999 6.6515
1.5665000000000002 6.6515
1.5665000000000002 6.9485
-1.2874999999999999 6.9485
1.0


4
-1.2874999999999999 0.001
1.5665000000000002 0.001
1.5665000000000002 6.9485
-1.2874999999999999 6.9485

