c1
4
-0.2850100000000001 1.1155
0.2850099999999999 1.1155
0.29098999999999986 1.2145
-0.2909900000000001 1.2145

5
botleft
4
-1.67 -0.001
0 -0.001
0 0.001
-1.67 0.001

botright
4
0 -0.001
2.3539999999999996 -0.001
2.3539999999999996 0.001
0 0.001

lEnv
4
-1.1670099999999999 1.1155
-0.59699 1.1155
-0.59101 1.2145
-1.17299 1.2145

c2
4
0.6689899999999999 1.1155
1.1040099999999997 1.1155
1.1099899999999998 1.2145
0.6630099999999999 1.2145

rEnv
4
1.4159899999999999 1.1155
1.8510099999999996 1.1155
1.8569899999999997 1.2145
1.4100099999999998 1.2145


57
IMD5d1_damage
4
-1.176424 1.1055
-0.5875760000000001 1.1055
-0.586972 1.1155
-1.177028 1.1155
3.1

IMD5d1_damage
4
-0.2944240000000001 1.1055
0.29442399999999985 1.1055
0.29502799999999985 1.1155
-0.29502800000000007 1.1155
3.1

IMD5d1_damage
4
0.6595759999999999 1.1055
1.1134239999999997 1.1055
1.1140279999999998 1.1155
0.6589719999999999 1.1155
3.1

IMD5d1_damage
4
1.4065759999999998 1.1055
1.8604239999999996 1.1055
1.8610279999999997 1.1155
1.4059719999999998 1.1155
3.1

IMD5d2_damage
4
-1.172019 1.1155
-1.1670099999999999 1.1155
-1.17299 1.2145
-1.177999 1.2145
2.9

IMD5d2_damage
4
-0.59699 1.1155
-0.591981 1.1155
-0.586001 1.2145
-0.59101 1.2145
2.9

IMD5d2_damage
4
-0.2900190000000001 1.1155
-0.2850100000000001 1.1155
-0.2909900000000001 1.2145
-0.29599900000000007 1.2145
2.9

IMD5d2_damage
4
0.2850099999999999 1.1155
0.29001899999999986 1.1155
0.29599899999999985 1.2145
0.29098999999999986 1.2145
2.9

IMD5d2_damage
4
0.6639809999999998 1.1155
0.6689899999999999 1.1155
0.6630099999999999 1.2145
0.6580009999999998 1.2145
2.9

IMD5d2_damage
4
1.1040099999999997 1.1155
1.1090189999999998 1.1155
1.1149989999999999 1.2145
1.1099899999999998 1.2145
2.9

IMD5d2_damage
4
1.4109809999999998 1.1155
1.4159899999999999 1.1155
1.4100099999999998 1.2145
1.4050009999999997 1.2145
2.9

IMD5d2_damage
4
1.8510099999999996 1.1155
1.8560189999999996 1.1155
1.8619989999999997 1.2145
1.8569899999999997 1.2145
2.9

IMD5d2
4
-1.67 1.1155
-1.172019 1.1155
-1.177999 1.2145
-1.67 1.2145
2.65

IMD5d2
4
-0.591981 1.1155
-0.2900190000000001 1.1155
-0.29599900000000007 1.2145
-0.586001 1.2145
2.65

IMD5d2
4
0.29001899999999986 1.1155
0.6639809999999998 1.1155
0.6580009999999998 1.2145
0.29599899999999985 1.2145
2.65

IMD5d2
4
1.1090189999999998 1.1155
1.4109809999999998 1.1155
1.4050009999999997 1.2145
1.1149989999999999 1.2145
2.65

IMD5d2
4
1.8560189999999996 1.1155
2.3539999999999996 1.1155
2.3539999999999996 1.2145
1.8619989999999997 1.2145
2.65

IMD5d1
4
-1.67 1.1055
-1.176424 1.1055
-1.177028 1.1155
-1.67 1.1155
2.65

IMD5d1
4
-0.5875760000000001 1.1055
-0.2944240000000001 1.1055
-0.29502800000000007 1.1155
-0.586972 1.1155
2.65

IMD5d1
4
0.29442399999999985 1.1055
0.6595759999999999 1.1055
0.6589719999999999 1.1155
0.29502799999999985 1.1155
2.65

IMD5d1
4
1.1134239999999997 1.1055
1.4065759999999998 1.1055
1.4059719999999998 1.1155
1.1140279999999998 1.1155
2.65

IMD5d1
4
1.8604239999999996 1.1055
2.3539999999999996 1.1055
2.3539999999999996 1.1155
1.8610279999999997 1.1155
2.65

IMD5d1
4
-1.67 1.0875
2.3539999999999996 1.0875
2.3539999999999996 1.1055
-1.67 1.1055
2.65

FOXA+FOXB+TOX
4
-1.67 0.001
2.3539999999999996 0.001
2.3539999999999996 0.2665
-1.67 0.2665
4.0

ILD1a
4
-1.67 0.2665
2.3539999999999996 0.2665
2.3539999999999996 0.2765
-1.67 0.2765
7.0

ILD1b1+ILD1b2+ILD1b3
4
-1.67 0.2765
2.3539999999999996 0.2765
2.3539999999999996 0.3955
-1.67 0.3955
4.0

IMD1a
4
-1.67 0.3955
2.3539999999999996 0.3955
2.3539999999999996 0.4065
-1.67 0.4065
5.2

IMD1b
4
-1.67 0.4065
2.3539999999999996 0.4065
2.3539999999999996 0.4665
-1.67 0.4665
2.8

IMD2a
4
-1.67 0.4665
2.3539999999999996 0.4665
2.3539999999999996 0.4875
-1.67 0.4875
5.2

IMD2b
4
-1.67 0.4875
2.3539999999999996 0.4875
2.3539999999999996 0.5025
-1.67 0.5025
4.2

IMD2c
4
-1.67 0.5025
2.3539999999999996 0.5025
2.3539999999999996 0.5265
-1.67 0.5265
3.28

IMD2d1+IMD2d2
4
-1.67 0.5265
2.3539999999999996 0.5265
2.3539999999999996 0.6535
-1.67 0.6535
2.65

IMD3a
4
-1.67 0.6535
2.3539999999999996 0.6535
2.3539999999999996 0.6745
-1.67 0.6745
5.2

IMD3b
4
-1.67 0.6745
2.3539999999999996 0.6745
2.3539999999999996 0.6895
-1.67 0.6895
4.2

IMD3c
4
-1.67 0.6895
2.3539999999999996 0.6895
2.3539999999999996 0.7135
-1.67 0.7135
3.28

IMD3d1+IMD3d2
4
-1.67 0.7135
2.3539999999999996 0.7135
2.3539999999999996 0.8405
-1.67 0.8405
2.65

IMD4a
4
-1.67 0.8405
2.3539999999999996 0.8405
2.3539999999999996 0.8615
-1.67 0.8615
5.2

IMD4b
4
-1.67 0.8615
2.3539999999999996 0.8615
2.3539999999999996 0.8765
-1.67 0.8765
4.2

IMD4c
4
-1.67 0.8765
2.3539999999999996 0.8765
2.3539999999999996 0.9005
-1.67 0.9005
3.28

IMD4d1+IMD4d2
4
-1.67 0.9005
2.3539999999999996 0.9005
2.3539999999999996 1.0275
-1.67 1.0275
2.65

IMD5a
4
-1.67 1.0275
2.3539999999999996 1.0275
2.3539999999999996 1.0485
-1.67 1.0485
5.2

IMD5b
4
-1.67 1.0485
2.3539999999999996 1.0485
2.3539999999999996 1.0635
-1.67 1.0635
4.2

IMD5c
4
-1.67 1.0635
2.3539999999999996 1.0635
2.3539999999999996 1.0875
-1.67 1.0875
3.28

IMD6a
4
-1.67 1.2145
2.3539999999999996 1.2145
2.3539999999999996 1.2355
-1.67 1.2355
5.2

IMD6b
4
-1.67 1.2355
2.3539999999999996 1.2355
2.3539999999999996 1.2505
-1.67 1.2505
4.2

IMD6c
4
-1.67 1.2505
2.3539999999999996 1.2505
2.3539999999999996 1.2745
-1.67 1.2745
3.28

IMD6d1+IMD6d2
4
-1.67 1.2745
2.3539999999999996 1.2745
2.3539999999999996 1.4015
-1.67 1.4015
2.65

IMD7a
4
-1.67 1.4015
2.3539999999999996 1.4015
2.3539999999999996 1.4765
-1.67 1.4765
5.2

IMD7b1+IMD7b2
4
-1.67 1.4765
2.3539999999999996 1.4765
2.3539999999999996 2.9765
-1.67 2.9765
4.2

IMD8a
4
-1.67 2.9765
2.3539999999999996 2.9765
2.3539999999999996 3.0515
-1.67 3.0515
5.2

IMD8b1+IMD8b2
4
-1.67 3.0515
2.3539999999999996 3.0515
2.3539999999999996 4.5515
-1.67 4.5515
4.2

PASS1
4
-1.67 4.5515
2.3539999999999996 4.5515
2.3539999999999996 4.6265
-1.67 4.6265
7.0

PASS2
4
-1.67 4.6265
2.3539999999999996 4.6265
2.3539999999999996 5.0265
-1.67 5.0265
4.2

PASS3
4
-1.67 5.0265
2.3539999999999996 5.0265
2.3539999999999996 5.1015
-1.67 5.1015
7.0

PASS4+PASS5
4
-1.67 5.1015
2.3539999999999996 5.1015
2.3539999999999996 6.0515
-1.67 6.0515
4.2

PASS6
4
-1.67 6.0515
2.3539999999999996 6.0515
2.3539999999999996 6.6515
-1.67 6.6515
7.0

air_Layer
4
-1.67 6.6515
2.3539999999999996 6.6515
2.3539999999999996 6.9485
-1.67 6.9485
1.0


4
-1.67 0.001
2.3539999999999996 0.001
2.3539999999999996 6.9485
-1.67 6.9485

