c1
4
-0.15001 0.5545
0.15001 0.5545
0.15599000000000002 0.6535
-0.15599000000000002 0.6535

5
botleft
4
-0.995 -0.001
0 -0.001
0 0.001
-0.995 0.001

botright
4
0 -0.001
0.8240000000000001 -0.001
0.8240000000000001 0.001
0 0.001

lEnv
4
-0.49201 0.5545
-0.19199000000000002 0.5545
-0.18601 0.6535
-0.49799 0.6535

c2
4
0.21899 0.5545
0.24900999999999998 0.5545
0.25499 0.6535
0.21300999999999998 0.6535

rEnv
4
0.29099 0.5545
0.3210100000000001 0.5545
0.32699000000000006 0.6535
0.28501000000000004 0.6535


57
IMD2d1_damage
4
-0.501424 0.5445
-0.18257600000000002 0.5445
-0.18197200000000002 0.5545
-0.502028 0.5545
3.1

IMD2d1_damage
4
-0.159424 0.5445
0.159424 0.5445
0.160028 0.5545
-0.160028 0.5545
3.1

IMD2d1_damage
4
0.20957599999999998 0.5445
0.258424 0.5445
0.259028 0.5545
0.208972 0.5545
3.1

IMD2d1_damage
4
0.28157600000000005 0.5445
0.33042400000000005 0.5445
0.33102800000000004 0.5545
0.28097200000000006 0.5545
3.1

IMD2d2_damage
4
-0.497019 0.5545
-0.49201 0.5545
-0.49799 0.6535
-0.502999 0.6535
2.9

IMD2d2_damage
4
-0.19199000000000002 0.5545
-0.186981 0.5545
-0.181001 0.6535
-0.18601 0.6535
2.9

IMD2d2_damage
4
-0.15501900000000002 0.5545
-0.15001 0.5545
-0.15599000000000002 0.6535
-0.16099900000000003 0.6535
2.9

IMD2d2_damage
4
0.15001 0.5545
0.15501900000000002 0.5545
0.16099900000000003 0.6535
0.15599000000000002 0.6535
2.9

IMD2d2_damage
4
0.21398099999999998 0.5545
0.21899 0.5545
0.21300999999999998 0.6535
0.20800099999999996 0.6535
2.9

IMD2d2_damage
4
0.24900999999999998 0.5545
0.254019 0.5545
0.259999 0.6535
0.25499 0.6535
2.9

IMD2d2_damage
4
0.28598100000000004 0.5545
0.29099 0.5545
0.28501000000000004 0.6535
0.28000100000000006 0.6535
2.9

IMD2d2_damage
4
0.3210100000000001 0.5545
0.32601900000000006 0.5545
0.33199900000000004 0.6535
0.32699000000000006 0.6535
2.9

IMD2d2
4
-0.995 0.5545
-0.497019 0.5545
-0.502999 0.6535
-0.995 0.6535
2.65

IMD2d2
4
-0.186981 0.5545
-0.15501900000000002 0.5545
-0.16099900000000003 0.6535
-0.181001 0.6535
2.65

IMD2d2
4
0.15501900000000002 0.5545
0.21398099999999998 0.5545
0.20800099999999996 0.6535
0.16099900000000003 0.6535
2.65

IMD2d2
4
0.254019 0.5545
0.28598100000000004 0.5545
0.28000100000000006 0.6535
0.259999 0.6535
2.65

IMD2d2
4
0.32601900000000006 0.5545
0.8240000000000001 0.5545
0.8240000000000001 0.6535
0.33199900000000004 0.6535
2.65

IMD2d1
4
-0.995 0.5445
-0.501424 0.5445
-0.502028 0.5545
-0.995 0.5545
2.65

IMD2d1
4
-0.18257600000000002 0.5445
-0.159424 0.5445
-0.160028 0.5545
-0.18197200000000002 0.5545
2.65

IMD2d1
4
0.159424 0.5445
0.20957599999999998 0.5445
0.208972 0.5545
0.160028 0.5545
2.65

IMD2d1
4
0.258424 0.5445
0.28157600000000005 0.5445
0.28097200000000006 0.5545
0.259028 0.5545
2.65

IMD2d1
4
0.33042400000000005 0.5445
0.8240000000000001 0.5445
0.8240000000000001 0.5545
0.33102800000000004 0.5545
2.65

IMD2d1
4
-0.995 0.5265
0.8240000000000001 0.5265
0.8240000000000001 0.5445
-0.995 0.5445
2.65

FOXA+FOXB+TOX
4
-0.995 0.001
0.8240000000000001 0.001
0.8240000000000001 0.2665
-0.995 0.2665
4.0

ILD1a
4
-0.995 0.2665
0.8240000000000001 0.2665
0.8240000000000001 0.2765
-0.995 0.2765
7.0

ILD1b1+ILD1b2+ILD1b3
4
-0.995 0.2765
0.8240000000000001 0.2765
0.8240000000000001 0.3955
-0.995 0.3955
4.0

IMD1a
4
-0.995 0.3955
0.8240000000000001 0.3955
0.8240000000000001 0.4065
-0.995 0.4065
5.2

IMD1b
4
-0.995 0.4065
0.8240000000000001 0.4065
0.8240000000000001 0.4665
-0.995 0.4665
2.8

IMD2a
4
-0.995 0.4665
0.8240000000000001 0.4665
0.8240000000000001 0.4875
-0.995 0.4875
5.2

IMD2b
4
-0.995 0.4875
0.8240000000000001 0.4875
0.8240000000000001 0.5025
-0.995 0.5025
4.2

IMD2c
4
-0.995 0.5025
0.8240000000000001 0.5025
0.8240000000000001 0.5265
-0.995 0.5265
3.28

IMD3a
4
-0.995 0.6535
0.8240000000000001 0.6535
0.8240000000000001 0.6745
-0.995 0.6745
5.2

IMD3b
4
-0.995 0.6745
0.8240000000000001 0.6745
0.8240000000000001 0.6895
-0.995 0.6895
4.2

IMD3c
4
-0.995 0.6895
0.8240000000000001 0.6895
0.8240000000000001 0.7135
-0.995 0.7135
3.28

IMD3d1+IMD3d2
4
-0.995 0.7135
0.8240000000000001 0.7135
0.8240000000000001 0.8405
-0.995 0.8405
2.65

IMD4a
4
-0.995 0.8405
0.8240000000000001 0.8405
0.8240000000000001 0.8615
-0.995 0.8615
5.2

IMD4b
4
-0.995 0.8615
0.8240000000000001 0.8615
0.8240000000000001 0.8765
-0.995 0.8765
4.2

IMD4c
4
-0.995 0.8765
0.8240000000000001 0.8765
0.8240000000000001 0.9005
-0.995 0.9005
3.28

IMD4d1+IMD4d2
4
-0.995 0.9005
0.8240000000000001 0.9005
0.8240000000000001 1.0275
-0.995 1.0275
2.65

IMD5a
4
-0.995 1.0275
0.8240000000000001 1.0275
0.8240000000000001 1.0485
-0.995 1.0485
5.2

IMD5b
4
-0.995 1.0485
0.8240000000000001 1.0485
0.8240000000000001 1.0635
-0.995 1.0635
4.2

IMD5c
4
-0.995 1.0635
0.8240000000000001 1.0635
0.8240000000000001 1.0875
-0.995 1.0875
3.28

IMD5d1+IMD5d2
4
-0.995 1.0875
0.8240000000000001 1.0875
0.8240000000000001 1.2145
-0.995 1.2145
2.65

IMD6a
4
-0.995 1.2145
0.8240000000000001 1.2145
0.8240000000000001 1.2355
-0.995 1.2355
5.2

IMD6b
4
-0.995 1.2355
0.8240000000000001 1.2355
0.8240000000000001 1.2505
-0.995 1.2505
4.2

IMD6c
4
-0.995 1.2505
0.8240000000000001 1.2505
0.8240000000000001 1.2745
-0.995 1.2745
3.28

IMD6d1+IMD6d2
4
-0.995 1.2745
0.8240000000000001 1.2745
0.8240000000000001 1.4015
-0.995 1.4015
2.65

IMD7a
4
-0.995 1.4015
0.8240000000000001 1.4015
0.8240000000000001 1.4765
-0.995 1.4765
5.2

IMD7b1+IMD7b2
4
-0.995 1.4765
0.8240000000000001 1.4765
0.8240000000000001 2.9765
-0.995 2.9765
4.2

IMD8a
4
-0.995 2.9765
0.8240000000000001 2.9765
0.8240000000000001 3.0515
-0.995 3.0515
5.2

IMD8b1+IMD8b2
4
-0.995 3.0515
0.8240000000000001 3.0515
0.8240000000000001 4.5515
-0.995 4.5515
4.2

PASS1
4
-0.995 4.5515
0.8240000000000001 4.5515
0.8240000000000001 4.6265
-0.995 4.6265
7.0

PASS2
4
-0.995 4.6265
0.8240000000000001 4.6265
0.8240000000000001 5.0265
-0.995 5.0265
4.2

PASS3
4
-0.995 5.0265
0.8240000000000001 5.0265
0.8240000000000001 5.1015
-0.995 5.1015
7.0

PASS4+PASS5
4
-0.995 5.1015
0.8240000000000001 5.1015
0.8240000000000001 6.0515
-0.995 6.0515
4.2

PASS6
4
-0.995 6.0515
0.8240000000000001 6.0515
0.8240000000000001 6.6515
-0.995 6.6515
7.0

air_Layer
4
-0.995 6.6515
0.8240000000000001 6.6515
0.8240000000000001 6.9485
-0.995 6.9485
1.0


4
-0.995 0.001
0.8240000000000001 0.001
0.8240000000000001 6.9485
-0.995 6.9485

