c1
4
-0.15000999999999995 0.7415
0.15000999999999995 0.7415
0.15598999999999996 0.8405
-0.15598999999999996 0.8405

5
botleft
4
-1.355 -0.001
0 -0.001
0 0.001
-1.355 0.001

botright
4
0 -0.001
3.479 -0.001
3.479 0.001
0 0.001

lEnv
4
-0.8520099999999999 0.7415
-0.5519899999999999 0.7415
-0.5460099999999999 0.8405
-0.8579899999999999 0.8405

c2
4
0.8939899999999998 0.7415
1.7340099999999996 0.7415
1.7399899999999997 0.8405
0.8880099999999999 0.8405

rEnv
4
2.1359899999999996 0.7415
2.9760099999999996 0.7415
2.9819899999999997 0.8405
2.1300099999999995 0.8405


57
IMD3d1_damage
4
-0.8614239999999999 0.7315
-0.542576 0.7315
-0.5419719999999999 0.7415
-0.8620279999999999 0.7415
3.1

IMD3d1_damage
4
-0.15942399999999995 0.7315
0.15942399999999995 0.7315
0.16002799999999995 0.7415
-0.16002799999999995 0.7415
3.1

IMD3d1_damage
4
0.8845759999999999 0.7315
1.7434239999999996 0.7315
1.7440279999999997 0.7415
0.8839719999999999 0.7415
3.1

IMD3d1_damage
4
2.1265759999999996 0.7315
2.9854239999999996 0.7315
2.9860279999999997 0.7415
2.1259719999999995 0.7415
3.1

IMD3d2_damage
4
-0.857019 0.7415
-0.8520099999999999 0.7415
-0.8579899999999999 0.8405
-0.862999 0.8405
2.9

IMD3d2_damage
4
-0.5519899999999999 0.7415
-0.5469809999999998 0.7415
-0.5410009999999998 0.8405
-0.5460099999999999 0.8405
2.9

IMD3d2_damage
4
-0.15501899999999996 0.7415
-0.15000999999999995 0.7415
-0.15598999999999996 0.8405
-0.16099899999999998 0.8405
2.9

IMD3d2_damage
4
0.15000999999999995 0.7415
0.15501899999999996 0.7415
0.16099899999999998 0.8405
0.15598999999999996 0.8405
2.9

IMD3d2_damage
4
0.8889809999999998 0.7415
0.8939899999999998 0.7415
0.8880099999999999 0.8405
0.8830009999999998 0.8405
2.9

IMD3d2_damage
4
1.7340099999999996 0.7415
1.7390189999999996 0.7415
1.7449989999999997 0.8405
1.7399899999999997 0.8405
2.9

IMD3d2_damage
4
2.130981 0.7415
2.1359899999999996 0.7415
2.1300099999999995 0.8405
2.1250009999999997 0.8405
2.9

IMD3d2_damage
4
2.9760099999999996 0.7415
2.9810189999999994 0.7415
2.9869989999999995 0.8405
2.9819899999999997 0.8405
2.9

IMD3d2
4
-1.355 0.7415
-0.857019 0.7415
-0.862999 0.8405
-1.355 0.8405
2.65

IMD3d2
4
-0.5469809999999998 0.7415
-0.15501899999999996 0.7415
-0.16099899999999998 0.8405
-0.5410009999999998 0.8405
2.65

IMD3d2
4
0.15501899999999996 0.7415
0.8889809999999998 0.7415
0.8830009999999998 0.8405
0.16099899999999998 0.8405
2.65

IMD3d2
4
1.7390189999999996 0.7415
2.130981 0.7415
2.1250009999999997 0.8405
1.7449989999999997 0.8405
2.65

IMD3d2
4
2.9810189999999994 0.7415
3.479 0.7415
3.479 0.8405
2.9869989999999995 0.8405
2.65

IMD3d1
4
-1.355 0.7315
-0.8614239999999999 0.7315
-0.8620279999999999 0.7415
-1.355 0.7415
2.65

IMD3d1
4
-0.542576 0.7315
-0.15942399999999995 0.7315
-0.16002799999999995 0.7415
-0.5419719999999999 0.7415
2.65

IMD3d1
4
0.15942399999999995 0.7315
0.8845759999999999 0.7315
0.8839719999999999 0.7415
0.16002799999999995 0.7415
2.65

IMD3d1
4
1.7434239999999996 0.7315
2.1265759999999996 0.7315
2.1259719999999995 0.7415
1.7440279999999997 0.7415
2.65

IMD3d1
4
2.9854239999999996 0.7315
3.479 0.7315
3.479 0.7415
2.9860279999999997 0.7415
2.65

IMD3d1
4
-1.355 0.7135
3.479 0.7135
3.479 0.7315
-1.355 0.7315
2.65

FOXA+FOXB+TOX
4
-1.355 0.001
3.479 0.001
3.479 0.2665
-1.355 0.2665
4.0

ILD1a
4
-1.355 0.2665
3.479 0.2665
3.479 0.2765
-1.355 0.2765
7.0

ILD1b1+ILD1b2+ILD1b3
4
-1.355 0.2765
3.479 0.2765
3.479 0.3955
-1.355 0.3955
4.0

IMD1a
4
-1.355 0.3955
3.479 0.3955
3.479 0.4065
-1.355 0.4065
5.2

IMD1b
4
-1.355 0.4065
3.479 0.4065
3.479 0.4665
-1.355 0.4665
2.8

IMD2a
4
-1.355 0.4665
3.479 0.4665
3.479 0.4875
-1.355 0.4875
5.2

IMD2b
4
-1.355 0.4875
3.479 0.4875
3.479 0.5025
-1.355 0.5025
4.2

IMD2c
4
-1.355 0.5025
3.479 0.5025
3.479 0.5265
-1.355 0.5265
3.28

IMD2d1+IMD2d2
4
-1.355 0.5265
3.479 0.5265
3.479 0.6535
-1.355 0.6535
2.65

IMD3a
4
-1.355 0.6535
3.479 0.6535
3.479 0.6745
-1.355 0.6745
5.2

IMD3b
4
-1.355 0.6745
3.479 0.6745
3.479 0.6895
-1.355 0.6895
4.2

IMD3c
4
-1.355 0.6895
3.479 0.6895
3.479 0.7135
-1.355 0.7135
3.28

IMD4a
4
-1.355 0.8405
3.479 0.8405
3.479 0.8615
-1.355 0.8615
5.2

IMD4b
4
-1.355 0.8615
3.479 0.8615
3.479 0.8765
-1.355 0.8765
4.2

IMD4c
4
-1.355 0.8765
3.479 0.8765
3.479 0.9005
-1.355 0.9005
3.28

IMD4d1+IMD4d2
4
-1.355 0.9005
3.479 0.9005
3.479 1.0275
-1.355 1.0275
2.65

IMD5a
4
-1.355 1.0275
3.479 1.0275
3.479 1.0485
-1.355 1.0485
5.2

IMD5b
4
-1.355 1.0485
3.479 1.0485
3.479 1.0635
-1.355 1.0635
4.2

IMD5c
4
-1.355 1.0635
3.479 1.0635
3.479 1.0875
-1.355 1.0875
3.28

IMD5d1+IMD5d2
4
-1.355 1.0875
3.479 1.0875
3.479 1.2145
-1.355 1.2145
2.65

IMD6a
4
-1.355 1.2145
3.479 1.2145
3.479 1.2355
-1.355 1.2355
5.2

IMD6b
4
-1.355 1.2355
3.479 1.2355
3.479 1.2505
-1.355 1.2505
4.2

IMD6c
4
-1.355 1.2505
3.479 1.2505
3.479 1.2745
-1.355 1.2745
3.28

IMD6d1+IMD6d2
4
-1.355 1.2745
3.479 1.2745
3.479 1.4015
-1.355 1.4015
2.65

IMD7a
4
-1.355 1.4015
3.479 1.4015
3.479 1.4765
-1.355 1.4765
5.2

IMD7b1+IMD7b2
4
-1.355 1.4765
3.479 1.4765
3.479 2.9765
-1.355 2.9765
4.2

IMD8a
4
-1.355 2.9765
3.479 2.9765
3.479 3.0515
-1.355 3.0515
5.2

IMD8b1+IMD8b2
4
-1.355 3.0515
3.479 3.0515
3.479 4.5515
-1.355 4.5515
4.2

PASS1
4
-1.355 4.5515
3.479 4.5515
3.479 4.6265
-1.355 4.6265
7.0

PASS2
4
-1.355 4.6265
3.479 4.6265
3.479 5.0265
-1.355 5.0265
4.2

PASS3
4
-1.355 5.0265
3.479 5.0265
3.479 5.1015
-1.355 5.1015
7.0

PASS4+PASS5
4
-1.355 5.1015
3.479 5.1015
3.479 6.0515
-1.355 6.0515
4.2

PASS6
4
-1.355 6.0515
3.479 6.0515
3.479 6.6515
-1.355 6.6515
7.0

air_Layer
4
-1.355 6.6515
3.479 6.6515
3.479 6.9485
-1.355 6.9485
1.0


4
-1.355 0.001
3.479 0.001
3.479 6.9485
-1.355 6.9485

