c1
4
-0.015009999999999996 0.9285000000000001
0.01501000000000001 0.9285000000000001
0.02099000000000001 1.0275
-0.020989999999999995 1.0275

5
botleft
4
-0.59 -0.001
0 -0.001
0 0.001
-0.59 0.001

botright
4
0 -0.001
2.894 -0.001
2.894 0.001
0 0.001

lEnv
4
-0.08700999999999999 0.9285000000000001
-0.05698999999999999 0.9285000000000001
-0.05100999999999999 1.0275
-0.09298999999999999 1.0275

c2
4
0.66899 0.9285000000000001
1.50901 0.9285000000000001
1.51499 1.0275
0.66301 1.0275

rEnv
4
1.55099 0.9285000000000001
2.39101 0.9285000000000001
2.39699 1.0275
1.54501 1.0275


57
IMD4d1_damage
4
-0.096424 0.9185000000000001
-0.04757599999999999 0.9185000000000001
-0.04697199999999999 0.9285000000000001
-0.09702799999999999 0.9285000000000001
3.1

IMD4d1_damage
4
-0.024423999999999994 0.9185000000000001
0.024424000000000008 0.9185000000000001
0.02502800000000001 0.9285000000000001
-0.025027999999999995 0.9285000000000001
3.1

IMD4d1_damage
4
0.659576 0.9185000000000001
1.518424 0.9185000000000001
1.519028 0.9285000000000001
0.658972 0.9285000000000001
3.1

IMD4d1_damage
4
1.541576 0.9185000000000001
2.400424 0.9185000000000001
2.401028 0.9285000000000001
1.540972 0.9285000000000001
3.1

IMD4d2_damage
4
-0.09201899999999999 0.9285000000000001
-0.08700999999999999 0.9285000000000001
-0.09298999999999999 1.0275
-0.09799899999999999 1.0275
2.9

IMD4d2_damage
4
-0.05698999999999999 0.9285000000000001
-0.05198099999999999 0.9285000000000001
-0.04600099999999999 1.0275
-0.05100999999999999 1.0275
2.9

IMD4d2_damage
4
-0.020018999999999995 0.9285000000000001
-0.015009999999999996 0.9285000000000001
-0.020989999999999995 1.0275
-0.025998999999999994 1.0275
2.9

IMD4d2_damage
4
0.01501000000000001 0.9285000000000001
0.02001900000000001 0.9285000000000001
0.025999000000000008 1.0275
0.02099000000000001 1.0275
2.9

IMD4d2_damage
4
0.6639809999999999 0.9285000000000001
0.66899 0.9285000000000001
0.66301 1.0275
0.658001 1.0275
2.9

IMD4d2_damage
4
1.50901 0.9285000000000001
1.514019 0.9285000000000001
1.519999 1.0275
1.51499 1.0275
2.9

IMD4d2_damage
4
1.545981 0.9285000000000001
1.55099 0.9285000000000001
1.54501 1.0275
1.540001 1.0275
2.9

IMD4d2_damage
4
2.39101 0.9285000000000001
2.396019 0.9285000000000001
2.401999 1.0275
2.39699 1.0275
2.9

IMD4d2
4
-0.59 0.9285000000000001
-0.09201899999999999 0.9285000000000001
-0.09799899999999999 1.0275
-0.59 1.0275
2.65

IMD4d2
4
-0.05198099999999999 0.9285000000000001
-0.020018999999999995 0.9285000000000001
-0.025998999999999994 1.0275
-0.04600099999999999 1.0275
2.65

IMD4d2
4
0.02001900000000001 0.9285000000000001
0.6639809999999999 0.9285000000000001
0.658001 1.0275
0.025999000000000008 1.0275
2.65

IMD4d2
4
1.514019 0.9285000000000001
1.545981 0.9285000000000001
1.540001 1.0275
1.519999 1.0275
2.65

IMD4d2
4
2.396019 0.9285000000000001
2.894 0.9285000000000001
2.894 1.0275
2.401999 1.0275
2.65

IMD4d1
4
-0.59 0.9185000000000001
-0.096424 0.9185000000000001
-0.09702799999999999 0.9285000000000001
-0.59 0.9285000000000001
2.65

IMD4d1
4
-0.04757599999999999 0.9185000000000001
-0.024423999999999994 0.9185000000000001
-0.025027999999999995 0.9285000000000001
-0.04697199999999999 0.9285000000000001
2.65

IMD4d1
4
0.024424000000000008 0.9185000000000001
0.659576 0.9185000000000001
0.658972 0.9285000000000001
0.02502800000000001 0.9285000000000001
2.65

IMD4d1
4
1.518424 0.9185000000000001
1.541576 0.9185000000000001
1.540972 0.9285000000000001
1.519028 0.9285000000000001
2.65

IMD4d1
4
2.400424 0.9185000000000001
2.894 0.9185000000000001
2.894 0.9285000000000001
2.401028 0.9285000000000001
2.65

IMD4d1
4
-0.59 0.9005
2.894 0.9005
2.894 0.9185000000000001
-0.59 0.9185000000000001
2.65

FOXA+FOXB+TOX
4
-0.59 0.001
2.894 0.001
2.894 0.2665
-0.59 0.2665
4.0

ILD1a
4
-0.59 0.2665
2.894 0.2665
2.894 0.2765
-0.59 0.2765
7.0

ILD1b1+ILD1b2+ILD1b3
4
-0.59 0.2765
2.894 0.2765
2.894 0.3955
-0.59 0.3955
4.0

IMD1a
4
-0.59 0.3955
2.894 0.3955
2.894 0.4065
-0.59 0.4065
5.2

IMD1b
4
-0.59 0.4065
2.894 0.4065
2.894 0.4665
-0.59 0.4665
2.8

IMD2a
4
-0.59 0.4665
2.894 0.4665
2.894 0.4875
-0.59 0.4875
5.2

IMD2b
4
-0.59 0.4875
2.894 0.4875
2.894 0.5025
-0.59 0.5025
4.2

IMD2c
4
-0.59 0.5025
2.894 0.5025
2.894 0.5265
-0.59 0.5265
3.28

IMD2d1+IMD2d2
4
-0.59 0.5265
2.894 0.5265
2.894 0.6535
-0.59 0.6535
2.65

IMD3a
4
-0.59 0.6535
2.894 0.6535
2.894 0.6745
-0.59 0.6745
5.2

IMD3b
4
-0.59 0.6745
2.894 0.6745
2.894 0.6895
-0.59 0.6895
4.2

IMD3c
4
-0.59 0.6895
2.894 0.6895
2.894 0.7135
-0.59 0.7135
3.28

IMD3d1+IMD3d2
4
-0.59 0.7135
2.894 0.7135
2.894 0.8405
-0.59 0.8405
2.65

IMD4a
4
-0.59 0.8405
2.894 0.8405
2.894 0.8615
-0.59 0.8615
5.2

IMD4b
4
-0.59 0.8615
2.894 0.8615
2.894 0.8765
-0.59 0.8765
4.2

IMD4c
4
-0.59 0.8765
2.894 0.8765
2.894 0.9005
-0.59 0.9005
3.28

IMD5a
4
-0.59 1.0275
2.894 1.0275
2.894 1.0485
-0.59 1.0485
5.2

IMD5b
4
-0.59 1.0485
2.894 1.0485
2.894 1.0635
-0.59 1.0635
4.2

IMD5c
4
-0.59 1.0635
2.894 1.0635
2.894 1.0875
-0.59 1.0875
3.28

IMD5d1+IMD5d2
4
-0.59 1.0875
2.894 1.0875
2.894 1.2145
-0.59 1.2145
2.65

IMD6a
4
-0.59 1.2145
2.894 1.2145
2.894 1.2355
-0.59 1.2355
5.2

IMD6b
4
-0.59 1.2355
2.894 1.2355
2.894 1.2505
-0.59 1.2505
4.2

IMD6c
4
-0.59 1.2505
2.894 1.2505
2.894 1.2745
-0.59 1.2745
3.28

IMD6d1+IMD6d2
4
-0.59 1.2745
2.894 1.2745
2.894 1.4015
-0.59 1.4015
2.65

IMD7a
4
-0.59 1.4015
2.894 1.4015
2.894 1.4765
-0.59 1.4765
5.2

IMD7b1+IMD7b2
4
-0.59 1.4765
2.894 1.4765
2.894 2.9765
-0.59 2.9765
4.2

IMD8a
4
-0.59 2.9765
2.894 2.9765
2.894 3.0515
-0.59 3.0515
5.2

IMD8b1+IMD8b2
4
-0.59 3.0515
2.894 3.0515
2.894 4.5515
-0.59 4.5515
4.2

PASS1
4
-0.59 4.5515
2.894 4.5515
2.894 4.6265
-0.59 4.6265
7.0

PASS2
4
-0.59 4.6265
2.894 4.6265
2.894 5.0265
-0.59 5.0265
4.2

PASS3
4
-0.59 5.0265
2.894 5.0265
2.894 5.1015
-0.59 5.1015
7.0

PASS4+PASS5
4
-0.59 5.1015
2.894 5.1015
2.894 6.0515
-0.59 6.0515
4.2

PASS6
4
-0.59 6.0515
2.894 6.0515
2.894 6.6515
-0.59 6.6515
7.0

air_Layer
4
-0.59 6.6515
2.894 6.6515
2.894 6.9485
-0.59 6.9485
1.0


4
-0.59 0.001
2.894 0.001
2.894 6.9485
-0.59 6.9485

