c1
4
-0.4200100000000001 0.5545
0.4200099999999999 0.5545
0.42598999999999987 0.6535
-0.4259900000000001 0.6535

5
botleft
4
-1.9849999999999999 -0.001
0 -0.001
0 0.001
-1.9849999999999999 0.001

botright
4
0 -0.001
3.6590000000000007 -0.001
3.6590000000000007 0.001
0 0.001

lEnv
4
-1.4820099999999998 0.5545
-0.64199 0.5545
-0.63601 0.6535
-1.48799 0.6535

c2
4
1.25399 0.5545
2.09401 0.5545
2.09999 0.6535
1.2480099999999998 0.6535

rEnv
4
2.31599 0.5545
3.15601 0.5545
3.1619900000000003 0.6535
2.31001 0.6535


57
IMD2d1_damage
4
-1.4914239999999999 0.5445
-0.632576 0.5445
-0.631972 0.5545
-1.492028 0.5545
3.1

IMD2d1_damage
4
-0.4294240000000001 0.5445
0.42942399999999986 0.5445
0.43002799999999985 0.5545
-0.4300280000000001 0.5545
3.1

IMD2d1_damage
4
1.244576 0.5445
2.103424 0.5445
2.104028 0.5545
1.2439719999999999 0.5545
3.1

IMD2d1_damage
4
2.306576 0.5445
3.1654240000000002 0.5445
3.1660280000000003 0.5545
2.305972 0.5545
3.1

IMD2d2_damage
4
-1.4870189999999999 0.5545
-1.4820099999999998 0.5545
-1.48799 0.6535
-1.492999 0.6535
2.9

IMD2d2_damage
4
-0.64199 0.5545
-0.6369809999999999 0.5545
-0.6310009999999999 0.6535
-0.63601 0.6535
2.9

IMD2d2_damage
4
-0.4250190000000001 0.5545
-0.4200100000000001 0.5545
-0.4259900000000001 0.6535
-0.4309990000000001 0.6535
2.9

IMD2d2_damage
4
0.4200099999999999 0.5545
0.42501899999999987 0.5545
0.43099899999999985 0.6535
0.42598999999999987 0.6535
2.9

IMD2d2_damage
4
1.248981 0.5545
1.25399 0.5545
1.2480099999999998 0.6535
1.2430009999999998 0.6535
2.9

IMD2d2_damage
4
2.09401 0.5545
2.0990189999999997 0.5545
2.104999 0.6535
2.09999 0.6535
2.9

IMD2d2_damage
4
2.3109810000000004 0.5545
2.31599 0.5545
2.31001 0.6535
2.3050010000000003 0.6535
2.9

IMD2d2_damage
4
3.15601 0.5545
3.161019 0.5545
3.166999 0.6535
3.1619900000000003 0.6535
2.9

IMD2d2
4
-1.9849999999999999 0.5545
-1.4870189999999999 0.5545
-1.492999 0.6535
-1.9849999999999999 0.6535
2.65

IMD2d2
4
-0.6369809999999999 0.5545
-0.4250190000000001 0.5545
-0.4309990000000001 0.6535
-0.6310009999999999 0.6535
2.65

IMD2d2
4
0.42501899999999987 0.5545
1.248981 0.5545
1.2430009999999998 0.6535
0.43099899999999985 0.6535
2.65

IMD2d2
4
2.0990189999999997 0.5545
2.3109810000000004 0.5545
2.3050010000000003 0.6535
2.104999 0.6535
2.65

IMD2d2
4
3.161019 0.5545
3.6590000000000007 0.5545
3.6590000000000007 0.6535
3.166999 0.6535
2.65

IMD2d1
4
-1.9849999999999999 0.5445
-1.4914239999999999 0.5445
-1.492028 0.5545
-1.9849999999999999 0.5545
2.65

IMD2d1
4
-0.632576 0.5445
-0.4294240000000001 0.5445
-0.4300280000000001 0.5545
-0.631972 0.5545
2.65

IMD2d1
4
0.42942399999999986 0.5445
1.244576 0.5445
1.2439719999999999 0.5545
0.43002799999999985 0.5545
2.65

IMD2d1
4
2.103424 0.5445
2.306576 0.5445
2.305972 0.5545
2.104028 0.5545
2.65

IMD2d1
4
3.1654240000000002 0.5445
3.6590000000000007 0.5445
3.6590000000000007 0.5545
3.1660280000000003 0.5545
2.65

IMD2d1
4
-1.9849999999999999 0.5265
3.6590000000000007 0.5265
3.6590000000000007 0.5445
-1.9849999999999999 0.5445
2.65

FOXA+FOXB+TOX
4
-1.9849999999999999 0.001
3.6590000000000007 0.001
3.6590000000000007 0.2665
-1.9849999999999999 0.2665
4.0

ILD1a
4
-1.9849999999999999 0.2665
3.6590000000000007 0.2665
3.6590000000000007 0.2765
-1.9849999999999999 0.2765
7.0

ILD1b1+ILD1b2+ILD1b3
4
-1.9849999999999999 0.2765
3.6590000000000007 0.2765
3.6590000000000007 0.3955
-1.9849999999999999 0.3955
4.0

IMD1a
4
-1.9849999999999999 0.3955
3.6590000000000007 0.3955
3.6590000000000007 0.4065
-1.9849999999999999 0.4065
5.2

IMD1b
4
-1.9849999999999999 0.4065
3.6590000000000007 0.4065
3.6590000000000007 0.4665
-1.9849999999999999 0.4665
2.8

IMD2a
4
-1.9849999999999999 0.4665
3.6590000000000007 0.4665
3.6590000000000007 0.4875
-1.9849999999999999 0.4875
5.2

IMD2b
4
-1.9849999999999999 0.4875
3.6590000000000007 0.4875
3.6590000000000007 0.5025
-1.9849999999999999 0.5025
4.2

IMD2c
4
-1.9849999999999999 0.5025
3.6590000000000007 0.5025
3.6590000000000007 0.5265
-1.9849999999999999 0.5265
3.28

IMD3a
4
-1.9849999999999999 0.6535
3.6590000000000007 0.6535
3.6590000000000007 0.6745
-1.9849999999999999 0.6745
5.2

IMD3b
4
-1.9849999999999999 0.6745
3.6590000000000007 0.6745
3.6590000000000007 0.6895
-1.9849999999999999 0.6895
4.2

IMD3c
4
-1.9849999999999999 0.6895
3.6590000000000007 0.6895
3.6590000000000007 0.7135
-1.9849999999999999 0.7135
3.28

IMD3d1+IMD3d2
4
-1.9849999999999999 0.7135
3.6590000000000007 0.7135
3.6590000000000007 0.8405
-1.9849999999999999 0.8405
2.65

IMD4a
4
-1.9849999999999999 0.8405
3.6590000000000007 0.8405
3.6590000000000007 0.8615
-1.9849999999999999 0.8615
5.2

IMD4b
4
-1.9849999999999999 0.8615
3.6590000000000007 0.8615
3.6590000000000007 0.8765
-1.9849999999999999 0.8765
4.2

IMD4c
4
-1.9849999999999999 0.8765
3.6590000000000007 0.8765
3.6590000000000007 0.9005
-1.9849999999999999 0.9005
3.28

IMD4d1+IMD4d2
4
-1.9849999999999999 0.9005
3.6590000000000007 0.9005
3.6590000000000007 1.0275
-1.9849999999999999 1.0275
2.65

IMD5a
4
-1.9849999999999999 1.0275
3.6590000000000007 1.0275
3.6590000000000007 1.0485
-1.9849999999999999 1.0485
5.2

IMD5b
4
-1.9849999999999999 1.0485
3.6590000000000007 1.0485
3.6590000000000007 1.0635
-1.9849999999999999 1.0635
4.2

IMD5c
4
-1.9849999999999999 1.0635
3.6590000000000007 1.0635
3.6590000000000007 1.0875
-1.9849999999999999 1.0875
3.28

IMD5d1+IMD5d2
4
-1.9849999999999999 1.0875
3.6590000000000007 1.0875
3.6590000000000007 1.2145
-1.9849999999999999 1.2145
2.65

IMD6a
4
-1.9849999999999999 1.2145
3.6590000000000007 1.2145
3.6590000000000007 1.2355
-1.9849999999999999 1.2355
5.2

IMD6b
4
-1.9849999999999999 1.2355
3.6590000000000007 1.2355
3.6590000000000007 1.2505
-1.9849999999999999 1.2505
4.2

IMD6c
4
-1.9849999999999999 1.2505
3.6590000000000007 1.2505
3.6590000000000007 1.2745
-1.9849999999999999 1.2745
3.28

IMD6d1+IMD6d2
4
-1.9849999999999999 1.2745
3.6590000000000007 1.2745
3.6590000000000007 1.4015
-1.9849999999999999 1.4015
2.65

IMD7a
4
-1.9849999999999999 1.4015
3.6590000000000007 1.4015
3.6590000000000007 1.4765
-1.9849999999999999 1.4765
5.2

IMD7b1+IMD7b2
4
-1.9849999999999999 1.4765
3.6590000000000007 1.4765
3.6590000000000007 2.9765
-1.9849999999999999 2.9765
4.2

IMD8a
4
-1.9849999999999999 2.9765
3.6590000000000007 2.9765
3.6590000000000007 3.0515
-1.9849999999999999 3.0515
5.2

IMD8b1+IMD8b2
4
-1.9849999999999999 3.0515
3.6590000000000007 3.0515
3.6590000000000007 4.5515
-1.9849999999999999 4.5515
4.2

PASS1
4
-1.9849999999999999 4.5515
3.6590000000000007 4.5515
3.6590000000000007 4.6265
-1.9849999999999999 4.6265
7.0

PASS2
4
-1.9849999999999999 4.6265
3.6590000000000007 4.6265
3.6590000000000007 5.0265
-1.9849999999999999 5.0265
4.2

PASS3
4
-1.9849999999999999 5.0265
3.6590000000000007 5.0265
3.6590000000000007 5.1015
-1.9849999999999999 5.1015
7.0

PASS4+PASS5
4
-1.9849999999999999 5.1015
3.6590000000000007 5.1015
3.6590000000000007 6.0515
-1.9849999999999999 6.0515
4.2

PASS6
4
-1.9849999999999999 6.0515
3.6590000000000007 6.0515
3.6590000000000007 6.6515
-1.9849999999999999 6.6515
7.0

air_Layer
4
-1.9849999999999999 6.6515
3.6590000000000007 6.6515
3.6590000000000007 6.9485
-1.9849999999999999 6.9485
1.0


4
-1.9849999999999999 0.001
3.6590000000000007 0.001
3.6590000000000007 6.9485
-1.9849999999999999 6.9485

