c1
4
-0.15000999999999995 0.7415
0.15000999999999995 0.7415
0.15598999999999996 0.8405
-0.15598999999999996 0.8405

5
botleft
4
-1.175 -0.001
0 -0.001
0 0.001
-1.175 0.001

botright
4
0 -0.001
1.0939999999999994 -0.001
1.0939999999999994 0.001
0 0.001

lEnv
4
-0.67201 0.7415
-0.37199 0.7415
-0.36601 0.8405
-0.67799 0.8405

c2
4
0.3089899999999999 0.7415
0.3390099999999998 0.7415
0.3449899999999998 0.8405
0.3030099999999999 0.8405

rEnv
4
0.5609899999999997 0.7415
0.5910099999999996 0.7415
0.5969899999999996 0.8405
0.5550099999999997 0.8405


57
IMD3d1_damage
4
-0.6814239999999999 0.7315
-0.362576 0.7315
-0.361972 0.7415
-0.682028 0.7415
3.1

IMD3d1_damage
4
-0.15942399999999995 0.7315
0.15942399999999995 0.7315
0.16002799999999995 0.7415
-0.16002799999999995 0.7415
3.1

IMD3d1_damage
4
0.2995759999999999 0.7315
0.3484239999999998 0.7315
0.3490279999999998 0.7415
0.2989719999999999 0.7415
3.1

IMD3d1_damage
4
0.5515759999999997 0.7315
0.6004239999999995 0.7315
0.6010279999999996 0.7415
0.5509719999999997 0.7415
3.1

IMD3d2_damage
4
-0.677019 0.7415
-0.67201 0.7415
-0.67799 0.8405
-0.682999 0.8405
2.9

IMD3d2_damage
4
-0.37199 0.7415
-0.366981 0.7415
-0.361001 0.8405
-0.36601 0.8405
2.9

IMD3d2_damage
4
-0.15501899999999996 0.7415
-0.15000999999999995 0.7415
-0.15598999999999996 0.8405
-0.16099899999999998 0.8405
2.9

IMD3d2_damage
4
0.15000999999999995 0.7415
0.15501899999999996 0.7415
0.16099899999999998 0.8405
0.15598999999999996 0.8405
2.9

IMD3d2_damage
4
0.3039809999999999 0.7415
0.3089899999999999 0.7415
0.3030099999999999 0.8405
0.2980009999999999 0.8405
2.9

IMD3d2_damage
4
0.3390099999999998 0.7415
0.3440189999999998 0.7415
0.3499989999999998 0.8405
0.3449899999999998 0.8405
2.9

IMD3d2_damage
4
0.5559809999999996 0.7415
0.5609899999999997 0.7415
0.5550099999999997 0.8405
0.5500009999999996 0.8405
2.9

IMD3d2_damage
4
0.5910099999999996 0.7415
0.5960189999999996 0.7415
0.6019989999999996 0.8405
0.5969899999999996 0.8405
2.9

IMD3d2
4
-1.175 0.7415
-0.677019 0.7415
-0.682999 0.8405
-1.175 0.8405
2.65

IMD3d2
4
-0.366981 0.7415
-0.15501899999999996 0.7415
-0.16099899999999998 0.8405
-0.361001 0.8405
2.65

IMD3d2
4
0.15501899999999996 0.7415
0.3039809999999999 0.7415
0.2980009999999999 0.8405
0.16099899999999998 0.8405
2.65

IMD3d2
4
0.3440189999999998 0.7415
0.5559809999999996 0.7415
0.5500009999999996 0.8405
0.3499989999999998 0.8405
2.65

IMD3d2
4
0.5960189999999996 0.7415
1.0939999999999994 0.7415
1.0939999999999994 0.8405
0.6019989999999996 0.8405
2.65

IMD3d1
4
-1.175 0.7315
-0.6814239999999999 0.7315
-0.682028 0.7415
-1.175 0.7415
2.65

IMD3d1
4
-0.362576 0.7315
-0.15942399999999995 0.7315
-0.16002799999999995 0.7415
-0.361972 0.7415
2.65

IMD3d1
4
0.15942399999999995 0.7315
0.2995759999999999 0.7315
0.2989719999999999 0.7415
0.16002799999999995 0.7415
2.65

IMD3d1
4
0.3484239999999998 0.7315
0.5515759999999997 0.7315
0.5509719999999997 0.7415
0.3490279999999998 0.7415
2.65

IMD3d1
4
0.6004239999999995 0.7315
1.0939999999999994 0.7315
1.0939999999999994 0.7415
0.6010279999999996 0.7415
2.65

IMD3d1
4
-1.175 0.7135
1.0939999999999994 0.7135
1.0939999999999994 0.7315
-1.175 0.7315
2.65

FOXA+FOXB+TOX
4
-1.175 0.001
1.0939999999999994 0.001
1.0939999999999994 0.2665
-1.175 0.2665
4.0

ILD1a
4
-1.175 0.2665
1.0939999999999994 0.2665
1.0939999999999994 0.2765
-1.175 0.2765
7.0

ILD1b1+ILD1b2+ILD1b3
4
-1.175 0.2765
1.0939999999999994 0.2765
1.0939999999999994 0.3955
-1.175 0.3955
4.0

IMD1a
4
-1.175 0.3955
1.0939999999999994 0.3955
1.0939999999999994 0.4065
-1.175 0.4065
5.2

IMD1b
4
-1.175 0.4065
1.0939999999999994 0.4065
1.0939999999999994 0.4665
-1.175 0.4665
2.8

IMD2a
4
-1.175 0.4665
1.0939999999999994 0.4665
1.0939999999999994 0.4875
-1.175 0.4875
5.2

IMD2b
4
-1.175 0.4875
1.0939999999999994 0.4875
1.0939999999999994 0.5025
-1.175 0.5025
4.2

IMD2c
4
-1.175 0.5025
1.0939999999999994 0.5025
1.0939999999999994 0.5265
-1.175 0.5265
3.28

IMD2d1+IMD2d2
4
-1.175 0.5265
1.0939999999999994 0.5265
1.0939999999999994 0.6535
-1.175 0.6535
2.65

IMD3a
4
-1.175 0.6535
1.0939999999999994 0.6535
1.0939999999999994 0.6745
-1.175 0.6745
5.2

IMD3b
4
-1.175 0.6745
1.0939999999999994 0.6745
1.0939999999999994 0.6895
-1.175 0.6895
4.2

IMD3c
4
-1.175 0.6895
1.0939999999999994 0.6895
1.0939999999999994 0.7135
-1.175 0.7135
3.28

IMD4a
4
-1.175 0.8405
1.0939999999999994 0.8405
1.0939999999999994 0.8615
-1.175 0.8615
5.2

IMD4b
4
-1.175 0.8615
1.0939999999999994 0.8615
1.0939999999999994 0.8765
-1.175 0.8765
4.2

IMD4c
4
-1.175 0.8765
1.0939999999999994 0.8765
1.0939999999999994 0.9005
-1.175 0.9005
3.28

IMD4d1+IMD4d2
4
-1.175 0.9005
1.0939999999999994 0.9005
1.0939999999999994 1.0275
-1.175 1.0275
2.65

IMD5a
4
-1.175 1.0275
1.0939999999999994 1.0275
1.0939999999999994 1.0485
-1.175 1.0485
5.2

IMD5b
4
-1.175 1.0485
1.0939999999999994 1.0485
1.0939999999999994 1.0635
-1.175 1.0635
4.2

IMD5c
4
-1.175 1.0635
1.0939999999999994 1.0635
1.0939999999999994 1.0875
-1.175 1.0875
3.28

IMD5d1+IMD5d2
4
-1.175 1.0875
1.0939999999999994 1.0875
1.0939999999999994 1.2145
-1.175 1.2145
2.65

IMD6a
4
-1.175 1.2145
1.0939999999999994 1.2145
1.0939999999999994 1.2355
-1.175 1.2355
5.2

IMD6b
4
-1.175 1.2355
1.0939999999999994 1.2355
1.0939999999999994 1.2505
-1.175 1.2505
4.2

IMD6c
4
-1.175 1.2505
1.0939999999999994 1.2505
1.0939999999999994 1.2745
-1.175 1.2745
3.28

IMD6d1+IMD6d2
4
-1.175 1.2745
1.0939999999999994 1.2745
1.0939999999999994 1.4015
-1.175 1.4015
2.65

IMD7a
4
-1.175 1.4015
1.0939999999999994 1.4015
1.0939999999999994 1.4765
-1.175 1.4765
5.2

IMD7b1+IMD7b2
4
-1.175 1.4765
1.0939999999999994 1.4765
1.0939999999999994 2.9765
-1.175 2.9765
4.2

IMD8a
4
-1.175 2.9765
1.0939999999999994 2.9765
1.0939999999999994 3.0515
-1.175 3.0515
5.2

IMD8b1+IMD8b2
4
-1.175 3.0515
1.0939999999999994 3.0515
1.0939999999999994 4.5515
-1.175 4.5515
4.2

PASS1
4
-1.175 4.5515
1.0939999999999994 4.5515
1.0939999999999994 4.6265
-1.175 4.6265
7.0

PASS2
4
-1.175 4.6265
1.0939999999999994 4.6265
1.0939999999999994 5.0265
-1.175 5.0265
4.2

PASS3
4
-1.175 5.0265
1.0939999999999994 5.0265
1.0939999999999994 5.1015
-1.175 5.1015
7.0

PASS4+PASS5
4
-1.175 5.1015
1.0939999999999994 5.1015
1.0939999999999994 6.0515
-1.175 6.0515
4.2

PASS6
4
-1.175 6.0515
1.0939999999999994 6.0515
1.0939999999999994 6.6515
-1.175 6.6515
7.0

air_Layer
4
-1.175 6.6515
1.0939999999999994 6.6515
1.0939999999999994 6.9485
-1.175 6.9485
1.0


4
-1.175 0.001
1.0939999999999994 0.001
1.0939999999999994 6.9485
-1.175 6.9485

