c1
4
-0.15000999999999995 1.3025
0.15000999999999995 1.3025
0.15598999999999996 1.4015
-0.15598999999999996 1.4015

5
botleft
4
-1.175 -0.001
0 -0.001
0 0.001
-1.175 0.001

botright
4
0 -0.001
1.319 -0.001
1.319 0.001
0 0.001

lEnv
4
-0.67201 1.3025
-0.37199 1.3025
-0.36601 1.4015
-0.67799 1.4015

c2
4
0.35399 1.3025
0.47401000000000004 1.3025
0.47999 1.4015
0.34801000000000004 1.4015

rEnv
4
0.6959899999999999 1.3025
0.8160099999999999 1.3025
0.8219899999999999 1.4015
0.6900099999999999 1.4015


57
IMD6d1_damage
4
-0.6814239999999999 1.2925
-0.362576 1.2925
-0.361972 1.3025
-0.682028 1.3025
3.1

IMD6d1_damage
4
-0.15942399999999995 1.2925
0.15942399999999995 1.2925
0.16002799999999995 1.3025
-0.16002799999999995 1.3025
3.1

IMD6d1_damage
4
0.34457600000000005 1.2925
0.483424 1.2925
0.484028 1.3025
0.34397200000000006 1.3025
3.1

IMD6d1_damage
4
0.686576 1.2925
0.8254239999999998 1.2925
0.8260279999999999 1.3025
0.6859719999999999 1.3025
3.1

IMD6d2_damage
4
-0.677019 1.3025
-0.67201 1.3025
-0.67799 1.4015
-0.682999 1.4015
2.9

IMD6d2_damage
4
-0.37199 1.3025
-0.366981 1.3025
-0.361001 1.4015
-0.36601 1.4015
2.9

IMD6d2_damage
4
-0.15501899999999996 1.3025
-0.15000999999999995 1.3025
-0.15598999999999996 1.4015
-0.16099899999999998 1.4015
2.9

IMD6d2_damage
4
0.15000999999999995 1.3025
0.15501899999999996 1.3025
0.16099899999999998 1.4015
0.15598999999999996 1.4015
2.9

IMD6d2_damage
4
0.34898100000000004 1.3025
0.35399 1.3025
0.34801000000000004 1.4015
0.34300100000000006 1.4015
2.9

IMD6d2_damage
4
0.47401000000000004 1.3025
0.47901900000000003 1.3025
0.484999 1.4015
0.47999 1.4015
2.9

IMD6d2_damage
4
0.6909809999999998 1.3025
0.6959899999999999 1.3025
0.6900099999999999 1.4015
0.6850009999999999 1.4015
2.9

IMD6d2_damage
4
0.8160099999999999 1.3025
0.8210189999999999 1.3025
0.8269989999999999 1.4015
0.8219899999999999 1.4015
2.9

IMD6d2
4
-1.175 1.3025
-0.677019 1.3025
-0.682999 1.4015
-1.175 1.4015
2.65

IMD6d2
4
-0.366981 1.3025
-0.15501899999999996 1.3025
-0.16099899999999998 1.4015
-0.361001 1.4015
2.65

IMD6d2
4
0.15501899999999996 1.3025
0.34898100000000004 1.3025
0.34300100000000006 1.4015
0.16099899999999998 1.4015
2.65

IMD6d2
4
0.47901900000000003 1.3025
0.6909809999999998 1.3025
0.6850009999999999 1.4015
0.484999 1.4015
2.65

IMD6d2
4
0.8210189999999999 1.3025
1.319 1.3025
1.319 1.4015
0.8269989999999999 1.4015
2.65

IMD6d1
4
-1.175 1.2925
-0.6814239999999999 1.2925
-0.682028 1.3025
-1.175 1.3025
2.65

IMD6d1
4
-0.362576 1.2925
-0.15942399999999995 1.2925
-0.16002799999999995 1.3025
-0.361972 1.3025
2.65

IMD6d1
4
0.15942399999999995 1.2925
0.34457600000000005 1.2925
0.34397200000000006 1.3025
0.16002799999999995 1.3025
2.65

IMD6d1
4
0.483424 1.2925
0.686576 1.2925
0.6859719999999999 1.3025
0.484028 1.3025
2.65

IMD6d1
4
0.8254239999999998 1.2925
1.319 1.2925
1.319 1.3025
0.8260279999999999 1.3025
2.65

IMD6d1
4
-1.175 1.2745
1.319 1.2745
1.319 1.2925
-1.175 1.2925
2.65

FOXA+FOXB+TOX
4
-1.175 0.001
1.319 0.001
1.319 0.2665
-1.175 0.2665
4.0

ILD1a
4
-1.175 0.2665
1.319 0.2665
1.319 0.2765
-1.175 0.2765
7.0

ILD1b1+ILD1b2+ILD1b3
4
-1.175 0.2765
1.319 0.2765
1.319 0.3955
-1.175 0.3955
4.0

IMD1a
4
-1.175 0.3955
1.319 0.3955
1.319 0.4065
-1.175 0.4065
5.2

IMD1b
4
-1.175 0.4065
1.319 0.4065
1.319 0.4665
-1.175 0.4665
2.8

IMD2a
4
-1.175 0.4665
1.319 0.4665
1.319 0.4875
-1.175 0.4875
5.2

IMD2b
4
-1.175 0.4875
1.319 0.4875
1.319 0.5025
-1.175 0.5025
4.2

IMD2c
4
-1.175 0.5025
1.319 0.5025
1.319 0.5265
-1.175 0.5265
3.28

IMD2d1+IMD2d2
4
-1.175 0.5265
1.319 0.5265
1.319 0.6535
-1.175 0.6535
2.65

IMD3a
4
-1.175 0.6535
1.319 0.6535
1.319 0.6745
-1.175 0.6745
5.2

IMD3b
4
-1.175 0.6745
1.319 0.6745
1.319 0.6895
-1.175 0.6895
4.2

IMD3c
4
-1.175 0.6895
1.319 0.6895
1.319 0.7135
-1.175 0.7135
3.28

IMD3d1+IMD3d2
4
-1.175 0.7135
1.319 0.7135
1.319 0.8405
-1.175 0.8405
2.65

IMD4a
4
-1.175 0.8405
1.319 0.8405
1.319 0.8615
-1.175 0.8615
5.2

IMD4b
4
-1.175 0.8615
1.319 0.8615
1.319 0.8765
-1.175 0.8765
4.2

IMD4c
4
-1.175 0.8765
1.319 0.8765
1.319 0.9005
-1.175 0.9005
3.28

IMD4d1+IMD4d2
4
-1.175 0.9005
1.319 0.9005
1.319 1.0275
-1.175 1.0275
2.65

IMD5a
4
-1.175 1.0275
1.319 1.0275
1.319 1.0485
-1.175 1.0485
5.2

IMD5b
4
-1.175 1.0485
1.319 1.0485
1.319 1.0635
-1.175 1.0635
4.2

IMD5c
4
-1.175 1.0635
1.319 1.0635
1.319 1.0875
-1.175 1.0875
3.28

IMD5d1+IMD5d2
4
-1.175 1.0875
1.319 1.0875
1.319 1.2145
-1.175 1.2145
2.65

IMD6a
4
-1.175 1.2145
1.319 1.2145
1.319 1.2355
-1.175 1.2355
5.2

IMD6b
4
-1.175 1.2355
1.319 1.2355
1.319 1.2505
-1.175 1.2505
4.2

IMD6c
4
-1.175 1.2505
1.319 1.2505
1.319 1.2745
-1.175 1.2745
3.28

IMD7a
4
-1.175 1.4015
1.319 1.4015
1.319 1.4765
-1.175 1.4765
5.2

IMD7b1+IMD7b2
4
-1.175 1.4765
1.319 1.4765
1.319 2.9765
-1.175 2.9765
4.2

IMD8a
4
-1.175 2.9765
1.319 2.9765
1.319 3.0515
-1.175 3.0515
5.2

IMD8b1+IMD8b2
4
-1.175 3.0515
1.319 3.0515
1.319 4.5515
-1.175 4.5515
4.2

PASS1
4
-1.175 4.5515
1.319 4.5515
1.319 4.6265
-1.175 4.6265
7.0

PASS2
4
-1.175 4.6265
1.319 4.6265
1.319 5.0265
-1.175 5.0265
4.2

PASS3
4
-1.175 5.0265
1.319 5.0265
1.319 5.1015
-1.175 5.1015
7.0

PASS4+PASS5
4
-1.175 5.1015
1.319 5.1015
1.319 6.0515
-1.175 6.0515
4.2

PASS6
4
-1.175 6.0515
1.319 6.0515
1.319 6.6515
-1.175 6.6515
7.0

air_Layer
4
-1.175 6.6515
1.319 6.6515
1.319 6.9485
-1.175 6.9485
1.0


4
-1.175 0.001
1.319 0.001
1.319 6.9485
-1.175 6.9485

