c1
4
-0.21750999999999995 0.9285000000000001
0.21750999999999995 0.9285000000000001
0.22348999999999997 1.0275
-0.22348999999999997 1.0275

5
botleft
4
-1.5574999999999999 -0.001
0 -0.001
0 0.001
-1.5574999999999999 0.001

botright
4
0 -0.001
1.7465 -0.001
1.7465 0.001
0 0.001

lEnv
4
-1.0545099999999998 0.9285000000000001
-0.61949 0.9285000000000001
-0.61351 1.0275
-1.06049 1.0275

c2
4
0.60149 0.9285000000000001
0.72151 0.9285000000000001
0.72749 1.0275
0.59551 1.0275

rEnv
4
1.12349 0.9285000000000001
1.24351 0.9285000000000001
1.24949 1.0275
1.11751 1.0275


57
IMD4d1_damage
4
-1.0639239999999999 0.9185000000000001
-0.6100760000000001 0.9185000000000001
-0.609472 0.9285000000000001
-1.064528 0.9285000000000001
3.1

IMD4d1_damage
4
-0.22692399999999996 0.9185000000000001
0.22692399999999996 0.9185000000000001
0.22752799999999995 0.9285000000000001
-0.22752799999999995 0.9285000000000001
3.1

IMD4d1_damage
4
0.592076 0.9185000000000001
0.7309239999999999 0.9185000000000001
0.731528 0.9285000000000001
0.591472 0.9285000000000001
3.1

IMD4d1_damage
4
1.114076 0.9185000000000001
1.252924 0.9185000000000001
1.253528 0.9285000000000001
1.113472 0.9285000000000001
3.1

IMD4d2_damage
4
-1.0595189999999999 0.9285000000000001
-1.0545099999999998 0.9285000000000001
-1.06049 1.0275
-1.065499 1.0275
2.9

IMD4d2_damage
4
-0.61949 0.9285000000000001
-0.6144809999999999 0.9285000000000001
-0.608501 1.0275
-0.61351 1.0275
2.9

IMD4d2_damage
4
-0.22251899999999997 0.9285000000000001
-0.21750999999999995 0.9285000000000001
-0.22348999999999997 1.0275
-0.22849899999999998 1.0275
2.9

IMD4d2_damage
4
0.21750999999999995 0.9285000000000001
0.22251899999999997 0.9285000000000001
0.22849899999999998 1.0275
0.22348999999999997 1.0275
2.9

IMD4d2_damage
4
0.5964809999999999 0.9285000000000001
0.60149 0.9285000000000001
0.59551 1.0275
0.5905009999999999 1.0275
2.9

IMD4d2_damage
4
0.72151 0.9285000000000001
0.726519 0.9285000000000001
0.732499 1.0275
0.72749 1.0275
2.9

IMD4d2_damage
4
1.118481 0.9285000000000001
1.12349 0.9285000000000001
1.11751 1.0275
1.112501 1.0275
2.9

IMD4d2_damage
4
1.24351 0.9285000000000001
1.248519 0.9285000000000001
1.254499 1.0275
1.24949 1.0275
2.9

IMD4d2
4
-1.5574999999999999 0.9285000000000001
-1.0595189999999999 0.9285000000000001
-1.065499 1.0275
-1.5574999999999999 1.0275
2.65

IMD4d2
4
-0.6144809999999999 0.9285000000000001
-0.22251899999999997 0.9285000000000001
-0.22849899999999998 1.0275
-0.608501 1.0275
2.65

IMD4d2
4
0.22251899999999997 0.9285000000000001
0.5964809999999999 0.9285000000000001
0.5905009999999999 1.0275
0.22849899999999998 1.0275
2.65

IMD4d2
4
0.726519 0.9285000000000001
1.118481 0.9285000000000001
1.112501 1.0275
0.732499 1.0275
2.65

IMD4d2
4
1.248519 0.9285000000000001
1.7465 0.9285000000000001
1.7465 1.0275
1.254499 1.0275
2.65

IMD4d1
4
-1.5574999999999999 0.9185000000000001
-1.0639239999999999 0.9185000000000001
-1.064528 0.9285000000000001
-1.5574999999999999 0.9285000000000001
2.65

IMD4d1
4
-0.6100760000000001 0.9185000000000001
-0.22692399999999996 0.9185000000000001
-0.22752799999999995 0.9285000000000001
-0.609472 0.9285000000000001
2.65

IMD4d1
4
0.22692399999999996 0.9185000000000001
0.592076 0.9185000000000001
0.591472 0.9285000000000001
0.22752799999999995 0.9285000000000001
2.65

IMD4d1
4
0.7309239999999999 0.9185000000000001
1.114076 0.9185000000000001
1.113472 0.9285000000000001
0.731528 0.9285000000000001
2.65

IMD4d1
4
1.252924 0.9185000000000001
1.7465 0.9185000000000001
1.7465 0.9285000000000001
1.253528 0.9285000000000001
2.65

IMD4d1
4
-1.5574999999999999 0.9005
1.7465 0.9005
1.7465 0.9185000000000001
-1.5574999999999999 0.9185000000000001
2.65

FOXA+FOXB+TOX
4
-1.5574999999999999 0.001
1.7465 0.001
1.7465 0.2665
-1.5574999999999999 0.2665
4.0

ILD1a
4
-1.5574999999999999 0.2665
1.7465 0.2665
1.7465 0.2765
-1.5574999999999999 0.2765
7.0

ILD1b1+ILD1b2+ILD1b3
4
-1.5574999999999999 0.2765
1.7465 0.2765
1.7465 0.3955
-1.5574999999999999 0.3955
4.0

IMD1a
4
-1.5574999999999999 0.3955
1.7465 0.3955
1.7465 0.4065
-1.5574999999999999 0.4065
5.2

IMD1b
4
-1.5574999999999999 0.4065
1.7465 0.4065
1.7465 0.4665
-1.5574999999999999 0.4665
2.8

IMD2a
4
-1.5574999999999999 0.4665
1.7465 0.4665
1.7465 0.4875
-1.5574999999999999 0.4875
5.2

IMD2b
4
-1.5574999999999999 0.4875
1.7465 0.4875
1.7465 0.5025
-1.5574999999999999 0.5025
4.2

IMD2c
4
-1.5574999999999999 0.5025
1.7465 0.5025
1.7465 0.5265
-1.5574999999999999 0.5265
3.28

IMD2d1+IMD2d2
4
-1.5574999999999999 0.5265
1.7465 0.5265
1.7465 0.6535
-1.5574999999999999 0.6535
2.65

IMD3a
4
-1.5574999999999999 0.6535
1.7465 0.6535
1.7465 0.6745
-1.5574999999999999 0.6745
5.2

IMD3b
4
-1.5574999999999999 0.6745
1.7465 0.6745
1.7465 0.6895
-1.5574999999999999 0.6895
4.2

IMD3c
4
-1.5574999999999999 0.6895
1.7465 0.6895
1.7465 0.7135
-1.5574999999999999 0.7135
3.28

IMD3d1+IMD3d2
4
-1.5574999999999999 0.7135
1.7465 0.7135
1.7465 0.8405
-1.5574999999999999 0.8405
2.65

IMD4a
4
-1.5574999999999999 0.8405
1.7465 0.8405
1.7465 0.8615
-1.5574999999999999 0.8615
5.2

IMD4b
4
-1.5574999999999999 0.8615
1.7465 0.8615
1.7465 0.8765
-1.5574999999999999 0.8765
4.2

IMD4c
4
-1.5574999999999999 0.8765
1.7465 0.8765
1.7465 0.9005
-1.5574999999999999 0.9005
3.28

IMD5a
4
-1.5574999999999999 1.0275
1.7465 1.0275
1.7465 1.0485
-1.5574999999999999 1.0485
5.2

IMD5b
4
-1.5574999999999999 1.0485
1.7465 1.0485
1.7465 1.0635
-1.5574999999999999 1.0635
4.2

IMD5c
4
-1.5574999999999999 1.0635
1.7465 1.0635
1.7465 1.0875
-1.5574999999999999 1.0875
3.28

IMD5d1+IMD5d2
4
-1.5574999999999999 1.0875
1.7465 1.0875
1.7465 1.2145
-1.5574999999999999 1.2145
2.65

IMD6a
4
-1.5574999999999999 1.2145
1.7465 1.2145
1.7465 1.2355
-1.5574999999999999 1.2355
5.2

IMD6b
4
-1.5574999999999999 1.2355
1.7465 1.2355
1.7465 1.2505
-1.5574999999999999 1.2505
4.2

IMD6c
4
-1.5574999999999999 1.2505
1.7465 1.2505
1.7465 1.2745
-1.5574999999999999 1.2745
3.28

IMD6d1+IMD6d2
4
-1.5574999999999999 1.2745
1.7465 1.2745
1.7465 1.4015
-1.5574999999999999 1.4015
2.65

IMD7a
4
-1.5574999999999999 1.4015
1.7465 1.4015
1.7465 1.4765
-1.5574999999999999 1.4765
5.2

IMD7b1+IMD7b2
4
-1.5574999999999999 1.4765
1.7465 1.4765
1.7465 2.9765
-1.5574999999999999 2.9765
4.2

IMD8a
4
-1.5574999999999999 2.9765
1.7465 2.9765
1.7465 3.0515
-1.5574999999999999 3.0515
5.2

IMD8b1+IMD8b2
4
-1.5574999999999999 3.0515
1.7465 3.0515
1.7465 4.5515
-1.5574999999999999 4.5515
4.2

PASS1
4
-1.5574999999999999 4.5515
1.7465 4.5515
1.7465 4.6265
-1.5574999999999999 4.6265
7.0

PASS2
4
-1.5574999999999999 4.6265
1.7465 4.6265
1.7465 5.0265
-1.5574999999999999 5.0265
4.2

PASS3
4
-1.5574999999999999 5.0265
1.7465 5.0265
1.7465 5.1015
-1.5574999999999999 5.1015
7.0

PASS4+PASS5
4
-1.5574999999999999 5.1015
1.7465 5.1015
1.7465 6.0515
-1.5574999999999999 6.0515
4.2

PASS6
4
-1.5574999999999999 6.0515
1.7465 6.0515
1.7465 6.6515
-1.5574999999999999 6.6515
7.0

air_Layer
4
-1.5574999999999999 6.6515
1.7465 6.6515
1.7465 6.9485
-1.5574999999999999 6.9485
1.0


4
-1.5574999999999999 0.001
1.7465 0.001
1.7465 6.9485
-1.5574999999999999 6.9485

