c1
4
-0.21750999999999995 0.9285000000000001
0.21750999999999995 0.9285000000000001
0.22348999999999997 1.0275
-0.22348999999999997 1.0275

5
botleft
4
-1.5574999999999999 -0.001
0 -0.001
0 0.001
-1.5574999999999999 0.001

botright
4
0 -0.001
1.6115000000000002 -0.001
1.6115000000000002 0.001
0 0.001

lEnv
4
-1.0545099999999998 0.9285000000000001
-0.61949 0.9285000000000001
-0.61351 1.0275
-1.06049 1.0275

c2
4
0.28649 0.9285000000000001
0.4965100000000001 0.9285000000000001
0.5024900000000001 1.0275
0.28051000000000004 1.0275

rEnv
4
0.8984900000000001 0.9285000000000001
1.10851 0.9285000000000001
1.1144900000000002 1.0275
0.8925100000000001 1.0275


57
IMD4d1_damage
4
-1.0639239999999999 0.9185000000000001
-0.6100760000000001 0.9185000000000001
-0.609472 0.9285000000000001
-1.064528 0.9285000000000001
3.1

IMD4d1_damage
4
-0.22692399999999996 0.9185000000000001
0.22692399999999996 0.9185000000000001
0.22752799999999995 0.9285000000000001
-0.22752799999999995 0.9285000000000001
3.1

IMD4d1_damage
4
0.27707600000000004 0.9185000000000001
0.505924 0.9185000000000001
0.5065280000000001 0.9285000000000001
0.27647200000000005 0.9285000000000001
3.1

IMD4d1_damage
4
0.8890760000000002 0.9185000000000001
1.1179240000000001 0.9185000000000001
1.1185280000000002 0.9285000000000001
0.8884720000000002 0.9285000000000001
3.1

IMD4d2_damage
4
-1.0595189999999999 0.9285000000000001
-1.0545099999999998 0.9285000000000001
-1.06049 1.0275
-1.065499 1.0275
2.9

IMD4d2_damage
4
-0.61949 0.9285000000000001
-0.6144809999999999 0.9285000000000001
-0.608501 1.0275
-0.61351 1.0275
2.9

IMD4d2_damage
4
-0.22251899999999997 0.9285000000000001
-0.21750999999999995 0.9285000000000001
-0.22348999999999997 1.0275
-0.22849899999999998 1.0275
2.9

IMD4d2_damage
4
0.21750999999999995 0.9285000000000001
0.22251899999999997 0.9285000000000001
0.22849899999999998 1.0275
0.22348999999999997 1.0275
2.9

IMD4d2_damage
4
0.28148100000000004 0.9285000000000001
0.28649 0.9285000000000001
0.28051000000000004 1.0275
0.27550100000000005 1.0275
2.9

IMD4d2_damage
4
0.4965100000000001 0.9285000000000001
0.5015190000000002 0.9285000000000001
0.5074990000000001 1.0275
0.5024900000000001 1.0275
2.9

IMD4d2_damage
4
0.8934810000000001 0.9285000000000001
0.8984900000000001 0.9285000000000001
0.8925100000000001 1.0275
0.8875010000000001 1.0275
2.9

IMD4d2_damage
4
1.10851 0.9285000000000001
1.1135190000000001 0.9285000000000001
1.1194990000000002 1.0275
1.1144900000000002 1.0275
2.9

IMD4d2
4
-1.5574999999999999 0.9285000000000001
-1.0595189999999999 0.9285000000000001
-1.065499 1.0275
-1.5574999999999999 1.0275
2.65

IMD4d2
4
-0.6144809999999999 0.9285000000000001
-0.22251899999999997 0.9285000000000001
-0.22849899999999998 1.0275
-0.608501 1.0275
2.65

IMD4d2
4
0.22251899999999997 0.9285000000000001
0.28148100000000004 0.9285000000000001
0.27550100000000005 1.0275
0.22849899999999998 1.0275
2.65

IMD4d2
4
0.5015190000000002 0.9285000000000001
0.8934810000000001 0.9285000000000001
0.8875010000000001 1.0275
0.5074990000000001 1.0275
2.65

IMD4d2
4
1.1135190000000001 0.9285000000000001
1.6115000000000002 0.9285000000000001
1.6115000000000002 1.0275
1.1194990000000002 1.0275
2.65

IMD4d1
4
-1.5574999999999999 0.9185000000000001
-1.0639239999999999 0.9185000000000001
-1.064528 0.9285000000000001
-1.5574999999999999 0.9285000000000001
2.65

IMD4d1
4
-0.6100760000000001 0.9185000000000001
-0.22692399999999996 0.9185000000000001
-0.22752799999999995 0.9285000000000001
-0.609472 0.9285000000000001
2.65

IMD4d1
4
0.22692399999999996 0.9185000000000001
0.27707600000000004 0.9185000000000001
0.27647200000000005 0.9285000000000001
0.22752799999999995 0.9285000000000001
2.65

IMD4d1
4
0.505924 0.9185000000000001
0.8890760000000002 0.9185000000000001
0.8884720000000002 0.9285000000000001
0.5065280000000001 0.9285000000000001
2.65

IMD4d1
4
1.1179240000000001 0.9185000000000001
1.6115000000000002 0.9185000000000001
1.6115000000000002 0.9285000000000001
1.1185280000000002 0.9285000000000001
2.65

IMD4d1
4
-1.5574999999999999 0.9005
1.6115000000000002 0.9005
1.6115000000000002 0.9185000000000001
-1.5574999999999999 0.9185000000000001
2.65

FOXA+FOXB+TOX
4
-1.5574999999999999 0.001
1.6115000000000002 0.001
1.6115000000000002 0.2665
-1.5574999999999999 0.2665
4.0

ILD1a
4
-1.5574999999999999 0.2665
1.6115000000000002 0.2665
1.6115000000000002 0.2765
-1.5574999999999999 0.2765
7.0

ILD1b1+ILD1b2+ILD1b3
4
-1.5574999999999999 0.2765
1.6115000000000002 0.2765
1.6115000000000002 0.3955
-1.5574999999999999 0.3955
4.0

IMD1a
4
-1.5574999999999999 0.3955
1.6115000000000002 0.3955
1.6115000000000002 0.4065
-1.5574999999999999 0.4065
5.2

IMD1b
4
-1.5574999999999999 0.4065
1.6115000000000002 0.4065
1.6115000000000002 0.4665
-1.5574999999999999 0.4665
2.8

IMD2a
4
-1.5574999999999999 0.4665
1.6115000000000002 0.4665
1.6115000000000002 0.4875
-1.5574999999999999 0.4875
5.2

IMD2b
4
-1.5574999999999999 0.4875
1.6115000000000002 0.4875
1.6115000000000002 0.5025
-1.5574999999999999 0.5025
4.2

IMD2c
4
-1.5574999999999999 0.5025
1.6115000000000002 0.5025
1.6115000000000002 0.5265
-1.5574999999999999 0.5265
3.28

IMD2d1+IMD2d2
4
-1.5574999999999999 0.5265
1.6115000000000002 0.5265
1.6115000000000002 0.6535
-1.5574999999999999 0.6535
2.65

IMD3a
4
-1.5574999999999999 0.6535
1.6115000000000002 0.6535
1.6115000000000002 0.6745
-1.5574999999999999 0.6745
5.2

IMD3b
4
-1.5574999999999999 0.6745
1.6115000000000002 0.6745
1.6115000000000002 0.6895
-1.5574999999999999 0.6895
4.2

IMD3c
4
-1.5574999999999999 0.6895
1.6115000000000002 0.6895
1.6115000000000002 0.7135
-1.5574999999999999 0.7135
3.28

IMD3d1+IMD3d2
4
-1.5574999999999999 0.7135
1.6115000000000002 0.7135
1.6115000000000002 0.8405
-1.5574999999999999 0.8405
2.65

IMD4a
4
-1.5574999999999999 0.8405
1.6115000000000002 0.8405
1.6115000000000002 0.8615
-1.5574999999999999 0.8615
5.2

IMD4b
4
-1.5574999999999999 0.8615
1.6115000000000002 0.8615
1.6115000000000002 0.8765
-1.5574999999999999 0.8765
4.2

IMD4c
4
-1.5574999999999999 0.8765
1.6115000000000002 0.8765
1.6115000000000002 0.9005
-1.5574999999999999 0.9005
3.28

IMD5a
4
-1.5574999999999999 1.0275
1.6115000000000002 1.0275
1.6115000000000002 1.0485
-1.5574999999999999 1.0485
5.2

IMD5b
4
-1.5574999999999999 1.0485
1.6115000000000002 1.0485
1.6115000000000002 1.0635
-1.5574999999999999 1.0635
4.2

IMD5c
4
-1.5574999999999999 1.0635
1.6115000000000002 1.0635
1.6115000000000002 1.0875
-1.5574999999999999 1.0875
3.28

IMD5d1+IMD5d2
4
-1.5574999999999999 1.0875
1.6115000000000002 1.0875
1.6115000000000002 1.2145
-1.5574999999999999 1.2145
2.65

IMD6a
4
-1.5574999999999999 1.2145
1.6115000000000002 1.2145
1.6115000000000002 1.2355
-1.5574999999999999 1.2355
5.2

IMD6b
4
-1.5574999999999999 1.2355
1.6115000000000002 1.2355
1.6115000000000002 1.2505
-1.5574999999999999 1.2505
4.2

IMD6c
4
-1.5574999999999999 1.2505
1.6115000000000002 1.2505
1.6115000000000002 1.2745
-1.5574999999999999 1.2745
3.28

IMD6d1+IMD6d2
4
-1.5574999999999999 1.2745
1.6115000000000002 1.2745
1.6115000000000002 1.4015
-1.5574999999999999 1.4015
2.65

IMD7a
4
-1.5574999999999999 1.4015
1.6115000000000002 1.4015
1.6115000000000002 1.4765
-1.5574999999999999 1.4765
5.2

IMD7b1+IMD7b2
4
-1.5574999999999999 1.4765
1.6115000000000002 1.4765
1.6115000000000002 2.9765
-1.5574999999999999 2.9765
4.2

IMD8a
4
-1.5574999999999999 2.9765
1.6115000000000002 2.9765
1.6115000000000002 3.0515
-1.5574999999999999 3.0515
5.2

IMD8b1+IMD8b2
4
-1.5574999999999999 3.0515
1.6115000000000002 3.0515
1.6115000000000002 4.5515
-1.5574999999999999 4.5515
4.2

PASS1
4
-1.5574999999999999 4.5515
1.6115000000000002 4.5515
1.6115000000000002 4.6265
-1.5574999999999999 4.6265
7.0

PASS2
4
-1.5574999999999999 4.6265
1.6115000000000002 4.6265
1.6115000000000002 5.0265
-1.5574999999999999 5.0265
4.2

PASS3
4
-1.5574999999999999 5.0265
1.6115000000000002 5.0265
1.6115000000000002 5.1015
-1.5574999999999999 5.1015
7.0

PASS4+PASS5
4
-1.5574999999999999 5.1015
1.6115000000000002 5.1015
1.6115000000000002 6.0515
-1.5574999999999999 6.0515
4.2

PASS6
4
-1.5574999999999999 6.0515
1.6115000000000002 6.0515
1.6115000000000002 6.6515
-1.5574999999999999 6.6515
7.0

air_Layer
4
-1.5574999999999999 6.6515
1.6115000000000002 6.6515
1.6115000000000002 6.9485
-1.5574999999999999 6.9485
1.0


4
-1.5574999999999999 0.001
1.6115000000000002 0.001
1.6115000000000002 6.9485
-1.5574999999999999 6.9485

