c1
4
-0.4875100000000002 1.1155
0.48751 1.1155
0.49349 1.2145
-0.4934900000000002 1.2145

5
botleft
4
-2.0975 -0.001
0 -0.001
0 0.001
-2.0975 0.001

botright
4
0 -0.001
3.7265 -0.001
3.7265 0.001
0 0.001

lEnv
4
-1.59451 1.1155
-0.6194900000000002 1.1155
-0.6135100000000002 1.2145
-1.6004900000000002 1.2145

c2
4
1.1414900000000001 1.1155
2.11651 1.1155
2.12249 1.2145
1.13551 1.2145

rEnv
4
2.24849 1.1155
3.2235099999999997 1.1155
3.2294899999999997 1.2145
2.24251 1.2145


57
IMD5d1_damage
4
-1.6039240000000001 1.1055
-0.6100760000000003 1.1055
-0.6094720000000002 1.1155
-1.6045280000000002 1.1155
3.1

IMD5d1_damage
4
-0.4969240000000002 1.1055
0.496924 1.1055
0.49752799999999997 1.1155
-0.4975280000000002 1.1155
3.1

IMD5d1_damage
4
1.132076 1.1055
2.125924 1.1055
2.126528 1.1155
1.131472 1.1155
3.1

IMD5d1_damage
4
2.239076 1.1055
3.2329239999999997 1.1055
3.2335279999999997 1.1155
2.238472 1.1155
3.1

IMD5d2_damage
4
-1.5995190000000001 1.1155
-1.59451 1.1155
-1.6004900000000002 1.2145
-1.6054990000000002 1.2145
2.9

IMD5d2_damage
4
-0.6194900000000002 1.1155
-0.6144810000000002 1.1155
-0.6085010000000002 1.2145
-0.6135100000000002 1.2145
2.9

IMD5d2_damage
4
-0.4925190000000002 1.1155
-0.4875100000000002 1.1155
-0.4934900000000002 1.2145
-0.4984990000000002 1.2145
2.9

IMD5d2_damage
4
0.48751 1.1155
0.492519 1.1155
0.49849899999999997 1.2145
0.49349 1.2145
2.9

IMD5d2_damage
4
1.136481 1.1155
1.1414900000000001 1.1155
1.13551 1.2145
1.130501 1.2145
2.9

IMD5d2_damage
4
2.11651 1.1155
2.1215189999999997 1.1155
2.127499 1.2145
2.12249 1.2145
2.9

IMD5d2_damage
4
2.243481 1.1155
2.24849 1.1155
2.24251 1.2145
2.237501 1.2145
2.9

IMD5d2_damage
4
3.2235099999999997 1.1155
3.2285189999999995 1.1155
3.2344989999999996 1.2145
3.2294899999999997 1.2145
2.9

IMD5d2
4
-2.0975 1.1155
-1.5995190000000001 1.1155
-1.6054990000000002 1.2145
-2.0975 1.2145
2.65

IMD5d2
4
-0.6144810000000002 1.1155
-0.4925190000000002 1.1155
-0.4984990000000002 1.2145
-0.6085010000000002 1.2145
2.65

IMD5d2
4
0.492519 1.1155
1.136481 1.1155
1.130501 1.2145
0.49849899999999997 1.2145
2.65

IMD5d2
4
2.1215189999999997 1.1155
2.243481 1.1155
2.237501 1.2145
2.127499 1.2145
2.65

IMD5d2
4
3.2285189999999995 1.1155
3.7265 1.1155
3.7265 1.2145
3.2344989999999996 1.2145
2.65

IMD5d1
4
-2.0975 1.1055
-1.6039240000000001 1.1055
-1.6045280000000002 1.1155
-2.0975 1.1155
2.65

IMD5d1
4
-0.6100760000000003 1.1055
-0.4969240000000002 1.1055
-0.4975280000000002 1.1155
-0.6094720000000002 1.1155
2.65

IMD5d1
4
0.496924 1.1055
1.132076 1.1055
1.131472 1.1155
0.49752799999999997 1.1155
2.65

IMD5d1
4
2.125924 1.1055
2.239076 1.1055
2.238472 1.1155
2.126528 1.1155
2.65

IMD5d1
4
3.2329239999999997 1.1055
3.7265 1.1055
3.7265 1.1155
3.2335279999999997 1.1155
2.65

IMD5d1
4
-2.0975 1.0875
3.7265 1.0875
3.7265 1.1055
-2.0975 1.1055
2.65

FOXA+FOXB+TOX
4
-2.0975 0.001
3.7265 0.001
3.7265 0.2665
-2.0975 0.2665
4.0

ILD1a
4
-2.0975 0.2665
3.7265 0.2665
3.7265 0.2765
-2.0975 0.2765
7.0

ILD1b1+ILD1b2+ILD1b3
4
-2.0975 0.2765
3.7265 0.2765
3.7265 0.3955
-2.0975 0.3955
4.0

IMD1a
4
-2.0975 0.3955
3.7265 0.3955
3.7265 0.4065
-2.0975 0.4065
5.2

IMD1b
4
-2.0975 0.4065
3.7265 0.4065
3.7265 0.4665
-2.0975 0.4665
2.8

IMD2a
4
-2.0975 0.4665
3.7265 0.4665
3.7265 0.4875
-2.0975 0.4875
5.2

IMD2b
4
-2.0975 0.4875
3.7265 0.4875
3.7265 0.5025
-2.0975 0.5025
4.2

IMD2c
4
-2.0975 0.5025
3.7265 0.5025
3.7265 0.5265
-2.0975 0.5265
3.28

IMD2d1+IMD2d2
4
-2.0975 0.5265
3.7265 0.5265
3.7265 0.6535
-2.0975 0.6535
2.65

IMD3a
4
-2.0975 0.6535
3.7265 0.6535
3.7265 0.6745
-2.0975 0.6745
5.2

IMD3b
4
-2.0975 0.6745
3.7265 0.6745
3.7265 0.6895
-2.0975 0.6895
4.2

IMD3c
4
-2.0975 0.6895
3.7265 0.6895
3.7265 0.7135
-2.0975 0.7135
3.28

IMD3d1+IMD3d2
4
-2.0975 0.7135
3.7265 0.7135
3.7265 0.8405
-2.0975 0.8405
2.65

IMD4a
4
-2.0975 0.8405
3.7265 0.8405
3.7265 0.8615
-2.0975 0.8615
5.2

IMD4b
4
-2.0975 0.8615
3.7265 0.8615
3.7265 0.8765
-2.0975 0.8765
4.2

IMD4c
4
-2.0975 0.8765
3.7265 0.8765
3.7265 0.9005
-2.0975 0.9005
3.28

IMD4d1+IMD4d2
4
-2.0975 0.9005
3.7265 0.9005
3.7265 1.0275
-2.0975 1.0275
2.65

IMD5a
4
-2.0975 1.0275
3.7265 1.0275
3.7265 1.0485
-2.0975 1.0485
5.2

IMD5b
4
-2.0975 1.0485
3.7265 1.0485
3.7265 1.0635
-2.0975 1.0635
4.2

IMD5c
4
-2.0975 1.0635
3.7265 1.0635
3.7265 1.0875
-2.0975 1.0875
3.28

IMD6a
4
-2.0975 1.2145
3.7265 1.2145
3.7265 1.2355
-2.0975 1.2355
5.2

IMD6b
4
-2.0975 1.2355
3.7265 1.2355
3.7265 1.2505
-2.0975 1.2505
4.2

IMD6c
4
-2.0975 1.2505
3.7265 1.2505
3.7265 1.2745
-2.0975 1.2745
3.28

IMD6d1+IMD6d2
4
-2.0975 1.2745
3.7265 1.2745
3.7265 1.4015
-2.0975 1.4015
2.65

IMD7a
4
-2.0975 1.4015
3.7265 1.4015
3.7265 1.4765
-2.0975 1.4765
5.2

IMD7b1+IMD7b2
4
-2.0975 1.4765
3.7265 1.4765
3.7265 2.9765
-2.0975 2.9765
4.2

IMD8a
4
-2.0975 2.9765
3.7265 2.9765
3.7265 3.0515
-2.0975 3.0515
5.2

IMD8b1+IMD8b2
4
-2.0975 3.0515
3.7265 3.0515
3.7265 4.5515
-2.0975 4.5515
4.2

PASS1
4
-2.0975 4.5515
3.7265 4.5515
3.7265 4.6265
-2.0975 4.6265
7.0

PASS2
4
-2.0975 4.6265
3.7265 4.6265
3.7265 5.0265
-2.0975 5.0265
4.2

PASS3
4
-2.0975 5.0265
3.7265 5.0265
3.7265 5.1015
-2.0975 5.1015
7.0

PASS4+PASS5
4
-2.0975 5.1015
3.7265 5.1015
3.7265 6.0515
-2.0975 6.0515
4.2

PASS6
4
-2.0975 6.0515
3.7265 6.0515
3.7265 6.6515
-2.0975 6.6515
7.0

air_Layer
4
-2.0975 6.6515
3.7265 6.6515
3.7265 6.9485
-2.0975 6.9485
1.0


4
-2.0975 0.001
3.7265 0.001
3.7265 6.9485
-2.0975 6.9485

