c1
4
-0.35251 0.7415
0.35251 0.7415
0.35849 0.8405
-0.35849 0.8405

5
botleft
4
-1.6925 -0.001
0 -0.001
0 0.001
-1.6925 0.001

botright
4
0 -0.001
2.7364999999999995 -0.001
2.7364999999999995 0.001
0 0.001

lEnv
4
-1.1895099999999998 0.7415
-0.48449 0.7415
-0.47851 0.8405
-1.19549 0.8405

c2
4
0.69149 0.7415
1.3965099999999997 0.7415
1.4024899999999998 0.8405
0.6855100000000001 0.8405

rEnv
4
1.5284899999999997 0.7415
2.2335099999999994 0.7415
2.2394899999999995 0.8405
1.5225099999999996 0.8405


57
IMD3d1_damage
4
-1.1989239999999999 0.7315
-0.475076 0.7315
-0.474472 0.7415
-1.199528 0.7415
3.1

IMD3d1_damage
4
-0.36192399999999997 0.7315
0.36192399999999997 0.7315
0.36252799999999996 0.7415
-0.36252799999999996 0.7415
3.1

IMD3d1_damage
4
0.6820760000000001 0.7315
1.4059239999999997 0.7315
1.4065279999999998 0.7415
0.6814720000000001 0.7415
3.1

IMD3d1_damage
4
1.5190759999999996 0.7315
2.2429239999999995 0.7315
2.2435279999999995 0.7415
1.5184719999999996 0.7415
3.1

IMD3d2_damage
4
-1.1945189999999999 0.7415
-1.1895099999999998 0.7415
-1.19549 0.8405
-1.200499 0.8405
2.9

IMD3d2_damage
4
-0.48449 0.7415
-0.479481 0.7415
-0.473501 0.8405
-0.47851 0.8405
2.9

IMD3d2_damage
4
-0.357519 0.7415
-0.35251 0.7415
-0.35849 0.8405
-0.36349899999999996 0.8405
2.9

IMD3d2_damage
4
0.35251 0.7415
0.357519 0.7415
0.36349899999999996 0.8405
0.35849 0.8405
2.9

IMD3d2_damage
4
0.686481 0.7415
0.69149 0.7415
0.6855100000000001 0.8405
0.680501 0.8405
2.9

IMD3d2_damage
4
1.3965099999999997 0.7415
1.4015189999999997 0.7415
1.4074989999999998 0.8405
1.4024899999999998 0.8405
2.9

IMD3d2_damage
4
1.5234809999999996 0.7415
1.5284899999999997 0.7415
1.5225099999999996 0.8405
1.5175009999999995 0.8405
2.9

IMD3d2_damage
4
2.2335099999999994 0.7415
2.2385189999999993 0.7415
2.2444989999999994 0.8405
2.2394899999999995 0.8405
2.9

IMD3d2
4
-1.6925 0.7415
-1.1945189999999999 0.7415
-1.200499 0.8405
-1.6925 0.8405
2.65

IMD3d2
4
-0.479481 0.7415
-0.357519 0.7415
-0.36349899999999996 0.8405
-0.473501 0.8405
2.65

IMD3d2
4
0.357519 0.7415
0.686481 0.7415
0.680501 0.8405
0.36349899999999996 0.8405
2.65

IMD3d2
4
1.4015189999999997 0.7415
1.5234809999999996 0.7415
1.5175009999999995 0.8405
1.4074989999999998 0.8405
2.65

IMD3d2
4
2.2385189999999993 0.7415
2.7364999999999995 0.7415
2.7364999999999995 0.8405
2.2444989999999994 0.8405
2.65

IMD3d1
4
-1.6925 0.7315
-1.1989239999999999 0.7315
-1.199528 0.7415
-1.6925 0.7415
2.65

IMD3d1
4
-0.475076 0.7315
-0.36192399999999997 0.7315
-0.36252799999999996 0.7415
-0.474472 0.7415
2.65

IMD3d1
4
0.36192399999999997 0.7315
0.6820760000000001 0.7315
0.6814720000000001 0.7415
0.36252799999999996 0.7415
2.65

IMD3d1
4
1.4059239999999997 0.7315
1.5190759999999996 0.7315
1.5184719999999996 0.7415
1.4065279999999998 0.7415
2.65

IMD3d1
4
2.2429239999999995 0.7315
2.7364999999999995 0.7315
2.7364999999999995 0.7415
2.2435279999999995 0.7415
2.65

IMD3d1
4
-1.6925 0.7135
2.7364999999999995 0.7135
2.7364999999999995 0.7315
-1.6925 0.7315
2.65

FOXA+FOXB+TOX
4
-1.6925 0.001
2.7364999999999995 0.001
2.7364999999999995 0.2665
-1.6925 0.2665
4.0

ILD1a
4
-1.6925 0.2665
2.7364999999999995 0.2665
2.7364999999999995 0.2765
-1.6925 0.2765
7.0

ILD1b1+ILD1b2+ILD1b3
4
-1.6925 0.2765
2.7364999999999995 0.2765
2.7364999999999995 0.3955
-1.6925 0.3955
4.0

IMD1a
4
-1.6925 0.3955
2.7364999999999995 0.3955
2.7364999999999995 0.4065
-1.6925 0.4065
5.2

IMD1b
4
-1.6925 0.4065
2.7364999999999995 0.4065
2.7364999999999995 0.4665
-1.6925 0.4665
2.8

IMD2a
4
-1.6925 0.4665
2.7364999999999995 0.4665
2.7364999999999995 0.4875
-1.6925 0.4875
5.2

IMD2b
4
-1.6925 0.4875
2.7364999999999995 0.4875
2.7364999999999995 0.5025
-1.6925 0.5025
4.2

IMD2c
4
-1.6925 0.5025
2.7364999999999995 0.5025
2.7364999999999995 0.5265
-1.6925 0.5265
3.28

IMD2d1+IMD2d2
4
-1.6925 0.5265
2.7364999999999995 0.5265
2.7364999999999995 0.6535
-1.6925 0.6535
2.65

IMD3a
4
-1.6925 0.6535
2.7364999999999995 0.6535
2.7364999999999995 0.6745
-1.6925 0.6745
5.2

IMD3b
4
-1.6925 0.6745
2.7364999999999995 0.6745
2.7364999999999995 0.6895
-1.6925 0.6895
4.2

IMD3c
4
-1.6925 0.6895
2.7364999999999995 0.6895
2.7364999999999995 0.7135
-1.6925 0.7135
3.28

IMD4a
4
-1.6925 0.8405
2.7364999999999995 0.8405
2.7364999999999995 0.8615
-1.6925 0.8615
5.2

IMD4b
4
-1.6925 0.8615
2.7364999999999995 0.8615
2.7364999999999995 0.8765
-1.6925 0.8765
4.2

IMD4c
4
-1.6925 0.8765
2.7364999999999995 0.8765
2.7364999999999995 0.9005
-1.6925 0.9005
3.28

IMD4d1+IMD4d2
4
-1.6925 0.9005
2.7364999999999995 0.9005
2.7364999999999995 1.0275
-1.6925 1.0275
2.65

IMD5a
4
-1.6925 1.0275
2.7364999999999995 1.0275
2.7364999999999995 1.0485
-1.6925 1.0485
5.2

IMD5b
4
-1.6925 1.0485
2.7364999999999995 1.0485
2.7364999999999995 1.0635
-1.6925 1.0635
4.2

IMD5c
4
-1.6925 1.0635
2.7364999999999995 1.0635
2.7364999999999995 1.0875
-1.6925 1.0875
3.28

IMD5d1+IMD5d2
4
-1.6925 1.0875
2.7364999999999995 1.0875
2.7364999999999995 1.2145
-1.6925 1.2145
2.65

IMD6a
4
-1.6925 1.2145
2.7364999999999995 1.2145
2.7364999999999995 1.2355
-1.6925 1.2355
5.2

IMD6b
4
-1.6925 1.2355
2.7364999999999995 1.2355
2.7364999999999995 1.2505
-1.6925 1.2505
4.2

IMD6c
4
-1.6925 1.2505
2.7364999999999995 1.2505
2.7364999999999995 1.2745
-1.6925 1.2745
3.28

IMD6d1+IMD6d2
4
-1.6925 1.2745
2.7364999999999995 1.2745
2.7364999999999995 1.4015
-1.6925 1.4015
2.65

IMD7a
4
-1.6925 1.4015
2.7364999999999995 1.4015
2.7364999999999995 1.4765
-1.6925 1.4765
5.2

IMD7b1+IMD7b2
4
-1.6925 1.4765
2.7364999999999995 1.4765
2.7364999999999995 2.9765
-1.6925 2.9765
4.2

IMD8a
4
-1.6925 2.9765
2.7364999999999995 2.9765
2.7364999999999995 3.0515
-1.6925 3.0515
5.2

IMD8b1+IMD8b2
4
-1.6925 3.0515
2.7364999999999995 3.0515
2.7364999999999995 4.5515
-1.6925 4.5515
4.2

PASS1
4
-1.6925 4.5515
2.7364999999999995 4.5515
2.7364999999999995 4.6265
-1.6925 4.6265
7.0

PASS2
4
-1.6925 4.6265
2.7364999999999995 4.6265
2.7364999999999995 5.0265
-1.6925 5.0265
4.2

PASS3
4
-1.6925 5.0265
2.7364999999999995 5.0265
2.7364999999999995 5.1015
-1.6925 5.1015
7.0

PASS4+PASS5
4
-1.6925 5.1015
2.7364999999999995 5.1015
2.7364999999999995 6.0515
-1.6925 6.0515
4.2

PASS6
4
-1.6925 6.0515
2.7364999999999995 6.0515
2.7364999999999995 6.6515
-1.6925 6.6515
7.0

air_Layer
4
-1.6925 6.6515
2.7364999999999995 6.6515
2.7364999999999995 6.9485
-1.6925 6.9485
1.0


4
-1.6925 0.001
2.7364999999999995 0.001
2.7364999999999995 6.9485
-1.6925 6.9485

