c1
4
-0.28501 1.3025
0.2850099999999999 1.3025
0.29098999999999986 1.4015
-0.29098999999999997 1.4015

5
botleft
4
-1.4 -0.001
0 -0.001
0 0.001
-1.4 0.001

botright
4
0 -0.001
2.3089999999999997 -0.001
2.3089999999999997 0.001
0 0.001

lEnv
4
-0.89701 1.3025
-0.32699 1.3025
-0.32101 1.4015
-0.90299 1.4015

c2
4
0.6239899999999999 1.3025
1.1940099999999996 1.3025
1.1999899999999997 1.4015
0.61801 1.4015

rEnv
4
1.2359899999999997 1.3025
1.8060099999999997 1.3025
1.8119899999999998 1.4015
1.2300099999999996 1.4015


57
IMD6d1_damage
4
-0.9064239999999999 1.2925
-0.317576 1.2925
-0.31697200000000003 1.3025
-0.907028 1.3025
3.1

IMD6d1_damage
4
-0.29442399999999996 1.2925
0.29442399999999985 1.2925
0.29502799999999985 1.3025
-0.29502799999999996 1.3025
3.1

IMD6d1_damage
4
0.614576 1.2925
1.2034239999999996 1.2925
1.2040279999999997 1.3025
0.613972 1.3025
3.1

IMD6d1_damage
4
1.2265759999999997 1.2925
1.8154239999999997 1.2925
1.8160279999999998 1.3025
1.2259719999999996 1.3025
3.1

IMD6d2_damage
4
-0.902019 1.3025
-0.89701 1.3025
-0.90299 1.4015
-0.907999 1.4015
2.9

IMD6d2_damage
4
-0.32699 1.3025
-0.321981 1.3025
-0.31600100000000003 1.4015
-0.32101 1.4015
2.9

IMD6d2_damage
4
-0.29001899999999997 1.3025
-0.28501 1.3025
-0.29098999999999997 1.4015
-0.29599899999999996 1.4015
2.9

IMD6d2_damage
4
0.2850099999999999 1.3025
0.29001899999999986 1.3025
0.29599899999999985 1.4015
0.29098999999999986 1.4015
2.9

IMD6d2_damage
4
0.6189809999999999 1.3025
0.6239899999999999 1.3025
0.61801 1.4015
0.6130009999999999 1.4015
2.9

IMD6d2_damage
4
1.1940099999999996 1.3025
1.1990189999999996 1.3025
1.2049989999999997 1.4015
1.1999899999999997 1.4015
2.9

IMD6d2_damage
4
1.2309809999999997 1.3025
1.2359899999999997 1.3025
1.2300099999999996 1.4015
1.2250009999999996 1.4015
2.9

IMD6d2_damage
4
1.8060099999999997 1.3025
1.8110189999999997 1.3025
1.8169989999999998 1.4015
1.8119899999999998 1.4015
2.9

IMD6d2
4
-1.4 1.3025
-0.902019 1.3025
-0.907999 1.4015
-1.4 1.4015
2.65

IMD6d2
4
-0.321981 1.3025
-0.29001899999999997 1.3025
-0.29599899999999996 1.4015
-0.31600100000000003 1.4015
2.65

IMD6d2
4
0.29001899999999986 1.3025
0.6189809999999999 1.3025
0.6130009999999999 1.4015
0.29599899999999985 1.4015
2.65

IMD6d2
4
1.1990189999999996 1.3025
1.2309809999999997 1.3025
1.2250009999999996 1.4015
1.2049989999999997 1.4015
2.65

IMD6d2
4
1.8110189999999997 1.3025
2.3089999999999997 1.3025
2.3089999999999997 1.4015
1.8169989999999998 1.4015
2.65

IMD6d1
4
-1.4 1.2925
-0.9064239999999999 1.2925
-0.907028 1.3025
-1.4 1.3025
2.65

IMD6d1
4
-0.317576 1.2925
-0.29442399999999996 1.2925
-0.29502799999999996 1.3025
-0.31697200000000003 1.3025
2.65

IMD6d1
4
0.29442399999999985 1.2925
0.614576 1.2925
0.613972 1.3025
0.29502799999999985 1.3025
2.65

IMD6d1
4
1.2034239999999996 1.2925
1.2265759999999997 1.2925
1.2259719999999996 1.3025
1.2040279999999997 1.3025
2.65

IMD6d1
4
1.8154239999999997 1.2925
2.3089999999999997 1.2925
2.3089999999999997 1.3025
1.8160279999999998 1.3025
2.65

IMD6d1
4
-1.4 1.2745
2.3089999999999997 1.2745
2.3089999999999997 1.2925
-1.4 1.2925
2.65

FOXA+FOXB+TOX
4
-1.4 0.001
2.3089999999999997 0.001
2.3089999999999997 0.2665
-1.4 0.2665
4.0

ILD1a
4
-1.4 0.2665
2.3089999999999997 0.2665
2.3089999999999997 0.2765
-1.4 0.2765
7.0

ILD1b1+ILD1b2+ILD1b3
4
-1.4 0.2765
2.3089999999999997 0.2765
2.3089999999999997 0.3955
-1.4 0.3955
4.0

IMD1a
4
-1.4 0.3955
2.3089999999999997 0.3955
2.3089999999999997 0.4065
-1.4 0.4065
5.2

IMD1b
4
-1.4 0.4065
2.3089999999999997 0.4065
2.3089999999999997 0.4665
-1.4 0.4665
2.8

IMD2a
4
-1.4 0.4665
2.3089999999999997 0.4665
2.3089999999999997 0.4875
-1.4 0.4875
5.2

IMD2b
4
-1.4 0.4875
2.3089999999999997 0.4875
2.3089999999999997 0.5025
-1.4 0.5025
4.2

IMD2c
4
-1.4 0.5025
2.3089999999999997 0.5025
2.3089999999999997 0.5265
-1.4 0.5265
3.28

IMD2d1+IMD2d2
4
-1.4 0.5265
2.3089999999999997 0.5265
2.3089999999999997 0.6535
-1.4 0.6535
2.65

IMD3a
4
-1.4 0.6535
2.3089999999999997 0.6535
2.3089999999999997 0.6745
-1.4 0.6745
5.2

IMD3b
4
-1.4 0.6745
2.3089999999999997 0.6745
2.3089999999999997 0.6895
-1.4 0.6895
4.2

IMD3c
4
-1.4 0.6895
2.3089999999999997 0.6895
2.3089999999999997 0.7135
-1.4 0.7135
3.28

IMD3d1+IMD3d2
4
-1.4 0.7135
2.3089999999999997 0.7135
2.3089999999999997 0.8405
-1.4 0.8405
2.65

IMD4a
4
-1.4 0.8405
2.3089999999999997 0.8405
2.3089999999999997 0.8615
-1.4 0.8615
5.2

IMD4b
4
-1.4 0.8615
2.3089999999999997 0.8615
2.3089999999999997 0.8765
-1.4 0.8765
4.2

IMD4c
4
-1.4 0.8765
2.3089999999999997 0.8765
2.3089999999999997 0.9005
-1.4 0.9005
3.28

IMD4d1+IMD4d2
4
-1.4 0.9005
2.3089999999999997 0.9005
2.3089999999999997 1.0275
-1.4 1.0275
2.65

IMD5a
4
-1.4 1.0275
2.3089999999999997 1.0275
2.3089999999999997 1.0485
-1.4 1.0485
5.2

IMD5b
4
-1.4 1.0485
2.3089999999999997 1.0485
2.3089999999999997 1.0635
-1.4 1.0635
4.2

IMD5c
4
-1.4 1.0635
2.3089999999999997 1.0635
2.3089999999999997 1.0875
-1.4 1.0875
3.28

IMD5d1+IMD5d2
4
-1.4 1.0875
2.3089999999999997 1.0875
2.3089999999999997 1.2145
-1.4 1.2145
2.65

IMD6a
4
-1.4 1.2145
2.3089999999999997 1.2145
2.3089999999999997 1.2355
-1.4 1.2355
5.2

IMD6b
4
-1.4 1.2355
2.3089999999999997 1.2355
2.3089999999999997 1.2505
-1.4 1.2505
4.2

IMD6c
4
-1.4 1.2505
2.3089999999999997 1.2505
2.3089999999999997 1.2745
-1.4 1.2745
3.28

IMD7a
4
-1.4 1.4015
2.3089999999999997 1.4015
2.3089999999999997 1.4765
-1.4 1.4765
5.2

IMD7b1+IMD7b2
4
-1.4 1.4765
2.3089999999999997 1.4765
2.3089999999999997 2.9765
-1.4 2.9765
4.2

IMD8a
4
-1.4 2.9765
2.3089999999999997 2.9765
2.3089999999999997 3.0515
-1.4 3.0515
5.2

IMD8b1+IMD8b2
4
-1.4 3.0515
2.3089999999999997 3.0515
2.3089999999999997 4.5515
-1.4 4.5515
4.2

PASS1
4
-1.4 4.5515
2.3089999999999997 4.5515
2.3089999999999997 4.6265
-1.4 4.6265
7.0

PASS2
4
-1.4 4.6265
2.3089999999999997 4.6265
2.3089999999999997 5.0265
-1.4 5.0265
4.2

PASS3
4
-1.4 5.0265
2.3089999999999997 5.0265
2.3089999999999997 5.1015
-1.4 5.1015
7.0

PASS4+PASS5
4
-1.4 5.1015
2.3089999999999997 5.1015
2.3089999999999997 6.0515
-1.4 6.0515
4.2

PASS6
4
-1.4 6.0515
2.3089999999999997 6.0515
2.3089999999999997 6.6515
-1.4 6.6515
7.0

air_Layer
4
-1.4 6.6515
2.3089999999999997 6.6515
2.3089999999999997 6.9485
-1.4 6.9485
1.0


4
-1.4 0.001
2.3089999999999997 0.001
2.3089999999999997 6.9485
-1.4 6.9485

