c1
4
-0.48751 0.9285000000000001
0.48751 0.9285000000000001
0.49349 1.0275
-0.49349 1.0275

5
botleft
4
-2.1875 -0.001
0 -0.001
0 0.001
-2.1875 0.001

botright
4
0 -0.001
3.9515 -0.001
3.9515 0.001
0 0.001

lEnv
4
-1.68451 0.9285000000000001
-0.7094900000000001 0.9285000000000001
-0.7035100000000001 1.0275
-1.69049 1.0275

c2
4
1.27649 0.9285000000000001
2.2515099999999997 0.9285000000000001
2.2574899999999998 1.0275
1.2705099999999998 1.0275

rEnv
4
2.4734899999999995 0.9285000000000001
3.4485099999999993 0.9285000000000001
3.4544899999999994 1.0275
2.4675099999999994 1.0275


57
IMD4d1_damage
4
-1.693924 0.9185000000000001
-0.7000760000000001 0.9185000000000001
-0.6994720000000001 0.9285000000000001
-1.694528 0.9285000000000001
3.1

IMD4d1_damage
4
-0.496924 0.9185000000000001
0.496924 0.9185000000000001
0.49752799999999997 0.9285000000000001
-0.49752799999999997 0.9285000000000001
3.1

IMD4d1_damage
4
1.2670759999999999 0.9185000000000001
2.2609239999999997 0.9185000000000001
2.2615279999999998 0.9285000000000001
1.2664719999999998 0.9285000000000001
3.1

IMD4d1_damage
4
2.4640759999999995 0.9185000000000001
3.4579239999999993 0.9185000000000001
3.4585279999999994 0.9285000000000001
2.4634719999999994 0.9285000000000001
3.1

IMD4d2_damage
4
-1.689519 0.9285000000000001
-1.68451 0.9285000000000001
-1.69049 1.0275
-1.695499 1.0275
2.9

IMD4d2_damage
4
-0.7094900000000001 0.9285000000000001
-0.704481 0.9285000000000001
-0.698501 1.0275
-0.7035100000000001 1.0275
2.9

IMD4d2_damage
4
-0.492519 0.9285000000000001
-0.48751 0.9285000000000001
-0.49349 1.0275
-0.49849899999999997 1.0275
2.9

IMD4d2_damage
4
0.48751 0.9285000000000001
0.492519 0.9285000000000001
0.49849899999999997 1.0275
0.49349 1.0275
2.9

IMD4d2_damage
4
1.2714809999999999 0.9285000000000001
1.27649 0.9285000000000001
1.2705099999999998 1.0275
1.2655009999999998 1.0275
2.9

IMD4d2_damage
4
2.2515099999999997 0.9285000000000001
2.2565189999999995 0.9285000000000001
2.2624989999999996 1.0275
2.2574899999999998 1.0275
2.9

IMD4d2_damage
4
2.4684809999999997 0.9285000000000001
2.4734899999999995 0.9285000000000001
2.4675099999999994 1.0275
2.4625009999999996 1.0275
2.9

IMD4d2_damage
4
3.4485099999999993 0.9285000000000001
3.453518999999999 0.9285000000000001
3.459498999999999 1.0275
3.4544899999999994 1.0275
2.9

IMD4d2
4
-2.1875 0.9285000000000001
-1.689519 0.9285000000000001
-1.695499 1.0275
-2.1875 1.0275
2.65

IMD4d2
4
-0.704481 0.9285000000000001
-0.492519 0.9285000000000001
-0.49849899999999997 1.0275
-0.698501 1.0275
2.65

IMD4d2
4
0.492519 0.9285000000000001
1.2714809999999999 0.9285000000000001
1.2655009999999998 1.0275
0.49849899999999997 1.0275
2.65

IMD4d2
4
2.2565189999999995 0.9285000000000001
2.4684809999999997 0.9285000000000001
2.4625009999999996 1.0275
2.2624989999999996 1.0275
2.65

IMD4d2
4
3.453518999999999 0.9285000000000001
3.9515 0.9285000000000001
3.9515 1.0275
3.459498999999999 1.0275
2.65

IMD4d1
4
-2.1875 0.9185000000000001
-1.693924 0.9185000000000001
-1.694528 0.9285000000000001
-2.1875 0.9285000000000001
2.65

IMD4d1
4
-0.7000760000000001 0.9185000000000001
-0.496924 0.9185000000000001
-0.49752799999999997 0.9285000000000001
-0.6994720000000001 0.9285000000000001
2.65

IMD4d1
4
0.496924 0.9185000000000001
1.2670759999999999 0.9185000000000001
1.2664719999999998 0.9285000000000001
0.49752799999999997 0.9285000000000001
2.65

IMD4d1
4
2.2609239999999997 0.9185000000000001
2.4640759999999995 0.9185000000000001
2.4634719999999994 0.9285000000000001
2.2615279999999998 0.9285000000000001
2.65

IMD4d1
4
3.4579239999999993 0.9185000000000001
3.9515 0.9185000000000001
3.9515 0.9285000000000001
3.4585279999999994 0.9285000000000001
2.65

IMD4d1
4
-2.1875 0.9005
3.9515 0.9005
3.9515 0.9185000000000001
-2.1875 0.9185000000000001
2.65

FOXA+FOXB+TOX
4
-2.1875 0.001
3.9515 0.001
3.9515 0.2665
-2.1875 0.2665
4.0

ILD1a
4
-2.1875 0.2665
3.9515 0.2665
3.9515 0.2765
-2.1875 0.2765
7.0

ILD1b1+ILD1b2+ILD1b3
4
-2.1875 0.2765
3.9515 0.2765
3.9515 0.3955
-2.1875 0.3955
4.0

IMD1a
4
-2.1875 0.3955
3.9515 0.3955
3.9515 0.4065
-2.1875 0.4065
5.2

IMD1b
4
-2.1875 0.4065
3.9515 0.4065
3.9515 0.4665
-2.1875 0.4665
2.8

IMD2a
4
-2.1875 0.4665
3.9515 0.4665
3.9515 0.4875
-2.1875 0.4875
5.2

IMD2b
4
-2.1875 0.4875
3.9515 0.4875
3.9515 0.5025
-2.1875 0.5025
4.2

IMD2c
4
-2.1875 0.5025
3.9515 0.5025
3.9515 0.5265
-2.1875 0.5265
3.28

IMD2d1+IMD2d2
4
-2.1875 0.5265
3.9515 0.5265
3.9515 0.6535
-2.1875 0.6535
2.65

IMD3a
4
-2.1875 0.6535
3.9515 0.6535
3.9515 0.6745
-2.1875 0.6745
5.2

IMD3b
4
-2.1875 0.6745
3.9515 0.6745
3.9515 0.6895
-2.1875 0.6895
4.2

IMD3c
4
-2.1875 0.6895
3.9515 0.6895
3.9515 0.7135
-2.1875 0.7135
3.28

IMD3d1+IMD3d2
4
-2.1875 0.7135
3.9515 0.7135
3.9515 0.8405
-2.1875 0.8405
2.65

IMD4a
4
-2.1875 0.8405
3.9515 0.8405
3.9515 0.8615
-2.1875 0.8615
5.2

IMD4b
4
-2.1875 0.8615
3.9515 0.8615
3.9515 0.8765
-2.1875 0.8765
4.2

IMD4c
4
-2.1875 0.8765
3.9515 0.8765
3.9515 0.9005
-2.1875 0.9005
3.28

IMD5a
4
-2.1875 1.0275
3.9515 1.0275
3.9515 1.0485
-2.1875 1.0485
5.2

IMD5b
4
-2.1875 1.0485
3.9515 1.0485
3.9515 1.0635
-2.1875 1.0635
4.2

IMD5c
4
-2.1875 1.0635
3.9515 1.0635
3.9515 1.0875
-2.1875 1.0875
3.28

IMD5d1+IMD5d2
4
-2.1875 1.0875
3.9515 1.0875
3.9515 1.2145
-2.1875 1.2145
2.65

IMD6a
4
-2.1875 1.2145
3.9515 1.2145
3.9515 1.2355
-2.1875 1.2355
5.2

IMD6b
4
-2.1875 1.2355
3.9515 1.2355
3.9515 1.2505
-2.1875 1.2505
4.2

IMD6c
4
-2.1875 1.2505
3.9515 1.2505
3.9515 1.2745
-2.1875 1.2745
3.28

IMD6d1+IMD6d2
4
-2.1875 1.2745
3.9515 1.2745
3.9515 1.4015
-2.1875 1.4015
2.65

IMD7a
4
-2.1875 1.4015
3.9515 1.4015
3.9515 1.4765
-2.1875 1.4765
5.2

IMD7b1+IMD7b2
4
-2.1875 1.4765
3.9515 1.4765
3.9515 2.9765
-2.1875 2.9765
4.2

IMD8a
4
-2.1875 2.9765
3.9515 2.9765
3.9515 3.0515
-2.1875 3.0515
5.2

IMD8b1+IMD8b2
4
-2.1875 3.0515
3.9515 3.0515
3.9515 4.5515
-2.1875 4.5515
4.2

PASS1
4
-2.1875 4.5515
3.9515 4.5515
3.9515 4.6265
-2.1875 4.6265
7.0

PASS2
4
-2.1875 4.6265
3.9515 4.6265
3.9515 5.0265
-2.1875 5.0265
4.2

PASS3
4
-2.1875 5.0265
3.9515 5.0265
3.9515 5.1015
-2.1875 5.1015
7.0

PASS4+PASS5
4
-2.1875 5.1015
3.9515 5.1015
3.9515 6.0515
-2.1875 6.0515
4.2

PASS6
4
-2.1875 6.0515
3.9515 6.0515
3.9515 6.6515
-2.1875 6.6515
7.0

air_Layer
4
-2.1875 6.6515
3.9515 6.6515
3.9515 6.9485
-2.1875 6.9485
1.0


4
-2.1875 0.001
3.9515 0.001
3.9515 6.9485
-2.1875 6.9485

