c1
4
-0.4200100000000001 1.3025
0.4200100000000001 1.3025
0.4259900000000001 1.4015
-0.4259900000000001 1.4015

5
botleft
4
-2.165 -0.001
0 -0.001
0 0.001
-2.165 0.001

botright
4
0 -0.001
2.9389999999999996 -0.001
2.9389999999999996 0.001
0 0.001

lEnv
4
-1.66201 1.3025
-0.8219900000000001 1.3025
-0.8160100000000001 1.4015
-1.66799 1.4015

c2
4
0.89399 1.3025
1.4640099999999996 1.3025
1.4699899999999997 1.4015
0.88801 1.4015

rEnv
4
1.8659899999999996 1.3025
2.436009999999999 1.3025
2.441989999999999 1.4015
1.8600099999999995 1.4015


57
IMD6d1_damage
4
-1.671424 1.2925
-0.8125760000000002 1.2925
-0.8119720000000001 1.3025
-1.672028 1.3025
3.1

IMD6d1_damage
4
-0.4294240000000001 1.2925
0.4294240000000001 1.2925
0.4300280000000001 1.3025
-0.4300280000000001 1.3025
3.1

IMD6d1_damage
4
0.884576 1.2925
1.4734239999999996 1.2925
1.4740279999999997 1.3025
0.883972 1.3025
3.1

IMD6d1_damage
4
1.8565759999999996 1.2925
2.445423999999999 1.2925
2.446027999999999 1.3025
1.8559719999999995 1.3025
3.1

IMD6d2_damage
4
-1.667019 1.3025
-1.66201 1.3025
-1.66799 1.4015
-1.6729990000000001 1.4015
2.9

IMD6d2_damage
4
-0.8219900000000001 1.3025
-0.8169810000000001 1.3025
-0.8110010000000001 1.4015
-0.8160100000000001 1.4015
2.9

IMD6d2_damage
4
-0.4250190000000001 1.3025
-0.4200100000000001 1.3025
-0.4259900000000001 1.4015
-0.4309990000000001 1.4015
2.9

IMD6d2_damage
4
0.4200100000000001 1.3025
0.4250190000000001 1.3025
0.4309990000000001 1.4015
0.4259900000000001 1.4015
2.9

IMD6d2_damage
4
0.8889809999999999 1.3025
0.89399 1.3025
0.88801 1.4015
0.8830009999999999 1.4015
2.9

IMD6d2_damage
4
1.4640099999999996 1.3025
1.4690189999999996 1.3025
1.4749989999999997 1.4015
1.4699899999999997 1.4015
2.9

IMD6d2_damage
4
1.8609809999999996 1.3025
1.8659899999999996 1.3025
1.8600099999999995 1.4015
1.8550009999999995 1.4015
2.9

IMD6d2_damage
4
2.436009999999999 1.3025
2.441018999999999 1.3025
2.446998999999999 1.4015
2.441989999999999 1.4015
2.9

IMD6d2
4
-2.165 1.3025
-1.667019 1.3025
-1.6729990000000001 1.4015
-2.165 1.4015
2.65

IMD6d2
4
-0.8169810000000001 1.3025
-0.4250190000000001 1.3025
-0.4309990000000001 1.4015
-0.8110010000000001 1.4015
2.65

IMD6d2
4
0.4250190000000001 1.3025
0.8889809999999999 1.3025
0.8830009999999999 1.4015
0.4309990000000001 1.4015
2.65

IMD6d2
4
1.4690189999999996 1.3025
1.8609809999999996 1.3025
1.8550009999999995 1.4015
1.4749989999999997 1.4015
2.65

IMD6d2
4
2.441018999999999 1.3025
2.9389999999999996 1.3025
2.9389999999999996 1.4015
2.446998999999999 1.4015
2.65

IMD6d1
4
-2.165 1.2925
-1.671424 1.2925
-1.672028 1.3025
-2.165 1.3025
2.65

IMD6d1
4
-0.8125760000000002 1.2925
-0.4294240000000001 1.2925
-0.4300280000000001 1.3025
-0.8119720000000001 1.3025
2.65

IMD6d1
4
0.4294240000000001 1.2925
0.884576 1.2925
0.883972 1.3025
0.4300280000000001 1.3025
2.65

IMD6d1
4
1.4734239999999996 1.2925
1.8565759999999996 1.2925
1.8559719999999995 1.3025
1.4740279999999997 1.3025
2.65

IMD6d1
4
2.445423999999999 1.2925
2.9389999999999996 1.2925
2.9389999999999996 1.3025
2.446027999999999 1.3025
2.65

IMD6d1
4
-2.165 1.2745
2.9389999999999996 1.2745
2.9389999999999996 1.2925
-2.165 1.2925
2.65

FOXA+FOXB+TOX
4
-2.165 0.001
2.9389999999999996 0.001
2.9389999999999996 0.2665
-2.165 0.2665
4.0

ILD1a
4
-2.165 0.2665
2.9389999999999996 0.2665
2.9389999999999996 0.2765
-2.165 0.2765
7.0

ILD1b1+ILD1b2+ILD1b3
4
-2.165 0.2765
2.9389999999999996 0.2765
2.9389999999999996 0.3955
-2.165 0.3955
4.0

IMD1a
4
-2.165 0.3955
2.9389999999999996 0.3955
2.9389999999999996 0.4065
-2.165 0.4065
5.2

IMD1b
4
-2.165 0.4065
2.9389999999999996 0.4065
2.9389999999999996 0.4665
-2.165 0.4665
2.8

IMD2a
4
-2.165 0.4665
2.9389999999999996 0.4665
2.9389999999999996 0.4875
-2.165 0.4875
5.2

IMD2b
4
-2.165 0.4875
2.9389999999999996 0.4875
2.9389999999999996 0.5025
-2.165 0.5025
4.2

IMD2c
4
-2.165 0.5025
2.9389999999999996 0.5025
2.9389999999999996 0.5265
-2.165 0.5265
3.28

IMD2d1+IMD2d2
4
-2.165 0.5265
2.9389999999999996 0.5265
2.9389999999999996 0.6535
-2.165 0.6535
2.65

IMD3a
4
-2.165 0.6535
2.9389999999999996 0.6535
2.9389999999999996 0.6745
-2.165 0.6745
5.2

IMD3b
4
-2.165 0.6745
2.9389999999999996 0.6745
2.9389999999999996 0.6895
-2.165 0.6895
4.2

IMD3c
4
-2.165 0.6895
2.9389999999999996 0.6895
2.9389999999999996 0.7135
-2.165 0.7135
3.28

IMD3d1+IMD3d2
4
-2.165 0.7135
2.9389999999999996 0.7135
2.9389999999999996 0.8405
-2.165 0.8405
2.65

IMD4a
4
-2.165 0.8405
2.9389999999999996 0.8405
2.9389999999999996 0.8615
-2.165 0.8615
5.2

IMD4b
4
-2.165 0.8615
2.9389999999999996 0.8615
2.9389999999999996 0.8765
-2.165 0.8765
4.2

IMD4c
4
-2.165 0.8765
2.9389999999999996 0.8765
2.9389999999999996 0.9005
-2.165 0.9005
3.28

IMD4d1+IMD4d2
4
-2.165 0.9005
2.9389999999999996 0.9005
2.9389999999999996 1.0275
-2.165 1.0275
2.65

IMD5a
4
-2.165 1.0275
2.9389999999999996 1.0275
2.9389999999999996 1.0485
-2.165 1.0485
5.2

IMD5b
4
-2.165 1.0485
2.9389999999999996 1.0485
2.9389999999999996 1.0635
-2.165 1.0635
4.2

IMD5c
4
-2.165 1.0635
2.9389999999999996 1.0635
2.9389999999999996 1.0875
-2.165 1.0875
3.28

IMD5d1+IMD5d2
4
-2.165 1.0875
2.9389999999999996 1.0875
2.9389999999999996 1.2145
-2.165 1.2145
2.65

IMD6a
4
-2.165 1.2145
2.9389999999999996 1.2145
2.9389999999999996 1.2355
-2.165 1.2355
5.2

IMD6b
4
-2.165 1.2355
2.9389999999999996 1.2355
2.9389999999999996 1.2505
-2.165 1.2505
4.2

IMD6c
4
-2.165 1.2505
2.9389999999999996 1.2505
2.9389999999999996 1.2745
-2.165 1.2745
3.28

IMD7a
4
-2.165 1.4015
2.9389999999999996 1.4015
2.9389999999999996 1.4765
-2.165 1.4765
5.2

IMD7b1+IMD7b2
4
-2.165 1.4765
2.9389999999999996 1.4765
2.9389999999999996 2.9765
-2.165 2.9765
4.2

IMD8a
4
-2.165 2.9765
2.9389999999999996 2.9765
2.9389999999999996 3.0515
-2.165 3.0515
5.2

IMD8b1+IMD8b2
4
-2.165 3.0515
2.9389999999999996 3.0515
2.9389999999999996 4.5515
-2.165 4.5515
4.2

PASS1
4
-2.165 4.5515
2.9389999999999996 4.5515
2.9389999999999996 4.6265
-2.165 4.6265
7.0

PASS2
4
-2.165 4.6265
2.9389999999999996 4.6265
2.9389999999999996 5.0265
-2.165 5.0265
4.2

PASS3
4
-2.165 5.0265
2.9389999999999996 5.0265
2.9389999999999996 5.1015
-2.165 5.1015
7.0

PASS4+PASS5
4
-2.165 5.1015
2.9389999999999996 5.1015
2.9389999999999996 6.0515
-2.165 6.0515
4.2

PASS6
4
-2.165 6.0515
2.9389999999999996 6.0515
2.9389999999999996 6.6515
-2.165 6.6515
7.0

air_Layer
4
-2.165 6.6515
2.9389999999999996 6.6515
2.9389999999999996 6.9485
-2.165 6.9485
1.0


4
-2.165 0.001
2.9389999999999996 0.001
2.9389999999999996 6.9485
-2.165 6.9485

