c1
4
-0.10500999999999998 0.5545
0.10501000000000003 0.5545
0.11099000000000003 0.6535
-0.11098999999999998 0.6535

5
botleft
4
-1.04 -0.001
0 -0.001
0 0.001
-1.04 0.001

botright
4
0 -0.001
1.1389999999999998 -0.001
1.1389999999999998 0.001
0 0.001

lEnv
4
-0.53701 0.5545
-0.32698999999999995 0.5545
-0.32100999999999996 0.6535
-0.54299 0.6535

c2
4
0.17399 0.5545
0.29401 0.5545
0.29999 0.6535
0.16801 0.6535

rEnv
4
0.51599 0.5545
0.63601 0.5545
0.64199 0.6535
0.51001 0.6535


57
IMD2d1_damage
4
-0.5464239999999999 0.5445
-0.31757599999999997 0.5445
-0.316972 0.5545
-0.547028 0.5545
3.1

IMD2d1_damage
4
-0.11442399999999998 0.5445
0.11442400000000004 0.5445
0.11502800000000003 0.5545
-0.11502799999999998 0.5545
3.1

IMD2d1_damage
4
0.164576 0.5445
0.30342399999999997 0.5445
0.30402799999999996 0.5545
0.163972 0.5545
3.1

IMD2d1_damage
4
0.506576 0.5445
0.6454239999999999 0.5445
0.6460279999999999 0.5545
0.505972 0.5545
3.1

IMD2d2_damage
4
-0.542019 0.5545
-0.53701 0.5545
-0.54299 0.6535
-0.547999 0.6535
2.9

IMD2d2_damage
4
-0.32698999999999995 0.5545
-0.32198099999999996 0.5545
-0.316001 0.6535
-0.32100999999999996 0.6535
2.9

IMD2d2_damage
4
-0.11001899999999998 0.5545
-0.10500999999999998 0.5545
-0.11098999999999998 0.6535
-0.11599899999999998 0.6535
2.9

IMD2d2_damage
4
0.10501000000000003 0.5545
0.11001900000000003 0.5545
0.11599900000000003 0.6535
0.11099000000000003 0.6535
2.9

IMD2d2_damage
4
0.168981 0.5545
0.17399 0.5545
0.16801 0.6535
0.16300099999999998 0.6535
2.9

IMD2d2_damage
4
0.29401 0.5545
0.299019 0.5545
0.30499899999999996 0.6535
0.29999 0.6535
2.9

IMD2d2_damage
4
0.5109809999999999 0.5545
0.51599 0.5545
0.51001 0.6535
0.5050009999999999 0.6535
2.9

IMD2d2_damage
4
0.63601 0.5545
0.641019 0.5545
0.646999 0.6535
0.64199 0.6535
2.9

IMD2d2
4
-1.04 0.5545
-0.542019 0.5545
-0.547999 0.6535
-1.04 0.6535
2.65

IMD2d2
4
-0.32198099999999996 0.5545
-0.11001899999999998 0.5545
-0.11599899999999998 0.6535
-0.316001 0.6535
2.65

IMD2d2
4
0.11001900000000003 0.5545
0.168981 0.5545
0.16300099999999998 0.6535
0.11599900000000003 0.6535
2.65

IMD2d2
4
0.299019 0.5545
0.5109809999999999 0.5545
0.5050009999999999 0.6535
0.30499899999999996 0.6535
2.65

IMD2d2
4
0.641019 0.5545
1.1389999999999998 0.5545
1.1389999999999998 0.6535
0.646999 0.6535
2.65

IMD2d1
4
-1.04 0.5445
-0.5464239999999999 0.5445
-0.547028 0.5545
-1.04 0.5545
2.65

IMD2d1
4
-0.31757599999999997 0.5445
-0.11442399999999998 0.5445
-0.11502799999999998 0.5545
-0.316972 0.5545
2.65

IMD2d1
4
0.11442400000000004 0.5445
0.164576 0.5445
0.163972 0.5545
0.11502800000000003 0.5545
2.65

IMD2d1
4
0.30342399999999997 0.5445
0.506576 0.5445
0.505972 0.5545
0.30402799999999996 0.5545
2.65

IMD2d1
4
0.6454239999999999 0.5445
1.1389999999999998 0.5445
1.1389999999999998 0.5545
0.6460279999999999 0.5545
2.65

IMD2d1
4
-1.04 0.5265
1.1389999999999998 0.5265
1.1389999999999998 0.5445
-1.04 0.5445
2.65

FOXA+FOXB+TOX
4
-1.04 0.001
1.1389999999999998 0.001
1.1389999999999998 0.2665
-1.04 0.2665
4.0

ILD1a
4
-1.04 0.2665
1.1389999999999998 0.2665
1.1389999999999998 0.2765
-1.04 0.2765
7.0

ILD1b1+ILD1b2+ILD1b3
4
-1.04 0.2765
1.1389999999999998 0.2765
1.1389999999999998 0.3955
-1.04 0.3955
4.0

IMD1a
4
-1.04 0.3955
1.1389999999999998 0.3955
1.1389999999999998 0.4065
-1.04 0.4065
5.2

IMD1b
4
-1.04 0.4065
1.1389999999999998 0.4065
1.1389999999999998 0.4665
-1.04 0.4665
2.8

IMD2a
4
-1.04 0.4665
1.1389999999999998 0.4665
1.1389999999999998 0.4875
-1.04 0.4875
5.2

IMD2b
4
-1.04 0.4875
1.1389999999999998 0.4875
1.1389999999999998 0.5025
-1.04 0.5025
4.2

IMD2c
4
-1.04 0.5025
1.1389999999999998 0.5025
1.1389999999999998 0.5265
-1.04 0.5265
3.28

IMD3a
4
-1.04 0.6535
1.1389999999999998 0.6535
1.1389999999999998 0.6745
-1.04 0.6745
5.2

IMD3b
4
-1.04 0.6745
1.1389999999999998 0.6745
1.1389999999999998 0.6895
-1.04 0.6895
4.2

IMD3c
4
-1.04 0.6895
1.1389999999999998 0.6895
1.1389999999999998 0.7135
-1.04 0.7135
3.28

IMD3d1+IMD3d2
4
-1.04 0.7135
1.1389999999999998 0.7135
1.1389999999999998 0.8405
-1.04 0.8405
2.65

IMD4a
4
-1.04 0.8405
1.1389999999999998 0.8405
1.1389999999999998 0.8615
-1.04 0.8615
5.2

IMD4b
4
-1.04 0.8615
1.1389999999999998 0.8615
1.1389999999999998 0.8765
-1.04 0.8765
4.2

IMD4c
4
-1.04 0.8765
1.1389999999999998 0.8765
1.1389999999999998 0.9005
-1.04 0.9005
3.28

IMD4d1+IMD4d2
4
-1.04 0.9005
1.1389999999999998 0.9005
1.1389999999999998 1.0275
-1.04 1.0275
2.65

IMD5a
4
-1.04 1.0275
1.1389999999999998 1.0275
1.1389999999999998 1.0485
-1.04 1.0485
5.2

IMD5b
4
-1.04 1.0485
1.1389999999999998 1.0485
1.1389999999999998 1.0635
-1.04 1.0635
4.2

IMD5c
4
-1.04 1.0635
1.1389999999999998 1.0635
1.1389999999999998 1.0875
-1.04 1.0875
3.28

IMD5d1+IMD5d2
4
-1.04 1.0875
1.1389999999999998 1.0875
1.1389999999999998 1.2145
-1.04 1.2145
2.65

IMD6a
4
-1.04 1.2145
1.1389999999999998 1.2145
1.1389999999999998 1.2355
-1.04 1.2355
5.2

IMD6b
4
-1.04 1.2355
1.1389999999999998 1.2355
1.1389999999999998 1.2505
-1.04 1.2505
4.2

IMD6c
4
-1.04 1.2505
1.1389999999999998 1.2505
1.1389999999999998 1.2745
-1.04 1.2745
3.28

IMD6d1+IMD6d2
4
-1.04 1.2745
1.1389999999999998 1.2745
1.1389999999999998 1.4015
-1.04 1.4015
2.65

IMD7a
4
-1.04 1.4015
1.1389999999999998 1.4015
1.1389999999999998 1.4765
-1.04 1.4765
5.2

IMD7b1+IMD7b2
4
-1.04 1.4765
1.1389999999999998 1.4765
1.1389999999999998 2.9765
-1.04 2.9765
4.2

IMD8a
4
-1.04 2.9765
1.1389999999999998 2.9765
1.1389999999999998 3.0515
-1.04 3.0515
5.2

IMD8b1+IMD8b2
4
-1.04 3.0515
1.1389999999999998 3.0515
1.1389999999999998 4.5515
-1.04 4.5515
4.2

PASS1
4
-1.04 4.5515
1.1389999999999998 4.5515
1.1389999999999998 4.6265
-1.04 4.6265
7.0

PASS2
4
-1.04 4.6265
1.1389999999999998 4.6265
1.1389999999999998 5.0265
-1.04 5.0265
4.2

PASS3
4
-1.04 5.0265
1.1389999999999998 5.0265
1.1389999999999998 5.1015
-1.04 5.1015
7.0

PASS4+PASS5
4
-1.04 5.1015
1.1389999999999998 5.1015
1.1389999999999998 6.0515
-1.04 6.0515
4.2

PASS6
4
-1.04 6.0515
1.1389999999999998 6.0515
1.1389999999999998 6.6515
-1.04 6.6515
7.0

air_Layer
4
-1.04 6.6515
1.1389999999999998 6.6515
1.1389999999999998 6.9485
-1.04 6.9485
1.0


4
-1.04 0.001
1.1389999999999998 0.001
1.1389999999999998 6.9485
-1.04 6.9485

