c1
4
-0.15000999999999995 0.9285000000000001
0.15000999999999995 0.9285000000000001
0.15598999999999996 1.0275
-0.15598999999999996 1.0275

5
botleft
4
-1.355 -0.001
0 -0.001
0 0.001
-1.355 0.001

botright
4
0 -0.001
1.544 -0.001
1.544 0.001
0 0.001

lEnv
4
-0.8520099999999999 0.9285000000000001
-0.5519899999999999 0.9285000000000001
-0.5460099999999999 1.0275
-0.8579899999999999 1.0275

c2
4
0.39898999999999996 0.9285000000000001
0.51901 0.9285000000000001
0.52499 1.0275
0.39300999999999997 1.0275

rEnv
4
0.92099 0.9285000000000001
1.04101 0.9285000000000001
1.04699 1.0275
0.91501 1.0275


57
IMD4d1_damage
4
-0.8614239999999999 0.9185000000000001
-0.542576 0.9185000000000001
-0.5419719999999999 0.9285000000000001
-0.8620279999999999 0.9285000000000001
3.1

IMD4d1_damage
4
-0.15942399999999995 0.9185000000000001
0.15942399999999995 0.9185000000000001
0.16002799999999995 0.9285000000000001
-0.16002799999999995 0.9285000000000001
3.1

IMD4d1_damage
4
0.389576 0.9185000000000001
0.5284239999999999 0.9185000000000001
0.5290279999999999 0.9285000000000001
0.388972 0.9285000000000001
3.1

IMD4d1_damage
4
0.911576 0.9185000000000001
1.050424 0.9185000000000001
1.051028 0.9285000000000001
0.910972 0.9285000000000001
3.1

IMD4d2_damage
4
-0.857019 0.9285000000000001
-0.8520099999999999 0.9285000000000001
-0.8579899999999999 1.0275
-0.862999 1.0275
2.9

IMD4d2_damage
4
-0.5519899999999999 0.9285000000000001
-0.5469809999999998 0.9285000000000001
-0.5410009999999998 1.0275
-0.5460099999999999 1.0275
2.9

IMD4d2_damage
4
-0.15501899999999996 0.9285000000000001
-0.15000999999999995 0.9285000000000001
-0.15598999999999996 1.0275
-0.16099899999999998 1.0275
2.9

IMD4d2_damage
4
0.15000999999999995 0.9285000000000001
0.15501899999999996 0.9285000000000001
0.16099899999999998 1.0275
0.15598999999999996 1.0275
2.9

IMD4d2_damage
4
0.39398099999999997 0.9285000000000001
0.39898999999999996 0.9285000000000001
0.39300999999999997 1.0275
0.388001 1.0275
2.9

IMD4d2_damage
4
0.51901 0.9285000000000001
0.524019 0.9285000000000001
0.529999 1.0275
0.52499 1.0275
2.9

IMD4d2_damage
4
0.9159809999999999 0.9285000000000001
0.92099 0.9285000000000001
0.91501 1.0275
0.910001 1.0275
2.9

IMD4d2_damage
4
1.04101 0.9285000000000001
1.046019 0.9285000000000001
1.0519990000000001 1.0275
1.04699 1.0275
2.9

IMD4d2
4
-1.355 0.9285000000000001
-0.857019 0.9285000000000001
-0.862999 1.0275
-1.355 1.0275
2.65

IMD4d2
4
-0.5469809999999998 0.9285000000000001
-0.15501899999999996 0.9285000000000001
-0.16099899999999998 1.0275
-0.5410009999999998 1.0275
2.65

IMD4d2
4
0.15501899999999996 0.9285000000000001
0.39398099999999997 0.9285000000000001
0.388001 1.0275
0.16099899999999998 1.0275
2.65

IMD4d2
4
0.524019 0.9285000000000001
0.9159809999999999 0.9285000000000001
0.910001 1.0275
0.529999 1.0275
2.65

IMD4d2
4
1.046019 0.9285000000000001
1.544 0.9285000000000001
1.544 1.0275
1.0519990000000001 1.0275
2.65

IMD4d1
4
-1.355 0.9185000000000001
-0.8614239999999999 0.9185000000000001
-0.8620279999999999 0.9285000000000001
-1.355 0.9285000000000001
2.65

IMD4d1
4
-0.542576 0.9185000000000001
-0.15942399999999995 0.9185000000000001
-0.16002799999999995 0.9285000000000001
-0.5419719999999999 0.9285000000000001
2.65

IMD4d1
4
0.15942399999999995 0.9185000000000001
0.389576 0.9185000000000001
0.388972 0.9285000000000001
0.16002799999999995 0.9285000000000001
2.65

IMD4d1
4
0.5284239999999999 0.9185000000000001
0.911576 0.9185000000000001
0.910972 0.9285000000000001
0.5290279999999999 0.9285000000000001
2.65

IMD4d1
4
1.050424 0.9185000000000001
1.544 0.9185000000000001
1.544 0.9285000000000001
1.051028 0.9285000000000001
2.65

IMD4d1
4
-1.355 0.9005
1.544 0.9005
1.544 0.9185000000000001
-1.355 0.9185000000000001
2.65

FOXA+FOXB+TOX
4
-1.355 0.001
1.544 0.001
1.544 0.2665
-1.355 0.2665
4.0

ILD1a
4
-1.355 0.2665
1.544 0.2665
1.544 0.2765
-1.355 0.2765
7.0

ILD1b1+ILD1b2+ILD1b3
4
-1.355 0.2765
1.544 0.2765
1.544 0.3955
-1.355 0.3955
4.0

IMD1a
4
-1.355 0.3955
1.544 0.3955
1.544 0.4065
-1.355 0.4065
5.2

IMD1b
4
-1.355 0.4065
1.544 0.4065
1.544 0.4665
-1.355 0.4665
2.8

IMD2a
4
-1.355 0.4665
1.544 0.4665
1.544 0.4875
-1.355 0.4875
5.2

IMD2b
4
-1.355 0.4875
1.544 0.4875
1.544 0.5025
-1.355 0.5025
4.2

IMD2c
4
-1.355 0.5025
1.544 0.5025
1.544 0.5265
-1.355 0.5265
3.28

IMD2d1+IMD2d2
4
-1.355 0.5265
1.544 0.5265
1.544 0.6535
-1.355 0.6535
2.65

IMD3a
4
-1.355 0.6535
1.544 0.6535
1.544 0.6745
-1.355 0.6745
5.2

IMD3b
4
-1.355 0.6745
1.544 0.6745
1.544 0.6895
-1.355 0.6895
4.2

IMD3c
4
-1.355 0.6895
1.544 0.6895
1.544 0.7135
-1.355 0.7135
3.28

IMD3d1+IMD3d2
4
-1.355 0.7135
1.544 0.7135
1.544 0.8405
-1.355 0.8405
2.65

IMD4a
4
-1.355 0.8405
1.544 0.8405
1.544 0.8615
-1.355 0.8615
5.2

IMD4b
4
-1.355 0.8615
1.544 0.8615
1.544 0.8765
-1.355 0.8765
4.2

IMD4c
4
-1.355 0.8765
1.544 0.8765
1.544 0.9005
-1.355 0.9005
3.28

IMD5a
4
-1.355 1.0275
1.544 1.0275
1.544 1.0485
-1.355 1.0485
5.2

IMD5b
4
-1.355 1.0485
1.544 1.0485
1.544 1.0635
-1.355 1.0635
4.2

IMD5c
4
-1.355 1.0635
1.544 1.0635
1.544 1.0875
-1.355 1.0875
3.28

IMD5d1+IMD5d2
4
-1.355 1.0875
1.544 1.0875
1.544 1.2145
-1.355 1.2145
2.65

IMD6a
4
-1.355 1.2145
1.544 1.2145
1.544 1.2355
-1.355 1.2355
5.2

IMD6b
4
-1.355 1.2355
1.544 1.2355
1.544 1.2505
-1.355 1.2505
4.2

IMD6c
4
-1.355 1.2505
1.544 1.2505
1.544 1.2745
-1.355 1.2745
3.28

IMD6d1+IMD6d2
4
-1.355 1.2745
1.544 1.2745
1.544 1.4015
-1.355 1.4015
2.65

IMD7a
4
-1.355 1.4015
1.544 1.4015
1.544 1.4765
-1.355 1.4765
5.2

IMD7b1+IMD7b2
4
-1.355 1.4765
1.544 1.4765
1.544 2.9765
-1.355 2.9765
4.2

IMD8a
4
-1.355 2.9765
1.544 2.9765
1.544 3.0515
-1.355 3.0515
5.2

IMD8b1+IMD8b2
4
-1.355 3.0515
1.544 3.0515
1.544 4.5515
-1.355 4.5515
4.2

PASS1
4
-1.355 4.5515
1.544 4.5515
1.544 4.6265
-1.355 4.6265
7.0

PASS2
4
-1.355 4.6265
1.544 4.6265
1.544 5.0265
-1.355 5.0265
4.2

PASS3
4
-1.355 5.0265
1.544 5.0265
1.544 5.1015
-1.355 5.1015
7.0

PASS4+PASS5
4
-1.355 5.1015
1.544 5.1015
1.544 6.0515
-1.355 6.0515
4.2

PASS6
4
-1.355 6.0515
1.544 6.0515
1.544 6.6515
-1.355 6.6515
7.0

air_Layer
4
-1.355 6.6515
1.544 6.6515
1.544 6.9485
-1.355 6.9485
1.0


4
-1.355 0.001
1.544 0.001
1.544 6.9485
-1.355 6.9485

