c1
4
-0.060009999999999994 1.3025
0.060009999999999994 1.3025
0.06599 1.4015
-0.06599 1.4015

5
botleft
4
-0.9950000000000001 -0.001
0 -0.001
0 0.001
-0.9950000000000001 0.001

botright
4
0 -0.001
2.6239999999999997 -0.001
2.6239999999999997 0.001
0 0.001

lEnv
4
-0.49201000000000006 1.3025
-0.37199000000000004 1.3025
-0.36601000000000006 1.4015
-0.49799000000000004 1.4015

c2
4
0.12898999999999997 1.3025
0.9690099999999999 1.3025
0.9749899999999999 1.4015
0.12300999999999995 1.4015

rEnv
4
1.28099 1.3025
2.1210099999999996 1.3025
2.1269899999999997 1.4015
1.27501 1.4015


57
IMD6d1_damage
4
-0.501424 1.2925
-0.36257600000000006 1.2925
-0.36197200000000007 1.3025
-0.502028 1.3025
3.1

IMD6d1_damage
4
-0.069424 1.2925
0.069424 1.2925
0.07002799999999999 1.3025
-0.07002799999999999 1.3025
3.1

IMD6d1_damage
4
0.11957599999999995 1.2925
0.9784239999999998 1.2925
0.9790279999999999 1.3025
0.11897199999999995 1.3025
3.1

IMD6d1_damage
4
1.271576 1.2925
2.1304239999999997 1.2925
2.1310279999999997 1.3025
1.270972 1.3025
3.1

IMD6d2_damage
4
-0.49701900000000004 1.3025
-0.49201000000000006 1.3025
-0.49799000000000004 1.4015
-0.5029990000000001 1.4015
2.9

IMD6d2_damage
4
-0.37199000000000004 1.3025
-0.36698100000000006 1.3025
-0.36100100000000007 1.4015
-0.36601000000000006 1.4015
2.9

IMD6d2_damage
4
-0.065019 1.3025
-0.060009999999999994 1.3025
-0.06599 1.4015
-0.07099899999999999 1.4015
2.9

IMD6d2_damage
4
0.060009999999999994 1.3025
0.065019 1.3025
0.07099899999999999 1.4015
0.06599 1.4015
2.9

IMD6d2_damage
4
0.12398099999999997 1.3025
0.12898999999999997 1.3025
0.12300999999999995 1.4015
0.11800099999999995 1.4015
2.9

IMD6d2_damage
4
0.9690099999999999 1.3025
0.974019 1.3025
0.979999 1.4015
0.9749899999999999 1.4015
2.9

IMD6d2_damage
4
1.275981 1.3025
1.28099 1.3025
1.27501 1.4015
1.270001 1.4015
2.9

IMD6d2_damage
4
2.1210099999999996 1.3025
2.1260189999999994 1.3025
2.1319989999999995 1.4015
2.1269899999999997 1.4015
2.9

IMD6d2
4
-0.9950000000000001 1.3025
-0.49701900000000004 1.3025
-0.5029990000000001 1.4015
-0.9950000000000001 1.4015
2.65

IMD6d2
4
-0.36698100000000006 1.3025
-0.065019 1.3025
-0.07099899999999999 1.4015
-0.36100100000000007 1.4015
2.65

IMD6d2
4
0.065019 1.3025
0.12398099999999997 1.3025
0.11800099999999995 1.4015
0.07099899999999999 1.4015
2.65

IMD6d2
4
0.974019 1.3025
1.275981 1.3025
1.270001 1.4015
0.979999 1.4015
2.65

IMD6d2
4
2.1260189999999994 1.3025
2.6239999999999997 1.3025
2.6239999999999997 1.4015
2.1319989999999995 1.4015
2.65

IMD6d1
4
-0.9950000000000001 1.2925
-0.501424 1.2925
-0.502028 1.3025
-0.9950000000000001 1.3025
2.65

IMD6d1
4
-0.36257600000000006 1.2925
-0.069424 1.2925
-0.07002799999999999 1.3025
-0.36197200000000007 1.3025
2.65

IMD6d1
4
0.069424 1.2925
0.11957599999999995 1.2925
0.11897199999999995 1.3025
0.07002799999999999 1.3025
2.65

IMD6d1
4
0.9784239999999998 1.2925
1.271576 1.2925
1.270972 1.3025
0.9790279999999999 1.3025
2.65

IMD6d1
4
2.1304239999999997 1.2925
2.6239999999999997 1.2925
2.6239999999999997 1.3025
2.1310279999999997 1.3025
2.65

IMD6d1
4
-0.9950000000000001 1.2745
2.6239999999999997 1.2745
2.6239999999999997 1.2925
-0.9950000000000001 1.2925
2.65

FOXA+FOXB+TOX
4
-0.9950000000000001 0.001
2.6239999999999997 0.001
2.6239999999999997 0.2665
-0.9950000000000001 0.2665
4.0

ILD1a
4
-0.9950000000000001 0.2665
2.6239999999999997 0.2665
2.6239999999999997 0.2765
-0.9950000000000001 0.2765
7.0

ILD1b1+ILD1b2+ILD1b3
4
-0.9950000000000001 0.2765
2.6239999999999997 0.2765
2.6239999999999997 0.3955
-0.9950000000000001 0.3955
4.0

IMD1a
4
-0.9950000000000001 0.3955
2.6239999999999997 0.3955
2.6239999999999997 0.4065
-0.9950000000000001 0.4065
5.2

IMD1b
4
-0.9950000000000001 0.4065
2.6239999999999997 0.4065
2.6239999999999997 0.4665
-0.9950000000000001 0.4665
2.8

IMD2a
4
-0.9950000000000001 0.4665
2.6239999999999997 0.4665
2.6239999999999997 0.4875
-0.9950000000000001 0.4875
5.2

IMD2b
4
-0.9950000000000001 0.4875
2.6239999999999997 0.4875
2.6239999999999997 0.5025
-0.9950000000000001 0.5025
4.2

IMD2c
4
-0.9950000000000001 0.5025
2.6239999999999997 0.5025
2.6239999999999997 0.5265
-0.9950000000000001 0.5265
3.28

IMD2d1+IMD2d2
4
-0.9950000000000001 0.5265
2.6239999999999997 0.5265
2.6239999999999997 0.6535
-0.9950000000000001 0.6535
2.65

IMD3a
4
-0.9950000000000001 0.6535
2.6239999999999997 0.6535
2.6239999999999997 0.6745
-0.9950000000000001 0.6745
5.2

IMD3b
4
-0.9950000000000001 0.6745
2.6239999999999997 0.6745
2.6239999999999997 0.6895
-0.9950000000000001 0.6895
4.2

IMD3c
4
-0.9950000000000001 0.6895
2.6239999999999997 0.6895
2.6239999999999997 0.7135
-0.9950000000000001 0.7135
3.28

IMD3d1+IMD3d2
4
-0.9950000000000001 0.7135
2.6239999999999997 0.7135
2.6239999999999997 0.8405
-0.9950000000000001 0.8405
2.65

IMD4a
4
-0.9950000000000001 0.8405
2.6239999999999997 0.8405
2.6239999999999997 0.8615
-0.9950000000000001 0.8615
5.2

IMD4b
4
-0.9950000000000001 0.8615
2.6239999999999997 0.8615
2.6239999999999997 0.8765
-0.9950000000000001 0.8765
4.2

IMD4c
4
-0.9950000000000001 0.8765
2.6239999999999997 0.8765
2.6239999999999997 0.9005
-0.9950000000000001 0.9005
3.28

IMD4d1+IMD4d2
4
-0.9950000000000001 0.9005
2.6239999999999997 0.9005
2.6239999999999997 1.0275
-0.9950000000000001 1.0275
2.65

IMD5a
4
-0.9950000000000001 1.0275
2.6239999999999997 1.0275
2.6239999999999997 1.0485
-0.9950000000000001 1.0485
5.2

IMD5b
4
-0.9950000000000001 1.0485
2.6239999999999997 1.0485
2.6239999999999997 1.0635
-0.9950000000000001 1.0635
4.2

IMD5c
4
-0.9950000000000001 1.0635
2.6239999999999997 1.0635
2.6239999999999997 1.0875
-0.9950000000000001 1.0875
3.28

IMD5d1+IMD5d2
4
-0.9950000000000001 1.0875
2.6239999999999997 1.0875
2.6239999999999997 1.2145
-0.9950000000000001 1.2145
2.65

IMD6a
4
-0.9950000000000001 1.2145
2.6239999999999997 1.2145
2.6239999999999997 1.2355
-0.9950000000000001 1.2355
5.2

IMD6b
4
-0.9950000000000001 1.2355
2.6239999999999997 1.2355
2.6239999999999997 1.2505
-0.9950000000000001 1.2505
4.2

IMD6c
4
-0.9950000000000001 1.2505
2.6239999999999997 1.2505
2.6239999999999997 1.2745
-0.9950000000000001 1.2745
3.28

IMD7a
4
-0.9950000000000001 1.4015
2.6239999999999997 1.4015
2.6239999999999997 1.4765
-0.9950000000000001 1.4765
5.2

IMD7b1+IMD7b2
4
-0.9950000000000001 1.4765
2.6239999999999997 1.4765
2.6239999999999997 2.9765
-0.9950000000000001 2.9765
4.2

IMD8a
4
-0.9950000000000001 2.9765
2.6239999999999997 2.9765
2.6239999999999997 3.0515
-0.9950000000000001 3.0515
5.2

IMD8b1+IMD8b2
4
-0.9950000000000001 3.0515
2.6239999999999997 3.0515
2.6239999999999997 4.5515
-0.9950000000000001 4.5515
4.2

PASS1
4
-0.9950000000000001 4.5515
2.6239999999999997 4.5515
2.6239999999999997 4.6265
-0.9950000000000001 4.6265
7.0

PASS2
4
-0.9950000000000001 4.6265
2.6239999999999997 4.6265
2.6239999999999997 5.0265
-0.9950000000000001 5.0265
4.2

PASS3
4
-0.9950000000000001 5.0265
2.6239999999999997 5.0265
2.6239999999999997 5.1015
-0.9950000000000001 5.1015
7.0

PASS4+PASS5
4
-0.9950000000000001 5.1015
2.6239999999999997 5.1015
2.6239999999999997 6.0515
-0.9950000000000001 6.0515
4.2

PASS6
4
-0.9950000000000001 6.0515
2.6239999999999997 6.0515
2.6239999999999997 6.6515
-0.9950000000000001 6.6515
7.0

air_Layer
4
-0.9950000000000001 6.6515
2.6239999999999997 6.6515
2.6239999999999997 6.9485
-0.9950000000000001 6.9485
1.0


4
-0.9950000000000001 0.001
2.6239999999999997 0.001
2.6239999999999997 6.9485
-0.9950000000000001 6.9485

