c1
4
-0.060009999999999994 1.1155
0.060009999999999994 1.1155
0.06599 1.2145
-0.06599 1.2145

5
botleft
4
-1.085 -0.001
0 -0.001
0 0.001
-1.085 0.001

botright
4
0 -0.001
2.939 -0.001
2.939 0.001
0 0.001

lEnv
4
-0.58201 1.1155
-0.46199 1.1155
-0.45601 1.2145
-0.58799 1.2145

c2
4
0.08399000000000002 1.1155
1.0590099999999998 1.1155
1.0649899999999999 1.2145
0.07801000000000002 1.2145

rEnv
4
1.4609900000000002 1.1155
2.43601 1.1155
2.44199 1.2145
1.4550100000000001 1.2145


57
IMD5d1_damage
4
-0.591424 1.1055
-0.45257600000000003 1.1055
-0.45197200000000004 1.1155
-0.592028 1.1155
3.1

IMD5d1_damage
4
-0.069424 1.1055
0.069424 1.1055
0.07002799999999999 1.1155
-0.07002799999999999 1.1155
3.1

IMD5d1_damage
4
0.07457600000000002 1.1055
1.0684239999999998 1.1055
1.0690279999999999 1.1155
0.07397200000000002 1.1155
3.1

IMD5d1_damage
4
1.4515760000000002 1.1055
2.445424 1.1055
2.446028 1.1155
1.4509720000000002 1.1155
3.1

IMD5d2_damage
4
-0.5870190000000001 1.1155
-0.58201 1.1155
-0.58799 1.2145
-0.592999 1.2145
2.9

IMD5d2_damage
4
-0.46199 1.1155
-0.456981 1.1155
-0.45100100000000004 1.2145
-0.45601 1.2145
2.9

IMD5d2_damage
4
-0.065019 1.1155
-0.060009999999999994 1.1155
-0.06599 1.2145
-0.07099899999999999 1.2145
2.9

IMD5d2_damage
4
0.060009999999999994 1.1155
0.065019 1.1155
0.07099899999999999 1.2145
0.06599 1.2145
2.9

IMD5d2_damage
4
0.07898100000000002 1.1155
0.08399000000000002 1.1155
0.07801000000000002 1.2145
0.07300100000000002 1.2145
2.9

IMD5d2_damage
4
1.0590099999999998 1.1155
1.0640189999999998 1.1155
1.069999 1.2145
1.0649899999999999 1.2145
2.9

IMD5d2_damage
4
1.4559810000000002 1.1155
1.4609900000000002 1.1155
1.4550100000000001 1.2145
1.450001 1.2145
2.9

IMD5d2_damage
4
2.43601 1.1155
2.441019 1.1155
2.446999 1.2145
2.44199 1.2145
2.9

IMD5d2
4
-1.085 1.1155
-0.5870190000000001 1.1155
-0.592999 1.2145
-1.085 1.2145
2.65

IMD5d2
4
-0.456981 1.1155
-0.065019 1.1155
-0.07099899999999999 1.2145
-0.45100100000000004 1.2145
2.65

IMD5d2
4
0.065019 1.1155
0.07898100000000002 1.1155
0.07300100000000002 1.2145
0.07099899999999999 1.2145
2.65

IMD5d2
4
1.0640189999999998 1.1155
1.4559810000000002 1.1155
1.450001 1.2145
1.069999 1.2145
2.65

IMD5d2
4
2.441019 1.1155
2.939 1.1155
2.939 1.2145
2.446999 1.2145
2.65

IMD5d1
4
-1.085 1.1055
-0.591424 1.1055
-0.592028 1.1155
-1.085 1.1155
2.65

IMD5d1
4
-0.45257600000000003 1.1055
-0.069424 1.1055
-0.07002799999999999 1.1155
-0.45197200000000004 1.1155
2.65

IMD5d1
4
0.069424 1.1055
0.07457600000000002 1.1055
0.07397200000000002 1.1155
0.07002799999999999 1.1155
2.65

IMD5d1
4
1.0684239999999998 1.1055
1.4515760000000002 1.1055
1.4509720000000002 1.1155
1.0690279999999999 1.1155
2.65

IMD5d1
4
2.445424 1.1055
2.939 1.1055
2.939 1.1155
2.446028 1.1155
2.65

IMD5d1
4
-1.085 1.0875
2.939 1.0875
2.939 1.1055
-1.085 1.1055
2.65

FOXA+FOXB+TOX
4
-1.085 0.001
2.939 0.001
2.939 0.2665
-1.085 0.2665
4.0

ILD1a
4
-1.085 0.2665
2.939 0.2665
2.939 0.2765
-1.085 0.2765
7.0

ILD1b1+ILD1b2+ILD1b3
4
-1.085 0.2765
2.939 0.2765
2.939 0.3955
-1.085 0.3955
4.0

IMD1a
4
-1.085 0.3955
2.939 0.3955
2.939 0.4065
-1.085 0.4065
5.2

IMD1b
4
-1.085 0.4065
2.939 0.4065
2.939 0.4665
-1.085 0.4665
2.8

IMD2a
4
-1.085 0.4665
2.939 0.4665
2.939 0.4875
-1.085 0.4875
5.2

IMD2b
4
-1.085 0.4875
2.939 0.4875
2.939 0.5025
-1.085 0.5025
4.2

IMD2c
4
-1.085 0.5025
2.939 0.5025
2.939 0.5265
-1.085 0.5265
3.28

IMD2d1+IMD2d2
4
-1.085 0.5265
2.939 0.5265
2.939 0.6535
-1.085 0.6535
2.65

IMD3a
4
-1.085 0.6535
2.939 0.6535
2.939 0.6745
-1.085 0.6745
5.2

IMD3b
4
-1.085 0.6745
2.939 0.6745
2.939 0.6895
-1.085 0.6895
4.2

IMD3c
4
-1.085 0.6895
2.939 0.6895
2.939 0.7135
-1.085 0.7135
3.28

IMD3d1+IMD3d2
4
-1.085 0.7135
2.939 0.7135
2.939 0.8405
-1.085 0.8405
2.65

IMD4a
4
-1.085 0.8405
2.939 0.8405
2.939 0.8615
-1.085 0.8615
5.2

IMD4b
4
-1.085 0.8615
2.939 0.8615
2.939 0.8765
-1.085 0.8765
4.2

IMD4c
4
-1.085 0.8765
2.939 0.8765
2.939 0.9005
-1.085 0.9005
3.28

IMD4d1+IMD4d2
4
-1.085 0.9005
2.939 0.9005
2.939 1.0275
-1.085 1.0275
2.65

IMD5a
4
-1.085 1.0275
2.939 1.0275
2.939 1.0485
-1.085 1.0485
5.2

IMD5b
4
-1.085 1.0485
2.939 1.0485
2.939 1.0635
-1.085 1.0635
4.2

IMD5c
4
-1.085 1.0635
2.939 1.0635
2.939 1.0875
-1.085 1.0875
3.28

IMD6a
4
-1.085 1.2145
2.939 1.2145
2.939 1.2355
-1.085 1.2355
5.2

IMD6b
4
-1.085 1.2355
2.939 1.2355
2.939 1.2505
-1.085 1.2505
4.2

IMD6c
4
-1.085 1.2505
2.939 1.2505
2.939 1.2745
-1.085 1.2745
3.28

IMD6d1+IMD6d2
4
-1.085 1.2745
2.939 1.2745
2.939 1.4015
-1.085 1.4015
2.65

IMD7a
4
-1.085 1.4015
2.939 1.4015
2.939 1.4765
-1.085 1.4765
5.2

IMD7b1+IMD7b2
4
-1.085 1.4765
2.939 1.4765
2.939 2.9765
-1.085 2.9765
4.2

IMD8a
4
-1.085 2.9765
2.939 2.9765
2.939 3.0515
-1.085 3.0515
5.2

IMD8b1+IMD8b2
4
-1.085 3.0515
2.939 3.0515
2.939 4.5515
-1.085 4.5515
4.2

PASS1
4
-1.085 4.5515
2.939 4.5515
2.939 4.6265
-1.085 4.6265
7.0

PASS2
4
-1.085 4.6265
2.939 4.6265
2.939 5.0265
-1.085 5.0265
4.2

PASS3
4
-1.085 5.0265
2.939 5.0265
2.939 5.1015
-1.085 5.1015
7.0

PASS4+PASS5
4
-1.085 5.1015
2.939 5.1015
2.939 6.0515
-1.085 6.0515
4.2

PASS6
4
-1.085 6.0515
2.939 6.0515
2.939 6.6515
-1.085 6.6515
7.0

air_Layer
4
-1.085 6.6515
2.939 6.6515
2.939 6.9485
-1.085 6.9485
1.0


4
-1.085 0.001
2.939 0.001
2.939 6.9485
-1.085 6.9485

