c1
4
-0.2850100000000001 0.5545
0.2850099999999999 0.5545
0.29098999999999986 0.6535
-0.2909900000000001 0.6535

5
botleft
4
-1.67 -0.001
0 -0.001
0 0.001
-1.67 0.001

botright
4
0 -0.001
2.5789999999999997 -0.001
2.5789999999999997 0.001
0 0.001

lEnv
4
-1.1670099999999999 0.5545
-0.59699 0.5545
-0.59101 0.6535
-1.17299 0.6535

c2
4
0.3539899999999999 0.5545
1.0590099999999998 0.5545
1.0649899999999999 0.6535
0.34800999999999993 0.6535

rEnv
4
1.37099 0.5545
2.0760099999999997 0.5545
2.08199 0.6535
1.3650099999999998 0.6535


57
IMD2d1_damage
4
-1.176424 0.5445
-0.5875760000000001 0.5445
-0.586972 0.5545
-1.177028 0.5545
3.1

IMD2d1_damage
4
-0.2944240000000001 0.5445
0.29442399999999985 0.5445
0.29502799999999985 0.5545
-0.29502800000000007 0.5545
3.1

IMD2d1_damage
4
0.34457599999999994 0.5445
1.0684239999999998 0.5445
1.0690279999999999 0.5545
0.34397199999999994 0.5545
3.1

IMD2d1_damage
4
1.361576 0.5445
2.0854239999999997 0.5445
2.0860279999999998 0.5545
1.3609719999999998 0.5545
3.1

IMD2d2_damage
4
-1.172019 0.5545
-1.1670099999999999 0.5545
-1.17299 0.6535
-1.177999 0.6535
2.9

IMD2d2_damage
4
-0.59699 0.5545
-0.591981 0.5545
-0.586001 0.6535
-0.59101 0.6535
2.9

IMD2d2_damage
4
-0.2900190000000001 0.5545
-0.2850100000000001 0.5545
-0.2909900000000001 0.6535
-0.29599900000000007 0.6535
2.9

IMD2d2_damage
4
0.2850099999999999 0.5545
0.29001899999999986 0.5545
0.29599899999999985 0.6535
0.29098999999999986 0.6535
2.9

IMD2d2_damage
4
0.34898099999999993 0.5545
0.3539899999999999 0.5545
0.34800999999999993 0.6535
0.34300099999999994 0.6535
2.9

IMD2d2_damage
4
1.0590099999999998 0.5545
1.0640189999999998 0.5545
1.069999 0.6535
1.0649899999999999 0.6535
2.9

IMD2d2_damage
4
1.365981 0.5545
1.37099 0.5545
1.3650099999999998 0.6535
1.3600009999999998 0.6535
2.9

IMD2d2_damage
4
2.0760099999999997 0.5545
2.0810189999999995 0.5545
2.0869989999999996 0.6535
2.08199 0.6535
2.9

IMD2d2
4
-1.67 0.5545
-1.172019 0.5545
-1.177999 0.6535
-1.67 0.6535
2.65

IMD2d2
4
-0.591981 0.5545
-0.2900190000000001 0.5545
-0.29599900000000007 0.6535
-0.586001 0.6535
2.65

IMD2d2
4
0.29001899999999986 0.5545
0.34898099999999993 0.5545
0.34300099999999994 0.6535
0.29599899999999985 0.6535
2.65

IMD2d2
4
1.0640189999999998 0.5545
1.365981 0.5545
1.3600009999999998 0.6535
1.069999 0.6535
2.65

IMD2d2
4
2.0810189999999995 0.5545
2.5789999999999997 0.5545
2.5789999999999997 0.6535
2.0869989999999996 0.6535
2.65

IMD2d1
4
-1.67 0.5445
-1.176424 0.5445
-1.177028 0.5545
-1.67 0.5545
2.65

IMD2d1
4
-0.5875760000000001 0.5445
-0.2944240000000001 0.5445
-0.29502800000000007 0.5545
-0.586972 0.5545
2.65

IMD2d1
4
0.29442399999999985 0.5445
0.34457599999999994 0.5445
0.34397199999999994 0.5545
0.29502799999999985 0.5545
2.65

IMD2d1
4
1.0684239999999998 0.5445
1.361576 0.5445
1.3609719999999998 0.5545
1.0690279999999999 0.5545
2.65

IMD2d1
4
2.0854239999999997 0.5445
2.5789999999999997 0.5445
2.5789999999999997 0.5545
2.0860279999999998 0.5545
2.65

IMD2d1
4
-1.67 0.5265
2.5789999999999997 0.5265
2.5789999999999997 0.5445
-1.67 0.5445
2.65

FOXA+FOXB+TOX
4
-1.67 0.001
2.5789999999999997 0.001
2.5789999999999997 0.2665
-1.67 0.2665
4.0

ILD1a
4
-1.67 0.2665
2.5789999999999997 0.2665
2.5789999999999997 0.2765
-1.67 0.2765
7.0

ILD1b1+ILD1b2+ILD1b3
4
-1.67 0.2765
2.5789999999999997 0.2765
2.5789999999999997 0.3955
-1.67 0.3955
4.0

IMD1a
4
-1.67 0.3955
2.5789999999999997 0.3955
2.5789999999999997 0.4065
-1.67 0.4065
5.2

IMD1b
4
-1.67 0.4065
2.5789999999999997 0.4065
2.5789999999999997 0.4665
-1.67 0.4665
2.8

IMD2a
4
-1.67 0.4665
2.5789999999999997 0.4665
2.5789999999999997 0.4875
-1.67 0.4875
5.2

IMD2b
4
-1.67 0.4875
2.5789999999999997 0.4875
2.5789999999999997 0.5025
-1.67 0.5025
4.2

IMD2c
4
-1.67 0.5025
2.5789999999999997 0.5025
2.5789999999999997 0.5265
-1.67 0.5265
3.28

IMD3a
4
-1.67 0.6535
2.5789999999999997 0.6535
2.5789999999999997 0.6745
-1.67 0.6745
5.2

IMD3b
4
-1.67 0.6745
2.5789999999999997 0.6745
2.5789999999999997 0.6895
-1.67 0.6895
4.2

IMD3c
4
-1.67 0.6895
2.5789999999999997 0.6895
2.5789999999999997 0.7135
-1.67 0.7135
3.28

IMD3d1+IMD3d2
4
-1.67 0.7135
2.5789999999999997 0.7135
2.5789999999999997 0.8405
-1.67 0.8405
2.65

IMD4a
4
-1.67 0.8405
2.5789999999999997 0.8405
2.5789999999999997 0.8615
-1.67 0.8615
5.2

IMD4b
4
-1.67 0.8615
2.5789999999999997 0.8615
2.5789999999999997 0.8765
-1.67 0.8765
4.2

IMD4c
4
-1.67 0.8765
2.5789999999999997 0.8765
2.5789999999999997 0.9005
-1.67 0.9005
3.28

IMD4d1+IMD4d2
4
-1.67 0.9005
2.5789999999999997 0.9005
2.5789999999999997 1.0275
-1.67 1.0275
2.65

IMD5a
4
-1.67 1.0275
2.5789999999999997 1.0275
2.5789999999999997 1.0485
-1.67 1.0485
5.2

IMD5b
4
-1.67 1.0485
2.5789999999999997 1.0485
2.5789999999999997 1.0635
-1.67 1.0635
4.2

IMD5c
4
-1.67 1.0635
2.5789999999999997 1.0635
2.5789999999999997 1.0875
-1.67 1.0875
3.28

IMD5d1+IMD5d2
4
-1.67 1.0875
2.5789999999999997 1.0875
2.5789999999999997 1.2145
-1.67 1.2145
2.65

IMD6a
4
-1.67 1.2145
2.5789999999999997 1.2145
2.5789999999999997 1.2355
-1.67 1.2355
5.2

IMD6b
4
-1.67 1.2355
2.5789999999999997 1.2355
2.5789999999999997 1.2505
-1.67 1.2505
4.2

IMD6c
4
-1.67 1.2505
2.5789999999999997 1.2505
2.5789999999999997 1.2745
-1.67 1.2745
3.28

IMD6d1+IMD6d2
4
-1.67 1.2745
2.5789999999999997 1.2745
2.5789999999999997 1.4015
-1.67 1.4015
2.65

IMD7a
4
-1.67 1.4015
2.5789999999999997 1.4015
2.5789999999999997 1.4765
-1.67 1.4765
5.2

IMD7b1+IMD7b2
4
-1.67 1.4765
2.5789999999999997 1.4765
2.5789999999999997 2.9765
-1.67 2.9765
4.2

IMD8a
4
-1.67 2.9765
2.5789999999999997 2.9765
2.5789999999999997 3.0515
-1.67 3.0515
5.2

IMD8b1+IMD8b2
4
-1.67 3.0515
2.5789999999999997 3.0515
2.5789999999999997 4.5515
-1.67 4.5515
4.2

PASS1
4
-1.67 4.5515
2.5789999999999997 4.5515
2.5789999999999997 4.6265
-1.67 4.6265
7.0

PASS2
4
-1.67 4.6265
2.5789999999999997 4.6265
2.5789999999999997 5.0265
-1.67 5.0265
4.2

PASS3
4
-1.67 5.0265
2.5789999999999997 5.0265
2.5789999999999997 5.1015
-1.67 5.1015
7.0

PASS4+PASS5
4
-1.67 5.1015
2.5789999999999997 5.1015
2.5789999999999997 6.0515
-1.67 6.0515
4.2

PASS6
4
-1.67 6.0515
2.5789999999999997 6.0515
2.5789999999999997 6.6515
-1.67 6.6515
7.0

air_Layer
4
-1.67 6.6515
2.5789999999999997 6.6515
2.5789999999999997 6.9485
-1.67 6.9485
1.0


4
-1.67 0.001
2.5789999999999997 0.001
2.5789999999999997 6.9485
-1.67 6.9485

