c1
4
-0.10500999999999998 0.7415
0.10501000000000003 0.7415
0.11099000000000003 0.8405
-0.11098999999999998 0.8405

5
botleft
4
-1.04 -0.001
0 -0.001
0 0.001
-1.04 0.001

botright
4
0 -0.001
3.074 -0.001
3.074 0.001
0 0.001

lEnv
4
-0.53701 0.7415
-0.32698999999999995 0.7415
-0.32100999999999996 0.8405
-0.54299 0.8405

c2
4
0.39898999999999996 0.7415
1.3740099999999997 0.7415
1.3799899999999998 0.8405
0.39300999999999997 0.8405

rEnv
4
1.59599 0.7415
2.57101 0.7415
2.57699 0.8405
1.59001 0.8405


57
IMD3d1_damage
4
-0.5464239999999999 0.7315
-0.31757599999999997 0.7315
-0.316972 0.7415
-0.547028 0.7415
3.1

IMD3d1_damage
4
-0.11442399999999998 0.7315
0.11442400000000004 0.7315
0.11502800000000003 0.7415
-0.11502799999999998 0.7415
3.1

IMD3d1_damage
4
0.389576 0.7315
1.3834239999999998 0.7315
1.3840279999999998 0.7415
0.388972 0.7415
3.1

IMD3d1_damage
4
1.586576 0.7315
2.580424 0.7315
2.581028 0.7415
1.585972 0.7415
3.1

IMD3d2_damage
4
-0.542019 0.7415
-0.53701 0.7415
-0.54299 0.8405
-0.547999 0.8405
2.9

IMD3d2_damage
4
-0.32698999999999995 0.7415
-0.32198099999999996 0.7415
-0.316001 0.8405
-0.32100999999999996 0.8405
2.9

IMD3d2_damage
4
-0.11001899999999998 0.7415
-0.10500999999999998 0.7415
-0.11098999999999998 0.8405
-0.11599899999999998 0.8405
2.9

IMD3d2_damage
4
0.10501000000000003 0.7415
0.11001900000000003 0.7415
0.11599900000000003 0.8405
0.11099000000000003 0.8405
2.9

IMD3d2_damage
4
0.39398099999999997 0.7415
0.39898999999999996 0.7415
0.39300999999999997 0.8405
0.388001 0.8405
2.9

IMD3d2_damage
4
1.3740099999999997 0.7415
1.3790189999999998 0.7415
1.3849989999999999 0.8405
1.3799899999999998 0.8405
2.9

IMD3d2_damage
4
1.590981 0.7415
1.59599 0.7415
1.59001 0.8405
1.5850009999999999 0.8405
2.9

IMD3d2_damage
4
2.57101 0.7415
2.5760189999999996 0.7415
2.5819989999999997 0.8405
2.57699 0.8405
2.9

IMD3d2
4
-1.04 0.7415
-0.542019 0.7415
-0.547999 0.8405
-1.04 0.8405
2.65

IMD3d2
4
-0.32198099999999996 0.7415
-0.11001899999999998 0.7415
-0.11599899999999998 0.8405
-0.316001 0.8405
2.65

IMD3d2
4
0.11001900000000003 0.7415
0.39398099999999997 0.7415
0.388001 0.8405
0.11599900000000003 0.8405
2.65

IMD3d2
4
1.3790189999999998 0.7415
1.590981 0.7415
1.5850009999999999 0.8405
1.3849989999999999 0.8405
2.65

IMD3d2
4
2.5760189999999996 0.7415
3.074 0.7415
3.074 0.8405
2.5819989999999997 0.8405
2.65

IMD3d1
4
-1.04 0.7315
-0.5464239999999999 0.7315
-0.547028 0.7415
-1.04 0.7415
2.65

IMD3d1
4
-0.31757599999999997 0.7315
-0.11442399999999998 0.7315
-0.11502799999999998 0.7415
-0.316972 0.7415
2.65

IMD3d1
4
0.11442400000000004 0.7315
0.389576 0.7315
0.388972 0.7415
0.11502800000000003 0.7415
2.65

IMD3d1
4
1.3834239999999998 0.7315
1.586576 0.7315
1.585972 0.7415
1.3840279999999998 0.7415
2.65

IMD3d1
4
2.580424 0.7315
3.074 0.7315
3.074 0.7415
2.581028 0.7415
2.65

IMD3d1
4
-1.04 0.7135
3.074 0.7135
3.074 0.7315
-1.04 0.7315
2.65

FOXA+FOXB+TOX
4
-1.04 0.001
3.074 0.001
3.074 0.2665
-1.04 0.2665
4.0

ILD1a
4
-1.04 0.2665
3.074 0.2665
3.074 0.2765
-1.04 0.2765
7.0

ILD1b1+ILD1b2+ILD1b3
4
-1.04 0.2765
3.074 0.2765
3.074 0.3955
-1.04 0.3955
4.0

IMD1a
4
-1.04 0.3955
3.074 0.3955
3.074 0.4065
-1.04 0.4065
5.2

IMD1b
4
-1.04 0.4065
3.074 0.4065
3.074 0.4665
-1.04 0.4665
2.8

IMD2a
4
-1.04 0.4665
3.074 0.4665
3.074 0.4875
-1.04 0.4875
5.2

IMD2b
4
-1.04 0.4875
3.074 0.4875
3.074 0.5025
-1.04 0.5025
4.2

IMD2c
4
-1.04 0.5025
3.074 0.5025
3.074 0.5265
-1.04 0.5265
3.28

IMD2d1+IMD2d2
4
-1.04 0.5265
3.074 0.5265
3.074 0.6535
-1.04 0.6535
2.65

IMD3a
4
-1.04 0.6535
3.074 0.6535
3.074 0.6745
-1.04 0.6745
5.2

IMD3b
4
-1.04 0.6745
3.074 0.6745
3.074 0.6895
-1.04 0.6895
4.2

IMD3c
4
-1.04 0.6895
3.074 0.6895
3.074 0.7135
-1.04 0.7135
3.28

IMD4a
4
-1.04 0.8405
3.074 0.8405
3.074 0.8615
-1.04 0.8615
5.2

IMD4b
4
-1.04 0.8615
3.074 0.8615
3.074 0.8765
-1.04 0.8765
4.2

IMD4c
4
-1.04 0.8765
3.074 0.8765
3.074 0.9005
-1.04 0.9005
3.28

IMD4d1+IMD4d2
4
-1.04 0.9005
3.074 0.9005
3.074 1.0275
-1.04 1.0275
2.65

IMD5a
4
-1.04 1.0275
3.074 1.0275
3.074 1.0485
-1.04 1.0485
5.2

IMD5b
4
-1.04 1.0485
3.074 1.0485
3.074 1.0635
-1.04 1.0635
4.2

IMD5c
4
-1.04 1.0635
3.074 1.0635
3.074 1.0875
-1.04 1.0875
3.28

IMD5d1+IMD5d2
4
-1.04 1.0875
3.074 1.0875
3.074 1.2145
-1.04 1.2145
2.65

IMD6a
4
-1.04 1.2145
3.074 1.2145
3.074 1.2355
-1.04 1.2355
5.2

IMD6b
4
-1.04 1.2355
3.074 1.2355
3.074 1.2505
-1.04 1.2505
4.2

IMD6c
4
-1.04 1.2505
3.074 1.2505
3.074 1.2745
-1.04 1.2745
3.28

IMD6d1+IMD6d2
4
-1.04 1.2745
3.074 1.2745
3.074 1.4015
-1.04 1.4015
2.65

IMD7a
4
-1.04 1.4015
3.074 1.4015
3.074 1.4765
-1.04 1.4765
5.2

IMD7b1+IMD7b2
4
-1.04 1.4765
3.074 1.4765
3.074 2.9765
-1.04 2.9765
4.2

IMD8a
4
-1.04 2.9765
3.074 2.9765
3.074 3.0515
-1.04 3.0515
5.2

IMD8b1+IMD8b2
4
-1.04 3.0515
3.074 3.0515
3.074 4.5515
-1.04 4.5515
4.2

PASS1
4
-1.04 4.5515
3.074 4.5515
3.074 4.6265
-1.04 4.6265
7.0

PASS2
4
-1.04 4.6265
3.074 4.6265
3.074 5.0265
-1.04 5.0265
4.2

PASS3
4
-1.04 5.0265
3.074 5.0265
3.074 5.1015
-1.04 5.1015
7.0

PASS4+PASS5
4
-1.04 5.1015
3.074 5.1015
3.074 6.0515
-1.04 6.0515
4.2

PASS6
4
-1.04 6.0515
3.074 6.0515
3.074 6.6515
-1.04 6.6515
7.0

air_Layer
4
-1.04 6.6515
3.074 6.6515
3.074 6.9485
-1.04 6.9485
1.0


4
-1.04 0.001
3.074 0.001
3.074 6.9485
-1.04 6.9485

