c1
4
-0.28501 0.9285000000000001
0.2850099999999999 0.9285000000000001
0.29098999999999986 1.0275
-0.29098999999999997 1.0275

5
botleft
4
-1.4 -0.001
0 -0.001
0 0.001
-1.4 0.001

botright
4
0 -0.001
1.9939999999999998 -0.001
1.9939999999999998 0.001
0 0.001

lEnv
4
-0.89701 0.9285000000000001
-0.32699 0.9285000000000001
-0.32101 1.0275
-0.90299 1.0275

c2
4
0.5789899999999998 0.9285000000000001
1.0140099999999996 0.9285000000000001
1.0199899999999997 1.0275
0.5730099999999998 1.0275

rEnv
4
1.0559899999999998 0.9285000000000001
1.4910099999999997 0.9285000000000001
1.4969899999999998 1.0275
1.0500099999999997 1.0275


57
IMD4d1_damage
4
-0.9064239999999999 0.9185000000000001
-0.317576 0.9185000000000001
-0.31697200000000003 0.9285000000000001
-0.907028 0.9285000000000001
3.1

IMD4d1_damage
4
-0.29442399999999996 0.9185000000000001
0.29442399999999985 0.9185000000000001
0.29502799999999985 0.9285000000000001
-0.29502799999999996 0.9285000000000001
3.1

IMD4d1_damage
4
0.5695759999999999 0.9185000000000001
1.0234239999999997 0.9185000000000001
1.0240279999999997 0.9285000000000001
0.5689719999999998 0.9285000000000001
3.1

IMD4d1_damage
4
1.0465759999999997 0.9185000000000001
1.5004239999999998 0.9185000000000001
1.5010279999999998 0.9285000000000001
1.0459719999999997 0.9285000000000001
3.1

IMD4d2_damage
4
-0.902019 0.9285000000000001
-0.89701 0.9285000000000001
-0.90299 1.0275
-0.907999 1.0275
2.9

IMD4d2_damage
4
-0.32699 0.9285000000000001
-0.321981 0.9285000000000001
-0.31600100000000003 1.0275
-0.32101 1.0275
2.9

IMD4d2_damage
4
-0.29001899999999997 0.9285000000000001
-0.28501 0.9285000000000001
-0.29098999999999997 1.0275
-0.29599899999999996 1.0275
2.9

IMD4d2_damage
4
0.2850099999999999 0.9285000000000001
0.29001899999999986 0.9285000000000001
0.29599899999999985 1.0275
0.29098999999999986 1.0275
2.9

IMD4d2_damage
4
0.5739809999999997 0.9285000000000001
0.5789899999999998 0.9285000000000001
0.5730099999999998 1.0275
0.5680009999999998 1.0275
2.9

IMD4d2_damage
4
1.0140099999999996 0.9285000000000001
1.0190189999999997 0.9285000000000001
1.0249989999999998 1.0275
1.0199899999999997 1.0275
2.9

IMD4d2_damage
4
1.0509809999999997 0.9285000000000001
1.0559899999999998 0.9285000000000001
1.0500099999999997 1.0275
1.0450009999999996 1.0275
2.9

IMD4d2_damage
4
1.4910099999999997 0.9285000000000001
1.4960189999999998 0.9285000000000001
1.5019989999999999 1.0275
1.4969899999999998 1.0275
2.9

IMD4d2
4
-1.4 0.9285000000000001
-0.902019 0.9285000000000001
-0.907999 1.0275
-1.4 1.0275
2.65

IMD4d2
4
-0.321981 0.9285000000000001
-0.29001899999999997 0.9285000000000001
-0.29599899999999996 1.0275
-0.31600100000000003 1.0275
2.65

IMD4d2
4
0.29001899999999986 0.9285000000000001
0.5739809999999997 0.9285000000000001
0.5680009999999998 1.0275
0.29599899999999985 1.0275
2.65

IMD4d2
4
1.0190189999999997 0.9285000000000001
1.0509809999999997 0.9285000000000001
1.0450009999999996 1.0275
1.0249989999999998 1.0275
2.65

IMD4d2
4
1.4960189999999998 0.9285000000000001
1.9939999999999998 0.9285000000000001
1.9939999999999998 1.0275
1.5019989999999999 1.0275
2.65

IMD4d1
4
-1.4 0.9185000000000001
-0.9064239999999999 0.9185000000000001
-0.907028 0.9285000000000001
-1.4 0.9285000000000001
2.65

IMD4d1
4
-0.317576 0.9185000000000001
-0.29442399999999996 0.9185000000000001
-0.29502799999999996 0.9285000000000001
-0.31697200000000003 0.9285000000000001
2.65

IMD4d1
4
0.29442399999999985 0.9185000000000001
0.5695759999999999 0.9185000000000001
0.5689719999999998 0.9285000000000001
0.29502799999999985 0.9285000000000001
2.65

IMD4d1
4
1.0234239999999997 0.9185000000000001
1.0465759999999997 0.9185000000000001
1.0459719999999997 0.9285000000000001
1.0240279999999997 0.9285000000000001
2.65

IMD4d1
4
1.5004239999999998 0.9185000000000001
1.9939999999999998 0.9185000000000001
1.9939999999999998 0.9285000000000001
1.5010279999999998 0.9285000000000001
2.65

IMD4d1
4
-1.4 0.9005
1.9939999999999998 0.9005
1.9939999999999998 0.9185000000000001
-1.4 0.9185000000000001
2.65

FOXA+FOXB+TOX
4
-1.4 0.001
1.9939999999999998 0.001
1.9939999999999998 0.2665
-1.4 0.2665
4.0

ILD1a
4
-1.4 0.2665
1.9939999999999998 0.2665
1.9939999999999998 0.2765
-1.4 0.2765
7.0

ILD1b1+ILD1b2+ILD1b3
4
-1.4 0.2765
1.9939999999999998 0.2765
1.9939999999999998 0.3955
-1.4 0.3955
4.0

IMD1a
4
-1.4 0.3955
1.9939999999999998 0.3955
1.9939999999999998 0.4065
-1.4 0.4065
5.2

IMD1b
4
-1.4 0.4065
1.9939999999999998 0.4065
1.9939999999999998 0.4665
-1.4 0.4665
2.8

IMD2a
4
-1.4 0.4665
1.9939999999999998 0.4665
1.9939999999999998 0.4875
-1.4 0.4875
5.2

IMD2b
4
-1.4 0.4875
1.9939999999999998 0.4875
1.9939999999999998 0.5025
-1.4 0.5025
4.2

IMD2c
4
-1.4 0.5025
1.9939999999999998 0.5025
1.9939999999999998 0.5265
-1.4 0.5265
3.28

IMD2d1+IMD2d2
4
-1.4 0.5265
1.9939999999999998 0.5265
1.9939999999999998 0.6535
-1.4 0.6535
2.65

IMD3a
4
-1.4 0.6535
1.9939999999999998 0.6535
1.9939999999999998 0.6745
-1.4 0.6745
5.2

IMD3b
4
-1.4 0.6745
1.9939999999999998 0.6745
1.9939999999999998 0.6895
-1.4 0.6895
4.2

IMD3c
4
-1.4 0.6895
1.9939999999999998 0.6895
1.9939999999999998 0.7135
-1.4 0.7135
3.28

IMD3d1+IMD3d2
4
-1.4 0.7135
1.9939999999999998 0.7135
1.9939999999999998 0.8405
-1.4 0.8405
2.65

IMD4a
4
-1.4 0.8405
1.9939999999999998 0.8405
1.9939999999999998 0.8615
-1.4 0.8615
5.2

IMD4b
4
-1.4 0.8615
1.9939999999999998 0.8615
1.9939999999999998 0.8765
-1.4 0.8765
4.2

IMD4c
4
-1.4 0.8765
1.9939999999999998 0.8765
1.9939999999999998 0.9005
-1.4 0.9005
3.28

IMD5a
4
-1.4 1.0275
1.9939999999999998 1.0275
1.9939999999999998 1.0485
-1.4 1.0485
5.2

IMD5b
4
-1.4 1.0485
1.9939999999999998 1.0485
1.9939999999999998 1.0635
-1.4 1.0635
4.2

IMD5c
4
-1.4 1.0635
1.9939999999999998 1.0635
1.9939999999999998 1.0875
-1.4 1.0875
3.28

IMD5d1+IMD5d2
4
-1.4 1.0875
1.9939999999999998 1.0875
1.9939999999999998 1.2145
-1.4 1.2145
2.65

IMD6a
4
-1.4 1.2145
1.9939999999999998 1.2145
1.9939999999999998 1.2355
-1.4 1.2355
5.2

IMD6b
4
-1.4 1.2355
1.9939999999999998 1.2355
1.9939999999999998 1.2505
-1.4 1.2505
4.2

IMD6c
4
-1.4 1.2505
1.9939999999999998 1.2505
1.9939999999999998 1.2745
-1.4 1.2745
3.28

IMD6d1+IMD6d2
4
-1.4 1.2745
1.9939999999999998 1.2745
1.9939999999999998 1.4015
-1.4 1.4015
2.65

IMD7a
4
-1.4 1.4015
1.9939999999999998 1.4015
1.9939999999999998 1.4765
-1.4 1.4765
5.2

IMD7b1+IMD7b2
4
-1.4 1.4765
1.9939999999999998 1.4765
1.9939999999999998 2.9765
-1.4 2.9765
4.2

IMD8a
4
-1.4 2.9765
1.9939999999999998 2.9765
1.9939999999999998 3.0515
-1.4 3.0515
5.2

IMD8b1+IMD8b2
4
-1.4 3.0515
1.9939999999999998 3.0515
1.9939999999999998 4.5515
-1.4 4.5515
4.2

PASS1
4
-1.4 4.5515
1.9939999999999998 4.5515
1.9939999999999998 4.6265
-1.4 4.6265
7.0

PASS2
4
-1.4 4.6265
1.9939999999999998 4.6265
1.9939999999999998 5.0265
-1.4 5.0265
4.2

PASS3
4
-1.4 5.0265
1.9939999999999998 5.0265
1.9939999999999998 5.1015
-1.4 5.1015
7.0

PASS4+PASS5
4
-1.4 5.1015
1.9939999999999998 5.1015
1.9939999999999998 6.0515
-1.4 6.0515
4.2

PASS6
4
-1.4 6.0515
1.9939999999999998 6.0515
1.9939999999999998 6.6515
-1.4 6.6515
7.0

air_Layer
4
-1.4 6.6515
1.9939999999999998 6.6515
1.9939999999999998 6.9485
-1.4 6.9485
1.0


4
-1.4 0.001
1.9939999999999998 0.001
1.9939999999999998 6.9485
-1.4 6.9485

