c1
4
-0.4200100000000001 0.7415
0.4200099999999999 0.7415
0.42598999999999987 0.8405
-0.4259900000000001 0.8405

5
botleft
4
-1.9849999999999999 -0.001
0 -0.001
0 0.001
-1.9849999999999999 0.001

botright
4
0 -0.001
3.614 -0.001
3.614 0.001
0 0.001

lEnv
4
-1.4820099999999998 0.7415
-0.64199 0.7415
-0.63601 0.8405
-1.48799 0.8405

c2
4
0.9389899999999999 0.7415
1.9140099999999998 0.7415
1.9199899999999999 0.8405
0.9330099999999999 0.8405

rEnv
4
2.13599 0.7415
3.1110099999999994 0.7415
3.1169899999999995 0.8405
2.13001 0.8405


57
IMD3d1_damage
4
-1.4914239999999999 0.7315
-0.632576 0.7315
-0.631972 0.7415
-1.492028 0.7415
3.1

IMD3d1_damage
4
-0.4294240000000001 0.7315
0.42942399999999986 0.7315
0.43002799999999985 0.7415
-0.4300280000000001 0.7415
3.1

IMD3d1_damage
4
0.929576 0.7315
1.9234239999999998 0.7315
1.9240279999999998 0.7415
0.9289719999999999 0.7415
3.1

IMD3d1_damage
4
2.126576 0.7315
3.1204239999999994 0.7315
3.1210279999999995 0.7415
2.125972 0.7415
3.1

IMD3d2_damage
4
-1.4870189999999999 0.7415
-1.4820099999999998 0.7415
-1.48799 0.8405
-1.492999 0.8405
2.9

IMD3d2_damage
4
-0.64199 0.7415
-0.6369809999999999 0.7415
-0.6310009999999999 0.8405
-0.63601 0.8405
2.9

IMD3d2_damage
4
-0.4250190000000001 0.7415
-0.4200100000000001 0.7415
-0.4259900000000001 0.8405
-0.4309990000000001 0.8405
2.9

IMD3d2_damage
4
0.4200099999999999 0.7415
0.42501899999999987 0.7415
0.43099899999999985 0.8405
0.42598999999999987 0.8405
2.9

IMD3d2_damage
4
0.9339809999999998 0.7415
0.9389899999999999 0.7415
0.9330099999999999 0.8405
0.9280009999999999 0.8405
2.9

IMD3d2_damage
4
1.9140099999999998 0.7415
1.9190189999999998 0.7415
1.924999 0.8405
1.9199899999999999 0.8405
2.9

IMD3d2_damage
4
2.1309810000000002 0.7415
2.13599 0.7415
2.13001 0.8405
2.125001 0.8405
2.9

IMD3d2_damage
4
3.1110099999999994 0.7415
3.116018999999999 0.7415
3.1219989999999993 0.8405
3.1169899999999995 0.8405
2.9

IMD3d2
4
-1.9849999999999999 0.7415
-1.4870189999999999 0.7415
-1.492999 0.8405
-1.9849999999999999 0.8405
2.65

IMD3d2
4
-0.6369809999999999 0.7415
-0.4250190000000001 0.7415
-0.4309990000000001 0.8405
-0.6310009999999999 0.8405
2.65

IMD3d2
4
0.42501899999999987 0.7415
0.9339809999999998 0.7415
0.9280009999999999 0.8405
0.43099899999999985 0.8405
2.65

IMD3d2
4
1.9190189999999998 0.7415
2.1309810000000002 0.7415
2.125001 0.8405
1.924999 0.8405
2.65

IMD3d2
4
3.116018999999999 0.7415
3.614 0.7415
3.614 0.8405
3.1219989999999993 0.8405
2.65

IMD3d1
4
-1.9849999999999999 0.7315
-1.4914239999999999 0.7315
-1.492028 0.7415
-1.9849999999999999 0.7415
2.65

IMD3d1
4
-0.632576 0.7315
-0.4294240000000001 0.7315
-0.4300280000000001 0.7415
-0.631972 0.7415
2.65

IMD3d1
4
0.42942399999999986 0.7315
0.929576 0.7315
0.9289719999999999 0.7415
0.43002799999999985 0.7415
2.65

IMD3d1
4
1.9234239999999998 0.7315
2.126576 0.7315
2.125972 0.7415
1.9240279999999998 0.7415
2.65

IMD3d1
4
3.1204239999999994 0.7315
3.614 0.7315
3.614 0.7415
3.1210279999999995 0.7415
2.65

IMD3d1
4
-1.9849999999999999 0.7135
3.614 0.7135
3.614 0.7315
-1.9849999999999999 0.7315
2.65

FOXA+FOXB+TOX
4
-1.9849999999999999 0.001
3.614 0.001
3.614 0.2665
-1.9849999999999999 0.2665
4.0

ILD1a
4
-1.9849999999999999 0.2665
3.614 0.2665
3.614 0.2765
-1.9849999999999999 0.2765
7.0

ILD1b1+ILD1b2+ILD1b3
4
-1.9849999999999999 0.2765
3.614 0.2765
3.614 0.3955
-1.9849999999999999 0.3955
4.0

IMD1a
4
-1.9849999999999999 0.3955
3.614 0.3955
3.614 0.4065
-1.9849999999999999 0.4065
5.2

IMD1b
4
-1.9849999999999999 0.4065
3.614 0.4065
3.614 0.4665
-1.9849999999999999 0.4665
2.8

IMD2a
4
-1.9849999999999999 0.4665
3.614 0.4665
3.614 0.4875
-1.9849999999999999 0.4875
5.2

IMD2b
4
-1.9849999999999999 0.4875
3.614 0.4875
3.614 0.5025
-1.9849999999999999 0.5025
4.2

IMD2c
4
-1.9849999999999999 0.5025
3.614 0.5025
3.614 0.5265
-1.9849999999999999 0.5265
3.28

IMD2d1+IMD2d2
4
-1.9849999999999999 0.5265
3.614 0.5265
3.614 0.6535
-1.9849999999999999 0.6535
2.65

IMD3a
4
-1.9849999999999999 0.6535
3.614 0.6535
3.614 0.6745
-1.9849999999999999 0.6745
5.2

IMD3b
4
-1.9849999999999999 0.6745
3.614 0.6745
3.614 0.6895
-1.9849999999999999 0.6895
4.2

IMD3c
4
-1.9849999999999999 0.6895
3.614 0.6895
3.614 0.7135
-1.9849999999999999 0.7135
3.28

IMD4a
4
-1.9849999999999999 0.8405
3.614 0.8405
3.614 0.8615
-1.9849999999999999 0.8615
5.2

IMD4b
4
-1.9849999999999999 0.8615
3.614 0.8615
3.614 0.8765
-1.9849999999999999 0.8765
4.2

IMD4c
4
-1.9849999999999999 0.8765
3.614 0.8765
3.614 0.9005
-1.9849999999999999 0.9005
3.28

IMD4d1+IMD4d2
4
-1.9849999999999999 0.9005
3.614 0.9005
3.614 1.0275
-1.9849999999999999 1.0275
2.65

IMD5a
4
-1.9849999999999999 1.0275
3.614 1.0275
3.614 1.0485
-1.9849999999999999 1.0485
5.2

IMD5b
4
-1.9849999999999999 1.0485
3.614 1.0485
3.614 1.0635
-1.9849999999999999 1.0635
4.2

IMD5c
4
-1.9849999999999999 1.0635
3.614 1.0635
3.614 1.0875
-1.9849999999999999 1.0875
3.28

IMD5d1+IMD5d2
4
-1.9849999999999999 1.0875
3.614 1.0875
3.614 1.2145
-1.9849999999999999 1.2145
2.65

IMD6a
4
-1.9849999999999999 1.2145
3.614 1.2145
3.614 1.2355
-1.9849999999999999 1.2355
5.2

IMD6b
4
-1.9849999999999999 1.2355
3.614 1.2355
3.614 1.2505
-1.9849999999999999 1.2505
4.2

IMD6c
4
-1.9849999999999999 1.2505
3.614 1.2505
3.614 1.2745
-1.9849999999999999 1.2745
3.28

IMD6d1+IMD6d2
4
-1.9849999999999999 1.2745
3.614 1.2745
3.614 1.4015
-1.9849999999999999 1.4015
2.65

IMD7a
4
-1.9849999999999999 1.4015
3.614 1.4015
3.614 1.4765
-1.9849999999999999 1.4765
5.2

IMD7b1+IMD7b2
4
-1.9849999999999999 1.4765
3.614 1.4765
3.614 2.9765
-1.9849999999999999 2.9765
4.2

IMD8a
4
-1.9849999999999999 2.9765
3.614 2.9765
3.614 3.0515
-1.9849999999999999 3.0515
5.2

IMD8b1+IMD8b2
4
-1.9849999999999999 3.0515
3.614 3.0515
3.614 4.5515
-1.9849999999999999 4.5515
4.2

PASS1
4
-1.9849999999999999 4.5515
3.614 4.5515
3.614 4.6265
-1.9849999999999999 4.6265
7.0

PASS2
4
-1.9849999999999999 4.6265
3.614 4.6265
3.614 5.0265
-1.9849999999999999 5.0265
4.2

PASS3
4
-1.9849999999999999 5.0265
3.614 5.0265
3.614 5.1015
-1.9849999999999999 5.1015
7.0

PASS4+PASS5
4
-1.9849999999999999 5.1015
3.614 5.1015
3.614 6.0515
-1.9849999999999999 6.0515
4.2

PASS6
4
-1.9849999999999999 6.0515
3.614 6.0515
3.614 6.6515
-1.9849999999999999 6.6515
7.0

air_Layer
4
-1.9849999999999999 6.6515
3.614 6.6515
3.614 6.9485
-1.9849999999999999 6.9485
1.0


4
-1.9849999999999999 0.001
3.614 0.001
3.614 6.9485
-1.9849999999999999 6.9485

