c1
4
-0.4200100000000001 0.5545
0.4200099999999999 0.5545
0.42598999999999987 0.6535
-0.4259900000000001 0.6535

5
botleft
4
-1.9849999999999999 -0.001
0 -0.001
0 0.001
-1.9849999999999999 0.001

botright
4
0 -0.001
3.1640000000000006 -0.001
3.1640000000000006 0.001
0 0.001

lEnv
4
-1.4820099999999998 0.5545
-0.64199 0.5545
-0.63601 0.6535
-1.48799 0.6535

c2
4
0.7589899999999997 0.5545
1.5990099999999998 0.5545
1.60499 0.6535
0.7530099999999997 0.6535

rEnv
4
1.82099 0.5545
2.66101 0.5545
2.66699 0.6535
1.81501 0.6535


57
IMD2d1_damage
4
-1.4914239999999999 0.5445
-0.632576 0.5445
-0.631972 0.5545
-1.492028 0.5545
3.1

IMD2d1_damage
4
-0.4294240000000001 0.5445
0.42942399999999986 0.5445
0.43002799999999985 0.5545
-0.4300280000000001 0.5545
3.1

IMD2d1_damage
4
0.7495759999999998 0.5445
1.6084239999999999 0.5445
1.609028 0.5545
0.7489719999999997 0.5545
3.1

IMD2d1_damage
4
1.811576 0.5445
2.670424 0.5445
2.671028 0.5545
1.810972 0.5545
3.1

IMD2d2_damage
4
-1.4870189999999999 0.5545
-1.4820099999999998 0.5545
-1.48799 0.6535
-1.492999 0.6535
2.9

IMD2d2_damage
4
-0.64199 0.5545
-0.6369809999999999 0.5545
-0.6310009999999999 0.6535
-0.63601 0.6535
2.9

IMD2d2_damage
4
-0.4250190000000001 0.5545
-0.4200100000000001 0.5545
-0.4259900000000001 0.6535
-0.4309990000000001 0.6535
2.9

IMD2d2_damage
4
0.4200099999999999 0.5545
0.42501899999999987 0.5545
0.43099899999999985 0.6535
0.42598999999999987 0.6535
2.9

IMD2d2_damage
4
0.7539809999999997 0.5545
0.7589899999999997 0.5545
0.7530099999999997 0.6535
0.7480009999999997 0.6535
2.9

IMD2d2_damage
4
1.5990099999999998 0.5545
1.6040189999999999 0.5545
1.609999 0.6535
1.60499 0.6535
2.9

IMD2d2_damage
4
1.815981 0.5545
1.82099 0.5545
1.81501 0.6535
1.810001 0.6535
2.9

IMD2d2_damage
4
2.66101 0.5545
2.666019 0.5545
2.671999 0.6535
2.66699 0.6535
2.9

IMD2d2
4
-1.9849999999999999 0.5545
-1.4870189999999999 0.5545
-1.492999 0.6535
-1.9849999999999999 0.6535
2.65

IMD2d2
4
-0.6369809999999999 0.5545
-0.4250190000000001 0.5545
-0.4309990000000001 0.6535
-0.6310009999999999 0.6535
2.65

IMD2d2
4
0.42501899999999987 0.5545
0.7539809999999997 0.5545
0.7480009999999997 0.6535
0.43099899999999985 0.6535
2.65

IMD2d2
4
1.6040189999999999 0.5545
1.815981 0.5545
1.810001 0.6535
1.609999 0.6535
2.65

IMD2d2
4
2.666019 0.5545
3.1640000000000006 0.5545
3.1640000000000006 0.6535
2.671999 0.6535
2.65

IMD2d1
4
-1.9849999999999999 0.5445
-1.4914239999999999 0.5445
-1.492028 0.5545
-1.9849999999999999 0.5545
2.65

IMD2d1
4
-0.632576 0.5445
-0.4294240000000001 0.5445
-0.4300280000000001 0.5545
-0.631972 0.5545
2.65

IMD2d1
4
0.42942399999999986 0.5445
0.7495759999999998 0.5445
0.7489719999999997 0.5545
0.43002799999999985 0.5545
2.65

IMD2d1
4
1.6084239999999999 0.5445
1.811576 0.5445
1.810972 0.5545
1.609028 0.5545
2.65

IMD2d1
4
2.670424 0.5445
3.1640000000000006 0.5445
3.1640000000000006 0.5545
2.671028 0.5545
2.65

IMD2d1
4
-1.9849999999999999 0.5265
3.1640000000000006 0.5265
3.1640000000000006 0.5445
-1.9849999999999999 0.5445
2.65

FOXA+FOXB+TOX
4
-1.9849999999999999 0.001
3.1640000000000006 0.001
3.1640000000000006 0.2665
-1.9849999999999999 0.2665
4.0

ILD1a
4
-1.9849999999999999 0.2665
3.1640000000000006 0.2665
3.1640000000000006 0.2765
-1.9849999999999999 0.2765
7.0

ILD1b1+ILD1b2+ILD1b3
4
-1.9849999999999999 0.2765
3.1640000000000006 0.2765
3.1640000000000006 0.3955
-1.9849999999999999 0.3955
4.0

IMD1a
4
-1.9849999999999999 0.3955
3.1640000000000006 0.3955
3.1640000000000006 0.4065
-1.9849999999999999 0.4065
5.2

IMD1b
4
-1.9849999999999999 0.4065
3.1640000000000006 0.4065
3.1640000000000006 0.4665
-1.9849999999999999 0.4665
2.8

IMD2a
4
-1.9849999999999999 0.4665
3.1640000000000006 0.4665
3.1640000000000006 0.4875
-1.9849999999999999 0.4875
5.2

IMD2b
4
-1.9849999999999999 0.4875
3.1640000000000006 0.4875
3.1640000000000006 0.5025
-1.9849999999999999 0.5025
4.2

IMD2c
4
-1.9849999999999999 0.5025
3.1640000000000006 0.5025
3.1640000000000006 0.5265
-1.9849999999999999 0.5265
3.28

IMD3a
4
-1.9849999999999999 0.6535
3.1640000000000006 0.6535
3.1640000000000006 0.6745
-1.9849999999999999 0.6745
5.2

IMD3b
4
-1.9849999999999999 0.6745
3.1640000000000006 0.6745
3.1640000000000006 0.6895
-1.9849999999999999 0.6895
4.2

IMD3c
4
-1.9849999999999999 0.6895
3.1640000000000006 0.6895
3.1640000000000006 0.7135
-1.9849999999999999 0.7135
3.28

IMD3d1+IMD3d2
4
-1.9849999999999999 0.7135
3.1640000000000006 0.7135
3.1640000000000006 0.8405
-1.9849999999999999 0.8405
2.65

IMD4a
4
-1.9849999999999999 0.8405
3.1640000000000006 0.8405
3.1640000000000006 0.8615
-1.9849999999999999 0.8615
5.2

IMD4b
4
-1.9849999999999999 0.8615
3.1640000000000006 0.8615
3.1640000000000006 0.8765
-1.9849999999999999 0.8765
4.2

IMD4c
4
-1.9849999999999999 0.8765
3.1640000000000006 0.8765
3.1640000000000006 0.9005
-1.9849999999999999 0.9005
3.28

IMD4d1+IMD4d2
4
-1.9849999999999999 0.9005
3.1640000000000006 0.9005
3.1640000000000006 1.0275
-1.9849999999999999 1.0275
2.65

IMD5a
4
-1.9849999999999999 1.0275
3.1640000000000006 1.0275
3.1640000000000006 1.0485
-1.9849999999999999 1.0485
5.2

IMD5b
4
-1.9849999999999999 1.0485
3.1640000000000006 1.0485
3.1640000000000006 1.0635
-1.9849999999999999 1.0635
4.2

IMD5c
4
-1.9849999999999999 1.0635
3.1640000000000006 1.0635
3.1640000000000006 1.0875
-1.9849999999999999 1.0875
3.28

IMD5d1+IMD5d2
4
-1.9849999999999999 1.0875
3.1640000000000006 1.0875
3.1640000000000006 1.2145
-1.9849999999999999 1.2145
2.65

IMD6a
4
-1.9849999999999999 1.2145
3.1640000000000006 1.2145
3.1640000000000006 1.2355
-1.9849999999999999 1.2355
5.2

IMD6b
4
-1.9849999999999999 1.2355
3.1640000000000006 1.2355
3.1640000000000006 1.2505
-1.9849999999999999 1.2505
4.2

IMD6c
4
-1.9849999999999999 1.2505
3.1640000000000006 1.2505
3.1640000000000006 1.2745
-1.9849999999999999 1.2745
3.28

IMD6d1+IMD6d2
4
-1.9849999999999999 1.2745
3.1640000000000006 1.2745
3.1640000000000006 1.4015
-1.9849999999999999 1.4015
2.65

IMD7a
4
-1.9849999999999999 1.4015
3.1640000000000006 1.4015
3.1640000000000006 1.4765
-1.9849999999999999 1.4765
5.2

IMD7b1+IMD7b2
4
-1.9849999999999999 1.4765
3.1640000000000006 1.4765
3.1640000000000006 2.9765
-1.9849999999999999 2.9765
4.2

IMD8a
4
-1.9849999999999999 2.9765
3.1640000000000006 2.9765
3.1640000000000006 3.0515
-1.9849999999999999 3.0515
5.2

IMD8b1+IMD8b2
4
-1.9849999999999999 3.0515
3.1640000000000006 3.0515
3.1640000000000006 4.5515
-1.9849999999999999 4.5515
4.2

PASS1
4
-1.9849999999999999 4.5515
3.1640000000000006 4.5515
3.1640000000000006 4.6265
-1.9849999999999999 4.6265
7.0

PASS2
4
-1.9849999999999999 4.6265
3.1640000000000006 4.6265
3.1640000000000006 5.0265
-1.9849999999999999 5.0265
4.2

PASS3
4
-1.9849999999999999 5.0265
3.1640000000000006 5.0265
3.1640000000000006 5.1015
-1.9849999999999999 5.1015
7.0

PASS4+PASS5
4
-1.9849999999999999 5.1015
3.1640000000000006 5.1015
3.1640000000000006 6.0515
-1.9849999999999999 6.0515
4.2

PASS6
4
-1.9849999999999999 6.0515
3.1640000000000006 6.0515
3.1640000000000006 6.6515
-1.9849999999999999 6.6515
7.0

air_Layer
4
-1.9849999999999999 6.6515
3.1640000000000006 6.6515
3.1640000000000006 6.9485
-1.9849999999999999 6.9485
1.0


4
-1.9849999999999999 0.001
3.1640000000000006 0.001
3.1640000000000006 6.9485
-1.9849999999999999 6.9485

