c1
4
-0.4200099999999999 0.5545
0.4200100000000001 0.5545
0.4259900000000001 0.6535
-0.42598999999999987 0.6535

5
botleft
4
-2.0749999999999997 -0.001
0 -0.001
0 0.001
-2.0749999999999997 0.001

botright
4
0 -0.001
3.9290000000000003 -0.001
3.9290000000000003 0.001
0 0.001

lEnv
4
-1.5720099999999997 0.5545
-0.7319899999999998 0.5545
-0.7260099999999998 0.6535
-1.5779899999999998 0.6535

c2
4
1.16399 0.5545
2.13901 0.5545
2.14499 0.6535
1.15801 0.6535

rEnv
4
2.45099 0.5545
3.4260099999999998 0.5545
3.43199 0.6535
2.44501 0.6535


57
IMD2d1_damage
4
-1.5814239999999997 0.5445
-0.7225759999999999 0.5445
-0.7219719999999998 0.5545
-1.5820279999999998 0.5545
3.1

IMD2d1_damage
4
-0.42942399999999986 0.5445
0.4294240000000001 0.5445
0.4300280000000001 0.5545
-0.43002799999999985 0.5545
3.1

IMD2d1_damage
4
1.154576 0.5445
2.148424 0.5445
2.149028 0.5545
1.153972 0.5545
3.1

IMD2d1_damage
4
2.441576 0.5445
3.435424 0.5445
3.436028 0.5545
2.440972 0.5545
3.1

IMD2d2_damage
4
-1.5770189999999997 0.5545
-1.5720099999999997 0.5545
-1.5779899999999998 0.6535
-1.5829989999999998 0.6535
2.9

IMD2d2_damage
4
-0.7319899999999998 0.5545
-0.7269809999999998 0.5545
-0.7210009999999998 0.6535
-0.7260099999999998 0.6535
2.9

IMD2d2_damage
4
-0.42501899999999987 0.5545
-0.4200099999999999 0.5545
-0.42598999999999987 0.6535
-0.43099899999999985 0.6535
2.9

IMD2d2_damage
4
0.4200100000000001 0.5545
0.4250190000000001 0.5545
0.4309990000000001 0.6535
0.4259900000000001 0.6535
2.9

IMD2d2_damage
4
1.158981 0.5545
1.16399 0.5545
1.15801 0.6535
1.153001 0.6535
2.9

IMD2d2_damage
4
2.13901 0.5545
2.1440189999999997 0.5545
2.1499989999999998 0.6535
2.14499 0.6535
2.9

IMD2d2_damage
4
2.445981 0.5545
2.45099 0.5545
2.44501 0.6535
2.440001 0.6535
2.9

IMD2d2_damage
4
3.4260099999999998 0.5545
3.4310189999999996 0.5545
3.4369989999999997 0.6535
3.43199 0.6535
2.9

IMD2d2
4
-2.0749999999999997 0.5545
-1.5770189999999997 0.5545
-1.5829989999999998 0.6535
-2.0749999999999997 0.6535
2.65

IMD2d2
4
-0.7269809999999998 0.5545
-0.42501899999999987 0.5545
-0.43099899999999985 0.6535
-0.7210009999999998 0.6535
2.65

IMD2d2
4
0.4250190000000001 0.5545
1.158981 0.5545
1.153001 0.6535
0.4309990000000001 0.6535
2.65

IMD2d2
4
2.1440189999999997 0.5545
2.445981 0.5545
2.440001 0.6535
2.1499989999999998 0.6535
2.65

IMD2d2
4
3.4310189999999996 0.5545
3.9290000000000003 0.5545
3.9290000000000003 0.6535
3.4369989999999997 0.6535
2.65

IMD2d1
4
-2.0749999999999997 0.5445
-1.5814239999999997 0.5445
-1.5820279999999998 0.5545
-2.0749999999999997 0.5545
2.65

IMD2d1
4
-0.7225759999999999 0.5445
-0.42942399999999986 0.5445
-0.43002799999999985 0.5545
-0.7219719999999998 0.5545
2.65

IMD2d1
4
0.4294240000000001 0.5445
1.154576 0.5445
1.153972 0.5545
0.4300280000000001 0.5545
2.65

IMD2d1
4
2.148424 0.5445
2.441576 0.5445
2.440972 0.5545
2.149028 0.5545
2.65

IMD2d1
4
3.435424 0.5445
3.9290000000000003 0.5445
3.9290000000000003 0.5545
3.436028 0.5545
2.65

IMD2d1
4
-2.0749999999999997 0.5265
3.9290000000000003 0.5265
3.9290000000000003 0.5445
-2.0749999999999997 0.5445
2.65

FOXA+FOXB+TOX
4
-2.0749999999999997 0.001
3.9290000000000003 0.001
3.9290000000000003 0.2665
-2.0749999999999997 0.2665
4.0

ILD1a
4
-2.0749999999999997 0.2665
3.9290000000000003 0.2665
3.9290000000000003 0.2765
-2.0749999999999997 0.2765
7.0

ILD1b1+ILD1b2+ILD1b3
4
-2.0749999999999997 0.2765
3.9290000000000003 0.2765
3.9290000000000003 0.3955
-2.0749999999999997 0.3955
4.0

IMD1a
4
-2.0749999999999997 0.3955
3.9290000000000003 0.3955
3.9290000000000003 0.4065
-2.0749999999999997 0.4065
5.2

IMD1b
4
-2.0749999999999997 0.4065
3.9290000000000003 0.4065
3.9290000000000003 0.4665
-2.0749999999999997 0.4665
2.8

IMD2a
4
-2.0749999999999997 0.4665
3.9290000000000003 0.4665
3.9290000000000003 0.4875
-2.0749999999999997 0.4875
5.2

IMD2b
4
-2.0749999999999997 0.4875
3.9290000000000003 0.4875
3.9290000000000003 0.5025
-2.0749999999999997 0.5025
4.2

IMD2c
4
-2.0749999999999997 0.5025
3.9290000000000003 0.5025
3.9290000000000003 0.5265
-2.0749999999999997 0.5265
3.28

IMD3a
4
-2.0749999999999997 0.6535
3.9290000000000003 0.6535
3.9290000000000003 0.6745
-2.0749999999999997 0.6745
5.2

IMD3b
4
-2.0749999999999997 0.6745
3.9290000000000003 0.6745
3.9290000000000003 0.6895
-2.0749999999999997 0.6895
4.2

IMD3c
4
-2.0749999999999997 0.6895
3.9290000000000003 0.6895
3.9290000000000003 0.7135
-2.0749999999999997 0.7135
3.28

IMD3d1+IMD3d2
4
-2.0749999999999997 0.7135
3.9290000000000003 0.7135
3.9290000000000003 0.8405
-2.0749999999999997 0.8405
2.65

IMD4a
4
-2.0749999999999997 0.8405
3.9290000000000003 0.8405
3.9290000000000003 0.8615
-2.0749999999999997 0.8615
5.2

IMD4b
4
-2.0749999999999997 0.8615
3.9290000000000003 0.8615
3.9290000000000003 0.8765
-2.0749999999999997 0.8765
4.2

IMD4c
4
-2.0749999999999997 0.8765
3.9290000000000003 0.8765
3.9290000000000003 0.9005
-2.0749999999999997 0.9005
3.28

IMD4d1+IMD4d2
4
-2.0749999999999997 0.9005
3.9290000000000003 0.9005
3.9290000000000003 1.0275
-2.0749999999999997 1.0275
2.65

IMD5a
4
-2.0749999999999997 1.0275
3.9290000000000003 1.0275
3.9290000000000003 1.0485
-2.0749999999999997 1.0485
5.2

IMD5b
4
-2.0749999999999997 1.0485
3.9290000000000003 1.0485
3.9290000000000003 1.0635
-2.0749999999999997 1.0635
4.2

IMD5c
4
-2.0749999999999997 1.0635
3.9290000000000003 1.0635
3.9290000000000003 1.0875
-2.0749999999999997 1.0875
3.28

IMD5d1+IMD5d2
4
-2.0749999999999997 1.0875
3.9290000000000003 1.0875
3.9290000000000003 1.2145
-2.0749999999999997 1.2145
2.65

IMD6a
4
-2.0749999999999997 1.2145
3.9290000000000003 1.2145
3.9290000000000003 1.2355
-2.0749999999999997 1.2355
5.2

IMD6b
4
-2.0749999999999997 1.2355
3.9290000000000003 1.2355
3.9290000000000003 1.2505
-2.0749999999999997 1.2505
4.2

IMD6c
4
-2.0749999999999997 1.2505
3.9290000000000003 1.2505
3.9290000000000003 1.2745
-2.0749999999999997 1.2745
3.28

IMD6d1+IMD6d2
4
-2.0749999999999997 1.2745
3.9290000000000003 1.2745
3.9290000000000003 1.4015
-2.0749999999999997 1.4015
2.65

IMD7a
4
-2.0749999999999997 1.4015
3.9290000000000003 1.4015
3.9290000000000003 1.4765
-2.0749999999999997 1.4765
5.2

IMD7b1+IMD7b2
4
-2.0749999999999997 1.4765
3.9290000000000003 1.4765
3.9290000000000003 2.9765
-2.0749999999999997 2.9765
4.2

IMD8a
4
-2.0749999999999997 2.9765
3.9290000000000003 2.9765
3.9290000000000003 3.0515
-2.0749999999999997 3.0515
5.2

IMD8b1+IMD8b2
4
-2.0749999999999997 3.0515
3.9290000000000003 3.0515
3.9290000000000003 4.5515
-2.0749999999999997 4.5515
4.2

PASS1
4
-2.0749999999999997 4.5515
3.9290000000000003 4.5515
3.9290000000000003 4.6265
-2.0749999999999997 4.6265
7.0

PASS2
4
-2.0749999999999997 4.6265
3.9290000000000003 4.6265
3.9290000000000003 5.0265
-2.0749999999999997 5.0265
4.2

PASS3
4
-2.0749999999999997 5.0265
3.9290000000000003 5.0265
3.9290000000000003 5.1015
-2.0749999999999997 5.1015
7.0

PASS4+PASS5
4
-2.0749999999999997 5.1015
3.9290000000000003 5.1015
3.9290000000000003 6.0515
-2.0749999999999997 6.0515
4.2

PASS6
4
-2.0749999999999997 6.0515
3.9290000000000003 6.0515
3.9290000000000003 6.6515
-2.0749999999999997 6.6515
7.0

air_Layer
4
-2.0749999999999997 6.6515
3.9290000000000003 6.6515
3.9290000000000003 6.9485
-2.0749999999999997 6.9485
1.0


4
-2.0749999999999997 0.001
3.9290000000000003 0.001
3.9290000000000003 6.9485
-2.0749999999999997 6.9485

