c1
4
-0.28501 1.1155
0.2850099999999999 1.1155
0.29098999999999986 1.2145
-0.29098999999999997 1.2145

5
botleft
4
-1.4 -0.001
0 -0.001
0 0.001
-1.4 0.001

botright
4
0 -0.001
2.4889999999999994 -0.001
2.4889999999999994 0.001
0 0.001

lEnv
4
-0.89701 1.1155
-0.32699 1.1155
-0.32101 1.2145
-0.90299 1.2145

c2
4
1.0739899999999998 1.1155
1.5090099999999995 1.1155
1.5149899999999996 1.2145
1.0680099999999997 1.2145

rEnv
4
1.5509899999999996 1.1155
1.9860099999999994 1.1155
1.9919899999999995 1.2145
1.5450099999999996 1.2145


57
IMD5d1_damage
4
-0.9064239999999999 1.1055
-0.317576 1.1055
-0.31697200000000003 1.1155
-0.907028 1.1155
3.1

IMD5d1_damage
4
-0.29442399999999996 1.1055
0.29442399999999985 1.1055
0.29502799999999985 1.1155
-0.29502799999999996 1.1155
3.1

IMD5d1_damage
4
1.0645759999999997 1.1055
1.5184239999999996 1.1055
1.5190279999999996 1.1155
1.0639719999999997 1.1155
3.1

IMD5d1_damage
4
1.5415759999999996 1.1055
1.9954239999999994 1.1055
1.9960279999999995 1.1155
1.5409719999999996 1.1155
3.1

IMD5d2_damage
4
-0.902019 1.1155
-0.89701 1.1155
-0.90299 1.2145
-0.907999 1.2145
2.9

IMD5d2_damage
4
-0.32699 1.1155
-0.321981 1.1155
-0.31600100000000003 1.2145
-0.32101 1.2145
2.9

IMD5d2_damage
4
-0.29001899999999997 1.1155
-0.28501 1.1155
-0.29098999999999997 1.2145
-0.29599899999999996 1.2145
2.9

IMD5d2_damage
4
0.2850099999999999 1.1155
0.29001899999999986 1.1155
0.29599899999999985 1.2145
0.29098999999999986 1.2145
2.9

IMD5d2_damage
4
1.0689809999999997 1.1155
1.0739899999999998 1.1155
1.0680099999999997 1.2145
1.0630009999999996 1.2145
2.9

IMD5d2_damage
4
1.5090099999999995 1.1155
1.5140189999999996 1.1155
1.5199989999999997 1.2145
1.5149899999999996 1.2145
2.9

IMD5d2_damage
4
1.5459809999999996 1.1155
1.5509899999999996 1.1155
1.5450099999999996 1.2145
1.5400009999999995 1.2145
2.9

IMD5d2_damage
4
1.9860099999999994 1.1155
1.9910189999999994 1.1155
1.9969989999999995 1.2145
1.9919899999999995 1.2145
2.9

IMD5d2
4
-1.4 1.1155
-0.902019 1.1155
-0.907999 1.2145
-1.4 1.2145
2.65

IMD5d2
4
-0.321981 1.1155
-0.29001899999999997 1.1155
-0.29599899999999996 1.2145
-0.31600100000000003 1.2145
2.65

IMD5d2
4
0.29001899999999986 1.1155
1.0689809999999997 1.1155
1.0630009999999996 1.2145
0.29599899999999985 1.2145
2.65

IMD5d2
4
1.5140189999999996 1.1155
1.5459809999999996 1.1155
1.5400009999999995 1.2145
1.5199989999999997 1.2145
2.65

IMD5d2
4
1.9910189999999994 1.1155
2.4889999999999994 1.1155
2.4889999999999994 1.2145
1.9969989999999995 1.2145
2.65

IMD5d1
4
-1.4 1.1055
-0.9064239999999999 1.1055
-0.907028 1.1155
-1.4 1.1155
2.65

IMD5d1
4
-0.317576 1.1055
-0.29442399999999996 1.1055
-0.29502799999999996 1.1155
-0.31697200000000003 1.1155
2.65

IMD5d1
4
0.29442399999999985 1.1055
1.0645759999999997 1.1055
1.0639719999999997 1.1155
0.29502799999999985 1.1155
2.65

IMD5d1
4
1.5184239999999996 1.1055
1.5415759999999996 1.1055
1.5409719999999996 1.1155
1.5190279999999996 1.1155
2.65

IMD5d1
4
1.9954239999999994 1.1055
2.4889999999999994 1.1055
2.4889999999999994 1.1155
1.9960279999999995 1.1155
2.65

IMD5d1
4
-1.4 1.0875
2.4889999999999994 1.0875
2.4889999999999994 1.1055
-1.4 1.1055
2.65

FOXA+FOXB+TOX
4
-1.4 0.001
2.4889999999999994 0.001
2.4889999999999994 0.2665
-1.4 0.2665
4.0

ILD1a
4
-1.4 0.2665
2.4889999999999994 0.2665
2.4889999999999994 0.2765
-1.4 0.2765
7.0

ILD1b1+ILD1b2+ILD1b3
4
-1.4 0.2765
2.4889999999999994 0.2765
2.4889999999999994 0.3955
-1.4 0.3955
4.0

IMD1a
4
-1.4 0.3955
2.4889999999999994 0.3955
2.4889999999999994 0.4065
-1.4 0.4065
5.2

IMD1b
4
-1.4 0.4065
2.4889999999999994 0.4065
2.4889999999999994 0.4665
-1.4 0.4665
2.8

IMD2a
4
-1.4 0.4665
2.4889999999999994 0.4665
2.4889999999999994 0.4875
-1.4 0.4875
5.2

IMD2b
4
-1.4 0.4875
2.4889999999999994 0.4875
2.4889999999999994 0.5025
-1.4 0.5025
4.2

IMD2c
4
-1.4 0.5025
2.4889999999999994 0.5025
2.4889999999999994 0.5265
-1.4 0.5265
3.28

IMD2d1+IMD2d2
4
-1.4 0.5265
2.4889999999999994 0.5265
2.4889999999999994 0.6535
-1.4 0.6535
2.65

IMD3a
4
-1.4 0.6535
2.4889999999999994 0.6535
2.4889999999999994 0.6745
-1.4 0.6745
5.2

IMD3b
4
-1.4 0.6745
2.4889999999999994 0.6745
2.4889999999999994 0.6895
-1.4 0.6895
4.2

IMD3c
4
-1.4 0.6895
2.4889999999999994 0.6895
2.4889999999999994 0.7135
-1.4 0.7135
3.28

IMD3d1+IMD3d2
4
-1.4 0.7135
2.4889999999999994 0.7135
2.4889999999999994 0.8405
-1.4 0.8405
2.65

IMD4a
4
-1.4 0.8405
2.4889999999999994 0.8405
2.4889999999999994 0.8615
-1.4 0.8615
5.2

IMD4b
4
-1.4 0.8615
2.4889999999999994 0.8615
2.4889999999999994 0.8765
-1.4 0.8765
4.2

IMD4c
4
-1.4 0.8765
2.4889999999999994 0.8765
2.4889999999999994 0.9005
-1.4 0.9005
3.28

IMD4d1+IMD4d2
4
-1.4 0.9005
2.4889999999999994 0.9005
2.4889999999999994 1.0275
-1.4 1.0275
2.65

IMD5a
4
-1.4 1.0275
2.4889999999999994 1.0275
2.4889999999999994 1.0485
-1.4 1.0485
5.2

IMD5b
4
-1.4 1.0485
2.4889999999999994 1.0485
2.4889999999999994 1.0635
-1.4 1.0635
4.2

IMD5c
4
-1.4 1.0635
2.4889999999999994 1.0635
2.4889999999999994 1.0875
-1.4 1.0875
3.28

IMD6a
4
-1.4 1.2145
2.4889999999999994 1.2145
2.4889999999999994 1.2355
-1.4 1.2355
5.2

IMD6b
4
-1.4 1.2355
2.4889999999999994 1.2355
2.4889999999999994 1.2505
-1.4 1.2505
4.2

IMD6c
4
-1.4 1.2505
2.4889999999999994 1.2505
2.4889999999999994 1.2745
-1.4 1.2745
3.28

IMD6d1+IMD6d2
4
-1.4 1.2745
2.4889999999999994 1.2745
2.4889999999999994 1.4015
-1.4 1.4015
2.65

IMD7a
4
-1.4 1.4015
2.4889999999999994 1.4015
2.4889999999999994 1.4765
-1.4 1.4765
5.2

IMD7b1+IMD7b2
4
-1.4 1.4765
2.4889999999999994 1.4765
2.4889999999999994 2.9765
-1.4 2.9765
4.2

IMD8a
4
-1.4 2.9765
2.4889999999999994 2.9765
2.4889999999999994 3.0515
-1.4 3.0515
5.2

IMD8b1+IMD8b2
4
-1.4 3.0515
2.4889999999999994 3.0515
2.4889999999999994 4.5515
-1.4 4.5515
4.2

PASS1
4
-1.4 4.5515
2.4889999999999994 4.5515
2.4889999999999994 4.6265
-1.4 4.6265
7.0

PASS2
4
-1.4 4.6265
2.4889999999999994 4.6265
2.4889999999999994 5.0265
-1.4 5.0265
4.2

PASS3
4
-1.4 5.0265
2.4889999999999994 5.0265
2.4889999999999994 5.1015
-1.4 5.1015
7.0

PASS4+PASS5
4
-1.4 5.1015
2.4889999999999994 5.1015
2.4889999999999994 6.0515
-1.4 6.0515
4.2

PASS6
4
-1.4 6.0515
2.4889999999999994 6.0515
2.4889999999999994 6.6515
-1.4 6.6515
7.0

air_Layer
4
-1.4 6.6515
2.4889999999999994 6.6515
2.4889999999999994 6.9485
-1.4 6.9485
1.0


4
-1.4 0.001
2.4889999999999994 0.001
2.4889999999999994 6.9485
-1.4 6.9485

