c1
4
-0.05841999999999997 0.37050000000000005
0.05841999999999997 0.37050000000000005
0.06757999999999997 0.4665
-0.06757999999999997 0.4665

5
botleft
4
-1.085 -0.001
0 -0.001
0 0.001
-1.085 0.001

botright
4
0 -0.001
1.994 -0.001
1.994 0.001
0 0.001

lEnv
4
-0.58042 0.37050000000000005
-0.46358 0.37050000000000005
-0.45442 0.4665
-0.58958 0.4665

c2
4
0.6705799999999998 0.37050000000000005
0.87742 0.37050000000000005
0.8865799999999999 0.4665
0.6614199999999999 0.4665

rEnv
4
1.28258 0.37050000000000005
1.4894199999999997 0.37050000000000005
1.4985799999999998 0.4665
1.27342 0.4665


48
IMD1b
4
-1.085 0.40650000000000003
-0.583855 0.40650000000000003
-0.58958 0.4665
-1.085 0.4665
2.8

IMD1b
4
-0.46014499999999997 0.40650000000000003
-0.06185499999999997 0.40650000000000003
-0.06757999999999997 0.4665
-0.45442 0.4665
2.8

IMD1b
4
0.06185499999999997 0.40650000000000003
0.6671449999999999 0.40650000000000003
0.6614199999999999 0.4665
0.06757999999999997 0.4665
2.8

IMD1b
4
0.8808549999999999 0.40650000000000003
1.279145 0.40650000000000003
1.27342 0.4665
0.8865799999999999 0.4665
2.8

IMD1b
4
1.4928549999999998 0.40650000000000003
1.994 0.40650000000000003
1.994 0.4665
1.4985799999999998 0.4665
2.8

IMD1a
4
-1.085 0.3955
-0.5828054166666666 0.3955
-0.583855 0.40650000000000003
-1.085 0.40650000000000003
5.2

IMD1a
4
-0.4611945833333333 0.3955
-0.06080541666666664 0.3955
-0.06185499999999997 0.40650000000000003
-0.46014499999999997 0.40650000000000003
5.2

IMD1a
4
0.06080541666666664 0.3955
0.6681945833333333 0.3955
0.6671449999999999 0.40650000000000003
0.06185499999999997 0.40650000000000003
5.2

IMD1a
4
0.8798054166666666 0.3955
1.2801945833333332 0.3955
1.279145 0.40650000000000003
0.8808549999999999 0.40650000000000003
5.2

IMD1a
4
1.4918054166666666 0.3955
1.994 0.3955
1.994 0.40650000000000003
1.4928549999999998 0.40650000000000003
5.2

ILD1b3
4
-1.085 0.37050000000000005
-0.58042 0.37050000000000005
-0.5828054166666666 0.3955
-1.085 0.3955
4

ILD1b3
4
-0.46358 0.37050000000000005
-0.05841999999999997 0.37050000000000005
-0.06080541666666664 0.3955
-0.4611945833333333 0.3955
4

ILD1b3
4
0.05841999999999997 0.37050000000000005
0.6705799999999998 0.37050000000000005
0.6681945833333333 0.3955
0.06080541666666664 0.3955
4

ILD1b3
4
0.87742 0.37050000000000005
1.28258 0.37050000000000005
1.2801945833333332 0.3955
0.8798054166666666 0.3955
4

ILD1b3
4
1.4894199999999997 0.37050000000000005
1.994 0.37050000000000005
1.994 0.3955
1.4918054166666666 0.3955
4

ILD1b1+ILD1b2
4
-1.085 0.2765
1.994 0.2765
1.994 0.37050000000000005
-1.085 0.37050000000000005
4

FOXA+FOXB+TOX
4
-1.085 0.001
1.994 0.001
1.994 0.2665
-1.085 0.2665
4.0

ILD1a
4
-1.085 0.2665
1.994 0.2665
1.994 0.2765
-1.085 0.2765
7.0

IMD2a
4
-1.085 0.4665
1.994 0.4665
1.994 0.4875
-1.085 0.4875
5.2

IMD2b
4
-1.085 0.4875
1.994 0.4875
1.994 0.5025
-1.085 0.5025
4.2

IMD2c
4
-1.085 0.5025
1.994 0.5025
1.994 0.5265
-1.085 0.5265
3.28

IMD2d1+IMD2d2
4
-1.085 0.5265
1.994 0.5265
1.994 0.6535
-1.085 0.6535
2.65

IMD3a
4
-1.085 0.6535
1.994 0.6535
1.994 0.6745
-1.085 0.6745
5.2

IMD3b
4
-1.085 0.6745
1.994 0.6745
1.994 0.6895
-1.085 0.6895
4.2

IMD3c
4
-1.085 0.6895
1.994 0.6895
1.994 0.7135
-1.085 0.7135
3.28

IMD3d1+IMD3d2
4
-1.085 0.7135
1.994 0.7135
1.994 0.8405
-1.085 0.8405
2.65

IMD4a
4
-1.085 0.8405
1.994 0.8405
1.994 0.8615
-1.085 0.8615
5.2

IMD4b
4
-1.085 0.8615
1.994 0.8615
1.994 0.8765
-1.085 0.8765
4.2

IMD4c
4
-1.085 0.8765
1.994 0.8765
1.994 0.9005
-1.085 0.9005
3.28

IMD4d1+IMD4d2
4
-1.085 0.9005
1.994 0.9005
1.994 1.0275
-1.085 1.0275
2.65

IMD5a
4
-1.085 1.0275
1.994 1.0275
1.994 1.0485
-1.085 1.0485
5.2

IMD5b
4
-1.085 1.0485
1.994 1.0485
1.994 1.0635
-1.085 1.0635
4.2

IMD5c
4
-1.085 1.0635
1.994 1.0635
1.994 1.0875
-1.085 1.0875
3.28

IMD5d1+IMD5d2
4
-1.085 1.0875
1.994 1.0875
1.994 1.2145
-1.085 1.2145
2.65

IMD6a
4
-1.085 1.2145
1.994 1.2145
1.994 1.2355
-1.085 1.2355
5.2

IMD6b
4
-1.085 1.2355
1.994 1.2355
1.994 1.2505
-1.085 1.2505
4.2

IMD6c
4
-1.085 1.2505
1.994 1.2505
1.994 1.2745
-1.085 1.2745
3.28

IMD6d1+IMD6d2
4
-1.085 1.2745
1.994 1.2745
1.994 1.4015
-1.085 1.4015
2.65

IMD7a
4
-1.085 1.4015
1.994 1.4015
1.994 1.4765
-1.085 1.4765
5.2

IMD7b1+IMD7b2
4
-1.085 1.4765
1.994 1.4765
1.994 2.9765
-1.085 2.9765
4.2

IMD8a
4
-1.085 2.9765
1.994 2.9765
1.994 3.0515
-1.085 3.0515
5.2

IMD8b1+IMD8b2
4
-1.085 3.0515
1.994 3.0515
1.994 4.5515
-1.085 4.5515
4.2

PASS1
4
-1.085 4.5515
1.994 4.5515
1.994 4.6265
-1.085 4.6265
7.0

PASS2
4
-1.085 4.6265
1.994 4.6265
1.994 5.0265
-1.085 5.0265
4.2

PASS3
4
-1.085 5.0265
1.994 5.0265
1.994 5.1015
-1.085 5.1015
7.0

PASS4+PASS5
4
-1.085 5.1015
1.994 5.1015
1.994 6.0515
-1.085 6.0515
4.2

PASS6
4
-1.085 6.0515
1.994 6.0515
1.994 6.6515
-1.085 6.6515
7.0

air_Layer
4
-1.085 6.6515
1.994 6.6515
1.994 6.9485
-1.085 6.9485
1.0


4
-1.085 0.001
1.994 0.001
1.994 6.9485
-1.085 6.9485

