c1
4
-0.48751 1.1155
0.48751 1.1155
0.49349 1.2145
-0.49349 1.2145

5
botleft
4
-2.0075 -0.001
0 -0.001
0 0.001
-2.0075 0.001

botright
4
0 -0.001
3.1415000000000006 -0.001
3.1415000000000006 0.001
0 0.001

lEnv
4
-1.5045099999999998 1.1155
-0.5294899999999999 1.1155
-0.5235099999999999 1.2145
-1.5104899999999999 1.2145

c2
4
0.6464899999999999 1.1155
1.6215099999999998 1.1155
1.6274899999999999 1.2145
0.6405099999999999 1.2145

rEnv
4
1.66349 1.1155
2.63851 1.1155
2.6444900000000002 1.2145
1.6575099999999998 1.2145


57
IMD5d1_damage
4
-1.5139239999999998 1.1055
-0.520076 1.1055
-0.5194719999999999 1.1155
-1.5145279999999999 1.1155
3.1

IMD5d1_damage
4
-0.496924 1.1055
0.496924 1.1055
0.49752799999999997 1.1155
-0.49752799999999997 1.1155
3.1

IMD5d1_damage
4
0.637076 1.1055
1.6309239999999998 1.1055
1.6315279999999999 1.1155
0.6364719999999999 1.1155
3.1

IMD5d1_damage
4
1.6540759999999999 1.1055
2.647924 1.1055
2.648528 1.1155
1.6534719999999998 1.1155
3.1

IMD5d2_damage
4
-1.5095189999999998 1.1155
-1.5045099999999998 1.1155
-1.5104899999999999 1.2145
-1.515499 1.2145
2.9

IMD5d2_damage
4
-0.5294899999999999 1.1155
-0.5244809999999999 1.1155
-0.5185009999999999 1.2145
-0.5235099999999999 1.2145
2.9

IMD5d2_damage
4
-0.492519 1.1155
-0.48751 1.1155
-0.49349 1.2145
-0.49849899999999997 1.2145
2.9

IMD5d2_damage
4
0.48751 1.1155
0.492519 1.1155
0.49849899999999997 1.2145
0.49349 1.2145
2.9

IMD5d2_damage
4
0.6414809999999999 1.1155
0.6464899999999999 1.1155
0.6405099999999999 1.2145
0.6355009999999999 1.2145
2.9

IMD5d2_damage
4
1.6215099999999998 1.1155
1.6265189999999998 1.1155
1.632499 1.2145
1.6274899999999999 1.2145
2.9

IMD5d2_damage
4
1.6584809999999999 1.1155
1.66349 1.1155
1.6575099999999998 1.2145
1.6525009999999998 1.2145
2.9

IMD5d2_damage
4
2.63851 1.1155
2.643519 1.1155
2.649499 1.2145
2.6444900000000002 1.2145
2.9

IMD5d2
4
-2.0075 1.1155
-1.5095189999999998 1.1155
-1.515499 1.2145
-2.0075 1.2145
2.65

IMD5d2
4
-0.5244809999999999 1.1155
-0.492519 1.1155
-0.49849899999999997 1.2145
-0.5185009999999999 1.2145
2.65

IMD5d2
4
0.492519 1.1155
0.6414809999999999 1.1155
0.6355009999999999 1.2145
0.49849899999999997 1.2145
2.65

IMD5d2
4
1.6265189999999998 1.1155
1.6584809999999999 1.1155
1.6525009999999998 1.2145
1.632499 1.2145
2.65

IMD5d2
4
2.643519 1.1155
3.1415000000000006 1.1155
3.1415000000000006 1.2145
2.649499 1.2145
2.65

IMD5d1
4
-2.0075 1.1055
-1.5139239999999998 1.1055
-1.5145279999999999 1.1155
-2.0075 1.1155
2.65

IMD5d1
4
-0.520076 1.1055
-0.496924 1.1055
-0.49752799999999997 1.1155
-0.5194719999999999 1.1155
2.65

IMD5d1
4
0.496924 1.1055
0.637076 1.1055
0.6364719999999999 1.1155
0.49752799999999997 1.1155
2.65

IMD5d1
4
1.6309239999999998 1.1055
1.6540759999999999 1.1055
1.6534719999999998 1.1155
1.6315279999999999 1.1155
2.65

IMD5d1
4
2.647924 1.1055
3.1415000000000006 1.1055
3.1415000000000006 1.1155
2.648528 1.1155
2.65

IMD5d1
4
-2.0075 1.0875
3.1415000000000006 1.0875
3.1415000000000006 1.1055
-2.0075 1.1055
2.65

FOXA+FOXB+TOX
4
-2.0075 0.001
3.1415000000000006 0.001
3.1415000000000006 0.2665
-2.0075 0.2665
4.0

ILD1a
4
-2.0075 0.2665
3.1415000000000006 0.2665
3.1415000000000006 0.2765
-2.0075 0.2765
7.0

ILD1b1+ILD1b2+ILD1b3
4
-2.0075 0.2765
3.1415000000000006 0.2765
3.1415000000000006 0.3955
-2.0075 0.3955
4.0

IMD1a
4
-2.0075 0.3955
3.1415000000000006 0.3955
3.1415000000000006 0.4065
-2.0075 0.4065
5.2

IMD1b
4
-2.0075 0.4065
3.1415000000000006 0.4065
3.1415000000000006 0.4665
-2.0075 0.4665
2.8

IMD2a
4
-2.0075 0.4665
3.1415000000000006 0.4665
3.1415000000000006 0.4875
-2.0075 0.4875
5.2

IMD2b
4
-2.0075 0.4875
3.1415000000000006 0.4875
3.1415000000000006 0.5025
-2.0075 0.5025
4.2

IMD2c
4
-2.0075 0.5025
3.1415000000000006 0.5025
3.1415000000000006 0.5265
-2.0075 0.5265
3.28

IMD2d1+IMD2d2
4
-2.0075 0.5265
3.1415000000000006 0.5265
3.1415000000000006 0.6535
-2.0075 0.6535
2.65

IMD3a
4
-2.0075 0.6535
3.1415000000000006 0.6535
3.1415000000000006 0.6745
-2.0075 0.6745
5.2

IMD3b
4
-2.0075 0.6745
3.1415000000000006 0.6745
3.1415000000000006 0.6895
-2.0075 0.6895
4.2

IMD3c
4
-2.0075 0.6895
3.1415000000000006 0.6895
3.1415000000000006 0.7135
-2.0075 0.7135
3.28

IMD3d1+IMD3d2
4
-2.0075 0.7135
3.1415000000000006 0.7135
3.1415000000000006 0.8405
-2.0075 0.8405
2.65

IMD4a
4
-2.0075 0.8405
3.1415000000000006 0.8405
3.1415000000000006 0.8615
-2.0075 0.8615
5.2

IMD4b
4
-2.0075 0.8615
3.1415000000000006 0.8615
3.1415000000000006 0.8765
-2.0075 0.8765
4.2

IMD4c
4
-2.0075 0.8765
3.1415000000000006 0.8765
3.1415000000000006 0.9005
-2.0075 0.9005
3.28

IMD4d1+IMD4d2
4
-2.0075 0.9005
3.1415000000000006 0.9005
3.1415000000000006 1.0275
-2.0075 1.0275
2.65

IMD5a
4
-2.0075 1.0275
3.1415000000000006 1.0275
3.1415000000000006 1.0485
-2.0075 1.0485
5.2

IMD5b
4
-2.0075 1.0485
3.1415000000000006 1.0485
3.1415000000000006 1.0635
-2.0075 1.0635
4.2

IMD5c
4
-2.0075 1.0635
3.1415000000000006 1.0635
3.1415000000000006 1.0875
-2.0075 1.0875
3.28

IMD6a
4
-2.0075 1.2145
3.1415000000000006 1.2145
3.1415000000000006 1.2355
-2.0075 1.2355
5.2

IMD6b
4
-2.0075 1.2355
3.1415000000000006 1.2355
3.1415000000000006 1.2505
-2.0075 1.2505
4.2

IMD6c
4
-2.0075 1.2505
3.1415000000000006 1.2505
3.1415000000000006 1.2745
-2.0075 1.2745
3.28

IMD6d1+IMD6d2
4
-2.0075 1.2745
3.1415000000000006 1.2745
3.1415000000000006 1.4015
-2.0075 1.4015
2.65

IMD7a
4
-2.0075 1.4015
3.1415000000000006 1.4015
3.1415000000000006 1.4765
-2.0075 1.4765
5.2

IMD7b1+IMD7b2
4
-2.0075 1.4765
3.1415000000000006 1.4765
3.1415000000000006 2.9765
-2.0075 2.9765
4.2

IMD8a
4
-2.0075 2.9765
3.1415000000000006 2.9765
3.1415000000000006 3.0515
-2.0075 3.0515
5.2

IMD8b1+IMD8b2
4
-2.0075 3.0515
3.1415000000000006 3.0515
3.1415000000000006 4.5515
-2.0075 4.5515
4.2

PASS1
4
-2.0075 4.5515
3.1415000000000006 4.5515
3.1415000000000006 4.6265
-2.0075 4.6265
7.0

PASS2
4
-2.0075 4.6265
3.1415000000000006 4.6265
3.1415000000000006 5.0265
-2.0075 5.0265
4.2

PASS3
4
-2.0075 5.0265
3.1415000000000006 5.0265
3.1415000000000006 5.1015
-2.0075 5.1015
7.0

PASS4+PASS5
4
-2.0075 5.1015
3.1415000000000006 5.1015
3.1415000000000006 6.0515
-2.0075 6.0515
4.2

PASS6
4
-2.0075 6.0515
3.1415000000000006 6.0515
3.1415000000000006 6.6515
-2.0075 6.6515
7.0

air_Layer
4
-2.0075 6.6515
3.1415000000000006 6.6515
3.1415000000000006 6.9485
-2.0075 6.9485
1.0


4
-2.0075 0.001
3.1415000000000006 0.001
3.1415000000000006 6.9485
-2.0075 6.9485

