c1
4
-0.15001 0.9285000000000001
0.15001 0.9285000000000001
0.15599000000000002 1.0275
-0.15599000000000002 1.0275

5
botleft
4
-0.995 -0.001
0 -0.001
0 0.001
-0.995 0.001

botright
4
0 -0.001
0.9140000000000001 -0.001
0.9140000000000001 0.001
0 0.001

lEnv
4
-0.49201 0.9285000000000001
-0.19199000000000002 0.9285000000000001
-0.18601 1.0275
-0.49799 1.0275

c2
4
0.30898999999999993 0.9285000000000001
0.33901 0.9285000000000001
0.34498999999999996 1.0275
0.30300999999999995 1.0275

rEnv
4
0.38099 0.9285000000000001
0.41101000000000004 0.9285000000000001
0.41699 1.0275
0.37501 1.0275


57
IMD4d1_damage
4
-0.501424 0.9185000000000001
-0.18257600000000002 0.9185000000000001
-0.18197200000000002 0.9285000000000001
-0.502028 0.9285000000000001
3.1

IMD4d1_damage
4
-0.159424 0.9185000000000001
0.159424 0.9185000000000001
0.160028 0.9285000000000001
-0.160028 0.9285000000000001
3.1

IMD4d1_damage
4
0.29957599999999995 0.9185000000000001
0.34842399999999996 0.9185000000000001
0.34902799999999995 0.9285000000000001
0.29897199999999996 0.9285000000000001
3.1

IMD4d1_damage
4
0.371576 0.9185000000000001
0.420424 0.9185000000000001
0.421028 0.9285000000000001
0.370972 0.9285000000000001
3.1

IMD4d2_damage
4
-0.497019 0.9285000000000001
-0.49201 0.9285000000000001
-0.49799 1.0275
-0.502999 1.0275
2.9

IMD4d2_damage
4
-0.19199000000000002 0.9285000000000001
-0.186981 0.9285000000000001
-0.181001 1.0275
-0.18601 1.0275
2.9

IMD4d2_damage
4
-0.15501900000000002 0.9285000000000001
-0.15001 0.9285000000000001
-0.15599000000000002 1.0275
-0.16099900000000003 1.0275
2.9

IMD4d2_damage
4
0.15001 0.9285000000000001
0.15501900000000002 0.9285000000000001
0.16099900000000003 1.0275
0.15599000000000002 1.0275
2.9

IMD4d2_damage
4
0.30398099999999995 0.9285000000000001
0.30898999999999993 0.9285000000000001
0.30300999999999995 1.0275
0.29800099999999996 1.0275
2.9

IMD4d2_damage
4
0.33901 0.9285000000000001
0.34401899999999996 0.9285000000000001
0.34999899999999995 1.0275
0.34498999999999996 1.0275
2.9

IMD4d2_damage
4
0.375981 0.9285000000000001
0.38099 0.9285000000000001
0.37501 1.0275
0.370001 1.0275
2.9

IMD4d2_damage
4
0.41101000000000004 0.9285000000000001
0.416019 0.9285000000000001
0.421999 1.0275
0.41699 1.0275
2.9

IMD4d2
4
-0.995 0.9285000000000001
-0.497019 0.9285000000000001
-0.502999 1.0275
-0.995 1.0275
2.65

IMD4d2
4
-0.186981 0.9285000000000001
-0.15501900000000002 0.9285000000000001
-0.16099900000000003 1.0275
-0.181001 1.0275
2.65

IMD4d2
4
0.15501900000000002 0.9285000000000001
0.30398099999999995 0.9285000000000001
0.29800099999999996 1.0275
0.16099900000000003 1.0275
2.65

IMD4d2
4
0.34401899999999996 0.9285000000000001
0.375981 0.9285000000000001
0.370001 1.0275
0.34999899999999995 1.0275
2.65

IMD4d2
4
0.416019 0.9285000000000001
0.9140000000000001 0.9285000000000001
0.9140000000000001 1.0275
0.421999 1.0275
2.65

IMD4d1
4
-0.995 0.9185000000000001
-0.501424 0.9185000000000001
-0.502028 0.9285000000000001
-0.995 0.9285000000000001
2.65

IMD4d1
4
-0.18257600000000002 0.9185000000000001
-0.159424 0.9185000000000001
-0.160028 0.9285000000000001
-0.18197200000000002 0.9285000000000001
2.65

IMD4d1
4
0.159424 0.9185000000000001
0.29957599999999995 0.9185000000000001
0.29897199999999996 0.9285000000000001
0.160028 0.9285000000000001
2.65

IMD4d1
4
0.34842399999999996 0.9185000000000001
0.371576 0.9185000000000001
0.370972 0.9285000000000001
0.34902799999999995 0.9285000000000001
2.65

IMD4d1
4
0.420424 0.9185000000000001
0.9140000000000001 0.9185000000000001
0.9140000000000001 0.9285000000000001
0.421028 0.9285000000000001
2.65

IMD4d1
4
-0.995 0.9005
0.9140000000000001 0.9005
0.9140000000000001 0.9185000000000001
-0.995 0.9185000000000001
2.65

FOXA+FOXB+TOX
4
-0.995 0.001
0.9140000000000001 0.001
0.9140000000000001 0.2665
-0.995 0.2665
4.0

ILD1a
4
-0.995 0.2665
0.9140000000000001 0.2665
0.9140000000000001 0.2765
-0.995 0.2765
7.0

ILD1b1+ILD1b2+ILD1b3
4
-0.995 0.2765
0.9140000000000001 0.2765
0.9140000000000001 0.3955
-0.995 0.3955
4.0

IMD1a
4
-0.995 0.3955
0.9140000000000001 0.3955
0.9140000000000001 0.4065
-0.995 0.4065
5.2

IMD1b
4
-0.995 0.4065
0.9140000000000001 0.4065
0.9140000000000001 0.4665
-0.995 0.4665
2.8

IMD2a
4
-0.995 0.4665
0.9140000000000001 0.4665
0.9140000000000001 0.4875
-0.995 0.4875
5.2

IMD2b
4
-0.995 0.4875
0.9140000000000001 0.4875
0.9140000000000001 0.5025
-0.995 0.5025
4.2

IMD2c
4
-0.995 0.5025
0.9140000000000001 0.5025
0.9140000000000001 0.5265
-0.995 0.5265
3.28

IMD2d1+IMD2d2
4
-0.995 0.5265
0.9140000000000001 0.5265
0.9140000000000001 0.6535
-0.995 0.6535
2.65

IMD3a
4
-0.995 0.6535
0.9140000000000001 0.6535
0.9140000000000001 0.6745
-0.995 0.6745
5.2

IMD3b
4
-0.995 0.6745
0.9140000000000001 0.6745
0.9140000000000001 0.6895
-0.995 0.6895
4.2

IMD3c
4
-0.995 0.6895
0.9140000000000001 0.6895
0.9140000000000001 0.7135
-0.995 0.7135
3.28

IMD3d1+IMD3d2
4
-0.995 0.7135
0.9140000000000001 0.7135
0.9140000000000001 0.8405
-0.995 0.8405
2.65

IMD4a
4
-0.995 0.8405
0.9140000000000001 0.8405
0.9140000000000001 0.8615
-0.995 0.8615
5.2

IMD4b
4
-0.995 0.8615
0.9140000000000001 0.8615
0.9140000000000001 0.8765
-0.995 0.8765
4.2

IMD4c
4
-0.995 0.8765
0.9140000000000001 0.8765
0.9140000000000001 0.9005
-0.995 0.9005
3.28

IMD5a
4
-0.995 1.0275
0.9140000000000001 1.0275
0.9140000000000001 1.0485
-0.995 1.0485
5.2

IMD5b
4
-0.995 1.0485
0.9140000000000001 1.0485
0.9140000000000001 1.0635
-0.995 1.0635
4.2

IMD5c
4
-0.995 1.0635
0.9140000000000001 1.0635
0.9140000000000001 1.0875
-0.995 1.0875
3.28

IMD5d1+IMD5d2
4
-0.995 1.0875
0.9140000000000001 1.0875
0.9140000000000001 1.2145
-0.995 1.2145
2.65

IMD6a
4
-0.995 1.2145
0.9140000000000001 1.2145
0.9140000000000001 1.2355
-0.995 1.2355
5.2

IMD6b
4
-0.995 1.2355
0.9140000000000001 1.2355
0.9140000000000001 1.2505
-0.995 1.2505
4.2

IMD6c
4
-0.995 1.2505
0.9140000000000001 1.2505
0.9140000000000001 1.2745
-0.995 1.2745
3.28

IMD6d1+IMD6d2
4
-0.995 1.2745
0.9140000000000001 1.2745
0.9140000000000001 1.4015
-0.995 1.4015
2.65

IMD7a
4
-0.995 1.4015
0.9140000000000001 1.4015
0.9140000000000001 1.4765
-0.995 1.4765
5.2

IMD7b1+IMD7b2
4
-0.995 1.4765
0.9140000000000001 1.4765
0.9140000000000001 2.9765
-0.995 2.9765
4.2

IMD8a
4
-0.995 2.9765
0.9140000000000001 2.9765
0.9140000000000001 3.0515
-0.995 3.0515
5.2

IMD8b1+IMD8b2
4
-0.995 3.0515
0.9140000000000001 3.0515
0.9140000000000001 4.5515
-0.995 4.5515
4.2

PASS1
4
-0.995 4.5515
0.9140000000000001 4.5515
0.9140000000000001 4.6265
-0.995 4.6265
7.0

PASS2
4
-0.995 4.6265
0.9140000000000001 4.6265
0.9140000000000001 5.0265
-0.995 5.0265
4.2

PASS3
4
-0.995 5.0265
0.9140000000000001 5.0265
0.9140000000000001 5.1015
-0.995 5.1015
7.0

PASS4+PASS5
4
-0.995 5.1015
0.9140000000000001 5.1015
0.9140000000000001 6.0515
-0.995 6.0515
4.2

PASS6
4
-0.995 6.0515
0.9140000000000001 6.0515
0.9140000000000001 6.6515
-0.995 6.6515
7.0

air_Layer
4
-0.995 6.6515
0.9140000000000001 6.6515
0.9140000000000001 6.9485
-0.995 6.9485
1.0


4
-0.995 0.001
0.9140000000000001 0.001
0.9140000000000001 6.9485
-0.995 6.9485

