c1
4
-0.060009999999999994 0.9285000000000001
0.060009999999999994 0.9285000000000001
0.06599 1.0275
-0.06599 1.0275

5
botleft
4
-1.085 -0.001
0 -0.001
0 0.001
-1.085 0.001

botright
4
0 -0.001
2.444 -0.001
2.444 0.001
0 0.001

lEnv
4
-0.58201 0.9285000000000001
-0.46199 0.9285000000000001
-0.45601 1.0275
-0.58799 1.0275

c2
4
0.12898999999999997 0.9285000000000001
0.8340099999999998 0.9285000000000001
0.8399899999999998 1.0275
0.12300999999999995 1.0275

rEnv
4
1.23599 0.9285000000000001
1.94101 0.9285000000000001
1.94699 1.0275
1.2300099999999998 1.0275


57
IMD4d1_damage
4
-0.591424 0.9185000000000001
-0.45257600000000003 0.9185000000000001
-0.45197200000000004 0.9285000000000001
-0.592028 0.9285000000000001
3.1

IMD4d1_damage
4
-0.069424 0.9185000000000001
0.069424 0.9185000000000001
0.07002799999999999 0.9285000000000001
-0.07002799999999999 0.9285000000000001
3.1

IMD4d1_damage
4
0.11957599999999995 0.9185000000000001
0.8434239999999997 0.9185000000000001
0.8440279999999998 0.9285000000000001
0.11897199999999995 0.9285000000000001
3.1

IMD4d1_damage
4
1.2265759999999999 0.9185000000000001
1.950424 0.9185000000000001
1.951028 0.9285000000000001
1.2259719999999998 0.9285000000000001
3.1

IMD4d2_damage
4
-0.5870190000000001 0.9285000000000001
-0.58201 0.9285000000000001
-0.58799 1.0275
-0.592999 1.0275
2.9

IMD4d2_damage
4
-0.46199 0.9285000000000001
-0.456981 0.9285000000000001
-0.45100100000000004 1.0275
-0.45601 1.0275
2.9

IMD4d2_damage
4
-0.065019 0.9285000000000001
-0.060009999999999994 0.9285000000000001
-0.06599 1.0275
-0.07099899999999999 1.0275
2.9

IMD4d2_damage
4
0.060009999999999994 0.9285000000000001
0.065019 0.9285000000000001
0.07099899999999999 1.0275
0.06599 1.0275
2.9

IMD4d2_damage
4
0.12398099999999997 0.9285000000000001
0.12898999999999997 0.9285000000000001
0.12300999999999995 1.0275
0.11800099999999995 1.0275
2.9

IMD4d2_damage
4
0.8340099999999998 0.9285000000000001
0.8390189999999998 0.9285000000000001
0.8449989999999998 1.0275
0.8399899999999998 1.0275
2.9

IMD4d2_damage
4
1.2309809999999999 0.9285000000000001
1.23599 0.9285000000000001
1.2300099999999998 1.0275
1.2250009999999998 1.0275
2.9

IMD4d2_damage
4
1.94101 0.9285000000000001
1.946019 0.9285000000000001
1.951999 1.0275
1.94699 1.0275
2.9

IMD4d2
4
-1.085 0.9285000000000001
-0.5870190000000001 0.9285000000000001
-0.592999 1.0275
-1.085 1.0275
2.65

IMD4d2
4
-0.456981 0.9285000000000001
-0.065019 0.9285000000000001
-0.07099899999999999 1.0275
-0.45100100000000004 1.0275
2.65

IMD4d2
4
0.065019 0.9285000000000001
0.12398099999999997 0.9285000000000001
0.11800099999999995 1.0275
0.07099899999999999 1.0275
2.65

IMD4d2
4
0.8390189999999998 0.9285000000000001
1.2309809999999999 0.9285000000000001
1.2250009999999998 1.0275
0.8449989999999998 1.0275
2.65

IMD4d2
4
1.946019 0.9285000000000001
2.444 0.9285000000000001
2.444 1.0275
1.951999 1.0275
2.65

IMD4d1
4
-1.085 0.9185000000000001
-0.591424 0.9185000000000001
-0.592028 0.9285000000000001
-1.085 0.9285000000000001
2.65

IMD4d1
4
-0.45257600000000003 0.9185000000000001
-0.069424 0.9185000000000001
-0.07002799999999999 0.9285000000000001
-0.45197200000000004 0.9285000000000001
2.65

IMD4d1
4
0.069424 0.9185000000000001
0.11957599999999995 0.9185000000000001
0.11897199999999995 0.9285000000000001
0.07002799999999999 0.9285000000000001
2.65

IMD4d1
4
0.8434239999999997 0.9185000000000001
1.2265759999999999 0.9185000000000001
1.2259719999999998 0.9285000000000001
0.8440279999999998 0.9285000000000001
2.65

IMD4d1
4
1.950424 0.9185000000000001
2.444 0.9185000000000001
2.444 0.9285000000000001
1.951028 0.9285000000000001
2.65

IMD4d1
4
-1.085 0.9005
2.444 0.9005
2.444 0.9185000000000001
-1.085 0.9185000000000001
2.65

FOXA+FOXB+TOX
4
-1.085 0.001
2.444 0.001
2.444 0.2665
-1.085 0.2665
4.0

ILD1a
4
-1.085 0.2665
2.444 0.2665
2.444 0.2765
-1.085 0.2765
7.0

ILD1b1+ILD1b2+ILD1b3
4
-1.085 0.2765
2.444 0.2765
2.444 0.3955
-1.085 0.3955
4.0

IMD1a
4
-1.085 0.3955
2.444 0.3955
2.444 0.4065
-1.085 0.4065
5.2

IMD1b
4
-1.085 0.4065
2.444 0.4065
2.444 0.4665
-1.085 0.4665
2.8

IMD2a
4
-1.085 0.4665
2.444 0.4665
2.444 0.4875
-1.085 0.4875
5.2

IMD2b
4
-1.085 0.4875
2.444 0.4875
2.444 0.5025
-1.085 0.5025
4.2

IMD2c
4
-1.085 0.5025
2.444 0.5025
2.444 0.5265
-1.085 0.5265
3.28

IMD2d1+IMD2d2
4
-1.085 0.5265
2.444 0.5265
2.444 0.6535
-1.085 0.6535
2.65

IMD3a
4
-1.085 0.6535
2.444 0.6535
2.444 0.6745
-1.085 0.6745
5.2

IMD3b
4
-1.085 0.6745
2.444 0.6745
2.444 0.6895
-1.085 0.6895
4.2

IMD3c
4
-1.085 0.6895
2.444 0.6895
2.444 0.7135
-1.085 0.7135
3.28

IMD3d1+IMD3d2
4
-1.085 0.7135
2.444 0.7135
2.444 0.8405
-1.085 0.8405
2.65

IMD4a
4
-1.085 0.8405
2.444 0.8405
2.444 0.8615
-1.085 0.8615
5.2

IMD4b
4
-1.085 0.8615
2.444 0.8615
2.444 0.8765
-1.085 0.8765
4.2

IMD4c
4
-1.085 0.8765
2.444 0.8765
2.444 0.9005
-1.085 0.9005
3.28

IMD5a
4
-1.085 1.0275
2.444 1.0275
2.444 1.0485
-1.085 1.0485
5.2

IMD5b
4
-1.085 1.0485
2.444 1.0485
2.444 1.0635
-1.085 1.0635
4.2

IMD5c
4
-1.085 1.0635
2.444 1.0635
2.444 1.0875
-1.085 1.0875
3.28

IMD5d1+IMD5d2
4
-1.085 1.0875
2.444 1.0875
2.444 1.2145
-1.085 1.2145
2.65

IMD6a
4
-1.085 1.2145
2.444 1.2145
2.444 1.2355
-1.085 1.2355
5.2

IMD6b
4
-1.085 1.2355
2.444 1.2355
2.444 1.2505
-1.085 1.2505
4.2

IMD6c
4
-1.085 1.2505
2.444 1.2505
2.444 1.2745
-1.085 1.2745
3.28

IMD6d1+IMD6d2
4
-1.085 1.2745
2.444 1.2745
2.444 1.4015
-1.085 1.4015
2.65

IMD7a
4
-1.085 1.4015
2.444 1.4015
2.444 1.4765
-1.085 1.4765
5.2

IMD7b1+IMD7b2
4
-1.085 1.4765
2.444 1.4765
2.444 2.9765
-1.085 2.9765
4.2

IMD8a
4
-1.085 2.9765
2.444 2.9765
2.444 3.0515
-1.085 3.0515
5.2

IMD8b1+IMD8b2
4
-1.085 3.0515
2.444 3.0515
2.444 4.5515
-1.085 4.5515
4.2

PASS1
4
-1.085 4.5515
2.444 4.5515
2.444 4.6265
-1.085 4.6265
7.0

PASS2
4
-1.085 4.6265
2.444 4.6265
2.444 5.0265
-1.085 5.0265
4.2

PASS3
4
-1.085 5.0265
2.444 5.0265
2.444 5.1015
-1.085 5.1015
7.0

PASS4+PASS5
4
-1.085 5.1015
2.444 5.1015
2.444 6.0515
-1.085 6.0515
4.2

PASS6
4
-1.085 6.0515
2.444 6.0515
2.444 6.6515
-1.085 6.6515
7.0

air_Layer
4
-1.085 6.6515
2.444 6.6515
2.444 6.9485
-1.085 6.9485
1.0


4
-1.085 0.001
2.444 0.001
2.444 6.9485
-1.085 6.9485

