c1
4
-0.21750999999999995 0.7415
0.21750999999999995 0.7415
0.22348999999999997 0.8405
-0.22348999999999997 0.8405

5
botleft
4
-1.5574999999999999 -0.001
0 -0.001
0 0.001
-1.5574999999999999 0.001

botright
4
0 -0.001
2.0165000000000006 -0.001
2.0165000000000006 0.001
0 0.001

lEnv
4
-1.0545099999999998 0.7415
-0.61949 0.7415
-0.61351 0.8405
-1.06049 0.8405

c2
4
1.05149 0.7415
1.08151 0.7415
1.08749 0.8405
1.04551 0.8405

rEnv
4
1.4834900000000004 0.7415
1.5135100000000004 0.7415
1.5194900000000005 0.8405
1.4775100000000003 0.8405


57
IMD3d1_damage
4
-1.0639239999999999 0.7315
-0.6100760000000001 0.7315
-0.609472 0.7415
-1.064528 0.7415
3.1

IMD3d1_damage
4
-0.22692399999999996 0.7315
0.22692399999999996 0.7315
0.22752799999999995 0.7415
-0.22752799999999995 0.7415
3.1

IMD3d1_damage
4
1.042076 0.7315
1.090924 0.7315
1.091528 0.7415
1.041472 0.7415
3.1

IMD3d1_damage
4
1.4740760000000004 0.7315
1.5229240000000004 0.7315
1.5235280000000004 0.7415
1.4734720000000003 0.7415
3.1

IMD3d2_damage
4
-1.0595189999999999 0.7415
-1.0545099999999998 0.7415
-1.06049 0.8405
-1.065499 0.8405
2.9

IMD3d2_damage
4
-0.61949 0.7415
-0.6144809999999999 0.7415
-0.608501 0.8405
-0.61351 0.8405
2.9

IMD3d2_damage
4
-0.22251899999999997 0.7415
-0.21750999999999995 0.7415
-0.22348999999999997 0.8405
-0.22849899999999998 0.8405
2.9

IMD3d2_damage
4
0.21750999999999995 0.7415
0.22251899999999997 0.7415
0.22849899999999998 0.8405
0.22348999999999997 0.8405
2.9

IMD3d2_damage
4
1.046481 0.7415
1.05149 0.7415
1.04551 0.8405
1.040501 0.8405
2.9

IMD3d2_damage
4
1.08151 0.7415
1.086519 0.7415
1.092499 0.8405
1.08749 0.8405
2.9

IMD3d2_damage
4
1.4784810000000004 0.7415
1.4834900000000004 0.7415
1.4775100000000003 0.8405
1.4725010000000003 0.8405
2.9

IMD3d2_damage
4
1.5135100000000004 0.7415
1.5185190000000004 0.7415
1.5244990000000005 0.8405
1.5194900000000005 0.8405
2.9

IMD3d2
4
-1.5574999999999999 0.7415
-1.0595189999999999 0.7415
-1.065499 0.8405
-1.5574999999999999 0.8405
2.65

IMD3d2
4
-0.6144809999999999 0.7415
-0.22251899999999997 0.7415
-0.22849899999999998 0.8405
-0.608501 0.8405
2.65

IMD3d2
4
0.22251899999999997 0.7415
1.046481 0.7415
1.040501 0.8405
0.22849899999999998 0.8405
2.65

IMD3d2
4
1.086519 0.7415
1.4784810000000004 0.7415
1.4725010000000003 0.8405
1.092499 0.8405
2.65

IMD3d2
4
1.5185190000000004 0.7415
2.0165000000000006 0.7415
2.0165000000000006 0.8405
1.5244990000000005 0.8405
2.65

IMD3d1
4
-1.5574999999999999 0.7315
-1.0639239999999999 0.7315
-1.064528 0.7415
-1.5574999999999999 0.7415
2.65

IMD3d1
4
-0.6100760000000001 0.7315
-0.22692399999999996 0.7315
-0.22752799999999995 0.7415
-0.609472 0.7415
2.65

IMD3d1
4
0.22692399999999996 0.7315
1.042076 0.7315
1.041472 0.7415
0.22752799999999995 0.7415
2.65

IMD3d1
4
1.090924 0.7315
1.4740760000000004 0.7315
1.4734720000000003 0.7415
1.091528 0.7415
2.65

IMD3d1
4
1.5229240000000004 0.7315
2.0165000000000006 0.7315
2.0165000000000006 0.7415
1.5235280000000004 0.7415
2.65

IMD3d1
4
-1.5574999999999999 0.7135
2.0165000000000006 0.7135
2.0165000000000006 0.7315
-1.5574999999999999 0.7315
2.65

FOXA+FOXB+TOX
4
-1.5574999999999999 0.001
2.0165000000000006 0.001
2.0165000000000006 0.2665
-1.5574999999999999 0.2665
4.0

ILD1a
4
-1.5574999999999999 0.2665
2.0165000000000006 0.2665
2.0165000000000006 0.2765
-1.5574999999999999 0.2765
7.0

ILD1b1+ILD1b2+ILD1b3
4
-1.5574999999999999 0.2765
2.0165000000000006 0.2765
2.0165000000000006 0.3955
-1.5574999999999999 0.3955
4.0

IMD1a
4
-1.5574999999999999 0.3955
2.0165000000000006 0.3955
2.0165000000000006 0.4065
-1.5574999999999999 0.4065
5.2

IMD1b
4
-1.5574999999999999 0.4065
2.0165000000000006 0.4065
2.0165000000000006 0.4665
-1.5574999999999999 0.4665
2.8

IMD2a
4
-1.5574999999999999 0.4665
2.0165000000000006 0.4665
2.0165000000000006 0.4875
-1.5574999999999999 0.4875
5.2

IMD2b
4
-1.5574999999999999 0.4875
2.0165000000000006 0.4875
2.0165000000000006 0.5025
-1.5574999999999999 0.5025
4.2

IMD2c
4
-1.5574999999999999 0.5025
2.0165000000000006 0.5025
2.0165000000000006 0.5265
-1.5574999999999999 0.5265
3.28

IMD2d1+IMD2d2
4
-1.5574999999999999 0.5265
2.0165000000000006 0.5265
2.0165000000000006 0.6535
-1.5574999999999999 0.6535
2.65

IMD3a
4
-1.5574999999999999 0.6535
2.0165000000000006 0.6535
2.0165000000000006 0.6745
-1.5574999999999999 0.6745
5.2

IMD3b
4
-1.5574999999999999 0.6745
2.0165000000000006 0.6745
2.0165000000000006 0.6895
-1.5574999999999999 0.6895
4.2

IMD3c
4
-1.5574999999999999 0.6895
2.0165000000000006 0.6895
2.0165000000000006 0.7135
-1.5574999999999999 0.7135
3.28

IMD4a
4
-1.5574999999999999 0.8405
2.0165000000000006 0.8405
2.0165000000000006 0.8615
-1.5574999999999999 0.8615
5.2

IMD4b
4
-1.5574999999999999 0.8615
2.0165000000000006 0.8615
2.0165000000000006 0.8765
-1.5574999999999999 0.8765
4.2

IMD4c
4
-1.5574999999999999 0.8765
2.0165000000000006 0.8765
2.0165000000000006 0.9005
-1.5574999999999999 0.9005
3.28

IMD4d1+IMD4d2
4
-1.5574999999999999 0.9005
2.0165000000000006 0.9005
2.0165000000000006 1.0275
-1.5574999999999999 1.0275
2.65

IMD5a
4
-1.5574999999999999 1.0275
2.0165000000000006 1.0275
2.0165000000000006 1.0485
-1.5574999999999999 1.0485
5.2

IMD5b
4
-1.5574999999999999 1.0485
2.0165000000000006 1.0485
2.0165000000000006 1.0635
-1.5574999999999999 1.0635
4.2

IMD5c
4
-1.5574999999999999 1.0635
2.0165000000000006 1.0635
2.0165000000000006 1.0875
-1.5574999999999999 1.0875
3.28

IMD5d1+IMD5d2
4
-1.5574999999999999 1.0875
2.0165000000000006 1.0875
2.0165000000000006 1.2145
-1.5574999999999999 1.2145
2.65

IMD6a
4
-1.5574999999999999 1.2145
2.0165000000000006 1.2145
2.0165000000000006 1.2355
-1.5574999999999999 1.2355
5.2

IMD6b
4
-1.5574999999999999 1.2355
2.0165000000000006 1.2355
2.0165000000000006 1.2505
-1.5574999999999999 1.2505
4.2

IMD6c
4
-1.5574999999999999 1.2505
2.0165000000000006 1.2505
2.0165000000000006 1.2745
-1.5574999999999999 1.2745
3.28

IMD6d1+IMD6d2
4
-1.5574999999999999 1.2745
2.0165000000000006 1.2745
2.0165000000000006 1.4015
-1.5574999999999999 1.4015
2.65

IMD7a
4
-1.5574999999999999 1.4015
2.0165000000000006 1.4015
2.0165000000000006 1.4765
-1.5574999999999999 1.4765
5.2

IMD7b1+IMD7b2
4
-1.5574999999999999 1.4765
2.0165000000000006 1.4765
2.0165000000000006 2.9765
-1.5574999999999999 2.9765
4.2

IMD8a
4
-1.5574999999999999 2.9765
2.0165000000000006 2.9765
2.0165000000000006 3.0515
-1.5574999999999999 3.0515
5.2

IMD8b1+IMD8b2
4
-1.5574999999999999 3.0515
2.0165000000000006 3.0515
2.0165000000000006 4.5515
-1.5574999999999999 4.5515
4.2

PASS1
4
-1.5574999999999999 4.5515
2.0165000000000006 4.5515
2.0165000000000006 4.6265
-1.5574999999999999 4.6265
7.0

PASS2
4
-1.5574999999999999 4.6265
2.0165000000000006 4.6265
2.0165000000000006 5.0265
-1.5574999999999999 5.0265
4.2

PASS3
4
-1.5574999999999999 5.0265
2.0165000000000006 5.0265
2.0165000000000006 5.1015
-1.5574999999999999 5.1015
7.0

PASS4+PASS5
4
-1.5574999999999999 5.1015
2.0165000000000006 5.1015
2.0165000000000006 6.0515
-1.5574999999999999 6.0515
4.2

PASS6
4
-1.5574999999999999 6.0515
2.0165000000000006 6.0515
2.0165000000000006 6.6515
-1.5574999999999999 6.6515
7.0

air_Layer
4
-1.5574999999999999 6.6515
2.0165000000000006 6.6515
2.0165000000000006 6.9485
-1.5574999999999999 6.9485
1.0


4
-1.5574999999999999 0.001
2.0165000000000006 0.001
2.0165000000000006 6.9485
-1.5574999999999999 6.9485

