c1
4
-0.060009999999999994 1.3025
0.060009999999999994 1.3025
0.06599 1.4015
-0.06599 1.4015

5
botleft
4
-0.815 -0.001
0 -0.001
0 0.001
-0.815 0.001

botright
4
0 -0.001
2.8489999999999998 -0.001
2.8489999999999998 0.001
0 0.001

lEnv
4
-0.31201 1.3025
-0.19199 1.3025
-0.18600999999999998 1.4015
-0.31799 1.4015

c2
4
0.26398999999999995 1.3025
1.23901 1.3025
1.24499 1.4015
0.25800999999999996 1.4015

rEnv
4
1.3709900000000002 1.3025
2.3460099999999997 1.3025
2.35199 1.4015
1.36501 1.4015


57
IMD6d1_damage
4
-0.321424 1.2925
-0.18257599999999996 1.2925
-0.18197199999999997 1.3025
-0.322028 1.3025
3.1

IMD6d1_damage
4
-0.069424 1.2925
0.069424 1.2925
0.07002799999999999 1.3025
-0.07002799999999999 1.3025
3.1

IMD6d1_damage
4
0.25457599999999997 1.2925
1.248424 1.2925
1.249028 1.3025
0.253972 1.3025
3.1

IMD6d1_damage
4
1.3615760000000001 1.2925
2.3554239999999997 1.2925
2.356028 1.3025
1.360972 1.3025
3.1

IMD6d2_damage
4
-0.317019 1.3025
-0.31201 1.3025
-0.31799 1.4015
-0.322999 1.4015
2.9

IMD6d2_damage
4
-0.19199 1.3025
-0.18698099999999998 1.3025
-0.18100099999999997 1.4015
-0.18600999999999998 1.4015
2.9

IMD6d2_damage
4
-0.065019 1.3025
-0.060009999999999994 1.3025
-0.06599 1.4015
-0.07099899999999999 1.4015
2.9

IMD6d2_damage
4
0.060009999999999994 1.3025
0.065019 1.3025
0.07099899999999999 1.4015
0.06599 1.4015
2.9

IMD6d2_damage
4
0.25898099999999996 1.3025
0.26398999999999995 1.3025
0.25800999999999996 1.4015
0.253001 1.4015
2.9

IMD6d2_damage
4
1.23901 1.3025
1.244019 1.3025
1.249999 1.4015
1.24499 1.4015
2.9

IMD6d2_damage
4
1.3659810000000001 1.3025
1.3709900000000002 1.3025
1.36501 1.4015
1.360001 1.4015
2.9

IMD6d2_damage
4
2.3460099999999997 1.3025
2.3510189999999995 1.3025
2.3569989999999996 1.4015
2.35199 1.4015
2.9

IMD6d2
4
-0.815 1.3025
-0.317019 1.3025
-0.322999 1.4015
-0.815 1.4015
2.65

IMD6d2
4
-0.18698099999999998 1.3025
-0.065019 1.3025
-0.07099899999999999 1.4015
-0.18100099999999997 1.4015
2.65

IMD6d2
4
0.065019 1.3025
0.25898099999999996 1.3025
0.253001 1.4015
0.07099899999999999 1.4015
2.65

IMD6d2
4
1.244019 1.3025
1.3659810000000001 1.3025
1.360001 1.4015
1.249999 1.4015
2.65

IMD6d2
4
2.3510189999999995 1.3025
2.8489999999999998 1.3025
2.8489999999999998 1.4015
2.3569989999999996 1.4015
2.65

IMD6d1
4
-0.815 1.2925
-0.321424 1.2925
-0.322028 1.3025
-0.815 1.3025
2.65

IMD6d1
4
-0.18257599999999996 1.2925
-0.069424 1.2925
-0.07002799999999999 1.3025
-0.18197199999999997 1.3025
2.65

IMD6d1
4
0.069424 1.2925
0.25457599999999997 1.2925
0.253972 1.3025
0.07002799999999999 1.3025
2.65

IMD6d1
4
1.248424 1.2925
1.3615760000000001 1.2925
1.360972 1.3025
1.249028 1.3025
2.65

IMD6d1
4
2.3554239999999997 1.2925
2.8489999999999998 1.2925
2.8489999999999998 1.3025
2.356028 1.3025
2.65

IMD6d1
4
-0.815 1.2745
2.8489999999999998 1.2745
2.8489999999999998 1.2925
-0.815 1.2925
2.65

FOXA+FOXB+TOX
4
-0.815 0.001
2.8489999999999998 0.001
2.8489999999999998 0.2665
-0.815 0.2665
4.0

ILD1a
4
-0.815 0.2665
2.8489999999999998 0.2665
2.8489999999999998 0.2765
-0.815 0.2765
7.0

ILD1b1+ILD1b2+ILD1b3
4
-0.815 0.2765
2.8489999999999998 0.2765
2.8489999999999998 0.3955
-0.815 0.3955
4.0

IMD1a
4
-0.815 0.3955
2.8489999999999998 0.3955
2.8489999999999998 0.4065
-0.815 0.4065
5.2

IMD1b
4
-0.815 0.4065
2.8489999999999998 0.4065
2.8489999999999998 0.4665
-0.815 0.4665
2.8

IMD2a
4
-0.815 0.4665
2.8489999999999998 0.4665
2.8489999999999998 0.4875
-0.815 0.4875
5.2

IMD2b
4
-0.815 0.4875
2.8489999999999998 0.4875
2.8489999999999998 0.5025
-0.815 0.5025
4.2

IMD2c
4
-0.815 0.5025
2.8489999999999998 0.5025
2.8489999999999998 0.5265
-0.815 0.5265
3.28

IMD2d1+IMD2d2
4
-0.815 0.5265
2.8489999999999998 0.5265
2.8489999999999998 0.6535
-0.815 0.6535
2.65

IMD3a
4
-0.815 0.6535
2.8489999999999998 0.6535
2.8489999999999998 0.6745
-0.815 0.6745
5.2

IMD3b
4
-0.815 0.6745
2.8489999999999998 0.6745
2.8489999999999998 0.6895
-0.815 0.6895
4.2

IMD3c
4
-0.815 0.6895
2.8489999999999998 0.6895
2.8489999999999998 0.7135
-0.815 0.7135
3.28

IMD3d1+IMD3d2
4
-0.815 0.7135
2.8489999999999998 0.7135
2.8489999999999998 0.8405
-0.815 0.8405
2.65

IMD4a
4
-0.815 0.8405
2.8489999999999998 0.8405
2.8489999999999998 0.8615
-0.815 0.8615
5.2

IMD4b
4
-0.815 0.8615
2.8489999999999998 0.8615
2.8489999999999998 0.8765
-0.815 0.8765
4.2

IMD4c
4
-0.815 0.8765
2.8489999999999998 0.8765
2.8489999999999998 0.9005
-0.815 0.9005
3.28

IMD4d1+IMD4d2
4
-0.815 0.9005
2.8489999999999998 0.9005
2.8489999999999998 1.0275
-0.815 1.0275
2.65

IMD5a
4
-0.815 1.0275
2.8489999999999998 1.0275
2.8489999999999998 1.0485
-0.815 1.0485
5.2

IMD5b
4
-0.815 1.0485
2.8489999999999998 1.0485
2.8489999999999998 1.0635
-0.815 1.0635
4.2

IMD5c
4
-0.815 1.0635
2.8489999999999998 1.0635
2.8489999999999998 1.0875
-0.815 1.0875
3.28

IMD5d1+IMD5d2
4
-0.815 1.0875
2.8489999999999998 1.0875
2.8489999999999998 1.2145
-0.815 1.2145
2.65

IMD6a
4
-0.815 1.2145
2.8489999999999998 1.2145
2.8489999999999998 1.2355
-0.815 1.2355
5.2

IMD6b
4
-0.815 1.2355
2.8489999999999998 1.2355
2.8489999999999998 1.2505
-0.815 1.2505
4.2

IMD6c
4
-0.815 1.2505
2.8489999999999998 1.2505
2.8489999999999998 1.2745
-0.815 1.2745
3.28

IMD7a
4
-0.815 1.4015
2.8489999999999998 1.4015
2.8489999999999998 1.4765
-0.815 1.4765
5.2

IMD7b1+IMD7b2
4
-0.815 1.4765
2.8489999999999998 1.4765
2.8489999999999998 2.9765
-0.815 2.9765
4.2

IMD8a
4
-0.815 2.9765
2.8489999999999998 2.9765
2.8489999999999998 3.0515
-0.815 3.0515
5.2

IMD8b1+IMD8b2
4
-0.815 3.0515
2.8489999999999998 3.0515
2.8489999999999998 4.5515
-0.815 4.5515
4.2

PASS1
4
-0.815 4.5515
2.8489999999999998 4.5515
2.8489999999999998 4.6265
-0.815 4.6265
7.0

PASS2
4
-0.815 4.6265
2.8489999999999998 4.6265
2.8489999999999998 5.0265
-0.815 5.0265
4.2

PASS3
4
-0.815 5.0265
2.8489999999999998 5.0265
2.8489999999999998 5.1015
-0.815 5.1015
7.0

PASS4+PASS5
4
-0.815 5.1015
2.8489999999999998 5.1015
2.8489999999999998 6.0515
-0.815 6.0515
4.2

PASS6
4
-0.815 6.0515
2.8489999999999998 6.0515
2.8489999999999998 6.6515
-0.815 6.6515
7.0

air_Layer
4
-0.815 6.6515
2.8489999999999998 6.6515
2.8489999999999998 6.9485
-0.815 6.9485
1.0


4
-0.815 0.001
2.8489999999999998 0.001
2.8489999999999998 6.9485
-0.815 6.9485

