c1
4
-0.4200100000000001 1.1155
0.4200099999999999 1.1155
0.42598999999999987 1.2145
-0.4259900000000001 1.2145

5
botleft
4
-1.895 -0.001
0 -0.001
0 0.001
-1.895 0.001

botright
4
0 -0.001
2.3539999999999996 -0.001
2.3539999999999996 0.001
0 0.001

lEnv
4
-1.39201 1.1155
-0.5519900000000001 1.1155
-0.5460100000000001 1.2145
-1.39799 1.2145

c2
4
0.5789899999999998 1.1155
1.1490099999999996 1.1155
1.1549899999999997 1.2145
0.5730099999999998 1.2145

rEnv
4
1.2809899999999996 1.1155
1.8510099999999996 1.1155
1.8569899999999997 1.2145
1.2750099999999995 1.2145


57
IMD5d1_damage
4
-1.401424 1.1055
-0.5425760000000002 1.1055
-0.5419720000000001 1.1155
-1.402028 1.1155
3.1

IMD5d1_damage
4
-0.4294240000000001 1.1055
0.42942399999999986 1.1055
0.43002799999999985 1.1155
-0.4300280000000001 1.1155
3.1

IMD5d1_damage
4
0.5695759999999999 1.1055
1.1584239999999997 1.1055
1.1590279999999997 1.1155
0.5689719999999998 1.1155
3.1

IMD5d1_damage
4
1.2715759999999996 1.1055
1.8604239999999996 1.1055
1.8610279999999997 1.1155
1.2709719999999995 1.1155
3.1

IMD5d2_damage
4
-1.397019 1.1155
-1.39201 1.1155
-1.39799 1.2145
-1.402999 1.2145
2.9

IMD5d2_damage
4
-0.5519900000000001 1.1155
-0.546981 1.1155
-0.5410010000000001 1.2145
-0.5460100000000001 1.2145
2.9

IMD5d2_damage
4
-0.4250190000000001 1.1155
-0.4200100000000001 1.1155
-0.4259900000000001 1.2145
-0.4309990000000001 1.2145
2.9

IMD5d2_damage
4
0.4200099999999999 1.1155
0.42501899999999987 1.1155
0.43099899999999985 1.2145
0.42598999999999987 1.2145
2.9

IMD5d2_damage
4
0.5739809999999997 1.1155
0.5789899999999998 1.1155
0.5730099999999998 1.2145
0.5680009999999998 1.2145
2.9

IMD5d2_damage
4
1.1490099999999996 1.1155
1.1540189999999997 1.1155
1.1599989999999998 1.2145
1.1549899999999997 1.2145
2.9

IMD5d2_damage
4
1.2759809999999996 1.1155
1.2809899999999996 1.1155
1.2750099999999995 1.2145
1.2700009999999995 1.2145
2.9

IMD5d2_damage
4
1.8510099999999996 1.1155
1.8560189999999996 1.1155
1.8619989999999997 1.2145
1.8569899999999997 1.2145
2.9

IMD5d2
4
-1.895 1.1155
-1.397019 1.1155
-1.402999 1.2145
-1.895 1.2145
2.65

IMD5d2
4
-0.546981 1.1155
-0.4250190000000001 1.1155
-0.4309990000000001 1.2145
-0.5410010000000001 1.2145
2.65

IMD5d2
4
0.42501899999999987 1.1155
0.5739809999999997 1.1155
0.5680009999999998 1.2145
0.43099899999999985 1.2145
2.65

IMD5d2
4
1.1540189999999997 1.1155
1.2759809999999996 1.1155
1.2700009999999995 1.2145
1.1599989999999998 1.2145
2.65

IMD5d2
4
1.8560189999999996 1.1155
2.3539999999999996 1.1155
2.3539999999999996 1.2145
1.8619989999999997 1.2145
2.65

IMD5d1
4
-1.895 1.1055
-1.401424 1.1055
-1.402028 1.1155
-1.895 1.1155
2.65

IMD5d1
4
-0.5425760000000002 1.1055
-0.4294240000000001 1.1055
-0.4300280000000001 1.1155
-0.5419720000000001 1.1155
2.65

IMD5d1
4
0.42942399999999986 1.1055
0.5695759999999999 1.1055
0.5689719999999998 1.1155
0.43002799999999985 1.1155
2.65

IMD5d1
4
1.1584239999999997 1.1055
1.2715759999999996 1.1055
1.2709719999999995 1.1155
1.1590279999999997 1.1155
2.65

IMD5d1
4
1.8604239999999996 1.1055
2.3539999999999996 1.1055
2.3539999999999996 1.1155
1.8610279999999997 1.1155
2.65

IMD5d1
4
-1.895 1.0875
2.3539999999999996 1.0875
2.3539999999999996 1.1055
-1.895 1.1055
2.65

FOXA+FOXB+TOX
4
-1.895 0.001
2.3539999999999996 0.001
2.3539999999999996 0.2665
-1.895 0.2665
4.0

ILD1a
4
-1.895 0.2665
2.3539999999999996 0.2665
2.3539999999999996 0.2765
-1.895 0.2765
7.0

ILD1b1+ILD1b2+ILD1b3
4
-1.895 0.2765
2.3539999999999996 0.2765
2.3539999999999996 0.3955
-1.895 0.3955
4.0

IMD1a
4
-1.895 0.3955
2.3539999999999996 0.3955
2.3539999999999996 0.4065
-1.895 0.4065
5.2

IMD1b
4
-1.895 0.4065
2.3539999999999996 0.4065
2.3539999999999996 0.4665
-1.895 0.4665
2.8

IMD2a
4
-1.895 0.4665
2.3539999999999996 0.4665
2.3539999999999996 0.4875
-1.895 0.4875
5.2

IMD2b
4
-1.895 0.4875
2.3539999999999996 0.4875
2.3539999999999996 0.5025
-1.895 0.5025
4.2

IMD2c
4
-1.895 0.5025
2.3539999999999996 0.5025
2.3539999999999996 0.5265
-1.895 0.5265
3.28

IMD2d1+IMD2d2
4
-1.895 0.5265
2.3539999999999996 0.5265
2.3539999999999996 0.6535
-1.895 0.6535
2.65

IMD3a
4
-1.895 0.6535
2.3539999999999996 0.6535
2.3539999999999996 0.6745
-1.895 0.6745
5.2

IMD3b
4
-1.895 0.6745
2.3539999999999996 0.6745
2.3539999999999996 0.6895
-1.895 0.6895
4.2

IMD3c
4
-1.895 0.6895
2.3539999999999996 0.6895
2.3539999999999996 0.7135
-1.895 0.7135
3.28

IMD3d1+IMD3d2
4
-1.895 0.7135
2.3539999999999996 0.7135
2.3539999999999996 0.8405
-1.895 0.8405
2.65

IMD4a
4
-1.895 0.8405
2.3539999999999996 0.8405
2.3539999999999996 0.8615
-1.895 0.8615
5.2

IMD4b
4
-1.895 0.8615
2.3539999999999996 0.8615
2.3539999999999996 0.8765
-1.895 0.8765
4.2

IMD4c
4
-1.895 0.8765
2.3539999999999996 0.8765
2.3539999999999996 0.9005
-1.895 0.9005
3.28

IMD4d1+IMD4d2
4
-1.895 0.9005
2.3539999999999996 0.9005
2.3539999999999996 1.0275
-1.895 1.0275
2.65

IMD5a
4
-1.895 1.0275
2.3539999999999996 1.0275
2.3539999999999996 1.0485
-1.895 1.0485
5.2

IMD5b
4
-1.895 1.0485
2.3539999999999996 1.0485
2.3539999999999996 1.0635
-1.895 1.0635
4.2

IMD5c
4
-1.895 1.0635
2.3539999999999996 1.0635
2.3539999999999996 1.0875
-1.895 1.0875
3.28

IMD6a
4
-1.895 1.2145
2.3539999999999996 1.2145
2.3539999999999996 1.2355
-1.895 1.2355
5.2

IMD6b
4
-1.895 1.2355
2.3539999999999996 1.2355
2.3539999999999996 1.2505
-1.895 1.2505
4.2

IMD6c
4
-1.895 1.2505
2.3539999999999996 1.2505
2.3539999999999996 1.2745
-1.895 1.2745
3.28

IMD6d1+IMD6d2
4
-1.895 1.2745
2.3539999999999996 1.2745
2.3539999999999996 1.4015
-1.895 1.4015
2.65

IMD7a
4
-1.895 1.4015
2.3539999999999996 1.4015
2.3539999999999996 1.4765
-1.895 1.4765
5.2

IMD7b1+IMD7b2
4
-1.895 1.4765
2.3539999999999996 1.4765
2.3539999999999996 2.9765
-1.895 2.9765
4.2

IMD8a
4
-1.895 2.9765
2.3539999999999996 2.9765
2.3539999999999996 3.0515
-1.895 3.0515
5.2

IMD8b1+IMD8b2
4
-1.895 3.0515
2.3539999999999996 3.0515
2.3539999999999996 4.5515
-1.895 4.5515
4.2

PASS1
4
-1.895 4.5515
2.3539999999999996 4.5515
2.3539999999999996 4.6265
-1.895 4.6265
7.0

PASS2
4
-1.895 4.6265
2.3539999999999996 4.6265
2.3539999999999996 5.0265
-1.895 5.0265
4.2

PASS3
4
-1.895 5.0265
2.3539999999999996 5.0265
2.3539999999999996 5.1015
-1.895 5.1015
7.0

PASS4+PASS5
4
-1.895 5.1015
2.3539999999999996 5.1015
2.3539999999999996 6.0515
-1.895 6.0515
4.2

PASS6
4
-1.895 6.0515
2.3539999999999996 6.0515
2.3539999999999996 6.6515
-1.895 6.6515
7.0

air_Layer
4
-1.895 6.6515
2.3539999999999996 6.6515
2.3539999999999996 6.9485
-1.895 6.9485
1.0


4
-1.895 0.001
2.3539999999999996 0.001
2.3539999999999996 6.9485
-1.895 6.9485

