c1
4
-0.3525099999999999 1.1155
0.35251 1.1155
0.35849 1.2145
-0.35848999999999986 1.2145

5
botleft
4
-1.6024999999999998 -0.001
0 -0.001
0 0.001
-1.6024999999999998 0.001

botright
4
0 -0.001
1.0714999999999997 -0.001
1.0714999999999997 0.001
0 0.001

lEnv
4
-1.0995099999999998 1.1155
-0.3944899999999999 1.1155
-0.3885099999999999 1.2145
-1.1054899999999999 1.2145

c2
4
0.46648999999999996 1.1155
0.4965099999999999 1.1155
0.5024899999999999 1.2145
0.46051 1.2145

rEnv
4
0.5384899999999998 1.1155
0.5685099999999997 1.1155
0.5744899999999997 1.2145
0.5325099999999998 1.2145


57
IMD5d1_damage
4
-1.1089239999999998 1.1055
-0.3850759999999999 1.1055
-0.3844719999999999 1.1155
-1.1095279999999998 1.1155
3.1

IMD5d1_damage
4
-0.36192399999999986 1.1055
0.36192399999999997 1.1055
0.36252799999999996 1.1155
-0.36252799999999985 1.1155
3.1

IMD5d1_damage
4
0.457076 1.1055
0.5059239999999998 1.1055
0.5065279999999999 1.1155
0.456472 1.1155
3.1

IMD5d1_damage
4
0.5290759999999999 1.1055
0.5779239999999997 1.1055
0.5785279999999997 1.1155
0.5284719999999998 1.1155
3.1

IMD5d2_damage
4
-1.1045189999999998 1.1155
-1.0995099999999998 1.1155
-1.1054899999999999 1.2145
-1.110499 1.2145
2.9

IMD5d2_damage
4
-0.3944899999999999 1.1155
-0.3894809999999999 1.1155
-0.3835009999999999 1.2145
-0.3885099999999999 1.2145
2.9

IMD5d2_damage
4
-0.35751899999999986 1.1155
-0.3525099999999999 1.1155
-0.35848999999999986 1.2145
-0.36349899999999985 1.2145
2.9

IMD5d2_damage
4
0.35251 1.1155
0.357519 1.1155
0.36349899999999996 1.2145
0.35849 1.2145
2.9

IMD5d2_damage
4
0.461481 1.1155
0.46648999999999996 1.1155
0.46051 1.2145
0.455501 1.2145
2.9

IMD5d2_damage
4
0.4965099999999999 1.1155
0.5015189999999999 1.1155
0.5074989999999999 1.2145
0.5024899999999999 1.2145
2.9

IMD5d2_damage
4
0.5334809999999998 1.1155
0.5384899999999998 1.1155
0.5325099999999998 1.2145
0.5275009999999998 1.2145
2.9

IMD5d2_damage
4
0.5685099999999997 1.1155
0.5735189999999998 1.1155
0.5794989999999998 1.2145
0.5744899999999997 1.2145
2.9

IMD5d2
4
-1.6024999999999998 1.1155
-1.1045189999999998 1.1155
-1.110499 1.2145
-1.6024999999999998 1.2145
2.65

IMD5d2
4
-0.3894809999999999 1.1155
-0.35751899999999986 1.1155
-0.36349899999999985 1.2145
-0.3835009999999999 1.2145
2.65

IMD5d2
4
0.357519 1.1155
0.461481 1.1155
0.455501 1.2145
0.36349899999999996 1.2145
2.65

IMD5d2
4
0.5015189999999999 1.1155
0.5334809999999998 1.1155
0.5275009999999998 1.2145
0.5074989999999999 1.2145
2.65

IMD5d2
4
0.5735189999999998 1.1155
1.0714999999999997 1.1155
1.0714999999999997 1.2145
0.5794989999999998 1.2145
2.65

IMD5d1
4
-1.6024999999999998 1.1055
-1.1089239999999998 1.1055
-1.1095279999999998 1.1155
-1.6024999999999998 1.1155
2.65

IMD5d1
4
-0.3850759999999999 1.1055
-0.36192399999999986 1.1055
-0.36252799999999985 1.1155
-0.3844719999999999 1.1155
2.65

IMD5d1
4
0.36192399999999997 1.1055
0.457076 1.1055
0.456472 1.1155
0.36252799999999996 1.1155
2.65

IMD5d1
4
0.5059239999999998 1.1055
0.5290759999999999 1.1055
0.5284719999999998 1.1155
0.5065279999999999 1.1155
2.65

IMD5d1
4
0.5779239999999997 1.1055
1.0714999999999997 1.1055
1.0714999999999997 1.1155
0.5785279999999997 1.1155
2.65

IMD5d1
4
-1.6024999999999998 1.0875
1.0714999999999997 1.0875
1.0714999999999997 1.1055
-1.6024999999999998 1.1055
2.65

FOXA+FOXB+TOX
4
-1.6024999999999998 0.001
1.0714999999999997 0.001
1.0714999999999997 0.2665
-1.6024999999999998 0.2665
4.0

ILD1a
4
-1.6024999999999998 0.2665
1.0714999999999997 0.2665
1.0714999999999997 0.2765
-1.6024999999999998 0.2765
7.0

ILD1b1+ILD1b2+ILD1b3
4
-1.6024999999999998 0.2765
1.0714999999999997 0.2765
1.0714999999999997 0.3955
-1.6024999999999998 0.3955
4.0

IMD1a
4
-1.6024999999999998 0.3955
1.0714999999999997 0.3955
1.0714999999999997 0.4065
-1.6024999999999998 0.4065
5.2

IMD1b
4
-1.6024999999999998 0.4065
1.0714999999999997 0.4065
1.0714999999999997 0.4665
-1.6024999999999998 0.4665
2.8

IMD2a
4
-1.6024999999999998 0.4665
1.0714999999999997 0.4665
1.0714999999999997 0.4875
-1.6024999999999998 0.4875
5.2

IMD2b
4
-1.6024999999999998 0.4875
1.0714999999999997 0.4875
1.0714999999999997 0.5025
-1.6024999999999998 0.5025
4.2

IMD2c
4
-1.6024999999999998 0.5025
1.0714999999999997 0.5025
1.0714999999999997 0.5265
-1.6024999999999998 0.5265
3.28

IMD2d1+IMD2d2
4
-1.6024999999999998 0.5265
1.0714999999999997 0.5265
1.0714999999999997 0.6535
-1.6024999999999998 0.6535
2.65

IMD3a
4
-1.6024999999999998 0.6535
1.0714999999999997 0.6535
1.0714999999999997 0.6745
-1.6024999999999998 0.6745
5.2

IMD3b
4
-1.6024999999999998 0.6745
1.0714999999999997 0.6745
1.0714999999999997 0.6895
-1.6024999999999998 0.6895
4.2

IMD3c
4
-1.6024999999999998 0.6895
1.0714999999999997 0.6895
1.0714999999999997 0.7135
-1.6024999999999998 0.7135
3.28

IMD3d1+IMD3d2
4
-1.6024999999999998 0.7135
1.0714999999999997 0.7135
1.0714999999999997 0.8405
-1.6024999999999998 0.8405
2.65

IMD4a
4
-1.6024999999999998 0.8405
1.0714999999999997 0.8405
1.0714999999999997 0.8615
-1.6024999999999998 0.8615
5.2

IMD4b
4
-1.6024999999999998 0.8615
1.0714999999999997 0.8615
1.0714999999999997 0.8765
-1.6024999999999998 0.8765
4.2

IMD4c
4
-1.6024999999999998 0.8765
1.0714999999999997 0.8765
1.0714999999999997 0.9005
-1.6024999999999998 0.9005
3.28

IMD4d1+IMD4d2
4
-1.6024999999999998 0.9005
1.0714999999999997 0.9005
1.0714999999999997 1.0275
-1.6024999999999998 1.0275
2.65

IMD5a
4
-1.6024999999999998 1.0275
1.0714999999999997 1.0275
1.0714999999999997 1.0485
-1.6024999999999998 1.0485
5.2

IMD5b
4
-1.6024999999999998 1.0485
1.0714999999999997 1.0485
1.0714999999999997 1.0635
-1.6024999999999998 1.0635
4.2

IMD5c
4
-1.6024999999999998 1.0635
1.0714999999999997 1.0635
1.0714999999999997 1.0875
-1.6024999999999998 1.0875
3.28

IMD6a
4
-1.6024999999999998 1.2145
1.0714999999999997 1.2145
1.0714999999999997 1.2355
-1.6024999999999998 1.2355
5.2

IMD6b
4
-1.6024999999999998 1.2355
1.0714999999999997 1.2355
1.0714999999999997 1.2505
-1.6024999999999998 1.2505
4.2

IMD6c
4
-1.6024999999999998 1.2505
1.0714999999999997 1.2505
1.0714999999999997 1.2745
-1.6024999999999998 1.2745
3.28

IMD6d1+IMD6d2
4
-1.6024999999999998 1.2745
1.0714999999999997 1.2745
1.0714999999999997 1.4015
-1.6024999999999998 1.4015
2.65

IMD7a
4
-1.6024999999999998 1.4015
1.0714999999999997 1.4015
1.0714999999999997 1.4765
-1.6024999999999998 1.4765
5.2

IMD7b1+IMD7b2
4
-1.6024999999999998 1.4765
1.0714999999999997 1.4765
1.0714999999999997 2.9765
-1.6024999999999998 2.9765
4.2

IMD8a
4
-1.6024999999999998 2.9765
1.0714999999999997 2.9765
1.0714999999999997 3.0515
-1.6024999999999998 3.0515
5.2

IMD8b1+IMD8b2
4
-1.6024999999999998 3.0515
1.0714999999999997 3.0515
1.0714999999999997 4.5515
-1.6024999999999998 4.5515
4.2

PASS1
4
-1.6024999999999998 4.5515
1.0714999999999997 4.5515
1.0714999999999997 4.6265
-1.6024999999999998 4.6265
7.0

PASS2
4
-1.6024999999999998 4.6265
1.0714999999999997 4.6265
1.0714999999999997 5.0265
-1.6024999999999998 5.0265
4.2

PASS3
4
-1.6024999999999998 5.0265
1.0714999999999997 5.0265
1.0714999999999997 5.1015
-1.6024999999999998 5.1015
7.0

PASS4+PASS5
4
-1.6024999999999998 5.1015
1.0714999999999997 5.1015
1.0714999999999997 6.0515
-1.6024999999999998 6.0515
4.2

PASS6
4
-1.6024999999999998 6.0515
1.0714999999999997 6.0515
1.0714999999999997 6.6515
-1.6024999999999998 6.6515
7.0

air_Layer
4
-1.6024999999999998 6.6515
1.0714999999999997 6.6515
1.0714999999999997 6.9485
-1.6024999999999998 6.9485
1.0


4
-1.6024999999999998 0.001
1.0714999999999997 0.001
1.0714999999999997 6.9485
-1.6024999999999998 6.9485

