c1
4
-0.21750999999999995 0.5545
0.21750999999999995 0.5545
0.22348999999999997 0.6535
-0.22348999999999997 0.6535

5
botleft
4
-1.3775 -0.001
0 -0.001
0 0.001
-1.3775 0.001

botright
4
0 -0.001
1.6564999999999999 -0.001
1.6564999999999999 0.001
0 0.001

lEnv
4
-0.87451 0.5545
-0.43949 0.5545
-0.43351 0.6535
-0.88049 0.6535

c2
4
0.5114899999999999 0.5545
0.72151 0.5545
0.72749 0.6535
0.5055099999999999 0.6535

rEnv
4
0.94349 0.5545
1.1535099999999998 0.5545
1.15949 0.6535
0.9375100000000001 0.6535


57
IMD2d1_damage
4
-0.8839239999999999 0.5445
-0.430076 0.5445
-0.429472 0.5545
-0.884528 0.5545
3.1

IMD2d1_damage
4
-0.22692399999999996 0.5445
0.22692399999999996 0.5445
0.22752799999999995 0.5545
-0.22752799999999995 0.5545
3.1

IMD2d1_damage
4
0.502076 0.5445
0.7309239999999999 0.5445
0.731528 0.5545
0.5014719999999999 0.5545
3.1

IMD2d1_damage
4
0.9340760000000001 0.5445
1.1629239999999998 0.5445
1.163528 0.5545
0.9334720000000001 0.5545
3.1

IMD2d2_damage
4
-0.879519 0.5545
-0.87451 0.5545
-0.88049 0.6535
-0.885499 0.6535
2.9

IMD2d2_damage
4
-0.43949 0.5545
-0.434481 0.5545
-0.428501 0.6535
-0.43351 0.6535
2.9

IMD2d2_damage
4
-0.22251899999999997 0.5545
-0.21750999999999995 0.5545
-0.22348999999999997 0.6535
-0.22849899999999998 0.6535
2.9

IMD2d2_damage
4
0.21750999999999995 0.5545
0.22251899999999997 0.5545
0.22849899999999998 0.6535
0.22348999999999997 0.6535
2.9

IMD2d2_damage
4
0.5064809999999998 0.5545
0.5114899999999999 0.5545
0.5055099999999999 0.6535
0.5005009999999999 0.6535
2.9

IMD2d2_damage
4
0.72151 0.5545
0.726519 0.5545
0.732499 0.6535
0.72749 0.6535
2.9

IMD2d2_damage
4
0.938481 0.5545
0.94349 0.5545
0.9375100000000001 0.6535
0.932501 0.6535
2.9

IMD2d2_damage
4
1.1535099999999998 0.5545
1.1585189999999999 0.5545
1.164499 0.6535
1.15949 0.6535
2.9

IMD2d2
4
-1.3775 0.5545
-0.879519 0.5545
-0.885499 0.6535
-1.3775 0.6535
2.65

IMD2d2
4
-0.434481 0.5545
-0.22251899999999997 0.5545
-0.22849899999999998 0.6535
-0.428501 0.6535
2.65

IMD2d2
4
0.22251899999999997 0.5545
0.5064809999999998 0.5545
0.5005009999999999 0.6535
0.22849899999999998 0.6535
2.65

IMD2d2
4
0.726519 0.5545
0.938481 0.5545
0.932501 0.6535
0.732499 0.6535
2.65

IMD2d2
4
1.1585189999999999 0.5545
1.6564999999999999 0.5545
1.6564999999999999 0.6535
1.164499 0.6535
2.65

IMD2d1
4
-1.3775 0.5445
-0.8839239999999999 0.5445
-0.884528 0.5545
-1.3775 0.5545
2.65

IMD2d1
4
-0.430076 0.5445
-0.22692399999999996 0.5445
-0.22752799999999995 0.5545
-0.429472 0.5545
2.65

IMD2d1
4
0.22692399999999996 0.5445
0.502076 0.5445
0.5014719999999999 0.5545
0.22752799999999995 0.5545
2.65

IMD2d1
4
0.7309239999999999 0.5445
0.9340760000000001 0.5445
0.9334720000000001 0.5545
0.731528 0.5545
2.65

IMD2d1
4
1.1629239999999998 0.5445
1.6564999999999999 0.5445
1.6564999999999999 0.5545
1.163528 0.5545
2.65

IMD2d1
4
-1.3775 0.5265
1.6564999999999999 0.5265
1.6564999999999999 0.5445
-1.3775 0.5445
2.65

FOXA+FOXB+TOX
4
-1.3775 0.001
1.6564999999999999 0.001
1.6564999999999999 0.2665
-1.3775 0.2665
4.0

ILD1a
4
-1.3775 0.2665
1.6564999999999999 0.2665
1.6564999999999999 0.2765
-1.3775 0.2765
7.0

ILD1b1+ILD1b2+ILD1b3
4
-1.3775 0.2765
1.6564999999999999 0.2765
1.6564999999999999 0.3955
-1.3775 0.3955
4.0

IMD1a
4
-1.3775 0.3955
1.6564999999999999 0.3955
1.6564999999999999 0.4065
-1.3775 0.4065
5.2

IMD1b
4
-1.3775 0.4065
1.6564999999999999 0.4065
1.6564999999999999 0.4665
-1.3775 0.4665
2.8

IMD2a
4
-1.3775 0.4665
1.6564999999999999 0.4665
1.6564999999999999 0.4875
-1.3775 0.4875
5.2

IMD2b
4
-1.3775 0.4875
1.6564999999999999 0.4875
1.6564999999999999 0.5025
-1.3775 0.5025
4.2

IMD2c
4
-1.3775 0.5025
1.6564999999999999 0.5025
1.6564999999999999 0.5265
-1.3775 0.5265
3.28

IMD3a
4
-1.3775 0.6535
1.6564999999999999 0.6535
1.6564999999999999 0.6745
-1.3775 0.6745
5.2

IMD3b
4
-1.3775 0.6745
1.6564999999999999 0.6745
1.6564999999999999 0.6895
-1.3775 0.6895
4.2

IMD3c
4
-1.3775 0.6895
1.6564999999999999 0.6895
1.6564999999999999 0.7135
-1.3775 0.7135
3.28

IMD3d1+IMD3d2
4
-1.3775 0.7135
1.6564999999999999 0.7135
1.6564999999999999 0.8405
-1.3775 0.8405
2.65

IMD4a
4
-1.3775 0.8405
1.6564999999999999 0.8405
1.6564999999999999 0.8615
-1.3775 0.8615
5.2

IMD4b
4
-1.3775 0.8615
1.6564999999999999 0.8615
1.6564999999999999 0.8765
-1.3775 0.8765
4.2

IMD4c
4
-1.3775 0.8765
1.6564999999999999 0.8765
1.6564999999999999 0.9005
-1.3775 0.9005
3.28

IMD4d1+IMD4d2
4
-1.3775 0.9005
1.6564999999999999 0.9005
1.6564999999999999 1.0275
-1.3775 1.0275
2.65

IMD5a
4
-1.3775 1.0275
1.6564999999999999 1.0275
1.6564999999999999 1.0485
-1.3775 1.0485
5.2

IMD5b
4
-1.3775 1.0485
1.6564999999999999 1.0485
1.6564999999999999 1.0635
-1.3775 1.0635
4.2

IMD5c
4
-1.3775 1.0635
1.6564999999999999 1.0635
1.6564999999999999 1.0875
-1.3775 1.0875
3.28

IMD5d1+IMD5d2
4
-1.3775 1.0875
1.6564999999999999 1.0875
1.6564999999999999 1.2145
-1.3775 1.2145
2.65

IMD6a
4
-1.3775 1.2145
1.6564999999999999 1.2145
1.6564999999999999 1.2355
-1.3775 1.2355
5.2

IMD6b
4
-1.3775 1.2355
1.6564999999999999 1.2355
1.6564999999999999 1.2505
-1.3775 1.2505
4.2

IMD6c
4
-1.3775 1.2505
1.6564999999999999 1.2505
1.6564999999999999 1.2745
-1.3775 1.2745
3.28

IMD6d1+IMD6d2
4
-1.3775 1.2745
1.6564999999999999 1.2745
1.6564999999999999 1.4015
-1.3775 1.4015
2.65

IMD7a
4
-1.3775 1.4015
1.6564999999999999 1.4015
1.6564999999999999 1.4765
-1.3775 1.4765
5.2

IMD7b1+IMD7b2
4
-1.3775 1.4765
1.6564999999999999 1.4765
1.6564999999999999 2.9765
-1.3775 2.9765
4.2

IMD8a
4
-1.3775 2.9765
1.6564999999999999 2.9765
1.6564999999999999 3.0515
-1.3775 3.0515
5.2

IMD8b1+IMD8b2
4
-1.3775 3.0515
1.6564999999999999 3.0515
1.6564999999999999 4.5515
-1.3775 4.5515
4.2

PASS1
4
-1.3775 4.5515
1.6564999999999999 4.5515
1.6564999999999999 4.6265
-1.3775 4.6265
7.0

PASS2
4
-1.3775 4.6265
1.6564999999999999 4.6265
1.6564999999999999 5.0265
-1.3775 5.0265
4.2

PASS3
4
-1.3775 5.0265
1.6564999999999999 5.0265
1.6564999999999999 5.1015
-1.3775 5.1015
7.0

PASS4+PASS5
4
-1.3775 5.1015
1.6564999999999999 5.1015
1.6564999999999999 6.0515
-1.3775 6.0515
4.2

PASS6
4
-1.3775 6.0515
1.6564999999999999 6.0515
1.6564999999999999 6.6515
-1.3775 6.6515
7.0

air_Layer
4
-1.3775 6.6515
1.6564999999999999 6.6515
1.6564999999999999 6.9485
-1.3775 6.9485
1.0


4
-1.3775 0.001
1.6564999999999999 0.001
1.6564999999999999 6.9485
-1.3775 6.9485

