c1
4
-0.4200100000000001 1.3025
0.4200099999999999 1.3025
0.42598999999999987 1.4015
-0.4259900000000001 1.4015

5
botleft
4
-1.895 -0.001
0 -0.001
0 0.001
-1.895 0.001

botright
4
0 -0.001
2.219 -0.001
2.219 0.001
0 0.001

lEnv
4
-1.39201 1.3025
-0.5519900000000001 1.3025
-0.5460100000000001 1.4015
-1.39799 1.4015

c2
4
0.9839899999999998 1.3025
1.2840099999999999 1.3025
1.28999 1.4015
0.9780099999999998 1.4015

rEnv
4
1.4159899999999999 1.3025
1.7160099999999998 1.3025
1.72199 1.4015
1.4100099999999998 1.4015


57
IMD6d1_damage
4
-1.401424 1.2925
-0.5425760000000002 1.2925
-0.5419720000000001 1.3025
-1.402028 1.3025
3.1

IMD6d1_damage
4
-0.4294240000000001 1.2925
0.42942399999999986 1.2925
0.43002799999999985 1.3025
-0.4300280000000001 1.3025
3.1

IMD6d1_damage
4
0.9745759999999999 1.2925
1.293424 1.2925
1.294028 1.3025
0.9739719999999998 1.3025
3.1

IMD6d1_damage
4
1.4065759999999998 1.2925
1.7254239999999998 1.2925
1.726028 1.3025
1.4059719999999998 1.3025
3.1

IMD6d2_damage
4
-1.397019 1.3025
-1.39201 1.3025
-1.39799 1.4015
-1.402999 1.4015
2.9

IMD6d2_damage
4
-0.5519900000000001 1.3025
-0.546981 1.3025
-0.5410010000000001 1.4015
-0.5460100000000001 1.4015
2.9

IMD6d2_damage
4
-0.4250190000000001 1.3025
-0.4200100000000001 1.3025
-0.4259900000000001 1.4015
-0.4309990000000001 1.4015
2.9

IMD6d2_damage
4
0.4200099999999999 1.3025
0.42501899999999987 1.3025
0.43099899999999985 1.4015
0.42598999999999987 1.4015
2.9

IMD6d2_damage
4
0.9789809999999998 1.3025
0.9839899999999998 1.3025
0.9780099999999998 1.4015
0.9730009999999998 1.4015
2.9

IMD6d2_damage
4
1.2840099999999999 1.3025
1.289019 1.3025
1.294999 1.4015
1.28999 1.4015
2.9

IMD6d2_damage
4
1.4109809999999998 1.3025
1.4159899999999999 1.3025
1.4100099999999998 1.4015
1.4050009999999997 1.4015
2.9

IMD6d2_damage
4
1.7160099999999998 1.3025
1.7210189999999999 1.3025
1.726999 1.4015
1.72199 1.4015
2.9

IMD6d2
4
-1.895 1.3025
-1.397019 1.3025
-1.402999 1.4015
-1.895 1.4015
2.65

IMD6d2
4
-0.546981 1.3025
-0.4250190000000001 1.3025
-0.4309990000000001 1.4015
-0.5410010000000001 1.4015
2.65

IMD6d2
4
0.42501899999999987 1.3025
0.9789809999999998 1.3025
0.9730009999999998 1.4015
0.43099899999999985 1.4015
2.65

IMD6d2
4
1.289019 1.3025
1.4109809999999998 1.3025
1.4050009999999997 1.4015
1.294999 1.4015
2.65

IMD6d2
4
1.7210189999999999 1.3025
2.219 1.3025
2.219 1.4015
1.726999 1.4015
2.65

IMD6d1
4
-1.895 1.2925
-1.401424 1.2925
-1.402028 1.3025
-1.895 1.3025
2.65

IMD6d1
4
-0.5425760000000002 1.2925
-0.4294240000000001 1.2925
-0.4300280000000001 1.3025
-0.5419720000000001 1.3025
2.65

IMD6d1
4
0.42942399999999986 1.2925
0.9745759999999999 1.2925
0.9739719999999998 1.3025
0.43002799999999985 1.3025
2.65

IMD6d1
4
1.293424 1.2925
1.4065759999999998 1.2925
1.4059719999999998 1.3025
1.294028 1.3025
2.65

IMD6d1
4
1.7254239999999998 1.2925
2.219 1.2925
2.219 1.3025
1.726028 1.3025
2.65

IMD6d1
4
-1.895 1.2745
2.219 1.2745
2.219 1.2925
-1.895 1.2925
2.65

FOXA+FOXB+TOX
4
-1.895 0.001
2.219 0.001
2.219 0.2665
-1.895 0.2665
4.0

ILD1a
4
-1.895 0.2665
2.219 0.2665
2.219 0.2765
-1.895 0.2765
7.0

ILD1b1+ILD1b2+ILD1b3
4
-1.895 0.2765
2.219 0.2765
2.219 0.3955
-1.895 0.3955
4.0

IMD1a
4
-1.895 0.3955
2.219 0.3955
2.219 0.4065
-1.895 0.4065
5.2

IMD1b
4
-1.895 0.4065
2.219 0.4065
2.219 0.4665
-1.895 0.4665
2.8

IMD2a
4
-1.895 0.4665
2.219 0.4665
2.219 0.4875
-1.895 0.4875
5.2

IMD2b
4
-1.895 0.4875
2.219 0.4875
2.219 0.5025
-1.895 0.5025
4.2

IMD2c
4
-1.895 0.5025
2.219 0.5025
2.219 0.5265
-1.895 0.5265
3.28

IMD2d1+IMD2d2
4
-1.895 0.5265
2.219 0.5265
2.219 0.6535
-1.895 0.6535
2.65

IMD3a
4
-1.895 0.6535
2.219 0.6535
2.219 0.6745
-1.895 0.6745
5.2

IMD3b
4
-1.895 0.6745
2.219 0.6745
2.219 0.6895
-1.895 0.6895
4.2

IMD3c
4
-1.895 0.6895
2.219 0.6895
2.219 0.7135
-1.895 0.7135
3.28

IMD3d1+IMD3d2
4
-1.895 0.7135
2.219 0.7135
2.219 0.8405
-1.895 0.8405
2.65

IMD4a
4
-1.895 0.8405
2.219 0.8405
2.219 0.8615
-1.895 0.8615
5.2

IMD4b
4
-1.895 0.8615
2.219 0.8615
2.219 0.8765
-1.895 0.8765
4.2

IMD4c
4
-1.895 0.8765
2.219 0.8765
2.219 0.9005
-1.895 0.9005
3.28

IMD4d1+IMD4d2
4
-1.895 0.9005
2.219 0.9005
2.219 1.0275
-1.895 1.0275
2.65

IMD5a
4
-1.895 1.0275
2.219 1.0275
2.219 1.0485
-1.895 1.0485
5.2

IMD5b
4
-1.895 1.0485
2.219 1.0485
2.219 1.0635
-1.895 1.0635
4.2

IMD5c
4
-1.895 1.0635
2.219 1.0635
2.219 1.0875
-1.895 1.0875
3.28

IMD5d1+IMD5d2
4
-1.895 1.0875
2.219 1.0875
2.219 1.2145
-1.895 1.2145
2.65

IMD6a
4
-1.895 1.2145
2.219 1.2145
2.219 1.2355
-1.895 1.2355
5.2

IMD6b
4
-1.895 1.2355
2.219 1.2355
2.219 1.2505
-1.895 1.2505
4.2

IMD6c
4
-1.895 1.2505
2.219 1.2505
2.219 1.2745
-1.895 1.2745
3.28

IMD7a
4
-1.895 1.4015
2.219 1.4015
2.219 1.4765
-1.895 1.4765
5.2

IMD7b1+IMD7b2
4
-1.895 1.4765
2.219 1.4765
2.219 2.9765
-1.895 2.9765
4.2

IMD8a
4
-1.895 2.9765
2.219 2.9765
2.219 3.0515
-1.895 3.0515
5.2

IMD8b1+IMD8b2
4
-1.895 3.0515
2.219 3.0515
2.219 4.5515
-1.895 4.5515
4.2

PASS1
4
-1.895 4.5515
2.219 4.5515
2.219 4.6265
-1.895 4.6265
7.0

PASS2
4
-1.895 4.6265
2.219 4.6265
2.219 5.0265
-1.895 5.0265
4.2

PASS3
4
-1.895 5.0265
2.219 5.0265
2.219 5.1015
-1.895 5.1015
7.0

PASS4+PASS5
4
-1.895 5.1015
2.219 5.1015
2.219 6.0515
-1.895 6.0515
4.2

PASS6
4
-1.895 6.0515
2.219 6.0515
2.219 6.6515
-1.895 6.6515
7.0

air_Layer
4
-1.895 6.6515
2.219 6.6515
2.219 6.9485
-1.895 6.9485
1.0


4
-1.895 0.001
2.219 0.001
2.219 6.9485
-1.895 6.9485

