c1
4
-0.10342000000000001 0.37050000000000005
0.10342000000000001 0.37050000000000005
0.11258000000000001 0.4665
-0.11258000000000001 0.4665

5
botleft
4
-0.95 -0.001
0 -0.001
0 0.001
-0.95 0.001

botright
4
0 -0.001
2.444 -0.001
2.444 0.001
0 0.001

lEnv
4
-0.44542 0.37050000000000005
-0.23858 0.37050000000000005
-0.22941999999999999 0.4665
-0.45458 0.4665

c2
4
0.13057999999999997 0.37050000000000005
0.9674199999999998 0.37050000000000005
0.9765799999999998 0.4665
0.12141999999999997 0.4665

rEnv
4
1.10258 0.37050000000000005
1.9394199999999997 0.37050000000000005
1.9485799999999998 0.4665
1.0934199999999998 0.4665


48
IMD1b
4
-0.95 0.40650000000000003
-0.448855 0.40650000000000003
-0.45458 0.4665
-0.95 0.4665
2.8

IMD1b
4
-0.235145 0.40650000000000003
-0.10685500000000002 0.40650000000000003
-0.11258000000000001 0.4665
-0.22941999999999999 0.4665
2.8

IMD1b
4
0.10685500000000002 0.40650000000000003
0.12714499999999998 0.40650000000000003
0.12141999999999997 0.4665
0.11258000000000001 0.4665
2.8

IMD1b
4
0.9708549999999998 0.40650000000000003
1.0991449999999998 0.40650000000000003
1.0934199999999998 0.4665
0.9765799999999998 0.4665
2.8

IMD1b
4
1.9428549999999998 0.40650000000000003
2.444 0.40650000000000003
2.444 0.4665
1.9485799999999998 0.4665
2.8

IMD1a
4
-0.95 0.3955
-0.4478054166666667 0.3955
-0.448855 0.40650000000000003
-0.95 0.40650000000000003
5.2

IMD1a
4
-0.23619458333333332 0.3955
-0.10580541666666668 0.3955
-0.10685500000000002 0.40650000000000003
-0.235145 0.40650000000000003
5.2

IMD1a
4
0.10580541666666668 0.3955
0.1281945833333333 0.3955
0.12714499999999998 0.40650000000000003
0.10685500000000002 0.40650000000000003
5.2

IMD1a
4
0.9698054166666664 0.3955
1.100194583333333 0.3955
1.0991449999999998 0.40650000000000003
0.9708549999999998 0.40650000000000003
5.2

IMD1a
4
1.9418054166666665 0.3955
2.444 0.3955
2.444 0.40650000000000003
1.9428549999999998 0.40650000000000003
5.2

ILD1b3
4
-0.95 0.37050000000000005
-0.44542 0.37050000000000005
-0.4478054166666667 0.3955
-0.95 0.3955
4

ILD1b3
4
-0.23858 0.37050000000000005
-0.10342000000000001 0.37050000000000005
-0.10580541666666668 0.3955
-0.23619458333333332 0.3955
4

ILD1b3
4
0.10342000000000001 0.37050000000000005
0.13057999999999997 0.37050000000000005
0.1281945833333333 0.3955
0.10580541666666668 0.3955
4

ILD1b3
4
0.9674199999999998 0.37050000000000005
1.10258 0.37050000000000005
1.100194583333333 0.3955
0.9698054166666664 0.3955
4

ILD1b3
4
1.9394199999999997 0.37050000000000005
2.444 0.37050000000000005
2.444 0.3955
1.9418054166666665 0.3955
4

ILD1b1+ILD1b2
4
-0.95 0.2765
2.444 0.2765
2.444 0.37050000000000005
-0.95 0.37050000000000005
4

FOXA+FOXB+TOX
4
-0.95 0.001
2.444 0.001
2.444 0.2665
-0.95 0.2665
4.0

ILD1a
4
-0.95 0.2665
2.444 0.2665
2.444 0.2765
-0.95 0.2765
7.0

IMD2a
4
-0.95 0.4665
2.444 0.4665
2.444 0.4875
-0.95 0.4875
5.2

IMD2b
4
-0.95 0.4875
2.444 0.4875
2.444 0.5025
-0.95 0.5025
4.2

IMD2c
4
-0.95 0.5025
2.444 0.5025
2.444 0.5265
-0.95 0.5265
3.28

IMD2d1+IMD2d2
4
-0.95 0.5265
2.444 0.5265
2.444 0.6535
-0.95 0.6535
2.65

IMD3a
4
-0.95 0.6535
2.444 0.6535
2.444 0.6745
-0.95 0.6745
5.2

IMD3b
4
-0.95 0.6745
2.444 0.6745
2.444 0.6895
-0.95 0.6895
4.2

IMD3c
4
-0.95 0.6895
2.444 0.6895
2.444 0.7135
-0.95 0.7135
3.28

IMD3d1+IMD3d2
4
-0.95 0.7135
2.444 0.7135
2.444 0.8405
-0.95 0.8405
2.65

IMD4a
4
-0.95 0.8405
2.444 0.8405
2.444 0.8615
-0.95 0.8615
5.2

IMD4b
4
-0.95 0.8615
2.444 0.8615
2.444 0.8765
-0.95 0.8765
4.2

IMD4c
4
-0.95 0.8765
2.444 0.8765
2.444 0.9005
-0.95 0.9005
3.28

IMD4d1+IMD4d2
4
-0.95 0.9005
2.444 0.9005
2.444 1.0275
-0.95 1.0275
2.65

IMD5a
4
-0.95 1.0275
2.444 1.0275
2.444 1.0485
-0.95 1.0485
5.2

IMD5b
4
-0.95 1.0485
2.444 1.0485
2.444 1.0635
-0.95 1.0635
4.2

IMD5c
4
-0.95 1.0635
2.444 1.0635
2.444 1.0875
-0.95 1.0875
3.28

IMD5d1+IMD5d2
4
-0.95 1.0875
2.444 1.0875
2.444 1.2145
-0.95 1.2145
2.65

IMD6a
4
-0.95 1.2145
2.444 1.2145
2.444 1.2355
-0.95 1.2355
5.2

IMD6b
4
-0.95 1.2355
2.444 1.2355
2.444 1.2505
-0.95 1.2505
4.2

IMD6c
4
-0.95 1.2505
2.444 1.2505
2.444 1.2745
-0.95 1.2745
3.28

IMD6d1+IMD6d2
4
-0.95 1.2745
2.444 1.2745
2.444 1.4015
-0.95 1.4015
2.65

IMD7a
4
-0.95 1.4015
2.444 1.4015
2.444 1.4765
-0.95 1.4765
5.2

IMD7b1+IMD7b2
4
-0.95 1.4765
2.444 1.4765
2.444 2.9765
-0.95 2.9765
4.2

IMD8a
4
-0.95 2.9765
2.444 2.9765
2.444 3.0515
-0.95 3.0515
5.2

IMD8b1+IMD8b2
4
-0.95 3.0515
2.444 3.0515
2.444 4.5515
-0.95 4.5515
4.2

PASS1
4
-0.95 4.5515
2.444 4.5515
2.444 4.6265
-0.95 4.6265
7.0

PASS2
4
-0.95 4.6265
2.444 4.6265
2.444 5.0265
-0.95 5.0265
4.2

PASS3
4
-0.95 5.0265
2.444 5.0265
2.444 5.1015
-0.95 5.1015
7.0

PASS4+PASS5
4
-0.95 5.1015
2.444 5.1015
2.444 6.0515
-0.95 6.0515
4.2

PASS6
4
-0.95 6.0515
2.444 6.0515
2.444 6.6515
-0.95 6.6515
7.0

air_Layer
4
-0.95 6.6515
2.444 6.6515
2.444 6.9485
-0.95 6.9485
1.0


4
-0.95 0.001
2.444 0.001
2.444 6.9485
-0.95 6.9485

