c1
4
-0.060009999999999994 0.7415
0.060009999999999994 0.7415
0.06599 0.8405
-0.06599 0.8405

5
botleft
4
-0.815 -0.001
0 -0.001
0 0.001
-0.815 0.001

botright
4
0 -0.001
3.2539999999999996 -0.001
3.2539999999999996 0.001
0 0.001

lEnv
4
-0.31201 0.7415
-0.19199 0.7415
-0.18600999999999998 0.8405
-0.31799 0.8405

c2
4
0.66899 0.7415
1.6440099999999997 0.7415
1.6499899999999998 0.8405
0.66301 0.8405

rEnv
4
1.7759899999999997 0.7415
2.7510099999999995 0.7415
2.7569899999999996 0.8405
1.7700099999999996 0.8405


57
IMD3d1_damage
4
-0.321424 0.7315
-0.18257599999999996 0.7315
-0.18197199999999997 0.7415
-0.322028 0.7415
3.1

IMD3d1_damage
4
-0.069424 0.7315
0.069424 0.7315
0.07002799999999999 0.7415
-0.07002799999999999 0.7415
3.1

IMD3d1_damage
4
0.659576 0.7315
1.6534239999999998 0.7315
1.6540279999999998 0.7415
0.658972 0.7415
3.1

IMD3d1_damage
4
1.7665759999999997 0.7315
2.7604239999999995 0.7315
2.7610279999999996 0.7415
1.7659719999999997 0.7415
3.1

IMD3d2_damage
4
-0.317019 0.7415
-0.31201 0.7415
-0.31799 0.8405
-0.322999 0.8405
2.9

IMD3d2_damage
4
-0.19199 0.7415
-0.18698099999999998 0.7415
-0.18100099999999997 0.8405
-0.18600999999999998 0.8405
2.9

IMD3d2_damage
4
-0.065019 0.7415
-0.060009999999999994 0.7415
-0.06599 0.8405
-0.07099899999999999 0.8405
2.9

IMD3d2_damage
4
0.060009999999999994 0.7415
0.065019 0.7415
0.07099899999999999 0.8405
0.06599 0.8405
2.9

IMD3d2_damage
4
0.6639809999999999 0.7415
0.66899 0.7415
0.66301 0.8405
0.658001 0.8405
2.9

IMD3d2_damage
4
1.6440099999999997 0.7415
1.6490189999999998 0.7415
1.6549989999999999 0.8405
1.6499899999999998 0.8405
2.9

IMD3d2_damage
4
1.7709809999999997 0.7415
1.7759899999999997 0.7415
1.7700099999999996 0.8405
1.7650009999999996 0.8405
2.9

IMD3d2_damage
4
2.7510099999999995 0.7415
2.7560189999999993 0.7415
2.7619989999999994 0.8405
2.7569899999999996 0.8405
2.9

IMD3d2
4
-0.815 0.7415
-0.317019 0.7415
-0.322999 0.8405
-0.815 0.8405
2.65

IMD3d2
4
-0.18698099999999998 0.7415
-0.065019 0.7415
-0.07099899999999999 0.8405
-0.18100099999999997 0.8405
2.65

IMD3d2
4
0.065019 0.7415
0.6639809999999999 0.7415
0.658001 0.8405
0.07099899999999999 0.8405
2.65

IMD3d2
4
1.6490189999999998 0.7415
1.7709809999999997 0.7415
1.7650009999999996 0.8405
1.6549989999999999 0.8405
2.65

IMD3d2
4
2.7560189999999993 0.7415
3.2539999999999996 0.7415
3.2539999999999996 0.8405
2.7619989999999994 0.8405
2.65

IMD3d1
4
-0.815 0.7315
-0.321424 0.7315
-0.322028 0.7415
-0.815 0.7415
2.65

IMD3d1
4
-0.18257599999999996 0.7315
-0.069424 0.7315
-0.07002799999999999 0.7415
-0.18197199999999997 0.7415
2.65

IMD3d1
4
0.069424 0.7315
0.659576 0.7315
0.658972 0.7415
0.07002799999999999 0.7415
2.65

IMD3d1
4
1.6534239999999998 0.7315
1.7665759999999997 0.7315
1.7659719999999997 0.7415
1.6540279999999998 0.7415
2.65

IMD3d1
4
2.7604239999999995 0.7315
3.2539999999999996 0.7315
3.2539999999999996 0.7415
2.7610279999999996 0.7415
2.65

IMD3d1
4
-0.815 0.7135
3.2539999999999996 0.7135
3.2539999999999996 0.7315
-0.815 0.7315
2.65

FOXA+FOXB+TOX
4
-0.815 0.001
3.2539999999999996 0.001
3.2539999999999996 0.2665
-0.815 0.2665
4.0

ILD1a
4
-0.815 0.2665
3.2539999999999996 0.2665
3.2539999999999996 0.2765
-0.815 0.2765
7.0

ILD1b1+ILD1b2+ILD1b3
4
-0.815 0.2765
3.2539999999999996 0.2765
3.2539999999999996 0.3955
-0.815 0.3955
4.0

IMD1a
4
-0.815 0.3955
3.2539999999999996 0.3955
3.2539999999999996 0.4065
-0.815 0.4065
5.2

IMD1b
4
-0.815 0.4065
3.2539999999999996 0.4065
3.2539999999999996 0.4665
-0.815 0.4665
2.8

IMD2a
4
-0.815 0.4665
3.2539999999999996 0.4665
3.2539999999999996 0.4875
-0.815 0.4875
5.2

IMD2b
4
-0.815 0.4875
3.2539999999999996 0.4875
3.2539999999999996 0.5025
-0.815 0.5025
4.2

IMD2c
4
-0.815 0.5025
3.2539999999999996 0.5025
3.2539999999999996 0.5265
-0.815 0.5265
3.28

IMD2d1+IMD2d2
4
-0.815 0.5265
3.2539999999999996 0.5265
3.2539999999999996 0.6535
-0.815 0.6535
2.65

IMD3a
4
-0.815 0.6535
3.2539999999999996 0.6535
3.2539999999999996 0.6745
-0.815 0.6745
5.2

IMD3b
4
-0.815 0.6745
3.2539999999999996 0.6745
3.2539999999999996 0.6895
-0.815 0.6895
4.2

IMD3c
4
-0.815 0.6895
3.2539999999999996 0.6895
3.2539999999999996 0.7135
-0.815 0.7135
3.28

IMD4a
4
-0.815 0.8405
3.2539999999999996 0.8405
3.2539999999999996 0.8615
-0.815 0.8615
5.2

IMD4b
4
-0.815 0.8615
3.2539999999999996 0.8615
3.2539999999999996 0.8765
-0.815 0.8765
4.2

IMD4c
4
-0.815 0.8765
3.2539999999999996 0.8765
3.2539999999999996 0.9005
-0.815 0.9005
3.28

IMD4d1+IMD4d2
4
-0.815 0.9005
3.2539999999999996 0.9005
3.2539999999999996 1.0275
-0.815 1.0275
2.65

IMD5a
4
-0.815 1.0275
3.2539999999999996 1.0275
3.2539999999999996 1.0485
-0.815 1.0485
5.2

IMD5b
4
-0.815 1.0485
3.2539999999999996 1.0485
3.2539999999999996 1.0635
-0.815 1.0635
4.2

IMD5c
4
-0.815 1.0635
3.2539999999999996 1.0635
3.2539999999999996 1.0875
-0.815 1.0875
3.28

IMD5d1+IMD5d2
4
-0.815 1.0875
3.2539999999999996 1.0875
3.2539999999999996 1.2145
-0.815 1.2145
2.65

IMD6a
4
-0.815 1.2145
3.2539999999999996 1.2145
3.2539999999999996 1.2355
-0.815 1.2355
5.2

IMD6b
4
-0.815 1.2355
3.2539999999999996 1.2355
3.2539999999999996 1.2505
-0.815 1.2505
4.2

IMD6c
4
-0.815 1.2505
3.2539999999999996 1.2505
3.2539999999999996 1.2745
-0.815 1.2745
3.28

IMD6d1+IMD6d2
4
-0.815 1.2745
3.2539999999999996 1.2745
3.2539999999999996 1.4015
-0.815 1.4015
2.65

IMD7a
4
-0.815 1.4015
3.2539999999999996 1.4015
3.2539999999999996 1.4765
-0.815 1.4765
5.2

IMD7b1+IMD7b2
4
-0.815 1.4765
3.2539999999999996 1.4765
3.2539999999999996 2.9765
-0.815 2.9765
4.2

IMD8a
4
-0.815 2.9765
3.2539999999999996 2.9765
3.2539999999999996 3.0515
-0.815 3.0515
5.2

IMD8b1+IMD8b2
4
-0.815 3.0515
3.2539999999999996 3.0515
3.2539999999999996 4.5515
-0.815 4.5515
4.2

PASS1
4
-0.815 4.5515
3.2539999999999996 4.5515
3.2539999999999996 4.6265
-0.815 4.6265
7.0

PASS2
4
-0.815 4.6265
3.2539999999999996 4.6265
3.2539999999999996 5.0265
-0.815 5.0265
4.2

PASS3
4
-0.815 5.0265
3.2539999999999996 5.0265
3.2539999999999996 5.1015
-0.815 5.1015
7.0

PASS4+PASS5
4
-0.815 5.1015
3.2539999999999996 5.1015
3.2539999999999996 6.0515
-0.815 6.0515
4.2

PASS6
4
-0.815 6.0515
3.2539999999999996 6.0515
3.2539999999999996 6.6515
-0.815 6.6515
7.0

air_Layer
4
-0.815 6.6515
3.2539999999999996 6.6515
3.2539999999999996 6.9485
-0.815 6.9485
1.0


4
-0.815 0.001
3.2539999999999996 0.001
3.2539999999999996 6.9485
-0.815 6.9485

