c1
4
-0.15000999999999995 0.9285000000000001
0.15001000000000006 0.9285000000000001
0.15599000000000007 1.0275
-0.15598999999999996 1.0275

5
botleft
4
-1.265 -0.001
0 -0.001
0 0.001
-1.265 0.001

botright
4
0 -0.001
2.939 -0.001
2.939 0.001
0 0.001

lEnv
4
-0.76201 0.9285000000000001
-0.46198999999999996 0.9285000000000001
-0.45600999999999997 1.0275
-0.76799 1.0275

c2
4
0.17399000000000012 0.9285000000000001
1.1490099999999999 0.9285000000000001
1.15499 1.0275
0.1680100000000001 1.0275

rEnv
4
1.46099 0.9285000000000001
2.4360099999999996 0.9285000000000001
2.4419899999999997 1.0275
1.45501 1.0275


57
IMD4d1_damage
4
-0.7714239999999999 0.9185000000000001
-0.452576 0.9185000000000001
-0.451972 0.9285000000000001
-0.7720279999999999 0.9285000000000001
3.1

IMD4d1_damage
4
-0.15942399999999995 0.9185000000000001
0.15942400000000007 0.9185000000000001
0.16002800000000006 0.9285000000000001
-0.16002799999999995 0.9285000000000001
3.1

IMD4d1_damage
4
0.1645760000000001 0.9185000000000001
1.158424 0.9185000000000001
1.159028 0.9285000000000001
0.16397200000000012 0.9285000000000001
3.1

IMD4d1_damage
4
1.451576 0.9185000000000001
2.4454239999999996 0.9185000000000001
2.4460279999999996 0.9285000000000001
1.450972 0.9285000000000001
3.1

IMD4d2_damage
4
-0.767019 0.9285000000000001
-0.76201 0.9285000000000001
-0.76799 1.0275
-0.772999 1.0275
2.9

IMD4d2_damage
4
-0.46198999999999996 0.9285000000000001
-0.45698099999999997 0.9285000000000001
-0.451001 1.0275
-0.45600999999999997 1.0275
2.9

IMD4d2_damage
4
-0.15501899999999996 0.9285000000000001
-0.15000999999999995 0.9285000000000001
-0.15598999999999996 1.0275
-0.16099899999999998 1.0275
2.9

IMD4d2_damage
4
0.15001000000000006 0.9285000000000001
0.15501900000000007 0.9285000000000001
0.1609990000000001 1.0275
0.15599000000000007 1.0275
2.9

IMD4d2_damage
4
0.1689810000000001 0.9285000000000001
0.17399000000000012 0.9285000000000001
0.1680100000000001 1.0275
0.1630010000000001 1.0275
2.9

IMD4d2_damage
4
1.1490099999999999 0.9285000000000001
1.154019 0.9285000000000001
1.159999 1.0275
1.15499 1.0275
2.9

IMD4d2_damage
4
1.455981 0.9285000000000001
1.46099 0.9285000000000001
1.45501 1.0275
1.4500009999999999 1.0275
2.9

IMD4d2_damage
4
2.4360099999999996 0.9285000000000001
2.4410189999999994 0.9285000000000001
2.4469989999999995 1.0275
2.4419899999999997 1.0275
2.9

IMD4d2
4
-1.265 0.9285000000000001
-0.767019 0.9285000000000001
-0.772999 1.0275
-1.265 1.0275
2.65

IMD4d2
4
-0.45698099999999997 0.9285000000000001
-0.15501899999999996 0.9285000000000001
-0.16099899999999998 1.0275
-0.451001 1.0275
2.65

IMD4d2
4
0.15501900000000007 0.9285000000000001
0.1689810000000001 0.9285000000000001
0.1630010000000001 1.0275
0.1609990000000001 1.0275
2.65

IMD4d2
4
1.154019 0.9285000000000001
1.455981 0.9285000000000001
1.4500009999999999 1.0275
1.159999 1.0275
2.65

IMD4d2
4
2.4410189999999994 0.9285000000000001
2.939 0.9285000000000001
2.939 1.0275
2.4469989999999995 1.0275
2.65

IMD4d1
4
-1.265 0.9185000000000001
-0.7714239999999999 0.9185000000000001
-0.7720279999999999 0.9285000000000001
-1.265 0.9285000000000001
2.65

IMD4d1
4
-0.452576 0.9185000000000001
-0.15942399999999995 0.9185000000000001
-0.16002799999999995 0.9285000000000001
-0.451972 0.9285000000000001
2.65

IMD4d1
4
0.15942400000000007 0.9185000000000001
0.1645760000000001 0.9185000000000001
0.16397200000000012 0.9285000000000001
0.16002800000000006 0.9285000000000001
2.65

IMD4d1
4
1.158424 0.9185000000000001
1.451576 0.9185000000000001
1.450972 0.9285000000000001
1.159028 0.9285000000000001
2.65

IMD4d1
4
2.4454239999999996 0.9185000000000001
2.939 0.9185000000000001
2.939 0.9285000000000001
2.4460279999999996 0.9285000000000001
2.65

IMD4d1
4
-1.265 0.9005
2.939 0.9005
2.939 0.9185000000000001
-1.265 0.9185000000000001
2.65

FOXA+FOXB+TOX
4
-1.265 0.001
2.939 0.001
2.939 0.2665
-1.265 0.2665
4.0

ILD1a
4
-1.265 0.2665
2.939 0.2665
2.939 0.2765
-1.265 0.2765
7.0

ILD1b1+ILD1b2+ILD1b3
4
-1.265 0.2765
2.939 0.2765
2.939 0.3955
-1.265 0.3955
4.0

IMD1a
4
-1.265 0.3955
2.939 0.3955
2.939 0.4065
-1.265 0.4065
5.2

IMD1b
4
-1.265 0.4065
2.939 0.4065
2.939 0.4665
-1.265 0.4665
2.8

IMD2a
4
-1.265 0.4665
2.939 0.4665
2.939 0.4875
-1.265 0.4875
5.2

IMD2b
4
-1.265 0.4875
2.939 0.4875
2.939 0.5025
-1.265 0.5025
4.2

IMD2c
4
-1.265 0.5025
2.939 0.5025
2.939 0.5265
-1.265 0.5265
3.28

IMD2d1+IMD2d2
4
-1.265 0.5265
2.939 0.5265
2.939 0.6535
-1.265 0.6535
2.65

IMD3a
4
-1.265 0.6535
2.939 0.6535
2.939 0.6745
-1.265 0.6745
5.2

IMD3b
4
-1.265 0.6745
2.939 0.6745
2.939 0.6895
-1.265 0.6895
4.2

IMD3c
4
-1.265 0.6895
2.939 0.6895
2.939 0.7135
-1.265 0.7135
3.28

IMD3d1+IMD3d2
4
-1.265 0.7135
2.939 0.7135
2.939 0.8405
-1.265 0.8405
2.65

IMD4a
4
-1.265 0.8405
2.939 0.8405
2.939 0.8615
-1.265 0.8615
5.2

IMD4b
4
-1.265 0.8615
2.939 0.8615
2.939 0.8765
-1.265 0.8765
4.2

IMD4c
4
-1.265 0.8765
2.939 0.8765
2.939 0.9005
-1.265 0.9005
3.28

IMD5a
4
-1.265 1.0275
2.939 1.0275
2.939 1.0485
-1.265 1.0485
5.2

IMD5b
4
-1.265 1.0485
2.939 1.0485
2.939 1.0635
-1.265 1.0635
4.2

IMD5c
4
-1.265 1.0635
2.939 1.0635
2.939 1.0875
-1.265 1.0875
3.28

IMD5d1+IMD5d2
4
-1.265 1.0875
2.939 1.0875
2.939 1.2145
-1.265 1.2145
2.65

IMD6a
4
-1.265 1.2145
2.939 1.2145
2.939 1.2355
-1.265 1.2355
5.2

IMD6b
4
-1.265 1.2355
2.939 1.2355
2.939 1.2505
-1.265 1.2505
4.2

IMD6c
4
-1.265 1.2505
2.939 1.2505
2.939 1.2745
-1.265 1.2745
3.28

IMD6d1+IMD6d2
4
-1.265 1.2745
2.939 1.2745
2.939 1.4015
-1.265 1.4015
2.65

IMD7a
4
-1.265 1.4015
2.939 1.4015
2.939 1.4765
-1.265 1.4765
5.2

IMD7b1+IMD7b2
4
-1.265 1.4765
2.939 1.4765
2.939 2.9765
-1.265 2.9765
4.2

IMD8a
4
-1.265 2.9765
2.939 2.9765
2.939 3.0515
-1.265 3.0515
5.2

IMD8b1+IMD8b2
4
-1.265 3.0515
2.939 3.0515
2.939 4.5515
-1.265 4.5515
4.2

PASS1
4
-1.265 4.5515
2.939 4.5515
2.939 4.6265
-1.265 4.6265
7.0

PASS2
4
-1.265 4.6265
2.939 4.6265
2.939 5.0265
-1.265 5.0265
4.2

PASS3
4
-1.265 5.0265
2.939 5.0265
2.939 5.1015
-1.265 5.1015
7.0

PASS4+PASS5
4
-1.265 5.1015
2.939 5.1015
2.939 6.0515
-1.265 6.0515
4.2

PASS6
4
-1.265 6.0515
2.939 6.0515
2.939 6.6515
-1.265 6.6515
7.0

air_Layer
4
-1.265 6.6515
2.939 6.6515
2.939 6.9485
-1.265 6.9485
1.0


4
-1.265 0.001
2.939 0.001
2.939 6.9485
-1.265 6.9485

