c1
4
-0.05841999999999997 0.37050000000000005
0.05842000000000003 0.37050000000000005
0.06758000000000003 0.4665
-0.06757999999999997 0.4665

5
botleft
4
-0.815 -0.001
0 -0.001
0 0.001
-0.815 0.001

botright
4
0 -0.001
2.0839999999999996 -0.001
2.0839999999999996 0.001
0 0.001

lEnv
4
-0.31042 0.37050000000000005
-0.19357999999999997 0.37050000000000005
-0.18441999999999997 0.4665
-0.31958 0.4665

c2
4
0.31058 0.37050000000000005
0.87742 0.37050000000000005
0.8865799999999999 0.4665
0.30142 0.4665

rEnv
4
1.01258 0.37050000000000005
1.5794199999999998 0.37050000000000005
1.5885799999999999 0.4665
1.00342 0.4665


48
IMD1b
4
-0.815 0.40650000000000003
-0.313855 0.40650000000000003
-0.31958 0.4665
-0.815 0.4665
2.8

IMD1b
4
-0.19014499999999998 0.40650000000000003
-0.06185499999999997 0.40650000000000003
-0.06757999999999997 0.4665
-0.18441999999999997 0.4665
2.8

IMD1b
4
0.06185500000000003 0.40650000000000003
0.307145 0.40650000000000003
0.30142 0.4665
0.06758000000000003 0.4665
2.8

IMD1b
4
0.8808549999999999 0.40650000000000003
1.009145 0.40650000000000003
1.00342 0.4665
0.8865799999999999 0.4665
2.8

IMD1b
4
1.582855 0.40650000000000003
2.0839999999999996 0.40650000000000003
2.0839999999999996 0.4665
1.5885799999999999 0.4665
2.8

IMD1a
4
-0.815 0.3955
-0.31280541666666667 0.3955
-0.313855 0.40650000000000003
-0.815 0.40650000000000003
5.2

IMD1a
4
-0.1911945833333333 0.3955
-0.06080541666666664 0.3955
-0.06185499999999997 0.40650000000000003
-0.19014499999999998 0.40650000000000003
5.2

IMD1a
4
0.060805416666666695 0.3955
0.3081945833333333 0.3955
0.307145 0.40650000000000003
0.06185500000000003 0.40650000000000003
5.2

IMD1a
4
0.8798054166666666 0.3955
1.0101945833333332 0.3955
1.009145 0.40650000000000003
0.8808549999999999 0.40650000000000003
5.2

IMD1a
4
1.5818054166666666 0.3955
2.0839999999999996 0.3955
2.0839999999999996 0.40650000000000003
1.582855 0.40650000000000003
5.2

ILD1b3
4
-0.815 0.37050000000000005
-0.31042 0.37050000000000005
-0.31280541666666667 0.3955
-0.815 0.3955
4

ILD1b3
4
-0.19357999999999997 0.37050000000000005
-0.05841999999999997 0.37050000000000005
-0.06080541666666664 0.3955
-0.1911945833333333 0.3955
4

ILD1b3
4
0.05842000000000003 0.37050000000000005
0.31058 0.37050000000000005
0.3081945833333333 0.3955
0.060805416666666695 0.3955
4

ILD1b3
4
0.87742 0.37050000000000005
1.01258 0.37050000000000005
1.0101945833333332 0.3955
0.8798054166666666 0.3955
4

ILD1b3
4
1.5794199999999998 0.37050000000000005
2.0839999999999996 0.37050000000000005
2.0839999999999996 0.3955
1.5818054166666666 0.3955
4

ILD1b1+ILD1b2
4
-0.815 0.2765
2.0839999999999996 0.2765
2.0839999999999996 0.37050000000000005
-0.815 0.37050000000000005
4

FOXA+FOXB+TOX
4
-0.815 0.001
2.0839999999999996 0.001
2.0839999999999996 0.2665
-0.815 0.2665
4.0

ILD1a
4
-0.815 0.2665
2.0839999999999996 0.2665
2.0839999999999996 0.2765
-0.815 0.2765
7.0

IMD2a
4
-0.815 0.4665
2.0839999999999996 0.4665
2.0839999999999996 0.4875
-0.815 0.4875
5.2

IMD2b
4
-0.815 0.4875
2.0839999999999996 0.4875
2.0839999999999996 0.5025
-0.815 0.5025
4.2

IMD2c
4
-0.815 0.5025
2.0839999999999996 0.5025
2.0839999999999996 0.5265
-0.815 0.5265
3.28

IMD2d1+IMD2d2
4
-0.815 0.5265
2.0839999999999996 0.5265
2.0839999999999996 0.6535
-0.815 0.6535
2.65

IMD3a
4
-0.815 0.6535
2.0839999999999996 0.6535
2.0839999999999996 0.6745
-0.815 0.6745
5.2

IMD3b
4
-0.815 0.6745
2.0839999999999996 0.6745
2.0839999999999996 0.6895
-0.815 0.6895
4.2

IMD3c
4
-0.815 0.6895
2.0839999999999996 0.6895
2.0839999999999996 0.7135
-0.815 0.7135
3.28

IMD3d1+IMD3d2
4
-0.815 0.7135
2.0839999999999996 0.7135
2.0839999999999996 0.8405
-0.815 0.8405
2.65

IMD4a
4
-0.815 0.8405
2.0839999999999996 0.8405
2.0839999999999996 0.8615
-0.815 0.8615
5.2

IMD4b
4
-0.815 0.8615
2.0839999999999996 0.8615
2.0839999999999996 0.8765
-0.815 0.8765
4.2

IMD4c
4
-0.815 0.8765
2.0839999999999996 0.8765
2.0839999999999996 0.9005
-0.815 0.9005
3.28

IMD4d1+IMD4d2
4
-0.815 0.9005
2.0839999999999996 0.9005
2.0839999999999996 1.0275
-0.815 1.0275
2.65

IMD5a
4
-0.815 1.0275
2.0839999999999996 1.0275
2.0839999999999996 1.0485
-0.815 1.0485
5.2

IMD5b
4
-0.815 1.0485
2.0839999999999996 1.0485
2.0839999999999996 1.0635
-0.815 1.0635
4.2

IMD5c
4
-0.815 1.0635
2.0839999999999996 1.0635
2.0839999999999996 1.0875
-0.815 1.0875
3.28

IMD5d1+IMD5d2
4
-0.815 1.0875
2.0839999999999996 1.0875
2.0839999999999996 1.2145
-0.815 1.2145
2.65

IMD6a
4
-0.815 1.2145
2.0839999999999996 1.2145
2.0839999999999996 1.2355
-0.815 1.2355
5.2

IMD6b
4
-0.815 1.2355
2.0839999999999996 1.2355
2.0839999999999996 1.2505
-0.815 1.2505
4.2

IMD6c
4
-0.815 1.2505
2.0839999999999996 1.2505
2.0839999999999996 1.2745
-0.815 1.2745
3.28

IMD6d1+IMD6d2
4
-0.815 1.2745
2.0839999999999996 1.2745
2.0839999999999996 1.4015
-0.815 1.4015
2.65

IMD7a
4
-0.815 1.4015
2.0839999999999996 1.4015
2.0839999999999996 1.4765
-0.815 1.4765
5.2

IMD7b1+IMD7b2
4
-0.815 1.4765
2.0839999999999996 1.4765
2.0839999999999996 2.9765
-0.815 2.9765
4.2

IMD8a
4
-0.815 2.9765
2.0839999999999996 2.9765
2.0839999999999996 3.0515
-0.815 3.0515
5.2

IMD8b1+IMD8b2
4
-0.815 3.0515
2.0839999999999996 3.0515
2.0839999999999996 4.5515
-0.815 4.5515
4.2

PASS1
4
-0.815 4.5515
2.0839999999999996 4.5515
2.0839999999999996 4.6265
-0.815 4.6265
7.0

PASS2
4
-0.815 4.6265
2.0839999999999996 4.6265
2.0839999999999996 5.0265
-0.815 5.0265
4.2

PASS3
4
-0.815 5.0265
2.0839999999999996 5.0265
2.0839999999999996 5.1015
-0.815 5.1015
7.0

PASS4+PASS5
4
-0.815 5.1015
2.0839999999999996 5.1015
2.0839999999999996 6.0515
-0.815 6.0515
4.2

PASS6
4
-0.815 6.0515
2.0839999999999996 6.0515
2.0839999999999996 6.6515
-0.815 6.6515
7.0

air_Layer
4
-0.815 6.6515
2.0839999999999996 6.6515
2.0839999999999996 6.9485
-0.815 6.9485
1.0


4
-0.815 0.001
2.0839999999999996 0.001
2.0839999999999996 6.9485
-0.815 6.9485

