c1
4
-0.41841999999999985 0.37050000000000005
0.41841999999999985 0.37050000000000005
0.42757999999999985 0.4665
-0.42757999999999985 0.4665

5
botleft
4
-2.165 -0.001
0 -0.001
0 0.001
-2.165 0.001

botright
4
0 -0.001
3.2990000000000004 -0.001
3.2990000000000004 0.001
0 0.001

lEnv
4
-1.6604199999999998 0.37050000000000005
-0.8235799999999999 0.37050000000000005
-0.8144199999999999 0.4665
-1.6695799999999998 0.4665

c2
4
0.98558 0.37050000000000005
1.68742 0.37050000000000005
1.69658 0.4665
0.9764200000000001 0.4665

rEnv
4
2.09258 0.37050000000000005
2.79442 0.37050000000000005
2.80358 0.4665
2.08342 0.4665


48
IMD1b
4
-2.165 0.40650000000000003
-1.6638549999999999 0.40650000000000003
-1.6695799999999998 0.4665
-2.165 0.4665
2.8

IMD1b
4
-0.8201449999999999 0.40650000000000003
-0.42185499999999987 0.40650000000000003
-0.42757999999999985 0.4665
-0.8144199999999999 0.4665
2.8

IMD1b
4
0.42185499999999987 0.40650000000000003
0.982145 0.40650000000000003
0.9764200000000001 0.4665
0.42757999999999985 0.4665
2.8

IMD1b
4
1.690855 0.40650000000000003
2.089145 0.40650000000000003
2.08342 0.4665
1.69658 0.4665
2.8

IMD1b
4
2.797855 0.40650000000000003
3.2990000000000004 0.40650000000000003
3.2990000000000004 0.4665
2.80358 0.4665
2.8

IMD1a
4
-2.165 0.3955
-1.6628054166666666 0.3955
-1.6638549999999999 0.40650000000000003
-2.165 0.40650000000000003
5.2

IMD1a
4
-0.8211945833333333 0.3955
-0.42080541666666654 0.3955
-0.42185499999999987 0.40650000000000003
-0.8201449999999999 0.40650000000000003
5.2

IMD1a
4
0.42080541666666654 0.3955
0.9831945833333334 0.3955
0.982145 0.40650000000000003
0.42185499999999987 0.40650000000000003
5.2

IMD1a
4
1.6898054166666667 0.3955
2.090194583333333 0.3955
2.089145 0.40650000000000003
1.690855 0.40650000000000003
5.2

IMD1a
4
2.796805416666667 0.3955
3.2990000000000004 0.3955
3.2990000000000004 0.40650000000000003
2.797855 0.40650000000000003
5.2

ILD1b3
4
-2.165 0.37050000000000005
-1.6604199999999998 0.37050000000000005
-1.6628054166666666 0.3955
-2.165 0.3955
4

ILD1b3
4
-0.8235799999999999 0.37050000000000005
-0.41841999999999985 0.37050000000000005
-0.42080541666666654 0.3955
-0.8211945833333333 0.3955
4

ILD1b3
4
0.41841999999999985 0.37050000000000005
0.98558 0.37050000000000005
0.9831945833333334 0.3955
0.42080541666666654 0.3955
4

ILD1b3
4
1.68742 0.37050000000000005
2.09258 0.37050000000000005
2.090194583333333 0.3955
1.6898054166666667 0.3955
4

ILD1b3
4
2.79442 0.37050000000000005
3.2990000000000004 0.37050000000000005
3.2990000000000004 0.3955
2.796805416666667 0.3955
4

ILD1b1+ILD1b2
4
-2.165 0.2765
3.2990000000000004 0.2765
3.2990000000000004 0.37050000000000005
-2.165 0.37050000000000005
4

FOXA+FOXB+TOX
4
-2.165 0.001
3.2990000000000004 0.001
3.2990000000000004 0.2665
-2.165 0.2665
4.0

ILD1a
4
-2.165 0.2665
3.2990000000000004 0.2665
3.2990000000000004 0.2765
-2.165 0.2765
7.0

IMD2a
4
-2.165 0.4665
3.2990000000000004 0.4665
3.2990000000000004 0.4875
-2.165 0.4875
5.2

IMD2b
4
-2.165 0.4875
3.2990000000000004 0.4875
3.2990000000000004 0.5025
-2.165 0.5025
4.2

IMD2c
4
-2.165 0.5025
3.2990000000000004 0.5025
3.2990000000000004 0.5265
-2.165 0.5265
3.28

IMD2d1+IMD2d2
4
-2.165 0.5265
3.2990000000000004 0.5265
3.2990000000000004 0.6535
-2.165 0.6535
2.65

IMD3a
4
-2.165 0.6535
3.2990000000000004 0.6535
3.2990000000000004 0.6745
-2.165 0.6745
5.2

IMD3b
4
-2.165 0.6745
3.2990000000000004 0.6745
3.2990000000000004 0.6895
-2.165 0.6895
4.2

IMD3c
4
-2.165 0.6895
3.2990000000000004 0.6895
3.2990000000000004 0.7135
-2.165 0.7135
3.28

IMD3d1+IMD3d2
4
-2.165 0.7135
3.2990000000000004 0.7135
3.2990000000000004 0.8405
-2.165 0.8405
2.65

IMD4a
4
-2.165 0.8405
3.2990000000000004 0.8405
3.2990000000000004 0.8615
-2.165 0.8615
5.2

IMD4b
4
-2.165 0.8615
3.2990000000000004 0.8615
3.2990000000000004 0.8765
-2.165 0.8765
4.2

IMD4c
4
-2.165 0.8765
3.2990000000000004 0.8765
3.2990000000000004 0.9005
-2.165 0.9005
3.28

IMD4d1+IMD4d2
4
-2.165 0.9005
3.2990000000000004 0.9005
3.2990000000000004 1.0275
-2.165 1.0275
2.65

IMD5a
4
-2.165 1.0275
3.2990000000000004 1.0275
3.2990000000000004 1.0485
-2.165 1.0485
5.2

IMD5b
4
-2.165 1.0485
3.2990000000000004 1.0485
3.2990000000000004 1.0635
-2.165 1.0635
4.2

IMD5c
4
-2.165 1.0635
3.2990000000000004 1.0635
3.2990000000000004 1.0875
-2.165 1.0875
3.28

IMD5d1+IMD5d2
4
-2.165 1.0875
3.2990000000000004 1.0875
3.2990000000000004 1.2145
-2.165 1.2145
2.65

IMD6a
4
-2.165 1.2145
3.2990000000000004 1.2145
3.2990000000000004 1.2355
-2.165 1.2355
5.2

IMD6b
4
-2.165 1.2355
3.2990000000000004 1.2355
3.2990000000000004 1.2505
-2.165 1.2505
4.2

IMD6c
4
-2.165 1.2505
3.2990000000000004 1.2505
3.2990000000000004 1.2745
-2.165 1.2745
3.28

IMD6d1+IMD6d2
4
-2.165 1.2745
3.2990000000000004 1.2745
3.2990000000000004 1.4015
-2.165 1.4015
2.65

IMD7a
4
-2.165 1.4015
3.2990000000000004 1.4015
3.2990000000000004 1.4765
-2.165 1.4765
5.2

IMD7b1+IMD7b2
4
-2.165 1.4765
3.2990000000000004 1.4765
3.2990000000000004 2.9765
-2.165 2.9765
4.2

IMD8a
4
-2.165 2.9765
3.2990000000000004 2.9765
3.2990000000000004 3.0515
-2.165 3.0515
5.2

IMD8b1+IMD8b2
4
-2.165 3.0515
3.2990000000000004 3.0515
3.2990000000000004 4.5515
-2.165 4.5515
4.2

PASS1
4
-2.165 4.5515
3.2990000000000004 4.5515
3.2990000000000004 4.6265
-2.165 4.6265
7.0

PASS2
4
-2.165 4.6265
3.2990000000000004 4.6265
3.2990000000000004 5.0265
-2.165 5.0265
4.2

PASS3
4
-2.165 5.0265
3.2990000000000004 5.0265
3.2990000000000004 5.1015
-2.165 5.1015
7.0

PASS4+PASS5
4
-2.165 5.1015
3.2990000000000004 5.1015
3.2990000000000004 6.0515
-2.165 6.0515
4.2

PASS6
4
-2.165 6.0515
3.2990000000000004 6.0515
3.2990000000000004 6.6515
-2.165 6.6515
7.0

air_Layer
4
-2.165 6.6515
3.2990000000000004 6.6515
3.2990000000000004 6.9485
-2.165 6.9485
1.0


4
-2.165 0.001
3.2990000000000004 0.001
3.2990000000000004 6.9485
-2.165 6.9485

