c1
4
-0.15000999999999995 1.3025
0.15000999999999995 1.3025
0.15598999999999996 1.4015
-0.15598999999999996 1.4015

5
botleft
4
-1.355 -0.001
0 -0.001
0 0.001
-1.355 0.001

botright
4
0 -0.001
2.9839999999999995 -0.001
2.9839999999999995 0.001
0 0.001

lEnv
4
-0.8520099999999999 1.3025
-0.5519899999999999 1.3025
-0.5460099999999999 1.4015
-0.8579899999999999 1.4015

c2
4
0.93899 1.3025
1.50901 1.3025
1.51499 1.4015
0.93301 1.4015

rEnv
4
1.91099 1.3025
2.4810099999999995 1.3025
2.4869899999999996 1.4015
1.9050099999999999 1.4015


57
IMD6d1_damage
4
-0.8614239999999999 1.2925
-0.542576 1.2925
-0.5419719999999999 1.3025
-0.8620279999999999 1.3025
3.1

IMD6d1_damage
4
-0.15942399999999995 1.2925
0.15942399999999995 1.2925
0.16002799999999995 1.3025
-0.16002799999999995 1.3025
3.1

IMD6d1_damage
4
0.9295760000000001 1.2925
1.518424 1.2925
1.519028 1.3025
0.928972 1.3025
3.1

IMD6d1_damage
4
1.901576 1.2925
2.4904239999999995 1.2925
2.4910279999999996 1.3025
1.9009719999999999 1.3025
3.1

IMD6d2_damage
4
-0.857019 1.3025
-0.8520099999999999 1.3025
-0.8579899999999999 1.4015
-0.862999 1.4015
2.9

IMD6d2_damage
4
-0.5519899999999999 1.3025
-0.5469809999999998 1.3025
-0.5410009999999998 1.4015
-0.5460099999999999 1.4015
2.9

IMD6d2_damage
4
-0.15501899999999996 1.3025
-0.15000999999999995 1.3025
-0.15598999999999996 1.4015
-0.16099899999999998 1.4015
2.9

IMD6d2_damage
4
0.15000999999999995 1.3025
0.15501899999999996 1.3025
0.16099899999999998 1.4015
0.15598999999999996 1.4015
2.9

IMD6d2_damage
4
0.933981 1.3025
0.93899 1.3025
0.93301 1.4015
0.928001 1.4015
2.9

IMD6d2_damage
4
1.50901 1.3025
1.514019 1.3025
1.519999 1.4015
1.51499 1.4015
2.9

IMD6d2_damage
4
1.905981 1.3025
1.91099 1.3025
1.9050099999999999 1.4015
1.9000009999999998 1.4015
2.9

IMD6d2_damage
4
2.4810099999999995 1.3025
2.4860189999999993 1.3025
2.4919989999999994 1.4015
2.4869899999999996 1.4015
2.9

IMD6d2
4
-1.355 1.3025
-0.857019 1.3025
-0.862999 1.4015
-1.355 1.4015
2.65

IMD6d2
4
-0.5469809999999998 1.3025
-0.15501899999999996 1.3025
-0.16099899999999998 1.4015
-0.5410009999999998 1.4015
2.65

IMD6d2
4
0.15501899999999996 1.3025
0.933981 1.3025
0.928001 1.4015
0.16099899999999998 1.4015
2.65

IMD6d2
4
1.514019 1.3025
1.905981 1.3025
1.9000009999999998 1.4015
1.519999 1.4015
2.65

IMD6d2
4
2.4860189999999993 1.3025
2.9839999999999995 1.3025
2.9839999999999995 1.4015
2.4919989999999994 1.4015
2.65

IMD6d1
4
-1.355 1.2925
-0.8614239999999999 1.2925
-0.8620279999999999 1.3025
-1.355 1.3025
2.65

IMD6d1
4
-0.542576 1.2925
-0.15942399999999995 1.2925
-0.16002799999999995 1.3025
-0.5419719999999999 1.3025
2.65

IMD6d1
4
0.15942399999999995 1.2925
0.9295760000000001 1.2925
0.928972 1.3025
0.16002799999999995 1.3025
2.65

IMD6d1
4
1.518424 1.2925
1.901576 1.2925
1.9009719999999999 1.3025
1.519028 1.3025
2.65

IMD6d1
4
2.4904239999999995 1.2925
2.9839999999999995 1.2925
2.9839999999999995 1.3025
2.4910279999999996 1.3025
2.65

IMD6d1
4
-1.355 1.2745
2.9839999999999995 1.2745
2.9839999999999995 1.2925
-1.355 1.2925
2.65

FOXA+FOXB+TOX
4
-1.355 0.001
2.9839999999999995 0.001
2.9839999999999995 0.2665
-1.355 0.2665
4.0

ILD1a
4
-1.355 0.2665
2.9839999999999995 0.2665
2.9839999999999995 0.2765
-1.355 0.2765
7.0

ILD1b1+ILD1b2+ILD1b3
4
-1.355 0.2765
2.9839999999999995 0.2765
2.9839999999999995 0.3955
-1.355 0.3955
4.0

IMD1a
4
-1.355 0.3955
2.9839999999999995 0.3955
2.9839999999999995 0.4065
-1.355 0.4065
5.2

IMD1b
4
-1.355 0.4065
2.9839999999999995 0.4065
2.9839999999999995 0.4665
-1.355 0.4665
2.8

IMD2a
4
-1.355 0.4665
2.9839999999999995 0.4665
2.9839999999999995 0.4875
-1.355 0.4875
5.2

IMD2b
4
-1.355 0.4875
2.9839999999999995 0.4875
2.9839999999999995 0.5025
-1.355 0.5025
4.2

IMD2c
4
-1.355 0.5025
2.9839999999999995 0.5025
2.9839999999999995 0.5265
-1.355 0.5265
3.28

IMD2d1+IMD2d2
4
-1.355 0.5265
2.9839999999999995 0.5265
2.9839999999999995 0.6535
-1.355 0.6535
2.65

IMD3a
4
-1.355 0.6535
2.9839999999999995 0.6535
2.9839999999999995 0.6745
-1.355 0.6745
5.2

IMD3b
4
-1.355 0.6745
2.9839999999999995 0.6745
2.9839999999999995 0.6895
-1.355 0.6895
4.2

IMD3c
4
-1.355 0.6895
2.9839999999999995 0.6895
2.9839999999999995 0.7135
-1.355 0.7135
3.28

IMD3d1+IMD3d2
4
-1.355 0.7135
2.9839999999999995 0.7135
2.9839999999999995 0.8405
-1.355 0.8405
2.65

IMD4a
4
-1.355 0.8405
2.9839999999999995 0.8405
2.9839999999999995 0.8615
-1.355 0.8615
5.2

IMD4b
4
-1.355 0.8615
2.9839999999999995 0.8615
2.9839999999999995 0.8765
-1.355 0.8765
4.2

IMD4c
4
-1.355 0.8765
2.9839999999999995 0.8765
2.9839999999999995 0.9005
-1.355 0.9005
3.28

IMD4d1+IMD4d2
4
-1.355 0.9005
2.9839999999999995 0.9005
2.9839999999999995 1.0275
-1.355 1.0275
2.65

IMD5a
4
-1.355 1.0275
2.9839999999999995 1.0275
2.9839999999999995 1.0485
-1.355 1.0485
5.2

IMD5b
4
-1.355 1.0485
2.9839999999999995 1.0485
2.9839999999999995 1.0635
-1.355 1.0635
4.2

IMD5c
4
-1.355 1.0635
2.9839999999999995 1.0635
2.9839999999999995 1.0875
-1.355 1.0875
3.28

IMD5d1+IMD5d2
4
-1.355 1.0875
2.9839999999999995 1.0875
2.9839999999999995 1.2145
-1.355 1.2145
2.65

IMD6a
4
-1.355 1.2145
2.9839999999999995 1.2145
2.9839999999999995 1.2355
-1.355 1.2355
5.2

IMD6b
4
-1.355 1.2355
2.9839999999999995 1.2355
2.9839999999999995 1.2505
-1.355 1.2505
4.2

IMD6c
4
-1.355 1.2505
2.9839999999999995 1.2505
2.9839999999999995 1.2745
-1.355 1.2745
3.28

IMD7a
4
-1.355 1.4015
2.9839999999999995 1.4015
2.9839999999999995 1.4765
-1.355 1.4765
5.2

IMD7b1+IMD7b2
4
-1.355 1.4765
2.9839999999999995 1.4765
2.9839999999999995 2.9765
-1.355 2.9765
4.2

IMD8a
4
-1.355 2.9765
2.9839999999999995 2.9765
2.9839999999999995 3.0515
-1.355 3.0515
5.2

IMD8b1+IMD8b2
4
-1.355 3.0515
2.9839999999999995 3.0515
2.9839999999999995 4.5515
-1.355 4.5515
4.2

PASS1
4
-1.355 4.5515
2.9839999999999995 4.5515
2.9839999999999995 4.6265
-1.355 4.6265
7.0

PASS2
4
-1.355 4.6265
2.9839999999999995 4.6265
2.9839999999999995 5.0265
-1.355 5.0265
4.2

PASS3
4
-1.355 5.0265
2.9839999999999995 5.0265
2.9839999999999995 5.1015
-1.355 5.1015
7.0

PASS4+PASS5
4
-1.355 5.1015
2.9839999999999995 5.1015
2.9839999999999995 6.0515
-1.355 6.0515
4.2

PASS6
4
-1.355 6.0515
2.9839999999999995 6.0515
2.9839999999999995 6.6515
-1.355 6.6515
7.0

air_Layer
4
-1.355 6.6515
2.9839999999999995 6.6515
2.9839999999999995 6.9485
-1.355 6.9485
1.0


4
-1.355 0.001
2.9839999999999995 0.001
2.9839999999999995 6.9485
-1.355 6.9485

