c1
4
-0.35091999999999995 0.37050000000000005
0.35091999999999995 0.37050000000000005
0.36007999999999996 0.4665
-0.36007999999999996 0.4665

5
botleft
4
-1.6925 -0.001
0 -0.001
0 0.001
-1.6925 0.001

botright
4
0 -0.001
2.3765 -0.001
2.3765 0.001
0 0.001

lEnv
4
-1.1879199999999999 0.37050000000000005
-0.48608 0.37050000000000005
-0.47692 0.4665
-1.19708 0.4665

c2
4
0.60308 0.37050000000000005
1.1699199999999996 0.37050000000000005
1.1790799999999997 0.4665
0.59392 0.4665

rEnv
4
1.3050799999999996 0.37050000000000005
1.8719199999999996 0.37050000000000005
1.8810799999999996 0.4665
1.2959199999999995 0.4665


48
IMD1b
4
-1.6925 0.40650000000000003
-1.191355 0.40650000000000003
-1.19708 0.4665
-1.6925 0.4665
2.8

IMD1b
4
-0.482645 0.40650000000000003
-0.354355 0.40650000000000003
-0.36007999999999996 0.4665
-0.47692 0.4665
2.8

IMD1b
4
0.354355 0.40650000000000003
0.599645 0.40650000000000003
0.59392 0.4665
0.36007999999999996 0.4665
2.8

IMD1b
4
1.1733549999999997 0.40650000000000003
1.3016449999999995 0.40650000000000003
1.2959199999999995 0.4665
1.1790799999999997 0.4665
2.8

IMD1b
4
1.8753549999999997 0.40650000000000003
2.3765 0.40650000000000003
2.3765 0.4665
1.8810799999999996 0.4665
2.8

IMD1a
4
-1.6925 0.3955
-1.1903054166666667 0.3955
-1.191355 0.40650000000000003
-1.6925 0.40650000000000003
5.2

IMD1a
4
-0.4836945833333333 0.3955
-0.35330541666666665 0.3955
-0.354355 0.40650000000000003
-0.482645 0.40650000000000003
5.2

IMD1a
4
0.35330541666666665 0.3955
0.6006945833333334 0.3955
0.599645 0.40650000000000003
0.354355 0.40650000000000003
5.2

IMD1a
4
1.1723054166666664 0.3955
1.3026945833333328 0.3955
1.3016449999999995 0.40650000000000003
1.1733549999999997 0.40650000000000003
5.2

IMD1a
4
1.8743054166666664 0.3955
2.3765 0.3955
2.3765 0.40650000000000003
1.8753549999999997 0.40650000000000003
5.2

ILD1b3
4
-1.6925 0.37050000000000005
-1.1879199999999999 0.37050000000000005
-1.1903054166666667 0.3955
-1.6925 0.3955
4

ILD1b3
4
-0.48608 0.37050000000000005
-0.35091999999999995 0.37050000000000005
-0.35330541666666665 0.3955
-0.4836945833333333 0.3955
4

ILD1b3
4
0.35091999999999995 0.37050000000000005
0.60308 0.37050000000000005
0.6006945833333334 0.3955
0.35330541666666665 0.3955
4

ILD1b3
4
1.1699199999999996 0.37050000000000005
1.3050799999999996 0.37050000000000005
1.3026945833333328 0.3955
1.1723054166666664 0.3955
4

ILD1b3
4
1.8719199999999996 0.37050000000000005
2.3765 0.37050000000000005
2.3765 0.3955
1.8743054166666664 0.3955
4

ILD1b1+ILD1b2
4
-1.6925 0.2765
2.3765 0.2765
2.3765 0.37050000000000005
-1.6925 0.37050000000000005
4

FOXA+FOXB+TOX
4
-1.6925 0.001
2.3765 0.001
2.3765 0.2665
-1.6925 0.2665
4.0

ILD1a
4
-1.6925 0.2665
2.3765 0.2665
2.3765 0.2765
-1.6925 0.2765
7.0

IMD2a
4
-1.6925 0.4665
2.3765 0.4665
2.3765 0.4875
-1.6925 0.4875
5.2

IMD2b
4
-1.6925 0.4875
2.3765 0.4875
2.3765 0.5025
-1.6925 0.5025
4.2

IMD2c
4
-1.6925 0.5025
2.3765 0.5025
2.3765 0.5265
-1.6925 0.5265
3.28

IMD2d1+IMD2d2
4
-1.6925 0.5265
2.3765 0.5265
2.3765 0.6535
-1.6925 0.6535
2.65

IMD3a
4
-1.6925 0.6535
2.3765 0.6535
2.3765 0.6745
-1.6925 0.6745
5.2

IMD3b
4
-1.6925 0.6745
2.3765 0.6745
2.3765 0.6895
-1.6925 0.6895
4.2

IMD3c
4
-1.6925 0.6895
2.3765 0.6895
2.3765 0.7135
-1.6925 0.7135
3.28

IMD3d1+IMD3d2
4
-1.6925 0.7135
2.3765 0.7135
2.3765 0.8405
-1.6925 0.8405
2.65

IMD4a
4
-1.6925 0.8405
2.3765 0.8405
2.3765 0.8615
-1.6925 0.8615
5.2

IMD4b
4
-1.6925 0.8615
2.3765 0.8615
2.3765 0.8765
-1.6925 0.8765
4.2

IMD4c
4
-1.6925 0.8765
2.3765 0.8765
2.3765 0.9005
-1.6925 0.9005
3.28

IMD4d1+IMD4d2
4
-1.6925 0.9005
2.3765 0.9005
2.3765 1.0275
-1.6925 1.0275
2.65

IMD5a
4
-1.6925 1.0275
2.3765 1.0275
2.3765 1.0485
-1.6925 1.0485
5.2

IMD5b
4
-1.6925 1.0485
2.3765 1.0485
2.3765 1.0635
-1.6925 1.0635
4.2

IMD5c
4
-1.6925 1.0635
2.3765 1.0635
2.3765 1.0875
-1.6925 1.0875
3.28

IMD5d1+IMD5d2
4
-1.6925 1.0875
2.3765 1.0875
2.3765 1.2145
-1.6925 1.2145
2.65

IMD6a
4
-1.6925 1.2145
2.3765 1.2145
2.3765 1.2355
-1.6925 1.2355
5.2

IMD6b
4
-1.6925 1.2355
2.3765 1.2355
2.3765 1.2505
-1.6925 1.2505
4.2

IMD6c
4
-1.6925 1.2505
2.3765 1.2505
2.3765 1.2745
-1.6925 1.2745
3.28

IMD6d1+IMD6d2
4
-1.6925 1.2745
2.3765 1.2745
2.3765 1.4015
-1.6925 1.4015
2.65

IMD7a
4
-1.6925 1.4015
2.3765 1.4015
2.3765 1.4765
-1.6925 1.4765
5.2

IMD7b1+IMD7b2
4
-1.6925 1.4765
2.3765 1.4765
2.3765 2.9765
-1.6925 2.9765
4.2

IMD8a
4
-1.6925 2.9765
2.3765 2.9765
2.3765 3.0515
-1.6925 3.0515
5.2

IMD8b1+IMD8b2
4
-1.6925 3.0515
2.3765 3.0515
2.3765 4.5515
-1.6925 4.5515
4.2

PASS1
4
-1.6925 4.5515
2.3765 4.5515
2.3765 4.6265
-1.6925 4.6265
7.0

PASS2
4
-1.6925 4.6265
2.3765 4.6265
2.3765 5.0265
-1.6925 5.0265
4.2

PASS3
4
-1.6925 5.0265
2.3765 5.0265
2.3765 5.1015
-1.6925 5.1015
7.0

PASS4+PASS5
4
-1.6925 5.1015
2.3765 5.1015
2.3765 6.0515
-1.6925 6.0515
4.2

PASS6
4
-1.6925 6.0515
2.3765 6.0515
2.3765 6.6515
-1.6925 6.6515
7.0

air_Layer
4
-1.6925 6.6515
2.3765 6.6515
2.3765 6.9485
-1.6925 6.9485
1.0


4
-1.6925 0.001
2.3765 0.001
2.3765 6.9485
-1.6925 6.9485

