c1
4
-0.05841999999999997 0.37050000000000005
0.05842000000000003 0.37050000000000005
0.06758000000000003 0.4665
-0.06757999999999997 0.4665

5
botleft
4
-0.905 -0.001
0 -0.001
0 0.001
-0.905 0.001

botright
4
0 -0.001
3.2090000000000005 -0.001
3.2090000000000005 0.001
0 0.001

lEnv
4
-0.40041999999999994 0.37050000000000005
-0.28357999999999994 0.37050000000000005
-0.27441999999999994 0.4665
-0.40957999999999994 0.4665

c2
4
0.80558 0.37050000000000005
1.64242 0.37050000000000005
1.65158 0.4665
0.79642 0.4665

rEnv
4
1.8675800000000002 0.37050000000000005
2.7044200000000003 0.37050000000000005
2.7135800000000003 0.4665
1.8584200000000002 0.4665


48
IMD1b
4
-0.905 0.40650000000000003
-0.40385499999999996 0.40650000000000003
-0.40957999999999994 0.4665
-0.905 0.4665
2.8

IMD1b
4
-0.2801449999999999 0.40650000000000003
-0.06185499999999997 0.40650000000000003
-0.06757999999999997 0.4665
-0.27441999999999994 0.4665
2.8

IMD1b
4
0.06185500000000003 0.40650000000000003
0.802145 0.40650000000000003
0.79642 0.4665
0.06758000000000003 0.4665
2.8

IMD1b
4
1.645855 0.40650000000000003
1.8641450000000002 0.40650000000000003
1.8584200000000002 0.4665
1.65158 0.4665
2.8

IMD1b
4
2.7078550000000003 0.40650000000000003
3.2090000000000005 0.40650000000000003
3.2090000000000005 0.4665
2.7135800000000003 0.4665
2.8

IMD1a
4
-0.905 0.3955
-0.40280541666666664 0.3955
-0.40385499999999996 0.40650000000000003
-0.905 0.40650000000000003
5.2

IMD1a
4
-0.28119458333333325 0.3955
-0.06080541666666664 0.3955
-0.06185499999999997 0.40650000000000003
-0.2801449999999999 0.40650000000000003
5.2

IMD1a
4
0.060805416666666695 0.3955
0.8031945833333334 0.3955
0.802145 0.40650000000000003
0.06185500000000003 0.40650000000000003
5.2

IMD1a
4
1.6448054166666668 0.3955
1.8651945833333334 0.3955
1.8641450000000002 0.40650000000000003
1.645855 0.40650000000000003
5.2

IMD1a
4
2.706805416666667 0.3955
3.2090000000000005 0.3955
3.2090000000000005 0.40650000000000003
2.7078550000000003 0.40650000000000003
5.2

ILD1b3
4
-0.905 0.37050000000000005
-0.40041999999999994 0.37050000000000005
-0.40280541666666664 0.3955
-0.905 0.3955
4

ILD1b3
4
-0.28357999999999994 0.37050000000000005
-0.05841999999999997 0.37050000000000005
-0.06080541666666664 0.3955
-0.28119458333333325 0.3955
4

ILD1b3
4
0.05842000000000003 0.37050000000000005
0.80558 0.37050000000000005
0.8031945833333334 0.3955
0.060805416666666695 0.3955
4

ILD1b3
4
1.64242 0.37050000000000005
1.8675800000000002 0.37050000000000005
1.8651945833333334 0.3955
1.6448054166666668 0.3955
4

ILD1b3
4
2.7044200000000003 0.37050000000000005
3.2090000000000005 0.37050000000000005
3.2090000000000005 0.3955
2.706805416666667 0.3955
4

ILD1b1+ILD1b2
4
-0.905 0.2765
3.2090000000000005 0.2765
3.2090000000000005 0.37050000000000005
-0.905 0.37050000000000005
4

FOXA+FOXB+TOX
4
-0.905 0.001
3.2090000000000005 0.001
3.2090000000000005 0.2665
-0.905 0.2665
4.0

ILD1a
4
-0.905 0.2665
3.2090000000000005 0.2665
3.2090000000000005 0.2765
-0.905 0.2765
7.0

IMD2a
4
-0.905 0.4665
3.2090000000000005 0.4665
3.2090000000000005 0.4875
-0.905 0.4875
5.2

IMD2b
4
-0.905 0.4875
3.2090000000000005 0.4875
3.2090000000000005 0.5025
-0.905 0.5025
4.2

IMD2c
4
-0.905 0.5025
3.2090000000000005 0.5025
3.2090000000000005 0.5265
-0.905 0.5265
3.28

IMD2d1+IMD2d2
4
-0.905 0.5265
3.2090000000000005 0.5265
3.2090000000000005 0.6535
-0.905 0.6535
2.65

IMD3a
4
-0.905 0.6535
3.2090000000000005 0.6535
3.2090000000000005 0.6745
-0.905 0.6745
5.2

IMD3b
4
-0.905 0.6745
3.2090000000000005 0.6745
3.2090000000000005 0.6895
-0.905 0.6895
4.2

IMD3c
4
-0.905 0.6895
3.2090000000000005 0.6895
3.2090000000000005 0.7135
-0.905 0.7135
3.28

IMD3d1+IMD3d2
4
-0.905 0.7135
3.2090000000000005 0.7135
3.2090000000000005 0.8405
-0.905 0.8405
2.65

IMD4a
4
-0.905 0.8405
3.2090000000000005 0.8405
3.2090000000000005 0.8615
-0.905 0.8615
5.2

IMD4b
4
-0.905 0.8615
3.2090000000000005 0.8615
3.2090000000000005 0.8765
-0.905 0.8765
4.2

IMD4c
4
-0.905 0.8765
3.2090000000000005 0.8765
3.2090000000000005 0.9005
-0.905 0.9005
3.28

IMD4d1+IMD4d2
4
-0.905 0.9005
3.2090000000000005 0.9005
3.2090000000000005 1.0275
-0.905 1.0275
2.65

IMD5a
4
-0.905 1.0275
3.2090000000000005 1.0275
3.2090000000000005 1.0485
-0.905 1.0485
5.2

IMD5b
4
-0.905 1.0485
3.2090000000000005 1.0485
3.2090000000000005 1.0635
-0.905 1.0635
4.2

IMD5c
4
-0.905 1.0635
3.2090000000000005 1.0635
3.2090000000000005 1.0875
-0.905 1.0875
3.28

IMD5d1+IMD5d2
4
-0.905 1.0875
3.2090000000000005 1.0875
3.2090000000000005 1.2145
-0.905 1.2145
2.65

IMD6a
4
-0.905 1.2145
3.2090000000000005 1.2145
3.2090000000000005 1.2355
-0.905 1.2355
5.2

IMD6b
4
-0.905 1.2355
3.2090000000000005 1.2355
3.2090000000000005 1.2505
-0.905 1.2505
4.2

IMD6c
4
-0.905 1.2505
3.2090000000000005 1.2505
3.2090000000000005 1.2745
-0.905 1.2745
3.28

IMD6d1+IMD6d2
4
-0.905 1.2745
3.2090000000000005 1.2745
3.2090000000000005 1.4015
-0.905 1.4015
2.65

IMD7a
4
-0.905 1.4015
3.2090000000000005 1.4015
3.2090000000000005 1.4765
-0.905 1.4765
5.2

IMD7b1+IMD7b2
4
-0.905 1.4765
3.2090000000000005 1.4765
3.2090000000000005 2.9765
-0.905 2.9765
4.2

IMD8a
4
-0.905 2.9765
3.2090000000000005 2.9765
3.2090000000000005 3.0515
-0.905 3.0515
5.2

IMD8b1+IMD8b2
4
-0.905 3.0515
3.2090000000000005 3.0515
3.2090000000000005 4.5515
-0.905 4.5515
4.2

PASS1
4
-0.905 4.5515
3.2090000000000005 4.5515
3.2090000000000005 4.6265
-0.905 4.6265
7.0

PASS2
4
-0.905 4.6265
3.2090000000000005 4.6265
3.2090000000000005 5.0265
-0.905 5.0265
4.2

PASS3
4
-0.905 5.0265
3.2090000000000005 5.0265
3.2090000000000005 5.1015
-0.905 5.1015
7.0

PASS4+PASS5
4
-0.905 5.1015
3.2090000000000005 5.1015
3.2090000000000005 6.0515
-0.905 6.0515
4.2

PASS6
4
-0.905 6.0515
3.2090000000000005 6.0515
3.2090000000000005 6.6515
-0.905 6.6515
7.0

air_Layer
4
-0.905 6.6515
3.2090000000000005 6.6515
3.2090000000000005 6.9485
-0.905 6.9485
1.0


4
-0.905 0.001
3.2090000000000005 0.001
3.2090000000000005 6.9485
-0.905 6.9485

