c1
4
-0.15000999999999995 0.5545
0.15000999999999995 0.5545
0.15598999999999996 0.6535
-0.15598999999999996 0.6535

5
botleft
4
-1.175 -0.001
0 -0.001
0 0.001
-1.175 0.001

botright
4
0 -0.001
3.119 -0.001
3.119 0.001
0 0.001

lEnv
4
-0.67201 0.5545
-0.37199 0.5545
-0.36601 0.6535
-0.67799 0.6535

c2
4
0.9839899999999999 0.5545
1.6890100000000001 0.5545
1.6949900000000002 0.6535
0.9780099999999999 0.6535

rEnv
4
1.9109900000000004 0.5545
2.61601 0.5545
2.6219900000000003 0.6535
1.9050100000000003 0.6535


57
IMD2d1_damage
4
-0.6814239999999999 0.5445
-0.362576 0.5445
-0.361972 0.5545
-0.682028 0.5545
3.1

IMD2d1_damage
4
-0.15942399999999995 0.5445
0.15942399999999995 0.5445
0.16002799999999995 0.5545
-0.16002799999999995 0.5545
3.1

IMD2d1_damage
4
0.974576 0.5445
1.6984240000000002 0.5445
1.6990280000000002 0.5545
0.973972 0.5545
3.1

IMD2d1_damage
4
1.9015760000000004 0.5445
2.625424 0.5445
2.6260280000000003 0.5545
1.9009720000000003 0.5545
3.1

IMD2d2_damage
4
-0.677019 0.5545
-0.67201 0.5545
-0.67799 0.6535
-0.682999 0.6535
2.9

IMD2d2_damage
4
-0.37199 0.5545
-0.366981 0.5545
-0.361001 0.6535
-0.36601 0.6535
2.9

IMD2d2_damage
4
-0.15501899999999996 0.5545
-0.15000999999999995 0.5545
-0.15598999999999996 0.6535
-0.16099899999999998 0.6535
2.9

IMD2d2_damage
4
0.15000999999999995 0.5545
0.15501899999999996 0.5545
0.16099899999999998 0.6535
0.15598999999999996 0.6535
2.9

IMD2d2_damage
4
0.9789809999999999 0.5545
0.9839899999999999 0.5545
0.9780099999999999 0.6535
0.9730009999999999 0.6535
2.9

IMD2d2_damage
4
1.6890100000000001 0.5545
1.6940190000000002 0.5545
1.6999990000000003 0.6535
1.6949900000000002 0.6535
2.9

IMD2d2_damage
4
1.9059810000000004 0.5545
1.9109900000000004 0.5545
1.9050100000000003 0.6535
1.9000010000000003 0.6535
2.9

IMD2d2_damage
4
2.61601 0.5545
2.621019 0.5545
2.626999 0.6535
2.6219900000000003 0.6535
2.9

IMD2d2
4
-1.175 0.5545
-0.677019 0.5545
-0.682999 0.6535
-1.175 0.6535
2.65

IMD2d2
4
-0.366981 0.5545
-0.15501899999999996 0.5545
-0.16099899999999998 0.6535
-0.361001 0.6535
2.65

IMD2d2
4
0.15501899999999996 0.5545
0.9789809999999999 0.5545
0.9730009999999999 0.6535
0.16099899999999998 0.6535
2.65

IMD2d2
4
1.6940190000000002 0.5545
1.9059810000000004 0.5545
1.9000010000000003 0.6535
1.6999990000000003 0.6535
2.65

IMD2d2
4
2.621019 0.5545
3.119 0.5545
3.119 0.6535
2.626999 0.6535
2.65

IMD2d1
4
-1.175 0.5445
-0.6814239999999999 0.5445
-0.682028 0.5545
-1.175 0.5545
2.65

IMD2d1
4
-0.362576 0.5445
-0.15942399999999995 0.5445
-0.16002799999999995 0.5545
-0.361972 0.5545
2.65

IMD2d1
4
0.15942399999999995 0.5445
0.974576 0.5445
0.973972 0.5545
0.16002799999999995 0.5545
2.65

IMD2d1
4
1.6984240000000002 0.5445
1.9015760000000004 0.5445
1.9009720000000003 0.5545
1.6990280000000002 0.5545
2.65

IMD2d1
4
2.625424 0.5445
3.119 0.5445
3.119 0.5545
2.6260280000000003 0.5545
2.65

IMD2d1
4
-1.175 0.5265
3.119 0.5265
3.119 0.5445
-1.175 0.5445
2.65

FOXA+FOXB+TOX
4
-1.175 0.001
3.119 0.001
3.119 0.2665
-1.175 0.2665
4.0

ILD1a
4
-1.175 0.2665
3.119 0.2665
3.119 0.2765
-1.175 0.2765
7.0

ILD1b1+ILD1b2+ILD1b3
4
-1.175 0.2765
3.119 0.2765
3.119 0.3955
-1.175 0.3955
4.0

IMD1a
4
-1.175 0.3955
3.119 0.3955
3.119 0.4065
-1.175 0.4065
5.2

IMD1b
4
-1.175 0.4065
3.119 0.4065
3.119 0.4665
-1.175 0.4665
2.8

IMD2a
4
-1.175 0.4665
3.119 0.4665
3.119 0.4875
-1.175 0.4875
5.2

IMD2b
4
-1.175 0.4875
3.119 0.4875
3.119 0.5025
-1.175 0.5025
4.2

IMD2c
4
-1.175 0.5025
3.119 0.5025
3.119 0.5265
-1.175 0.5265
3.28

IMD3a
4
-1.175 0.6535
3.119 0.6535
3.119 0.6745
-1.175 0.6745
5.2

IMD3b
4
-1.175 0.6745
3.119 0.6745
3.119 0.6895
-1.175 0.6895
4.2

IMD3c
4
-1.175 0.6895
3.119 0.6895
3.119 0.7135
-1.175 0.7135
3.28

IMD3d1+IMD3d2
4
-1.175 0.7135
3.119 0.7135
3.119 0.8405
-1.175 0.8405
2.65

IMD4a
4
-1.175 0.8405
3.119 0.8405
3.119 0.8615
-1.175 0.8615
5.2

IMD4b
4
-1.175 0.8615
3.119 0.8615
3.119 0.8765
-1.175 0.8765
4.2

IMD4c
4
-1.175 0.8765
3.119 0.8765
3.119 0.9005
-1.175 0.9005
3.28

IMD4d1+IMD4d2
4
-1.175 0.9005
3.119 0.9005
3.119 1.0275
-1.175 1.0275
2.65

IMD5a
4
-1.175 1.0275
3.119 1.0275
3.119 1.0485
-1.175 1.0485
5.2

IMD5b
4
-1.175 1.0485
3.119 1.0485
3.119 1.0635
-1.175 1.0635
4.2

IMD5c
4
-1.175 1.0635
3.119 1.0635
3.119 1.0875
-1.175 1.0875
3.28

IMD5d1+IMD5d2
4
-1.175 1.0875
3.119 1.0875
3.119 1.2145
-1.175 1.2145
2.65

IMD6a
4
-1.175 1.2145
3.119 1.2145
3.119 1.2355
-1.175 1.2355
5.2

IMD6b
4
-1.175 1.2355
3.119 1.2355
3.119 1.2505
-1.175 1.2505
4.2

IMD6c
4
-1.175 1.2505
3.119 1.2505
3.119 1.2745
-1.175 1.2745
3.28

IMD6d1+IMD6d2
4
-1.175 1.2745
3.119 1.2745
3.119 1.4015
-1.175 1.4015
2.65

IMD7a
4
-1.175 1.4015
3.119 1.4015
3.119 1.4765
-1.175 1.4765
5.2

IMD7b1+IMD7b2
4
-1.175 1.4765
3.119 1.4765
3.119 2.9765
-1.175 2.9765
4.2

IMD8a
4
-1.175 2.9765
3.119 2.9765
3.119 3.0515
-1.175 3.0515
5.2

IMD8b1+IMD8b2
4
-1.175 3.0515
3.119 3.0515
3.119 4.5515
-1.175 4.5515
4.2

PASS1
4
-1.175 4.5515
3.119 4.5515
3.119 4.6265
-1.175 4.6265
7.0

PASS2
4
-1.175 4.6265
3.119 4.6265
3.119 5.0265
-1.175 5.0265
4.2

PASS3
4
-1.175 5.0265
3.119 5.0265
3.119 5.1015
-1.175 5.1015
7.0

PASS4+PASS5
4
-1.175 5.1015
3.119 5.1015
3.119 6.0515
-1.175 6.0515
4.2

PASS6
4
-1.175 6.0515
3.119 6.0515
3.119 6.6515
-1.175 6.6515
7.0

air_Layer
4
-1.175 6.6515
3.119 6.6515
3.119 6.9485
-1.175 6.9485
1.0


4
-1.175 0.001
3.119 0.001
3.119 6.9485
-1.175 6.9485

