c1
4
-0.01341999999999999 0.37050000000000005
0.01341999999999999 0.37050000000000005
0.02257999999999999 0.4665
-0.02257999999999999 0.4665

5
botleft
4
-0.77 -0.001
0 -0.001
0 0.001
-0.77 0.001

botright
4
0 -0.001
1.994 -0.001
1.994 0.001
0 0.001

lEnv
4
-0.26542 0.37050000000000005
-0.23858 0.37050000000000005
-0.22941999999999999 0.4665
-0.27458 0.4665

c2
4
0.6705800000000001 0.37050000000000005
0.9674200000000001 0.37050000000000005
0.97658 0.4665
0.6614200000000001 0.4665

rEnv
4
1.19258 0.37050000000000005
1.4894199999999997 0.37050000000000005
1.4985799999999998 0.4665
1.18342 0.4665


48
IMD1b
4
-0.77 0.40650000000000003
-0.268855 0.40650000000000003
-0.27458 0.4665
-0.77 0.4665
2.8

IMD1b
4
-0.235145 0.40650000000000003
-0.016854999999999988 0.40650000000000003
-0.02257999999999999 0.4665
-0.22941999999999999 0.4665
2.8

IMD1b
4
0.016854999999999988 0.40650000000000003
0.6671450000000001 0.40650000000000003
0.6614200000000001 0.4665
0.02257999999999999 0.4665
2.8

IMD1b
4
0.970855 0.40650000000000003
1.189145 0.40650000000000003
1.18342 0.4665
0.97658 0.4665
2.8

IMD1b
4
1.4928549999999998 0.40650000000000003
1.994 0.40650000000000003
1.994 0.4665
1.4985799999999998 0.4665
2.8

IMD1a
4
-0.77 0.3955
-0.2678054166666667 0.3955
-0.268855 0.40650000000000003
-0.77 0.40650000000000003
5.2

IMD1a
4
-0.23619458333333332 0.3955
-0.015805416666666655 0.3955
-0.016854999999999988 0.40650000000000003
-0.235145 0.40650000000000003
5.2

IMD1a
4
0.015805416666666655 0.3955
0.6681945833333335 0.3955
0.6671450000000001 0.40650000000000003
0.016854999999999988 0.40650000000000003
5.2

IMD1a
4
0.9698054166666666 0.3955
1.1901945833333332 0.3955
1.189145 0.40650000000000003
0.970855 0.40650000000000003
5.2

IMD1a
4
1.4918054166666666 0.3955
1.994 0.3955
1.994 0.40650000000000003
1.4928549999999998 0.40650000000000003
5.2

ILD1b3
4
-0.77 0.37050000000000005
-0.26542 0.37050000000000005
-0.2678054166666667 0.3955
-0.77 0.3955
4

ILD1b3
4
-0.23858 0.37050000000000005
-0.01341999999999999 0.37050000000000005
-0.015805416666666655 0.3955
-0.23619458333333332 0.3955
4

ILD1b3
4
0.01341999999999999 0.37050000000000005
0.6705800000000001 0.37050000000000005
0.6681945833333335 0.3955
0.015805416666666655 0.3955
4

ILD1b3
4
0.9674200000000001 0.37050000000000005
1.19258 0.37050000000000005
1.1901945833333332 0.3955
0.9698054166666666 0.3955
4

ILD1b3
4
1.4894199999999997 0.37050000000000005
1.994 0.37050000000000005
1.994 0.3955
1.4918054166666666 0.3955
4

ILD1b1+ILD1b2
4
-0.77 0.2765
1.994 0.2765
1.994 0.37050000000000005
-0.77 0.37050000000000005
4

FOXA+FOXB+TOX
4
-0.77 0.001
1.994 0.001
1.994 0.2665
-0.77 0.2665
4.0

ILD1a
4
-0.77 0.2665
1.994 0.2665
1.994 0.2765
-0.77 0.2765
7.0

IMD2a
4
-0.77 0.4665
1.994 0.4665
1.994 0.4875
-0.77 0.4875
5.2

IMD2b
4
-0.77 0.4875
1.994 0.4875
1.994 0.5025
-0.77 0.5025
4.2

IMD2c
4
-0.77 0.5025
1.994 0.5025
1.994 0.5265
-0.77 0.5265
3.28

IMD2d1+IMD2d2
4
-0.77 0.5265
1.994 0.5265
1.994 0.6535
-0.77 0.6535
2.65

IMD3a
4
-0.77 0.6535
1.994 0.6535
1.994 0.6745
-0.77 0.6745
5.2

IMD3b
4
-0.77 0.6745
1.994 0.6745
1.994 0.6895
-0.77 0.6895
4.2

IMD3c
4
-0.77 0.6895
1.994 0.6895
1.994 0.7135
-0.77 0.7135
3.28

IMD3d1+IMD3d2
4
-0.77 0.7135
1.994 0.7135
1.994 0.8405
-0.77 0.8405
2.65

IMD4a
4
-0.77 0.8405
1.994 0.8405
1.994 0.8615
-0.77 0.8615
5.2

IMD4b
4
-0.77 0.8615
1.994 0.8615
1.994 0.8765
-0.77 0.8765
4.2

IMD4c
4
-0.77 0.8765
1.994 0.8765
1.994 0.9005
-0.77 0.9005
3.28

IMD4d1+IMD4d2
4
-0.77 0.9005
1.994 0.9005
1.994 1.0275
-0.77 1.0275
2.65

IMD5a
4
-0.77 1.0275
1.994 1.0275
1.994 1.0485
-0.77 1.0485
5.2

IMD5b
4
-0.77 1.0485
1.994 1.0485
1.994 1.0635
-0.77 1.0635
4.2

IMD5c
4
-0.77 1.0635
1.994 1.0635
1.994 1.0875
-0.77 1.0875
3.28

IMD5d1+IMD5d2
4
-0.77 1.0875
1.994 1.0875
1.994 1.2145
-0.77 1.2145
2.65

IMD6a
4
-0.77 1.2145
1.994 1.2145
1.994 1.2355
-0.77 1.2355
5.2

IMD6b
4
-0.77 1.2355
1.994 1.2355
1.994 1.2505
-0.77 1.2505
4.2

IMD6c
4
-0.77 1.2505
1.994 1.2505
1.994 1.2745
-0.77 1.2745
3.28

IMD6d1+IMD6d2
4
-0.77 1.2745
1.994 1.2745
1.994 1.4015
-0.77 1.4015
2.65

IMD7a
4
-0.77 1.4015
1.994 1.4015
1.994 1.4765
-0.77 1.4765
5.2

IMD7b1+IMD7b2
4
-0.77 1.4765
1.994 1.4765
1.994 2.9765
-0.77 2.9765
4.2

IMD8a
4
-0.77 2.9765
1.994 2.9765
1.994 3.0515
-0.77 3.0515
5.2

IMD8b1+IMD8b2
4
-0.77 3.0515
1.994 3.0515
1.994 4.5515
-0.77 4.5515
4.2

PASS1
4
-0.77 4.5515
1.994 4.5515
1.994 4.6265
-0.77 4.6265
7.0

PASS2
4
-0.77 4.6265
1.994 4.6265
1.994 5.0265
-0.77 5.0265
4.2

PASS3
4
-0.77 5.0265
1.994 5.0265
1.994 5.1015
-0.77 5.1015
7.0

PASS4+PASS5
4
-0.77 5.1015
1.994 5.1015
1.994 6.0515
-0.77 6.0515
4.2

PASS6
4
-0.77 6.0515
1.994 6.0515
1.994 6.6515
-0.77 6.6515
7.0

air_Layer
4
-0.77 6.6515
1.994 6.6515
1.994 6.9485
-0.77 6.9485
1.0


4
-0.77 0.001
1.994 0.001
1.994 6.9485
-0.77 6.9485

