c1
4
-0.01501000000000001 1.1155
0.01501000000000001 1.1155
0.02099000000000001 1.2145
-0.02099000000000001 1.2145

5
botleft
4
-0.9500000000000001 -0.001
0 -0.001
0 0.001
-0.9500000000000001 0.001

botright
4
0 -0.001
2.3089999999999997 -0.001
2.3089999999999997 0.001
0 0.001

lEnv
4
-0.4470100000000001 1.1155
-0.41699 1.1155
-0.41101000000000004 1.2145
-0.45299000000000006 1.2145

c2
4
0.8039899999999999 1.1155
1.1040099999999997 1.1155
1.1099899999999998 1.2145
0.7980099999999999 1.2145

rEnv
4
1.50599 1.1155
1.80601 1.1155
1.81199 1.2145
1.5000099999999998 1.2145


57
IMD5d1_damage
4
-0.45642400000000005 1.1055
-0.40757600000000005 1.1055
-0.40697200000000006 1.1155
-0.45702800000000005 1.1155
3.1

IMD5d1_damage
4
-0.024424000000000008 1.1055
0.024424000000000008 1.1055
0.02502800000000001 1.1155
-0.02502800000000001 1.1155
3.1

IMD5d1_damage
4
0.794576 1.1055
1.1134239999999997 1.1055
1.1140279999999998 1.1155
0.7939719999999999 1.1155
3.1

IMD5d1_damage
4
1.496576 1.1055
1.815424 1.1055
1.816028 1.1155
1.4959719999999999 1.1155
3.1

IMD5d2_damage
4
-0.45201900000000006 1.1155
-0.4470100000000001 1.1155
-0.45299000000000006 1.2145
-0.45799900000000004 1.2145
2.9

IMD5d2_damage
4
-0.41699 1.1155
-0.41198100000000004 1.1155
-0.40600100000000006 1.2145
-0.41101000000000004 1.2145
2.9

IMD5d2_damage
4
-0.02001900000000001 1.1155
-0.01501000000000001 1.1155
-0.02099000000000001 1.2145
-0.025999000000000008 1.2145
2.9

IMD5d2_damage
4
0.01501000000000001 1.1155
0.02001900000000001 1.1155
0.025999000000000008 1.2145
0.02099000000000001 1.2145
2.9

IMD5d2_damage
4
0.7989809999999998 1.1155
0.8039899999999999 1.1155
0.7980099999999999 1.2145
0.7930009999999998 1.2145
2.9

IMD5d2_damage
4
1.1040099999999997 1.1155
1.1090189999999998 1.1155
1.1149989999999999 1.2145
1.1099899999999998 1.2145
2.9

IMD5d2_damage
4
1.500981 1.1155
1.50599 1.1155
1.5000099999999998 1.2145
1.4950009999999998 1.2145
2.9

IMD5d2_damage
4
1.80601 1.1155
1.811019 1.1155
1.816999 1.2145
1.81199 1.2145
2.9

IMD5d2
4
-0.9500000000000001 1.1155
-0.45201900000000006 1.1155
-0.45799900000000004 1.2145
-0.9500000000000001 1.2145
2.65

IMD5d2
4
-0.41198100000000004 1.1155
-0.02001900000000001 1.1155
-0.025999000000000008 1.2145
-0.40600100000000006 1.2145
2.65

IMD5d2
4
0.02001900000000001 1.1155
0.7989809999999998 1.1155
0.7930009999999998 1.2145
0.025999000000000008 1.2145
2.65

IMD5d2
4
1.1090189999999998 1.1155
1.500981 1.1155
1.4950009999999998 1.2145
1.1149989999999999 1.2145
2.65

IMD5d2
4
1.811019 1.1155
2.3089999999999997 1.1155
2.3089999999999997 1.2145
1.816999 1.2145
2.65

IMD5d1
4
-0.9500000000000001 1.1055
-0.45642400000000005 1.1055
-0.45702800000000005 1.1155
-0.9500000000000001 1.1155
2.65

IMD5d1
4
-0.40757600000000005 1.1055
-0.024424000000000008 1.1055
-0.02502800000000001 1.1155
-0.40697200000000006 1.1155
2.65

IMD5d1
4
0.024424000000000008 1.1055
0.794576 1.1055
0.7939719999999999 1.1155
0.02502800000000001 1.1155
2.65

IMD5d1
4
1.1134239999999997 1.1055
1.496576 1.1055
1.4959719999999999 1.1155
1.1140279999999998 1.1155
2.65

IMD5d1
4
1.815424 1.1055
2.3089999999999997 1.1055
2.3089999999999997 1.1155
1.816028 1.1155
2.65

IMD5d1
4
-0.9500000000000001 1.0875
2.3089999999999997 1.0875
2.3089999999999997 1.1055
-0.9500000000000001 1.1055
2.65

FOXA+FOXB+TOX
4
-0.9500000000000001 0.001
2.3089999999999997 0.001
2.3089999999999997 0.2665
-0.9500000000000001 0.2665
4.0

ILD1a
4
-0.9500000000000001 0.2665
2.3089999999999997 0.2665
2.3089999999999997 0.2765
-0.9500000000000001 0.2765
7.0

ILD1b1+ILD1b2+ILD1b3
4
-0.9500000000000001 0.2765
2.3089999999999997 0.2765
2.3089999999999997 0.3955
-0.9500000000000001 0.3955
4.0

IMD1a
4
-0.9500000000000001 0.3955
2.3089999999999997 0.3955
2.3089999999999997 0.4065
-0.9500000000000001 0.4065
5.2

IMD1b
4
-0.9500000000000001 0.4065
2.3089999999999997 0.4065
2.3089999999999997 0.4665
-0.9500000000000001 0.4665
2.8

IMD2a
4
-0.9500000000000001 0.4665
2.3089999999999997 0.4665
2.3089999999999997 0.4875
-0.9500000000000001 0.4875
5.2

IMD2b
4
-0.9500000000000001 0.4875
2.3089999999999997 0.4875
2.3089999999999997 0.5025
-0.9500000000000001 0.5025
4.2

IMD2c
4
-0.9500000000000001 0.5025
2.3089999999999997 0.5025
2.3089999999999997 0.5265
-0.9500000000000001 0.5265
3.28

IMD2d1+IMD2d2
4
-0.9500000000000001 0.5265
2.3089999999999997 0.5265
2.3089999999999997 0.6535
-0.9500000000000001 0.6535
2.65

IMD3a
4
-0.9500000000000001 0.6535
2.3089999999999997 0.6535
2.3089999999999997 0.6745
-0.9500000000000001 0.6745
5.2

IMD3b
4
-0.9500000000000001 0.6745
2.3089999999999997 0.6745
2.3089999999999997 0.6895
-0.9500000000000001 0.6895
4.2

IMD3c
4
-0.9500000000000001 0.6895
2.3089999999999997 0.6895
2.3089999999999997 0.7135
-0.9500000000000001 0.7135
3.28

IMD3d1+IMD3d2
4
-0.9500000000000001 0.7135
2.3089999999999997 0.7135
2.3089999999999997 0.8405
-0.9500000000000001 0.8405
2.65

IMD4a
4
-0.9500000000000001 0.8405
2.3089999999999997 0.8405
2.3089999999999997 0.8615
-0.9500000000000001 0.8615
5.2

IMD4b
4
-0.9500000000000001 0.8615
2.3089999999999997 0.8615
2.3089999999999997 0.8765
-0.9500000000000001 0.8765
4.2

IMD4c
4
-0.9500000000000001 0.8765
2.3089999999999997 0.8765
2.3089999999999997 0.9005
-0.9500000000000001 0.9005
3.28

IMD4d1+IMD4d2
4
-0.9500000000000001 0.9005
2.3089999999999997 0.9005
2.3089999999999997 1.0275
-0.9500000000000001 1.0275
2.65

IMD5a
4
-0.9500000000000001 1.0275
2.3089999999999997 1.0275
2.3089999999999997 1.0485
-0.9500000000000001 1.0485
5.2

IMD5b
4
-0.9500000000000001 1.0485
2.3089999999999997 1.0485
2.3089999999999997 1.0635
-0.9500000000000001 1.0635
4.2

IMD5c
4
-0.9500000000000001 1.0635
2.3089999999999997 1.0635
2.3089999999999997 1.0875
-0.9500000000000001 1.0875
3.28

IMD6a
4
-0.9500000000000001 1.2145
2.3089999999999997 1.2145
2.3089999999999997 1.2355
-0.9500000000000001 1.2355
5.2

IMD6b
4
-0.9500000000000001 1.2355
2.3089999999999997 1.2355
2.3089999999999997 1.2505
-0.9500000000000001 1.2505
4.2

IMD6c
4
-0.9500000000000001 1.2505
2.3089999999999997 1.2505
2.3089999999999997 1.2745
-0.9500000000000001 1.2745
3.28

IMD6d1+IMD6d2
4
-0.9500000000000001 1.2745
2.3089999999999997 1.2745
2.3089999999999997 1.4015
-0.9500000000000001 1.4015
2.65

IMD7a
4
-0.9500000000000001 1.4015
2.3089999999999997 1.4015
2.3089999999999997 1.4765
-0.9500000000000001 1.4765
5.2

IMD7b1+IMD7b2
4
-0.9500000000000001 1.4765
2.3089999999999997 1.4765
2.3089999999999997 2.9765
-0.9500000000000001 2.9765
4.2

IMD8a
4
-0.9500000000000001 2.9765
2.3089999999999997 2.9765
2.3089999999999997 3.0515
-0.9500000000000001 3.0515
5.2

IMD8b1+IMD8b2
4
-0.9500000000000001 3.0515
2.3089999999999997 3.0515
2.3089999999999997 4.5515
-0.9500000000000001 4.5515
4.2

PASS1
4
-0.9500000000000001 4.5515
2.3089999999999997 4.5515
2.3089999999999997 4.6265
-0.9500000000000001 4.6265
7.0

PASS2
4
-0.9500000000000001 4.6265
2.3089999999999997 4.6265
2.3089999999999997 5.0265
-0.9500000000000001 5.0265
4.2

PASS3
4
-0.9500000000000001 5.0265
2.3089999999999997 5.0265
2.3089999999999997 5.1015
-0.9500000000000001 5.1015
7.0

PASS4+PASS5
4
-0.9500000000000001 5.1015
2.3089999999999997 5.1015
2.3089999999999997 6.0515
-0.9500000000000001 6.0515
4.2

PASS6
4
-0.9500000000000001 6.0515
2.3089999999999997 6.0515
2.3089999999999997 6.6515
-0.9500000000000001 6.6515
7.0

air_Layer
4
-0.9500000000000001 6.6515
2.3089999999999997 6.6515
2.3089999999999997 6.9485
-0.9500000000000001 6.9485
1.0


4
-0.9500000000000001 0.001
2.3089999999999997 0.001
2.3089999999999997 6.9485
-0.9500000000000001 6.9485

