c1
4
-0.28501 0.7415
0.2850099999999999 0.7415
0.29098999999999986 0.8405
-0.29098999999999997 0.8405

5
botleft
4
-1.4 -0.001
0 -0.001
0 0.001
-1.4 0.001

botright
4
0 -0.001
3.2989999999999995 -0.001
3.2989999999999995 0.001
0 0.001

lEnv
4
-0.89701 0.7415
-0.32699 0.7415
-0.32101 0.8405
-0.90299 0.8405

c2
4
1.0739899999999998 0.7415
1.9140099999999993 0.7415
1.9199899999999994 0.8405
1.0680099999999997 0.8405

rEnv
4
1.9559899999999995 0.7415
2.796009999999999 0.7415
2.801989999999999 0.8405
1.9500099999999994 0.8405


57
IMD3d1_damage
4
-0.9064239999999999 0.7315
-0.317576 0.7315
-0.31697200000000003 0.7415
-0.907028 0.7415
3.1

IMD3d1_damage
4
-0.29442399999999996 0.7315
0.29442399999999985 0.7315
0.29502799999999985 0.7415
-0.29502799999999996 0.7415
3.1

IMD3d1_damage
4
1.0645759999999997 0.7315
1.9234239999999994 0.7315
1.9240279999999994 0.7415
1.0639719999999997 0.7415
3.1

IMD3d1_damage
4
1.9465759999999994 0.7315
2.805423999999999 0.7315
2.806027999999999 0.7415
1.9459719999999994 0.7415
3.1

IMD3d2_damage
4
-0.902019 0.7415
-0.89701 0.7415
-0.90299 0.8405
-0.907999 0.8405
2.9

IMD3d2_damage
4
-0.32699 0.7415
-0.321981 0.7415
-0.31600100000000003 0.8405
-0.32101 0.8405
2.9

IMD3d2_damage
4
-0.29001899999999997 0.7415
-0.28501 0.7415
-0.29098999999999997 0.8405
-0.29599899999999996 0.8405
2.9

IMD3d2_damage
4
0.2850099999999999 0.7415
0.29001899999999986 0.7415
0.29599899999999985 0.8405
0.29098999999999986 0.8405
2.9

IMD3d2_damage
4
1.0689809999999997 0.7415
1.0739899999999998 0.7415
1.0680099999999997 0.8405
1.0630009999999996 0.8405
2.9

IMD3d2_damage
4
1.9140099999999993 0.7415
1.9190189999999994 0.7415
1.9249989999999995 0.8405
1.9199899999999994 0.8405
2.9

IMD3d2_damage
4
1.9509809999999994 0.7415
1.9559899999999995 0.7415
1.9500099999999994 0.8405
1.9450009999999993 0.8405
2.9

IMD3d2_damage
4
2.796009999999999 0.7415
2.801018999999999 0.7415
2.806998999999999 0.8405
2.801989999999999 0.8405
2.9

IMD3d2
4
-1.4 0.7415
-0.902019 0.7415
-0.907999 0.8405
-1.4 0.8405
2.65

IMD3d2
4
-0.321981 0.7415
-0.29001899999999997 0.7415
-0.29599899999999996 0.8405
-0.31600100000000003 0.8405
2.65

IMD3d2
4
0.29001899999999986 0.7415
1.0689809999999997 0.7415
1.0630009999999996 0.8405
0.29599899999999985 0.8405
2.65

IMD3d2
4
1.9190189999999994 0.7415
1.9509809999999994 0.7415
1.9450009999999993 0.8405
1.9249989999999995 0.8405
2.65

IMD3d2
4
2.801018999999999 0.7415
3.2989999999999995 0.7415
3.2989999999999995 0.8405
2.806998999999999 0.8405
2.65

IMD3d1
4
-1.4 0.7315
-0.9064239999999999 0.7315
-0.907028 0.7415
-1.4 0.7415
2.65

IMD3d1
4
-0.317576 0.7315
-0.29442399999999996 0.7315
-0.29502799999999996 0.7415
-0.31697200000000003 0.7415
2.65

IMD3d1
4
0.29442399999999985 0.7315
1.0645759999999997 0.7315
1.0639719999999997 0.7415
0.29502799999999985 0.7415
2.65

IMD3d1
4
1.9234239999999994 0.7315
1.9465759999999994 0.7315
1.9459719999999994 0.7415
1.9240279999999994 0.7415
2.65

IMD3d1
4
2.805423999999999 0.7315
3.2989999999999995 0.7315
3.2989999999999995 0.7415
2.806027999999999 0.7415
2.65

IMD3d1
4
-1.4 0.7135
3.2989999999999995 0.7135
3.2989999999999995 0.7315
-1.4 0.7315
2.65

FOXA+FOXB+TOX
4
-1.4 0.001
3.2989999999999995 0.001
3.2989999999999995 0.2665
-1.4 0.2665
4.0

ILD1a
4
-1.4 0.2665
3.2989999999999995 0.2665
3.2989999999999995 0.2765
-1.4 0.2765
7.0

ILD1b1+ILD1b2+ILD1b3
4
-1.4 0.2765
3.2989999999999995 0.2765
3.2989999999999995 0.3955
-1.4 0.3955
4.0

IMD1a
4
-1.4 0.3955
3.2989999999999995 0.3955
3.2989999999999995 0.4065
-1.4 0.4065
5.2

IMD1b
4
-1.4 0.4065
3.2989999999999995 0.4065
3.2989999999999995 0.4665
-1.4 0.4665
2.8

IMD2a
4
-1.4 0.4665
3.2989999999999995 0.4665
3.2989999999999995 0.4875
-1.4 0.4875
5.2

IMD2b
4
-1.4 0.4875
3.2989999999999995 0.4875
3.2989999999999995 0.5025
-1.4 0.5025
4.2

IMD2c
4
-1.4 0.5025
3.2989999999999995 0.5025
3.2989999999999995 0.5265
-1.4 0.5265
3.28

IMD2d1+IMD2d2
4
-1.4 0.5265
3.2989999999999995 0.5265
3.2989999999999995 0.6535
-1.4 0.6535
2.65

IMD3a
4
-1.4 0.6535
3.2989999999999995 0.6535
3.2989999999999995 0.6745
-1.4 0.6745
5.2

IMD3b
4
-1.4 0.6745
3.2989999999999995 0.6745
3.2989999999999995 0.6895
-1.4 0.6895
4.2

IMD3c
4
-1.4 0.6895
3.2989999999999995 0.6895
3.2989999999999995 0.7135
-1.4 0.7135
3.28

IMD4a
4
-1.4 0.8405
3.2989999999999995 0.8405
3.2989999999999995 0.8615
-1.4 0.8615
5.2

IMD4b
4
-1.4 0.8615
3.2989999999999995 0.8615
3.2989999999999995 0.8765
-1.4 0.8765
4.2

IMD4c
4
-1.4 0.8765
3.2989999999999995 0.8765
3.2989999999999995 0.9005
-1.4 0.9005
3.28

IMD4d1+IMD4d2
4
-1.4 0.9005
3.2989999999999995 0.9005
3.2989999999999995 1.0275
-1.4 1.0275
2.65

IMD5a
4
-1.4 1.0275
3.2989999999999995 1.0275
3.2989999999999995 1.0485
-1.4 1.0485
5.2

IMD5b
4
-1.4 1.0485
3.2989999999999995 1.0485
3.2989999999999995 1.0635
-1.4 1.0635
4.2

IMD5c
4
-1.4 1.0635
3.2989999999999995 1.0635
3.2989999999999995 1.0875
-1.4 1.0875
3.28

IMD5d1+IMD5d2
4
-1.4 1.0875
3.2989999999999995 1.0875
3.2989999999999995 1.2145
-1.4 1.2145
2.65

IMD6a
4
-1.4 1.2145
3.2989999999999995 1.2145
3.2989999999999995 1.2355
-1.4 1.2355
5.2

IMD6b
4
-1.4 1.2355
3.2989999999999995 1.2355
3.2989999999999995 1.2505
-1.4 1.2505
4.2

IMD6c
4
-1.4 1.2505
3.2989999999999995 1.2505
3.2989999999999995 1.2745
-1.4 1.2745
3.28

IMD6d1+IMD6d2
4
-1.4 1.2745
3.2989999999999995 1.2745
3.2989999999999995 1.4015
-1.4 1.4015
2.65

IMD7a
4
-1.4 1.4015
3.2989999999999995 1.4015
3.2989999999999995 1.4765
-1.4 1.4765
5.2

IMD7b1+IMD7b2
4
-1.4 1.4765
3.2989999999999995 1.4765
3.2989999999999995 2.9765
-1.4 2.9765
4.2

IMD8a
4
-1.4 2.9765
3.2989999999999995 2.9765
3.2989999999999995 3.0515
-1.4 3.0515
5.2

IMD8b1+IMD8b2
4
-1.4 3.0515
3.2989999999999995 3.0515
3.2989999999999995 4.5515
-1.4 4.5515
4.2

PASS1
4
-1.4 4.5515
3.2989999999999995 4.5515
3.2989999999999995 4.6265
-1.4 4.6265
7.0

PASS2
4
-1.4 4.6265
3.2989999999999995 4.6265
3.2989999999999995 5.0265
-1.4 5.0265
4.2

PASS3
4
-1.4 5.0265
3.2989999999999995 5.0265
3.2989999999999995 5.1015
-1.4 5.1015
7.0

PASS4+PASS5
4
-1.4 5.1015
3.2989999999999995 5.1015
3.2989999999999995 6.0515
-1.4 6.0515
4.2

PASS6
4
-1.4 6.0515
3.2989999999999995 6.0515
3.2989999999999995 6.6515
-1.4 6.6515
7.0

air_Layer
4
-1.4 6.6515
3.2989999999999995 6.6515
3.2989999999999995 6.9485
-1.4 6.9485
1.0


4
-1.4 0.001
3.2989999999999995 0.001
3.2989999999999995 6.9485
-1.4 6.9485

