c1
4
-0.3525099999999999 1.3025
0.35251 1.3025
0.35849 1.4015
-0.35848999999999986 1.4015

5
botleft
4
-1.6024999999999998 -0.001
0 -0.001
0 0.001
-1.6024999999999998 0.001

botright
4
0 -0.001
3.3215000000000003 -0.001
3.3215000000000003 0.001
0 0.001

lEnv
4
-1.0995099999999998 1.3025
-0.3944899999999999 1.3025
-0.3885099999999999 1.4015
-1.1054899999999999 1.4015

c2
4
1.09649 1.3025
1.93651 1.3025
1.94249 1.4015
1.0905099999999999 1.4015

rEnv
4
1.97849 1.3025
2.81851 1.3025
2.82449 1.4015
1.97251 1.4015


57
IMD6d1_damage
4
-1.1089239999999998 1.2925
-0.3850759999999999 1.2925
-0.3844719999999999 1.3025
-1.1095279999999998 1.3025
3.1

IMD6d1_damage
4
-0.36192399999999986 1.2925
0.36192399999999997 1.2925
0.36252799999999996 1.3025
-0.36252799999999985 1.3025
3.1

IMD6d1_damage
4
1.087076 1.2925
1.945924 1.2925
1.946528 1.3025
1.0864719999999999 1.3025
3.1

IMD6d1_damage
4
1.969076 1.2925
2.827924 1.2925
2.828528 1.3025
1.968472 1.3025
3.1

IMD6d2_damage
4
-1.1045189999999998 1.3025
-1.0995099999999998 1.3025
-1.1054899999999999 1.4015
-1.110499 1.4015
2.9

IMD6d2_damage
4
-0.3944899999999999 1.3025
-0.3894809999999999 1.3025
-0.3835009999999999 1.4015
-0.3885099999999999 1.4015
2.9

IMD6d2_damage
4
-0.35751899999999986 1.3025
-0.3525099999999999 1.3025
-0.35848999999999986 1.4015
-0.36349899999999985 1.4015
2.9

IMD6d2_damage
4
0.35251 1.3025
0.357519 1.3025
0.36349899999999996 1.4015
0.35849 1.4015
2.9

IMD6d2_damage
4
1.091481 1.3025
1.09649 1.3025
1.0905099999999999 1.4015
1.0855009999999998 1.4015
2.9

IMD6d2_damage
4
1.93651 1.3025
1.941519 1.3025
1.947499 1.4015
1.94249 1.4015
2.9

IMD6d2_damage
4
1.973481 1.3025
1.97849 1.3025
1.97251 1.4015
1.967501 1.4015
2.9

IMD6d2_damage
4
2.81851 1.3025
2.8235189999999997 1.3025
2.8294989999999998 1.4015
2.82449 1.4015
2.9

IMD6d2
4
-1.6024999999999998 1.3025
-1.1045189999999998 1.3025
-1.110499 1.4015
-1.6024999999999998 1.4015
2.65

IMD6d2
4
-0.3894809999999999 1.3025
-0.35751899999999986 1.3025
-0.36349899999999985 1.4015
-0.3835009999999999 1.4015
2.65

IMD6d2
4
0.357519 1.3025
1.091481 1.3025
1.0855009999999998 1.4015
0.36349899999999996 1.4015
2.65

IMD6d2
4
1.941519 1.3025
1.973481 1.3025
1.967501 1.4015
1.947499 1.4015
2.65

IMD6d2
4
2.8235189999999997 1.3025
3.3215000000000003 1.3025
3.3215000000000003 1.4015
2.8294989999999998 1.4015
2.65

IMD6d1
4
-1.6024999999999998 1.2925
-1.1089239999999998 1.2925
-1.1095279999999998 1.3025
-1.6024999999999998 1.3025
2.65

IMD6d1
4
-0.3850759999999999 1.2925
-0.36192399999999986 1.2925
-0.36252799999999985 1.3025
-0.3844719999999999 1.3025
2.65

IMD6d1
4
0.36192399999999997 1.2925
1.087076 1.2925
1.0864719999999999 1.3025
0.36252799999999996 1.3025
2.65

IMD6d1
4
1.945924 1.2925
1.969076 1.2925
1.968472 1.3025
1.946528 1.3025
2.65

IMD6d1
4
2.827924 1.2925
3.3215000000000003 1.2925
3.3215000000000003 1.3025
2.828528 1.3025
2.65

IMD6d1
4
-1.6024999999999998 1.2745
3.3215000000000003 1.2745
3.3215000000000003 1.2925
-1.6024999999999998 1.2925
2.65

FOXA+FOXB+TOX
4
-1.6024999999999998 0.001
3.3215000000000003 0.001
3.3215000000000003 0.2665
-1.6024999999999998 0.2665
4.0

ILD1a
4
-1.6024999999999998 0.2665
3.3215000000000003 0.2665
3.3215000000000003 0.2765
-1.6024999999999998 0.2765
7.0

ILD1b1+ILD1b2+ILD1b3
4
-1.6024999999999998 0.2765
3.3215000000000003 0.2765
3.3215000000000003 0.3955
-1.6024999999999998 0.3955
4.0

IMD1a
4
-1.6024999999999998 0.3955
3.3215000000000003 0.3955
3.3215000000000003 0.4065
-1.6024999999999998 0.4065
5.2

IMD1b
4
-1.6024999999999998 0.4065
3.3215000000000003 0.4065
3.3215000000000003 0.4665
-1.6024999999999998 0.4665
2.8

IMD2a
4
-1.6024999999999998 0.4665
3.3215000000000003 0.4665
3.3215000000000003 0.4875
-1.6024999999999998 0.4875
5.2

IMD2b
4
-1.6024999999999998 0.4875
3.3215000000000003 0.4875
3.3215000000000003 0.5025
-1.6024999999999998 0.5025
4.2

IMD2c
4
-1.6024999999999998 0.5025
3.3215000000000003 0.5025
3.3215000000000003 0.5265
-1.6024999999999998 0.5265
3.28

IMD2d1+IMD2d2
4
-1.6024999999999998 0.5265
3.3215000000000003 0.5265
3.3215000000000003 0.6535
-1.6024999999999998 0.6535
2.65

IMD3a
4
-1.6024999999999998 0.6535
3.3215000000000003 0.6535
3.3215000000000003 0.6745
-1.6024999999999998 0.6745
5.2

IMD3b
4
-1.6024999999999998 0.6745
3.3215000000000003 0.6745
3.3215000000000003 0.6895
-1.6024999999999998 0.6895
4.2

IMD3c
4
-1.6024999999999998 0.6895
3.3215000000000003 0.6895
3.3215000000000003 0.7135
-1.6024999999999998 0.7135
3.28

IMD3d1+IMD3d2
4
-1.6024999999999998 0.7135
3.3215000000000003 0.7135
3.3215000000000003 0.8405
-1.6024999999999998 0.8405
2.65

IMD4a
4
-1.6024999999999998 0.8405
3.3215000000000003 0.8405
3.3215000000000003 0.8615
-1.6024999999999998 0.8615
5.2

IMD4b
4
-1.6024999999999998 0.8615
3.3215000000000003 0.8615
3.3215000000000003 0.8765
-1.6024999999999998 0.8765
4.2

IMD4c
4
-1.6024999999999998 0.8765
3.3215000000000003 0.8765
3.3215000000000003 0.9005
-1.6024999999999998 0.9005
3.28

IMD4d1+IMD4d2
4
-1.6024999999999998 0.9005
3.3215000000000003 0.9005
3.3215000000000003 1.0275
-1.6024999999999998 1.0275
2.65

IMD5a
4
-1.6024999999999998 1.0275
3.3215000000000003 1.0275
3.3215000000000003 1.0485
-1.6024999999999998 1.0485
5.2

IMD5b
4
-1.6024999999999998 1.0485
3.3215000000000003 1.0485
3.3215000000000003 1.0635
-1.6024999999999998 1.0635
4.2

IMD5c
4
-1.6024999999999998 1.0635
3.3215000000000003 1.0635
3.3215000000000003 1.0875
-1.6024999999999998 1.0875
3.28

IMD5d1+IMD5d2
4
-1.6024999999999998 1.0875
3.3215000000000003 1.0875
3.3215000000000003 1.2145
-1.6024999999999998 1.2145
2.65

IMD6a
4
-1.6024999999999998 1.2145
3.3215000000000003 1.2145
3.3215000000000003 1.2355
-1.6024999999999998 1.2355
5.2

IMD6b
4
-1.6024999999999998 1.2355
3.3215000000000003 1.2355
3.3215000000000003 1.2505
-1.6024999999999998 1.2505
4.2

IMD6c
4
-1.6024999999999998 1.2505
3.3215000000000003 1.2505
3.3215000000000003 1.2745
-1.6024999999999998 1.2745
3.28

IMD7a
4
-1.6024999999999998 1.4015
3.3215000000000003 1.4015
3.3215000000000003 1.4765
-1.6024999999999998 1.4765
5.2

IMD7b1+IMD7b2
4
-1.6024999999999998 1.4765
3.3215000000000003 1.4765
3.3215000000000003 2.9765
-1.6024999999999998 2.9765
4.2

IMD8a
4
-1.6024999999999998 2.9765
3.3215000000000003 2.9765
3.3215000000000003 3.0515
-1.6024999999999998 3.0515
5.2

IMD8b1+IMD8b2
4
-1.6024999999999998 3.0515
3.3215000000000003 3.0515
3.3215000000000003 4.5515
-1.6024999999999998 4.5515
4.2

PASS1
4
-1.6024999999999998 4.5515
3.3215000000000003 4.5515
3.3215000000000003 4.6265
-1.6024999999999998 4.6265
7.0

PASS2
4
-1.6024999999999998 4.6265
3.3215000000000003 4.6265
3.3215000000000003 5.0265
-1.6024999999999998 5.0265
4.2

PASS3
4
-1.6024999999999998 5.0265
3.3215000000000003 5.0265
3.3215000000000003 5.1015
-1.6024999999999998 5.1015
7.0

PASS4+PASS5
4
-1.6024999999999998 5.1015
3.3215000000000003 5.1015
3.3215000000000003 6.0515
-1.6024999999999998 6.0515
4.2

PASS6
4
-1.6024999999999998 6.0515
3.3215000000000003 6.0515
3.3215000000000003 6.6515
-1.6024999999999998 6.6515
7.0

air_Layer
4
-1.6024999999999998 6.6515
3.3215000000000003 6.6515
3.3215000000000003 6.9485
-1.6024999999999998 6.9485
1.0


4
-1.6024999999999998 0.001
3.3215000000000003 0.001
3.3215000000000003 6.9485
-1.6024999999999998 6.9485

