c1
4
-0.21592000000000006 0.37050000000000005
0.21592000000000006 0.37050000000000005
0.22508000000000006 0.4665
-0.22508000000000006 0.4665

5
botleft
4
-1.2875 -0.001
0 -0.001
0 0.001
-1.2875 0.001

botright
4
0 -0.001
3.3665 -0.001
3.3665 0.001
0 0.001

lEnv
4
-0.7829200000000001 0.37050000000000005
-0.35108 0.37050000000000005
-0.34192 0.4665
-0.79208 0.4665

c2
4
0.78308 0.37050000000000005
1.7549200000000003 0.37050000000000005
1.7640800000000003 0.4665
0.77392 0.4665

rEnv
4
1.8900800000000002 0.37050000000000005
2.86192 0.37050000000000005
2.87108 0.4665
1.8809200000000001 0.4665


48
IMD1b
4
-1.2875 0.40650000000000003
-0.786355 0.40650000000000003
-0.79208 0.4665
-1.2875 0.4665
2.8

IMD1b
4
-0.347645 0.40650000000000003
-0.21935500000000005 0.40650000000000003
-0.22508000000000006 0.4665
-0.34192 0.4665
2.8

IMD1b
4
0.21935500000000005 0.40650000000000003
0.779645 0.40650000000000003
0.77392 0.4665
0.22508000000000006 0.4665
2.8

IMD1b
4
1.7583550000000003 0.40650000000000003
1.8866450000000001 0.40650000000000003
1.8809200000000001 0.4665
1.7640800000000003 0.4665
2.8

IMD1b
4
2.865355 0.40650000000000003
3.3665 0.40650000000000003
3.3665 0.4665
2.87108 0.4665
2.8

IMD1a
4
-1.2875 0.3955
-0.7853054166666666 0.3955
-0.786355 0.40650000000000003
-1.2875 0.40650000000000003
5.2

IMD1a
4
-0.3486945833333333 0.3955
-0.21830541666666672 0.3955
-0.21935500000000005 0.40650000000000003
-0.347645 0.40650000000000003
5.2

IMD1a
4
0.21830541666666672 0.3955
0.7806945833333334 0.3955
0.779645 0.40650000000000003
0.21935500000000005 0.40650000000000003
5.2

IMD1a
4
1.757305416666667 0.3955
1.8876945833333334 0.3955
1.8866450000000001 0.40650000000000003
1.7583550000000003 0.40650000000000003
5.2

IMD1a
4
2.864305416666667 0.3955
3.3665 0.3955
3.3665 0.40650000000000003
2.865355 0.40650000000000003
5.2

ILD1b3
4
-1.2875 0.37050000000000005
-0.7829200000000001 0.37050000000000005
-0.7853054166666666 0.3955
-1.2875 0.3955
4

ILD1b3
4
-0.35108 0.37050000000000005
-0.21592000000000006 0.37050000000000005
-0.21830541666666672 0.3955
-0.3486945833333333 0.3955
4

ILD1b3
4
0.21592000000000006 0.37050000000000005
0.78308 0.37050000000000005
0.7806945833333334 0.3955
0.21830541666666672 0.3955
4

ILD1b3
4
1.7549200000000003 0.37050000000000005
1.8900800000000002 0.37050000000000005
1.8876945833333334 0.3955
1.757305416666667 0.3955
4

ILD1b3
4
2.86192 0.37050000000000005
3.3665 0.37050000000000005
3.3665 0.3955
2.864305416666667 0.3955
4

ILD1b1+ILD1b2
4
-1.2875 0.2765
3.3665 0.2765
3.3665 0.37050000000000005
-1.2875 0.37050000000000005
4

FOXA+FOXB+TOX
4
-1.2875 0.001
3.3665 0.001
3.3665 0.2665
-1.2875 0.2665
4.0

ILD1a
4
-1.2875 0.2665
3.3665 0.2665
3.3665 0.2765
-1.2875 0.2765
7.0

IMD2a
4
-1.2875 0.4665
3.3665 0.4665
3.3665 0.4875
-1.2875 0.4875
5.2

IMD2b
4
-1.2875 0.4875
3.3665 0.4875
3.3665 0.5025
-1.2875 0.5025
4.2

IMD2c
4
-1.2875 0.5025
3.3665 0.5025
3.3665 0.5265
-1.2875 0.5265
3.28

IMD2d1+IMD2d2
4
-1.2875 0.5265
3.3665 0.5265
3.3665 0.6535
-1.2875 0.6535
2.65

IMD3a
4
-1.2875 0.6535
3.3665 0.6535
3.3665 0.6745
-1.2875 0.6745
5.2

IMD3b
4
-1.2875 0.6745
3.3665 0.6745
3.3665 0.6895
-1.2875 0.6895
4.2

IMD3c
4
-1.2875 0.6895
3.3665 0.6895
3.3665 0.7135
-1.2875 0.7135
3.28

IMD3d1+IMD3d2
4
-1.2875 0.7135
3.3665 0.7135
3.3665 0.8405
-1.2875 0.8405
2.65

IMD4a
4
-1.2875 0.8405
3.3665 0.8405
3.3665 0.8615
-1.2875 0.8615
5.2

IMD4b
4
-1.2875 0.8615
3.3665 0.8615
3.3665 0.8765
-1.2875 0.8765
4.2

IMD4c
4
-1.2875 0.8765
3.3665 0.8765
3.3665 0.9005
-1.2875 0.9005
3.28

IMD4d1+IMD4d2
4
-1.2875 0.9005
3.3665 0.9005
3.3665 1.0275
-1.2875 1.0275
2.65

IMD5a
4
-1.2875 1.0275
3.3665 1.0275
3.3665 1.0485
-1.2875 1.0485
5.2

IMD5b
4
-1.2875 1.0485
3.3665 1.0485
3.3665 1.0635
-1.2875 1.0635
4.2

IMD5c
4
-1.2875 1.0635
3.3665 1.0635
3.3665 1.0875
-1.2875 1.0875
3.28

IMD5d1+IMD5d2
4
-1.2875 1.0875
3.3665 1.0875
3.3665 1.2145
-1.2875 1.2145
2.65

IMD6a
4
-1.2875 1.2145
3.3665 1.2145
3.3665 1.2355
-1.2875 1.2355
5.2

IMD6b
4
-1.2875 1.2355
3.3665 1.2355
3.3665 1.2505
-1.2875 1.2505
4.2

IMD6c
4
-1.2875 1.2505
3.3665 1.2505
3.3665 1.2745
-1.2875 1.2745
3.28

IMD6d1+IMD6d2
4
-1.2875 1.2745
3.3665 1.2745
3.3665 1.4015
-1.2875 1.4015
2.65

IMD7a
4
-1.2875 1.4015
3.3665 1.4015
3.3665 1.4765
-1.2875 1.4765
5.2

IMD7b1+IMD7b2
4
-1.2875 1.4765
3.3665 1.4765
3.3665 2.9765
-1.2875 2.9765
4.2

IMD8a
4
-1.2875 2.9765
3.3665 2.9765
3.3665 3.0515
-1.2875 3.0515
5.2

IMD8b1+IMD8b2
4
-1.2875 3.0515
3.3665 3.0515
3.3665 4.5515
-1.2875 4.5515
4.2

PASS1
4
-1.2875 4.5515
3.3665 4.5515
3.3665 4.6265
-1.2875 4.6265
7.0

PASS2
4
-1.2875 4.6265
3.3665 4.6265
3.3665 5.0265
-1.2875 5.0265
4.2

PASS3
4
-1.2875 5.0265
3.3665 5.0265
3.3665 5.1015
-1.2875 5.1015
7.0

PASS4+PASS5
4
-1.2875 5.1015
3.3665 5.1015
3.3665 6.0515
-1.2875 6.0515
4.2

PASS6
4
-1.2875 6.0515
3.3665 6.0515
3.3665 6.6515
-1.2875 6.6515
7.0

air_Layer
4
-1.2875 6.6515
3.3665 6.6515
3.3665 6.9485
-1.2875 6.9485
1.0


4
-1.2875 0.001
3.3665 0.001
3.3665 6.9485
-1.2875 6.9485

