c1
4
-0.060009999999999994 1.1155
0.060009999999999994 1.1155
0.06599 1.2145
-0.06599 1.2145

5
botleft
4
-0.905 -0.001
0 -0.001
0 0.001
-0.905 0.001

botright
4
0 -0.001
3.164 -0.001
3.164 0.001
0 0.001

lEnv
4
-0.40201 1.1155
-0.28198999999999996 1.1155
-0.27601 1.2145
-0.40798999999999996 1.2145

c2
4
0.48899000000000004 1.1155
1.46401 1.1155
1.4699900000000001 1.2145
0.48301000000000005 1.2145

rEnv
4
1.6859900000000003 1.1155
2.66101 1.1155
2.66699 1.2145
1.6800100000000002 1.2145


57
IMD5d1_damage
4
-0.41142399999999996 1.1055
-0.272576 1.1055
-0.271972 1.1155
-0.41202799999999995 1.1155
3.1

IMD5d1_damage
4
-0.069424 1.1055
0.069424 1.1055
0.07002799999999999 1.1155
-0.07002799999999999 1.1155
3.1

IMD5d1_damage
4
0.47957600000000006 1.1055
1.473424 1.1055
1.4740280000000001 1.1155
0.47897200000000006 1.1155
3.1

IMD5d1_damage
4
1.6765760000000003 1.1055
2.670424 1.1055
2.671028 1.1155
1.6759720000000002 1.1155
3.1

IMD5d2_damage
4
-0.40701899999999996 1.1155
-0.40201 1.1155
-0.40798999999999996 1.2145
-0.41299899999999995 1.2145
2.9

IMD5d2_damage
4
-0.28198999999999996 1.1155
-0.276981 1.1155
-0.271001 1.2145
-0.27601 1.2145
2.9

IMD5d2_damage
4
-0.065019 1.1155
-0.060009999999999994 1.1155
-0.06599 1.2145
-0.07099899999999999 1.2145
2.9

IMD5d2_damage
4
0.060009999999999994 1.1155
0.065019 1.1155
0.07099899999999999 1.2145
0.06599 1.2145
2.9

IMD5d2_damage
4
0.48398100000000005 1.1155
0.48899000000000004 1.1155
0.48301000000000005 1.2145
0.47800100000000006 1.2145
2.9

IMD5d2_damage
4
1.46401 1.1155
1.469019 1.1155
1.4749990000000002 1.2145
1.4699900000000001 1.2145
2.9

IMD5d2_damage
4
1.6809810000000003 1.1155
1.6859900000000003 1.1155
1.6800100000000002 1.2145
1.6750010000000002 1.2145
2.9

IMD5d2_damage
4
2.66101 1.1155
2.666019 1.1155
2.671999 1.2145
2.66699 1.2145
2.9

IMD5d2
4
-0.905 1.1155
-0.40701899999999996 1.1155
-0.41299899999999995 1.2145
-0.905 1.2145
2.65

IMD5d2
4
-0.276981 1.1155
-0.065019 1.1155
-0.07099899999999999 1.2145
-0.271001 1.2145
2.65

IMD5d2
4
0.065019 1.1155
0.48398100000000005 1.1155
0.47800100000000006 1.2145
0.07099899999999999 1.2145
2.65

IMD5d2
4
1.469019 1.1155
1.6809810000000003 1.1155
1.6750010000000002 1.2145
1.4749990000000002 1.2145
2.65

IMD5d2
4
2.666019 1.1155
3.164 1.1155
3.164 1.2145
2.671999 1.2145
2.65

IMD5d1
4
-0.905 1.1055
-0.41142399999999996 1.1055
-0.41202799999999995 1.1155
-0.905 1.1155
2.65

IMD5d1
4
-0.272576 1.1055
-0.069424 1.1055
-0.07002799999999999 1.1155
-0.271972 1.1155
2.65

IMD5d1
4
0.069424 1.1055
0.47957600000000006 1.1055
0.47897200000000006 1.1155
0.07002799999999999 1.1155
2.65

IMD5d1
4
1.473424 1.1055
1.6765760000000003 1.1055
1.6759720000000002 1.1155
1.4740280000000001 1.1155
2.65

IMD5d1
4
2.670424 1.1055
3.164 1.1055
3.164 1.1155
2.671028 1.1155
2.65

IMD5d1
4
-0.905 1.0875
3.164 1.0875
3.164 1.1055
-0.905 1.1055
2.65

FOXA+FOXB+TOX
4
-0.905 0.001
3.164 0.001
3.164 0.2665
-0.905 0.2665
4.0

ILD1a
4
-0.905 0.2665
3.164 0.2665
3.164 0.2765
-0.905 0.2765
7.0

ILD1b1+ILD1b2+ILD1b3
4
-0.905 0.2765
3.164 0.2765
3.164 0.3955
-0.905 0.3955
4.0

IMD1a
4
-0.905 0.3955
3.164 0.3955
3.164 0.4065
-0.905 0.4065
5.2

IMD1b
4
-0.905 0.4065
3.164 0.4065
3.164 0.4665
-0.905 0.4665
2.8

IMD2a
4
-0.905 0.4665
3.164 0.4665
3.164 0.4875
-0.905 0.4875
5.2

IMD2b
4
-0.905 0.4875
3.164 0.4875
3.164 0.5025
-0.905 0.5025
4.2

IMD2c
4
-0.905 0.5025
3.164 0.5025
3.164 0.5265
-0.905 0.5265
3.28

IMD2d1+IMD2d2
4
-0.905 0.5265
3.164 0.5265
3.164 0.6535
-0.905 0.6535
2.65

IMD3a
4
-0.905 0.6535
3.164 0.6535
3.164 0.6745
-0.905 0.6745
5.2

IMD3b
4
-0.905 0.6745
3.164 0.6745
3.164 0.6895
-0.905 0.6895
4.2

IMD3c
4
-0.905 0.6895
3.164 0.6895
3.164 0.7135
-0.905 0.7135
3.28

IMD3d1+IMD3d2
4
-0.905 0.7135
3.164 0.7135
3.164 0.8405
-0.905 0.8405
2.65

IMD4a
4
-0.905 0.8405
3.164 0.8405
3.164 0.8615
-0.905 0.8615
5.2

IMD4b
4
-0.905 0.8615
3.164 0.8615
3.164 0.8765
-0.905 0.8765
4.2

IMD4c
4
-0.905 0.8765
3.164 0.8765
3.164 0.9005
-0.905 0.9005
3.28

IMD4d1+IMD4d2
4
-0.905 0.9005
3.164 0.9005
3.164 1.0275
-0.905 1.0275
2.65

IMD5a
4
-0.905 1.0275
3.164 1.0275
3.164 1.0485
-0.905 1.0485
5.2

IMD5b
4
-0.905 1.0485
3.164 1.0485
3.164 1.0635
-0.905 1.0635
4.2

IMD5c
4
-0.905 1.0635
3.164 1.0635
3.164 1.0875
-0.905 1.0875
3.28

IMD6a
4
-0.905 1.2145
3.164 1.2145
3.164 1.2355
-0.905 1.2355
5.2

IMD6b
4
-0.905 1.2355
3.164 1.2355
3.164 1.2505
-0.905 1.2505
4.2

IMD6c
4
-0.905 1.2505
3.164 1.2505
3.164 1.2745
-0.905 1.2745
3.28

IMD6d1+IMD6d2
4
-0.905 1.2745
3.164 1.2745
3.164 1.4015
-0.905 1.4015
2.65

IMD7a
4
-0.905 1.4015
3.164 1.4015
3.164 1.4765
-0.905 1.4765
5.2

IMD7b1+IMD7b2
4
-0.905 1.4765
3.164 1.4765
3.164 2.9765
-0.905 2.9765
4.2

IMD8a
4
-0.905 2.9765
3.164 2.9765
3.164 3.0515
-0.905 3.0515
5.2

IMD8b1+IMD8b2
4
-0.905 3.0515
3.164 3.0515
3.164 4.5515
-0.905 4.5515
4.2

PASS1
4
-0.905 4.5515
3.164 4.5515
3.164 4.6265
-0.905 4.6265
7.0

PASS2
4
-0.905 4.6265
3.164 4.6265
3.164 5.0265
-0.905 5.0265
4.2

PASS3
4
-0.905 5.0265
3.164 5.0265
3.164 5.1015
-0.905 5.1015
7.0

PASS4+PASS5
4
-0.905 5.1015
3.164 5.1015
3.164 6.0515
-0.905 6.0515
4.2

PASS6
4
-0.905 6.0515
3.164 6.0515
3.164 6.6515
-0.905 6.6515
7.0

air_Layer
4
-0.905 6.6515
3.164 6.6515
3.164 6.9485
-0.905 6.9485
1.0


4
-0.905 0.001
3.164 0.001
3.164 6.9485
-0.905 6.9485

