c1
4
-0.42001 0.5545
0.4200099999999999 0.5545
0.42598999999999987 0.6535
-0.42599 0.6535

5
botleft
4
-1.805 -0.001
0 -0.001
0 0.001
-1.805 0.001

botright
4
0 -0.001
3.524 -0.001
3.524 0.001
0 0.001

lEnv
4
-1.30201 0.5545
-0.46199 0.5545
-0.45601 0.6535
-1.30799 0.6535

c2
4
1.02899 0.5545
2.00401 0.5545
2.00999 0.6535
1.02301 0.6535

rEnv
4
2.0459899999999998 0.5545
3.0210099999999995 0.5545
3.0269899999999996 0.6535
2.0400099999999997 0.6535


57
IMD2d1_damage
4
-1.311424 0.5445
-0.45257600000000003 0.5445
-0.45197200000000004 0.5545
-1.312028 0.5545
3.1

IMD2d1_damage
4
-0.429424 0.5445
0.42942399999999986 0.5445
0.43002799999999985 0.5545
-0.43002799999999997 0.5545
3.1

IMD2d1_damage
4
1.019576 0.5445
2.013424 0.5445
2.014028 0.5545
1.018972 0.5545
3.1

IMD2d1_damage
4
2.0365759999999997 0.5445
3.0304239999999996 0.5445
3.0310279999999996 0.5545
2.0359719999999997 0.5545
3.1

IMD2d2_damage
4
-1.307019 0.5545
-1.30201 0.5545
-1.30799 0.6535
-1.312999 0.6535
2.9

IMD2d2_damage
4
-0.46199 0.5545
-0.456981 0.5545
-0.45100100000000004 0.6535
-0.45601 0.6535
2.9

IMD2d2_damage
4
-0.425019 0.5545
-0.42001 0.5545
-0.42599 0.6535
-0.43099899999999997 0.6535
2.9

IMD2d2_damage
4
0.4200099999999999 0.5545
0.42501899999999987 0.5545
0.43099899999999985 0.6535
0.42598999999999987 0.6535
2.9

IMD2d2_damage
4
1.023981 0.5545
1.02899 0.5545
1.02301 0.6535
1.018001 0.6535
2.9

IMD2d2_damage
4
2.00401 0.5545
2.009019 0.5545
2.014999 0.6535
2.00999 0.6535
2.9

IMD2d2_damage
4
2.040981 0.5545
2.0459899999999998 0.5545
2.0400099999999997 0.6535
2.035001 0.6535
2.9

IMD2d2_damage
4
3.0210099999999995 0.5545
3.0260189999999993 0.5545
3.0319989999999994 0.6535
3.0269899999999996 0.6535
2.9

IMD2d2
4
-1.805 0.5545
-1.307019 0.5545
-1.312999 0.6535
-1.805 0.6535
2.65

IMD2d2
4
-0.456981 0.5545
-0.425019 0.5545
-0.43099899999999997 0.6535
-0.45100100000000004 0.6535
2.65

IMD2d2
4
0.42501899999999987 0.5545
1.023981 0.5545
1.018001 0.6535
0.43099899999999985 0.6535
2.65

IMD2d2
4
2.009019 0.5545
2.040981 0.5545
2.035001 0.6535
2.014999 0.6535
2.65

IMD2d2
4
3.0260189999999993 0.5545
3.524 0.5545
3.524 0.6535
3.0319989999999994 0.6535
2.65

IMD2d1
4
-1.805 0.5445
-1.311424 0.5445
-1.312028 0.5545
-1.805 0.5545
2.65

IMD2d1
4
-0.45257600000000003 0.5445
-0.429424 0.5445
-0.43002799999999997 0.5545
-0.45197200000000004 0.5545
2.65

IMD2d1
4
0.42942399999999986 0.5445
1.019576 0.5445
1.018972 0.5545
0.43002799999999985 0.5545
2.65

IMD2d1
4
2.013424 0.5445
2.0365759999999997 0.5445
2.0359719999999997 0.5545
2.014028 0.5545
2.65

IMD2d1
4
3.0304239999999996 0.5445
3.524 0.5445
3.524 0.5545
3.0310279999999996 0.5545
2.65

IMD2d1
4
-1.805 0.5265
3.524 0.5265
3.524 0.5445
-1.805 0.5445
2.65

FOXA+FOXB+TOX
4
-1.805 0.001
3.524 0.001
3.524 0.2665
-1.805 0.2665
4.0

ILD1a
4
-1.805 0.2665
3.524 0.2665
3.524 0.2765
-1.805 0.2765
7.0

ILD1b1+ILD1b2+ILD1b3
4
-1.805 0.2765
3.524 0.2765
3.524 0.3955
-1.805 0.3955
4.0

IMD1a
4
-1.805 0.3955
3.524 0.3955
3.524 0.4065
-1.805 0.4065
5.2

IMD1b
4
-1.805 0.4065
3.524 0.4065
3.524 0.4665
-1.805 0.4665
2.8

IMD2a
4
-1.805 0.4665
3.524 0.4665
3.524 0.4875
-1.805 0.4875
5.2

IMD2b
4
-1.805 0.4875
3.524 0.4875
3.524 0.5025
-1.805 0.5025
4.2

IMD2c
4
-1.805 0.5025
3.524 0.5025
3.524 0.5265
-1.805 0.5265
3.28

IMD3a
4
-1.805 0.6535
3.524 0.6535
3.524 0.6745
-1.805 0.6745
5.2

IMD3b
4
-1.805 0.6745
3.524 0.6745
3.524 0.6895
-1.805 0.6895
4.2

IMD3c
4
-1.805 0.6895
3.524 0.6895
3.524 0.7135
-1.805 0.7135
3.28

IMD3d1+IMD3d2
4
-1.805 0.7135
3.524 0.7135
3.524 0.8405
-1.805 0.8405
2.65

IMD4a
4
-1.805 0.8405
3.524 0.8405
3.524 0.8615
-1.805 0.8615
5.2

IMD4b
4
-1.805 0.8615
3.524 0.8615
3.524 0.8765
-1.805 0.8765
4.2

IMD4c
4
-1.805 0.8765
3.524 0.8765
3.524 0.9005
-1.805 0.9005
3.28

IMD4d1+IMD4d2
4
-1.805 0.9005
3.524 0.9005
3.524 1.0275
-1.805 1.0275
2.65

IMD5a
4
-1.805 1.0275
3.524 1.0275
3.524 1.0485
-1.805 1.0485
5.2

IMD5b
4
-1.805 1.0485
3.524 1.0485
3.524 1.0635
-1.805 1.0635
4.2

IMD5c
4
-1.805 1.0635
3.524 1.0635
3.524 1.0875
-1.805 1.0875
3.28

IMD5d1+IMD5d2
4
-1.805 1.0875
3.524 1.0875
3.524 1.2145
-1.805 1.2145
2.65

IMD6a
4
-1.805 1.2145
3.524 1.2145
3.524 1.2355
-1.805 1.2355
5.2

IMD6b
4
-1.805 1.2355
3.524 1.2355
3.524 1.2505
-1.805 1.2505
4.2

IMD6c
4
-1.805 1.2505
3.524 1.2505
3.524 1.2745
-1.805 1.2745
3.28

IMD6d1+IMD6d2
4
-1.805 1.2745
3.524 1.2745
3.524 1.4015
-1.805 1.4015
2.65

IMD7a
4
-1.805 1.4015
3.524 1.4015
3.524 1.4765
-1.805 1.4765
5.2

IMD7b1+IMD7b2
4
-1.805 1.4765
3.524 1.4765
3.524 2.9765
-1.805 2.9765
4.2

IMD8a
4
-1.805 2.9765
3.524 2.9765
3.524 3.0515
-1.805 3.0515
5.2

IMD8b1+IMD8b2
4
-1.805 3.0515
3.524 3.0515
3.524 4.5515
-1.805 4.5515
4.2

PASS1
4
-1.805 4.5515
3.524 4.5515
3.524 4.6265
-1.805 4.6265
7.0

PASS2
4
-1.805 4.6265
3.524 4.6265
3.524 5.0265
-1.805 5.0265
4.2

PASS3
4
-1.805 5.0265
3.524 5.0265
3.524 5.1015
-1.805 5.1015
7.0

PASS4+PASS5
4
-1.805 5.1015
3.524 5.1015
3.524 6.0515
-1.805 6.0515
4.2

PASS6
4
-1.805 6.0515
3.524 6.0515
3.524 6.6515
-1.805 6.6515
7.0

air_Layer
4
-1.805 6.6515
3.524 6.6515
3.524 6.9485
-1.805 6.9485
1.0


4
-1.805 0.001
3.524 0.001
3.524 6.9485
-1.805 6.9485

