c1
4
-0.013420000000000017 0.37050000000000005
0.01341999999999999 0.37050000000000005
0.02257999999999999 0.4665
-0.022580000000000017 0.4665

5
botleft
4
-0.68 -0.001
0 -0.001
0 0.001
-0.68 0.001

botright
4
0 -0.001
2.9840000000000004 -0.001
2.9840000000000004 0.001
0 0.001

lEnv
4
-0.17542000000000002 0.37050000000000005
-0.14858000000000002 0.37050000000000005
-0.13942000000000002 0.4665
-0.18458000000000002 0.4665

c2
4
0.40058000000000005 0.37050000000000005
1.37242 0.37050000000000005
1.38158 0.4665
0.39142000000000005 0.4665

rEnv
4
1.5075800000000001 0.37050000000000005
2.47942 0.37050000000000005
2.4885800000000002 0.4665
1.49842 0.4665


48
IMD1b
4
-0.68 0.40650000000000003
-0.17885500000000001 0.40650000000000003
-0.18458000000000002 0.4665
-0.68 0.4665
2.8

IMD1b
4
-0.14514500000000002 0.40650000000000003
-0.016855000000000016 0.40650000000000003
-0.022580000000000017 0.4665
-0.13942000000000002 0.4665
2.8

IMD1b
4
0.016854999999999988 0.40650000000000003
0.397145 0.40650000000000003
0.39142000000000005 0.4665
0.02257999999999999 0.4665
2.8

IMD1b
4
1.375855 0.40650000000000003
1.504145 0.40650000000000003
1.49842 0.4665
1.38158 0.4665
2.8

IMD1b
4
2.4828550000000003 0.40650000000000003
2.9840000000000004 0.40650000000000003
2.9840000000000004 0.4665
2.4885800000000002 0.4665
2.8

IMD1a
4
-0.68 0.3955
-0.1778054166666667 0.3955
-0.17885500000000001 0.40650000000000003
-0.68 0.40650000000000003
5.2

IMD1a
4
-0.14619458333333335 0.3955
-0.015805416666666683 0.3955
-0.016855000000000016 0.40650000000000003
-0.14514500000000002 0.40650000000000003
5.2

IMD1a
4
0.015805416666666655 0.3955
0.39819458333333335 0.3955
0.397145 0.40650000000000003
0.016854999999999988 0.40650000000000003
5.2

IMD1a
4
1.3748054166666668 0.3955
1.5051945833333333 0.3955
1.504145 0.40650000000000003
1.375855 0.40650000000000003
5.2

IMD1a
4
2.481805416666667 0.3955
2.9840000000000004 0.3955
2.9840000000000004 0.40650000000000003
2.4828550000000003 0.40650000000000003
5.2

ILD1b3
4
-0.68 0.37050000000000005
-0.17542000000000002 0.37050000000000005
-0.1778054166666667 0.3955
-0.68 0.3955
4

ILD1b3
4
-0.14858000000000002 0.37050000000000005
-0.013420000000000017 0.37050000000000005
-0.015805416666666683 0.3955
-0.14619458333333335 0.3955
4

ILD1b3
4
0.01341999999999999 0.37050000000000005
0.40058000000000005 0.37050000000000005
0.39819458333333335 0.3955
0.015805416666666655 0.3955
4

ILD1b3
4
1.37242 0.37050000000000005
1.5075800000000001 0.37050000000000005
1.5051945833333333 0.3955
1.3748054166666668 0.3955
4

ILD1b3
4
2.47942 0.37050000000000005
2.9840000000000004 0.37050000000000005
2.9840000000000004 0.3955
2.481805416666667 0.3955
4

ILD1b1+ILD1b2
4
-0.68 0.2765
2.9840000000000004 0.2765
2.9840000000000004 0.37050000000000005
-0.68 0.37050000000000005
4

FOXA+FOXB+TOX
4
-0.68 0.001
2.9840000000000004 0.001
2.9840000000000004 0.2665
-0.68 0.2665
4.0

ILD1a
4
-0.68 0.2665
2.9840000000000004 0.2665
2.9840000000000004 0.2765
-0.68 0.2765
7.0

IMD2a
4
-0.68 0.4665
2.9840000000000004 0.4665
2.9840000000000004 0.4875
-0.68 0.4875
5.2

IMD2b
4
-0.68 0.4875
2.9840000000000004 0.4875
2.9840000000000004 0.5025
-0.68 0.5025
4.2

IMD2c
4
-0.68 0.5025
2.9840000000000004 0.5025
2.9840000000000004 0.5265
-0.68 0.5265
3.28

IMD2d1+IMD2d2
4
-0.68 0.5265
2.9840000000000004 0.5265
2.9840000000000004 0.6535
-0.68 0.6535
2.65

IMD3a
4
-0.68 0.6535
2.9840000000000004 0.6535
2.9840000000000004 0.6745
-0.68 0.6745
5.2

IMD3b
4
-0.68 0.6745
2.9840000000000004 0.6745
2.9840000000000004 0.6895
-0.68 0.6895
4.2

IMD3c
4
-0.68 0.6895
2.9840000000000004 0.6895
2.9840000000000004 0.7135
-0.68 0.7135
3.28

IMD3d1+IMD3d2
4
-0.68 0.7135
2.9840000000000004 0.7135
2.9840000000000004 0.8405
-0.68 0.8405
2.65

IMD4a
4
-0.68 0.8405
2.9840000000000004 0.8405
2.9840000000000004 0.8615
-0.68 0.8615
5.2

IMD4b
4
-0.68 0.8615
2.9840000000000004 0.8615
2.9840000000000004 0.8765
-0.68 0.8765
4.2

IMD4c
4
-0.68 0.8765
2.9840000000000004 0.8765
2.9840000000000004 0.9005
-0.68 0.9005
3.28

IMD4d1+IMD4d2
4
-0.68 0.9005
2.9840000000000004 0.9005
2.9840000000000004 1.0275
-0.68 1.0275
2.65

IMD5a
4
-0.68 1.0275
2.9840000000000004 1.0275
2.9840000000000004 1.0485
-0.68 1.0485
5.2

IMD5b
4
-0.68 1.0485
2.9840000000000004 1.0485
2.9840000000000004 1.0635
-0.68 1.0635
4.2

IMD5c
4
-0.68 1.0635
2.9840000000000004 1.0635
2.9840000000000004 1.0875
-0.68 1.0875
3.28

IMD5d1+IMD5d2
4
-0.68 1.0875
2.9840000000000004 1.0875
2.9840000000000004 1.2145
-0.68 1.2145
2.65

IMD6a
4
-0.68 1.2145
2.9840000000000004 1.2145
2.9840000000000004 1.2355
-0.68 1.2355
5.2

IMD6b
4
-0.68 1.2355
2.9840000000000004 1.2355
2.9840000000000004 1.2505
-0.68 1.2505
4.2

IMD6c
4
-0.68 1.2505
2.9840000000000004 1.2505
2.9840000000000004 1.2745
-0.68 1.2745
3.28

IMD6d1+IMD6d2
4
-0.68 1.2745
2.9840000000000004 1.2745
2.9840000000000004 1.4015
-0.68 1.4015
2.65

IMD7a
4
-0.68 1.4015
2.9840000000000004 1.4015
2.9840000000000004 1.4765
-0.68 1.4765
5.2

IMD7b1+IMD7b2
4
-0.68 1.4765
2.9840000000000004 1.4765
2.9840000000000004 2.9765
-0.68 2.9765
4.2

IMD8a
4
-0.68 2.9765
2.9840000000000004 2.9765
2.9840000000000004 3.0515
-0.68 3.0515
5.2

IMD8b1+IMD8b2
4
-0.68 3.0515
2.9840000000000004 3.0515
2.9840000000000004 4.5515
-0.68 4.5515
4.2

PASS1
4
-0.68 4.5515
2.9840000000000004 4.5515
2.9840000000000004 4.6265
-0.68 4.6265
7.0

PASS2
4
-0.68 4.6265
2.9840000000000004 4.6265
2.9840000000000004 5.0265
-0.68 5.0265
4.2

PASS3
4
-0.68 5.0265
2.9840000000000004 5.0265
2.9840000000000004 5.1015
-0.68 5.1015
7.0

PASS4+PASS5
4
-0.68 5.1015
2.9840000000000004 5.1015
2.9840000000000004 6.0515
-0.68 6.0515
4.2

PASS6
4
-0.68 6.0515
2.9840000000000004 6.0515
2.9840000000000004 6.6515
-0.68 6.6515
7.0

air_Layer
4
-0.68 6.6515
2.9840000000000004 6.6515
2.9840000000000004 6.9485
-0.68 6.9485
1.0


4
-0.68 0.001
2.9840000000000004 0.001
2.9840000000000004 6.9485
-0.68 6.9485

