c1
4
-0.060009999999999994 1.1155
0.060009999999999994 1.1155
0.06599 1.2145
-0.06599 1.2145

5
botleft
4
-0.815 -0.001
0 -0.001
0 0.001
-0.815 0.001

botright
4
0 -0.001
3.4339999999999997 -0.001
3.4339999999999997 0.001
0 0.001

lEnv
4
-0.31201 1.1155
-0.19199 1.1155
-0.18600999999999998 1.2145
-0.31799 1.2145

c2
4
0.84899 1.1155
1.82401 1.1155
1.82999 1.2145
0.84301 1.2145

rEnv
4
1.95599 1.1155
2.9310099999999997 1.1155
2.9369899999999998 1.2145
1.9500099999999998 1.2145


57
IMD5d1_damage
4
-0.321424 1.1055
-0.18257599999999996 1.1055
-0.18197199999999997 1.1155
-0.322028 1.1155
3.1

IMD5d1_damage
4
-0.069424 1.1055
0.069424 1.1055
0.07002799999999999 1.1155
-0.07002799999999999 1.1155
3.1

IMD5d1_damage
4
0.8395760000000001 1.1055
1.833424 1.1055
1.834028 1.1155
0.838972 1.1155
3.1

IMD5d1_damage
4
1.9465759999999999 1.1055
2.9404239999999997 1.1055
2.9410279999999998 1.1155
1.9459719999999998 1.1155
3.1

IMD5d2_damage
4
-0.317019 1.1155
-0.31201 1.1155
-0.31799 1.2145
-0.322999 1.2145
2.9

IMD5d2_damage
4
-0.19199 1.1155
-0.18698099999999998 1.1155
-0.18100099999999997 1.2145
-0.18600999999999998 1.2145
2.9

IMD5d2_damage
4
-0.065019 1.1155
-0.060009999999999994 1.1155
-0.06599 1.2145
-0.07099899999999999 1.2145
2.9

IMD5d2_damage
4
0.060009999999999994 1.1155
0.065019 1.1155
0.07099899999999999 1.2145
0.06599 1.2145
2.9

IMD5d2_damage
4
0.843981 1.1155
0.84899 1.1155
0.84301 1.2145
0.838001 1.2145
2.9

IMD5d2_damage
4
1.82401 1.1155
1.829019 1.1155
1.834999 1.2145
1.82999 1.2145
2.9

IMD5d2_damage
4
1.9509809999999999 1.1155
1.95599 1.1155
1.9500099999999998 1.2145
1.9450009999999998 1.2145
2.9

IMD5d2_damage
4
2.9310099999999997 1.1155
2.9360189999999995 1.1155
2.9419989999999996 1.2145
2.9369899999999998 1.2145
2.9

IMD5d2
4
-0.815 1.1155
-0.317019 1.1155
-0.322999 1.2145
-0.815 1.2145
2.65

IMD5d2
4
-0.18698099999999998 1.1155
-0.065019 1.1155
-0.07099899999999999 1.2145
-0.18100099999999997 1.2145
2.65

IMD5d2
4
0.065019 1.1155
0.843981 1.1155
0.838001 1.2145
0.07099899999999999 1.2145
2.65

IMD5d2
4
1.829019 1.1155
1.9509809999999999 1.1155
1.9450009999999998 1.2145
1.834999 1.2145
2.65

IMD5d2
4
2.9360189999999995 1.1155
3.4339999999999997 1.1155
3.4339999999999997 1.2145
2.9419989999999996 1.2145
2.65

IMD5d1
4
-0.815 1.1055
-0.321424 1.1055
-0.322028 1.1155
-0.815 1.1155
2.65

IMD5d1
4
-0.18257599999999996 1.1055
-0.069424 1.1055
-0.07002799999999999 1.1155
-0.18197199999999997 1.1155
2.65

IMD5d1
4
0.069424 1.1055
0.8395760000000001 1.1055
0.838972 1.1155
0.07002799999999999 1.1155
2.65

IMD5d1
4
1.833424 1.1055
1.9465759999999999 1.1055
1.9459719999999998 1.1155
1.834028 1.1155
2.65

IMD5d1
4
2.9404239999999997 1.1055
3.4339999999999997 1.1055
3.4339999999999997 1.1155
2.9410279999999998 1.1155
2.65

IMD5d1
4
-0.815 1.0875
3.4339999999999997 1.0875
3.4339999999999997 1.1055
-0.815 1.1055
2.65

FOXA+FOXB+TOX
4
-0.815 0.001
3.4339999999999997 0.001
3.4339999999999997 0.2665
-0.815 0.2665
4.0

ILD1a
4
-0.815 0.2665
3.4339999999999997 0.2665
3.4339999999999997 0.2765
-0.815 0.2765
7.0

ILD1b1+ILD1b2+ILD1b3
4
-0.815 0.2765
3.4339999999999997 0.2765
3.4339999999999997 0.3955
-0.815 0.3955
4.0

IMD1a
4
-0.815 0.3955
3.4339999999999997 0.3955
3.4339999999999997 0.4065
-0.815 0.4065
5.2

IMD1b
4
-0.815 0.4065
3.4339999999999997 0.4065
3.4339999999999997 0.4665
-0.815 0.4665
2.8

IMD2a
4
-0.815 0.4665
3.4339999999999997 0.4665
3.4339999999999997 0.4875
-0.815 0.4875
5.2

IMD2b
4
-0.815 0.4875
3.4339999999999997 0.4875
3.4339999999999997 0.5025
-0.815 0.5025
4.2

IMD2c
4
-0.815 0.5025
3.4339999999999997 0.5025
3.4339999999999997 0.5265
-0.815 0.5265
3.28

IMD2d1+IMD2d2
4
-0.815 0.5265
3.4339999999999997 0.5265
3.4339999999999997 0.6535
-0.815 0.6535
2.65

IMD3a
4
-0.815 0.6535
3.4339999999999997 0.6535
3.4339999999999997 0.6745
-0.815 0.6745
5.2

IMD3b
4
-0.815 0.6745
3.4339999999999997 0.6745
3.4339999999999997 0.6895
-0.815 0.6895
4.2

IMD3c
4
-0.815 0.6895
3.4339999999999997 0.6895
3.4339999999999997 0.7135
-0.815 0.7135
3.28

IMD3d1+IMD3d2
4
-0.815 0.7135
3.4339999999999997 0.7135
3.4339999999999997 0.8405
-0.815 0.8405
2.65

IMD4a
4
-0.815 0.8405
3.4339999999999997 0.8405
3.4339999999999997 0.8615
-0.815 0.8615
5.2

IMD4b
4
-0.815 0.8615
3.4339999999999997 0.8615
3.4339999999999997 0.8765
-0.815 0.8765
4.2

IMD4c
4
-0.815 0.8765
3.4339999999999997 0.8765
3.4339999999999997 0.9005
-0.815 0.9005
3.28

IMD4d1+IMD4d2
4
-0.815 0.9005
3.4339999999999997 0.9005
3.4339999999999997 1.0275
-0.815 1.0275
2.65

IMD5a
4
-0.815 1.0275
3.4339999999999997 1.0275
3.4339999999999997 1.0485
-0.815 1.0485
5.2

IMD5b
4
-0.815 1.0485
3.4339999999999997 1.0485
3.4339999999999997 1.0635
-0.815 1.0635
4.2

IMD5c
4
-0.815 1.0635
3.4339999999999997 1.0635
3.4339999999999997 1.0875
-0.815 1.0875
3.28

IMD6a
4
-0.815 1.2145
3.4339999999999997 1.2145
3.4339999999999997 1.2355
-0.815 1.2355
5.2

IMD6b
4
-0.815 1.2355
3.4339999999999997 1.2355
3.4339999999999997 1.2505
-0.815 1.2505
4.2

IMD6c
4
-0.815 1.2505
3.4339999999999997 1.2505
3.4339999999999997 1.2745
-0.815 1.2745
3.28

IMD6d1+IMD6d2
4
-0.815 1.2745
3.4339999999999997 1.2745
3.4339999999999997 1.4015
-0.815 1.4015
2.65

IMD7a
4
-0.815 1.4015
3.4339999999999997 1.4015
3.4339999999999997 1.4765
-0.815 1.4765
5.2

IMD7b1+IMD7b2
4
-0.815 1.4765
3.4339999999999997 1.4765
3.4339999999999997 2.9765
-0.815 2.9765
4.2

IMD8a
4
-0.815 2.9765
3.4339999999999997 2.9765
3.4339999999999997 3.0515
-0.815 3.0515
5.2

IMD8b1+IMD8b2
4
-0.815 3.0515
3.4339999999999997 3.0515
3.4339999999999997 4.5515
-0.815 4.5515
4.2

PASS1
4
-0.815 4.5515
3.4339999999999997 4.5515
3.4339999999999997 4.6265
-0.815 4.6265
7.0

PASS2
4
-0.815 4.6265
3.4339999999999997 4.6265
3.4339999999999997 5.0265
-0.815 5.0265
4.2

PASS3
4
-0.815 5.0265
3.4339999999999997 5.0265
3.4339999999999997 5.1015
-0.815 5.1015
7.0

PASS4+PASS5
4
-0.815 5.1015
3.4339999999999997 5.1015
3.4339999999999997 6.0515
-0.815 6.0515
4.2

PASS6
4
-0.815 6.0515
3.4339999999999997 6.0515
3.4339999999999997 6.6515
-0.815 6.6515
7.0

air_Layer
4
-0.815 6.6515
3.4339999999999997 6.6515
3.4339999999999997 6.9485
-0.815 6.9485
1.0


4
-0.815 0.001
3.4339999999999997 0.001
3.4339999999999997 6.9485
-0.815 6.9485

