c1
4
-0.28501 1.1155
0.2850100000000001 1.1155
0.2909900000000001 1.2145
-0.29098999999999997 1.2145

5
botleft
4
-1.5799999999999998 -0.001
0 -0.001
0 0.001
-1.5799999999999998 0.001

botright
4
0 -0.001
3.3890000000000002 -0.001
3.3890000000000002 0.001
0 0.001

lEnv
4
-1.0770099999999998 1.1155
-0.5069899999999999 1.1155
-0.50101 1.2145
-1.08299 1.2145

c2
4
0.71399 1.1155
1.68901 1.1155
1.69499 1.2145
0.70801 1.2145

rEnv
4
1.9109900000000002 1.1155
2.8860099999999997 1.1155
2.89199 1.2145
1.90501 1.2145


57
IMD5d1_damage
4
-1.0864239999999998 1.1055
-0.49757599999999996 1.1055
-0.49697199999999997 1.1155
-1.0870279999999999 1.1155
3.1

IMD5d1_damage
4
-0.29442399999999996 1.1055
0.2944240000000001 1.1055
0.29502800000000007 1.1155
-0.29502799999999996 1.1155
3.1

IMD5d1_damage
4
0.7045760000000001 1.1055
1.698424 1.1055
1.699028 1.1155
0.703972 1.1155
3.1

IMD5d1_damage
4
1.9015760000000002 1.1055
2.8954239999999998 1.1055
2.896028 1.1155
1.900972 1.1155
3.1

IMD5d2_damage
4
-1.0820189999999998 1.1155
-1.0770099999999998 1.1155
-1.08299 1.2145
-1.087999 1.2145
2.9

IMD5d2_damage
4
-0.5069899999999999 1.1155
-0.5019809999999999 1.1155
-0.49600099999999997 1.2145
-0.50101 1.2145
2.9

IMD5d2_damage
4
-0.29001899999999997 1.1155
-0.28501 1.1155
-0.29098999999999997 1.2145
-0.29599899999999996 1.2145
2.9

IMD5d2_damage
4
0.2850100000000001 1.1155
0.2900190000000001 1.1155
0.29599900000000007 1.2145
0.2909900000000001 1.2145
2.9

IMD5d2_damage
4
0.708981 1.1155
0.71399 1.1155
0.70801 1.2145
0.703001 1.2145
2.9

IMD5d2_damage
4
1.68901 1.1155
1.694019 1.1155
1.699999 1.2145
1.69499 1.2145
2.9

IMD5d2_damage
4
1.9059810000000001 1.1155
1.9109900000000002 1.1155
1.90501 1.2145
1.900001 1.2145
2.9

IMD5d2_damage
4
2.8860099999999997 1.1155
2.8910189999999996 1.1155
2.8969989999999997 1.2145
2.89199 1.2145
2.9

IMD5d2
4
-1.5799999999999998 1.1155
-1.0820189999999998 1.1155
-1.087999 1.2145
-1.5799999999999998 1.2145
2.65

IMD5d2
4
-0.5019809999999999 1.1155
-0.29001899999999997 1.1155
-0.29599899999999996 1.2145
-0.49600099999999997 1.2145
2.65

IMD5d2
4
0.2900190000000001 1.1155
0.708981 1.1155
0.703001 1.2145
0.29599900000000007 1.2145
2.65

IMD5d2
4
1.694019 1.1155
1.9059810000000001 1.1155
1.900001 1.2145
1.699999 1.2145
2.65

IMD5d2
4
2.8910189999999996 1.1155
3.3890000000000002 1.1155
3.3890000000000002 1.2145
2.8969989999999997 1.2145
2.65

IMD5d1
4
-1.5799999999999998 1.1055
-1.0864239999999998 1.1055
-1.0870279999999999 1.1155
-1.5799999999999998 1.1155
2.65

IMD5d1
4
-0.49757599999999996 1.1055
-0.29442399999999996 1.1055
-0.29502799999999996 1.1155
-0.49697199999999997 1.1155
2.65

IMD5d1
4
0.2944240000000001 1.1055
0.7045760000000001 1.1055
0.703972 1.1155
0.29502800000000007 1.1155
2.65

IMD5d1
4
1.698424 1.1055
1.9015760000000002 1.1055
1.900972 1.1155
1.699028 1.1155
2.65

IMD5d1
4
2.8954239999999998 1.1055
3.3890000000000002 1.1055
3.3890000000000002 1.1155
2.896028 1.1155
2.65

IMD5d1
4
-1.5799999999999998 1.0875
3.3890000000000002 1.0875
3.3890000000000002 1.1055
-1.5799999999999998 1.1055
2.65

FOXA+FOXB+TOX
4
-1.5799999999999998 0.001
3.3890000000000002 0.001
3.3890000000000002 0.2665
-1.5799999999999998 0.2665
4.0

ILD1a
4
-1.5799999999999998 0.2665
3.3890000000000002 0.2665
3.3890000000000002 0.2765
-1.5799999999999998 0.2765
7.0

ILD1b1+ILD1b2+ILD1b3
4
-1.5799999999999998 0.2765
3.3890000000000002 0.2765
3.3890000000000002 0.3955
-1.5799999999999998 0.3955
4.0

IMD1a
4
-1.5799999999999998 0.3955
3.3890000000000002 0.3955
3.3890000000000002 0.4065
-1.5799999999999998 0.4065
5.2

IMD1b
4
-1.5799999999999998 0.4065
3.3890000000000002 0.4065
3.3890000000000002 0.4665
-1.5799999999999998 0.4665
2.8

IMD2a
4
-1.5799999999999998 0.4665
3.3890000000000002 0.4665
3.3890000000000002 0.4875
-1.5799999999999998 0.4875
5.2

IMD2b
4
-1.5799999999999998 0.4875
3.3890000000000002 0.4875
3.3890000000000002 0.5025
-1.5799999999999998 0.5025
4.2

IMD2c
4
-1.5799999999999998 0.5025
3.3890000000000002 0.5025
3.3890000000000002 0.5265
-1.5799999999999998 0.5265
3.28

IMD2d1+IMD2d2
4
-1.5799999999999998 0.5265
3.3890000000000002 0.5265
3.3890000000000002 0.6535
-1.5799999999999998 0.6535
2.65

IMD3a
4
-1.5799999999999998 0.6535
3.3890000000000002 0.6535
3.3890000000000002 0.6745
-1.5799999999999998 0.6745
5.2

IMD3b
4
-1.5799999999999998 0.6745
3.3890000000000002 0.6745
3.3890000000000002 0.6895
-1.5799999999999998 0.6895
4.2

IMD3c
4
-1.5799999999999998 0.6895
3.3890000000000002 0.6895
3.3890000000000002 0.7135
-1.5799999999999998 0.7135
3.28

IMD3d1+IMD3d2
4
-1.5799999999999998 0.7135
3.3890000000000002 0.7135
3.3890000000000002 0.8405
-1.5799999999999998 0.8405
2.65

IMD4a
4
-1.5799999999999998 0.8405
3.3890000000000002 0.8405
3.3890000000000002 0.8615
-1.5799999999999998 0.8615
5.2

IMD4b
4
-1.5799999999999998 0.8615
3.3890000000000002 0.8615
3.3890000000000002 0.8765
-1.5799999999999998 0.8765
4.2

IMD4c
4
-1.5799999999999998 0.8765
3.3890000000000002 0.8765
3.3890000000000002 0.9005
-1.5799999999999998 0.9005
3.28

IMD4d1+IMD4d2
4
-1.5799999999999998 0.9005
3.3890000000000002 0.9005
3.3890000000000002 1.0275
-1.5799999999999998 1.0275
2.65

IMD5a
4
-1.5799999999999998 1.0275
3.3890000000000002 1.0275
3.3890000000000002 1.0485
-1.5799999999999998 1.0485
5.2

IMD5b
4
-1.5799999999999998 1.0485
3.3890000000000002 1.0485
3.3890000000000002 1.0635
-1.5799999999999998 1.0635
4.2

IMD5c
4
-1.5799999999999998 1.0635
3.3890000000000002 1.0635
3.3890000000000002 1.0875
-1.5799999999999998 1.0875
3.28

IMD6a
4
-1.5799999999999998 1.2145
3.3890000000000002 1.2145
3.3890000000000002 1.2355
-1.5799999999999998 1.2355
5.2

IMD6b
4
-1.5799999999999998 1.2355
3.3890000000000002 1.2355
3.3890000000000002 1.2505
-1.5799999999999998 1.2505
4.2

IMD6c
4
-1.5799999999999998 1.2505
3.3890000000000002 1.2505
3.3890000000000002 1.2745
-1.5799999999999998 1.2745
3.28

IMD6d1+IMD6d2
4
-1.5799999999999998 1.2745
3.3890000000000002 1.2745
3.3890000000000002 1.4015
-1.5799999999999998 1.4015
2.65

IMD7a
4
-1.5799999999999998 1.4015
3.3890000000000002 1.4015
3.3890000000000002 1.4765
-1.5799999999999998 1.4765
5.2

IMD7b1+IMD7b2
4
-1.5799999999999998 1.4765
3.3890000000000002 1.4765
3.3890000000000002 2.9765
-1.5799999999999998 2.9765
4.2

IMD8a
4
-1.5799999999999998 2.9765
3.3890000000000002 2.9765
3.3890000000000002 3.0515
-1.5799999999999998 3.0515
5.2

IMD8b1+IMD8b2
4
-1.5799999999999998 3.0515
3.3890000000000002 3.0515
3.3890000000000002 4.5515
-1.5799999999999998 4.5515
4.2

PASS1
4
-1.5799999999999998 4.5515
3.3890000000000002 4.5515
3.3890000000000002 4.6265
-1.5799999999999998 4.6265
7.0

PASS2
4
-1.5799999999999998 4.6265
3.3890000000000002 4.6265
3.3890000000000002 5.0265
-1.5799999999999998 5.0265
4.2

PASS3
4
-1.5799999999999998 5.0265
3.3890000000000002 5.0265
3.3890000000000002 5.1015
-1.5799999999999998 5.1015
7.0

PASS4+PASS5
4
-1.5799999999999998 5.1015
3.3890000000000002 5.1015
3.3890000000000002 6.0515
-1.5799999999999998 6.0515
4.2

PASS6
4
-1.5799999999999998 6.0515
3.3890000000000002 6.0515
3.3890000000000002 6.6515
-1.5799999999999998 6.6515
7.0

air_Layer
4
-1.5799999999999998 6.6515
3.3890000000000002 6.6515
3.3890000000000002 6.9485
-1.5799999999999998 6.9485
1.0


4
-1.5799999999999998 0.001
3.3890000000000002 0.001
3.3890000000000002 6.9485
-1.5799999999999998 6.9485

