c1
4
-0.35251 0.7415
0.35251 0.7415
0.35849 0.8405
-0.35849 0.8405

5
botleft
4
-1.9625 -0.001
0 -0.001
0 0.001
-1.9625 0.001

botright
4
0 -0.001
1.5665000000000004 -0.001
1.5665000000000004 0.001
0 0.001

lEnv
4
-1.4595099999999999 0.7415
-0.75449 0.7415
-0.74851 0.8405
-1.46549 0.8405

c2
4
0.60149 0.7415
0.6315100000000001 0.7415
0.6374900000000001 0.8405
0.59551 0.8405

rEnv
4
1.0334900000000005 0.7415
1.0635100000000004 0.7415
1.0694900000000005 0.8405
1.0275100000000004 0.8405


57
IMD3d1_damage
4
-1.468924 0.7315
-0.7450760000000001 0.7315
-0.744472 0.7415
-1.469528 0.7415
3.1

IMD3d1_damage
4
-0.36192399999999997 0.7315
0.36192399999999997 0.7315
0.36252799999999996 0.7415
-0.36252799999999996 0.7415
3.1

IMD3d1_damage
4
0.592076 0.7315
0.640924 0.7315
0.6415280000000001 0.7415
0.591472 0.7415
3.1

IMD3d1_damage
4
1.0240760000000004 0.7315
1.0729240000000004 0.7315
1.0735280000000005 0.7415
1.0234720000000004 0.7415
3.1

IMD3d2_damage
4
-1.464519 0.7415
-1.4595099999999999 0.7415
-1.46549 0.8405
-1.470499 0.8405
2.9

IMD3d2_damage
4
-0.75449 0.7415
-0.749481 0.7415
-0.743501 0.8405
-0.74851 0.8405
2.9

IMD3d2_damage
4
-0.357519 0.7415
-0.35251 0.7415
-0.35849 0.8405
-0.36349899999999996 0.8405
2.9

IMD3d2_damage
4
0.35251 0.7415
0.357519 0.7415
0.36349899999999996 0.8405
0.35849 0.8405
2.9

IMD3d2_damage
4
0.5964809999999999 0.7415
0.60149 0.7415
0.59551 0.8405
0.5905009999999999 0.8405
2.9

IMD3d2_damage
4
0.6315100000000001 0.7415
0.6365190000000002 0.7415
0.6424990000000002 0.8405
0.6374900000000001 0.8405
2.9

IMD3d2_damage
4
1.0284810000000004 0.7415
1.0334900000000005 0.7415
1.0275100000000004 0.8405
1.0225010000000003 0.8405
2.9

IMD3d2_damage
4
1.0635100000000004 0.7415
1.0685190000000004 0.7415
1.0744990000000005 0.8405
1.0694900000000005 0.8405
2.9

IMD3d2
4
-1.9625 0.7415
-1.464519 0.7415
-1.470499 0.8405
-1.9625 0.8405
2.65

IMD3d2
4
-0.749481 0.7415
-0.357519 0.7415
-0.36349899999999996 0.8405
-0.743501 0.8405
2.65

IMD3d2
4
0.357519 0.7415
0.5964809999999999 0.7415
0.5905009999999999 0.8405
0.36349899999999996 0.8405
2.65

IMD3d2
4
0.6365190000000002 0.7415
1.0284810000000004 0.7415
1.0225010000000003 0.8405
0.6424990000000002 0.8405
2.65

IMD3d2
4
1.0685190000000004 0.7415
1.5665000000000004 0.7415
1.5665000000000004 0.8405
1.0744990000000005 0.8405
2.65

IMD3d1
4
-1.9625 0.7315
-1.468924 0.7315
-1.469528 0.7415
-1.9625 0.7415
2.65

IMD3d1
4
-0.7450760000000001 0.7315
-0.36192399999999997 0.7315
-0.36252799999999996 0.7415
-0.744472 0.7415
2.65

IMD3d1
4
0.36192399999999997 0.7315
0.592076 0.7315
0.591472 0.7415
0.36252799999999996 0.7415
2.65

IMD3d1
4
0.640924 0.7315
1.0240760000000004 0.7315
1.0234720000000004 0.7415
0.6415280000000001 0.7415
2.65

IMD3d1
4
1.0729240000000004 0.7315
1.5665000000000004 0.7315
1.5665000000000004 0.7415
1.0735280000000005 0.7415
2.65

IMD3d1
4
-1.9625 0.7135
1.5665000000000004 0.7135
1.5665000000000004 0.7315
-1.9625 0.7315
2.65

FOXA+FOXB+TOX
4
-1.9625 0.001
1.5665000000000004 0.001
1.5665000000000004 0.2665
-1.9625 0.2665
4.0

ILD1a
4
-1.9625 0.2665
1.5665000000000004 0.2665
1.5665000000000004 0.2765
-1.9625 0.2765
7.0

ILD1b1+ILD1b2+ILD1b3
4
-1.9625 0.2765
1.5665000000000004 0.2765
1.5665000000000004 0.3955
-1.9625 0.3955
4.0

IMD1a
4
-1.9625 0.3955
1.5665000000000004 0.3955
1.5665000000000004 0.4065
-1.9625 0.4065
5.2

IMD1b
4
-1.9625 0.4065
1.5665000000000004 0.4065
1.5665000000000004 0.4665
-1.9625 0.4665
2.8

IMD2a
4
-1.9625 0.4665
1.5665000000000004 0.4665
1.5665000000000004 0.4875
-1.9625 0.4875
5.2

IMD2b
4
-1.9625 0.4875
1.5665000000000004 0.4875
1.5665000000000004 0.5025
-1.9625 0.5025
4.2

IMD2c
4
-1.9625 0.5025
1.5665000000000004 0.5025
1.5665000000000004 0.5265
-1.9625 0.5265
3.28

IMD2d1+IMD2d2
4
-1.9625 0.5265
1.5665000000000004 0.5265
1.5665000000000004 0.6535
-1.9625 0.6535
2.65

IMD3a
4
-1.9625 0.6535
1.5665000000000004 0.6535
1.5665000000000004 0.6745
-1.9625 0.6745
5.2

IMD3b
4
-1.9625 0.6745
1.5665000000000004 0.6745
1.5665000000000004 0.6895
-1.9625 0.6895
4.2

IMD3c
4
-1.9625 0.6895
1.5665000000000004 0.6895
1.5665000000000004 0.7135
-1.9625 0.7135
3.28

IMD4a
4
-1.9625 0.8405
1.5665000000000004 0.8405
1.5665000000000004 0.8615
-1.9625 0.8615
5.2

IMD4b
4
-1.9625 0.8615
1.5665000000000004 0.8615
1.5665000000000004 0.8765
-1.9625 0.8765
4.2

IMD4c
4
-1.9625 0.8765
1.5665000000000004 0.8765
1.5665000000000004 0.9005
-1.9625 0.9005
3.28

IMD4d1+IMD4d2
4
-1.9625 0.9005
1.5665000000000004 0.9005
1.5665000000000004 1.0275
-1.9625 1.0275
2.65

IMD5a
4
-1.9625 1.0275
1.5665000000000004 1.0275
1.5665000000000004 1.0485
-1.9625 1.0485
5.2

IMD5b
4
-1.9625 1.0485
1.5665000000000004 1.0485
1.5665000000000004 1.0635
-1.9625 1.0635
4.2

IMD5c
4
-1.9625 1.0635
1.5665000000000004 1.0635
1.5665000000000004 1.0875
-1.9625 1.0875
3.28

IMD5d1+IMD5d2
4
-1.9625 1.0875
1.5665000000000004 1.0875
1.5665000000000004 1.2145
-1.9625 1.2145
2.65

IMD6a
4
-1.9625 1.2145
1.5665000000000004 1.2145
1.5665000000000004 1.2355
-1.9625 1.2355
5.2

IMD6b
4
-1.9625 1.2355
1.5665000000000004 1.2355
1.5665000000000004 1.2505
-1.9625 1.2505
4.2

IMD6c
4
-1.9625 1.2505
1.5665000000000004 1.2505
1.5665000000000004 1.2745
-1.9625 1.2745
3.28

IMD6d1+IMD6d2
4
-1.9625 1.2745
1.5665000000000004 1.2745
1.5665000000000004 1.4015
-1.9625 1.4015
2.65

IMD7a
4
-1.9625 1.4015
1.5665000000000004 1.4015
1.5665000000000004 1.4765
-1.9625 1.4765
5.2

IMD7b1+IMD7b2
4
-1.9625 1.4765
1.5665000000000004 1.4765
1.5665000000000004 2.9765
-1.9625 2.9765
4.2

IMD8a
4
-1.9625 2.9765
1.5665000000000004 2.9765
1.5665000000000004 3.0515
-1.9625 3.0515
5.2

IMD8b1+IMD8b2
4
-1.9625 3.0515
1.5665000000000004 3.0515
1.5665000000000004 4.5515
-1.9625 4.5515
4.2

PASS1
4
-1.9625 4.5515
1.5665000000000004 4.5515
1.5665000000000004 4.6265
-1.9625 4.6265
7.0

PASS2
4
-1.9625 4.6265
1.5665000000000004 4.6265
1.5665000000000004 5.0265
-1.9625 5.0265
4.2

PASS3
4
-1.9625 5.0265
1.5665000000000004 5.0265
1.5665000000000004 5.1015
-1.9625 5.1015
7.0

PASS4+PASS5
4
-1.9625 5.1015
1.5665000000000004 5.1015
1.5665000000000004 6.0515
-1.9625 6.0515
4.2

PASS6
4
-1.9625 6.0515
1.5665000000000004 6.0515
1.5665000000000004 6.6515
-1.9625 6.6515
7.0

air_Layer
4
-1.9625 6.6515
1.5665000000000004 6.6515
1.5665000000000004 6.9485
-1.9625 6.9485
1.0


4
-1.9625 0.001
1.5665000000000004 0.001
1.5665000000000004 6.9485
-1.9625 6.9485

