c1
4
-0.15001 0.5545
0.15001 0.5545
0.15599000000000002 0.6535
-0.15599000000000002 0.6535

5
botleft
4
-0.995 -0.001
0 -0.001
0 0.001
-0.995 0.001

botright
4
0 -0.001
1.949 -0.001
1.949 0.001
0 0.001

lEnv
4
-0.49201 0.5545
-0.19199000000000002 0.5545
-0.18601 0.6535
-0.49799 0.6535

c2
4
0.5339900000000001 0.5545
0.96901 0.5545
0.97499 0.6535
0.5280100000000001 0.6535

rEnv
4
1.01099 0.5545
1.4460099999999998 0.5545
1.45199 0.6535
1.00501 0.6535


57
IMD2d1_damage
4
-0.501424 0.5445
-0.18257600000000002 0.5445
-0.18197200000000002 0.5545
-0.502028 0.5545
3.1

IMD2d1_damage
4
-0.159424 0.5445
0.159424 0.5445
0.160028 0.5545
-0.160028 0.5545
3.1

IMD2d1_damage
4
0.5245760000000002 0.5445
0.978424 0.5445
0.979028 0.5545
0.5239720000000001 0.5545
3.1

IMD2d1_damage
4
1.001576 0.5445
1.4554239999999998 0.5445
1.4560279999999999 0.5545
1.000972 0.5545
3.1

IMD2d2_damage
4
-0.497019 0.5545
-0.49201 0.5545
-0.49799 0.6535
-0.502999 0.6535
2.9

IMD2d2_damage
4
-0.19199000000000002 0.5545
-0.186981 0.5545
-0.181001 0.6535
-0.18601 0.6535
2.9

IMD2d2_damage
4
-0.15501900000000002 0.5545
-0.15001 0.5545
-0.15599000000000002 0.6535
-0.16099900000000003 0.6535
2.9

IMD2d2_damage
4
0.15001 0.5545
0.15501900000000002 0.5545
0.16099900000000003 0.6535
0.15599000000000002 0.6535
2.9

IMD2d2_damage
4
0.528981 0.5545
0.5339900000000001 0.5545
0.5280100000000001 0.6535
0.523001 0.6535
2.9

IMD2d2_damage
4
0.96901 0.5545
0.9740190000000001 0.5545
0.9799990000000001 0.6535
0.97499 0.6535
2.9

IMD2d2_damage
4
1.005981 0.5545
1.01099 0.5545
1.00501 0.6535
1.000001 0.6535
2.9

IMD2d2_damage
4
1.4460099999999998 0.5545
1.4510189999999998 0.5545
1.456999 0.6535
1.45199 0.6535
2.9

IMD2d2
4
-0.995 0.5545
-0.497019 0.5545
-0.502999 0.6535
-0.995 0.6535
2.65

IMD2d2
4
-0.186981 0.5545
-0.15501900000000002 0.5545
-0.16099900000000003 0.6535
-0.181001 0.6535
2.65

IMD2d2
4
0.15501900000000002 0.5545
0.528981 0.5545
0.523001 0.6535
0.16099900000000003 0.6535
2.65

IMD2d2
4
0.9740190000000001 0.5545
1.005981 0.5545
1.000001 0.6535
0.9799990000000001 0.6535
2.65

IMD2d2
4
1.4510189999999998 0.5545
1.949 0.5545
1.949 0.6535
1.456999 0.6535
2.65

IMD2d1
4
-0.995 0.5445
-0.501424 0.5445
-0.502028 0.5545
-0.995 0.5545
2.65

IMD2d1
4
-0.18257600000000002 0.5445
-0.159424 0.5445
-0.160028 0.5545
-0.18197200000000002 0.5545
2.65

IMD2d1
4
0.159424 0.5445
0.5245760000000002 0.5445
0.5239720000000001 0.5545
0.160028 0.5545
2.65

IMD2d1
4
0.978424 0.5445
1.001576 0.5445
1.000972 0.5545
0.979028 0.5545
2.65

IMD2d1
4
1.4554239999999998 0.5445
1.949 0.5445
1.949 0.5545
1.4560279999999999 0.5545
2.65

IMD2d1
4
-0.995 0.5265
1.949 0.5265
1.949 0.5445
-0.995 0.5445
2.65

FOXA+FOXB+TOX
4
-0.995 0.001
1.949 0.001
1.949 0.2665
-0.995 0.2665
4.0

ILD1a
4
-0.995 0.2665
1.949 0.2665
1.949 0.2765
-0.995 0.2765
7.0

ILD1b1+ILD1b2+ILD1b3
4
-0.995 0.2765
1.949 0.2765
1.949 0.3955
-0.995 0.3955
4.0

IMD1a
4
-0.995 0.3955
1.949 0.3955
1.949 0.4065
-0.995 0.4065
5.2

IMD1b
4
-0.995 0.4065
1.949 0.4065
1.949 0.4665
-0.995 0.4665
2.8

IMD2a
4
-0.995 0.4665
1.949 0.4665
1.949 0.4875
-0.995 0.4875
5.2

IMD2b
4
-0.995 0.4875
1.949 0.4875
1.949 0.5025
-0.995 0.5025
4.2

IMD2c
4
-0.995 0.5025
1.949 0.5025
1.949 0.5265
-0.995 0.5265
3.28

IMD3a
4
-0.995 0.6535
1.949 0.6535
1.949 0.6745
-0.995 0.6745
5.2

IMD3b
4
-0.995 0.6745
1.949 0.6745
1.949 0.6895
-0.995 0.6895
4.2

IMD3c
4
-0.995 0.6895
1.949 0.6895
1.949 0.7135
-0.995 0.7135
3.28

IMD3d1+IMD3d2
4
-0.995 0.7135
1.949 0.7135
1.949 0.8405
-0.995 0.8405
2.65

IMD4a
4
-0.995 0.8405
1.949 0.8405
1.949 0.8615
-0.995 0.8615
5.2

IMD4b
4
-0.995 0.8615
1.949 0.8615
1.949 0.8765
-0.995 0.8765
4.2

IMD4c
4
-0.995 0.8765
1.949 0.8765
1.949 0.9005
-0.995 0.9005
3.28

IMD4d1+IMD4d2
4
-0.995 0.9005
1.949 0.9005
1.949 1.0275
-0.995 1.0275
2.65

IMD5a
4
-0.995 1.0275
1.949 1.0275
1.949 1.0485
-0.995 1.0485
5.2

IMD5b
4
-0.995 1.0485
1.949 1.0485
1.949 1.0635
-0.995 1.0635
4.2

IMD5c
4
-0.995 1.0635
1.949 1.0635
1.949 1.0875
-0.995 1.0875
3.28

IMD5d1+IMD5d2
4
-0.995 1.0875
1.949 1.0875
1.949 1.2145
-0.995 1.2145
2.65

IMD6a
4
-0.995 1.2145
1.949 1.2145
1.949 1.2355
-0.995 1.2355
5.2

IMD6b
4
-0.995 1.2355
1.949 1.2355
1.949 1.2505
-0.995 1.2505
4.2

IMD6c
4
-0.995 1.2505
1.949 1.2505
1.949 1.2745
-0.995 1.2745
3.28

IMD6d1+IMD6d2
4
-0.995 1.2745
1.949 1.2745
1.949 1.4015
-0.995 1.4015
2.65

IMD7a
4
-0.995 1.4015
1.949 1.4015
1.949 1.4765
-0.995 1.4765
5.2

IMD7b1+IMD7b2
4
-0.995 1.4765
1.949 1.4765
1.949 2.9765
-0.995 2.9765
4.2

IMD8a
4
-0.995 2.9765
1.949 2.9765
1.949 3.0515
-0.995 3.0515
5.2

IMD8b1+IMD8b2
4
-0.995 3.0515
1.949 3.0515
1.949 4.5515
-0.995 4.5515
4.2

PASS1
4
-0.995 4.5515
1.949 4.5515
1.949 4.6265
-0.995 4.6265
7.0

PASS2
4
-0.995 4.6265
1.949 4.6265
1.949 5.0265
-0.995 5.0265
4.2

PASS3
4
-0.995 5.0265
1.949 5.0265
1.949 5.1015
-0.995 5.1015
7.0

PASS4+PASS5
4
-0.995 5.1015
1.949 5.1015
1.949 6.0515
-0.995 6.0515
4.2

PASS6
4
-0.995 6.0515
1.949 6.0515
1.949 6.6515
-0.995 6.6515
7.0

air_Layer
4
-0.995 6.6515
1.949 6.6515
1.949 6.9485
-0.995 6.9485
1.0


4
-0.995 0.001
1.949 0.001
1.949 6.9485
-0.995 6.9485

