c1
4
-0.10500999999999998 0.5545
0.10501000000000003 0.5545
0.11099000000000003 0.6535
-0.11098999999999998 0.6535

5
botleft
4
-0.95 -0.001
0 -0.001
0 0.001
-0.95 0.001

botright
4
0 -0.001
1.724 -0.001
1.724 0.001
0 0.001

lEnv
4
-0.44701 0.5545
-0.23699 0.5545
-0.23101 0.6535
-0.45299 0.6535

c2
4
0.8489899999999998 0.5545
0.9690099999999998 0.5545
0.9749899999999998 0.6535
0.8430099999999998 0.6535

rEnv
4
1.10099 0.5545
1.2210099999999997 0.5545
1.2269899999999998 0.6535
1.0950099999999998 0.6535


57
IMD2d1_damage
4
-0.456424 0.5445
-0.227576 0.5445
-0.226972 0.5545
-0.457028 0.5545
3.1

IMD2d1_damage
4
-0.11442399999999998 0.5445
0.11442400000000004 0.5445
0.11502800000000003 0.5545
-0.11502799999999998 0.5545
3.1

IMD2d1_damage
4
0.8395759999999999 0.5445
0.9784239999999997 0.5445
0.9790279999999998 0.5545
0.8389719999999998 0.5545
3.1

IMD2d1_damage
4
1.0915759999999999 0.5445
1.2304239999999997 0.5445
1.2310279999999998 0.5545
1.0909719999999998 0.5545
3.1

IMD2d2_damage
4
-0.452019 0.5545
-0.44701 0.5545
-0.45299 0.6535
-0.457999 0.6535
2.9

IMD2d2_damage
4
-0.23699 0.5545
-0.231981 0.5545
-0.22600099999999998 0.6535
-0.23101 0.6535
2.9

IMD2d2_damage
4
-0.11001899999999998 0.5545
-0.10500999999999998 0.5545
-0.11098999999999998 0.6535
-0.11599899999999998 0.6535
2.9

IMD2d2_damage
4
0.10501000000000003 0.5545
0.11001900000000003 0.5545
0.11599900000000003 0.6535
0.11099000000000003 0.6535
2.9

IMD2d2_damage
4
0.8439809999999998 0.5545
0.8489899999999998 0.5545
0.8430099999999998 0.6535
0.8380009999999998 0.6535
2.9

IMD2d2_damage
4
0.9690099999999998 0.5545
0.9740189999999999 0.5545
0.9799989999999998 0.6535
0.9749899999999998 0.6535
2.9

IMD2d2_damage
4
1.0959809999999999 0.5545
1.10099 0.5545
1.0950099999999998 0.6535
1.0900009999999998 0.6535
2.9

IMD2d2_damage
4
1.2210099999999997 0.5545
1.2260189999999997 0.5545
1.2319989999999998 0.6535
1.2269899999999998 0.6535
2.9

IMD2d2
4
-0.95 0.5545
-0.452019 0.5545
-0.457999 0.6535
-0.95 0.6535
2.65

IMD2d2
4
-0.231981 0.5545
-0.11001899999999998 0.5545
-0.11599899999999998 0.6535
-0.22600099999999998 0.6535
2.65

IMD2d2
4
0.11001900000000003 0.5545
0.8439809999999998 0.5545
0.8380009999999998 0.6535
0.11599900000000003 0.6535
2.65

IMD2d2
4
0.9740189999999999 0.5545
1.0959809999999999 0.5545
1.0900009999999998 0.6535
0.9799989999999998 0.6535
2.65

IMD2d2
4
1.2260189999999997 0.5545
1.724 0.5545
1.724 0.6535
1.2319989999999998 0.6535
2.65

IMD2d1
4
-0.95 0.5445
-0.456424 0.5445
-0.457028 0.5545
-0.95 0.5545
2.65

IMD2d1
4
-0.227576 0.5445
-0.11442399999999998 0.5445
-0.11502799999999998 0.5545
-0.226972 0.5545
2.65

IMD2d1
4
0.11442400000000004 0.5445
0.8395759999999999 0.5445
0.8389719999999998 0.5545
0.11502800000000003 0.5545
2.65

IMD2d1
4
0.9784239999999997 0.5445
1.0915759999999999 0.5445
1.0909719999999998 0.5545
0.9790279999999998 0.5545
2.65

IMD2d1
4
1.2304239999999997 0.5445
1.724 0.5445
1.724 0.5545
1.2310279999999998 0.5545
2.65

IMD2d1
4
-0.95 0.5265
1.724 0.5265
1.724 0.5445
-0.95 0.5445
2.65

FOXA+FOXB+TOX
4
-0.95 0.001
1.724 0.001
1.724 0.2665
-0.95 0.2665
4.0

ILD1a
4
-0.95 0.2665
1.724 0.2665
1.724 0.2765
-0.95 0.2765
7.0

ILD1b1+ILD1b2+ILD1b3
4
-0.95 0.2765
1.724 0.2765
1.724 0.3955
-0.95 0.3955
4.0

IMD1a
4
-0.95 0.3955
1.724 0.3955
1.724 0.4065
-0.95 0.4065
5.2

IMD1b
4
-0.95 0.4065
1.724 0.4065
1.724 0.4665
-0.95 0.4665
2.8

IMD2a
4
-0.95 0.4665
1.724 0.4665
1.724 0.4875
-0.95 0.4875
5.2

IMD2b
4
-0.95 0.4875
1.724 0.4875
1.724 0.5025
-0.95 0.5025
4.2

IMD2c
4
-0.95 0.5025
1.724 0.5025
1.724 0.5265
-0.95 0.5265
3.28

IMD3a
4
-0.95 0.6535
1.724 0.6535
1.724 0.6745
-0.95 0.6745
5.2

IMD3b
4
-0.95 0.6745
1.724 0.6745
1.724 0.6895
-0.95 0.6895
4.2

IMD3c
4
-0.95 0.6895
1.724 0.6895
1.724 0.7135
-0.95 0.7135
3.28

IMD3d1+IMD3d2
4
-0.95 0.7135
1.724 0.7135
1.724 0.8405
-0.95 0.8405
2.65

IMD4a
4
-0.95 0.8405
1.724 0.8405
1.724 0.8615
-0.95 0.8615
5.2

IMD4b
4
-0.95 0.8615
1.724 0.8615
1.724 0.8765
-0.95 0.8765
4.2

IMD4c
4
-0.95 0.8765
1.724 0.8765
1.724 0.9005
-0.95 0.9005
3.28

IMD4d1+IMD4d2
4
-0.95 0.9005
1.724 0.9005
1.724 1.0275
-0.95 1.0275
2.65

IMD5a
4
-0.95 1.0275
1.724 1.0275
1.724 1.0485
-0.95 1.0485
5.2

IMD5b
4
-0.95 1.0485
1.724 1.0485
1.724 1.0635
-0.95 1.0635
4.2

IMD5c
4
-0.95 1.0635
1.724 1.0635
1.724 1.0875
-0.95 1.0875
3.28

IMD5d1+IMD5d2
4
-0.95 1.0875
1.724 1.0875
1.724 1.2145
-0.95 1.2145
2.65

IMD6a
4
-0.95 1.2145
1.724 1.2145
1.724 1.2355
-0.95 1.2355
5.2

IMD6b
4
-0.95 1.2355
1.724 1.2355
1.724 1.2505
-0.95 1.2505
4.2

IMD6c
4
-0.95 1.2505
1.724 1.2505
1.724 1.2745
-0.95 1.2745
3.28

IMD6d1+IMD6d2
4
-0.95 1.2745
1.724 1.2745
1.724 1.4015
-0.95 1.4015
2.65

IMD7a
4
-0.95 1.4015
1.724 1.4015
1.724 1.4765
-0.95 1.4765
5.2

IMD7b1+IMD7b2
4
-0.95 1.4765
1.724 1.4765
1.724 2.9765
-0.95 2.9765
4.2

IMD8a
4
-0.95 2.9765
1.724 2.9765
1.724 3.0515
-0.95 3.0515
5.2

IMD8b1+IMD8b2
4
-0.95 3.0515
1.724 3.0515
1.724 4.5515
-0.95 4.5515
4.2

PASS1
4
-0.95 4.5515
1.724 4.5515
1.724 4.6265
-0.95 4.6265
7.0

PASS2
4
-0.95 4.6265
1.724 4.6265
1.724 5.0265
-0.95 5.0265
4.2

PASS3
4
-0.95 5.0265
1.724 5.0265
1.724 5.1015
-0.95 5.1015
7.0

PASS4+PASS5
4
-0.95 5.1015
1.724 5.1015
1.724 6.0515
-0.95 6.0515
4.2

PASS6
4
-0.95 6.0515
1.724 6.0515
1.724 6.6515
-0.95 6.6515
7.0

air_Layer
4
-0.95 6.6515
1.724 6.6515
1.724 6.9485
-0.95 6.9485
1.0


4
-0.95 0.001
1.724 0.001
1.724 6.9485
-0.95 6.9485

