c1
4
-0.15001 0.5545
0.15000999999999995 0.5545
0.15598999999999996 0.6535
-0.15599000000000002 0.6535

5
botleft
4
-1.085 -0.001
0 -0.001
0 0.001
-1.085 0.001

botright
4
0 -0.001
3.4339999999999997 -0.001
3.4339999999999997 0.001
0 0.001

lEnv
4
-0.58201 0.5545
-0.28199 0.5545
-0.27601000000000003 0.6535
-0.58799 0.6535

c2
4
0.84899 0.5545
1.82401 0.5545
1.82999 0.6535
0.84301 0.6535

rEnv
4
1.95599 0.5545
2.9310099999999997 0.5545
2.9369899999999998 0.6535
1.9500099999999998 0.6535


57
IMD2d1_damage
4
-0.591424 0.5445
-0.27257600000000004 0.5445
-0.27197200000000005 0.5545
-0.592028 0.5545
3.1

IMD2d1_damage
4
-0.159424 0.5445
0.15942399999999995 0.5445
0.16002799999999995 0.5545
-0.160028 0.5545
3.1

IMD2d1_damage
4
0.8395760000000001 0.5445
1.833424 0.5445
1.834028 0.5545
0.838972 0.5545
3.1

IMD2d1_damage
4
1.9465759999999999 0.5445
2.9404239999999997 0.5445
2.9410279999999998 0.5545
1.9459719999999998 0.5545
3.1

IMD2d2_damage
4
-0.5870190000000001 0.5545
-0.58201 0.5545
-0.58799 0.6535
-0.592999 0.6535
2.9

IMD2d2_damage
4
-0.28199 0.5545
-0.27698100000000003 0.5545
-0.27100100000000005 0.6535
-0.27601000000000003 0.6535
2.9

IMD2d2_damage
4
-0.15501900000000002 0.5545
-0.15001 0.5545
-0.15599000000000002 0.6535
-0.16099900000000003 0.6535
2.9

IMD2d2_damage
4
0.15000999999999995 0.5545
0.15501899999999996 0.5545
0.16099899999999998 0.6535
0.15598999999999996 0.6535
2.9

IMD2d2_damage
4
0.843981 0.5545
0.84899 0.5545
0.84301 0.6535
0.838001 0.6535
2.9

IMD2d2_damage
4
1.82401 0.5545
1.829019 0.5545
1.834999 0.6535
1.82999 0.6535
2.9

IMD2d2_damage
4
1.9509809999999999 0.5545
1.95599 0.5545
1.9500099999999998 0.6535
1.9450009999999998 0.6535
2.9

IMD2d2_damage
4
2.9310099999999997 0.5545
2.9360189999999995 0.5545
2.9419989999999996 0.6535
2.9369899999999998 0.6535
2.9

IMD2d2
4
-1.085 0.5545
-0.5870190000000001 0.5545
-0.592999 0.6535
-1.085 0.6535
2.65

IMD2d2
4
-0.27698100000000003 0.5545
-0.15501900000000002 0.5545
-0.16099900000000003 0.6535
-0.27100100000000005 0.6535
2.65

IMD2d2
4
0.15501899999999996 0.5545
0.843981 0.5545
0.838001 0.6535
0.16099899999999998 0.6535
2.65

IMD2d2
4
1.829019 0.5545
1.9509809999999999 0.5545
1.9450009999999998 0.6535
1.834999 0.6535
2.65

IMD2d2
4
2.9360189999999995 0.5545
3.4339999999999997 0.5545
3.4339999999999997 0.6535
2.9419989999999996 0.6535
2.65

IMD2d1
4
-1.085 0.5445
-0.591424 0.5445
-0.592028 0.5545
-1.085 0.5545
2.65

IMD2d1
4
-0.27257600000000004 0.5445
-0.159424 0.5445
-0.160028 0.5545
-0.27197200000000005 0.5545
2.65

IMD2d1
4
0.15942399999999995 0.5445
0.8395760000000001 0.5445
0.838972 0.5545
0.16002799999999995 0.5545
2.65

IMD2d1
4
1.833424 0.5445
1.9465759999999999 0.5445
1.9459719999999998 0.5545
1.834028 0.5545
2.65

IMD2d1
4
2.9404239999999997 0.5445
3.4339999999999997 0.5445
3.4339999999999997 0.5545
2.9410279999999998 0.5545
2.65

IMD2d1
4
-1.085 0.5265
3.4339999999999997 0.5265
3.4339999999999997 0.5445
-1.085 0.5445
2.65

FOXA+FOXB+TOX
4
-1.085 0.001
3.4339999999999997 0.001
3.4339999999999997 0.2665
-1.085 0.2665
4.0

ILD1a
4
-1.085 0.2665
3.4339999999999997 0.2665
3.4339999999999997 0.2765
-1.085 0.2765
7.0

ILD1b1+ILD1b2+ILD1b3
4
-1.085 0.2765
3.4339999999999997 0.2765
3.4339999999999997 0.3955
-1.085 0.3955
4.0

IMD1a
4
-1.085 0.3955
3.4339999999999997 0.3955
3.4339999999999997 0.4065
-1.085 0.4065
5.2

IMD1b
4
-1.085 0.4065
3.4339999999999997 0.4065
3.4339999999999997 0.4665
-1.085 0.4665
2.8

IMD2a
4
-1.085 0.4665
3.4339999999999997 0.4665
3.4339999999999997 0.4875
-1.085 0.4875
5.2

IMD2b
4
-1.085 0.4875
3.4339999999999997 0.4875
3.4339999999999997 0.5025
-1.085 0.5025
4.2

IMD2c
4
-1.085 0.5025
3.4339999999999997 0.5025
3.4339999999999997 0.5265
-1.085 0.5265
3.28

IMD3a
4
-1.085 0.6535
3.4339999999999997 0.6535
3.4339999999999997 0.6745
-1.085 0.6745
5.2

IMD3b
4
-1.085 0.6745
3.4339999999999997 0.6745
3.4339999999999997 0.6895
-1.085 0.6895
4.2

IMD3c
4
-1.085 0.6895
3.4339999999999997 0.6895
3.4339999999999997 0.7135
-1.085 0.7135
3.28

IMD3d1+IMD3d2
4
-1.085 0.7135
3.4339999999999997 0.7135
3.4339999999999997 0.8405
-1.085 0.8405
2.65

IMD4a
4
-1.085 0.8405
3.4339999999999997 0.8405
3.4339999999999997 0.8615
-1.085 0.8615
5.2

IMD4b
4
-1.085 0.8615
3.4339999999999997 0.8615
3.4339999999999997 0.8765
-1.085 0.8765
4.2

IMD4c
4
-1.085 0.8765
3.4339999999999997 0.8765
3.4339999999999997 0.9005
-1.085 0.9005
3.28

IMD4d1+IMD4d2
4
-1.085 0.9005
3.4339999999999997 0.9005
3.4339999999999997 1.0275
-1.085 1.0275
2.65

IMD5a
4
-1.085 1.0275
3.4339999999999997 1.0275
3.4339999999999997 1.0485
-1.085 1.0485
5.2

IMD5b
4
-1.085 1.0485
3.4339999999999997 1.0485
3.4339999999999997 1.0635
-1.085 1.0635
4.2

IMD5c
4
-1.085 1.0635
3.4339999999999997 1.0635
3.4339999999999997 1.0875
-1.085 1.0875
3.28

IMD5d1+IMD5d2
4
-1.085 1.0875
3.4339999999999997 1.0875
3.4339999999999997 1.2145
-1.085 1.2145
2.65

IMD6a
4
-1.085 1.2145
3.4339999999999997 1.2145
3.4339999999999997 1.2355
-1.085 1.2355
5.2

IMD6b
4
-1.085 1.2355
3.4339999999999997 1.2355
3.4339999999999997 1.2505
-1.085 1.2505
4.2

IMD6c
4
-1.085 1.2505
3.4339999999999997 1.2505
3.4339999999999997 1.2745
-1.085 1.2745
3.28

IMD6d1+IMD6d2
4
-1.085 1.2745
3.4339999999999997 1.2745
3.4339999999999997 1.4015
-1.085 1.4015
2.65

IMD7a
4
-1.085 1.4015
3.4339999999999997 1.4015
3.4339999999999997 1.4765
-1.085 1.4765
5.2

IMD7b1+IMD7b2
4
-1.085 1.4765
3.4339999999999997 1.4765
3.4339999999999997 2.9765
-1.085 2.9765
4.2

IMD8a
4
-1.085 2.9765
3.4339999999999997 2.9765
3.4339999999999997 3.0515
-1.085 3.0515
5.2

IMD8b1+IMD8b2
4
-1.085 3.0515
3.4339999999999997 3.0515
3.4339999999999997 4.5515
-1.085 4.5515
4.2

PASS1
4
-1.085 4.5515
3.4339999999999997 4.5515
3.4339999999999997 4.6265
-1.085 4.6265
7.0

PASS2
4
-1.085 4.6265
3.4339999999999997 4.6265
3.4339999999999997 5.0265
-1.085 5.0265
4.2

PASS3
4
-1.085 5.0265
3.4339999999999997 5.0265
3.4339999999999997 5.1015
-1.085 5.1015
7.0

PASS4+PASS5
4
-1.085 5.1015
3.4339999999999997 5.1015
3.4339999999999997 6.0515
-1.085 6.0515
4.2

PASS6
4
-1.085 6.0515
3.4339999999999997 6.0515
3.4339999999999997 6.6515
-1.085 6.6515
7.0

air_Layer
4
-1.085 6.6515
3.4339999999999997 6.6515
3.4339999999999997 6.9485
-1.085 6.9485
1.0


4
-1.085 0.001
3.4339999999999997 0.001
3.4339999999999997 6.9485
-1.085 6.9485

