c1
4
-0.10501000000000003 0.5545
0.10501000000000003 0.5545
0.11099000000000003 0.6535
-0.11099000000000003 0.6535

5
botleft
4
-1.2200000000000002 -0.001
0 -0.001
0 0.001
-1.2200000000000002 0.001

botright
4
0 -0.001
3.2990000000000004 -0.001
3.2990000000000004 0.001
0 0.001

lEnv
4
-0.7170100000000001 0.5545
-0.5069900000000002 0.5545
-0.5010100000000002 0.6535
-0.7229900000000001 0.6535

c2
4
0.4439900000000001 0.5545
1.41901 0.5545
1.4249900000000002 0.6535
0.4380100000000001 0.6535

rEnv
4
1.82099 0.5545
2.79601 0.5545
2.80199 0.6535
1.81501 0.6535


57
IMD2d1_damage
4
-0.7264240000000001 0.5445
-0.4975760000000002 0.5445
-0.4969720000000002 0.5545
-0.7270280000000001 0.5545
3.1

IMD2d1_damage
4
-0.11442400000000004 0.5445
0.11442400000000004 0.5445
0.11502800000000003 0.5545
-0.11502800000000003 0.5545
3.1

IMD2d1_damage
4
0.43457600000000013 0.5445
1.4284240000000001 0.5445
1.4290280000000002 0.5545
0.43397200000000014 0.5545
3.1

IMD2d1_damage
4
1.811576 0.5445
2.805424 0.5445
2.806028 0.5545
1.810972 0.5545
3.1

IMD2d2_damage
4
-0.7220190000000002 0.5545
-0.7170100000000001 0.5545
-0.7229900000000001 0.6535
-0.7279990000000002 0.6535
2.9

IMD2d2_damage
4
-0.5069900000000002 0.5545
-0.5019810000000001 0.5545
-0.4960010000000002 0.6535
-0.5010100000000002 0.6535
2.9

IMD2d2_damage
4
-0.11001900000000003 0.5545
-0.10501000000000003 0.5545
-0.11099000000000003 0.6535
-0.11599900000000003 0.6535
2.9

IMD2d2_damage
4
0.10501000000000003 0.5545
0.11001900000000003 0.5545
0.11599900000000003 0.6535
0.11099000000000003 0.6535
2.9

IMD2d2_damage
4
0.4389810000000001 0.5545
0.4439900000000001 0.5545
0.4380100000000001 0.6535
0.43300100000000014 0.6535
2.9

IMD2d2_damage
4
1.41901 0.5545
1.4240190000000001 0.5545
1.4299990000000002 0.6535
1.4249900000000002 0.6535
2.9

IMD2d2_damage
4
1.815981 0.5545
1.82099 0.5545
1.81501 0.6535
1.810001 0.6535
2.9

IMD2d2_damage
4
2.79601 0.5545
2.8010189999999997 0.5545
2.806999 0.6535
2.80199 0.6535
2.9

IMD2d2
4
-1.2200000000000002 0.5545
-0.7220190000000002 0.5545
-0.7279990000000002 0.6535
-1.2200000000000002 0.6535
2.65

IMD2d2
4
-0.5019810000000001 0.5545
-0.11001900000000003 0.5545
-0.11599900000000003 0.6535
-0.4960010000000002 0.6535
2.65

IMD2d2
4
0.11001900000000003 0.5545
0.4389810000000001 0.5545
0.43300100000000014 0.6535
0.11599900000000003 0.6535
2.65

IMD2d2
4
1.4240190000000001 0.5545
1.815981 0.5545
1.810001 0.6535
1.4299990000000002 0.6535
2.65

IMD2d2
4
2.8010189999999997 0.5545
3.2990000000000004 0.5545
3.2990000000000004 0.6535
2.806999 0.6535
2.65

IMD2d1
4
-1.2200000000000002 0.5445
-0.7264240000000001 0.5445
-0.7270280000000001 0.5545
-1.2200000000000002 0.5545
2.65

IMD2d1
4
-0.4975760000000002 0.5445
-0.11442400000000004 0.5445
-0.11502800000000003 0.5545
-0.4969720000000002 0.5545
2.65

IMD2d1
4
0.11442400000000004 0.5445
0.43457600000000013 0.5445
0.43397200000000014 0.5545
0.11502800000000003 0.5545
2.65

IMD2d1
4
1.4284240000000001 0.5445
1.811576 0.5445
1.810972 0.5545
1.4290280000000002 0.5545
2.65

IMD2d1
4
2.805424 0.5445
3.2990000000000004 0.5445
3.2990000000000004 0.5545
2.806028 0.5545
2.65

IMD2d1
4
-1.2200000000000002 0.5265
3.2990000000000004 0.5265
3.2990000000000004 0.5445
-1.2200000000000002 0.5445
2.65

FOXA+FOXB+TOX
4
-1.2200000000000002 0.001
3.2990000000000004 0.001
3.2990000000000004 0.2665
-1.2200000000000002 0.2665
4.0

ILD1a
4
-1.2200000000000002 0.2665
3.2990000000000004 0.2665
3.2990000000000004 0.2765
-1.2200000000000002 0.2765
7.0

ILD1b1+ILD1b2+ILD1b3
4
-1.2200000000000002 0.2765
3.2990000000000004 0.2765
3.2990000000000004 0.3955
-1.2200000000000002 0.3955
4.0

IMD1a
4
-1.2200000000000002 0.3955
3.2990000000000004 0.3955
3.2990000000000004 0.4065
-1.2200000000000002 0.4065
5.2

IMD1b
4
-1.2200000000000002 0.4065
3.2990000000000004 0.4065
3.2990000000000004 0.4665
-1.2200000000000002 0.4665
2.8

IMD2a
4
-1.2200000000000002 0.4665
3.2990000000000004 0.4665
3.2990000000000004 0.4875
-1.2200000000000002 0.4875
5.2

IMD2b
4
-1.2200000000000002 0.4875
3.2990000000000004 0.4875
3.2990000000000004 0.5025
-1.2200000000000002 0.5025
4.2

IMD2c
4
-1.2200000000000002 0.5025
3.2990000000000004 0.5025
3.2990000000000004 0.5265
-1.2200000000000002 0.5265
3.28

IMD3a
4
-1.2200000000000002 0.6535
3.2990000000000004 0.6535
3.2990000000000004 0.6745
-1.2200000000000002 0.6745
5.2

IMD3b
4
-1.2200000000000002 0.6745
3.2990000000000004 0.6745
3.2990000000000004 0.6895
-1.2200000000000002 0.6895
4.2

IMD3c
4
-1.2200000000000002 0.6895
3.2990000000000004 0.6895
3.2990000000000004 0.7135
-1.2200000000000002 0.7135
3.28

IMD3d1+IMD3d2
4
-1.2200000000000002 0.7135
3.2990000000000004 0.7135
3.2990000000000004 0.8405
-1.2200000000000002 0.8405
2.65

IMD4a
4
-1.2200000000000002 0.8405
3.2990000000000004 0.8405
3.2990000000000004 0.8615
-1.2200000000000002 0.8615
5.2

IMD4b
4
-1.2200000000000002 0.8615
3.2990000000000004 0.8615
3.2990000000000004 0.8765
-1.2200000000000002 0.8765
4.2

IMD4c
4
-1.2200000000000002 0.8765
3.2990000000000004 0.8765
3.2990000000000004 0.9005
-1.2200000000000002 0.9005
3.28

IMD4d1+IMD4d2
4
-1.2200000000000002 0.9005
3.2990000000000004 0.9005
3.2990000000000004 1.0275
-1.2200000000000002 1.0275
2.65

IMD5a
4
-1.2200000000000002 1.0275
3.2990000000000004 1.0275
3.2990000000000004 1.0485
-1.2200000000000002 1.0485
5.2

IMD5b
4
-1.2200000000000002 1.0485
3.2990000000000004 1.0485
3.2990000000000004 1.0635
-1.2200000000000002 1.0635
4.2

IMD5c
4
-1.2200000000000002 1.0635
3.2990000000000004 1.0635
3.2990000000000004 1.0875
-1.2200000000000002 1.0875
3.28

IMD5d1+IMD5d2
4
-1.2200000000000002 1.0875
3.2990000000000004 1.0875
3.2990000000000004 1.2145
-1.2200000000000002 1.2145
2.65

IMD6a
4
-1.2200000000000002 1.2145
3.2990000000000004 1.2145
3.2990000000000004 1.2355
-1.2200000000000002 1.2355
5.2

IMD6b
4
-1.2200000000000002 1.2355
3.2990000000000004 1.2355
3.2990000000000004 1.2505
-1.2200000000000002 1.2505
4.2

IMD6c
4
-1.2200000000000002 1.2505
3.2990000000000004 1.2505
3.2990000000000004 1.2745
-1.2200000000000002 1.2745
3.28

IMD6d1+IMD6d2
4
-1.2200000000000002 1.2745
3.2990000000000004 1.2745
3.2990000000000004 1.4015
-1.2200000000000002 1.4015
2.65

IMD7a
4
-1.2200000000000002 1.4015
3.2990000000000004 1.4015
3.2990000000000004 1.4765
-1.2200000000000002 1.4765
5.2

IMD7b1+IMD7b2
4
-1.2200000000000002 1.4765
3.2990000000000004 1.4765
3.2990000000000004 2.9765
-1.2200000000000002 2.9765
4.2

IMD8a
4
-1.2200000000000002 2.9765
3.2990000000000004 2.9765
3.2990000000000004 3.0515
-1.2200000000000002 3.0515
5.2

IMD8b1+IMD8b2
4
-1.2200000000000002 3.0515
3.2990000000000004 3.0515
3.2990000000000004 4.5515
-1.2200000000000002 4.5515
4.2

PASS1
4
-1.2200000000000002 4.5515
3.2990000000000004 4.5515
3.2990000000000004 4.6265
-1.2200000000000002 4.6265
7.0

PASS2
4
-1.2200000000000002 4.6265
3.2990000000000004 4.6265
3.2990000000000004 5.0265
-1.2200000000000002 5.0265
4.2

PASS3
4
-1.2200000000000002 5.0265
3.2990000000000004 5.0265
3.2990000000000004 5.1015
-1.2200000000000002 5.1015
7.0

PASS4+PASS5
4
-1.2200000000000002 5.1015
3.2990000000000004 5.1015
3.2990000000000004 6.0515
-1.2200000000000002 6.0515
4.2

PASS6
4
-1.2200000000000002 6.0515
3.2990000000000004 6.0515
3.2990000000000004 6.6515
-1.2200000000000002 6.6515
7.0

air_Layer
4
-1.2200000000000002 6.6515
3.2990000000000004 6.6515
3.2990000000000004 6.9485
-1.2200000000000002 6.9485
1.0


4
-1.2200000000000002 0.001
3.2990000000000004 0.001
3.2990000000000004 6.9485
-1.2200000000000002 6.9485

