c1
4
-0.01501000000000001 0.5545
0.01501000000000001 0.5545
0.02099000000000001 0.6535
-0.02099000000000001 0.6535

5
botleft
4
-0.77 -0.001
0 -0.001
0 0.001
-0.77 0.001

botright
4
0 -0.001
2.3989999999999996 -0.001
2.3989999999999996 0.001
0 0.001

lEnv
4
-0.26701 0.5545
-0.23699000000000003 0.5545
-0.23101000000000002 0.6535
-0.27299 0.6535

c2
4
0.5339900000000001 0.5545
1.1040099999999997 0.5545
1.1099899999999998 0.6535
0.5280100000000001 0.6535

rEnv
4
1.32599 0.5545
1.8960099999999995 0.5545
1.9019899999999996 0.6535
1.32001 0.6535


57
IMD2d1_damage
4
-0.276424 0.5445
-0.227576 0.5445
-0.226972 0.5545
-0.277028 0.5545
3.1

IMD2d1_damage
4
-0.024424000000000008 0.5445
0.024424000000000008 0.5445
0.02502800000000001 0.5545
-0.02502800000000001 0.5545
3.1

IMD2d1_damage
4
0.5245760000000002 0.5445
1.1134239999999997 0.5445
1.1140279999999998 0.5545
0.5239720000000001 0.5545
3.1

IMD2d1_damage
4
1.316576 0.5445
1.9054239999999996 0.5445
1.9060279999999996 0.5545
1.315972 0.5545
3.1

IMD2d2_damage
4
-0.272019 0.5545
-0.26701 0.5545
-0.27299 0.6535
-0.277999 0.6535
2.9

IMD2d2_damage
4
-0.23699000000000003 0.5545
-0.23198100000000002 0.5545
-0.226001 0.6535
-0.23101000000000002 0.6535
2.9

IMD2d2_damage
4
-0.02001900000000001 0.5545
-0.01501000000000001 0.5545
-0.02099000000000001 0.6535
-0.025999000000000008 0.6535
2.9

IMD2d2_damage
4
0.01501000000000001 0.5545
0.02001900000000001 0.5545
0.025999000000000008 0.6535
0.02099000000000001 0.6535
2.9

IMD2d2_damage
4
0.528981 0.5545
0.5339900000000001 0.5545
0.5280100000000001 0.6535
0.523001 0.6535
2.9

IMD2d2_damage
4
1.1040099999999997 0.5545
1.1090189999999998 0.5545
1.1149989999999999 0.6535
1.1099899999999998 0.6535
2.9

IMD2d2_damage
4
1.320981 0.5545
1.32599 0.5545
1.32001 0.6535
1.3150009999999999 0.6535
2.9

IMD2d2_damage
4
1.8960099999999995 0.5545
1.9010189999999996 0.5545
1.9069989999999997 0.6535
1.9019899999999996 0.6535
2.9

IMD2d2
4
-0.77 0.5545
-0.272019 0.5545
-0.277999 0.6535
-0.77 0.6535
2.65

IMD2d2
4
-0.23198100000000002 0.5545
-0.02001900000000001 0.5545
-0.025999000000000008 0.6535
-0.226001 0.6535
2.65

IMD2d2
4
0.02001900000000001 0.5545
0.528981 0.5545
0.523001 0.6535
0.025999000000000008 0.6535
2.65

IMD2d2
4
1.1090189999999998 0.5545
1.320981 0.5545
1.3150009999999999 0.6535
1.1149989999999999 0.6535
2.65

IMD2d2
4
1.9010189999999996 0.5545
2.3989999999999996 0.5545
2.3989999999999996 0.6535
1.9069989999999997 0.6535
2.65

IMD2d1
4
-0.77 0.5445
-0.276424 0.5445
-0.277028 0.5545
-0.77 0.5545
2.65

IMD2d1
4
-0.227576 0.5445
-0.024424000000000008 0.5445
-0.02502800000000001 0.5545
-0.226972 0.5545
2.65

IMD2d1
4
0.024424000000000008 0.5445
0.5245760000000002 0.5445
0.5239720000000001 0.5545
0.02502800000000001 0.5545
2.65

IMD2d1
4
1.1134239999999997 0.5445
1.316576 0.5445
1.315972 0.5545
1.1140279999999998 0.5545
2.65

IMD2d1
4
1.9054239999999996 0.5445
2.3989999999999996 0.5445
2.3989999999999996 0.5545
1.9060279999999996 0.5545
2.65

IMD2d1
4
-0.77 0.5265
2.3989999999999996 0.5265
2.3989999999999996 0.5445
-0.77 0.5445
2.65

FOXA+FOXB+TOX
4
-0.77 0.001
2.3989999999999996 0.001
2.3989999999999996 0.2665
-0.77 0.2665
4.0

ILD1a
4
-0.77 0.2665
2.3989999999999996 0.2665
2.3989999999999996 0.2765
-0.77 0.2765
7.0

ILD1b1+ILD1b2+ILD1b3
4
-0.77 0.2765
2.3989999999999996 0.2765
2.3989999999999996 0.3955
-0.77 0.3955
4.0

IMD1a
4
-0.77 0.3955
2.3989999999999996 0.3955
2.3989999999999996 0.4065
-0.77 0.4065
5.2

IMD1b
4
-0.77 0.4065
2.3989999999999996 0.4065
2.3989999999999996 0.4665
-0.77 0.4665
2.8

IMD2a
4
-0.77 0.4665
2.3989999999999996 0.4665
2.3989999999999996 0.4875
-0.77 0.4875
5.2

IMD2b
4
-0.77 0.4875
2.3989999999999996 0.4875
2.3989999999999996 0.5025
-0.77 0.5025
4.2

IMD2c
4
-0.77 0.5025
2.3989999999999996 0.5025
2.3989999999999996 0.5265
-0.77 0.5265
3.28

IMD3a
4
-0.77 0.6535
2.3989999999999996 0.6535
2.3989999999999996 0.6745
-0.77 0.6745
5.2

IMD3b
4
-0.77 0.6745
2.3989999999999996 0.6745
2.3989999999999996 0.6895
-0.77 0.6895
4.2

IMD3c
4
-0.77 0.6895
2.3989999999999996 0.6895
2.3989999999999996 0.7135
-0.77 0.7135
3.28

IMD3d1+IMD3d2
4
-0.77 0.7135
2.3989999999999996 0.7135
2.3989999999999996 0.8405
-0.77 0.8405
2.65

IMD4a
4
-0.77 0.8405
2.3989999999999996 0.8405
2.3989999999999996 0.8615
-0.77 0.8615
5.2

IMD4b
4
-0.77 0.8615
2.3989999999999996 0.8615
2.3989999999999996 0.8765
-0.77 0.8765
4.2

IMD4c
4
-0.77 0.8765
2.3989999999999996 0.8765
2.3989999999999996 0.9005
-0.77 0.9005
3.28

IMD4d1+IMD4d2
4
-0.77 0.9005
2.3989999999999996 0.9005
2.3989999999999996 1.0275
-0.77 1.0275
2.65

IMD5a
4
-0.77 1.0275
2.3989999999999996 1.0275
2.3989999999999996 1.0485
-0.77 1.0485
5.2

IMD5b
4
-0.77 1.0485
2.3989999999999996 1.0485
2.3989999999999996 1.0635
-0.77 1.0635
4.2

IMD5c
4
-0.77 1.0635
2.3989999999999996 1.0635
2.3989999999999996 1.0875
-0.77 1.0875
3.28

IMD5d1+IMD5d2
4
-0.77 1.0875
2.3989999999999996 1.0875
2.3989999999999996 1.2145
-0.77 1.2145
2.65

IMD6a
4
-0.77 1.2145
2.3989999999999996 1.2145
2.3989999999999996 1.2355
-0.77 1.2355
5.2

IMD6b
4
-0.77 1.2355
2.3989999999999996 1.2355
2.3989999999999996 1.2505
-0.77 1.2505
4.2

IMD6c
4
-0.77 1.2505
2.3989999999999996 1.2505
2.3989999999999996 1.2745
-0.77 1.2745
3.28

IMD6d1+IMD6d2
4
-0.77 1.2745
2.3989999999999996 1.2745
2.3989999999999996 1.4015
-0.77 1.4015
2.65

IMD7a
4
-0.77 1.4015
2.3989999999999996 1.4015
2.3989999999999996 1.4765
-0.77 1.4765
5.2

IMD7b1+IMD7b2
4
-0.77 1.4765
2.3989999999999996 1.4765
2.3989999999999996 2.9765
-0.77 2.9765
4.2

IMD8a
4
-0.77 2.9765
2.3989999999999996 2.9765
2.3989999999999996 3.0515
-0.77 3.0515
5.2

IMD8b1+IMD8b2
4
-0.77 3.0515
2.3989999999999996 3.0515
2.3989999999999996 4.5515
-0.77 4.5515
4.2

PASS1
4
-0.77 4.5515
2.3989999999999996 4.5515
2.3989999999999996 4.6265
-0.77 4.6265
7.0

PASS2
4
-0.77 4.6265
2.3989999999999996 4.6265
2.3989999999999996 5.0265
-0.77 5.0265
4.2

PASS3
4
-0.77 5.0265
2.3989999999999996 5.0265
2.3989999999999996 5.1015
-0.77 5.1015
7.0

PASS4+PASS5
4
-0.77 5.1015
2.3989999999999996 5.1015
2.3989999999999996 6.0515
-0.77 6.0515
4.2

PASS6
4
-0.77 6.0515
2.3989999999999996 6.0515
2.3989999999999996 6.6515
-0.77 6.6515
7.0

air_Layer
4
-0.77 6.6515
2.3989999999999996 6.6515
2.3989999999999996 6.9485
-0.77 6.9485
1.0


4
-0.77 0.001
2.3989999999999996 0.001
2.3989999999999996 6.9485
-0.77 6.9485

