c1
4
-0.35251 0.9285000000000001
0.35251 0.9285000000000001
0.35849 1.0275
-0.35849 1.0275

5
botleft
4
-1.9625 -0.001
0 -0.001
0 0.001
-1.9625 0.001

botright
4
0 -0.001
3.591500000000001 -0.001
3.591500000000001 0.001
0 0.001

lEnv
4
-1.4595099999999999 0.9285000000000001
-0.75449 0.9285000000000001
-0.74851 1.0275
-1.46549 1.0275

c2
4
1.0064900000000003 0.9285000000000001
1.8465100000000003 0.9285000000000001
1.8524900000000004 1.0275
1.0005100000000002 1.0275

rEnv
4
2.2484900000000003 0.9285000000000001
3.0885100000000003 0.9285000000000001
3.0944900000000004 1.0275
2.2425100000000002 1.0275


57
IMD4d1_damage
4
-1.468924 0.9185000000000001
-0.7450760000000001 0.9185000000000001
-0.744472 0.9285000000000001
-1.469528 0.9285000000000001
3.1

IMD4d1_damage
4
-0.36192399999999997 0.9185000000000001
0.36192399999999997 0.9185000000000001
0.36252799999999996 0.9285000000000001
-0.36252799999999996 0.9285000000000001
3.1

IMD4d1_damage
4
0.9970760000000003 0.9185000000000001
1.8559240000000004 0.9185000000000001
1.8565280000000004 0.9285000000000001
0.9964720000000002 0.9285000000000001
3.1

IMD4d1_damage
4
2.2390760000000003 0.9185000000000001
3.0979240000000003 0.9185000000000001
3.0985280000000004 0.9285000000000001
2.2384720000000002 0.9285000000000001
3.1

IMD4d2_damage
4
-1.464519 0.9285000000000001
-1.4595099999999999 0.9285000000000001
-1.46549 1.0275
-1.470499 1.0275
2.9

IMD4d2_damage
4
-0.75449 0.9285000000000001
-0.749481 0.9285000000000001
-0.743501 1.0275
-0.74851 1.0275
2.9

IMD4d2_damage
4
-0.357519 0.9285000000000001
-0.35251 0.9285000000000001
-0.35849 1.0275
-0.36349899999999996 1.0275
2.9

IMD4d2_damage
4
0.35251 0.9285000000000001
0.357519 0.9285000000000001
0.36349899999999996 1.0275
0.35849 1.0275
2.9

IMD4d2_damage
4
1.0014810000000003 0.9285000000000001
1.0064900000000003 0.9285000000000001
1.0005100000000002 1.0275
0.9955010000000002 1.0275
2.9

IMD4d2_damage
4
1.8465100000000003 0.9285000000000001
1.8515190000000004 0.9285000000000001
1.8574990000000005 1.0275
1.8524900000000004 1.0275
2.9

IMD4d2_damage
4
2.2434810000000005 0.9285000000000001
2.2484900000000003 0.9285000000000001
2.2425100000000002 1.0275
2.2375010000000004 1.0275
2.9

IMD4d2_damage
4
3.0885100000000003 0.9285000000000001
3.093519 0.9285000000000001
3.0994990000000002 1.0275
3.0944900000000004 1.0275
2.9

IMD4d2
4
-1.9625 0.9285000000000001
-1.464519 0.9285000000000001
-1.470499 1.0275
-1.9625 1.0275
2.65

IMD4d2
4
-0.749481 0.9285000000000001
-0.357519 0.9285000000000001
-0.36349899999999996 1.0275
-0.743501 1.0275
2.65

IMD4d2
4
0.357519 0.9285000000000001
1.0014810000000003 0.9285000000000001
0.9955010000000002 1.0275
0.36349899999999996 1.0275
2.65

IMD4d2
4
1.8515190000000004 0.9285000000000001
2.2434810000000005 0.9285000000000001
2.2375010000000004 1.0275
1.8574990000000005 1.0275
2.65

IMD4d2
4
3.093519 0.9285000000000001
3.591500000000001 0.9285000000000001
3.591500000000001 1.0275
3.0994990000000002 1.0275
2.65

IMD4d1
4
-1.9625 0.9185000000000001
-1.468924 0.9185000000000001
-1.469528 0.9285000000000001
-1.9625 0.9285000000000001
2.65

IMD4d1
4
-0.7450760000000001 0.9185000000000001
-0.36192399999999997 0.9185000000000001
-0.36252799999999996 0.9285000000000001
-0.744472 0.9285000000000001
2.65

IMD4d1
4
0.36192399999999997 0.9185000000000001
0.9970760000000003 0.9185000000000001
0.9964720000000002 0.9285000000000001
0.36252799999999996 0.9285000000000001
2.65

IMD4d1
4
1.8559240000000004 0.9185000000000001
2.2390760000000003 0.9185000000000001
2.2384720000000002 0.9285000000000001
1.8565280000000004 0.9285000000000001
2.65

IMD4d1
4
3.0979240000000003 0.9185000000000001
3.591500000000001 0.9185000000000001
3.591500000000001 0.9285000000000001
3.0985280000000004 0.9285000000000001
2.65

IMD4d1
4
-1.9625 0.9005
3.591500000000001 0.9005
3.591500000000001 0.9185000000000001
-1.9625 0.9185000000000001
2.65

FOXA+FOXB+TOX
4
-1.9625 0.001
3.591500000000001 0.001
3.591500000000001 0.2665
-1.9625 0.2665
4.0

ILD1a
4
-1.9625 0.2665
3.591500000000001 0.2665
3.591500000000001 0.2765
-1.9625 0.2765
7.0

ILD1b1+ILD1b2+ILD1b3
4
-1.9625 0.2765
3.591500000000001 0.2765
3.591500000000001 0.3955
-1.9625 0.3955
4.0

IMD1a
4
-1.9625 0.3955
3.591500000000001 0.3955
3.591500000000001 0.4065
-1.9625 0.4065
5.2

IMD1b
4
-1.9625 0.4065
3.591500000000001 0.4065
3.591500000000001 0.4665
-1.9625 0.4665
2.8

IMD2a
4
-1.9625 0.4665
3.591500000000001 0.4665
3.591500000000001 0.4875
-1.9625 0.4875
5.2

IMD2b
4
-1.9625 0.4875
3.591500000000001 0.4875
3.591500000000001 0.5025
-1.9625 0.5025
4.2

IMD2c
4
-1.9625 0.5025
3.591500000000001 0.5025
3.591500000000001 0.5265
-1.9625 0.5265
3.28

IMD2d1+IMD2d2
4
-1.9625 0.5265
3.591500000000001 0.5265
3.591500000000001 0.6535
-1.9625 0.6535
2.65

IMD3a
4
-1.9625 0.6535
3.591500000000001 0.6535
3.591500000000001 0.6745
-1.9625 0.6745
5.2

IMD3b
4
-1.9625 0.6745
3.591500000000001 0.6745
3.591500000000001 0.6895
-1.9625 0.6895
4.2

IMD3c
4
-1.9625 0.6895
3.591500000000001 0.6895
3.591500000000001 0.7135
-1.9625 0.7135
3.28

IMD3d1+IMD3d2
4
-1.9625 0.7135
3.591500000000001 0.7135
3.591500000000001 0.8405
-1.9625 0.8405
2.65

IMD4a
4
-1.9625 0.8405
3.591500000000001 0.8405
3.591500000000001 0.8615
-1.9625 0.8615
5.2

IMD4b
4
-1.9625 0.8615
3.591500000000001 0.8615
3.591500000000001 0.8765
-1.9625 0.8765
4.2

IMD4c
4
-1.9625 0.8765
3.591500000000001 0.8765
3.591500000000001 0.9005
-1.9625 0.9005
3.28

IMD5a
4
-1.9625 1.0275
3.591500000000001 1.0275
3.591500000000001 1.0485
-1.9625 1.0485
5.2

IMD5b
4
-1.9625 1.0485
3.591500000000001 1.0485
3.591500000000001 1.0635
-1.9625 1.0635
4.2

IMD5c
4
-1.9625 1.0635
3.591500000000001 1.0635
3.591500000000001 1.0875
-1.9625 1.0875
3.28

IMD5d1+IMD5d2
4
-1.9625 1.0875
3.591500000000001 1.0875
3.591500000000001 1.2145
-1.9625 1.2145
2.65

IMD6a
4
-1.9625 1.2145
3.591500000000001 1.2145
3.591500000000001 1.2355
-1.9625 1.2355
5.2

IMD6b
4
-1.9625 1.2355
3.591500000000001 1.2355
3.591500000000001 1.2505
-1.9625 1.2505
4.2

IMD6c
4
-1.9625 1.2505
3.591500000000001 1.2505
3.591500000000001 1.2745
-1.9625 1.2745
3.28

IMD6d1+IMD6d2
4
-1.9625 1.2745
3.591500000000001 1.2745
3.591500000000001 1.4015
-1.9625 1.4015
2.65

IMD7a
4
-1.9625 1.4015
3.591500000000001 1.4015
3.591500000000001 1.4765
-1.9625 1.4765
5.2

IMD7b1+IMD7b2
4
-1.9625 1.4765
3.591500000000001 1.4765
3.591500000000001 2.9765
-1.9625 2.9765
4.2

IMD8a
4
-1.9625 2.9765
3.591500000000001 2.9765
3.591500000000001 3.0515
-1.9625 3.0515
5.2

IMD8b1+IMD8b2
4
-1.9625 3.0515
3.591500000000001 3.0515
3.591500000000001 4.5515
-1.9625 4.5515
4.2

PASS1
4
-1.9625 4.5515
3.591500000000001 4.5515
3.591500000000001 4.6265
-1.9625 4.6265
7.0

PASS2
4
-1.9625 4.6265
3.591500000000001 4.6265
3.591500000000001 5.0265
-1.9625 5.0265
4.2

PASS3
4
-1.9625 5.0265
3.591500000000001 5.0265
3.591500000000001 5.1015
-1.9625 5.1015
7.0

PASS4+PASS5
4
-1.9625 5.1015
3.591500000000001 5.1015
3.591500000000001 6.0515
-1.9625 6.0515
4.2

PASS6
4
-1.9625 6.0515
3.591500000000001 6.0515
3.591500000000001 6.6515
-1.9625 6.6515
7.0

air_Layer
4
-1.9625 6.6515
3.591500000000001 6.6515
3.591500000000001 6.9485
-1.9625 6.9485
1.0


4
-1.9625 0.001
3.591500000000001 0.001
3.591500000000001 6.9485
-1.9625 6.9485

