c1
4
-0.4200099999999999 0.7415
0.4200100000000001 0.7415
0.4259900000000001 0.8405
-0.42598999999999987 0.8405

5
botleft
4
-2.0749999999999997 -0.001
0 -0.001
0 0.001
-2.0749999999999997 0.001

botright
4
0 -0.001
2.444 -0.001
2.444 0.001
0 0.001

lEnv
4
-1.5720099999999997 0.7415
-0.7319899999999998 0.7415
-0.7260099999999998 0.8405
-1.5779899999999998 0.8405

c2
4
0.48899000000000015 0.7415
1.0590099999999998 0.7415
1.0649899999999999 0.8405
0.48301000000000016 0.8405

rEnv
4
1.37099 0.7415
1.9410099999999995 0.7415
1.9469899999999996 0.8405
1.3650099999999998 0.8405


57
IMD3d1_damage
4
-1.5814239999999997 0.7315
-0.7225759999999999 0.7315
-0.7219719999999998 0.7415
-1.5820279999999998 0.7415
3.1

IMD3d1_damage
4
-0.42942399999999986 0.7315
0.4294240000000001 0.7315
0.4300280000000001 0.7415
-0.43002799999999985 0.7415
3.1

IMD3d1_damage
4
0.47957600000000017 0.7315
1.0684239999999998 0.7315
1.0690279999999999 0.7415
0.4789720000000002 0.7415
3.1

IMD3d1_damage
4
1.361576 0.7315
1.9504239999999995 0.7315
1.9510279999999995 0.7415
1.3609719999999998 0.7415
3.1

IMD3d2_damage
4
-1.5770189999999997 0.7415
-1.5720099999999997 0.7415
-1.5779899999999998 0.8405
-1.5829989999999998 0.8405
2.9

IMD3d2_damage
4
-0.7319899999999998 0.7415
-0.7269809999999998 0.7415
-0.7210009999999998 0.8405
-0.7260099999999998 0.8405
2.9

IMD3d2_damage
4
-0.42501899999999987 0.7415
-0.4200099999999999 0.7415
-0.42598999999999987 0.8405
-0.43099899999999985 0.8405
2.9

IMD3d2_damage
4
0.4200100000000001 0.7415
0.4250190000000001 0.7415
0.4309990000000001 0.8405
0.4259900000000001 0.8405
2.9

IMD3d2_damage
4
0.48398100000000016 0.7415
0.48899000000000015 0.7415
0.48301000000000016 0.8405
0.4780010000000002 0.8405
2.9

IMD3d2_damage
4
1.0590099999999998 0.7415
1.0640189999999998 0.7415
1.069999 0.8405
1.0649899999999999 0.8405
2.9

IMD3d2_damage
4
1.365981 0.7415
1.37099 0.7415
1.3650099999999998 0.8405
1.3600009999999998 0.8405
2.9

IMD3d2_damage
4
1.9410099999999995 0.7415
1.9460189999999995 0.7415
1.9519989999999996 0.8405
1.9469899999999996 0.8405
2.9

IMD3d2
4
-2.0749999999999997 0.7415
-1.5770189999999997 0.7415
-1.5829989999999998 0.8405
-2.0749999999999997 0.8405
2.65

IMD3d2
4
-0.7269809999999998 0.7415
-0.42501899999999987 0.7415
-0.43099899999999985 0.8405
-0.7210009999999998 0.8405
2.65

IMD3d2
4
0.4250190000000001 0.7415
0.48398100000000016 0.7415
0.4780010000000002 0.8405
0.4309990000000001 0.8405
2.65

IMD3d2
4
1.0640189999999998 0.7415
1.365981 0.7415
1.3600009999999998 0.8405
1.069999 0.8405
2.65

IMD3d2
4
1.9460189999999995 0.7415
2.444 0.7415
2.444 0.8405
1.9519989999999996 0.8405
2.65

IMD3d1
4
-2.0749999999999997 0.7315
-1.5814239999999997 0.7315
-1.5820279999999998 0.7415
-2.0749999999999997 0.7415
2.65

IMD3d1
4
-0.7225759999999999 0.7315
-0.42942399999999986 0.7315
-0.43002799999999985 0.7415
-0.7219719999999998 0.7415
2.65

IMD3d1
4
0.4294240000000001 0.7315
0.47957600000000017 0.7315
0.4789720000000002 0.7415
0.4300280000000001 0.7415
2.65

IMD3d1
4
1.0684239999999998 0.7315
1.361576 0.7315
1.3609719999999998 0.7415
1.0690279999999999 0.7415
2.65

IMD3d1
4
1.9504239999999995 0.7315
2.444 0.7315
2.444 0.7415
1.9510279999999995 0.7415
2.65

IMD3d1
4
-2.0749999999999997 0.7135
2.444 0.7135
2.444 0.7315
-2.0749999999999997 0.7315
2.65

FOXA+FOXB+TOX
4
-2.0749999999999997 0.001
2.444 0.001
2.444 0.2665
-2.0749999999999997 0.2665
4.0

ILD1a
4
-2.0749999999999997 0.2665
2.444 0.2665
2.444 0.2765
-2.0749999999999997 0.2765
7.0

ILD1b1+ILD1b2+ILD1b3
4
-2.0749999999999997 0.2765
2.444 0.2765
2.444 0.3955
-2.0749999999999997 0.3955
4.0

IMD1a
4
-2.0749999999999997 0.3955
2.444 0.3955
2.444 0.4065
-2.0749999999999997 0.4065
5.2

IMD1b
4
-2.0749999999999997 0.4065
2.444 0.4065
2.444 0.4665
-2.0749999999999997 0.4665
2.8

IMD2a
4
-2.0749999999999997 0.4665
2.444 0.4665
2.444 0.4875
-2.0749999999999997 0.4875
5.2

IMD2b
4
-2.0749999999999997 0.4875
2.444 0.4875
2.444 0.5025
-2.0749999999999997 0.5025
4.2

IMD2c
4
-2.0749999999999997 0.5025
2.444 0.5025
2.444 0.5265
-2.0749999999999997 0.5265
3.28

IMD2d1+IMD2d2
4
-2.0749999999999997 0.5265
2.444 0.5265
2.444 0.6535
-2.0749999999999997 0.6535
2.65

IMD3a
4
-2.0749999999999997 0.6535
2.444 0.6535
2.444 0.6745
-2.0749999999999997 0.6745
5.2

IMD3b
4
-2.0749999999999997 0.6745
2.444 0.6745
2.444 0.6895
-2.0749999999999997 0.6895
4.2

IMD3c
4
-2.0749999999999997 0.6895
2.444 0.6895
2.444 0.7135
-2.0749999999999997 0.7135
3.28

IMD4a
4
-2.0749999999999997 0.8405
2.444 0.8405
2.444 0.8615
-2.0749999999999997 0.8615
5.2

IMD4b
4
-2.0749999999999997 0.8615
2.444 0.8615
2.444 0.8765
-2.0749999999999997 0.8765
4.2

IMD4c
4
-2.0749999999999997 0.8765
2.444 0.8765
2.444 0.9005
-2.0749999999999997 0.9005
3.28

IMD4d1+IMD4d2
4
-2.0749999999999997 0.9005
2.444 0.9005
2.444 1.0275
-2.0749999999999997 1.0275
2.65

IMD5a
4
-2.0749999999999997 1.0275
2.444 1.0275
2.444 1.0485
-2.0749999999999997 1.0485
5.2

IMD5b
4
-2.0749999999999997 1.0485
2.444 1.0485
2.444 1.0635
-2.0749999999999997 1.0635
4.2

IMD5c
4
-2.0749999999999997 1.0635
2.444 1.0635
2.444 1.0875
-2.0749999999999997 1.0875
3.28

IMD5d1+IMD5d2
4
-2.0749999999999997 1.0875
2.444 1.0875
2.444 1.2145
-2.0749999999999997 1.2145
2.65

IMD6a
4
-2.0749999999999997 1.2145
2.444 1.2145
2.444 1.2355
-2.0749999999999997 1.2355
5.2

IMD6b
4
-2.0749999999999997 1.2355
2.444 1.2355
2.444 1.2505
-2.0749999999999997 1.2505
4.2

IMD6c
4
-2.0749999999999997 1.2505
2.444 1.2505
2.444 1.2745
-2.0749999999999997 1.2745
3.28

IMD6d1+IMD6d2
4
-2.0749999999999997 1.2745
2.444 1.2745
2.444 1.4015
-2.0749999999999997 1.4015
2.65

IMD7a
4
-2.0749999999999997 1.4015
2.444 1.4015
2.444 1.4765
-2.0749999999999997 1.4765
5.2

IMD7b1+IMD7b2
4
-2.0749999999999997 1.4765
2.444 1.4765
2.444 2.9765
-2.0749999999999997 2.9765
4.2

IMD8a
4
-2.0749999999999997 2.9765
2.444 2.9765
2.444 3.0515
-2.0749999999999997 3.0515
5.2

IMD8b1+IMD8b2
4
-2.0749999999999997 3.0515
2.444 3.0515
2.444 4.5515
-2.0749999999999997 4.5515
4.2

PASS1
4
-2.0749999999999997 4.5515
2.444 4.5515
2.444 4.6265
-2.0749999999999997 4.6265
7.0

PASS2
4
-2.0749999999999997 4.6265
2.444 4.6265
2.444 5.0265
-2.0749999999999997 5.0265
4.2

PASS3
4
-2.0749999999999997 5.0265
2.444 5.0265
2.444 5.1015
-2.0749999999999997 5.1015
7.0

PASS4+PASS5
4
-2.0749999999999997 5.1015
2.444 5.1015
2.444 6.0515
-2.0749999999999997 6.0515
4.2

PASS6
4
-2.0749999999999997 6.0515
2.444 6.0515
2.444 6.6515
-2.0749999999999997 6.6515
7.0

air_Layer
4
-2.0749999999999997 6.6515
2.444 6.6515
2.444 6.9485
-2.0749999999999997 6.9485
1.0


4
-2.0749999999999997 0.001
2.444 0.001
2.444 6.9485
-2.0749999999999997 6.9485

