c1
4
-0.28501 0.5545
0.28501 0.5545
0.29098999999999997 0.6535
-0.29098999999999997 0.6535

5
botleft
4
-1.49 -0.001
0 -0.001
0 0.001
-1.49 0.001

botright
4
0 -0.001
1.229 -0.001
1.229 0.001
0 0.001

lEnv
4
-0.9870099999999999 0.5545
-0.41698999999999997 0.5545
-0.41101 0.6535
-0.9929899999999999 0.6535

c2
4
0.53399 0.5545
0.5640099999999999 0.5545
0.5699899999999999 0.6535
0.52801 0.6535

rEnv
4
0.6959899999999999 0.5545
0.7260099999999998 0.5545
0.7319899999999998 0.6535
0.6900099999999999 0.6535


57
IMD2d1_damage
4
-0.9964239999999999 0.5445
-0.407576 0.5445
-0.406972 0.5545
-0.9970279999999999 0.5545
3.1

IMD2d1_damage
4
-0.29442399999999996 0.5445
0.29442399999999996 0.5445
0.29502799999999996 0.5545
-0.29502799999999996 0.5545
3.1

IMD2d1_damage
4
0.524576 0.5445
0.5734239999999998 0.5445
0.5740279999999999 0.5545
0.523972 0.5545
3.1

IMD2d1_damage
4
0.686576 0.5445
0.7354239999999997 0.5445
0.7360279999999998 0.5545
0.6859719999999999 0.5545
3.1

IMD2d2_damage
4
-0.992019 0.5545
-0.9870099999999999 0.5545
-0.9929899999999999 0.6535
-0.997999 0.6535
2.9

IMD2d2_damage
4
-0.41698999999999997 0.5545
-0.411981 0.5545
-0.406001 0.6535
-0.41101 0.6535
2.9

IMD2d2_damage
4
-0.29001899999999997 0.5545
-0.28501 0.5545
-0.29098999999999997 0.6535
-0.29599899999999996 0.6535
2.9

IMD2d2_damage
4
0.28501 0.5545
0.29001899999999997 0.5545
0.29599899999999996 0.6535
0.29098999999999997 0.6535
2.9

IMD2d2_damage
4
0.5289809999999999 0.5545
0.53399 0.5545
0.52801 0.6535
0.5230009999999999 0.6535
2.9

IMD2d2_damage
4
0.5640099999999999 0.5545
0.5690189999999999 0.5545
0.5749989999999999 0.6535
0.5699899999999999 0.6535
2.9

IMD2d2_damage
4
0.6909809999999998 0.5545
0.6959899999999999 0.5545
0.6900099999999999 0.6535
0.6850009999999999 0.6535
2.9

IMD2d2_damage
4
0.7260099999999998 0.5545
0.7310189999999999 0.5545
0.7369989999999998 0.6535
0.7319899999999998 0.6535
2.9

IMD2d2
4
-1.49 0.5545
-0.992019 0.5545
-0.997999 0.6535
-1.49 0.6535
2.65

IMD2d2
4
-0.411981 0.5545
-0.29001899999999997 0.5545
-0.29599899999999996 0.6535
-0.406001 0.6535
2.65

IMD2d2
4
0.29001899999999997 0.5545
0.5289809999999999 0.5545
0.5230009999999999 0.6535
0.29599899999999996 0.6535
2.65

IMD2d2
4
0.5690189999999999 0.5545
0.6909809999999998 0.5545
0.6850009999999999 0.6535
0.5749989999999999 0.6535
2.65

IMD2d2
4
0.7310189999999999 0.5545
1.229 0.5545
1.229 0.6535
0.7369989999999998 0.6535
2.65

IMD2d1
4
-1.49 0.5445
-0.9964239999999999 0.5445
-0.9970279999999999 0.5545
-1.49 0.5545
2.65

IMD2d1
4
-0.407576 0.5445
-0.29442399999999996 0.5445
-0.29502799999999996 0.5545
-0.406972 0.5545
2.65

IMD2d1
4
0.29442399999999996 0.5445
0.524576 0.5445
0.523972 0.5545
0.29502799999999996 0.5545
2.65

IMD2d1
4
0.5734239999999998 0.5445
0.686576 0.5445
0.6859719999999999 0.5545
0.5740279999999999 0.5545
2.65

IMD2d1
4
0.7354239999999997 0.5445
1.229 0.5445
1.229 0.5545
0.7360279999999998 0.5545
2.65

IMD2d1
4
-1.49 0.5265
1.229 0.5265
1.229 0.5445
-1.49 0.5445
2.65

FOXA+FOXB+TOX
4
-1.49 0.001
1.229 0.001
1.229 0.2665
-1.49 0.2665
4.0

ILD1a
4
-1.49 0.2665
1.229 0.2665
1.229 0.2765
-1.49 0.2765
7.0

ILD1b1+ILD1b2+ILD1b3
4
-1.49 0.2765
1.229 0.2765
1.229 0.3955
-1.49 0.3955
4.0

IMD1a
4
-1.49 0.3955
1.229 0.3955
1.229 0.4065
-1.49 0.4065
5.2

IMD1b
4
-1.49 0.4065
1.229 0.4065
1.229 0.4665
-1.49 0.4665
2.8

IMD2a
4
-1.49 0.4665
1.229 0.4665
1.229 0.4875
-1.49 0.4875
5.2

IMD2b
4
-1.49 0.4875
1.229 0.4875
1.229 0.5025
-1.49 0.5025
4.2

IMD2c
4
-1.49 0.5025
1.229 0.5025
1.229 0.5265
-1.49 0.5265
3.28

IMD3a
4
-1.49 0.6535
1.229 0.6535
1.229 0.6745
-1.49 0.6745
5.2

IMD3b
4
-1.49 0.6745
1.229 0.6745
1.229 0.6895
-1.49 0.6895
4.2

IMD3c
4
-1.49 0.6895
1.229 0.6895
1.229 0.7135
-1.49 0.7135
3.28

IMD3d1+IMD3d2
4
-1.49 0.7135
1.229 0.7135
1.229 0.8405
-1.49 0.8405
2.65

IMD4a
4
-1.49 0.8405
1.229 0.8405
1.229 0.8615
-1.49 0.8615
5.2

IMD4b
4
-1.49 0.8615
1.229 0.8615
1.229 0.8765
-1.49 0.8765
4.2

IMD4c
4
-1.49 0.8765
1.229 0.8765
1.229 0.9005
-1.49 0.9005
3.28

IMD4d1+IMD4d2
4
-1.49 0.9005
1.229 0.9005
1.229 1.0275
-1.49 1.0275
2.65

IMD5a
4
-1.49 1.0275
1.229 1.0275
1.229 1.0485
-1.49 1.0485
5.2

IMD5b
4
-1.49 1.0485
1.229 1.0485
1.229 1.0635
-1.49 1.0635
4.2

IMD5c
4
-1.49 1.0635
1.229 1.0635
1.229 1.0875
-1.49 1.0875
3.28

IMD5d1+IMD5d2
4
-1.49 1.0875
1.229 1.0875
1.229 1.2145
-1.49 1.2145
2.65

IMD6a
4
-1.49 1.2145
1.229 1.2145
1.229 1.2355
-1.49 1.2355
5.2

IMD6b
4
-1.49 1.2355
1.229 1.2355
1.229 1.2505
-1.49 1.2505
4.2

IMD6c
4
-1.49 1.2505
1.229 1.2505
1.229 1.2745
-1.49 1.2745
3.28

IMD6d1+IMD6d2
4
-1.49 1.2745
1.229 1.2745
1.229 1.4015
-1.49 1.4015
2.65

IMD7a
4
-1.49 1.4015
1.229 1.4015
1.229 1.4765
-1.49 1.4765
5.2

IMD7b1+IMD7b2
4
-1.49 1.4765
1.229 1.4765
1.229 2.9765
-1.49 2.9765
4.2

IMD8a
4
-1.49 2.9765
1.229 2.9765
1.229 3.0515
-1.49 3.0515
5.2

IMD8b1+IMD8b2
4
-1.49 3.0515
1.229 3.0515
1.229 4.5515
-1.49 4.5515
4.2

PASS1
4
-1.49 4.5515
1.229 4.5515
1.229 4.6265
-1.49 4.6265
7.0

PASS2
4
-1.49 4.6265
1.229 4.6265
1.229 5.0265
-1.49 5.0265
4.2

PASS3
4
-1.49 5.0265
1.229 5.0265
1.229 5.1015
-1.49 5.1015
7.0

PASS4+PASS5
4
-1.49 5.1015
1.229 5.1015
1.229 6.0515
-1.49 6.0515
4.2

PASS6
4
-1.49 6.0515
1.229 6.0515
1.229 6.6515
-1.49 6.6515
7.0

air_Layer
4
-1.49 6.6515
1.229 6.6515
1.229 6.9485
-1.49 6.9485
1.0


4
-1.49 0.001
1.229 0.001
1.229 6.9485
-1.49 6.9485

