c1
4
-0.10342000000000001 0.37050000000000005
0.10342000000000001 0.37050000000000005
0.11258000000000001 0.4665
-0.11258000000000001 0.4665

5
botleft
4
-1.22 -0.001
0 -0.001
0 0.001
-1.22 0.001

botright
4
0 -0.001
2.534 -0.001
2.534 0.001
0 0.001

lEnv
4
-0.7154200000000001 0.37050000000000005
-0.5085799999999999 0.37050000000000005
-0.49942 0.4665
-0.72458 0.4665

c2
4
0.7605799999999999 0.37050000000000005
1.1924199999999998 0.37050000000000005
1.2015799999999999 0.4665
0.75142 0.4665

rEnv
4
1.5975799999999998 0.37050000000000005
2.0294199999999996 0.37050000000000005
2.0385799999999996 0.4665
1.5884199999999997 0.4665


48
IMD1b
4
-1.22 0.40650000000000003
-0.718855 0.40650000000000003
-0.72458 0.4665
-1.22 0.4665
2.8

IMD1b
4
-0.505145 0.40650000000000003
-0.10685500000000002 0.40650000000000003
-0.11258000000000001 0.4665
-0.49942 0.4665
2.8

IMD1b
4
0.10685500000000002 0.40650000000000003
0.757145 0.40650000000000003
0.75142 0.4665
0.11258000000000001 0.4665
2.8

IMD1b
4
1.195855 0.40650000000000003
1.5941449999999997 0.40650000000000003
1.5884199999999997 0.4665
1.2015799999999999 0.4665
2.8

IMD1b
4
2.0328549999999996 0.40650000000000003
2.534 0.40650000000000003
2.534 0.4665
2.0385799999999996 0.4665
2.8

IMD1a
4
-1.22 0.3955
-0.7178054166666666 0.3955
-0.718855 0.40650000000000003
-1.22 0.40650000000000003
5.2

IMD1a
4
-0.5061945833333333 0.3955
-0.10580541666666668 0.3955
-0.10685500000000002 0.40650000000000003
-0.505145 0.40650000000000003
5.2

IMD1a
4
0.10580541666666668 0.3955
0.7581945833333333 0.3955
0.757145 0.40650000000000003
0.10685500000000002 0.40650000000000003
5.2

IMD1a
4
1.1948054166666666 0.3955
1.595194583333333 0.3955
1.5941449999999997 0.40650000000000003
1.195855 0.40650000000000003
5.2

IMD1a
4
2.0318054166666664 0.3955
2.534 0.3955
2.534 0.40650000000000003
2.0328549999999996 0.40650000000000003
5.2

ILD1b3
4
-1.22 0.37050000000000005
-0.7154200000000001 0.37050000000000005
-0.7178054166666666 0.3955
-1.22 0.3955
4

ILD1b3
4
-0.5085799999999999 0.37050000000000005
-0.10342000000000001 0.37050000000000005
-0.10580541666666668 0.3955
-0.5061945833333333 0.3955
4

ILD1b3
4
0.10342000000000001 0.37050000000000005
0.7605799999999999 0.37050000000000005
0.7581945833333333 0.3955
0.10580541666666668 0.3955
4

ILD1b3
4
1.1924199999999998 0.37050000000000005
1.5975799999999998 0.37050000000000005
1.595194583333333 0.3955
1.1948054166666666 0.3955
4

ILD1b3
4
2.0294199999999996 0.37050000000000005
2.534 0.37050000000000005
2.534 0.3955
2.0318054166666664 0.3955
4

ILD1b1+ILD1b2
4
-1.22 0.2765
2.534 0.2765
2.534 0.37050000000000005
-1.22 0.37050000000000005
4

FOXA+FOXB+TOX
4
-1.22 0.001
2.534 0.001
2.534 0.2665
-1.22 0.2665
4.0

ILD1a
4
-1.22 0.2665
2.534 0.2665
2.534 0.2765
-1.22 0.2765
7.0

IMD2a
4
-1.22 0.4665
2.534 0.4665
2.534 0.4875
-1.22 0.4875
5.2

IMD2b
4
-1.22 0.4875
2.534 0.4875
2.534 0.5025
-1.22 0.5025
4.2

IMD2c
4
-1.22 0.5025
2.534 0.5025
2.534 0.5265
-1.22 0.5265
3.28

IMD2d1+IMD2d2
4
-1.22 0.5265
2.534 0.5265
2.534 0.6535
-1.22 0.6535
2.65

IMD3a
4
-1.22 0.6535
2.534 0.6535
2.534 0.6745
-1.22 0.6745
5.2

IMD3b
4
-1.22 0.6745
2.534 0.6745
2.534 0.6895
-1.22 0.6895
4.2

IMD3c
4
-1.22 0.6895
2.534 0.6895
2.534 0.7135
-1.22 0.7135
3.28

IMD3d1+IMD3d2
4
-1.22 0.7135
2.534 0.7135
2.534 0.8405
-1.22 0.8405
2.65

IMD4a
4
-1.22 0.8405
2.534 0.8405
2.534 0.8615
-1.22 0.8615
5.2

IMD4b
4
-1.22 0.8615
2.534 0.8615
2.534 0.8765
-1.22 0.8765
4.2

IMD4c
4
-1.22 0.8765
2.534 0.8765
2.534 0.9005
-1.22 0.9005
3.28

IMD4d1+IMD4d2
4
-1.22 0.9005
2.534 0.9005
2.534 1.0275
-1.22 1.0275
2.65

IMD5a
4
-1.22 1.0275
2.534 1.0275
2.534 1.0485
-1.22 1.0485
5.2

IMD5b
4
-1.22 1.0485
2.534 1.0485
2.534 1.0635
-1.22 1.0635
4.2

IMD5c
4
-1.22 1.0635
2.534 1.0635
2.534 1.0875
-1.22 1.0875
3.28

IMD5d1+IMD5d2
4
-1.22 1.0875
2.534 1.0875
2.534 1.2145
-1.22 1.2145
2.65

IMD6a
4
-1.22 1.2145
2.534 1.2145
2.534 1.2355
-1.22 1.2355
5.2

IMD6b
4
-1.22 1.2355
2.534 1.2355
2.534 1.2505
-1.22 1.2505
4.2

IMD6c
4
-1.22 1.2505
2.534 1.2505
2.534 1.2745
-1.22 1.2745
3.28

IMD6d1+IMD6d2
4
-1.22 1.2745
2.534 1.2745
2.534 1.4015
-1.22 1.4015
2.65

IMD7a
4
-1.22 1.4015
2.534 1.4015
2.534 1.4765
-1.22 1.4765
5.2

IMD7b1+IMD7b2
4
-1.22 1.4765
2.534 1.4765
2.534 2.9765
-1.22 2.9765
4.2

IMD8a
4
-1.22 2.9765
2.534 2.9765
2.534 3.0515
-1.22 3.0515
5.2

IMD8b1+IMD8b2
4
-1.22 3.0515
2.534 3.0515
2.534 4.5515
-1.22 4.5515
4.2

PASS1
4
-1.22 4.5515
2.534 4.5515
2.534 4.6265
-1.22 4.6265
7.0

PASS2
4
-1.22 4.6265
2.534 4.6265
2.534 5.0265
-1.22 5.0265
4.2

PASS3
4
-1.22 5.0265
2.534 5.0265
2.534 5.1015
-1.22 5.1015
7.0

PASS4+PASS5
4
-1.22 5.1015
2.534 5.1015
2.534 6.0515
-1.22 6.0515
4.2

PASS6
4
-1.22 6.0515
2.534 6.0515
2.534 6.6515
-1.22 6.6515
7.0

air_Layer
4
-1.22 6.6515
2.534 6.6515
2.534 6.9485
-1.22 6.9485
1.0


4
-1.22 0.001
2.534 0.001
2.534 6.9485
-1.22 6.9485

