c1
4
-0.15000999999999995 0.9285000000000001
0.15000999999999995 0.9285000000000001
0.15598999999999996 1.0275
-0.15598999999999996 1.0275

5
botleft
4
-1.175 -0.001
0 -0.001
0 0.001
-1.175 0.001

botright
4
0 -0.001
1.4090000000000003 -0.001
1.4090000000000003 0.001
0 0.001

lEnv
4
-0.67201 0.9285000000000001
-0.37199 0.9285000000000001
-0.36601 1.0275
-0.67799 1.0275

c2
4
0.26398999999999995 0.9285000000000001
0.47401000000000004 0.9285000000000001
0.47999 1.0275
0.25800999999999996 1.0275

rEnv
4
0.6959899999999999 0.9285000000000001
0.90601 0.9285000000000001
0.91199 1.0275
0.6900099999999999 1.0275


57
IMD4d1_damage
4
-0.6814239999999999 0.9185000000000001
-0.362576 0.9185000000000001
-0.361972 0.9285000000000001
-0.682028 0.9285000000000001
3.1

IMD4d1_damage
4
-0.15942399999999995 0.9185000000000001
0.15942399999999995 0.9185000000000001
0.16002799999999995 0.9285000000000001
-0.16002799999999995 0.9285000000000001
3.1

IMD4d1_damage
4
0.25457599999999997 0.9185000000000001
0.483424 0.9185000000000001
0.484028 0.9285000000000001
0.253972 0.9285000000000001
3.1

IMD4d1_damage
4
0.686576 0.9185000000000001
0.9154239999999999 0.9185000000000001
0.916028 0.9285000000000001
0.6859719999999999 0.9285000000000001
3.1

IMD4d2_damage
4
-0.677019 0.9285000000000001
-0.67201 0.9285000000000001
-0.67799 1.0275
-0.682999 1.0275
2.9

IMD4d2_damage
4
-0.37199 0.9285000000000001
-0.366981 0.9285000000000001
-0.361001 1.0275
-0.36601 1.0275
2.9

IMD4d2_damage
4
-0.15501899999999996 0.9285000000000001
-0.15000999999999995 0.9285000000000001
-0.15598999999999996 1.0275
-0.16099899999999998 1.0275
2.9

IMD4d2_damage
4
0.15000999999999995 0.9285000000000001
0.15501899999999996 0.9285000000000001
0.16099899999999998 1.0275
0.15598999999999996 1.0275
2.9

IMD4d2_damage
4
0.25898099999999996 0.9285000000000001
0.26398999999999995 0.9285000000000001
0.25800999999999996 1.0275
0.253001 1.0275
2.9

IMD4d2_damage
4
0.47401000000000004 0.9285000000000001
0.47901900000000003 0.9285000000000001
0.484999 1.0275
0.47999 1.0275
2.9

IMD4d2_damage
4
0.6909809999999998 0.9285000000000001
0.6959899999999999 0.9285000000000001
0.6900099999999999 1.0275
0.6850009999999999 1.0275
2.9

IMD4d2_damage
4
0.90601 0.9285000000000001
0.911019 0.9285000000000001
0.916999 1.0275
0.91199 1.0275
2.9

IMD4d2
4
-1.175 0.9285000000000001
-0.677019 0.9285000000000001
-0.682999 1.0275
-1.175 1.0275
2.65

IMD4d2
4
-0.366981 0.9285000000000001
-0.15501899999999996 0.9285000000000001
-0.16099899999999998 1.0275
-0.361001 1.0275
2.65

IMD4d2
4
0.15501899999999996 0.9285000000000001
0.25898099999999996 0.9285000000000001
0.253001 1.0275
0.16099899999999998 1.0275
2.65

IMD4d2
4
0.47901900000000003 0.9285000000000001
0.6909809999999998 0.9285000000000001
0.6850009999999999 1.0275
0.484999 1.0275
2.65

IMD4d2
4
0.911019 0.9285000000000001
1.4090000000000003 0.9285000000000001
1.4090000000000003 1.0275
0.916999 1.0275
2.65

IMD4d1
4
-1.175 0.9185000000000001
-0.6814239999999999 0.9185000000000001
-0.682028 0.9285000000000001
-1.175 0.9285000000000001
2.65

IMD4d1
4
-0.362576 0.9185000000000001
-0.15942399999999995 0.9185000000000001
-0.16002799999999995 0.9285000000000001
-0.361972 0.9285000000000001
2.65

IMD4d1
4
0.15942399999999995 0.9185000000000001
0.25457599999999997 0.9185000000000001
0.253972 0.9285000000000001
0.16002799999999995 0.9285000000000001
2.65

IMD4d1
4
0.483424 0.9185000000000001
0.686576 0.9185000000000001
0.6859719999999999 0.9285000000000001
0.484028 0.9285000000000001
2.65

IMD4d1
4
0.9154239999999999 0.9185000000000001
1.4090000000000003 0.9185000000000001
1.4090000000000003 0.9285000000000001
0.916028 0.9285000000000001
2.65

IMD4d1
4
-1.175 0.9005
1.4090000000000003 0.9005
1.4090000000000003 0.9185000000000001
-1.175 0.9185000000000001
2.65

FOXA+FOXB+TOX
4
-1.175 0.001
1.4090000000000003 0.001
1.4090000000000003 0.2665
-1.175 0.2665
4.0

ILD1a
4
-1.175 0.2665
1.4090000000000003 0.2665
1.4090000000000003 0.2765
-1.175 0.2765
7.0

ILD1b1+ILD1b2+ILD1b3
4
-1.175 0.2765
1.4090000000000003 0.2765
1.4090000000000003 0.3955
-1.175 0.3955
4.0

IMD1a
4
-1.175 0.3955
1.4090000000000003 0.3955
1.4090000000000003 0.4065
-1.175 0.4065
5.2

IMD1b
4
-1.175 0.4065
1.4090000000000003 0.4065
1.4090000000000003 0.4665
-1.175 0.4665
2.8

IMD2a
4
-1.175 0.4665
1.4090000000000003 0.4665
1.4090000000000003 0.4875
-1.175 0.4875
5.2

IMD2b
4
-1.175 0.4875
1.4090000000000003 0.4875
1.4090000000000003 0.5025
-1.175 0.5025
4.2

IMD2c
4
-1.175 0.5025
1.4090000000000003 0.5025
1.4090000000000003 0.5265
-1.175 0.5265
3.28

IMD2d1+IMD2d2
4
-1.175 0.5265
1.4090000000000003 0.5265
1.4090000000000003 0.6535
-1.175 0.6535
2.65

IMD3a
4
-1.175 0.6535
1.4090000000000003 0.6535
1.4090000000000003 0.6745
-1.175 0.6745
5.2

IMD3b
4
-1.175 0.6745
1.4090000000000003 0.6745
1.4090000000000003 0.6895
-1.175 0.6895
4.2

IMD3c
4
-1.175 0.6895
1.4090000000000003 0.6895
1.4090000000000003 0.7135
-1.175 0.7135
3.28

IMD3d1+IMD3d2
4
-1.175 0.7135
1.4090000000000003 0.7135
1.4090000000000003 0.8405
-1.175 0.8405
2.65

IMD4a
4
-1.175 0.8405
1.4090000000000003 0.8405
1.4090000000000003 0.8615
-1.175 0.8615
5.2

IMD4b
4
-1.175 0.8615
1.4090000000000003 0.8615
1.4090000000000003 0.8765
-1.175 0.8765
4.2

IMD4c
4
-1.175 0.8765
1.4090000000000003 0.8765
1.4090000000000003 0.9005
-1.175 0.9005
3.28

IMD5a
4
-1.175 1.0275
1.4090000000000003 1.0275
1.4090000000000003 1.0485
-1.175 1.0485
5.2

IMD5b
4
-1.175 1.0485
1.4090000000000003 1.0485
1.4090000000000003 1.0635
-1.175 1.0635
4.2

IMD5c
4
-1.175 1.0635
1.4090000000000003 1.0635
1.4090000000000003 1.0875
-1.175 1.0875
3.28

IMD5d1+IMD5d2
4
-1.175 1.0875
1.4090000000000003 1.0875
1.4090000000000003 1.2145
-1.175 1.2145
2.65

IMD6a
4
-1.175 1.2145
1.4090000000000003 1.2145
1.4090000000000003 1.2355
-1.175 1.2355
5.2

IMD6b
4
-1.175 1.2355
1.4090000000000003 1.2355
1.4090000000000003 1.2505
-1.175 1.2505
4.2

IMD6c
4
-1.175 1.2505
1.4090000000000003 1.2505
1.4090000000000003 1.2745
-1.175 1.2745
3.28

IMD6d1+IMD6d2
4
-1.175 1.2745
1.4090000000000003 1.2745
1.4090000000000003 1.4015
-1.175 1.4015
2.65

IMD7a
4
-1.175 1.4015
1.4090000000000003 1.4015
1.4090000000000003 1.4765
-1.175 1.4765
5.2

IMD7b1+IMD7b2
4
-1.175 1.4765
1.4090000000000003 1.4765
1.4090000000000003 2.9765
-1.175 2.9765
4.2

IMD8a
4
-1.175 2.9765
1.4090000000000003 2.9765
1.4090000000000003 3.0515
-1.175 3.0515
5.2

IMD8b1+IMD8b2
4
-1.175 3.0515
1.4090000000000003 3.0515
1.4090000000000003 4.5515
-1.175 4.5515
4.2

PASS1
4
-1.175 4.5515
1.4090000000000003 4.5515
1.4090000000000003 4.6265
-1.175 4.6265
7.0

PASS2
4
-1.175 4.6265
1.4090000000000003 4.6265
1.4090000000000003 5.0265
-1.175 5.0265
4.2

PASS3
4
-1.175 5.0265
1.4090000000000003 5.0265
1.4090000000000003 5.1015
-1.175 5.1015
7.0

PASS4+PASS5
4
-1.175 5.1015
1.4090000000000003 5.1015
1.4090000000000003 6.0515
-1.175 6.0515
4.2

PASS6
4
-1.175 6.0515
1.4090000000000003 6.0515
1.4090000000000003 6.6515
-1.175 6.6515
7.0

air_Layer
4
-1.175 6.6515
1.4090000000000003 6.6515
1.4090000000000003 6.9485
-1.175 6.9485
1.0


4
-1.175 0.001
1.4090000000000003 0.001
1.4090000000000003 6.9485
-1.175 6.9485

