c1
4
-0.14842000000000005 0.37050000000000005
0.14842000000000005 0.37050000000000005
0.15758000000000005 0.4665
-0.15758000000000005 0.4665

5
botleft
4
-1.355 -0.001
0 -0.001
0 0.001
-1.355 0.001

botright
4
0 -0.001
1.454 -0.001
1.454 0.001
0 0.001

lEnv
4
-0.8504200000000001 0.37050000000000005
-0.55358 0.37050000000000005
-0.54442 0.4665
-0.85958 0.4665

c2
4
0.31058 0.37050000000000005
0.42741999999999997 0.37050000000000005
0.43657999999999997 0.4665
0.30142 0.4665

rEnv
4
0.83258 0.37050000000000005
0.94942 0.37050000000000005
0.95858 0.4665
0.82342 0.4665


48
IMD1b
4
-1.355 0.40650000000000003
-0.853855 0.40650000000000003
-0.85958 0.4665
-1.355 0.4665
2.8

IMD1b
4
-0.550145 0.40650000000000003
-0.15185500000000005 0.40650000000000003
-0.15758000000000005 0.4665
-0.54442 0.4665
2.8

IMD1b
4
0.15185500000000005 0.40650000000000003
0.307145 0.40650000000000003
0.30142 0.4665
0.15758000000000005 0.4665
2.8

IMD1b
4
0.430855 0.40650000000000003
0.829145 0.40650000000000003
0.82342 0.4665
0.43657999999999997 0.4665
2.8

IMD1b
4
0.952855 0.40650000000000003
1.454 0.40650000000000003
1.454 0.4665
0.95858 0.4665
2.8

IMD1a
4
-1.355 0.3955
-0.8528054166666666 0.3955
-0.853855 0.40650000000000003
-1.355 0.40650000000000003
5.2

IMD1a
4
-0.5511945833333334 0.3955
-0.15080541666666672 0.3955
-0.15185500000000005 0.40650000000000003
-0.550145 0.40650000000000003
5.2

IMD1a
4
0.15080541666666672 0.3955
0.3081945833333333 0.3955
0.307145 0.40650000000000003
0.15185500000000005 0.40650000000000003
5.2

IMD1a
4
0.42980541666666666 0.3955
0.8301945833333334 0.3955
0.829145 0.40650000000000003
0.430855 0.40650000000000003
5.2

IMD1a
4
0.9518054166666666 0.3955
1.454 0.3955
1.454 0.40650000000000003
0.952855 0.40650000000000003
5.2

ILD1b3
4
-1.355 0.37050000000000005
-0.8504200000000001 0.37050000000000005
-0.8528054166666666 0.3955
-1.355 0.3955
4

ILD1b3
4
-0.55358 0.37050000000000005
-0.14842000000000005 0.37050000000000005
-0.15080541666666672 0.3955
-0.5511945833333334 0.3955
4

ILD1b3
4
0.14842000000000005 0.37050000000000005
0.31058 0.37050000000000005
0.3081945833333333 0.3955
0.15080541666666672 0.3955
4

ILD1b3
4
0.42741999999999997 0.37050000000000005
0.83258 0.37050000000000005
0.8301945833333334 0.3955
0.42980541666666666 0.3955
4

ILD1b3
4
0.94942 0.37050000000000005
1.454 0.37050000000000005
1.454 0.3955
0.9518054166666666 0.3955
4

ILD1b1+ILD1b2
4
-1.355 0.2765
1.454 0.2765
1.454 0.37050000000000005
-1.355 0.37050000000000005
4

FOXA+FOXB+TOX
4
-1.355 0.001
1.454 0.001
1.454 0.2665
-1.355 0.2665
4.0

ILD1a
4
-1.355 0.2665
1.454 0.2665
1.454 0.2765
-1.355 0.2765
7.0

IMD2a
4
-1.355 0.4665
1.454 0.4665
1.454 0.4875
-1.355 0.4875
5.2

IMD2b
4
-1.355 0.4875
1.454 0.4875
1.454 0.5025
-1.355 0.5025
4.2

IMD2c
4
-1.355 0.5025
1.454 0.5025
1.454 0.5265
-1.355 0.5265
3.28

IMD2d1+IMD2d2
4
-1.355 0.5265
1.454 0.5265
1.454 0.6535
-1.355 0.6535
2.65

IMD3a
4
-1.355 0.6535
1.454 0.6535
1.454 0.6745
-1.355 0.6745
5.2

IMD3b
4
-1.355 0.6745
1.454 0.6745
1.454 0.6895
-1.355 0.6895
4.2

IMD3c
4
-1.355 0.6895
1.454 0.6895
1.454 0.7135
-1.355 0.7135
3.28

IMD3d1+IMD3d2
4
-1.355 0.7135
1.454 0.7135
1.454 0.8405
-1.355 0.8405
2.65

IMD4a
4
-1.355 0.8405
1.454 0.8405
1.454 0.8615
-1.355 0.8615
5.2

IMD4b
4
-1.355 0.8615
1.454 0.8615
1.454 0.8765
-1.355 0.8765
4.2

IMD4c
4
-1.355 0.8765
1.454 0.8765
1.454 0.9005
-1.355 0.9005
3.28

IMD4d1+IMD4d2
4
-1.355 0.9005
1.454 0.9005
1.454 1.0275
-1.355 1.0275
2.65

IMD5a
4
-1.355 1.0275
1.454 1.0275
1.454 1.0485
-1.355 1.0485
5.2

IMD5b
4
-1.355 1.0485
1.454 1.0485
1.454 1.0635
-1.355 1.0635
4.2

IMD5c
4
-1.355 1.0635
1.454 1.0635
1.454 1.0875
-1.355 1.0875
3.28

IMD5d1+IMD5d2
4
-1.355 1.0875
1.454 1.0875
1.454 1.2145
-1.355 1.2145
2.65

IMD6a
4
-1.355 1.2145
1.454 1.2145
1.454 1.2355
-1.355 1.2355
5.2

IMD6b
4
-1.355 1.2355
1.454 1.2355
1.454 1.2505
-1.355 1.2505
4.2

IMD6c
4
-1.355 1.2505
1.454 1.2505
1.454 1.2745
-1.355 1.2745
3.28

IMD6d1+IMD6d2
4
-1.355 1.2745
1.454 1.2745
1.454 1.4015
-1.355 1.4015
2.65

IMD7a
4
-1.355 1.4015
1.454 1.4015
1.454 1.4765
-1.355 1.4765
5.2

IMD7b1+IMD7b2
4
-1.355 1.4765
1.454 1.4765
1.454 2.9765
-1.355 2.9765
4.2

IMD8a
4
-1.355 2.9765
1.454 2.9765
1.454 3.0515
-1.355 3.0515
5.2

IMD8b1+IMD8b2
4
-1.355 3.0515
1.454 3.0515
1.454 4.5515
-1.355 4.5515
4.2

PASS1
4
-1.355 4.5515
1.454 4.5515
1.454 4.6265
-1.355 4.6265
7.0

PASS2
4
-1.355 4.6265
1.454 4.6265
1.454 5.0265
-1.355 5.0265
4.2

PASS3
4
-1.355 5.0265
1.454 5.0265
1.454 5.1015
-1.355 5.1015
7.0

PASS4+PASS5
4
-1.355 5.1015
1.454 5.1015
1.454 6.0515
-1.355 6.0515
4.2

PASS6
4
-1.355 6.0515
1.454 6.0515
1.454 6.6515
-1.355 6.6515
7.0

air_Layer
4
-1.355 6.6515
1.454 6.6515
1.454 6.9485
-1.355 6.9485
1.0


4
-1.355 0.001
1.454 0.001
1.454 6.9485
-1.355 6.9485

