c1
4
-0.01501000000000001 1.3025
0.01501000000000001 1.3025
0.02099000000000001 1.4015
-0.02099000000000001 1.4015

5
botleft
4
-0.8600000000000001 -0.001
0 -0.001
0 0.001
-0.8600000000000001 0.001

botright
4
0 -0.001
2.894 -0.001
2.894 0.001
0 0.001

lEnv
4
-0.35701000000000005 1.3025
-0.32699 1.3025
-0.32101 1.4015
-0.36299000000000003 1.4015

c2
4
0.66899 1.3025
1.3740099999999997 1.3025
1.3799899999999998 1.4015
0.66301 1.4015

rEnv
4
1.6859900000000003 1.3025
2.39101 1.3025
2.39699 1.4015
1.6800100000000002 1.4015


57
IMD6d1_damage
4
-0.366424 1.2925
-0.317576 1.2925
-0.31697200000000003 1.3025
-0.367028 1.3025
3.1

IMD6d1_damage
4
-0.024424000000000008 1.2925
0.024424000000000008 1.2925
0.02502800000000001 1.3025
-0.02502800000000001 1.3025
3.1

IMD6d1_damage
4
0.659576 1.2925
1.3834239999999998 1.2925
1.3840279999999998 1.3025
0.658972 1.3025
3.1

IMD6d1_damage
4
1.6765760000000003 1.2925
2.400424 1.2925
2.401028 1.3025
1.6759720000000002 1.3025
3.1

IMD6d2_damage
4
-0.36201900000000004 1.3025
-0.35701000000000005 1.3025
-0.36299000000000003 1.4015
-0.367999 1.4015
2.9

IMD6d2_damage
4
-0.32699 1.3025
-0.321981 1.3025
-0.31600100000000003 1.4015
-0.32101 1.4015
2.9

IMD6d2_damage
4
-0.02001900000000001 1.3025
-0.01501000000000001 1.3025
-0.02099000000000001 1.4015
-0.025999000000000008 1.4015
2.9

IMD6d2_damage
4
0.01501000000000001 1.3025
0.02001900000000001 1.3025
0.025999000000000008 1.4015
0.02099000000000001 1.4015
2.9

IMD6d2_damage
4
0.6639809999999999 1.3025
0.66899 1.3025
0.66301 1.4015
0.658001 1.4015
2.9

IMD6d2_damage
4
1.3740099999999997 1.3025
1.3790189999999998 1.3025
1.3849989999999999 1.4015
1.3799899999999998 1.4015
2.9

IMD6d2_damage
4
1.6809810000000003 1.3025
1.6859900000000003 1.3025
1.6800100000000002 1.4015
1.6750010000000002 1.4015
2.9

IMD6d2_damage
4
2.39101 1.3025
2.396019 1.3025
2.401999 1.4015
2.39699 1.4015
2.9

IMD6d2
4
-0.8600000000000001 1.3025
-0.36201900000000004 1.3025
-0.367999 1.4015
-0.8600000000000001 1.4015
2.65

IMD6d2
4
-0.321981 1.3025
-0.02001900000000001 1.3025
-0.025999000000000008 1.4015
-0.31600100000000003 1.4015
2.65

IMD6d2
4
0.02001900000000001 1.3025
0.6639809999999999 1.3025
0.658001 1.4015
0.025999000000000008 1.4015
2.65

IMD6d2
4
1.3790189999999998 1.3025
1.6809810000000003 1.3025
1.6750010000000002 1.4015
1.3849989999999999 1.4015
2.65

IMD6d2
4
2.396019 1.3025
2.894 1.3025
2.894 1.4015
2.401999 1.4015
2.65

IMD6d1
4
-0.8600000000000001 1.2925
-0.366424 1.2925
-0.367028 1.3025
-0.8600000000000001 1.3025
2.65

IMD6d1
4
-0.317576 1.2925
-0.024424000000000008 1.2925
-0.02502800000000001 1.3025
-0.31697200000000003 1.3025
2.65

IMD6d1
4
0.024424000000000008 1.2925
0.659576 1.2925
0.658972 1.3025
0.02502800000000001 1.3025
2.65

IMD6d1
4
1.3834239999999998 1.2925
1.6765760000000003 1.2925
1.6759720000000002 1.3025
1.3840279999999998 1.3025
2.65

IMD6d1
4
2.400424 1.2925
2.894 1.2925
2.894 1.3025
2.401028 1.3025
2.65

IMD6d1
4
-0.8600000000000001 1.2745
2.894 1.2745
2.894 1.2925
-0.8600000000000001 1.2925
2.65

FOXA+FOXB+TOX
4
-0.8600000000000001 0.001
2.894 0.001
2.894 0.2665
-0.8600000000000001 0.2665
4.0

ILD1a
4
-0.8600000000000001 0.2665
2.894 0.2665
2.894 0.2765
-0.8600000000000001 0.2765
7.0

ILD1b1+ILD1b2+ILD1b3
4
-0.8600000000000001 0.2765
2.894 0.2765
2.894 0.3955
-0.8600000000000001 0.3955
4.0

IMD1a
4
-0.8600000000000001 0.3955
2.894 0.3955
2.894 0.4065
-0.8600000000000001 0.4065
5.2

IMD1b
4
-0.8600000000000001 0.4065
2.894 0.4065
2.894 0.4665
-0.8600000000000001 0.4665
2.8

IMD2a
4
-0.8600000000000001 0.4665
2.894 0.4665
2.894 0.4875
-0.8600000000000001 0.4875
5.2

IMD2b
4
-0.8600000000000001 0.4875
2.894 0.4875
2.894 0.5025
-0.8600000000000001 0.5025
4.2

IMD2c
4
-0.8600000000000001 0.5025
2.894 0.5025
2.894 0.5265
-0.8600000000000001 0.5265
3.28

IMD2d1+IMD2d2
4
-0.8600000000000001 0.5265
2.894 0.5265
2.894 0.6535
-0.8600000000000001 0.6535
2.65

IMD3a
4
-0.8600000000000001 0.6535
2.894 0.6535
2.894 0.6745
-0.8600000000000001 0.6745
5.2

IMD3b
4
-0.8600000000000001 0.6745
2.894 0.6745
2.894 0.6895
-0.8600000000000001 0.6895
4.2

IMD3c
4
-0.8600000000000001 0.6895
2.894 0.6895
2.894 0.7135
-0.8600000000000001 0.7135
3.28

IMD3d1+IMD3d2
4
-0.8600000000000001 0.7135
2.894 0.7135
2.894 0.8405
-0.8600000000000001 0.8405
2.65

IMD4a
4
-0.8600000000000001 0.8405
2.894 0.8405
2.894 0.8615
-0.8600000000000001 0.8615
5.2

IMD4b
4
-0.8600000000000001 0.8615
2.894 0.8615
2.894 0.8765
-0.8600000000000001 0.8765
4.2

IMD4c
4
-0.8600000000000001 0.8765
2.894 0.8765
2.894 0.9005
-0.8600000000000001 0.9005
3.28

IMD4d1+IMD4d2
4
-0.8600000000000001 0.9005
2.894 0.9005
2.894 1.0275
-0.8600000000000001 1.0275
2.65

IMD5a
4
-0.8600000000000001 1.0275
2.894 1.0275
2.894 1.0485
-0.8600000000000001 1.0485
5.2

IMD5b
4
-0.8600000000000001 1.0485
2.894 1.0485
2.894 1.0635
-0.8600000000000001 1.0635
4.2

IMD5c
4
-0.8600000000000001 1.0635
2.894 1.0635
2.894 1.0875
-0.8600000000000001 1.0875
3.28

IMD5d1+IMD5d2
4
-0.8600000000000001 1.0875
2.894 1.0875
2.894 1.2145
-0.8600000000000001 1.2145
2.65

IMD6a
4
-0.8600000000000001 1.2145
2.894 1.2145
2.894 1.2355
-0.8600000000000001 1.2355
5.2

IMD6b
4
-0.8600000000000001 1.2355
2.894 1.2355
2.894 1.2505
-0.8600000000000001 1.2505
4.2

IMD6c
4
-0.8600000000000001 1.2505
2.894 1.2505
2.894 1.2745
-0.8600000000000001 1.2745
3.28

IMD7a
4
-0.8600000000000001 1.4015
2.894 1.4015
2.894 1.4765
-0.8600000000000001 1.4765
5.2

IMD7b1+IMD7b2
4
-0.8600000000000001 1.4765
2.894 1.4765
2.894 2.9765
-0.8600000000000001 2.9765
4.2

IMD8a
4
-0.8600000000000001 2.9765
2.894 2.9765
2.894 3.0515
-0.8600000000000001 3.0515
5.2

IMD8b1+IMD8b2
4
-0.8600000000000001 3.0515
2.894 3.0515
2.894 4.5515
-0.8600000000000001 4.5515
4.2

PASS1
4
-0.8600000000000001 4.5515
2.894 4.5515
2.894 4.6265
-0.8600000000000001 4.6265
7.0

PASS2
4
-0.8600000000000001 4.6265
2.894 4.6265
2.894 5.0265
-0.8600000000000001 5.0265
4.2

PASS3
4
-0.8600000000000001 5.0265
2.894 5.0265
2.894 5.1015
-0.8600000000000001 5.1015
7.0

PASS4+PASS5
4
-0.8600000000000001 5.1015
2.894 5.1015
2.894 6.0515
-0.8600000000000001 6.0515
4.2

PASS6
4
-0.8600000000000001 6.0515
2.894 6.0515
2.894 6.6515
-0.8600000000000001 6.6515
7.0

air_Layer
4
-0.8600000000000001 6.6515
2.894 6.6515
2.894 6.9485
-0.8600000000000001 6.9485
1.0


4
-0.8600000000000001 0.001
2.894 0.001
2.894 6.9485
-0.8600000000000001 6.9485

