c1
4
-0.01501000000000001 1.3025
0.01501000000000001 1.3025
0.02099000000000001 1.4015
-0.02099000000000001 1.4015

5
botleft
4
-0.77 -0.001
0 -0.001
0 0.001
-0.77 0.001

botright
4
0 -0.001
1.4989999999999999 -0.001
1.4989999999999999 0.001
0 0.001

lEnv
4
-0.26701 1.3025
-0.23699000000000003 1.3025
-0.23101000000000002 1.4015
-0.27299 1.4015

c2
4
0.71399 1.3025
0.74401 1.3025
0.7499899999999999 1.4015
0.70801 1.4015

rEnv
4
0.96599 1.3025
0.99601 1.3025
1.00199 1.4015
0.96001 1.4015


57
IMD6d1_damage
4
-0.276424 1.2925
-0.227576 1.2925
-0.226972 1.3025
-0.277028 1.3025
3.1

IMD6d1_damage
4
-0.024424000000000008 1.2925
0.024424000000000008 1.2925
0.02502800000000001 1.3025
-0.02502800000000001 1.3025
3.1

IMD6d1_damage
4
0.7045760000000001 1.2925
0.7534239999999999 1.2925
0.7540279999999999 1.3025
0.703972 1.3025
3.1

IMD6d1_damage
4
0.9565760000000001 1.2925
1.0054239999999999 1.2925
1.006028 1.3025
0.955972 1.3025
3.1

IMD6d2_damage
4
-0.272019 1.3025
-0.26701 1.3025
-0.27299 1.4015
-0.277999 1.4015
2.9

IMD6d2_damage
4
-0.23699000000000003 1.3025
-0.23198100000000002 1.3025
-0.226001 1.4015
-0.23101000000000002 1.4015
2.9

IMD6d2_damage
4
-0.02001900000000001 1.3025
-0.01501000000000001 1.3025
-0.02099000000000001 1.4015
-0.025999000000000008 1.4015
2.9

IMD6d2_damage
4
0.01501000000000001 1.3025
0.02001900000000001 1.3025
0.025999000000000008 1.4015
0.02099000000000001 1.4015
2.9

IMD6d2_damage
4
0.708981 1.3025
0.71399 1.3025
0.70801 1.4015
0.703001 1.4015
2.9

IMD6d2_damage
4
0.74401 1.3025
0.749019 1.3025
0.754999 1.4015
0.7499899999999999 1.4015
2.9

IMD6d2_damage
4
0.960981 1.3025
0.96599 1.3025
0.96001 1.4015
0.955001 1.4015
2.9

IMD6d2_damage
4
0.99601 1.3025
1.0010189999999999 1.3025
1.006999 1.4015
1.00199 1.4015
2.9

IMD6d2
4
-0.77 1.3025
-0.272019 1.3025
-0.277999 1.4015
-0.77 1.4015
2.65

IMD6d2
4
-0.23198100000000002 1.3025
-0.02001900000000001 1.3025
-0.025999000000000008 1.4015
-0.226001 1.4015
2.65

IMD6d2
4
0.02001900000000001 1.3025
0.708981 1.3025
0.703001 1.4015
0.025999000000000008 1.4015
2.65

IMD6d2
4
0.749019 1.3025
0.960981 1.3025
0.955001 1.4015
0.754999 1.4015
2.65

IMD6d2
4
1.0010189999999999 1.3025
1.4989999999999999 1.3025
1.4989999999999999 1.4015
1.006999 1.4015
2.65

IMD6d1
4
-0.77 1.2925
-0.276424 1.2925
-0.277028 1.3025
-0.77 1.3025
2.65

IMD6d1
4
-0.227576 1.2925
-0.024424000000000008 1.2925
-0.02502800000000001 1.3025
-0.226972 1.3025
2.65

IMD6d1
4
0.024424000000000008 1.2925
0.7045760000000001 1.2925
0.703972 1.3025
0.02502800000000001 1.3025
2.65

IMD6d1
4
0.7534239999999999 1.2925
0.9565760000000001 1.2925
0.955972 1.3025
0.7540279999999999 1.3025
2.65

IMD6d1
4
1.0054239999999999 1.2925
1.4989999999999999 1.2925
1.4989999999999999 1.3025
1.006028 1.3025
2.65

IMD6d1
4
-0.77 1.2745
1.4989999999999999 1.2745
1.4989999999999999 1.2925
-0.77 1.2925
2.65

FOXA+FOXB+TOX
4
-0.77 0.001
1.4989999999999999 0.001
1.4989999999999999 0.2665
-0.77 0.2665
4.0

ILD1a
4
-0.77 0.2665
1.4989999999999999 0.2665
1.4989999999999999 0.2765
-0.77 0.2765
7.0

ILD1b1+ILD1b2+ILD1b3
4
-0.77 0.2765
1.4989999999999999 0.2765
1.4989999999999999 0.3955
-0.77 0.3955
4.0

IMD1a
4
-0.77 0.3955
1.4989999999999999 0.3955
1.4989999999999999 0.4065
-0.77 0.4065
5.2

IMD1b
4
-0.77 0.4065
1.4989999999999999 0.4065
1.4989999999999999 0.4665
-0.77 0.4665
2.8

IMD2a
4
-0.77 0.4665
1.4989999999999999 0.4665
1.4989999999999999 0.4875
-0.77 0.4875
5.2

IMD2b
4
-0.77 0.4875
1.4989999999999999 0.4875
1.4989999999999999 0.5025
-0.77 0.5025
4.2

IMD2c
4
-0.77 0.5025
1.4989999999999999 0.5025
1.4989999999999999 0.5265
-0.77 0.5265
3.28

IMD2d1+IMD2d2
4
-0.77 0.5265
1.4989999999999999 0.5265
1.4989999999999999 0.6535
-0.77 0.6535
2.65

IMD3a
4
-0.77 0.6535
1.4989999999999999 0.6535
1.4989999999999999 0.6745
-0.77 0.6745
5.2

IMD3b
4
-0.77 0.6745
1.4989999999999999 0.6745
1.4989999999999999 0.6895
-0.77 0.6895
4.2

IMD3c
4
-0.77 0.6895
1.4989999999999999 0.6895
1.4989999999999999 0.7135
-0.77 0.7135
3.28

IMD3d1+IMD3d2
4
-0.77 0.7135
1.4989999999999999 0.7135
1.4989999999999999 0.8405
-0.77 0.8405
2.65

IMD4a
4
-0.77 0.8405
1.4989999999999999 0.8405
1.4989999999999999 0.8615
-0.77 0.8615
5.2

IMD4b
4
-0.77 0.8615
1.4989999999999999 0.8615
1.4989999999999999 0.8765
-0.77 0.8765
4.2

IMD4c
4
-0.77 0.8765
1.4989999999999999 0.8765
1.4989999999999999 0.9005
-0.77 0.9005
3.28

IMD4d1+IMD4d2
4
-0.77 0.9005
1.4989999999999999 0.9005
1.4989999999999999 1.0275
-0.77 1.0275
2.65

IMD5a
4
-0.77 1.0275
1.4989999999999999 1.0275
1.4989999999999999 1.0485
-0.77 1.0485
5.2

IMD5b
4
-0.77 1.0485
1.4989999999999999 1.0485
1.4989999999999999 1.0635
-0.77 1.0635
4.2

IMD5c
4
-0.77 1.0635
1.4989999999999999 1.0635
1.4989999999999999 1.0875
-0.77 1.0875
3.28

IMD5d1+IMD5d2
4
-0.77 1.0875
1.4989999999999999 1.0875
1.4989999999999999 1.2145
-0.77 1.2145
2.65

IMD6a
4
-0.77 1.2145
1.4989999999999999 1.2145
1.4989999999999999 1.2355
-0.77 1.2355
5.2

IMD6b
4
-0.77 1.2355
1.4989999999999999 1.2355
1.4989999999999999 1.2505
-0.77 1.2505
4.2

IMD6c
4
-0.77 1.2505
1.4989999999999999 1.2505
1.4989999999999999 1.2745
-0.77 1.2745
3.28

IMD7a
4
-0.77 1.4015
1.4989999999999999 1.4015
1.4989999999999999 1.4765
-0.77 1.4765
5.2

IMD7b1+IMD7b2
4
-0.77 1.4765
1.4989999999999999 1.4765
1.4989999999999999 2.9765
-0.77 2.9765
4.2

IMD8a
4
-0.77 2.9765
1.4989999999999999 2.9765
1.4989999999999999 3.0515
-0.77 3.0515
5.2

IMD8b1+IMD8b2
4
-0.77 3.0515
1.4989999999999999 3.0515
1.4989999999999999 4.5515
-0.77 4.5515
4.2

PASS1
4
-0.77 4.5515
1.4989999999999999 4.5515
1.4989999999999999 4.6265
-0.77 4.6265
7.0

PASS2
4
-0.77 4.6265
1.4989999999999999 4.6265
1.4989999999999999 5.0265
-0.77 5.0265
4.2

PASS3
4
-0.77 5.0265
1.4989999999999999 5.0265
1.4989999999999999 5.1015
-0.77 5.1015
7.0

PASS4+PASS5
4
-0.77 5.1015
1.4989999999999999 5.1015
1.4989999999999999 6.0515
-0.77 6.0515
4.2

PASS6
4
-0.77 6.0515
1.4989999999999999 6.0515
1.4989999999999999 6.6515
-0.77 6.6515
7.0

air_Layer
4
-0.77 6.6515
1.4989999999999999 6.6515
1.4989999999999999 6.9485
-0.77 6.9485
1.0


4
-0.77 0.001
1.4989999999999999 0.001
1.4989999999999999 6.9485
-0.77 6.9485

