c1
4
-0.14842000000000005 0.37050000000000005
0.14841999999999994 0.37050000000000005
0.15757999999999994 0.4665
-0.15758000000000005 0.4665

5
botleft
4
-1.175 -0.001
0 -0.001
0 0.001
-1.175 0.001

botright
4
0 -0.001
3.119 -0.001
3.119 0.001
0 0.001

lEnv
4
-0.6704200000000001 0.37050000000000005
-0.3735800000000001 0.37050000000000005
-0.3644200000000001 0.4665
-0.6795800000000001 0.4665

c2
4
0.71558 0.37050000000000005
1.5524199999999997 0.37050000000000005
1.5615799999999997 0.4665
0.70642 0.4665

rEnv
4
1.77758 0.37050000000000005
2.61442 0.37050000000000005
2.62358 0.4665
1.7684199999999999 0.4665


48
IMD1b
4
-1.175 0.40650000000000003
-0.6738550000000001 0.40650000000000003
-0.6795800000000001 0.4665
-1.175 0.4665
2.8

IMD1b
4
-0.37014500000000006 0.40650000000000003
-0.15185500000000005 0.40650000000000003
-0.15758000000000005 0.4665
-0.3644200000000001 0.4665
2.8

IMD1b
4
0.15185499999999993 0.40650000000000003
0.712145 0.40650000000000003
0.70642 0.4665
0.15757999999999994 0.4665
2.8

IMD1b
4
1.5558549999999998 0.40650000000000003
1.7741449999999999 0.40650000000000003
1.7684199999999999 0.4665
1.5615799999999997 0.4665
2.8

IMD1b
4
2.617855 0.40650000000000003
3.119 0.40650000000000003
3.119 0.4665
2.62358 0.4665
2.8

IMD1a
4
-1.175 0.3955
-0.6728054166666667 0.3955
-0.6738550000000001 0.40650000000000003
-1.175 0.40650000000000003
5.2

IMD1a
4
-0.3711945833333334 0.3955
-0.15080541666666672 0.3955
-0.15185500000000005 0.40650000000000003
-0.37014500000000006 0.40650000000000003
5.2

IMD1a
4
0.1508054166666666 0.3955
0.7131945833333334 0.3955
0.712145 0.40650000000000003
0.15185499999999993 0.40650000000000003
5.2

IMD1a
4
1.5548054166666665 0.3955
1.7751945833333331 0.3955
1.7741449999999999 0.40650000000000003
1.5558549999999998 0.40650000000000003
5.2

IMD1a
4
2.6168054166666668 0.3955
3.119 0.3955
3.119 0.40650000000000003
2.617855 0.40650000000000003
5.2

ILD1b3
4
-1.175 0.37050000000000005
-0.6704200000000001 0.37050000000000005
-0.6728054166666667 0.3955
-1.175 0.3955
4

ILD1b3
4
-0.3735800000000001 0.37050000000000005
-0.14842000000000005 0.37050000000000005
-0.15080541666666672 0.3955
-0.3711945833333334 0.3955
4

ILD1b3
4
0.14841999999999994 0.37050000000000005
0.71558 0.37050000000000005
0.7131945833333334 0.3955
0.1508054166666666 0.3955
4

ILD1b3
4
1.5524199999999997 0.37050000000000005
1.77758 0.37050000000000005
1.7751945833333331 0.3955
1.5548054166666665 0.3955
4

ILD1b3
4
2.61442 0.37050000000000005
3.119 0.37050000000000005
3.119 0.3955
2.6168054166666668 0.3955
4

ILD1b1+ILD1b2
4
-1.175 0.2765
3.119 0.2765
3.119 0.37050000000000005
-1.175 0.37050000000000005
4

FOXA+FOXB+TOX
4
-1.175 0.001
3.119 0.001
3.119 0.2665
-1.175 0.2665
4.0

ILD1a
4
-1.175 0.2665
3.119 0.2665
3.119 0.2765
-1.175 0.2765
7.0

IMD2a
4
-1.175 0.4665
3.119 0.4665
3.119 0.4875
-1.175 0.4875
5.2

IMD2b
4
-1.175 0.4875
3.119 0.4875
3.119 0.5025
-1.175 0.5025
4.2

IMD2c
4
-1.175 0.5025
3.119 0.5025
3.119 0.5265
-1.175 0.5265
3.28

IMD2d1+IMD2d2
4
-1.175 0.5265
3.119 0.5265
3.119 0.6535
-1.175 0.6535
2.65

IMD3a
4
-1.175 0.6535
3.119 0.6535
3.119 0.6745
-1.175 0.6745
5.2

IMD3b
4
-1.175 0.6745
3.119 0.6745
3.119 0.6895
-1.175 0.6895
4.2

IMD3c
4
-1.175 0.6895
3.119 0.6895
3.119 0.7135
-1.175 0.7135
3.28

IMD3d1+IMD3d2
4
-1.175 0.7135
3.119 0.7135
3.119 0.8405
-1.175 0.8405
2.65

IMD4a
4
-1.175 0.8405
3.119 0.8405
3.119 0.8615
-1.175 0.8615
5.2

IMD4b
4
-1.175 0.8615
3.119 0.8615
3.119 0.8765
-1.175 0.8765
4.2

IMD4c
4
-1.175 0.8765
3.119 0.8765
3.119 0.9005
-1.175 0.9005
3.28

IMD4d1+IMD4d2
4
-1.175 0.9005
3.119 0.9005
3.119 1.0275
-1.175 1.0275
2.65

IMD5a
4
-1.175 1.0275
3.119 1.0275
3.119 1.0485
-1.175 1.0485
5.2

IMD5b
4
-1.175 1.0485
3.119 1.0485
3.119 1.0635
-1.175 1.0635
4.2

IMD5c
4
-1.175 1.0635
3.119 1.0635
3.119 1.0875
-1.175 1.0875
3.28

IMD5d1+IMD5d2
4
-1.175 1.0875
3.119 1.0875
3.119 1.2145
-1.175 1.2145
2.65

IMD6a
4
-1.175 1.2145
3.119 1.2145
3.119 1.2355
-1.175 1.2355
5.2

IMD6b
4
-1.175 1.2355
3.119 1.2355
3.119 1.2505
-1.175 1.2505
4.2

IMD6c
4
-1.175 1.2505
3.119 1.2505
3.119 1.2745
-1.175 1.2745
3.28

IMD6d1+IMD6d2
4
-1.175 1.2745
3.119 1.2745
3.119 1.4015
-1.175 1.4015
2.65

IMD7a
4
-1.175 1.4015
3.119 1.4015
3.119 1.4765
-1.175 1.4765
5.2

IMD7b1+IMD7b2
4
-1.175 1.4765
3.119 1.4765
3.119 2.9765
-1.175 2.9765
4.2

IMD8a
4
-1.175 2.9765
3.119 2.9765
3.119 3.0515
-1.175 3.0515
5.2

IMD8b1+IMD8b2
4
-1.175 3.0515
3.119 3.0515
3.119 4.5515
-1.175 4.5515
4.2

PASS1
4
-1.175 4.5515
3.119 4.5515
3.119 4.6265
-1.175 4.6265
7.0

PASS2
4
-1.175 4.6265
3.119 4.6265
3.119 5.0265
-1.175 5.0265
4.2

PASS3
4
-1.175 5.0265
3.119 5.0265
3.119 5.1015
-1.175 5.1015
7.0

PASS4+PASS5
4
-1.175 5.1015
3.119 5.1015
3.119 6.0515
-1.175 6.0515
4.2

PASS6
4
-1.175 6.0515
3.119 6.0515
3.119 6.6515
-1.175 6.6515
7.0

air_Layer
4
-1.175 6.6515
3.119 6.6515
3.119 6.9485
-1.175 6.9485
1.0


4
-1.175 0.001
3.119 0.001
3.119 6.9485
-1.175 6.9485

