c1
4
-0.35251 1.1155
0.35251 1.1155
0.35849 1.2145
-0.35849 1.2145

5
botleft
4
-1.6925 -0.001
0 -0.001
0 0.001
-1.6925 0.001

botright
4
0 -0.001
1.2515 -0.001
1.2515 0.001
0 0.001

lEnv
4
-1.1895099999999998 1.1155
-0.48449 1.1155
-0.47851 1.2145
-1.19549 1.2145

c2
4
0.55649 1.1155
0.58651 1.1155
0.59249 1.2145
0.55051 1.2145

rEnv
4
0.71849 1.1155
0.7485099999999999 1.1155
0.7544899999999999 1.2145
0.71251 1.2145


57
IMD5d1_damage
4
-1.1989239999999999 1.1055
-0.475076 1.1055
-0.474472 1.1155
-1.199528 1.1155
3.1

IMD5d1_damage
4
-0.36192399999999997 1.1055
0.36192399999999997 1.1055
0.36252799999999996 1.1155
-0.36252799999999996 1.1155
3.1

IMD5d1_damage
4
0.5470760000000001 1.1055
0.5959239999999999 1.1055
0.596528 1.1155
0.5464720000000001 1.1155
3.1

IMD5d1_damage
4
0.709076 1.1055
0.7579239999999998 1.1055
0.7585279999999999 1.1155
0.708472 1.1155
3.1

IMD5d2_damage
4
-1.1945189999999999 1.1155
-1.1895099999999998 1.1155
-1.19549 1.2145
-1.200499 1.2145
2.9

IMD5d2_damage
4
-0.48449 1.1155
-0.479481 1.1155
-0.473501 1.2145
-0.47851 1.2145
2.9

IMD5d2_damage
4
-0.357519 1.1155
-0.35251 1.1155
-0.35849 1.2145
-0.36349899999999996 1.2145
2.9

IMD5d2_damage
4
0.35251 1.1155
0.357519 1.1155
0.36349899999999996 1.2145
0.35849 1.2145
2.9

IMD5d2_damage
4
0.551481 1.1155
0.55649 1.1155
0.55051 1.2145
0.545501 1.2145
2.9

IMD5d2_damage
4
0.58651 1.1155
0.591519 1.1155
0.597499 1.2145
0.59249 1.2145
2.9

IMD5d2_damage
4
0.7134809999999999 1.1155
0.71849 1.1155
0.71251 1.2145
0.7075009999999999 1.2145
2.9

IMD5d2_damage
4
0.7485099999999999 1.1155
0.7535189999999999 1.1155
0.7594989999999999 1.2145
0.7544899999999999 1.2145
2.9

IMD5d2
4
-1.6925 1.1155
-1.1945189999999999 1.1155
-1.200499 1.2145
-1.6925 1.2145
2.65

IMD5d2
4
-0.479481 1.1155
-0.357519 1.1155
-0.36349899999999996 1.2145
-0.473501 1.2145
2.65

IMD5d2
4
0.357519 1.1155
0.551481 1.1155
0.545501 1.2145
0.36349899999999996 1.2145
2.65

IMD5d2
4
0.591519 1.1155
0.7134809999999999 1.1155
0.7075009999999999 1.2145
0.597499 1.2145
2.65

IMD5d2
4
0.7535189999999999 1.1155
1.2515 1.1155
1.2515 1.2145
0.7594989999999999 1.2145
2.65

IMD5d1
4
-1.6925 1.1055
-1.1989239999999999 1.1055
-1.199528 1.1155
-1.6925 1.1155
2.65

IMD5d1
4
-0.475076 1.1055
-0.36192399999999997 1.1055
-0.36252799999999996 1.1155
-0.474472 1.1155
2.65

IMD5d1
4
0.36192399999999997 1.1055
0.5470760000000001 1.1055
0.5464720000000001 1.1155
0.36252799999999996 1.1155
2.65

IMD5d1
4
0.5959239999999999 1.1055
0.709076 1.1055
0.708472 1.1155
0.596528 1.1155
2.65

IMD5d1
4
0.7579239999999998 1.1055
1.2515 1.1055
1.2515 1.1155
0.7585279999999999 1.1155
2.65

IMD5d1
4
-1.6925 1.0875
1.2515 1.0875
1.2515 1.1055
-1.6925 1.1055
2.65

FOXA+FOXB+TOX
4
-1.6925 0.001
1.2515 0.001
1.2515 0.2665
-1.6925 0.2665
4.0

ILD1a
4
-1.6925 0.2665
1.2515 0.2665
1.2515 0.2765
-1.6925 0.2765
7.0

ILD1b1+ILD1b2+ILD1b3
4
-1.6925 0.2765
1.2515 0.2765
1.2515 0.3955
-1.6925 0.3955
4.0

IMD1a
4
-1.6925 0.3955
1.2515 0.3955
1.2515 0.4065
-1.6925 0.4065
5.2

IMD1b
4
-1.6925 0.4065
1.2515 0.4065
1.2515 0.4665
-1.6925 0.4665
2.8

IMD2a
4
-1.6925 0.4665
1.2515 0.4665
1.2515 0.4875
-1.6925 0.4875
5.2

IMD2b
4
-1.6925 0.4875
1.2515 0.4875
1.2515 0.5025
-1.6925 0.5025
4.2

IMD2c
4
-1.6925 0.5025
1.2515 0.5025
1.2515 0.5265
-1.6925 0.5265
3.28

IMD2d1+IMD2d2
4
-1.6925 0.5265
1.2515 0.5265
1.2515 0.6535
-1.6925 0.6535
2.65

IMD3a
4
-1.6925 0.6535
1.2515 0.6535
1.2515 0.6745
-1.6925 0.6745
5.2

IMD3b
4
-1.6925 0.6745
1.2515 0.6745
1.2515 0.6895
-1.6925 0.6895
4.2

IMD3c
4
-1.6925 0.6895
1.2515 0.6895
1.2515 0.7135
-1.6925 0.7135
3.28

IMD3d1+IMD3d2
4
-1.6925 0.7135
1.2515 0.7135
1.2515 0.8405
-1.6925 0.8405
2.65

IMD4a
4
-1.6925 0.8405
1.2515 0.8405
1.2515 0.8615
-1.6925 0.8615
5.2

IMD4b
4
-1.6925 0.8615
1.2515 0.8615
1.2515 0.8765
-1.6925 0.8765
4.2

IMD4c
4
-1.6925 0.8765
1.2515 0.8765
1.2515 0.9005
-1.6925 0.9005
3.28

IMD4d1+IMD4d2
4
-1.6925 0.9005
1.2515 0.9005
1.2515 1.0275
-1.6925 1.0275
2.65

IMD5a
4
-1.6925 1.0275
1.2515 1.0275
1.2515 1.0485
-1.6925 1.0485
5.2

IMD5b
4
-1.6925 1.0485
1.2515 1.0485
1.2515 1.0635
-1.6925 1.0635
4.2

IMD5c
4
-1.6925 1.0635
1.2515 1.0635
1.2515 1.0875
-1.6925 1.0875
3.28

IMD6a
4
-1.6925 1.2145
1.2515 1.2145
1.2515 1.2355
-1.6925 1.2355
5.2

IMD6b
4
-1.6925 1.2355
1.2515 1.2355
1.2515 1.2505
-1.6925 1.2505
4.2

IMD6c
4
-1.6925 1.2505
1.2515 1.2505
1.2515 1.2745
-1.6925 1.2745
3.28

IMD6d1+IMD6d2
4
-1.6925 1.2745
1.2515 1.2745
1.2515 1.4015
-1.6925 1.4015
2.65

IMD7a
4
-1.6925 1.4015
1.2515 1.4015
1.2515 1.4765
-1.6925 1.4765
5.2

IMD7b1+IMD7b2
4
-1.6925 1.4765
1.2515 1.4765
1.2515 2.9765
-1.6925 2.9765
4.2

IMD8a
4
-1.6925 2.9765
1.2515 2.9765
1.2515 3.0515
-1.6925 3.0515
5.2

IMD8b1+IMD8b2
4
-1.6925 3.0515
1.2515 3.0515
1.2515 4.5515
-1.6925 4.5515
4.2

PASS1
4
-1.6925 4.5515
1.2515 4.5515
1.2515 4.6265
-1.6925 4.6265
7.0

PASS2
4
-1.6925 4.6265
1.2515 4.6265
1.2515 5.0265
-1.6925 5.0265
4.2

PASS3
4
-1.6925 5.0265
1.2515 5.0265
1.2515 5.1015
-1.6925 5.1015
7.0

PASS4+PASS5
4
-1.6925 5.1015
1.2515 5.1015
1.2515 6.0515
-1.6925 6.0515
4.2

PASS6
4
-1.6925 6.0515
1.2515 6.0515
1.2515 6.6515
-1.6925 6.6515
7.0

air_Layer
4
-1.6925 6.6515
1.2515 6.6515
1.2515 6.9485
-1.6925 6.9485
1.0


4
-1.6925 0.001
1.2515 0.001
1.2515 6.9485
-1.6925 6.9485

