c1
4
-0.013420000000000017 0.37050000000000005
0.01341999999999999 0.37050000000000005
0.02257999999999999 0.4665
-0.022580000000000017 0.4665

5
botleft
4
-0.68 -0.001
0 -0.001
0 0.001
-0.68 0.001

botright
4
0 -0.001
3.344 -0.001
3.344 0.001
0 0.001

lEnv
4
-0.17542000000000002 0.37050000000000005
-0.14858000000000002 0.37050000000000005
-0.13942000000000002 0.4665
-0.18458000000000002 0.4665

c2
4
0.7605799999999999 0.37050000000000005
1.7324199999999998 0.37050000000000005
1.74158 0.4665
0.75142 0.4665

rEnv
4
1.8675799999999998 0.37050000000000005
2.8394199999999996 0.37050000000000005
2.8485799999999997 0.4665
1.8584199999999997 0.4665


48
IMD1b
4
-0.68 0.40650000000000003
-0.17885500000000001 0.40650000000000003
-0.18458000000000002 0.4665
-0.68 0.4665
2.8

IMD1b
4
-0.14514500000000002 0.40650000000000003
-0.016855000000000016 0.40650000000000003
-0.022580000000000017 0.4665
-0.13942000000000002 0.4665
2.8

IMD1b
4
0.016854999999999988 0.40650000000000003
0.757145 0.40650000000000003
0.75142 0.4665
0.02257999999999999 0.4665
2.8

IMD1b
4
1.735855 0.40650000000000003
1.8641449999999997 0.40650000000000003
1.8584199999999997 0.4665
1.74158 0.4665
2.8

IMD1b
4
2.8428549999999997 0.40650000000000003
3.344 0.40650000000000003
3.344 0.4665
2.8485799999999997 0.4665
2.8

IMD1a
4
-0.68 0.3955
-0.1778054166666667 0.3955
-0.17885500000000001 0.40650000000000003
-0.68 0.40650000000000003
5.2

IMD1a
4
-0.14619458333333335 0.3955
-0.015805416666666683 0.3955
-0.016855000000000016 0.40650000000000003
-0.14514500000000002 0.40650000000000003
5.2

IMD1a
4
0.015805416666666655 0.3955
0.7581945833333333 0.3955
0.757145 0.40650000000000003
0.016854999999999988 0.40650000000000003
5.2

IMD1a
4
1.7348054166666667 0.3955
1.865194583333333 0.3955
1.8641449999999997 0.40650000000000003
1.735855 0.40650000000000003
5.2

IMD1a
4
2.8418054166666664 0.3955
3.344 0.3955
3.344 0.40650000000000003
2.8428549999999997 0.40650000000000003
5.2

ILD1b3
4
-0.68 0.37050000000000005
-0.17542000000000002 0.37050000000000005
-0.1778054166666667 0.3955
-0.68 0.3955
4

ILD1b3
4
-0.14858000000000002 0.37050000000000005
-0.013420000000000017 0.37050000000000005
-0.015805416666666683 0.3955
-0.14619458333333335 0.3955
4

ILD1b3
4
0.01341999999999999 0.37050000000000005
0.7605799999999999 0.37050000000000005
0.7581945833333333 0.3955
0.015805416666666655 0.3955
4

ILD1b3
4
1.7324199999999998 0.37050000000000005
1.8675799999999998 0.37050000000000005
1.865194583333333 0.3955
1.7348054166666667 0.3955
4

ILD1b3
4
2.8394199999999996 0.37050000000000005
3.344 0.37050000000000005
3.344 0.3955
2.8418054166666664 0.3955
4

ILD1b1+ILD1b2
4
-0.68 0.2765
3.344 0.2765
3.344 0.37050000000000005
-0.68 0.37050000000000005
4

FOXA+FOXB+TOX
4
-0.68 0.001
3.344 0.001
3.344 0.2665
-0.68 0.2665
4.0

ILD1a
4
-0.68 0.2665
3.344 0.2665
3.344 0.2765
-0.68 0.2765
7.0

IMD2a
4
-0.68 0.4665
3.344 0.4665
3.344 0.4875
-0.68 0.4875
5.2

IMD2b
4
-0.68 0.4875
3.344 0.4875
3.344 0.5025
-0.68 0.5025
4.2

IMD2c
4
-0.68 0.5025
3.344 0.5025
3.344 0.5265
-0.68 0.5265
3.28

IMD2d1+IMD2d2
4
-0.68 0.5265
3.344 0.5265
3.344 0.6535
-0.68 0.6535
2.65

IMD3a
4
-0.68 0.6535
3.344 0.6535
3.344 0.6745
-0.68 0.6745
5.2

IMD3b
4
-0.68 0.6745
3.344 0.6745
3.344 0.6895
-0.68 0.6895
4.2

IMD3c
4
-0.68 0.6895
3.344 0.6895
3.344 0.7135
-0.68 0.7135
3.28

IMD3d1+IMD3d2
4
-0.68 0.7135
3.344 0.7135
3.344 0.8405
-0.68 0.8405
2.65

IMD4a
4
-0.68 0.8405
3.344 0.8405
3.344 0.8615
-0.68 0.8615
5.2

IMD4b
4
-0.68 0.8615
3.344 0.8615
3.344 0.8765
-0.68 0.8765
4.2

IMD4c
4
-0.68 0.8765
3.344 0.8765
3.344 0.9005
-0.68 0.9005
3.28

IMD4d1+IMD4d2
4
-0.68 0.9005
3.344 0.9005
3.344 1.0275
-0.68 1.0275
2.65

IMD5a
4
-0.68 1.0275
3.344 1.0275
3.344 1.0485
-0.68 1.0485
5.2

IMD5b
4
-0.68 1.0485
3.344 1.0485
3.344 1.0635
-0.68 1.0635
4.2

IMD5c
4
-0.68 1.0635
3.344 1.0635
3.344 1.0875
-0.68 1.0875
3.28

IMD5d1+IMD5d2
4
-0.68 1.0875
3.344 1.0875
3.344 1.2145
-0.68 1.2145
2.65

IMD6a
4
-0.68 1.2145
3.344 1.2145
3.344 1.2355
-0.68 1.2355
5.2

IMD6b
4
-0.68 1.2355
3.344 1.2355
3.344 1.2505
-0.68 1.2505
4.2

IMD6c
4
-0.68 1.2505
3.344 1.2505
3.344 1.2745
-0.68 1.2745
3.28

IMD6d1+IMD6d2
4
-0.68 1.2745
3.344 1.2745
3.344 1.4015
-0.68 1.4015
2.65

IMD7a
4
-0.68 1.4015
3.344 1.4015
3.344 1.4765
-0.68 1.4765
5.2

IMD7b1+IMD7b2
4
-0.68 1.4765
3.344 1.4765
3.344 2.9765
-0.68 2.9765
4.2

IMD8a
4
-0.68 2.9765
3.344 2.9765
3.344 3.0515
-0.68 3.0515
5.2

IMD8b1+IMD8b2
4
-0.68 3.0515
3.344 3.0515
3.344 4.5515
-0.68 4.5515
4.2

PASS1
4
-0.68 4.5515
3.344 4.5515
3.344 4.6265
-0.68 4.6265
7.0

PASS2
4
-0.68 4.6265
3.344 4.6265
3.344 5.0265
-0.68 5.0265
4.2

PASS3
4
-0.68 5.0265
3.344 5.0265
3.344 5.1015
-0.68 5.1015
7.0

PASS4+PASS5
4
-0.68 5.1015
3.344 5.1015
3.344 6.0515
-0.68 6.0515
4.2

PASS6
4
-0.68 6.0515
3.344 6.0515
3.344 6.6515
-0.68 6.6515
7.0

air_Layer
4
-0.68 6.6515
3.344 6.6515
3.344 6.9485
-0.68 6.9485
1.0


4
-0.68 0.001
3.344 0.001
3.344 6.9485
-0.68 6.9485

