c1
4
-0.10501000000000003 1.3025
0.10501000000000003 1.3025
0.11099000000000003 1.4015
-0.11099000000000003 1.4015

5
botleft
4
-1.2200000000000002 -0.001
0 -0.001
0 0.001
-1.2200000000000002 0.001

botright
4
0 -0.001
1.319 -0.001
1.319 0.001
0 0.001

lEnv
4
-0.7170100000000001 1.3025
-0.5069900000000002 1.3025
-0.5010100000000002 1.4015
-0.7229900000000001 1.4015

c2
4
0.17399 1.3025
0.2940100000000001 1.3025
0.2999900000000001 1.4015
0.16801 1.4015

rEnv
4
0.6959900000000001 1.3025
0.8160100000000001 1.3025
0.8219900000000001 1.4015
0.6900100000000001 1.4015


57
IMD6d1_damage
4
-0.7264240000000001 1.2925
-0.4975760000000002 1.2925
-0.4969720000000002 1.3025
-0.7270280000000001 1.3025
3.1

IMD6d1_damage
4
-0.11442400000000004 1.2925
0.11442400000000004 1.2925
0.11502800000000003 1.3025
-0.11502800000000003 1.3025
3.1

IMD6d1_damage
4
0.164576 1.2925
0.3034240000000001 1.2925
0.3040280000000001 1.3025
0.163972 1.3025
3.1

IMD6d1_damage
4
0.6865760000000002 1.2925
0.825424 1.2925
0.8260280000000001 1.3025
0.6859720000000001 1.3025
3.1

IMD6d2_damage
4
-0.7220190000000002 1.3025
-0.7170100000000001 1.3025
-0.7229900000000001 1.4015
-0.7279990000000002 1.4015
2.9

IMD6d2_damage
4
-0.5069900000000002 1.3025
-0.5019810000000001 1.3025
-0.4960010000000002 1.4015
-0.5010100000000002 1.4015
2.9

IMD6d2_damage
4
-0.11001900000000003 1.3025
-0.10501000000000003 1.3025
-0.11099000000000003 1.4015
-0.11599900000000003 1.4015
2.9

IMD6d2_damage
4
0.10501000000000003 1.3025
0.11001900000000003 1.3025
0.11599900000000003 1.4015
0.11099000000000003 1.4015
2.9

IMD6d2_damage
4
0.168981 1.3025
0.17399 1.3025
0.16801 1.4015
0.16300099999999998 1.4015
2.9

IMD6d2_damage
4
0.2940100000000001 1.3025
0.2990190000000001 1.3025
0.3049990000000001 1.4015
0.2999900000000001 1.4015
2.9

IMD6d2_damage
4
0.6909810000000001 1.3025
0.6959900000000001 1.3025
0.6900100000000001 1.4015
0.6850010000000001 1.4015
2.9

IMD6d2_damage
4
0.8160100000000001 1.3025
0.8210190000000002 1.3025
0.8269990000000002 1.4015
0.8219900000000001 1.4015
2.9

IMD6d2
4
-1.2200000000000002 1.3025
-0.7220190000000002 1.3025
-0.7279990000000002 1.4015
-1.2200000000000002 1.4015
2.65

IMD6d2
4
-0.5019810000000001 1.3025
-0.11001900000000003 1.3025
-0.11599900000000003 1.4015
-0.4960010000000002 1.4015
2.65

IMD6d2
4
0.11001900000000003 1.3025
0.168981 1.3025
0.16300099999999998 1.4015
0.11599900000000003 1.4015
2.65

IMD6d2
4
0.2990190000000001 1.3025
0.6909810000000001 1.3025
0.6850010000000001 1.4015
0.3049990000000001 1.4015
2.65

IMD6d2
4
0.8210190000000002 1.3025
1.319 1.3025
1.319 1.4015
0.8269990000000002 1.4015
2.65

IMD6d1
4
-1.2200000000000002 1.2925
-0.7264240000000001 1.2925
-0.7270280000000001 1.3025
-1.2200000000000002 1.3025
2.65

IMD6d1
4
-0.4975760000000002 1.2925
-0.11442400000000004 1.2925
-0.11502800000000003 1.3025
-0.4969720000000002 1.3025
2.65

IMD6d1
4
0.11442400000000004 1.2925
0.164576 1.2925
0.163972 1.3025
0.11502800000000003 1.3025
2.65

IMD6d1
4
0.3034240000000001 1.2925
0.6865760000000002 1.2925
0.6859720000000001 1.3025
0.3040280000000001 1.3025
2.65

IMD6d1
4
0.825424 1.2925
1.319 1.2925
1.319 1.3025
0.8260280000000001 1.3025
2.65

IMD6d1
4
-1.2200000000000002 1.2745
1.319 1.2745
1.319 1.2925
-1.2200000000000002 1.2925
2.65

FOXA+FOXB+TOX
4
-1.2200000000000002 0.001
1.319 0.001
1.319 0.2665
-1.2200000000000002 0.2665
4.0

ILD1a
4
-1.2200000000000002 0.2665
1.319 0.2665
1.319 0.2765
-1.2200000000000002 0.2765
7.0

ILD1b1+ILD1b2+ILD1b3
4
-1.2200000000000002 0.2765
1.319 0.2765
1.319 0.3955
-1.2200000000000002 0.3955
4.0

IMD1a
4
-1.2200000000000002 0.3955
1.319 0.3955
1.319 0.4065
-1.2200000000000002 0.4065
5.2

IMD1b
4
-1.2200000000000002 0.4065
1.319 0.4065
1.319 0.4665
-1.2200000000000002 0.4665
2.8

IMD2a
4
-1.2200000000000002 0.4665
1.319 0.4665
1.319 0.4875
-1.2200000000000002 0.4875
5.2

IMD2b
4
-1.2200000000000002 0.4875
1.319 0.4875
1.319 0.5025
-1.2200000000000002 0.5025
4.2

IMD2c
4
-1.2200000000000002 0.5025
1.319 0.5025
1.319 0.5265
-1.2200000000000002 0.5265
3.28

IMD2d1+IMD2d2
4
-1.2200000000000002 0.5265
1.319 0.5265
1.319 0.6535
-1.2200000000000002 0.6535
2.65

IMD3a
4
-1.2200000000000002 0.6535
1.319 0.6535
1.319 0.6745
-1.2200000000000002 0.6745
5.2

IMD3b
4
-1.2200000000000002 0.6745
1.319 0.6745
1.319 0.6895
-1.2200000000000002 0.6895
4.2

IMD3c
4
-1.2200000000000002 0.6895
1.319 0.6895
1.319 0.7135
-1.2200000000000002 0.7135
3.28

IMD3d1+IMD3d2
4
-1.2200000000000002 0.7135
1.319 0.7135
1.319 0.8405
-1.2200000000000002 0.8405
2.65

IMD4a
4
-1.2200000000000002 0.8405
1.319 0.8405
1.319 0.8615
-1.2200000000000002 0.8615
5.2

IMD4b
4
-1.2200000000000002 0.8615
1.319 0.8615
1.319 0.8765
-1.2200000000000002 0.8765
4.2

IMD4c
4
-1.2200000000000002 0.8765
1.319 0.8765
1.319 0.9005
-1.2200000000000002 0.9005
3.28

IMD4d1+IMD4d2
4
-1.2200000000000002 0.9005
1.319 0.9005
1.319 1.0275
-1.2200000000000002 1.0275
2.65

IMD5a
4
-1.2200000000000002 1.0275
1.319 1.0275
1.319 1.0485
-1.2200000000000002 1.0485
5.2

IMD5b
4
-1.2200000000000002 1.0485
1.319 1.0485
1.319 1.0635
-1.2200000000000002 1.0635
4.2

IMD5c
4
-1.2200000000000002 1.0635
1.319 1.0635
1.319 1.0875
-1.2200000000000002 1.0875
3.28

IMD5d1+IMD5d2
4
-1.2200000000000002 1.0875
1.319 1.0875
1.319 1.2145
-1.2200000000000002 1.2145
2.65

IMD6a
4
-1.2200000000000002 1.2145
1.319 1.2145
1.319 1.2355
-1.2200000000000002 1.2355
5.2

IMD6b
4
-1.2200000000000002 1.2355
1.319 1.2355
1.319 1.2505
-1.2200000000000002 1.2505
4.2

IMD6c
4
-1.2200000000000002 1.2505
1.319 1.2505
1.319 1.2745
-1.2200000000000002 1.2745
3.28

IMD7a
4
-1.2200000000000002 1.4015
1.319 1.4015
1.319 1.4765
-1.2200000000000002 1.4765
5.2

IMD7b1+IMD7b2
4
-1.2200000000000002 1.4765
1.319 1.4765
1.319 2.9765
-1.2200000000000002 2.9765
4.2

IMD8a
4
-1.2200000000000002 2.9765
1.319 2.9765
1.319 3.0515
-1.2200000000000002 3.0515
5.2

IMD8b1+IMD8b2
4
-1.2200000000000002 3.0515
1.319 3.0515
1.319 4.5515
-1.2200000000000002 4.5515
4.2

PASS1
4
-1.2200000000000002 4.5515
1.319 4.5515
1.319 4.6265
-1.2200000000000002 4.6265
7.0

PASS2
4
-1.2200000000000002 4.6265
1.319 4.6265
1.319 5.0265
-1.2200000000000002 5.0265
4.2

PASS3
4
-1.2200000000000002 5.0265
1.319 5.0265
1.319 5.1015
-1.2200000000000002 5.1015
7.0

PASS4+PASS5
4
-1.2200000000000002 5.1015
1.319 5.1015
1.319 6.0515
-1.2200000000000002 6.0515
4.2

PASS6
4
-1.2200000000000002 6.0515
1.319 6.0515
1.319 6.6515
-1.2200000000000002 6.6515
7.0

air_Layer
4
-1.2200000000000002 6.6515
1.319 6.6515
1.319 6.9485
-1.2200000000000002 6.9485
1.0


4
-1.2200000000000002 0.001
1.319 0.001
1.319 6.9485
-1.2200000000000002 6.9485

