c1
4
-0.48751 1.1155
0.48751 1.1155
0.49349 1.2145
-0.49349 1.2145

5
botleft
4
-2.0075 -0.001
0 -0.001
0 0.001
-2.0075 0.001

botright
4
0 -0.001
1.7465000000000002 -0.001
1.7465000000000002 0.001
0 0.001

lEnv
4
-1.5045099999999998 1.1155
-0.5294899999999999 1.1155
-0.5235099999999999 1.2145
-1.5104899999999999 1.2145

c2
4
1.1414900000000001 1.1155
1.17151 1.1155
1.1774900000000001 1.2145
1.13551 1.2145

rEnv
4
1.2134900000000002 1.1155
1.2435100000000001 1.1155
1.2494900000000002 1.2145
1.20751 1.2145


57
IMD5d1_damage
4
-1.5139239999999998 1.1055
-0.520076 1.1055
-0.5194719999999999 1.1155
-1.5145279999999999 1.1155
3.1

IMD5d1_damage
4
-0.496924 1.1055
0.496924 1.1055
0.49752799999999997 1.1155
-0.49752799999999997 1.1155
3.1

IMD5d1_damage
4
1.132076 1.1055
1.180924 1.1055
1.1815280000000001 1.1155
1.131472 1.1155
3.1

IMD5d1_damage
4
1.2040760000000001 1.1055
1.2529240000000001 1.1055
1.2535280000000002 1.1155
1.203472 1.1155
3.1

IMD5d2_damage
4
-1.5095189999999998 1.1155
-1.5045099999999998 1.1155
-1.5104899999999999 1.2145
-1.515499 1.2145
2.9

IMD5d2_damage
4
-0.5294899999999999 1.1155
-0.5244809999999999 1.1155
-0.5185009999999999 1.2145
-0.5235099999999999 1.2145
2.9

IMD5d2_damage
4
-0.492519 1.1155
-0.48751 1.1155
-0.49349 1.2145
-0.49849899999999997 1.2145
2.9

IMD5d2_damage
4
0.48751 1.1155
0.492519 1.1155
0.49849899999999997 1.2145
0.49349 1.2145
2.9

IMD5d2_damage
4
1.136481 1.1155
1.1414900000000001 1.1155
1.13551 1.2145
1.130501 1.2145
2.9

IMD5d2_damage
4
1.17151 1.1155
1.176519 1.1155
1.1824990000000002 1.2145
1.1774900000000001 1.2145
2.9

IMD5d2_damage
4
1.2084810000000001 1.1155
1.2134900000000002 1.1155
1.20751 1.2145
1.202501 1.2145
2.9

IMD5d2_damage
4
1.2435100000000001 1.1155
1.2485190000000002 1.1155
1.2544990000000003 1.2145
1.2494900000000002 1.2145
2.9

IMD5d2
4
-2.0075 1.1155
-1.5095189999999998 1.1155
-1.515499 1.2145
-2.0075 1.2145
2.65

IMD5d2
4
-0.5244809999999999 1.1155
-0.492519 1.1155
-0.49849899999999997 1.2145
-0.5185009999999999 1.2145
2.65

IMD5d2
4
0.492519 1.1155
1.136481 1.1155
1.130501 1.2145
0.49849899999999997 1.2145
2.65

IMD5d2
4
1.176519 1.1155
1.2084810000000001 1.1155
1.202501 1.2145
1.1824990000000002 1.2145
2.65

IMD5d2
4
1.2485190000000002 1.1155
1.7465000000000002 1.1155
1.7465000000000002 1.2145
1.2544990000000003 1.2145
2.65

IMD5d1
4
-2.0075 1.1055
-1.5139239999999998 1.1055
-1.5145279999999999 1.1155
-2.0075 1.1155
2.65

IMD5d1
4
-0.520076 1.1055
-0.496924 1.1055
-0.49752799999999997 1.1155
-0.5194719999999999 1.1155
2.65

IMD5d1
4
0.496924 1.1055
1.132076 1.1055
1.131472 1.1155
0.49752799999999997 1.1155
2.65

IMD5d1
4
1.180924 1.1055
1.2040760000000001 1.1055
1.203472 1.1155
1.1815280000000001 1.1155
2.65

IMD5d1
4
1.2529240000000001 1.1055
1.7465000000000002 1.1055
1.7465000000000002 1.1155
1.2535280000000002 1.1155
2.65

IMD5d1
4
-2.0075 1.0875
1.7465000000000002 1.0875
1.7465000000000002 1.1055
-2.0075 1.1055
2.65

FOXA+FOXB+TOX
4
-2.0075 0.001
1.7465000000000002 0.001
1.7465000000000002 0.2665
-2.0075 0.2665
4.0

ILD1a
4
-2.0075 0.2665
1.7465000000000002 0.2665
1.7465000000000002 0.2765
-2.0075 0.2765
7.0

ILD1b1+ILD1b2+ILD1b3
4
-2.0075 0.2765
1.7465000000000002 0.2765
1.7465000000000002 0.3955
-2.0075 0.3955
4.0

IMD1a
4
-2.0075 0.3955
1.7465000000000002 0.3955
1.7465000000000002 0.4065
-2.0075 0.4065
5.2

IMD1b
4
-2.0075 0.4065
1.7465000000000002 0.4065
1.7465000000000002 0.4665
-2.0075 0.4665
2.8

IMD2a
4
-2.0075 0.4665
1.7465000000000002 0.4665
1.7465000000000002 0.4875
-2.0075 0.4875
5.2

IMD2b
4
-2.0075 0.4875
1.7465000000000002 0.4875
1.7465000000000002 0.5025
-2.0075 0.5025
4.2

IMD2c
4
-2.0075 0.5025
1.7465000000000002 0.5025
1.7465000000000002 0.5265
-2.0075 0.5265
3.28

IMD2d1+IMD2d2
4
-2.0075 0.5265
1.7465000000000002 0.5265
1.7465000000000002 0.6535
-2.0075 0.6535
2.65

IMD3a
4
-2.0075 0.6535
1.7465000000000002 0.6535
1.7465000000000002 0.6745
-2.0075 0.6745
5.2

IMD3b
4
-2.0075 0.6745
1.7465000000000002 0.6745
1.7465000000000002 0.6895
-2.0075 0.6895
4.2

IMD3c
4
-2.0075 0.6895
1.7465000000000002 0.6895
1.7465000000000002 0.7135
-2.0075 0.7135
3.28

IMD3d1+IMD3d2
4
-2.0075 0.7135
1.7465000000000002 0.7135
1.7465000000000002 0.8405
-2.0075 0.8405
2.65

IMD4a
4
-2.0075 0.8405
1.7465000000000002 0.8405
1.7465000000000002 0.8615
-2.0075 0.8615
5.2

IMD4b
4
-2.0075 0.8615
1.7465000000000002 0.8615
1.7465000000000002 0.8765
-2.0075 0.8765
4.2

IMD4c
4
-2.0075 0.8765
1.7465000000000002 0.8765
1.7465000000000002 0.9005
-2.0075 0.9005
3.28

IMD4d1+IMD4d2
4
-2.0075 0.9005
1.7465000000000002 0.9005
1.7465000000000002 1.0275
-2.0075 1.0275
2.65

IMD5a
4
-2.0075 1.0275
1.7465000000000002 1.0275
1.7465000000000002 1.0485
-2.0075 1.0485
5.2

IMD5b
4
-2.0075 1.0485
1.7465000000000002 1.0485
1.7465000000000002 1.0635
-2.0075 1.0635
4.2

IMD5c
4
-2.0075 1.0635
1.7465000000000002 1.0635
1.7465000000000002 1.0875
-2.0075 1.0875
3.28

IMD6a
4
-2.0075 1.2145
1.7465000000000002 1.2145
1.7465000000000002 1.2355
-2.0075 1.2355
5.2

IMD6b
4
-2.0075 1.2355
1.7465000000000002 1.2355
1.7465000000000002 1.2505
-2.0075 1.2505
4.2

IMD6c
4
-2.0075 1.2505
1.7465000000000002 1.2505
1.7465000000000002 1.2745
-2.0075 1.2745
3.28

IMD6d1+IMD6d2
4
-2.0075 1.2745
1.7465000000000002 1.2745
1.7465000000000002 1.4015
-2.0075 1.4015
2.65

IMD7a
4
-2.0075 1.4015
1.7465000000000002 1.4015
1.7465000000000002 1.4765
-2.0075 1.4765
5.2

IMD7b1+IMD7b2
4
-2.0075 1.4765
1.7465000000000002 1.4765
1.7465000000000002 2.9765
-2.0075 2.9765
4.2

IMD8a
4
-2.0075 2.9765
1.7465000000000002 2.9765
1.7465000000000002 3.0515
-2.0075 3.0515
5.2

IMD8b1+IMD8b2
4
-2.0075 3.0515
1.7465000000000002 3.0515
1.7465000000000002 4.5515
-2.0075 4.5515
4.2

PASS1
4
-2.0075 4.5515
1.7465000000000002 4.5515
1.7465000000000002 4.6265
-2.0075 4.6265
7.0

PASS2
4
-2.0075 4.6265
1.7465000000000002 4.6265
1.7465000000000002 5.0265
-2.0075 5.0265
4.2

PASS3
4
-2.0075 5.0265
1.7465000000000002 5.0265
1.7465000000000002 5.1015
-2.0075 5.1015
7.0

PASS4+PASS5
4
-2.0075 5.1015
1.7465000000000002 5.1015
1.7465000000000002 6.0515
-2.0075 6.0515
4.2

PASS6
4
-2.0075 6.0515
1.7465000000000002 6.0515
1.7465000000000002 6.6515
-2.0075 6.6515
7.0

air_Layer
4
-2.0075 6.6515
1.7465000000000002 6.6515
1.7465000000000002 6.9485
-2.0075 6.9485
1.0


4
-2.0075 0.001
1.7465000000000002 0.001
1.7465000000000002 6.9485
-2.0075 6.9485

