c1
4
-0.01501000000000001 1.3025
0.01501000000000001 1.3025
0.02099000000000001 1.4015
-0.02099000000000001 1.4015

5
botleft
4
-0.8600000000000001 -0.001
0 -0.001
0 0.001
-0.8600000000000001 0.001

botright
4
0 -0.001
2.129 -0.001
2.129 0.001
0 0.001

lEnv
4
-0.35701000000000005 1.3025
-0.32699 1.3025
-0.32101 1.4015
-0.36299000000000003 1.4015

c2
4
0.17399 1.3025
0.7440099999999998 1.3025
0.7499899999999998 1.4015
0.16801 1.4015

rEnv
4
1.05599 1.3025
1.6260099999999995 1.3025
1.6319899999999996 1.4015
1.0500099999999999 1.4015


57
IMD6d1_damage
4
-0.366424 1.2925
-0.317576 1.2925
-0.31697200000000003 1.3025
-0.367028 1.3025
3.1

IMD6d1_damage
4
-0.024424000000000008 1.2925
0.024424000000000008 1.2925
0.02502800000000001 1.3025
-0.02502800000000001 1.3025
3.1

IMD6d1_damage
4
0.164576 1.2925
0.7534239999999998 1.2925
0.7540279999999998 1.3025
0.163972 1.3025
3.1

IMD6d1_damage
4
1.046576 1.2925
1.6354239999999995 1.2925
1.6360279999999996 1.3025
1.045972 1.3025
3.1

IMD6d2_damage
4
-0.36201900000000004 1.3025
-0.35701000000000005 1.3025
-0.36299000000000003 1.4015
-0.367999 1.4015
2.9

IMD6d2_damage
4
-0.32699 1.3025
-0.321981 1.3025
-0.31600100000000003 1.4015
-0.32101 1.4015
2.9

IMD6d2_damage
4
-0.02001900000000001 1.3025
-0.01501000000000001 1.3025
-0.02099000000000001 1.4015
-0.025999000000000008 1.4015
2.9

IMD6d2_damage
4
0.01501000000000001 1.3025
0.02001900000000001 1.3025
0.025999000000000008 1.4015
0.02099000000000001 1.4015
2.9

IMD6d2_damage
4
0.168981 1.3025
0.17399 1.3025
0.16801 1.4015
0.16300099999999998 1.4015
2.9

IMD6d2_damage
4
0.7440099999999998 1.3025
0.7490189999999999 1.3025
0.7549989999999999 1.4015
0.7499899999999998 1.4015
2.9

IMD6d2_damage
4
1.050981 1.3025
1.05599 1.3025
1.0500099999999999 1.4015
1.0450009999999998 1.4015
2.9

IMD6d2_damage
4
1.6260099999999995 1.3025
1.6310189999999996 1.3025
1.6369989999999996 1.4015
1.6319899999999996 1.4015
2.9

IMD6d2
4
-0.8600000000000001 1.3025
-0.36201900000000004 1.3025
-0.367999 1.4015
-0.8600000000000001 1.4015
2.65

IMD6d2
4
-0.321981 1.3025
-0.02001900000000001 1.3025
-0.025999000000000008 1.4015
-0.31600100000000003 1.4015
2.65

IMD6d2
4
0.02001900000000001 1.3025
0.168981 1.3025
0.16300099999999998 1.4015
0.025999000000000008 1.4015
2.65

IMD6d2
4
0.7490189999999999 1.3025
1.050981 1.3025
1.0450009999999998 1.4015
0.7549989999999999 1.4015
2.65

IMD6d2
4
1.6310189999999996 1.3025
2.129 1.3025
2.129 1.4015
1.6369989999999996 1.4015
2.65

IMD6d1
4
-0.8600000000000001 1.2925
-0.366424 1.2925
-0.367028 1.3025
-0.8600000000000001 1.3025
2.65

IMD6d1
4
-0.317576 1.2925
-0.024424000000000008 1.2925
-0.02502800000000001 1.3025
-0.31697200000000003 1.3025
2.65

IMD6d1
4
0.024424000000000008 1.2925
0.164576 1.2925
0.163972 1.3025
0.02502800000000001 1.3025
2.65

IMD6d1
4
0.7534239999999998 1.2925
1.046576 1.2925
1.045972 1.3025
0.7540279999999998 1.3025
2.65

IMD6d1
4
1.6354239999999995 1.2925
2.129 1.2925
2.129 1.3025
1.6360279999999996 1.3025
2.65

IMD6d1
4
-0.8600000000000001 1.2745
2.129 1.2745
2.129 1.2925
-0.8600000000000001 1.2925
2.65

FOXA+FOXB+TOX
4
-0.8600000000000001 0.001
2.129 0.001
2.129 0.2665
-0.8600000000000001 0.2665
4.0

ILD1a
4
-0.8600000000000001 0.2665
2.129 0.2665
2.129 0.2765
-0.8600000000000001 0.2765
7.0

ILD1b1+ILD1b2+ILD1b3
4
-0.8600000000000001 0.2765
2.129 0.2765
2.129 0.3955
-0.8600000000000001 0.3955
4.0

IMD1a
4
-0.8600000000000001 0.3955
2.129 0.3955
2.129 0.4065
-0.8600000000000001 0.4065
5.2

IMD1b
4
-0.8600000000000001 0.4065
2.129 0.4065
2.129 0.4665
-0.8600000000000001 0.4665
2.8

IMD2a
4
-0.8600000000000001 0.4665
2.129 0.4665
2.129 0.4875
-0.8600000000000001 0.4875
5.2

IMD2b
4
-0.8600000000000001 0.4875
2.129 0.4875
2.129 0.5025
-0.8600000000000001 0.5025
4.2

IMD2c
4
-0.8600000000000001 0.5025
2.129 0.5025
2.129 0.5265
-0.8600000000000001 0.5265
3.28

IMD2d1+IMD2d2
4
-0.8600000000000001 0.5265
2.129 0.5265
2.129 0.6535
-0.8600000000000001 0.6535
2.65

IMD3a
4
-0.8600000000000001 0.6535
2.129 0.6535
2.129 0.6745
-0.8600000000000001 0.6745
5.2

IMD3b
4
-0.8600000000000001 0.6745
2.129 0.6745
2.129 0.6895
-0.8600000000000001 0.6895
4.2

IMD3c
4
-0.8600000000000001 0.6895
2.129 0.6895
2.129 0.7135
-0.8600000000000001 0.7135
3.28

IMD3d1+IMD3d2
4
-0.8600000000000001 0.7135
2.129 0.7135
2.129 0.8405
-0.8600000000000001 0.8405
2.65

IMD4a
4
-0.8600000000000001 0.8405
2.129 0.8405
2.129 0.8615
-0.8600000000000001 0.8615
5.2

IMD4b
4
-0.8600000000000001 0.8615
2.129 0.8615
2.129 0.8765
-0.8600000000000001 0.8765
4.2

IMD4c
4
-0.8600000000000001 0.8765
2.129 0.8765
2.129 0.9005
-0.8600000000000001 0.9005
3.28

IMD4d1+IMD4d2
4
-0.8600000000000001 0.9005
2.129 0.9005
2.129 1.0275
-0.8600000000000001 1.0275
2.65

IMD5a
4
-0.8600000000000001 1.0275
2.129 1.0275
2.129 1.0485
-0.8600000000000001 1.0485
5.2

IMD5b
4
-0.8600000000000001 1.0485
2.129 1.0485
2.129 1.0635
-0.8600000000000001 1.0635
4.2

IMD5c
4
-0.8600000000000001 1.0635
2.129 1.0635
2.129 1.0875
-0.8600000000000001 1.0875
3.28

IMD5d1+IMD5d2
4
-0.8600000000000001 1.0875
2.129 1.0875
2.129 1.2145
-0.8600000000000001 1.2145
2.65

IMD6a
4
-0.8600000000000001 1.2145
2.129 1.2145
2.129 1.2355
-0.8600000000000001 1.2355
5.2

IMD6b
4
-0.8600000000000001 1.2355
2.129 1.2355
2.129 1.2505
-0.8600000000000001 1.2505
4.2

IMD6c
4
-0.8600000000000001 1.2505
2.129 1.2505
2.129 1.2745
-0.8600000000000001 1.2745
3.28

IMD7a
4
-0.8600000000000001 1.4015
2.129 1.4015
2.129 1.4765
-0.8600000000000001 1.4765
5.2

IMD7b1+IMD7b2
4
-0.8600000000000001 1.4765
2.129 1.4765
2.129 2.9765
-0.8600000000000001 2.9765
4.2

IMD8a
4
-0.8600000000000001 2.9765
2.129 2.9765
2.129 3.0515
-0.8600000000000001 3.0515
5.2

IMD8b1+IMD8b2
4
-0.8600000000000001 3.0515
2.129 3.0515
2.129 4.5515
-0.8600000000000001 4.5515
4.2

PASS1
4
-0.8600000000000001 4.5515
2.129 4.5515
2.129 4.6265
-0.8600000000000001 4.6265
7.0

PASS2
4
-0.8600000000000001 4.6265
2.129 4.6265
2.129 5.0265
-0.8600000000000001 5.0265
4.2

PASS3
4
-0.8600000000000001 5.0265
2.129 5.0265
2.129 5.1015
-0.8600000000000001 5.1015
7.0

PASS4+PASS5
4
-0.8600000000000001 5.1015
2.129 5.1015
2.129 6.0515
-0.8600000000000001 6.0515
4.2

PASS6
4
-0.8600000000000001 6.0515
2.129 6.0515
2.129 6.6515
-0.8600000000000001 6.6515
7.0

air_Layer
4
-0.8600000000000001 6.6515
2.129 6.6515
2.129 6.9485
-0.8600000000000001 6.9485
1.0


4
-0.8600000000000001 0.001
2.129 0.001
2.129 6.9485
-0.8600000000000001 6.9485

