c1
4
-0.48751 0.9285000000000001
0.48751 0.9285000000000001
0.49349 1.0275
-0.49349 1.0275

5
botleft
4
-2.2775 -0.001
0 -0.001
0 0.001
-2.2775 0.001

botright
4
0 -0.001
3.4114999999999998 -0.001
3.4114999999999998 0.001
0 0.001

lEnv
4
-1.7745099999999998 0.9285000000000001
-0.7994899999999999 0.9285000000000001
-0.7935099999999999 1.0275
-1.78049 1.0275

c2
4
0.6464899999999999 0.9285000000000001
1.6215099999999998 0.9285000000000001
1.6274899999999999 1.0275
0.6405099999999999 1.0275

rEnv
4
1.93349 0.9285000000000001
2.9085099999999993 0.9285000000000001
2.9144899999999994 1.0275
1.9275099999999998 1.0275


57
IMD4d1_damage
4
-1.7839239999999998 0.9185000000000001
-0.790076 0.9185000000000001
-0.789472 0.9285000000000001
-1.784528 0.9285000000000001
3.1

IMD4d1_damage
4
-0.496924 0.9185000000000001
0.496924 0.9185000000000001
0.49752799999999997 0.9285000000000001
-0.49752799999999997 0.9285000000000001
3.1

IMD4d1_damage
4
0.637076 0.9185000000000001
1.6309239999999998 0.9185000000000001
1.6315279999999999 0.9285000000000001
0.6364719999999999 0.9285000000000001
3.1

IMD4d1_damage
4
1.924076 0.9185000000000001
2.9179239999999993 0.9185000000000001
2.9185279999999993 0.9285000000000001
1.9234719999999998 0.9285000000000001
3.1

IMD4d2_damage
4
-1.7795189999999999 0.9285000000000001
-1.7745099999999998 0.9285000000000001
-1.78049 1.0275
-1.785499 1.0275
2.9

IMD4d2_damage
4
-0.7994899999999999 0.9285000000000001
-0.7944809999999999 0.9285000000000001
-0.7885009999999999 1.0275
-0.7935099999999999 1.0275
2.9

IMD4d2_damage
4
-0.492519 0.9285000000000001
-0.48751 0.9285000000000001
-0.49349 1.0275
-0.49849899999999997 1.0275
2.9

IMD4d2_damage
4
0.48751 0.9285000000000001
0.492519 0.9285000000000001
0.49849899999999997 1.0275
0.49349 1.0275
2.9

IMD4d2_damage
4
0.6414809999999999 0.9285000000000001
0.6464899999999999 0.9285000000000001
0.6405099999999999 1.0275
0.6355009999999999 1.0275
2.9

IMD4d2_damage
4
1.6215099999999998 0.9285000000000001
1.6265189999999998 0.9285000000000001
1.632499 1.0275
1.6274899999999999 1.0275
2.9

IMD4d2_damage
4
1.928481 0.9285000000000001
1.93349 0.9285000000000001
1.9275099999999998 1.0275
1.9225009999999998 1.0275
2.9

IMD4d2_damage
4
2.9085099999999993 0.9285000000000001
2.913518999999999 0.9285000000000001
2.919498999999999 1.0275
2.9144899999999994 1.0275
2.9

IMD4d2
4
-2.2775 0.9285000000000001
-1.7795189999999999 0.9285000000000001
-1.785499 1.0275
-2.2775 1.0275
2.65

IMD4d2
4
-0.7944809999999999 0.9285000000000001
-0.492519 0.9285000000000001
-0.49849899999999997 1.0275
-0.7885009999999999 1.0275
2.65

IMD4d2
4
0.492519 0.9285000000000001
0.6414809999999999 0.9285000000000001
0.6355009999999999 1.0275
0.49849899999999997 1.0275
2.65

IMD4d2
4
1.6265189999999998 0.9285000000000001
1.928481 0.9285000000000001
1.9225009999999998 1.0275
1.632499 1.0275
2.65

IMD4d2
4
2.913518999999999 0.9285000000000001
3.4114999999999998 0.9285000000000001
3.4114999999999998 1.0275
2.919498999999999 1.0275
2.65

IMD4d1
4
-2.2775 0.9185000000000001
-1.7839239999999998 0.9185000000000001
-1.784528 0.9285000000000001
-2.2775 0.9285000000000001
2.65

IMD4d1
4
-0.790076 0.9185000000000001
-0.496924 0.9185000000000001
-0.49752799999999997 0.9285000000000001
-0.789472 0.9285000000000001
2.65

IMD4d1
4
0.496924 0.9185000000000001
0.637076 0.9185000000000001
0.6364719999999999 0.9285000000000001
0.49752799999999997 0.9285000000000001
2.65

IMD4d1
4
1.6309239999999998 0.9185000000000001
1.924076 0.9185000000000001
1.9234719999999998 0.9285000000000001
1.6315279999999999 0.9285000000000001
2.65

IMD4d1
4
2.9179239999999993 0.9185000000000001
3.4114999999999998 0.9185000000000001
3.4114999999999998 0.9285000000000001
2.9185279999999993 0.9285000000000001
2.65

IMD4d1
4
-2.2775 0.9005
3.4114999999999998 0.9005
3.4114999999999998 0.9185000000000001
-2.2775 0.9185000000000001
2.65

FOXA+FOXB+TOX
4
-2.2775 0.001
3.4114999999999998 0.001
3.4114999999999998 0.2665
-2.2775 0.2665
4.0

ILD1a
4
-2.2775 0.2665
3.4114999999999998 0.2665
3.4114999999999998 0.2765
-2.2775 0.2765
7.0

ILD1b1+ILD1b2+ILD1b3
4
-2.2775 0.2765
3.4114999999999998 0.2765
3.4114999999999998 0.3955
-2.2775 0.3955
4.0

IMD1a
4
-2.2775 0.3955
3.4114999999999998 0.3955
3.4114999999999998 0.4065
-2.2775 0.4065
5.2

IMD1b
4
-2.2775 0.4065
3.4114999999999998 0.4065
3.4114999999999998 0.4665
-2.2775 0.4665
2.8

IMD2a
4
-2.2775 0.4665
3.4114999999999998 0.4665
3.4114999999999998 0.4875
-2.2775 0.4875
5.2

IMD2b
4
-2.2775 0.4875
3.4114999999999998 0.4875
3.4114999999999998 0.5025
-2.2775 0.5025
4.2

IMD2c
4
-2.2775 0.5025
3.4114999999999998 0.5025
3.4114999999999998 0.5265
-2.2775 0.5265
3.28

IMD2d1+IMD2d2
4
-2.2775 0.5265
3.4114999999999998 0.5265
3.4114999999999998 0.6535
-2.2775 0.6535
2.65

IMD3a
4
-2.2775 0.6535
3.4114999999999998 0.6535
3.4114999999999998 0.6745
-2.2775 0.6745
5.2

IMD3b
4
-2.2775 0.6745
3.4114999999999998 0.6745
3.4114999999999998 0.6895
-2.2775 0.6895
4.2

IMD3c
4
-2.2775 0.6895
3.4114999999999998 0.6895
3.4114999999999998 0.7135
-2.2775 0.7135
3.28

IMD3d1+IMD3d2
4
-2.2775 0.7135
3.4114999999999998 0.7135
3.4114999999999998 0.8405
-2.2775 0.8405
2.65

IMD4a
4
-2.2775 0.8405
3.4114999999999998 0.8405
3.4114999999999998 0.8615
-2.2775 0.8615
5.2

IMD4b
4
-2.2775 0.8615
3.4114999999999998 0.8615
3.4114999999999998 0.8765
-2.2775 0.8765
4.2

IMD4c
4
-2.2775 0.8765
3.4114999999999998 0.8765
3.4114999999999998 0.9005
-2.2775 0.9005
3.28

IMD5a
4
-2.2775 1.0275
3.4114999999999998 1.0275
3.4114999999999998 1.0485
-2.2775 1.0485
5.2

IMD5b
4
-2.2775 1.0485
3.4114999999999998 1.0485
3.4114999999999998 1.0635
-2.2775 1.0635
4.2

IMD5c
4
-2.2775 1.0635
3.4114999999999998 1.0635
3.4114999999999998 1.0875
-2.2775 1.0875
3.28

IMD5d1+IMD5d2
4
-2.2775 1.0875
3.4114999999999998 1.0875
3.4114999999999998 1.2145
-2.2775 1.2145
2.65

IMD6a
4
-2.2775 1.2145
3.4114999999999998 1.2145
3.4114999999999998 1.2355
-2.2775 1.2355
5.2

IMD6b
4
-2.2775 1.2355
3.4114999999999998 1.2355
3.4114999999999998 1.2505
-2.2775 1.2505
4.2

IMD6c
4
-2.2775 1.2505
3.4114999999999998 1.2505
3.4114999999999998 1.2745
-2.2775 1.2745
3.28

IMD6d1+IMD6d2
4
-2.2775 1.2745
3.4114999999999998 1.2745
3.4114999999999998 1.4015
-2.2775 1.4015
2.65

IMD7a
4
-2.2775 1.4015
3.4114999999999998 1.4015
3.4114999999999998 1.4765
-2.2775 1.4765
5.2

IMD7b1+IMD7b2
4
-2.2775 1.4765
3.4114999999999998 1.4765
3.4114999999999998 2.9765
-2.2775 2.9765
4.2

IMD8a
4
-2.2775 2.9765
3.4114999999999998 2.9765
3.4114999999999998 3.0515
-2.2775 3.0515
5.2

IMD8b1+IMD8b2
4
-2.2775 3.0515
3.4114999999999998 3.0515
3.4114999999999998 4.5515
-2.2775 4.5515
4.2

PASS1
4
-2.2775 4.5515
3.4114999999999998 4.5515
3.4114999999999998 4.6265
-2.2775 4.6265
7.0

PASS2
4
-2.2775 4.6265
3.4114999999999998 4.6265
3.4114999999999998 5.0265
-2.2775 5.0265
4.2

PASS3
4
-2.2775 5.0265
3.4114999999999998 5.0265
3.4114999999999998 5.1015
-2.2775 5.1015
7.0

PASS4+PASS5
4
-2.2775 5.1015
3.4114999999999998 5.1015
3.4114999999999998 6.0515
-2.2775 6.0515
4.2

PASS6
4
-2.2775 6.0515
3.4114999999999998 6.0515
3.4114999999999998 6.6515
-2.2775 6.6515
7.0

air_Layer
4
-2.2775 6.6515
3.4114999999999998 6.6515
3.4114999999999998 6.9485
-2.2775 6.9485
1.0


4
-2.2775 0.001
3.4114999999999998 0.001
3.4114999999999998 6.9485
-2.2775 6.9485

