c1
4
-0.06001000000000002 0.7415
0.060009999999999994 0.7415
0.06599 0.8405
-0.06599000000000002 0.8405

5
botleft
4
-0.7250000000000001 -0.001
0 -0.001
0 0.001
-0.7250000000000001 0.001

botright
4
0 -0.001
1.049 -0.001
1.049 0.001
0 0.001

lEnv
4
-0.22201 0.7415
-0.10199000000000001 0.7415
-0.09601000000000001 0.8405
-0.22799000000000003 0.8405

c2
4
0.44399 0.7415
0.47401000000000004 0.7415
0.47999 0.8405
0.43801 0.8405

rEnv
4
0.5159900000000001 0.7415
0.5460100000000001 0.7415
0.5519900000000001 0.8405
0.5100100000000001 0.8405


57
IMD3d1_damage
4
-0.23142400000000002 0.7315
-0.092576 0.7315
-0.09197200000000001 0.7415
-0.232028 0.7415
3.1

IMD3d1_damage
4
-0.06942400000000003 0.7315
0.069424 0.7315
0.07002799999999999 0.7415
-0.07002800000000002 0.7415
3.1

IMD3d1_damage
4
0.434576 0.7315
0.483424 0.7315
0.484028 0.7415
0.433972 0.7415
3.1

IMD3d1_damage
4
0.5065760000000001 0.7315
0.555424 0.7315
0.5560280000000001 0.7415
0.5059720000000001 0.7415
3.1

IMD3d2_damage
4
-0.22701900000000003 0.7415
-0.22201 0.7415
-0.22799000000000003 0.8405
-0.23299900000000004 0.8405
2.9

IMD3d2_damage
4
-0.10199000000000001 0.7415
-0.09698100000000001 0.7415
-0.09100100000000001 0.8405
-0.09601000000000001 0.8405
2.9

IMD3d2_damage
4
-0.06501900000000002 0.7415
-0.06001000000000002 0.7415
-0.06599000000000002 0.8405
-0.07099900000000002 0.8405
2.9

IMD3d2_damage
4
0.060009999999999994 0.7415
0.065019 0.7415
0.07099899999999999 0.8405
0.06599 0.8405
2.9

IMD3d2_damage
4
0.438981 0.7415
0.44399 0.7415
0.43801 0.8405
0.433001 0.8405
2.9

IMD3d2_damage
4
0.47401000000000004 0.7415
0.47901900000000003 0.7415
0.484999 0.8405
0.47999 0.8405
2.9

IMD3d2_damage
4
0.510981 0.7415
0.5159900000000001 0.7415
0.5100100000000001 0.8405
0.505001 0.8405
2.9

IMD3d2_damage
4
0.5460100000000001 0.7415
0.5510190000000001 0.7415
0.5569990000000001 0.8405
0.5519900000000001 0.8405
2.9

IMD3d2
4
-0.7250000000000001 0.7415
-0.22701900000000003 0.7415
-0.23299900000000004 0.8405
-0.7250000000000001 0.8405
2.65

IMD3d2
4
-0.09698100000000001 0.7415
-0.06501900000000002 0.7415
-0.07099900000000002 0.8405
-0.09100100000000001 0.8405
2.65

IMD3d2
4
0.065019 0.7415
0.438981 0.7415
0.433001 0.8405
0.07099899999999999 0.8405
2.65

IMD3d2
4
0.47901900000000003 0.7415
0.510981 0.7415
0.505001 0.8405
0.484999 0.8405
2.65

IMD3d2
4
0.5510190000000001 0.7415
1.049 0.7415
1.049 0.8405
0.5569990000000001 0.8405
2.65

IMD3d1
4
-0.7250000000000001 0.7315
-0.23142400000000002 0.7315
-0.232028 0.7415
-0.7250000000000001 0.7415
2.65

IMD3d1
4
-0.092576 0.7315
-0.06942400000000003 0.7315
-0.07002800000000002 0.7415
-0.09197200000000001 0.7415
2.65

IMD3d1
4
0.069424 0.7315
0.434576 0.7315
0.433972 0.7415
0.07002799999999999 0.7415
2.65

IMD3d1
4
0.483424 0.7315
0.5065760000000001 0.7315
0.5059720000000001 0.7415
0.484028 0.7415
2.65

IMD3d1
4
0.555424 0.7315
1.049 0.7315
1.049 0.7415
0.5560280000000001 0.7415
2.65

IMD3d1
4
-0.7250000000000001 0.7135
1.049 0.7135
1.049 0.7315
-0.7250000000000001 0.7315
2.65

FOXA+FOXB+TOX
4
-0.7250000000000001 0.001
1.049 0.001
1.049 0.2665
-0.7250000000000001 0.2665
4.0

ILD1a
4
-0.7250000000000001 0.2665
1.049 0.2665
1.049 0.2765
-0.7250000000000001 0.2765
7.0

ILD1b1+ILD1b2+ILD1b3
4
-0.7250000000000001 0.2765
1.049 0.2765
1.049 0.3955
-0.7250000000000001 0.3955
4.0

IMD1a
4
-0.7250000000000001 0.3955
1.049 0.3955
1.049 0.4065
-0.7250000000000001 0.4065
5.2

IMD1b
4
-0.7250000000000001 0.4065
1.049 0.4065
1.049 0.4665
-0.7250000000000001 0.4665
2.8

IMD2a
4
-0.7250000000000001 0.4665
1.049 0.4665
1.049 0.4875
-0.7250000000000001 0.4875
5.2

IMD2b
4
-0.7250000000000001 0.4875
1.049 0.4875
1.049 0.5025
-0.7250000000000001 0.5025
4.2

IMD2c
4
-0.7250000000000001 0.5025
1.049 0.5025
1.049 0.5265
-0.7250000000000001 0.5265
3.28

IMD2d1+IMD2d2
4
-0.7250000000000001 0.5265
1.049 0.5265
1.049 0.6535
-0.7250000000000001 0.6535
2.65

IMD3a
4
-0.7250000000000001 0.6535
1.049 0.6535
1.049 0.6745
-0.7250000000000001 0.6745
5.2

IMD3b
4
-0.7250000000000001 0.6745
1.049 0.6745
1.049 0.6895
-0.7250000000000001 0.6895
4.2

IMD3c
4
-0.7250000000000001 0.6895
1.049 0.6895
1.049 0.7135
-0.7250000000000001 0.7135
3.28

IMD4a
4
-0.7250000000000001 0.8405
1.049 0.8405
1.049 0.8615
-0.7250000000000001 0.8615
5.2

IMD4b
4
-0.7250000000000001 0.8615
1.049 0.8615
1.049 0.8765
-0.7250000000000001 0.8765
4.2

IMD4c
4
-0.7250000000000001 0.8765
1.049 0.8765
1.049 0.9005
-0.7250000000000001 0.9005
3.28

IMD4d1+IMD4d2
4
-0.7250000000000001 0.9005
1.049 0.9005
1.049 1.0275
-0.7250000000000001 1.0275
2.65

IMD5a
4
-0.7250000000000001 1.0275
1.049 1.0275
1.049 1.0485
-0.7250000000000001 1.0485
5.2

IMD5b
4
-0.7250000000000001 1.0485
1.049 1.0485
1.049 1.0635
-0.7250000000000001 1.0635
4.2

IMD5c
4
-0.7250000000000001 1.0635
1.049 1.0635
1.049 1.0875
-0.7250000000000001 1.0875
3.28

IMD5d1+IMD5d2
4
-0.7250000000000001 1.0875
1.049 1.0875
1.049 1.2145
-0.7250000000000001 1.2145
2.65

IMD6a
4
-0.7250000000000001 1.2145
1.049 1.2145
1.049 1.2355
-0.7250000000000001 1.2355
5.2

IMD6b
4
-0.7250000000000001 1.2355
1.049 1.2355
1.049 1.2505
-0.7250000000000001 1.2505
4.2

IMD6c
4
-0.7250000000000001 1.2505
1.049 1.2505
1.049 1.2745
-0.7250000000000001 1.2745
3.28

IMD6d1+IMD6d2
4
-0.7250000000000001 1.2745
1.049 1.2745
1.049 1.4015
-0.7250000000000001 1.4015
2.65

IMD7a
4
-0.7250000000000001 1.4015
1.049 1.4015
1.049 1.4765
-0.7250000000000001 1.4765
5.2

IMD7b1+IMD7b2
4
-0.7250000000000001 1.4765
1.049 1.4765
1.049 2.9765
-0.7250000000000001 2.9765
4.2

IMD8a
4
-0.7250000000000001 2.9765
1.049 2.9765
1.049 3.0515
-0.7250000000000001 3.0515
5.2

IMD8b1+IMD8b2
4
-0.7250000000000001 3.0515
1.049 3.0515
1.049 4.5515
-0.7250000000000001 4.5515
4.2

PASS1
4
-0.7250000000000001 4.5515
1.049 4.5515
1.049 4.6265
-0.7250000000000001 4.6265
7.0

PASS2
4
-0.7250000000000001 4.6265
1.049 4.6265
1.049 5.0265
-0.7250000000000001 5.0265
4.2

PASS3
4
-0.7250000000000001 5.0265
1.049 5.0265
1.049 5.1015
-0.7250000000000001 5.1015
7.0

PASS4+PASS5
4
-0.7250000000000001 5.1015
1.049 5.1015
1.049 6.0515
-0.7250000000000001 6.0515
4.2

PASS6
4
-0.7250000000000001 6.0515
1.049 6.0515
1.049 6.6515
-0.7250000000000001 6.6515
7.0

air_Layer
4
-0.7250000000000001 6.6515
1.049 6.6515
1.049 6.9485
-0.7250000000000001 6.9485
1.0


4
-0.7250000000000001 0.001
1.049 0.001
1.049 6.9485
-0.7250000000000001 6.9485

