c1
4
-0.10501000000000003 0.5545
0.10500999999999998 0.5545
0.11098999999999998 0.6535
-0.11099000000000003 0.6535

5
botleft
4
-0.8600000000000001 -0.001
0 -0.001
0 0.001
-0.8600000000000001 0.001

botright
4
0 -0.001
1.4089999999999998 -0.001
1.4089999999999998 0.001
0 0.001

lEnv
4
-0.35701000000000005 0.5545
-0.14699000000000004 0.5545
-0.14101000000000002 0.6535
-0.36299000000000003 0.6535

c2
4
0.26398999999999995 0.5545
0.5640099999999999 0.5545
0.5699899999999999 0.6535
0.25800999999999996 0.6535

rEnv
4
0.6059899999999999 0.5545
0.90601 0.5545
0.91199 0.6535
0.6000099999999999 0.6535


57
IMD2d1_damage
4
-0.366424 0.5445
-0.13757600000000003 0.5445
-0.13697200000000004 0.5545
-0.367028 0.5545
3.1

IMD2d1_damage
4
-0.11442400000000004 0.5445
0.11442399999999998 0.5445
0.11502799999999998 0.5545
-0.11502800000000003 0.5545
3.1

IMD2d1_damage
4
0.25457599999999997 0.5445
0.5734239999999998 0.5445
0.5740279999999999 0.5545
0.253972 0.5545
3.1

IMD2d1_damage
4
0.596576 0.5445
0.9154239999999999 0.5445
0.916028 0.5545
0.595972 0.5545
3.1

IMD2d2_damage
4
-0.36201900000000004 0.5545
-0.35701000000000005 0.5545
-0.36299000000000003 0.6535
-0.367999 0.6535
2.9

IMD2d2_damage
4
-0.14699000000000004 0.5545
-0.14198100000000002 0.5545
-0.136001 0.6535
-0.14101000000000002 0.6535
2.9

IMD2d2_damage
4
-0.11001900000000003 0.5545
-0.10501000000000003 0.5545
-0.11099000000000003 0.6535
-0.11599900000000003 0.6535
2.9

IMD2d2_damage
4
0.10500999999999998 0.5545
0.11001899999999998 0.5545
0.11599899999999998 0.6535
0.11098999999999998 0.6535
2.9

IMD2d2_damage
4
0.25898099999999996 0.5545
0.26398999999999995 0.5545
0.25800999999999996 0.6535
0.253001 0.6535
2.9

IMD2d2_damage
4
0.5640099999999999 0.5545
0.5690189999999999 0.5545
0.5749989999999999 0.6535
0.5699899999999999 0.6535
2.9

IMD2d2_damage
4
0.6009809999999999 0.5545
0.6059899999999999 0.5545
0.6000099999999999 0.6535
0.5950009999999999 0.6535
2.9

IMD2d2_damage
4
0.90601 0.5545
0.911019 0.5545
0.916999 0.6535
0.91199 0.6535
2.9

IMD2d2
4
-0.8600000000000001 0.5545
-0.36201900000000004 0.5545
-0.367999 0.6535
-0.8600000000000001 0.6535
2.65

IMD2d2
4
-0.14198100000000002 0.5545
-0.11001900000000003 0.5545
-0.11599900000000003 0.6535
-0.136001 0.6535
2.65

IMD2d2
4
0.11001899999999998 0.5545
0.25898099999999996 0.5545
0.253001 0.6535
0.11599899999999998 0.6535
2.65

IMD2d2
4
0.5690189999999999 0.5545
0.6009809999999999 0.5545
0.5950009999999999 0.6535
0.5749989999999999 0.6535
2.65

IMD2d2
4
0.911019 0.5545
1.4089999999999998 0.5545
1.4089999999999998 0.6535
0.916999 0.6535
2.65

IMD2d1
4
-0.8600000000000001 0.5445
-0.366424 0.5445
-0.367028 0.5545
-0.8600000000000001 0.5545
2.65

IMD2d1
4
-0.13757600000000003 0.5445
-0.11442400000000004 0.5445
-0.11502800000000003 0.5545
-0.13697200000000004 0.5545
2.65

IMD2d1
4
0.11442399999999998 0.5445
0.25457599999999997 0.5445
0.253972 0.5545
0.11502799999999998 0.5545
2.65

IMD2d1
4
0.5734239999999998 0.5445
0.596576 0.5445
0.595972 0.5545
0.5740279999999999 0.5545
2.65

IMD2d1
4
0.9154239999999999 0.5445
1.4089999999999998 0.5445
1.4089999999999998 0.5545
0.916028 0.5545
2.65

IMD2d1
4
-0.8600000000000001 0.5265
1.4089999999999998 0.5265
1.4089999999999998 0.5445
-0.8600000000000001 0.5445
2.65

FOXA+FOXB+TOX
4
-0.8600000000000001 0.001
1.4089999999999998 0.001
1.4089999999999998 0.2665
-0.8600000000000001 0.2665
4.0

ILD1a
4
-0.8600000000000001 0.2665
1.4089999999999998 0.2665
1.4089999999999998 0.2765
-0.8600000000000001 0.2765
7.0

ILD1b1+ILD1b2+ILD1b3
4
-0.8600000000000001 0.2765
1.4089999999999998 0.2765
1.4089999999999998 0.3955
-0.8600000000000001 0.3955
4.0

IMD1a
4
-0.8600000000000001 0.3955
1.4089999999999998 0.3955
1.4089999999999998 0.4065
-0.8600000000000001 0.4065
5.2

IMD1b
4
-0.8600000000000001 0.4065
1.4089999999999998 0.4065
1.4089999999999998 0.4665
-0.8600000000000001 0.4665
2.8

IMD2a
4
-0.8600000000000001 0.4665
1.4089999999999998 0.4665
1.4089999999999998 0.4875
-0.8600000000000001 0.4875
5.2

IMD2b
4
-0.8600000000000001 0.4875
1.4089999999999998 0.4875
1.4089999999999998 0.5025
-0.8600000000000001 0.5025
4.2

IMD2c
4
-0.8600000000000001 0.5025
1.4089999999999998 0.5025
1.4089999999999998 0.5265
-0.8600000000000001 0.5265
3.28

IMD3a
4
-0.8600000000000001 0.6535
1.4089999999999998 0.6535
1.4089999999999998 0.6745
-0.8600000000000001 0.6745
5.2

IMD3b
4
-0.8600000000000001 0.6745
1.4089999999999998 0.6745
1.4089999999999998 0.6895
-0.8600000000000001 0.6895
4.2

IMD3c
4
-0.8600000000000001 0.6895
1.4089999999999998 0.6895
1.4089999999999998 0.7135
-0.8600000000000001 0.7135
3.28

IMD3d1+IMD3d2
4
-0.8600000000000001 0.7135
1.4089999999999998 0.7135
1.4089999999999998 0.8405
-0.8600000000000001 0.8405
2.65

IMD4a
4
-0.8600000000000001 0.8405
1.4089999999999998 0.8405
1.4089999999999998 0.8615
-0.8600000000000001 0.8615
5.2

IMD4b
4
-0.8600000000000001 0.8615
1.4089999999999998 0.8615
1.4089999999999998 0.8765
-0.8600000000000001 0.8765
4.2

IMD4c
4
-0.8600000000000001 0.8765
1.4089999999999998 0.8765
1.4089999999999998 0.9005
-0.8600000000000001 0.9005
3.28

IMD4d1+IMD4d2
4
-0.8600000000000001 0.9005
1.4089999999999998 0.9005
1.4089999999999998 1.0275
-0.8600000000000001 1.0275
2.65

IMD5a
4
-0.8600000000000001 1.0275
1.4089999999999998 1.0275
1.4089999999999998 1.0485
-0.8600000000000001 1.0485
5.2

IMD5b
4
-0.8600000000000001 1.0485
1.4089999999999998 1.0485
1.4089999999999998 1.0635
-0.8600000000000001 1.0635
4.2

IMD5c
4
-0.8600000000000001 1.0635
1.4089999999999998 1.0635
1.4089999999999998 1.0875
-0.8600000000000001 1.0875
3.28

IMD5d1+IMD5d2
4
-0.8600000000000001 1.0875
1.4089999999999998 1.0875
1.4089999999999998 1.2145
-0.8600000000000001 1.2145
2.65

IMD6a
4
-0.8600000000000001 1.2145
1.4089999999999998 1.2145
1.4089999999999998 1.2355
-0.8600000000000001 1.2355
5.2

IMD6b
4
-0.8600000000000001 1.2355
1.4089999999999998 1.2355
1.4089999999999998 1.2505
-0.8600000000000001 1.2505
4.2

IMD6c
4
-0.8600000000000001 1.2505
1.4089999999999998 1.2505
1.4089999999999998 1.2745
-0.8600000000000001 1.2745
3.28

IMD6d1+IMD6d2
4
-0.8600000000000001 1.2745
1.4089999999999998 1.2745
1.4089999999999998 1.4015
-0.8600000000000001 1.4015
2.65

IMD7a
4
-0.8600000000000001 1.4015
1.4089999999999998 1.4015
1.4089999999999998 1.4765
-0.8600000000000001 1.4765
5.2

IMD7b1+IMD7b2
4
-0.8600000000000001 1.4765
1.4089999999999998 1.4765
1.4089999999999998 2.9765
-0.8600000000000001 2.9765
4.2

IMD8a
4
-0.8600000000000001 2.9765
1.4089999999999998 2.9765
1.4089999999999998 3.0515
-0.8600000000000001 3.0515
5.2

IMD8b1+IMD8b2
4
-0.8600000000000001 3.0515
1.4089999999999998 3.0515
1.4089999999999998 4.5515
-0.8600000000000001 4.5515
4.2

PASS1
4
-0.8600000000000001 4.5515
1.4089999999999998 4.5515
1.4089999999999998 4.6265
-0.8600000000000001 4.6265
7.0

PASS2
4
-0.8600000000000001 4.6265
1.4089999999999998 4.6265
1.4089999999999998 5.0265
-0.8600000000000001 5.0265
4.2

PASS3
4
-0.8600000000000001 5.0265
1.4089999999999998 5.0265
1.4089999999999998 5.1015
-0.8600000000000001 5.1015
7.0

PASS4+PASS5
4
-0.8600000000000001 5.1015
1.4089999999999998 5.1015
1.4089999999999998 6.0515
-0.8600000000000001 6.0515
4.2

PASS6
4
-0.8600000000000001 6.0515
1.4089999999999998 6.0515
1.4089999999999998 6.6515
-0.8600000000000001 6.6515
7.0

air_Layer
4
-0.8600000000000001 6.6515
1.4089999999999998 6.6515
1.4089999999999998 6.9485
-0.8600000000000001 6.9485
1.0


4
-0.8600000000000001 0.001
1.4089999999999998 0.001
1.4089999999999998 6.9485
-0.8600000000000001 6.9485

