c1
4
-0.28342000000000006 0.37050000000000005
0.28341999999999984 0.37050000000000005
0.29257999999999984 0.4665
-0.29258000000000006 0.4665

5
botleft
4
-1.76 -0.001
0 -0.001
0 0.001
-1.76 0.001

botright
4
0 -0.001
3.209 -0.001
3.209 0.001
0 0.001

lEnv
4
-1.25542 0.37050000000000005
-0.6885800000000001 0.37050000000000005
-0.6794200000000001 0.4665
-1.26458 0.4665

c2
4
0.6255799999999997 0.37050000000000005
1.4624199999999998 0.37050000000000005
1.4715799999999999 0.4665
0.6164199999999997 0.4665

rEnv
4
1.8675799999999998 0.37050000000000005
2.70442 0.37050000000000005
2.71358 0.4665
1.8584199999999997 0.4665


48
IMD1b
4
-1.76 0.40650000000000003
-1.258855 0.40650000000000003
-1.26458 0.4665
-1.76 0.4665
2.8

IMD1b
4
-0.6851450000000001 0.40650000000000003
-0.2868550000000001 0.40650000000000003
-0.29258000000000006 0.4665
-0.6794200000000001 0.4665
2.8

IMD1b
4
0.28685499999999986 0.40650000000000003
0.6221449999999997 0.40650000000000003
0.6164199999999997 0.4665
0.29257999999999984 0.4665
2.8

IMD1b
4
1.465855 0.40650000000000003
1.8641449999999997 0.40650000000000003
1.8584199999999997 0.4665
1.4715799999999999 0.4665
2.8

IMD1b
4
2.707855 0.40650000000000003
3.209 0.40650000000000003
3.209 0.4665
2.71358 0.4665
2.8

IMD1a
4
-1.76 0.3955
-1.2578054166666668 0.3955
-1.258855 0.40650000000000003
-1.76 0.40650000000000003
5.2

IMD1a
4
-0.6861945833333335 0.3955
-0.28580541666666676 0.3955
-0.2868550000000001 0.40650000000000003
-0.6851450000000001 0.40650000000000003
5.2

IMD1a
4
0.28580541666666653 0.3955
0.6231945833333331 0.3955
0.6221449999999997 0.40650000000000003
0.28685499999999986 0.40650000000000003
5.2

IMD1a
4
1.4648054166666666 0.3955
1.865194583333333 0.3955
1.8641449999999997 0.40650000000000003
1.465855 0.40650000000000003
5.2

IMD1a
4
2.7068054166666666 0.3955
3.209 0.3955
3.209 0.40650000000000003
2.707855 0.40650000000000003
5.2

ILD1b3
4
-1.76 0.37050000000000005
-1.25542 0.37050000000000005
-1.2578054166666668 0.3955
-1.76 0.3955
4

ILD1b3
4
-0.6885800000000001 0.37050000000000005
-0.28342000000000006 0.37050000000000005
-0.28580541666666676 0.3955
-0.6861945833333335 0.3955
4

ILD1b3
4
0.28341999999999984 0.37050000000000005
0.6255799999999997 0.37050000000000005
0.6231945833333331 0.3955
0.28580541666666653 0.3955
4

ILD1b3
4
1.4624199999999998 0.37050000000000005
1.8675799999999998 0.37050000000000005
1.865194583333333 0.3955
1.4648054166666666 0.3955
4

ILD1b3
4
2.70442 0.37050000000000005
3.209 0.37050000000000005
3.209 0.3955
2.7068054166666666 0.3955
4

ILD1b1+ILD1b2
4
-1.76 0.2765
3.209 0.2765
3.209 0.37050000000000005
-1.76 0.37050000000000005
4

FOXA+FOXB+TOX
4
-1.76 0.001
3.209 0.001
3.209 0.2665
-1.76 0.2665
4.0

ILD1a
4
-1.76 0.2665
3.209 0.2665
3.209 0.2765
-1.76 0.2765
7.0

IMD2a
4
-1.76 0.4665
3.209 0.4665
3.209 0.4875
-1.76 0.4875
5.2

IMD2b
4
-1.76 0.4875
3.209 0.4875
3.209 0.5025
-1.76 0.5025
4.2

IMD2c
4
-1.76 0.5025
3.209 0.5025
3.209 0.5265
-1.76 0.5265
3.28

IMD2d1+IMD2d2
4
-1.76 0.5265
3.209 0.5265
3.209 0.6535
-1.76 0.6535
2.65

IMD3a
4
-1.76 0.6535
3.209 0.6535
3.209 0.6745
-1.76 0.6745
5.2

IMD3b
4
-1.76 0.6745
3.209 0.6745
3.209 0.6895
-1.76 0.6895
4.2

IMD3c
4
-1.76 0.6895
3.209 0.6895
3.209 0.7135
-1.76 0.7135
3.28

IMD3d1+IMD3d2
4
-1.76 0.7135
3.209 0.7135
3.209 0.8405
-1.76 0.8405
2.65

IMD4a
4
-1.76 0.8405
3.209 0.8405
3.209 0.8615
-1.76 0.8615
5.2

IMD4b
4
-1.76 0.8615
3.209 0.8615
3.209 0.8765
-1.76 0.8765
4.2

IMD4c
4
-1.76 0.8765
3.209 0.8765
3.209 0.9005
-1.76 0.9005
3.28

IMD4d1+IMD4d2
4
-1.76 0.9005
3.209 0.9005
3.209 1.0275
-1.76 1.0275
2.65

IMD5a
4
-1.76 1.0275
3.209 1.0275
3.209 1.0485
-1.76 1.0485
5.2

IMD5b
4
-1.76 1.0485
3.209 1.0485
3.209 1.0635
-1.76 1.0635
4.2

IMD5c
4
-1.76 1.0635
3.209 1.0635
3.209 1.0875
-1.76 1.0875
3.28

IMD5d1+IMD5d2
4
-1.76 1.0875
3.209 1.0875
3.209 1.2145
-1.76 1.2145
2.65

IMD6a
4
-1.76 1.2145
3.209 1.2145
3.209 1.2355
-1.76 1.2355
5.2

IMD6b
4
-1.76 1.2355
3.209 1.2355
3.209 1.2505
-1.76 1.2505
4.2

IMD6c
4
-1.76 1.2505
3.209 1.2505
3.209 1.2745
-1.76 1.2745
3.28

IMD6d1+IMD6d2
4
-1.76 1.2745
3.209 1.2745
3.209 1.4015
-1.76 1.4015
2.65

IMD7a
4
-1.76 1.4015
3.209 1.4015
3.209 1.4765
-1.76 1.4765
5.2

IMD7b1+IMD7b2
4
-1.76 1.4765
3.209 1.4765
3.209 2.9765
-1.76 2.9765
4.2

IMD8a
4
-1.76 2.9765
3.209 2.9765
3.209 3.0515
-1.76 3.0515
5.2

IMD8b1+IMD8b2
4
-1.76 3.0515
3.209 3.0515
3.209 4.5515
-1.76 4.5515
4.2

PASS1
4
-1.76 4.5515
3.209 4.5515
3.209 4.6265
-1.76 4.6265
7.0

PASS2
4
-1.76 4.6265
3.209 4.6265
3.209 5.0265
-1.76 5.0265
4.2

PASS3
4
-1.76 5.0265
3.209 5.0265
3.209 5.1015
-1.76 5.1015
7.0

PASS4+PASS5
4
-1.76 5.1015
3.209 5.1015
3.209 6.0515
-1.76 6.0515
4.2

PASS6
4
-1.76 6.0515
3.209 6.0515
3.209 6.6515
-1.76 6.6515
7.0

air_Layer
4
-1.76 6.6515
3.209 6.6515
3.209 6.9485
-1.76 6.9485
1.0


4
-1.76 0.001
3.209 0.001
3.209 6.9485
-1.76 6.9485

