c1
4
-0.4875099999999998 0.7415
0.48751 0.7415
0.49349 0.8405
-0.49348999999999976 0.8405

5
botleft
4
-2.3674999999999997 -0.001
0 -0.001
0 0.001
-2.3674999999999997 0.001

botright
4
0 -0.001
2.5564999999999993 -0.001
2.5564999999999993 0.001
0 0.001

lEnv
4
-1.8645099999999997 0.7415
-0.8894899999999998 0.7415
-0.8835099999999998 0.8405
-1.8704899999999998 0.8405

c2
4
1.23149 0.7415
1.4415099999999996 0.7415
1.4474899999999997 0.8405
1.2255099999999999 0.8405

rEnv
4
1.8434899999999996 0.7415
2.0535099999999993 0.7415
2.0594899999999994 0.8405
1.8375099999999995 0.8405


57
IMD3d1_damage
4
-1.8739239999999997 0.7315
-0.8800759999999999 0.7315
-0.8794719999999998 0.7415
-1.8745279999999998 0.7415
3.1

IMD3d1_damage
4
-0.49692399999999975 0.7315
0.496924 0.7315
0.49752799999999997 0.7415
-0.49752799999999975 0.7415
3.1

IMD3d1_damage
4
1.222076 0.7315
1.4509239999999997 0.7315
1.4515279999999997 0.7415
1.221472 0.7415
3.1

IMD3d1_damage
4
1.8340759999999996 0.7315
2.0629239999999993 0.7315
2.0635279999999994 0.7415
1.8334719999999995 0.7415
3.1

IMD3d2_damage
4
-1.8695189999999997 0.7415
-1.8645099999999997 0.7415
-1.8704899999999998 0.8405
-1.8754989999999998 0.8405
2.9

IMD3d2_damage
4
-0.8894899999999998 0.7415
-0.8844809999999997 0.7415
-0.8785009999999998 0.8405
-0.8835099999999998 0.8405
2.9

IMD3d2_damage
4
-0.49251899999999976 0.7415
-0.4875099999999998 0.7415
-0.49348999999999976 0.8405
-0.49849899999999975 0.8405
2.9

IMD3d2_damage
4
0.48751 0.7415
0.492519 0.7415
0.49849899999999997 0.8405
0.49349 0.8405
2.9

IMD3d2_damage
4
1.226481 0.7415
1.23149 0.7415
1.2255099999999999 0.8405
1.2205009999999998 0.8405
2.9

IMD3d2_damage
4
1.4415099999999996 0.7415
1.4465189999999997 0.7415
1.4524989999999998 0.8405
1.4474899999999997 0.8405
2.9

IMD3d2_damage
4
1.8384809999999996 0.7415
1.8434899999999996 0.7415
1.8375099999999995 0.8405
1.8325009999999995 0.8405
2.9

IMD3d2_damage
4
2.0535099999999993 0.7415
2.058518999999999 0.7415
2.064498999999999 0.8405
2.0594899999999994 0.8405
2.9

IMD3d2
4
-2.3674999999999997 0.7415
-1.8695189999999997 0.7415
-1.8754989999999998 0.8405
-2.3674999999999997 0.8405
2.65

IMD3d2
4
-0.8844809999999997 0.7415
-0.49251899999999976 0.7415
-0.49849899999999975 0.8405
-0.8785009999999998 0.8405
2.65

IMD3d2
4
0.492519 0.7415
1.226481 0.7415
1.2205009999999998 0.8405
0.49849899999999997 0.8405
2.65

IMD3d2
4
1.4465189999999997 0.7415
1.8384809999999996 0.7415
1.8325009999999995 0.8405
1.4524989999999998 0.8405
2.65

IMD3d2
4
2.058518999999999 0.7415
2.5564999999999993 0.7415
2.5564999999999993 0.8405
2.064498999999999 0.8405
2.65

IMD3d1
4
-2.3674999999999997 0.7315
-1.8739239999999997 0.7315
-1.8745279999999998 0.7415
-2.3674999999999997 0.7415
2.65

IMD3d1
4
-0.8800759999999999 0.7315
-0.49692399999999975 0.7315
-0.49752799999999975 0.7415
-0.8794719999999998 0.7415
2.65

IMD3d1
4
0.496924 0.7315
1.222076 0.7315
1.221472 0.7415
0.49752799999999997 0.7415
2.65

IMD3d1
4
1.4509239999999997 0.7315
1.8340759999999996 0.7315
1.8334719999999995 0.7415
1.4515279999999997 0.7415
2.65

IMD3d1
4
2.0629239999999993 0.7315
2.5564999999999993 0.7315
2.5564999999999993 0.7415
2.0635279999999994 0.7415
2.65

IMD3d1
4
-2.3674999999999997 0.7135
2.5564999999999993 0.7135
2.5564999999999993 0.7315
-2.3674999999999997 0.7315
2.65

FOXA+FOXB+TOX
4
-2.3674999999999997 0.001
2.5564999999999993 0.001
2.5564999999999993 0.2665
-2.3674999999999997 0.2665
4.0

ILD1a
4
-2.3674999999999997 0.2665
2.5564999999999993 0.2665
2.5564999999999993 0.2765
-2.3674999999999997 0.2765
7.0

ILD1b1+ILD1b2+ILD1b3
4
-2.3674999999999997 0.2765
2.5564999999999993 0.2765
2.5564999999999993 0.3955
-2.3674999999999997 0.3955
4.0

IMD1a
4
-2.3674999999999997 0.3955
2.5564999999999993 0.3955
2.5564999999999993 0.4065
-2.3674999999999997 0.4065
5.2

IMD1b
4
-2.3674999999999997 0.4065
2.5564999999999993 0.4065
2.5564999999999993 0.4665
-2.3674999999999997 0.4665
2.8

IMD2a
4
-2.3674999999999997 0.4665
2.5564999999999993 0.4665
2.5564999999999993 0.4875
-2.3674999999999997 0.4875
5.2

IMD2b
4
-2.3674999999999997 0.4875
2.5564999999999993 0.4875
2.5564999999999993 0.5025
-2.3674999999999997 0.5025
4.2

IMD2c
4
-2.3674999999999997 0.5025
2.5564999999999993 0.5025
2.5564999999999993 0.5265
-2.3674999999999997 0.5265
3.28

IMD2d1+IMD2d2
4
-2.3674999999999997 0.5265
2.5564999999999993 0.5265
2.5564999999999993 0.6535
-2.3674999999999997 0.6535
2.65

IMD3a
4
-2.3674999999999997 0.6535
2.5564999999999993 0.6535
2.5564999999999993 0.6745
-2.3674999999999997 0.6745
5.2

IMD3b
4
-2.3674999999999997 0.6745
2.5564999999999993 0.6745
2.5564999999999993 0.6895
-2.3674999999999997 0.6895
4.2

IMD3c
4
-2.3674999999999997 0.6895
2.5564999999999993 0.6895
2.5564999999999993 0.7135
-2.3674999999999997 0.7135
3.28

IMD4a
4
-2.3674999999999997 0.8405
2.5564999999999993 0.8405
2.5564999999999993 0.8615
-2.3674999999999997 0.8615
5.2

IMD4b
4
-2.3674999999999997 0.8615
2.5564999999999993 0.8615
2.5564999999999993 0.8765
-2.3674999999999997 0.8765
4.2

IMD4c
4
-2.3674999999999997 0.8765
2.5564999999999993 0.8765
2.5564999999999993 0.9005
-2.3674999999999997 0.9005
3.28

IMD4d1+IMD4d2
4
-2.3674999999999997 0.9005
2.5564999999999993 0.9005
2.5564999999999993 1.0275
-2.3674999999999997 1.0275
2.65

IMD5a
4
-2.3674999999999997 1.0275
2.5564999999999993 1.0275
2.5564999999999993 1.0485
-2.3674999999999997 1.0485
5.2

IMD5b
4
-2.3674999999999997 1.0485
2.5564999999999993 1.0485
2.5564999999999993 1.0635
-2.3674999999999997 1.0635
4.2

IMD5c
4
-2.3674999999999997 1.0635
2.5564999999999993 1.0635
2.5564999999999993 1.0875
-2.3674999999999997 1.0875
3.28

IMD5d1+IMD5d2
4
-2.3674999999999997 1.0875
2.5564999999999993 1.0875
2.5564999999999993 1.2145
-2.3674999999999997 1.2145
2.65

IMD6a
4
-2.3674999999999997 1.2145
2.5564999999999993 1.2145
2.5564999999999993 1.2355
-2.3674999999999997 1.2355
5.2

IMD6b
4
-2.3674999999999997 1.2355
2.5564999999999993 1.2355
2.5564999999999993 1.2505
-2.3674999999999997 1.2505
4.2

IMD6c
4
-2.3674999999999997 1.2505
2.5564999999999993 1.2505
2.5564999999999993 1.2745
-2.3674999999999997 1.2745
3.28

IMD6d1+IMD6d2
4
-2.3674999999999997 1.2745
2.5564999999999993 1.2745
2.5564999999999993 1.4015
-2.3674999999999997 1.4015
2.65

IMD7a
4
-2.3674999999999997 1.4015
2.5564999999999993 1.4015
2.5564999999999993 1.4765
-2.3674999999999997 1.4765
5.2

IMD7b1+IMD7b2
4
-2.3674999999999997 1.4765
2.5564999999999993 1.4765
2.5564999999999993 2.9765
-2.3674999999999997 2.9765
4.2

IMD8a
4
-2.3674999999999997 2.9765
2.5564999999999993 2.9765
2.5564999999999993 3.0515
-2.3674999999999997 3.0515
5.2

IMD8b1+IMD8b2
4
-2.3674999999999997 3.0515
2.5564999999999993 3.0515
2.5564999999999993 4.5515
-2.3674999999999997 4.5515
4.2

PASS1
4
-2.3674999999999997 4.5515
2.5564999999999993 4.5515
2.5564999999999993 4.6265
-2.3674999999999997 4.6265
7.0

PASS2
4
-2.3674999999999997 4.6265
2.5564999999999993 4.6265
2.5564999999999993 5.0265
-2.3674999999999997 5.0265
4.2

PASS3
4
-2.3674999999999997 5.0265
2.5564999999999993 5.0265
2.5564999999999993 5.1015
-2.3674999999999997 5.1015
7.0

PASS4+PASS5
4
-2.3674999999999997 5.1015
2.5564999999999993 5.1015
2.5564999999999993 6.0515
-2.3674999999999997 6.0515
4.2

PASS6
4
-2.3674999999999997 6.0515
2.5564999999999993 6.0515
2.5564999999999993 6.6515
-2.3674999999999997 6.6515
7.0

air_Layer
4
-2.3674999999999997 6.6515
2.5564999999999993 6.6515
2.5564999999999993 6.9485
-2.3674999999999997 6.9485
1.0


4
-2.3674999999999997 0.001
2.5564999999999993 0.001
2.5564999999999993 6.9485
-2.3674999999999997 6.9485

