c1
4
-0.15001 0.9285000000000001
0.15000999999999995 0.9285000000000001
0.15598999999999996 1.0275
-0.15599000000000002 1.0275

5
botleft
4
-1.085 -0.001
0 -0.001
0 0.001
-1.085 0.001

botright
4
0 -0.001
1.589 -0.001
1.589 0.001
0 0.001

lEnv
4
-0.58201 0.9285000000000001
-0.28199 0.9285000000000001
-0.27601000000000003 1.0275
-0.58799 1.0275

c2
4
0.3539899999999999 0.9285000000000001
0.6540099999999999 0.9285000000000001
0.6599899999999999 1.0275
0.34800999999999993 1.0275

rEnv
4
0.7859899999999999 0.9285000000000001
1.0860099999999997 0.9285000000000001
1.0919899999999998 1.0275
0.7800099999999999 1.0275


57
IMD4d1_damage
4
-0.591424 0.9185000000000001
-0.27257600000000004 0.9185000000000001
-0.27197200000000005 0.9285000000000001
-0.592028 0.9285000000000001
3.1

IMD4d1_damage
4
-0.159424 0.9185000000000001
0.15942399999999995 0.9185000000000001
0.16002799999999995 0.9285000000000001
-0.160028 0.9285000000000001
3.1

IMD4d1_damage
4
0.34457599999999994 0.9185000000000001
0.6634239999999998 0.9185000000000001
0.6640279999999998 0.9285000000000001
0.34397199999999994 0.9285000000000001
3.1

IMD4d1_damage
4
0.7765759999999999 0.9185000000000001
1.0954239999999997 0.9185000000000001
1.0960279999999998 0.9285000000000001
0.7759719999999999 0.9285000000000001
3.1

IMD4d2_damage
4
-0.5870190000000001 0.9285000000000001
-0.58201 0.9285000000000001
-0.58799 1.0275
-0.592999 1.0275
2.9

IMD4d2_damage
4
-0.28199 0.9285000000000001
-0.27698100000000003 0.9285000000000001
-0.27100100000000005 1.0275
-0.27601000000000003 1.0275
2.9

IMD4d2_damage
4
-0.15501900000000002 0.9285000000000001
-0.15001 0.9285000000000001
-0.15599000000000002 1.0275
-0.16099900000000003 1.0275
2.9

IMD4d2_damage
4
0.15000999999999995 0.9285000000000001
0.15501899999999996 0.9285000000000001
0.16099899999999998 1.0275
0.15598999999999996 1.0275
2.9

IMD4d2_damage
4
0.34898099999999993 0.9285000000000001
0.3539899999999999 0.9285000000000001
0.34800999999999993 1.0275
0.34300099999999994 1.0275
2.9

IMD4d2_damage
4
0.6540099999999999 0.9285000000000001
0.6590189999999999 0.9285000000000001
0.6649989999999999 1.0275
0.6599899999999999 1.0275
2.9

IMD4d2_damage
4
0.7809809999999998 0.9285000000000001
0.7859899999999999 0.9285000000000001
0.7800099999999999 1.0275
0.7750009999999998 1.0275
2.9

IMD4d2_damage
4
1.0860099999999997 0.9285000000000001
1.0910189999999997 0.9285000000000001
1.0969989999999998 1.0275
1.0919899999999998 1.0275
2.9

IMD4d2
4
-1.085 0.9285000000000001
-0.5870190000000001 0.9285000000000001
-0.592999 1.0275
-1.085 1.0275
2.65

IMD4d2
4
-0.27698100000000003 0.9285000000000001
-0.15501900000000002 0.9285000000000001
-0.16099900000000003 1.0275
-0.27100100000000005 1.0275
2.65

IMD4d2
4
0.15501899999999996 0.9285000000000001
0.34898099999999993 0.9285000000000001
0.34300099999999994 1.0275
0.16099899999999998 1.0275
2.65

IMD4d2
4
0.6590189999999999 0.9285000000000001
0.7809809999999998 0.9285000000000001
0.7750009999999998 1.0275
0.6649989999999999 1.0275
2.65

IMD4d2
4
1.0910189999999997 0.9285000000000001
1.589 0.9285000000000001
1.589 1.0275
1.0969989999999998 1.0275
2.65

IMD4d1
4
-1.085 0.9185000000000001
-0.591424 0.9185000000000001
-0.592028 0.9285000000000001
-1.085 0.9285000000000001
2.65

IMD4d1
4
-0.27257600000000004 0.9185000000000001
-0.159424 0.9185000000000001
-0.160028 0.9285000000000001
-0.27197200000000005 0.9285000000000001
2.65

IMD4d1
4
0.15942399999999995 0.9185000000000001
0.34457599999999994 0.9185000000000001
0.34397199999999994 0.9285000000000001
0.16002799999999995 0.9285000000000001
2.65

IMD4d1
4
0.6634239999999998 0.9185000000000001
0.7765759999999999 0.9185000000000001
0.7759719999999999 0.9285000000000001
0.6640279999999998 0.9285000000000001
2.65

IMD4d1
4
1.0954239999999997 0.9185000000000001
1.589 0.9185000000000001
1.589 0.9285000000000001
1.0960279999999998 0.9285000000000001
2.65

IMD4d1
4
-1.085 0.9005
1.589 0.9005
1.589 0.9185000000000001
-1.085 0.9185000000000001
2.65

FOXA+FOXB+TOX
4
-1.085 0.001
1.589 0.001
1.589 0.2665
-1.085 0.2665
4.0

ILD1a
4
-1.085 0.2665
1.589 0.2665
1.589 0.2765
-1.085 0.2765
7.0

ILD1b1+ILD1b2+ILD1b3
4
-1.085 0.2765
1.589 0.2765
1.589 0.3955
-1.085 0.3955
4.0

IMD1a
4
-1.085 0.3955
1.589 0.3955
1.589 0.4065
-1.085 0.4065
5.2

IMD1b
4
-1.085 0.4065
1.589 0.4065
1.589 0.4665
-1.085 0.4665
2.8

IMD2a
4
-1.085 0.4665
1.589 0.4665
1.589 0.4875
-1.085 0.4875
5.2

IMD2b
4
-1.085 0.4875
1.589 0.4875
1.589 0.5025
-1.085 0.5025
4.2

IMD2c
4
-1.085 0.5025
1.589 0.5025
1.589 0.5265
-1.085 0.5265
3.28

IMD2d1+IMD2d2
4
-1.085 0.5265
1.589 0.5265
1.589 0.6535
-1.085 0.6535
2.65

IMD3a
4
-1.085 0.6535
1.589 0.6535
1.589 0.6745
-1.085 0.6745
5.2

IMD3b
4
-1.085 0.6745
1.589 0.6745
1.589 0.6895
-1.085 0.6895
4.2

IMD3c
4
-1.085 0.6895
1.589 0.6895
1.589 0.7135
-1.085 0.7135
3.28

IMD3d1+IMD3d2
4
-1.085 0.7135
1.589 0.7135
1.589 0.8405
-1.085 0.8405
2.65

IMD4a
4
-1.085 0.8405
1.589 0.8405
1.589 0.8615
-1.085 0.8615
5.2

IMD4b
4
-1.085 0.8615
1.589 0.8615
1.589 0.8765
-1.085 0.8765
4.2

IMD4c
4
-1.085 0.8765
1.589 0.8765
1.589 0.9005
-1.085 0.9005
3.28

IMD5a
4
-1.085 1.0275
1.589 1.0275
1.589 1.0485
-1.085 1.0485
5.2

IMD5b
4
-1.085 1.0485
1.589 1.0485
1.589 1.0635
-1.085 1.0635
4.2

IMD5c
4
-1.085 1.0635
1.589 1.0635
1.589 1.0875
-1.085 1.0875
3.28

IMD5d1+IMD5d2
4
-1.085 1.0875
1.589 1.0875
1.589 1.2145
-1.085 1.2145
2.65

IMD6a
4
-1.085 1.2145
1.589 1.2145
1.589 1.2355
-1.085 1.2355
5.2

IMD6b
4
-1.085 1.2355
1.589 1.2355
1.589 1.2505
-1.085 1.2505
4.2

IMD6c
4
-1.085 1.2505
1.589 1.2505
1.589 1.2745
-1.085 1.2745
3.28

IMD6d1+IMD6d2
4
-1.085 1.2745
1.589 1.2745
1.589 1.4015
-1.085 1.4015
2.65

IMD7a
4
-1.085 1.4015
1.589 1.4015
1.589 1.4765
-1.085 1.4765
5.2

IMD7b1+IMD7b2
4
-1.085 1.4765
1.589 1.4765
1.589 2.9765
-1.085 2.9765
4.2

IMD8a
4
-1.085 2.9765
1.589 2.9765
1.589 3.0515
-1.085 3.0515
5.2

IMD8b1+IMD8b2
4
-1.085 3.0515
1.589 3.0515
1.589 4.5515
-1.085 4.5515
4.2

PASS1
4
-1.085 4.5515
1.589 4.5515
1.589 4.6265
-1.085 4.6265
7.0

PASS2
4
-1.085 4.6265
1.589 4.6265
1.589 5.0265
-1.085 5.0265
4.2

PASS3
4
-1.085 5.0265
1.589 5.0265
1.589 5.1015
-1.085 5.1015
7.0

PASS4+PASS5
4
-1.085 5.1015
1.589 5.1015
1.589 6.0515
-1.085 6.0515
4.2

PASS6
4
-1.085 6.0515
1.589 6.0515
1.589 6.6515
-1.085 6.6515
7.0

air_Layer
4
-1.085 6.6515
1.589 6.6515
1.589 6.9485
-1.085 6.9485
1.0


4
-1.085 0.001
1.589 0.001
1.589 6.9485
-1.085 6.9485

