c1
4
-0.01501000000000001 0.5545
0.01501000000000001 0.5545
0.02099000000000001 0.6535
-0.02099000000000001 0.6535

5
botleft
4
-0.8600000000000001 -0.001
0 -0.001
0 0.001
-0.8600000000000001 0.001

botright
4
0 -0.001
1.1840000000000002 -0.001
1.1840000000000002 0.001
0 0.001

lEnv
4
-0.35701000000000005 0.5545
-0.32699 0.5545
-0.32101 0.6535
-0.36299000000000003 0.6535

c2
4
0.12899000000000002 0.5545
0.24901000000000004 0.5545
0.25499000000000005 0.6535
0.12301000000000001 0.6535

rEnv
4
0.5609900000000001 0.5545
0.6810100000000001 0.5545
0.6869900000000001 0.6535
0.5550100000000001 0.6535


57
IMD2d1_damage
4
-0.366424 0.5445
-0.317576 0.5445
-0.31697200000000003 0.5545
-0.367028 0.5545
3.1

IMD2d1_damage
4
-0.024424000000000008 0.5445
0.024424000000000008 0.5445
0.02502800000000001 0.5545
-0.02502800000000001 0.5545
3.1

IMD2d1_damage
4
0.119576 0.5445
0.25842400000000004 0.5445
0.25902800000000004 0.5545
0.11897200000000001 0.5545
3.1

IMD2d1_damage
4
0.5515760000000002 0.5445
0.690424 0.5445
0.6910280000000001 0.5545
0.5509720000000001 0.5545
3.1

IMD2d2_damage
4
-0.36201900000000004 0.5545
-0.35701000000000005 0.5545
-0.36299000000000003 0.6535
-0.367999 0.6535
2.9

IMD2d2_damage
4
-0.32699 0.5545
-0.321981 0.5545
-0.31600100000000003 0.6535
-0.32101 0.6535
2.9

IMD2d2_damage
4
-0.02001900000000001 0.5545
-0.01501000000000001 0.5545
-0.02099000000000001 0.6535
-0.025999000000000008 0.6535
2.9

IMD2d2_damage
4
0.01501000000000001 0.5545
0.02001900000000001 0.5545
0.025999000000000008 0.6535
0.02099000000000001 0.6535
2.9

IMD2d2_damage
4
0.12398100000000002 0.5545
0.12899000000000002 0.5545
0.12301000000000001 0.6535
0.11800100000000001 0.6535
2.9

IMD2d2_damage
4
0.24901000000000004 0.5545
0.25401900000000005 0.5545
0.25999900000000004 0.6535
0.25499000000000005 0.6535
2.9

IMD2d2_damage
4
0.5559810000000001 0.5545
0.5609900000000001 0.5545
0.5550100000000001 0.6535
0.5500010000000001 0.6535
2.9

IMD2d2_damage
4
0.6810100000000001 0.5545
0.6860190000000002 0.5545
0.6919990000000001 0.6535
0.6869900000000001 0.6535
2.9

IMD2d2
4
-0.8600000000000001 0.5545
-0.36201900000000004 0.5545
-0.367999 0.6535
-0.8600000000000001 0.6535
2.65

IMD2d2
4
-0.321981 0.5545
-0.02001900000000001 0.5545
-0.025999000000000008 0.6535
-0.31600100000000003 0.6535
2.65

IMD2d2
4
0.02001900000000001 0.5545
0.12398100000000002 0.5545
0.11800100000000001 0.6535
0.025999000000000008 0.6535
2.65

IMD2d2
4
0.25401900000000005 0.5545
0.5559810000000001 0.5545
0.5500010000000001 0.6535
0.25999900000000004 0.6535
2.65

IMD2d2
4
0.6860190000000002 0.5545
1.1840000000000002 0.5545
1.1840000000000002 0.6535
0.6919990000000001 0.6535
2.65

IMD2d1
4
-0.8600000000000001 0.5445
-0.366424 0.5445
-0.367028 0.5545
-0.8600000000000001 0.5545
2.65

IMD2d1
4
-0.317576 0.5445
-0.024424000000000008 0.5445
-0.02502800000000001 0.5545
-0.31697200000000003 0.5545
2.65

IMD2d1
4
0.024424000000000008 0.5445
0.119576 0.5445
0.11897200000000001 0.5545
0.02502800000000001 0.5545
2.65

IMD2d1
4
0.25842400000000004 0.5445
0.5515760000000002 0.5445
0.5509720000000001 0.5545
0.25902800000000004 0.5545
2.65

IMD2d1
4
0.690424 0.5445
1.1840000000000002 0.5445
1.1840000000000002 0.5545
0.6910280000000001 0.5545
2.65

IMD2d1
4
-0.8600000000000001 0.5265
1.1840000000000002 0.5265
1.1840000000000002 0.5445
-0.8600000000000001 0.5445
2.65

FOXA+FOXB+TOX
4
-0.8600000000000001 0.001
1.1840000000000002 0.001
1.1840000000000002 0.2665
-0.8600000000000001 0.2665
4.0

ILD1a
4
-0.8600000000000001 0.2665
1.1840000000000002 0.2665
1.1840000000000002 0.2765
-0.8600000000000001 0.2765
7.0

ILD1b1+ILD1b2+ILD1b3
4
-0.8600000000000001 0.2765
1.1840000000000002 0.2765
1.1840000000000002 0.3955
-0.8600000000000001 0.3955
4.0

IMD1a
4
-0.8600000000000001 0.3955
1.1840000000000002 0.3955
1.1840000000000002 0.4065
-0.8600000000000001 0.4065
5.2

IMD1b
4
-0.8600000000000001 0.4065
1.1840000000000002 0.4065
1.1840000000000002 0.4665
-0.8600000000000001 0.4665
2.8

IMD2a
4
-0.8600000000000001 0.4665
1.1840000000000002 0.4665
1.1840000000000002 0.4875
-0.8600000000000001 0.4875
5.2

IMD2b
4
-0.8600000000000001 0.4875
1.1840000000000002 0.4875
1.1840000000000002 0.5025
-0.8600000000000001 0.5025
4.2

IMD2c
4
-0.8600000000000001 0.5025
1.1840000000000002 0.5025
1.1840000000000002 0.5265
-0.8600000000000001 0.5265
3.28

IMD3a
4
-0.8600000000000001 0.6535
1.1840000000000002 0.6535
1.1840000000000002 0.6745
-0.8600000000000001 0.6745
5.2

IMD3b
4
-0.8600000000000001 0.6745
1.1840000000000002 0.6745
1.1840000000000002 0.6895
-0.8600000000000001 0.6895
4.2

IMD3c
4
-0.8600000000000001 0.6895
1.1840000000000002 0.6895
1.1840000000000002 0.7135
-0.8600000000000001 0.7135
3.28

IMD3d1+IMD3d2
4
-0.8600000000000001 0.7135
1.1840000000000002 0.7135
1.1840000000000002 0.8405
-0.8600000000000001 0.8405
2.65

IMD4a
4
-0.8600000000000001 0.8405
1.1840000000000002 0.8405
1.1840000000000002 0.8615
-0.8600000000000001 0.8615
5.2

IMD4b
4
-0.8600000000000001 0.8615
1.1840000000000002 0.8615
1.1840000000000002 0.8765
-0.8600000000000001 0.8765
4.2

IMD4c
4
-0.8600000000000001 0.8765
1.1840000000000002 0.8765
1.1840000000000002 0.9005
-0.8600000000000001 0.9005
3.28

IMD4d1+IMD4d2
4
-0.8600000000000001 0.9005
1.1840000000000002 0.9005
1.1840000000000002 1.0275
-0.8600000000000001 1.0275
2.65

IMD5a
4
-0.8600000000000001 1.0275
1.1840000000000002 1.0275
1.1840000000000002 1.0485
-0.8600000000000001 1.0485
5.2

IMD5b
4
-0.8600000000000001 1.0485
1.1840000000000002 1.0485
1.1840000000000002 1.0635
-0.8600000000000001 1.0635
4.2

IMD5c
4
-0.8600000000000001 1.0635
1.1840000000000002 1.0635
1.1840000000000002 1.0875
-0.8600000000000001 1.0875
3.28

IMD5d1+IMD5d2
4
-0.8600000000000001 1.0875
1.1840000000000002 1.0875
1.1840000000000002 1.2145
-0.8600000000000001 1.2145
2.65

IMD6a
4
-0.8600000000000001 1.2145
1.1840000000000002 1.2145
1.1840000000000002 1.2355
-0.8600000000000001 1.2355
5.2

IMD6b
4
-0.8600000000000001 1.2355
1.1840000000000002 1.2355
1.1840000000000002 1.2505
-0.8600000000000001 1.2505
4.2

IMD6c
4
-0.8600000000000001 1.2505
1.1840000000000002 1.2505
1.1840000000000002 1.2745
-0.8600000000000001 1.2745
3.28

IMD6d1+IMD6d2
4
-0.8600000000000001 1.2745
1.1840000000000002 1.2745
1.1840000000000002 1.4015
-0.8600000000000001 1.4015
2.65

IMD7a
4
-0.8600000000000001 1.4015
1.1840000000000002 1.4015
1.1840000000000002 1.4765
-0.8600000000000001 1.4765
5.2

IMD7b1+IMD7b2
4
-0.8600000000000001 1.4765
1.1840000000000002 1.4765
1.1840000000000002 2.9765
-0.8600000000000001 2.9765
4.2

IMD8a
4
-0.8600000000000001 2.9765
1.1840000000000002 2.9765
1.1840000000000002 3.0515
-0.8600000000000001 3.0515
5.2

IMD8b1+IMD8b2
4
-0.8600000000000001 3.0515
1.1840000000000002 3.0515
1.1840000000000002 4.5515
-0.8600000000000001 4.5515
4.2

PASS1
4
-0.8600000000000001 4.5515
1.1840000000000002 4.5515
1.1840000000000002 4.6265
-0.8600000000000001 4.6265
7.0

PASS2
4
-0.8600000000000001 4.6265
1.1840000000000002 4.6265
1.1840000000000002 5.0265
-0.8600000000000001 5.0265
4.2

PASS3
4
-0.8600000000000001 5.0265
1.1840000000000002 5.0265
1.1840000000000002 5.1015
-0.8600000000000001 5.1015
7.0

PASS4+PASS5
4
-0.8600000000000001 5.1015
1.1840000000000002 5.1015
1.1840000000000002 6.0515
-0.8600000000000001 6.0515
4.2

PASS6
4
-0.8600000000000001 6.0515
1.1840000000000002 6.0515
1.1840000000000002 6.6515
-0.8600000000000001 6.6515
7.0

air_Layer
4
-0.8600000000000001 6.6515
1.1840000000000002 6.6515
1.1840000000000002 6.9485
-0.8600000000000001 6.9485
1.0


4
-0.8600000000000001 0.001
1.1840000000000002 0.001
1.1840000000000002 6.9485
-0.8600000000000001 6.9485

