c1
4
-0.060009999999999994 0.5545
0.060009999999999994 0.5545
0.06599 0.6535
-0.06599 0.6535

5
botleft
4
-0.9950000000000001 -0.001
0 -0.001
0 0.001
-0.9950000000000001 0.001

botright
4
0 -0.001
1.6789999999999994 -0.001
1.6789999999999994 0.001
0 0.001

lEnv
4
-0.49201000000000006 0.5545
-0.37199000000000004 0.5545
-0.36601000000000006 0.6535
-0.49799000000000004 0.6535

c2
4
0.8039899999999998 0.5545
0.8340099999999997 0.5545
0.8399899999999997 0.6535
0.7980099999999998 0.6535

rEnv
4
1.1459899999999998 0.5545
1.1760099999999993 0.5545
1.1819899999999994 0.6535
1.1400099999999997 0.6535


57
IMD2d1_damage
4
-0.501424 0.5445
-0.36257600000000006 0.5445
-0.36197200000000007 0.5545
-0.502028 0.5545
3.1

IMD2d1_damage
4
-0.069424 0.5445
0.069424 0.5445
0.07002799999999999 0.5545
-0.07002799999999999 0.5545
3.1

IMD2d1_damage
4
0.7945759999999998 0.5445
0.8434239999999996 0.5445
0.8440279999999997 0.5545
0.7939719999999998 0.5545
3.1

IMD2d1_damage
4
1.1365759999999998 0.5445
1.1854239999999994 0.5445
1.1860279999999994 0.5545
1.1359719999999998 0.5545
3.1

IMD2d2_damage
4
-0.49701900000000004 0.5545
-0.49201000000000006 0.5545
-0.49799000000000004 0.6535
-0.5029990000000001 0.6535
2.9

IMD2d2_damage
4
-0.37199000000000004 0.5545
-0.36698100000000006 0.5545
-0.36100100000000007 0.6535
-0.36601000000000006 0.6535
2.9

IMD2d2_damage
4
-0.065019 0.5545
-0.060009999999999994 0.5545
-0.06599 0.6535
-0.07099899999999999 0.6535
2.9

IMD2d2_damage
4
0.060009999999999994 0.5545
0.065019 0.5545
0.07099899999999999 0.6535
0.06599 0.6535
2.9

IMD2d2_damage
4
0.7989809999999997 0.5545
0.8039899999999998 0.5545
0.7980099999999998 0.6535
0.7930009999999997 0.6535
2.9

IMD2d2_damage
4
0.8340099999999997 0.5545
0.8390189999999997 0.5545
0.8449989999999997 0.6535
0.8399899999999997 0.6535
2.9

IMD2d2_damage
4
1.1409809999999998 0.5545
1.1459899999999998 0.5545
1.1400099999999997 0.6535
1.1350009999999997 0.6535
2.9

IMD2d2_damage
4
1.1760099999999993 0.5545
1.1810189999999994 0.5545
1.1869989999999995 0.6535
1.1819899999999994 0.6535
2.9

IMD2d2
4
-0.9950000000000001 0.5545
-0.49701900000000004 0.5545
-0.5029990000000001 0.6535
-0.9950000000000001 0.6535
2.65

IMD2d2
4
-0.36698100000000006 0.5545
-0.065019 0.5545
-0.07099899999999999 0.6535
-0.36100100000000007 0.6535
2.65

IMD2d2
4
0.065019 0.5545
0.7989809999999997 0.5545
0.7930009999999997 0.6535
0.07099899999999999 0.6535
2.65

IMD2d2
4
0.8390189999999997 0.5545
1.1409809999999998 0.5545
1.1350009999999997 0.6535
0.8449989999999997 0.6535
2.65

IMD2d2
4
1.1810189999999994 0.5545
1.6789999999999994 0.5545
1.6789999999999994 0.6535
1.1869989999999995 0.6535
2.65

IMD2d1
4
-0.9950000000000001 0.5445
-0.501424 0.5445
-0.502028 0.5545
-0.9950000000000001 0.5545
2.65

IMD2d1
4
-0.36257600000000006 0.5445
-0.069424 0.5445
-0.07002799999999999 0.5545
-0.36197200000000007 0.5545
2.65

IMD2d1
4
0.069424 0.5445
0.7945759999999998 0.5445
0.7939719999999998 0.5545
0.07002799999999999 0.5545
2.65

IMD2d1
4
0.8434239999999996 0.5445
1.1365759999999998 0.5445
1.1359719999999998 0.5545
0.8440279999999997 0.5545
2.65

IMD2d1
4
1.1854239999999994 0.5445
1.6789999999999994 0.5445
1.6789999999999994 0.5545
1.1860279999999994 0.5545
2.65

IMD2d1
4
-0.9950000000000001 0.5265
1.6789999999999994 0.5265
1.6789999999999994 0.5445
-0.9950000000000001 0.5445
2.65

FOXA+FOXB+TOX
4
-0.9950000000000001 0.001
1.6789999999999994 0.001
1.6789999999999994 0.2665
-0.9950000000000001 0.2665
4.0

ILD1a
4
-0.9950000000000001 0.2665
1.6789999999999994 0.2665
1.6789999999999994 0.2765
-0.9950000000000001 0.2765
7.0

ILD1b1+ILD1b2+ILD1b3
4
-0.9950000000000001 0.2765
1.6789999999999994 0.2765
1.6789999999999994 0.3955
-0.9950000000000001 0.3955
4.0

IMD1a
4
-0.9950000000000001 0.3955
1.6789999999999994 0.3955
1.6789999999999994 0.4065
-0.9950000000000001 0.4065
5.2

IMD1b
4
-0.9950000000000001 0.4065
1.6789999999999994 0.4065
1.6789999999999994 0.4665
-0.9950000000000001 0.4665
2.8

IMD2a
4
-0.9950000000000001 0.4665
1.6789999999999994 0.4665
1.6789999999999994 0.4875
-0.9950000000000001 0.4875
5.2

IMD2b
4
-0.9950000000000001 0.4875
1.6789999999999994 0.4875
1.6789999999999994 0.5025
-0.9950000000000001 0.5025
4.2

IMD2c
4
-0.9950000000000001 0.5025
1.6789999999999994 0.5025
1.6789999999999994 0.5265
-0.9950000000000001 0.5265
3.28

IMD3a
4
-0.9950000000000001 0.6535
1.6789999999999994 0.6535
1.6789999999999994 0.6745
-0.9950000000000001 0.6745
5.2

IMD3b
4
-0.9950000000000001 0.6745
1.6789999999999994 0.6745
1.6789999999999994 0.6895
-0.9950000000000001 0.6895
4.2

IMD3c
4
-0.9950000000000001 0.6895
1.6789999999999994 0.6895
1.6789999999999994 0.7135
-0.9950000000000001 0.7135
3.28

IMD3d1+IMD3d2
4
-0.9950000000000001 0.7135
1.6789999999999994 0.7135
1.6789999999999994 0.8405
-0.9950000000000001 0.8405
2.65

IMD4a
4
-0.9950000000000001 0.8405
1.6789999999999994 0.8405
1.6789999999999994 0.8615
-0.9950000000000001 0.8615
5.2

IMD4b
4
-0.9950000000000001 0.8615
1.6789999999999994 0.8615
1.6789999999999994 0.8765
-0.9950000000000001 0.8765
4.2

IMD4c
4
-0.9950000000000001 0.8765
1.6789999999999994 0.8765
1.6789999999999994 0.9005
-0.9950000000000001 0.9005
3.28

IMD4d1+IMD4d2
4
-0.9950000000000001 0.9005
1.6789999999999994 0.9005
1.6789999999999994 1.0275
-0.9950000000000001 1.0275
2.65

IMD5a
4
-0.9950000000000001 1.0275
1.6789999999999994 1.0275
1.6789999999999994 1.0485
-0.9950000000000001 1.0485
5.2

IMD5b
4
-0.9950000000000001 1.0485
1.6789999999999994 1.0485
1.6789999999999994 1.0635
-0.9950000000000001 1.0635
4.2

IMD5c
4
-0.9950000000000001 1.0635
1.6789999999999994 1.0635
1.6789999999999994 1.0875
-0.9950000000000001 1.0875
3.28

IMD5d1+IMD5d2
4
-0.9950000000000001 1.0875
1.6789999999999994 1.0875
1.6789999999999994 1.2145
-0.9950000000000001 1.2145
2.65

IMD6a
4
-0.9950000000000001 1.2145
1.6789999999999994 1.2145
1.6789999999999994 1.2355
-0.9950000000000001 1.2355
5.2

IMD6b
4
-0.9950000000000001 1.2355
1.6789999999999994 1.2355
1.6789999999999994 1.2505
-0.9950000000000001 1.2505
4.2

IMD6c
4
-0.9950000000000001 1.2505
1.6789999999999994 1.2505
1.6789999999999994 1.2745
-0.9950000000000001 1.2745
3.28

IMD6d1+IMD6d2
4
-0.9950000000000001 1.2745
1.6789999999999994 1.2745
1.6789999999999994 1.4015
-0.9950000000000001 1.4015
2.65

IMD7a
4
-0.9950000000000001 1.4015
1.6789999999999994 1.4015
1.6789999999999994 1.4765
-0.9950000000000001 1.4765
5.2

IMD7b1+IMD7b2
4
-0.9950000000000001 1.4765
1.6789999999999994 1.4765
1.6789999999999994 2.9765
-0.9950000000000001 2.9765
4.2

IMD8a
4
-0.9950000000000001 2.9765
1.6789999999999994 2.9765
1.6789999999999994 3.0515
-0.9950000000000001 3.0515
5.2

IMD8b1+IMD8b2
4
-0.9950000000000001 3.0515
1.6789999999999994 3.0515
1.6789999999999994 4.5515
-0.9950000000000001 4.5515
4.2

PASS1
4
-0.9950000000000001 4.5515
1.6789999999999994 4.5515
1.6789999999999994 4.6265
-0.9950000000000001 4.6265
7.0

PASS2
4
-0.9950000000000001 4.6265
1.6789999999999994 4.6265
1.6789999999999994 5.0265
-0.9950000000000001 5.0265
4.2

PASS3
4
-0.9950000000000001 5.0265
1.6789999999999994 5.0265
1.6789999999999994 5.1015
-0.9950000000000001 5.1015
7.0

PASS4+PASS5
4
-0.9950000000000001 5.1015
1.6789999999999994 5.1015
1.6789999999999994 6.0515
-0.9950000000000001 6.0515
4.2

PASS6
4
-0.9950000000000001 6.0515
1.6789999999999994 6.0515
1.6789999999999994 6.6515
-0.9950000000000001 6.6515
7.0

air_Layer
4
-0.9950000000000001 6.6515
1.6789999999999994 6.6515
1.6789999999999994 6.9485
-0.9950000000000001 6.9485
1.0


4
-0.9950000000000001 0.001
1.6789999999999994 0.001
1.6789999999999994 6.9485
-0.9950000000000001 6.9485

