c1
4
-0.015009999999999996 1.3025
0.01501000000000001 1.3025
0.02099000000000001 1.4015
-0.020989999999999995 1.4015

5
botleft
4
-0.59 -0.001
0 -0.001
0 0.001
-0.59 0.001

botright
4
0 -0.001
1.544 -0.001
1.544 0.001
0 0.001

lEnv
4
-0.08700999999999999 1.3025
-0.05698999999999999 1.3025
-0.05100999999999999 1.4015
-0.09298999999999999 1.4015

c2
4
0.5789899999999999 1.3025
0.78901 1.3025
0.79499 1.4015
0.5730099999999999 1.4015

rEnv
4
0.83099 1.3025
1.04101 1.3025
1.04699 1.4015
0.82501 1.4015


57
IMD6d1_damage
4
-0.096424 1.2925
-0.04757599999999999 1.2925
-0.04697199999999999 1.3025
-0.09702799999999999 1.3025
3.1

IMD6d1_damage
4
-0.024423999999999994 1.2925
0.024424000000000008 1.2925
0.02502800000000001 1.3025
-0.025027999999999995 1.3025
3.1

IMD6d1_damage
4
0.569576 1.2925
0.7984239999999999 1.2925
0.799028 1.3025
0.5689719999999999 1.3025
3.1

IMD6d1_damage
4
0.8215760000000001 1.2925
1.050424 1.2925
1.051028 1.3025
0.820972 1.3025
3.1

IMD6d2_damage
4
-0.09201899999999999 1.3025
-0.08700999999999999 1.3025
-0.09298999999999999 1.4015
-0.09799899999999999 1.4015
2.9

IMD6d2_damage
4
-0.05698999999999999 1.3025
-0.05198099999999999 1.3025
-0.04600099999999999 1.4015
-0.05100999999999999 1.4015
2.9

IMD6d2_damage
4
-0.020018999999999995 1.3025
-0.015009999999999996 1.3025
-0.020989999999999995 1.4015
-0.025998999999999994 1.4015
2.9

IMD6d2_damage
4
0.01501000000000001 1.3025
0.02001900000000001 1.3025
0.025999000000000008 1.4015
0.02099000000000001 1.4015
2.9

IMD6d2_damage
4
0.5739809999999999 1.3025
0.5789899999999999 1.3025
0.5730099999999999 1.4015
0.5680009999999999 1.4015
2.9

IMD6d2_damage
4
0.78901 1.3025
0.794019 1.3025
0.799999 1.4015
0.79499 1.4015
2.9

IMD6d2_damage
4
0.825981 1.3025
0.83099 1.3025
0.82501 1.4015
0.820001 1.4015
2.9

IMD6d2_damage
4
1.04101 1.3025
1.046019 1.3025
1.0519990000000001 1.4015
1.04699 1.4015
2.9

IMD6d2
4
-0.59 1.3025
-0.09201899999999999 1.3025
-0.09799899999999999 1.4015
-0.59 1.4015
2.65

IMD6d2
4
-0.05198099999999999 1.3025
-0.020018999999999995 1.3025
-0.025998999999999994 1.4015
-0.04600099999999999 1.4015
2.65

IMD6d2
4
0.02001900000000001 1.3025
0.5739809999999999 1.3025
0.5680009999999999 1.4015
0.025999000000000008 1.4015
2.65

IMD6d2
4
0.794019 1.3025
0.825981 1.3025
0.820001 1.4015
0.799999 1.4015
2.65

IMD6d2
4
1.046019 1.3025
1.544 1.3025
1.544 1.4015
1.0519990000000001 1.4015
2.65

IMD6d1
4
-0.59 1.2925
-0.096424 1.2925
-0.09702799999999999 1.3025
-0.59 1.3025
2.65

IMD6d1
4
-0.04757599999999999 1.2925
-0.024423999999999994 1.2925
-0.025027999999999995 1.3025
-0.04697199999999999 1.3025
2.65

IMD6d1
4
0.024424000000000008 1.2925
0.569576 1.2925
0.5689719999999999 1.3025
0.02502800000000001 1.3025
2.65

IMD6d1
4
0.7984239999999999 1.2925
0.8215760000000001 1.2925
0.820972 1.3025
0.799028 1.3025
2.65

IMD6d1
4
1.050424 1.2925
1.544 1.2925
1.544 1.3025
1.051028 1.3025
2.65

IMD6d1
4
-0.59 1.2745
1.544 1.2745
1.544 1.2925
-0.59 1.2925
2.65

FOXA+FOXB+TOX
4
-0.59 0.001
1.544 0.001
1.544 0.2665
-0.59 0.2665
4.0

ILD1a
4
-0.59 0.2665
1.544 0.2665
1.544 0.2765
-0.59 0.2765
7.0

ILD1b1+ILD1b2+ILD1b3
4
-0.59 0.2765
1.544 0.2765
1.544 0.3955
-0.59 0.3955
4.0

IMD1a
4
-0.59 0.3955
1.544 0.3955
1.544 0.4065
-0.59 0.4065
5.2

IMD1b
4
-0.59 0.4065
1.544 0.4065
1.544 0.4665
-0.59 0.4665
2.8

IMD2a
4
-0.59 0.4665
1.544 0.4665
1.544 0.4875
-0.59 0.4875
5.2

IMD2b
4
-0.59 0.4875
1.544 0.4875
1.544 0.5025
-0.59 0.5025
4.2

IMD2c
4
-0.59 0.5025
1.544 0.5025
1.544 0.5265
-0.59 0.5265
3.28

IMD2d1+IMD2d2
4
-0.59 0.5265
1.544 0.5265
1.544 0.6535
-0.59 0.6535
2.65

IMD3a
4
-0.59 0.6535
1.544 0.6535
1.544 0.6745
-0.59 0.6745
5.2

IMD3b
4
-0.59 0.6745
1.544 0.6745
1.544 0.6895
-0.59 0.6895
4.2

IMD3c
4
-0.59 0.6895
1.544 0.6895
1.544 0.7135
-0.59 0.7135
3.28

IMD3d1+IMD3d2
4
-0.59 0.7135
1.544 0.7135
1.544 0.8405
-0.59 0.8405
2.65

IMD4a
4
-0.59 0.8405
1.544 0.8405
1.544 0.8615
-0.59 0.8615
5.2

IMD4b
4
-0.59 0.8615
1.544 0.8615
1.544 0.8765
-0.59 0.8765
4.2

IMD4c
4
-0.59 0.8765
1.544 0.8765
1.544 0.9005
-0.59 0.9005
3.28

IMD4d1+IMD4d2
4
-0.59 0.9005
1.544 0.9005
1.544 1.0275
-0.59 1.0275
2.65

IMD5a
4
-0.59 1.0275
1.544 1.0275
1.544 1.0485
-0.59 1.0485
5.2

IMD5b
4
-0.59 1.0485
1.544 1.0485
1.544 1.0635
-0.59 1.0635
4.2

IMD5c
4
-0.59 1.0635
1.544 1.0635
1.544 1.0875
-0.59 1.0875
3.28

IMD5d1+IMD5d2
4
-0.59 1.0875
1.544 1.0875
1.544 1.2145
-0.59 1.2145
2.65

IMD6a
4
-0.59 1.2145
1.544 1.2145
1.544 1.2355
-0.59 1.2355
5.2

IMD6b
4
-0.59 1.2355
1.544 1.2355
1.544 1.2505
-0.59 1.2505
4.2

IMD6c
4
-0.59 1.2505
1.544 1.2505
1.544 1.2745
-0.59 1.2745
3.28

IMD7a
4
-0.59 1.4015
1.544 1.4015
1.544 1.4765
-0.59 1.4765
5.2

IMD7b1+IMD7b2
4
-0.59 1.4765
1.544 1.4765
1.544 2.9765
-0.59 2.9765
4.2

IMD8a
4
-0.59 2.9765
1.544 2.9765
1.544 3.0515
-0.59 3.0515
5.2

IMD8b1+IMD8b2
4
-0.59 3.0515
1.544 3.0515
1.544 4.5515
-0.59 4.5515
4.2

PASS1
4
-0.59 4.5515
1.544 4.5515
1.544 4.6265
-0.59 4.6265
7.0

PASS2
4
-0.59 4.6265
1.544 4.6265
1.544 5.0265
-0.59 5.0265
4.2

PASS3
4
-0.59 5.0265
1.544 5.0265
1.544 5.1015
-0.59 5.1015
7.0

PASS4+PASS5
4
-0.59 5.1015
1.544 5.1015
1.544 6.0515
-0.59 6.0515
4.2

PASS6
4
-0.59 6.0515
1.544 6.0515
1.544 6.6515
-0.59 6.6515
7.0

air_Layer
4
-0.59 6.6515
1.544 6.6515
1.544 6.9485
-0.59 6.9485
1.0


4
-0.59 0.001
1.544 0.001
1.544 6.9485
-0.59 6.9485

