c1
4
-0.10500999999999998 0.9285000000000001
0.10501000000000003 0.9285000000000001
0.11099000000000003 1.0275
-0.11098999999999998 1.0275

5
botleft
4
-0.95 -0.001
0 -0.001
0 0.001
-0.95 0.001

botright
4
0 -0.001
3.2089999999999996 -0.001
3.2089999999999996 0.001
0 0.001

lEnv
4
-0.44701 0.9285000000000001
-0.23699 0.9285000000000001
-0.23101 1.0275
-0.45299 1.0275

c2
4
0.6239900000000002 0.9285000000000001
1.59901 0.9285000000000001
1.6049900000000001 1.0275
0.6180100000000002 1.0275

rEnv
4
1.73099 0.9285000000000001
2.70601 0.9285000000000001
2.71199 1.0275
1.72501 1.0275


57
IMD4d1_damage
4
-0.456424 0.9185000000000001
-0.227576 0.9185000000000001
-0.226972 0.9285000000000001
-0.457028 0.9285000000000001
3.1

IMD4d1_damage
4
-0.11442399999999998 0.9185000000000001
0.11442400000000004 0.9185000000000001
0.11502800000000003 0.9285000000000001
-0.11502799999999998 0.9285000000000001
3.1

IMD4d1_damage
4
0.6145760000000002 0.9185000000000001
1.608424 0.9185000000000001
1.6090280000000001 0.9285000000000001
0.6139720000000002 0.9285000000000001
3.1

IMD4d1_damage
4
1.721576 0.9185000000000001
2.715424 0.9185000000000001
2.716028 0.9285000000000001
1.720972 0.9285000000000001
3.1

IMD4d2_damage
4
-0.452019 0.9285000000000001
-0.44701 0.9285000000000001
-0.45299 1.0275
-0.457999 1.0275
2.9

IMD4d2_damage
4
-0.23699 0.9285000000000001
-0.231981 0.9285000000000001
-0.22600099999999998 1.0275
-0.23101 1.0275
2.9

IMD4d2_damage
4
-0.11001899999999998 0.9285000000000001
-0.10500999999999998 0.9285000000000001
-0.11098999999999998 1.0275
-0.11599899999999998 1.0275
2.9

IMD4d2_damage
4
0.10501000000000003 0.9285000000000001
0.11001900000000003 0.9285000000000001
0.11599900000000003 1.0275
0.11099000000000003 1.0275
2.9

IMD4d2_damage
4
0.6189810000000001 0.9285000000000001
0.6239900000000002 0.9285000000000001
0.6180100000000002 1.0275
0.6130010000000001 1.0275
2.9

IMD4d2_damage
4
1.59901 0.9285000000000001
1.604019 0.9285000000000001
1.6099990000000002 1.0275
1.6049900000000001 1.0275
2.9

IMD4d2_damage
4
1.725981 0.9285000000000001
1.73099 0.9285000000000001
1.72501 1.0275
1.720001 1.0275
2.9

IMD4d2_damage
4
2.70601 0.9285000000000001
2.711019 0.9285000000000001
2.716999 1.0275
2.71199 1.0275
2.9

IMD4d2
4
-0.95 0.9285000000000001
-0.452019 0.9285000000000001
-0.457999 1.0275
-0.95 1.0275
2.65

IMD4d2
4
-0.231981 0.9285000000000001
-0.11001899999999998 0.9285000000000001
-0.11599899999999998 1.0275
-0.22600099999999998 1.0275
2.65

IMD4d2
4
0.11001900000000003 0.9285000000000001
0.6189810000000001 0.9285000000000001
0.6130010000000001 1.0275
0.11599900000000003 1.0275
2.65

IMD4d2
4
1.604019 0.9285000000000001
1.725981 0.9285000000000001
1.720001 1.0275
1.6099990000000002 1.0275
2.65

IMD4d2
4
2.711019 0.9285000000000001
3.2089999999999996 0.9285000000000001
3.2089999999999996 1.0275
2.716999 1.0275
2.65

IMD4d1
4
-0.95 0.9185000000000001
-0.456424 0.9185000000000001
-0.457028 0.9285000000000001
-0.95 0.9285000000000001
2.65

IMD4d1
4
-0.227576 0.9185000000000001
-0.11442399999999998 0.9185000000000001
-0.11502799999999998 0.9285000000000001
-0.226972 0.9285000000000001
2.65

IMD4d1
4
0.11442400000000004 0.9185000000000001
0.6145760000000002 0.9185000000000001
0.6139720000000002 0.9285000000000001
0.11502800000000003 0.9285000000000001
2.65

IMD4d1
4
1.608424 0.9185000000000001
1.721576 0.9185000000000001
1.720972 0.9285000000000001
1.6090280000000001 0.9285000000000001
2.65

IMD4d1
4
2.715424 0.9185000000000001
3.2089999999999996 0.9185000000000001
3.2089999999999996 0.9285000000000001
2.716028 0.9285000000000001
2.65

IMD4d1
4
-0.95 0.9005
3.2089999999999996 0.9005
3.2089999999999996 0.9185000000000001
-0.95 0.9185000000000001
2.65

FOXA+FOXB+TOX
4
-0.95 0.001
3.2089999999999996 0.001
3.2089999999999996 0.2665
-0.95 0.2665
4.0

ILD1a
4
-0.95 0.2665
3.2089999999999996 0.2665
3.2089999999999996 0.2765
-0.95 0.2765
7.0

ILD1b1+ILD1b2+ILD1b3
4
-0.95 0.2765
3.2089999999999996 0.2765
3.2089999999999996 0.3955
-0.95 0.3955
4.0

IMD1a
4
-0.95 0.3955
3.2089999999999996 0.3955
3.2089999999999996 0.4065
-0.95 0.4065
5.2

IMD1b
4
-0.95 0.4065
3.2089999999999996 0.4065
3.2089999999999996 0.4665
-0.95 0.4665
2.8

IMD2a
4
-0.95 0.4665
3.2089999999999996 0.4665
3.2089999999999996 0.4875
-0.95 0.4875
5.2

IMD2b
4
-0.95 0.4875
3.2089999999999996 0.4875
3.2089999999999996 0.5025
-0.95 0.5025
4.2

IMD2c
4
-0.95 0.5025
3.2089999999999996 0.5025
3.2089999999999996 0.5265
-0.95 0.5265
3.28

IMD2d1+IMD2d2
4
-0.95 0.5265
3.2089999999999996 0.5265
3.2089999999999996 0.6535
-0.95 0.6535
2.65

IMD3a
4
-0.95 0.6535
3.2089999999999996 0.6535
3.2089999999999996 0.6745
-0.95 0.6745
5.2

IMD3b
4
-0.95 0.6745
3.2089999999999996 0.6745
3.2089999999999996 0.6895
-0.95 0.6895
4.2

IMD3c
4
-0.95 0.6895
3.2089999999999996 0.6895
3.2089999999999996 0.7135
-0.95 0.7135
3.28

IMD3d1+IMD3d2
4
-0.95 0.7135
3.2089999999999996 0.7135
3.2089999999999996 0.8405
-0.95 0.8405
2.65

IMD4a
4
-0.95 0.8405
3.2089999999999996 0.8405
3.2089999999999996 0.8615
-0.95 0.8615
5.2

IMD4b
4
-0.95 0.8615
3.2089999999999996 0.8615
3.2089999999999996 0.8765
-0.95 0.8765
4.2

IMD4c
4
-0.95 0.8765
3.2089999999999996 0.8765
3.2089999999999996 0.9005
-0.95 0.9005
3.28

IMD5a
4
-0.95 1.0275
3.2089999999999996 1.0275
3.2089999999999996 1.0485
-0.95 1.0485
5.2

IMD5b
4
-0.95 1.0485
3.2089999999999996 1.0485
3.2089999999999996 1.0635
-0.95 1.0635
4.2

IMD5c
4
-0.95 1.0635
3.2089999999999996 1.0635
3.2089999999999996 1.0875
-0.95 1.0875
3.28

IMD5d1+IMD5d2
4
-0.95 1.0875
3.2089999999999996 1.0875
3.2089999999999996 1.2145
-0.95 1.2145
2.65

IMD6a
4
-0.95 1.2145
3.2089999999999996 1.2145
3.2089999999999996 1.2355
-0.95 1.2355
5.2

IMD6b
4
-0.95 1.2355
3.2089999999999996 1.2355
3.2089999999999996 1.2505
-0.95 1.2505
4.2

IMD6c
4
-0.95 1.2505
3.2089999999999996 1.2505
3.2089999999999996 1.2745
-0.95 1.2745
3.28

IMD6d1+IMD6d2
4
-0.95 1.2745
3.2089999999999996 1.2745
3.2089999999999996 1.4015
-0.95 1.4015
2.65

IMD7a
4
-0.95 1.4015
3.2089999999999996 1.4015
3.2089999999999996 1.4765
-0.95 1.4765
5.2

IMD7b1+IMD7b2
4
-0.95 1.4765
3.2089999999999996 1.4765
3.2089999999999996 2.9765
-0.95 2.9765
4.2

IMD8a
4
-0.95 2.9765
3.2089999999999996 2.9765
3.2089999999999996 3.0515
-0.95 3.0515
5.2

IMD8b1+IMD8b2
4
-0.95 3.0515
3.2089999999999996 3.0515
3.2089999999999996 4.5515
-0.95 4.5515
4.2

PASS1
4
-0.95 4.5515
3.2089999999999996 4.5515
3.2089999999999996 4.6265
-0.95 4.6265
7.0

PASS2
4
-0.95 4.6265
3.2089999999999996 4.6265
3.2089999999999996 5.0265
-0.95 5.0265
4.2

PASS3
4
-0.95 5.0265
3.2089999999999996 5.0265
3.2089999999999996 5.1015
-0.95 5.1015
7.0

PASS4+PASS5
4
-0.95 5.1015
3.2089999999999996 5.1015
3.2089999999999996 6.0515
-0.95 6.0515
4.2

PASS6
4
-0.95 6.0515
3.2089999999999996 6.0515
3.2089999999999996 6.6515
-0.95 6.6515
7.0

air_Layer
4
-0.95 6.6515
3.2089999999999996 6.6515
3.2089999999999996 6.9485
-0.95 6.9485
1.0


4
-0.95 0.001
3.2089999999999996 0.001
3.2089999999999996 6.9485
-0.95 6.9485

