c1
4
-0.14842 0.37050000000000005
0.14842 0.37050000000000005
0.15758 0.4665
-0.15758 0.4665

5
botleft
4
-0.995 -0.001
0 -0.001
0 0.001
-0.995 0.001

botright
4
0 -0.001
0.9139999999999999 -0.001
0.9139999999999999 0.001
0 0.001

lEnv
4
-0.49041999999999997 0.37050000000000005
-0.19357999999999997 0.37050000000000005
-0.18441999999999997 0.4665
-0.49957999999999997 0.4665

c2
4
0.31057999999999997 0.37050000000000005
0.33741999999999994 0.37050000000000005
0.34657999999999994 0.4665
0.30141999999999997 0.4665

rEnv
4
0.3825799999999999 0.37050000000000005
0.4094199999999999 0.37050000000000005
0.4185799999999999 0.4665
0.3734199999999999 0.4665


48
IMD1b
4
-0.995 0.40650000000000003
-0.493855 0.40650000000000003
-0.49957999999999997 0.4665
-0.995 0.4665
2.8

IMD1b
4
-0.19014499999999998 0.40650000000000003
-0.151855 0.40650000000000003
-0.15758 0.4665
-0.18441999999999997 0.4665
2.8

IMD1b
4
0.151855 0.40650000000000003
0.30714499999999995 0.40650000000000003
0.30141999999999997 0.4665
0.15758 0.4665
2.8

IMD1b
4
0.34085499999999996 0.40650000000000003
0.3791449999999999 0.40650000000000003
0.3734199999999999 0.4665
0.34657999999999994 0.4665
2.8

IMD1b
4
0.4128549999999999 0.40650000000000003
0.9139999999999999 0.40650000000000003
0.9139999999999999 0.4665
0.4185799999999999 0.4665
2.8

IMD1a
4
-0.995 0.3955
-0.49280541666666666 0.3955
-0.493855 0.40650000000000003
-0.995 0.40650000000000003
5.2

IMD1a
4
-0.1911945833333333 0.3955
-0.15080541666666666 0.3955
-0.151855 0.40650000000000003
-0.19014499999999998 0.40650000000000003
5.2

IMD1a
4
0.15080541666666666 0.3955
0.30819458333333327 0.3955
0.30714499999999995 0.40650000000000003
0.151855 0.40650000000000003
5.2

IMD1a
4
0.33980541666666664 0.3955
0.3801945833333332 0.3955
0.3791449999999999 0.40650000000000003
0.34085499999999996 0.40650000000000003
5.2

IMD1a
4
0.4118054166666666 0.3955
0.9139999999999999 0.3955
0.9139999999999999 0.40650000000000003
0.4128549999999999 0.40650000000000003
5.2

ILD1b3
4
-0.995 0.37050000000000005
-0.49041999999999997 0.37050000000000005
-0.49280541666666666 0.3955
-0.995 0.3955
4

ILD1b3
4
-0.19357999999999997 0.37050000000000005
-0.14842 0.37050000000000005
-0.15080541666666666 0.3955
-0.1911945833333333 0.3955
4

ILD1b3
4
0.14842 0.37050000000000005
0.31057999999999997 0.37050000000000005
0.30819458333333327 0.3955
0.15080541666666666 0.3955
4

ILD1b3
4
0.33741999999999994 0.37050000000000005
0.3825799999999999 0.37050000000000005
0.3801945833333332 0.3955
0.33980541666666664 0.3955
4

ILD1b3
4
0.4094199999999999 0.37050000000000005
0.9139999999999999 0.37050000000000005
0.9139999999999999 0.3955
0.4118054166666666 0.3955
4

ILD1b1+ILD1b2
4
-0.995 0.2765
0.9139999999999999 0.2765
0.9139999999999999 0.37050000000000005
-0.995 0.37050000000000005
4

FOXA+FOXB+TOX
4
-0.995 0.001
0.9139999999999999 0.001
0.9139999999999999 0.2665
-0.995 0.2665
4.0

ILD1a
4
-0.995 0.2665
0.9139999999999999 0.2665
0.9139999999999999 0.2765
-0.995 0.2765
7.0

IMD2a
4
-0.995 0.4665
0.9139999999999999 0.4665
0.9139999999999999 0.4875
-0.995 0.4875
5.2

IMD2b
4
-0.995 0.4875
0.9139999999999999 0.4875
0.9139999999999999 0.5025
-0.995 0.5025
4.2

IMD2c
4
-0.995 0.5025
0.9139999999999999 0.5025
0.9139999999999999 0.5265
-0.995 0.5265
3.28

IMD2d1+IMD2d2
4
-0.995 0.5265
0.9139999999999999 0.5265
0.9139999999999999 0.6535
-0.995 0.6535
2.65

IMD3a
4
-0.995 0.6535
0.9139999999999999 0.6535
0.9139999999999999 0.6745
-0.995 0.6745
5.2

IMD3b
4
-0.995 0.6745
0.9139999999999999 0.6745
0.9139999999999999 0.6895
-0.995 0.6895
4.2

IMD3c
4
-0.995 0.6895
0.9139999999999999 0.6895
0.9139999999999999 0.7135
-0.995 0.7135
3.28

IMD3d1+IMD3d2
4
-0.995 0.7135
0.9139999999999999 0.7135
0.9139999999999999 0.8405
-0.995 0.8405
2.65

IMD4a
4
-0.995 0.8405
0.9139999999999999 0.8405
0.9139999999999999 0.8615
-0.995 0.8615
5.2

IMD4b
4
-0.995 0.8615
0.9139999999999999 0.8615
0.9139999999999999 0.8765
-0.995 0.8765
4.2

IMD4c
4
-0.995 0.8765
0.9139999999999999 0.8765
0.9139999999999999 0.9005
-0.995 0.9005
3.28

IMD4d1+IMD4d2
4
-0.995 0.9005
0.9139999999999999 0.9005
0.9139999999999999 1.0275
-0.995 1.0275
2.65

IMD5a
4
-0.995 1.0275
0.9139999999999999 1.0275
0.9139999999999999 1.0485
-0.995 1.0485
5.2

IMD5b
4
-0.995 1.0485
0.9139999999999999 1.0485
0.9139999999999999 1.0635
-0.995 1.0635
4.2

IMD5c
4
-0.995 1.0635
0.9139999999999999 1.0635
0.9139999999999999 1.0875
-0.995 1.0875
3.28

IMD5d1+IMD5d2
4
-0.995 1.0875
0.9139999999999999 1.0875
0.9139999999999999 1.2145
-0.995 1.2145
2.65

IMD6a
4
-0.995 1.2145
0.9139999999999999 1.2145
0.9139999999999999 1.2355
-0.995 1.2355
5.2

IMD6b
4
-0.995 1.2355
0.9139999999999999 1.2355
0.9139999999999999 1.2505
-0.995 1.2505
4.2

IMD6c
4
-0.995 1.2505
0.9139999999999999 1.2505
0.9139999999999999 1.2745
-0.995 1.2745
3.28

IMD6d1+IMD6d2
4
-0.995 1.2745
0.9139999999999999 1.2745
0.9139999999999999 1.4015
-0.995 1.4015
2.65

IMD7a
4
-0.995 1.4015
0.9139999999999999 1.4015
0.9139999999999999 1.4765
-0.995 1.4765
5.2

IMD7b1+IMD7b2
4
-0.995 1.4765
0.9139999999999999 1.4765
0.9139999999999999 2.9765
-0.995 2.9765
4.2

IMD8a
4
-0.995 2.9765
0.9139999999999999 2.9765
0.9139999999999999 3.0515
-0.995 3.0515
5.2

IMD8b1+IMD8b2
4
-0.995 3.0515
0.9139999999999999 3.0515
0.9139999999999999 4.5515
-0.995 4.5515
4.2

PASS1
4
-0.995 4.5515
0.9139999999999999 4.5515
0.9139999999999999 4.6265
-0.995 4.6265
7.0

PASS2
4
-0.995 4.6265
0.9139999999999999 4.6265
0.9139999999999999 5.0265
-0.995 5.0265
4.2

PASS3
4
-0.995 5.0265
0.9139999999999999 5.0265
0.9139999999999999 5.1015
-0.995 5.1015
7.0

PASS4+PASS5
4
-0.995 5.1015
0.9139999999999999 5.1015
0.9139999999999999 6.0515
-0.995 6.0515
4.2

PASS6
4
-0.995 6.0515
0.9139999999999999 6.0515
0.9139999999999999 6.6515
-0.995 6.6515
7.0

air_Layer
4
-0.995 6.6515
0.9139999999999999 6.6515
0.9139999999999999 6.9485
-0.995 6.9485
1.0


4
-0.995 0.001
0.9139999999999999 0.001
0.9139999999999999 6.9485
-0.995 6.9485

