c1
4
-0.01501000000000001 0.9285000000000001
0.01501000000000001 0.9285000000000001
0.02099000000000001 1.0275
-0.02099000000000001 1.0275

5
botleft
4
-0.8600000000000001 -0.001
0 -0.001
0 0.001
-0.8600000000000001 0.001

botright
4
0 -0.001
1.544 -0.001
1.544 0.001
0 0.001

lEnv
4
-0.35701000000000005 0.9285000000000001
-0.32699 0.9285000000000001
-0.32101 1.0275
-0.36299000000000003 1.0275

c2
4
0.12899000000000002 0.9285000000000001
0.42901 0.9285000000000001
0.43499 1.0275
0.12301000000000001 1.0275

rEnv
4
0.74099 0.9285000000000001
1.04101 0.9285000000000001
1.04699 1.0275
0.73501 1.0275


57
IMD4d1_damage
4
-0.366424 0.9185000000000001
-0.317576 0.9185000000000001
-0.31697200000000003 0.9285000000000001
-0.367028 0.9285000000000001
3.1

IMD4d1_damage
4
-0.024424000000000008 0.9185000000000001
0.024424000000000008 0.9185000000000001
0.02502800000000001 0.9285000000000001
-0.02502800000000001 0.9285000000000001
3.1

IMD4d1_damage
4
0.119576 0.9185000000000001
0.438424 0.9185000000000001
0.439028 0.9285000000000001
0.11897200000000001 0.9285000000000001
3.1

IMD4d1_damage
4
0.7315760000000001 0.9185000000000001
1.050424 0.9185000000000001
1.051028 0.9285000000000001
0.7309720000000001 0.9285000000000001
3.1

IMD4d2_damage
4
-0.36201900000000004 0.9285000000000001
-0.35701000000000005 0.9285000000000001
-0.36299000000000003 1.0275
-0.367999 1.0275
2.9

IMD4d2_damage
4
-0.32699 0.9285000000000001
-0.321981 0.9285000000000001
-0.31600100000000003 1.0275
-0.32101 1.0275
2.9

IMD4d2_damage
4
-0.02001900000000001 0.9285000000000001
-0.01501000000000001 0.9285000000000001
-0.02099000000000001 1.0275
-0.025999000000000008 1.0275
2.9

IMD4d2_damage
4
0.01501000000000001 0.9285000000000001
0.02001900000000001 0.9285000000000001
0.025999000000000008 1.0275
0.02099000000000001 1.0275
2.9

IMD4d2_damage
4
0.12398100000000002 0.9285000000000001
0.12899000000000002 0.9285000000000001
0.12301000000000001 1.0275
0.11800100000000001 1.0275
2.9

IMD4d2_damage
4
0.42901 0.9285000000000001
0.434019 0.9285000000000001
0.439999 1.0275
0.43499 1.0275
2.9

IMD4d2_damage
4
0.735981 0.9285000000000001
0.74099 0.9285000000000001
0.73501 1.0275
0.730001 1.0275
2.9

IMD4d2_damage
4
1.04101 0.9285000000000001
1.046019 0.9285000000000001
1.0519990000000001 1.0275
1.04699 1.0275
2.9

IMD4d2
4
-0.8600000000000001 0.9285000000000001
-0.36201900000000004 0.9285000000000001
-0.367999 1.0275
-0.8600000000000001 1.0275
2.65

IMD4d2
4
-0.321981 0.9285000000000001
-0.02001900000000001 0.9285000000000001
-0.025999000000000008 1.0275
-0.31600100000000003 1.0275
2.65

IMD4d2
4
0.02001900000000001 0.9285000000000001
0.12398100000000002 0.9285000000000001
0.11800100000000001 1.0275
0.025999000000000008 1.0275
2.65

IMD4d2
4
0.434019 0.9285000000000001
0.735981 0.9285000000000001
0.730001 1.0275
0.439999 1.0275
2.65

IMD4d2
4
1.046019 0.9285000000000001
1.544 0.9285000000000001
1.544 1.0275
1.0519990000000001 1.0275
2.65

IMD4d1
4
-0.8600000000000001 0.9185000000000001
-0.366424 0.9185000000000001
-0.367028 0.9285000000000001
-0.8600000000000001 0.9285000000000001
2.65

IMD4d1
4
-0.317576 0.9185000000000001
-0.024424000000000008 0.9185000000000001
-0.02502800000000001 0.9285000000000001
-0.31697200000000003 0.9285000000000001
2.65

IMD4d1
4
0.024424000000000008 0.9185000000000001
0.119576 0.9185000000000001
0.11897200000000001 0.9285000000000001
0.02502800000000001 0.9285000000000001
2.65

IMD4d1
4
0.438424 0.9185000000000001
0.7315760000000001 0.9185000000000001
0.7309720000000001 0.9285000000000001
0.439028 0.9285000000000001
2.65

IMD4d1
4
1.050424 0.9185000000000001
1.544 0.9185000000000001
1.544 0.9285000000000001
1.051028 0.9285000000000001
2.65

IMD4d1
4
-0.8600000000000001 0.9005
1.544 0.9005
1.544 0.9185000000000001
-0.8600000000000001 0.9185000000000001
2.65

FOXA+FOXB+TOX
4
-0.8600000000000001 0.001
1.544 0.001
1.544 0.2665
-0.8600000000000001 0.2665
4.0

ILD1a
4
-0.8600000000000001 0.2665
1.544 0.2665
1.544 0.2765
-0.8600000000000001 0.2765
7.0

ILD1b1+ILD1b2+ILD1b3
4
-0.8600000000000001 0.2765
1.544 0.2765
1.544 0.3955
-0.8600000000000001 0.3955
4.0

IMD1a
4
-0.8600000000000001 0.3955
1.544 0.3955
1.544 0.4065
-0.8600000000000001 0.4065
5.2

IMD1b
4
-0.8600000000000001 0.4065
1.544 0.4065
1.544 0.4665
-0.8600000000000001 0.4665
2.8

IMD2a
4
-0.8600000000000001 0.4665
1.544 0.4665
1.544 0.4875
-0.8600000000000001 0.4875
5.2

IMD2b
4
-0.8600000000000001 0.4875
1.544 0.4875
1.544 0.5025
-0.8600000000000001 0.5025
4.2

IMD2c
4
-0.8600000000000001 0.5025
1.544 0.5025
1.544 0.5265
-0.8600000000000001 0.5265
3.28

IMD2d1+IMD2d2
4
-0.8600000000000001 0.5265
1.544 0.5265
1.544 0.6535
-0.8600000000000001 0.6535
2.65

IMD3a
4
-0.8600000000000001 0.6535
1.544 0.6535
1.544 0.6745
-0.8600000000000001 0.6745
5.2

IMD3b
4
-0.8600000000000001 0.6745
1.544 0.6745
1.544 0.6895
-0.8600000000000001 0.6895
4.2

IMD3c
4
-0.8600000000000001 0.6895
1.544 0.6895
1.544 0.7135
-0.8600000000000001 0.7135
3.28

IMD3d1+IMD3d2
4
-0.8600000000000001 0.7135
1.544 0.7135
1.544 0.8405
-0.8600000000000001 0.8405
2.65

IMD4a
4
-0.8600000000000001 0.8405
1.544 0.8405
1.544 0.8615
-0.8600000000000001 0.8615
5.2

IMD4b
4
-0.8600000000000001 0.8615
1.544 0.8615
1.544 0.8765
-0.8600000000000001 0.8765
4.2

IMD4c
4
-0.8600000000000001 0.8765
1.544 0.8765
1.544 0.9005
-0.8600000000000001 0.9005
3.28

IMD5a
4
-0.8600000000000001 1.0275
1.544 1.0275
1.544 1.0485
-0.8600000000000001 1.0485
5.2

IMD5b
4
-0.8600000000000001 1.0485
1.544 1.0485
1.544 1.0635
-0.8600000000000001 1.0635
4.2

IMD5c
4
-0.8600000000000001 1.0635
1.544 1.0635
1.544 1.0875
-0.8600000000000001 1.0875
3.28

IMD5d1+IMD5d2
4
-0.8600000000000001 1.0875
1.544 1.0875
1.544 1.2145
-0.8600000000000001 1.2145
2.65

IMD6a
4
-0.8600000000000001 1.2145
1.544 1.2145
1.544 1.2355
-0.8600000000000001 1.2355
5.2

IMD6b
4
-0.8600000000000001 1.2355
1.544 1.2355
1.544 1.2505
-0.8600000000000001 1.2505
4.2

IMD6c
4
-0.8600000000000001 1.2505
1.544 1.2505
1.544 1.2745
-0.8600000000000001 1.2745
3.28

IMD6d1+IMD6d2
4
-0.8600000000000001 1.2745
1.544 1.2745
1.544 1.4015
-0.8600000000000001 1.4015
2.65

IMD7a
4
-0.8600000000000001 1.4015
1.544 1.4015
1.544 1.4765
-0.8600000000000001 1.4765
5.2

IMD7b1+IMD7b2
4
-0.8600000000000001 1.4765
1.544 1.4765
1.544 2.9765
-0.8600000000000001 2.9765
4.2

IMD8a
4
-0.8600000000000001 2.9765
1.544 2.9765
1.544 3.0515
-0.8600000000000001 3.0515
5.2

IMD8b1+IMD8b2
4
-0.8600000000000001 3.0515
1.544 3.0515
1.544 4.5515
-0.8600000000000001 4.5515
4.2

PASS1
4
-0.8600000000000001 4.5515
1.544 4.5515
1.544 4.6265
-0.8600000000000001 4.6265
7.0

PASS2
4
-0.8600000000000001 4.6265
1.544 4.6265
1.544 5.0265
-0.8600000000000001 5.0265
4.2

PASS3
4
-0.8600000000000001 5.0265
1.544 5.0265
1.544 5.1015
-0.8600000000000001 5.1015
7.0

PASS4+PASS5
4
-0.8600000000000001 5.1015
1.544 5.1015
1.544 6.0515
-0.8600000000000001 6.0515
4.2

PASS6
4
-0.8600000000000001 6.0515
1.544 6.0515
1.544 6.6515
-0.8600000000000001 6.6515
7.0

air_Layer
4
-0.8600000000000001 6.6515
1.544 6.6515
1.544 6.9485
-0.8600000000000001 6.9485
1.0


4
-0.8600000000000001 0.001
1.544 0.001
1.544 6.9485
-0.8600000000000001 6.9485

