c1
4
-0.14841999999999994 0.37050000000000005
0.14842000000000005 0.37050000000000005
0.15758000000000005 0.4665
-0.15757999999999994 0.4665

5
botleft
4
-1.265 -0.001
0 -0.001
0 0.001
-1.265 0.001

botright
4
0 -0.001
2.309 -0.001
2.309 0.001
0 0.001

lEnv
4
-0.76042 0.37050000000000005
-0.46357999999999994 0.37050000000000005
-0.45441999999999994 0.4665
-0.7695799999999999 0.4665

c2
4
0.6255799999999999 0.37050000000000005
1.05742 0.37050000000000005
1.06658 0.4665
0.61642 0.4665

rEnv
4
1.3725800000000001 0.37050000000000005
1.80442 0.37050000000000005
1.81358 0.4665
1.36342 0.4665


48
IMD1b
4
-1.265 0.40650000000000003
-0.763855 0.40650000000000003
-0.7695799999999999 0.4665
-1.265 0.4665
2.8

IMD1b
4
-0.4601449999999999 0.40650000000000003
-0.15185499999999993 0.40650000000000003
-0.15757999999999994 0.4665
-0.45441999999999994 0.4665
2.8

IMD1b
4
0.15185500000000005 0.40650000000000003
0.622145 0.40650000000000003
0.61642 0.4665
0.15758000000000005 0.4665
2.8

IMD1b
4
1.060855 0.40650000000000003
1.369145 0.40650000000000003
1.36342 0.4665
1.06658 0.4665
2.8

IMD1b
4
1.807855 0.40650000000000003
2.309 0.40650000000000003
2.309 0.4665
1.81358 0.4665
2.8

IMD1a
4
-1.265 0.3955
-0.7628054166666666 0.3955
-0.763855 0.40650000000000003
-1.265 0.40650000000000003
5.2

IMD1a
4
-0.46119458333333324 0.3955
-0.1508054166666666 0.3955
-0.15185499999999993 0.40650000000000003
-0.4601449999999999 0.40650000000000003
5.2

IMD1a
4
0.15080541666666672 0.3955
0.6231945833333333 0.3955
0.622145 0.40650000000000003
0.15185500000000005 0.40650000000000003
5.2

IMD1a
4
1.0598054166666668 0.3955
1.3701945833333333 0.3955
1.369145 0.40650000000000003
1.060855 0.40650000000000003
5.2

IMD1a
4
1.8068054166666667 0.3955
2.309 0.3955
2.309 0.40650000000000003
1.807855 0.40650000000000003
5.2

ILD1b3
4
-1.265 0.37050000000000005
-0.76042 0.37050000000000005
-0.7628054166666666 0.3955
-1.265 0.3955
4

ILD1b3
4
-0.46357999999999994 0.37050000000000005
-0.14841999999999994 0.37050000000000005
-0.1508054166666666 0.3955
-0.46119458333333324 0.3955
4

ILD1b3
4
0.14842000000000005 0.37050000000000005
0.6255799999999999 0.37050000000000005
0.6231945833333333 0.3955
0.15080541666666672 0.3955
4

ILD1b3
4
1.05742 0.37050000000000005
1.3725800000000001 0.37050000000000005
1.3701945833333333 0.3955
1.0598054166666668 0.3955
4

ILD1b3
4
1.80442 0.37050000000000005
2.309 0.37050000000000005
2.309 0.3955
1.8068054166666667 0.3955
4

ILD1b1+ILD1b2
4
-1.265 0.2765
2.309 0.2765
2.309 0.37050000000000005
-1.265 0.37050000000000005
4

FOXA+FOXB+TOX
4
-1.265 0.001
2.309 0.001
2.309 0.2665
-1.265 0.2665
4.0

ILD1a
4
-1.265 0.2665
2.309 0.2665
2.309 0.2765
-1.265 0.2765
7.0

IMD2a
4
-1.265 0.4665
2.309 0.4665
2.309 0.4875
-1.265 0.4875
5.2

IMD2b
4
-1.265 0.4875
2.309 0.4875
2.309 0.5025
-1.265 0.5025
4.2

IMD2c
4
-1.265 0.5025
2.309 0.5025
2.309 0.5265
-1.265 0.5265
3.28

IMD2d1+IMD2d2
4
-1.265 0.5265
2.309 0.5265
2.309 0.6535
-1.265 0.6535
2.65

IMD3a
4
-1.265 0.6535
2.309 0.6535
2.309 0.6745
-1.265 0.6745
5.2

IMD3b
4
-1.265 0.6745
2.309 0.6745
2.309 0.6895
-1.265 0.6895
4.2

IMD3c
4
-1.265 0.6895
2.309 0.6895
2.309 0.7135
-1.265 0.7135
3.28

IMD3d1+IMD3d2
4
-1.265 0.7135
2.309 0.7135
2.309 0.8405
-1.265 0.8405
2.65

IMD4a
4
-1.265 0.8405
2.309 0.8405
2.309 0.8615
-1.265 0.8615
5.2

IMD4b
4
-1.265 0.8615
2.309 0.8615
2.309 0.8765
-1.265 0.8765
4.2

IMD4c
4
-1.265 0.8765
2.309 0.8765
2.309 0.9005
-1.265 0.9005
3.28

IMD4d1+IMD4d2
4
-1.265 0.9005
2.309 0.9005
2.309 1.0275
-1.265 1.0275
2.65

IMD5a
4
-1.265 1.0275
2.309 1.0275
2.309 1.0485
-1.265 1.0485
5.2

IMD5b
4
-1.265 1.0485
2.309 1.0485
2.309 1.0635
-1.265 1.0635
4.2

IMD5c
4
-1.265 1.0635
2.309 1.0635
2.309 1.0875
-1.265 1.0875
3.28

IMD5d1+IMD5d2
4
-1.265 1.0875
2.309 1.0875
2.309 1.2145
-1.265 1.2145
2.65

IMD6a
4
-1.265 1.2145
2.309 1.2145
2.309 1.2355
-1.265 1.2355
5.2

IMD6b
4
-1.265 1.2355
2.309 1.2355
2.309 1.2505
-1.265 1.2505
4.2

IMD6c
4
-1.265 1.2505
2.309 1.2505
2.309 1.2745
-1.265 1.2745
3.28

IMD6d1+IMD6d2
4
-1.265 1.2745
2.309 1.2745
2.309 1.4015
-1.265 1.4015
2.65

IMD7a
4
-1.265 1.4015
2.309 1.4015
2.309 1.4765
-1.265 1.4765
5.2

IMD7b1+IMD7b2
4
-1.265 1.4765
2.309 1.4765
2.309 2.9765
-1.265 2.9765
4.2

IMD8a
4
-1.265 2.9765
2.309 2.9765
2.309 3.0515
-1.265 3.0515
5.2

IMD8b1+IMD8b2
4
-1.265 3.0515
2.309 3.0515
2.309 4.5515
-1.265 4.5515
4.2

PASS1
4
-1.265 4.5515
2.309 4.5515
2.309 4.6265
-1.265 4.6265
7.0

PASS2
4
-1.265 4.6265
2.309 4.6265
2.309 5.0265
-1.265 5.0265
4.2

PASS3
4
-1.265 5.0265
2.309 5.0265
2.309 5.1015
-1.265 5.1015
7.0

PASS4+PASS5
4
-1.265 5.1015
2.309 5.1015
2.309 6.0515
-1.265 6.0515
4.2

PASS6
4
-1.265 6.0515
2.309 6.0515
2.309 6.6515
-1.265 6.6515
7.0

air_Layer
4
-1.265 6.6515
2.309 6.6515
2.309 6.9485
-1.265 6.9485
1.0


4
-1.265 0.001
2.309 0.001
2.309 6.9485
-1.265 6.9485

