c1
4
-0.2850100000000001 1.3025
0.2850099999999999 1.3025
0.29098999999999986 1.4015
-0.2909900000000001 1.4015

5
botleft
4
-1.67 -0.001
0 -0.001
0 0.001
-1.67 0.001

botright
4
0 -0.001
3.0740000000000003 -0.001
3.0740000000000003 0.001
0 0.001

lEnv
4
-1.1670099999999999 1.3025
-0.59699 1.3025
-0.59101 1.4015
-1.17299 1.4015

c2
4
0.84899 1.3025
1.55401 1.3025
1.55999 1.4015
0.84301 1.4015

rEnv
4
1.86599 1.3025
2.57101 1.3025
2.57699 1.4015
1.86001 1.4015


57
IMD6d1_damage
4
-1.176424 1.2925
-0.5875760000000001 1.2925
-0.586972 1.3025
-1.177028 1.3025
3.1

IMD6d1_damage
4
-0.2944240000000001 1.2925
0.29442399999999985 1.2925
0.29502799999999985 1.3025
-0.29502800000000007 1.3025
3.1

IMD6d1_damage
4
0.8395760000000001 1.2925
1.563424 1.2925
1.564028 1.3025
0.838972 1.3025
3.1

IMD6d1_damage
4
1.856576 1.2925
2.580424 1.2925
2.581028 1.3025
1.855972 1.3025
3.1

IMD6d2_damage
4
-1.172019 1.3025
-1.1670099999999999 1.3025
-1.17299 1.4015
-1.177999 1.4015
2.9

IMD6d2_damage
4
-0.59699 1.3025
-0.591981 1.3025
-0.586001 1.4015
-0.59101 1.4015
2.9

IMD6d2_damage
4
-0.2900190000000001 1.3025
-0.2850100000000001 1.3025
-0.2909900000000001 1.4015
-0.29599900000000007 1.4015
2.9

IMD6d2_damage
4
0.2850099999999999 1.3025
0.29001899999999986 1.3025
0.29599899999999985 1.4015
0.29098999999999986 1.4015
2.9

IMD6d2_damage
4
0.843981 1.3025
0.84899 1.3025
0.84301 1.4015
0.838001 1.4015
2.9

IMD6d2_damage
4
1.55401 1.3025
1.559019 1.3025
1.564999 1.4015
1.55999 1.4015
2.9

IMD6d2_damage
4
1.860981 1.3025
1.86599 1.3025
1.86001 1.4015
1.855001 1.4015
2.9

IMD6d2_damage
4
2.57101 1.3025
2.5760189999999996 1.3025
2.5819989999999997 1.4015
2.57699 1.4015
2.9

IMD6d2
4
-1.67 1.3025
-1.172019 1.3025
-1.177999 1.4015
-1.67 1.4015
2.65

IMD6d2
4
-0.591981 1.3025
-0.2900190000000001 1.3025
-0.29599900000000007 1.4015
-0.586001 1.4015
2.65

IMD6d2
4
0.29001899999999986 1.3025
0.843981 1.3025
0.838001 1.4015
0.29599899999999985 1.4015
2.65

IMD6d2
4
1.559019 1.3025
1.860981 1.3025
1.855001 1.4015
1.564999 1.4015
2.65

IMD6d2
4
2.5760189999999996 1.3025
3.0740000000000003 1.3025
3.0740000000000003 1.4015
2.5819989999999997 1.4015
2.65

IMD6d1
4
-1.67 1.2925
-1.176424 1.2925
-1.177028 1.3025
-1.67 1.3025
2.65

IMD6d1
4
-0.5875760000000001 1.2925
-0.2944240000000001 1.2925
-0.29502800000000007 1.3025
-0.586972 1.3025
2.65

IMD6d1
4
0.29442399999999985 1.2925
0.8395760000000001 1.2925
0.838972 1.3025
0.29502799999999985 1.3025
2.65

IMD6d1
4
1.563424 1.2925
1.856576 1.2925
1.855972 1.3025
1.564028 1.3025
2.65

IMD6d1
4
2.580424 1.2925
3.0740000000000003 1.2925
3.0740000000000003 1.3025
2.581028 1.3025
2.65

IMD6d1
4
-1.67 1.2745
3.0740000000000003 1.2745
3.0740000000000003 1.2925
-1.67 1.2925
2.65

FOXA+FOXB+TOX
4
-1.67 0.001
3.0740000000000003 0.001
3.0740000000000003 0.2665
-1.67 0.2665
4.0

ILD1a
4
-1.67 0.2665
3.0740000000000003 0.2665
3.0740000000000003 0.2765
-1.67 0.2765
7.0

ILD1b1+ILD1b2+ILD1b3
4
-1.67 0.2765
3.0740000000000003 0.2765
3.0740000000000003 0.3955
-1.67 0.3955
4.0

IMD1a
4
-1.67 0.3955
3.0740000000000003 0.3955
3.0740000000000003 0.4065
-1.67 0.4065
5.2

IMD1b
4
-1.67 0.4065
3.0740000000000003 0.4065
3.0740000000000003 0.4665
-1.67 0.4665
2.8

IMD2a
4
-1.67 0.4665
3.0740000000000003 0.4665
3.0740000000000003 0.4875
-1.67 0.4875
5.2

IMD2b
4
-1.67 0.4875
3.0740000000000003 0.4875
3.0740000000000003 0.5025
-1.67 0.5025
4.2

IMD2c
4
-1.67 0.5025
3.0740000000000003 0.5025
3.0740000000000003 0.5265
-1.67 0.5265
3.28

IMD2d1+IMD2d2
4
-1.67 0.5265
3.0740000000000003 0.5265
3.0740000000000003 0.6535
-1.67 0.6535
2.65

IMD3a
4
-1.67 0.6535
3.0740000000000003 0.6535
3.0740000000000003 0.6745
-1.67 0.6745
5.2

IMD3b
4
-1.67 0.6745
3.0740000000000003 0.6745
3.0740000000000003 0.6895
-1.67 0.6895
4.2

IMD3c
4
-1.67 0.6895
3.0740000000000003 0.6895
3.0740000000000003 0.7135
-1.67 0.7135
3.28

IMD3d1+IMD3d2
4
-1.67 0.7135
3.0740000000000003 0.7135
3.0740000000000003 0.8405
-1.67 0.8405
2.65

IMD4a
4
-1.67 0.8405
3.0740000000000003 0.8405
3.0740000000000003 0.8615
-1.67 0.8615
5.2

IMD4b
4
-1.67 0.8615
3.0740000000000003 0.8615
3.0740000000000003 0.8765
-1.67 0.8765
4.2

IMD4c
4
-1.67 0.8765
3.0740000000000003 0.8765
3.0740000000000003 0.9005
-1.67 0.9005
3.28

IMD4d1+IMD4d2
4
-1.67 0.9005
3.0740000000000003 0.9005
3.0740000000000003 1.0275
-1.67 1.0275
2.65

IMD5a
4
-1.67 1.0275
3.0740000000000003 1.0275
3.0740000000000003 1.0485
-1.67 1.0485
5.2

IMD5b
4
-1.67 1.0485
3.0740000000000003 1.0485
3.0740000000000003 1.0635
-1.67 1.0635
4.2

IMD5c
4
-1.67 1.0635
3.0740000000000003 1.0635
3.0740000000000003 1.0875
-1.67 1.0875
3.28

IMD5d1+IMD5d2
4
-1.67 1.0875
3.0740000000000003 1.0875
3.0740000000000003 1.2145
-1.67 1.2145
2.65

IMD6a
4
-1.67 1.2145
3.0740000000000003 1.2145
3.0740000000000003 1.2355
-1.67 1.2355
5.2

IMD6b
4
-1.67 1.2355
3.0740000000000003 1.2355
3.0740000000000003 1.2505
-1.67 1.2505
4.2

IMD6c
4
-1.67 1.2505
3.0740000000000003 1.2505
3.0740000000000003 1.2745
-1.67 1.2745
3.28

IMD7a
4
-1.67 1.4015
3.0740000000000003 1.4015
3.0740000000000003 1.4765
-1.67 1.4765
5.2

IMD7b1+IMD7b2
4
-1.67 1.4765
3.0740000000000003 1.4765
3.0740000000000003 2.9765
-1.67 2.9765
4.2

IMD8a
4
-1.67 2.9765
3.0740000000000003 2.9765
3.0740000000000003 3.0515
-1.67 3.0515
5.2

IMD8b1+IMD8b2
4
-1.67 3.0515
3.0740000000000003 3.0515
3.0740000000000003 4.5515
-1.67 4.5515
4.2

PASS1
4
-1.67 4.5515
3.0740000000000003 4.5515
3.0740000000000003 4.6265
-1.67 4.6265
7.0

PASS2
4
-1.67 4.6265
3.0740000000000003 4.6265
3.0740000000000003 5.0265
-1.67 5.0265
4.2

PASS3
4
-1.67 5.0265
3.0740000000000003 5.0265
3.0740000000000003 5.1015
-1.67 5.1015
7.0

PASS4+PASS5
4
-1.67 5.1015
3.0740000000000003 5.1015
3.0740000000000003 6.0515
-1.67 6.0515
4.2

PASS6
4
-1.67 6.0515
3.0740000000000003 6.0515
3.0740000000000003 6.6515
-1.67 6.6515
7.0

air_Layer
4
-1.67 6.6515
3.0740000000000003 6.6515
3.0740000000000003 6.9485
-1.67 6.9485
1.0


4
-1.67 0.001
3.0740000000000003 0.001
3.0740000000000003 6.9485
-1.67 6.9485

