c1
4
-0.10501000000000003 0.7415
0.10500999999999998 0.7415
0.11098999999999998 0.8405
-0.11099000000000003 0.8405

5
botleft
4
-0.8600000000000001 -0.001
0 -0.001
0 0.001
-0.8600000000000001 0.001

botright
4
0 -0.001
2.174 -0.001
2.174 0.001
0 0.001

lEnv
4
-0.35701000000000005 0.7415
-0.14699000000000004 0.7415
-0.14101000000000002 0.8405
-0.36299000000000003 0.8405

c2
4
0.21899000000000005 0.7415
0.92401 0.7415
0.92999 0.8405
0.21301000000000003 0.8405

rEnv
4
0.9659899999999999 0.7415
1.6710099999999999 0.7415
1.67699 0.8405
0.9600099999999999 0.8405


57
IMD3d1_damage
4
-0.366424 0.7315
-0.13757600000000003 0.7315
-0.13697200000000004 0.7415
-0.367028 0.7415
3.1

IMD3d1_damage
4
-0.11442400000000004 0.7315
0.11442399999999998 0.7315
0.11502799999999998 0.7415
-0.11502800000000003 0.7415
3.1

IMD3d1_damage
4
0.20957600000000004 0.7315
0.9334239999999999 0.7315
0.934028 0.7415
0.20897200000000005 0.7415
3.1

IMD3d1_damage
4
0.956576 0.7315
1.680424 0.7315
1.681028 0.7415
0.9559719999999999 0.7415
3.1

IMD3d2_damage
4
-0.36201900000000004 0.7415
-0.35701000000000005 0.7415
-0.36299000000000003 0.8405
-0.367999 0.8405
2.9

IMD3d2_damage
4
-0.14699000000000004 0.7415
-0.14198100000000002 0.7415
-0.136001 0.8405
-0.14101000000000002 0.8405
2.9

IMD3d2_damage
4
-0.11001900000000003 0.7415
-0.10501000000000003 0.7415
-0.11099000000000003 0.8405
-0.11599900000000003 0.8405
2.9

IMD3d2_damage
4
0.10500999999999998 0.7415
0.11001899999999998 0.7415
0.11599899999999998 0.8405
0.11098999999999998 0.8405
2.9

IMD3d2_damage
4
0.21398100000000003 0.7415
0.21899000000000005 0.7415
0.21301000000000003 0.8405
0.20800100000000002 0.8405
2.9

IMD3d2_damage
4
0.92401 0.7415
0.929019 0.7415
0.934999 0.8405
0.92999 0.8405
2.9

IMD3d2_damage
4
0.9609809999999999 0.7415
0.9659899999999999 0.7415
0.9600099999999999 0.8405
0.9550009999999999 0.8405
2.9

IMD3d2_damage
4
1.6710099999999999 0.7415
1.676019 0.7415
1.681999 0.8405
1.67699 0.8405
2.9

IMD3d2
4
-0.8600000000000001 0.7415
-0.36201900000000004 0.7415
-0.367999 0.8405
-0.8600000000000001 0.8405
2.65

IMD3d2
4
-0.14198100000000002 0.7415
-0.11001900000000003 0.7415
-0.11599900000000003 0.8405
-0.136001 0.8405
2.65

IMD3d2
4
0.11001899999999998 0.7415
0.21398100000000003 0.7415
0.20800100000000002 0.8405
0.11599899999999998 0.8405
2.65

IMD3d2
4
0.929019 0.7415
0.9609809999999999 0.7415
0.9550009999999999 0.8405
0.934999 0.8405
2.65

IMD3d2
4
1.676019 0.7415
2.174 0.7415
2.174 0.8405
1.681999 0.8405
2.65

IMD3d1
4
-0.8600000000000001 0.7315
-0.366424 0.7315
-0.367028 0.7415
-0.8600000000000001 0.7415
2.65

IMD3d1
4
-0.13757600000000003 0.7315
-0.11442400000000004 0.7315
-0.11502800000000003 0.7415
-0.13697200000000004 0.7415
2.65

IMD3d1
4
0.11442399999999998 0.7315
0.20957600000000004 0.7315
0.20897200000000005 0.7415
0.11502799999999998 0.7415
2.65

IMD3d1
4
0.9334239999999999 0.7315
0.956576 0.7315
0.9559719999999999 0.7415
0.934028 0.7415
2.65

IMD3d1
4
1.680424 0.7315
2.174 0.7315
2.174 0.7415
1.681028 0.7415
2.65

IMD3d1
4
-0.8600000000000001 0.7135
2.174 0.7135
2.174 0.7315
-0.8600000000000001 0.7315
2.65

FOXA+FOXB+TOX
4
-0.8600000000000001 0.001
2.174 0.001
2.174 0.2665
-0.8600000000000001 0.2665
4.0

ILD1a
4
-0.8600000000000001 0.2665
2.174 0.2665
2.174 0.2765
-0.8600000000000001 0.2765
7.0

ILD1b1+ILD1b2+ILD1b3
4
-0.8600000000000001 0.2765
2.174 0.2765
2.174 0.3955
-0.8600000000000001 0.3955
4.0

IMD1a
4
-0.8600000000000001 0.3955
2.174 0.3955
2.174 0.4065
-0.8600000000000001 0.4065
5.2

IMD1b
4
-0.8600000000000001 0.4065
2.174 0.4065
2.174 0.4665
-0.8600000000000001 0.4665
2.8

IMD2a
4
-0.8600000000000001 0.4665
2.174 0.4665
2.174 0.4875
-0.8600000000000001 0.4875
5.2

IMD2b
4
-0.8600000000000001 0.4875
2.174 0.4875
2.174 0.5025
-0.8600000000000001 0.5025
4.2

IMD2c
4
-0.8600000000000001 0.5025
2.174 0.5025
2.174 0.5265
-0.8600000000000001 0.5265
3.28

IMD2d1+IMD2d2
4
-0.8600000000000001 0.5265
2.174 0.5265
2.174 0.6535
-0.8600000000000001 0.6535
2.65

IMD3a
4
-0.8600000000000001 0.6535
2.174 0.6535
2.174 0.6745
-0.8600000000000001 0.6745
5.2

IMD3b
4
-0.8600000000000001 0.6745
2.174 0.6745
2.174 0.6895
-0.8600000000000001 0.6895
4.2

IMD3c
4
-0.8600000000000001 0.6895
2.174 0.6895
2.174 0.7135
-0.8600000000000001 0.7135
3.28

IMD4a
4
-0.8600000000000001 0.8405
2.174 0.8405
2.174 0.8615
-0.8600000000000001 0.8615
5.2

IMD4b
4
-0.8600000000000001 0.8615
2.174 0.8615
2.174 0.8765
-0.8600000000000001 0.8765
4.2

IMD4c
4
-0.8600000000000001 0.8765
2.174 0.8765
2.174 0.9005
-0.8600000000000001 0.9005
3.28

IMD4d1+IMD4d2
4
-0.8600000000000001 0.9005
2.174 0.9005
2.174 1.0275
-0.8600000000000001 1.0275
2.65

IMD5a
4
-0.8600000000000001 1.0275
2.174 1.0275
2.174 1.0485
-0.8600000000000001 1.0485
5.2

IMD5b
4
-0.8600000000000001 1.0485
2.174 1.0485
2.174 1.0635
-0.8600000000000001 1.0635
4.2

IMD5c
4
-0.8600000000000001 1.0635
2.174 1.0635
2.174 1.0875
-0.8600000000000001 1.0875
3.28

IMD5d1+IMD5d2
4
-0.8600000000000001 1.0875
2.174 1.0875
2.174 1.2145
-0.8600000000000001 1.2145
2.65

IMD6a
4
-0.8600000000000001 1.2145
2.174 1.2145
2.174 1.2355
-0.8600000000000001 1.2355
5.2

IMD6b
4
-0.8600000000000001 1.2355
2.174 1.2355
2.174 1.2505
-0.8600000000000001 1.2505
4.2

IMD6c
4
-0.8600000000000001 1.2505
2.174 1.2505
2.174 1.2745
-0.8600000000000001 1.2745
3.28

IMD6d1+IMD6d2
4
-0.8600000000000001 1.2745
2.174 1.2745
2.174 1.4015
-0.8600000000000001 1.4015
2.65

IMD7a
4
-0.8600000000000001 1.4015
2.174 1.4015
2.174 1.4765
-0.8600000000000001 1.4765
5.2

IMD7b1+IMD7b2
4
-0.8600000000000001 1.4765
2.174 1.4765
2.174 2.9765
-0.8600000000000001 2.9765
4.2

IMD8a
4
-0.8600000000000001 2.9765
2.174 2.9765
2.174 3.0515
-0.8600000000000001 3.0515
5.2

IMD8b1+IMD8b2
4
-0.8600000000000001 3.0515
2.174 3.0515
2.174 4.5515
-0.8600000000000001 4.5515
4.2

PASS1
4
-0.8600000000000001 4.5515
2.174 4.5515
2.174 4.6265
-0.8600000000000001 4.6265
7.0

PASS2
4
-0.8600000000000001 4.6265
2.174 4.6265
2.174 5.0265
-0.8600000000000001 5.0265
4.2

PASS3
4
-0.8600000000000001 5.0265
2.174 5.0265
2.174 5.1015
-0.8600000000000001 5.1015
7.0

PASS4+PASS5
4
-0.8600000000000001 5.1015
2.174 5.1015
2.174 6.0515
-0.8600000000000001 6.0515
4.2

PASS6
4
-0.8600000000000001 6.0515
2.174 6.0515
2.174 6.6515
-0.8600000000000001 6.6515
7.0

air_Layer
4
-0.8600000000000001 6.6515
2.174 6.6515
2.174 6.9485
-0.8600000000000001 6.9485
1.0


4
-0.8600000000000001 0.001
2.174 0.001
2.174 6.9485
-0.8600000000000001 6.9485

