c1
4
-0.48591999999999996 0.37050000000000005
0.4859200000000002 0.37050000000000005
0.4950800000000002 0.4665
-0.49507999999999996 0.4665

5
botleft
4
-2.3675 -0.001
0 -0.001
0 0.001
-2.3675 0.001

botright
4
0 -0.001
2.6015 -0.001
2.6015 0.001
0 0.001

lEnv
4
-1.86292 0.37050000000000005
-0.89108 0.37050000000000005
-0.88192 0.4665
-1.87208 0.4665

c2
4
1.0980800000000004 0.37050000000000005
1.3949200000000004 0.37050000000000005
1.4040800000000004 0.4665
1.0889200000000003 0.4665

rEnv
4
1.8000800000000003 0.37050000000000005
2.0969200000000003 0.37050000000000005
2.1060800000000004 0.4665
1.7909200000000003 0.4665


48
IMD1b
4
-2.3675 0.40650000000000003
-1.866355 0.40650000000000003
-1.87208 0.4665
-2.3675 0.4665
2.8

IMD1b
4
-0.887645 0.40650000000000003
-0.489355 0.40650000000000003
-0.49507999999999996 0.4665
-0.88192 0.4665
2.8

IMD1b
4
0.4893550000000002 0.40650000000000003
1.0946450000000003 0.40650000000000003
1.0889200000000003 0.4665
0.4950800000000002 0.4665
2.8

IMD1b
4
1.3983550000000005 0.40650000000000003
1.7966450000000003 0.40650000000000003
1.7909200000000003 0.4665
1.4040800000000004 0.4665
2.8

IMD1b
4
2.1003550000000004 0.40650000000000003
2.6015 0.40650000000000003
2.6015 0.4665
2.1060800000000004 0.4665
2.8

IMD1a
4
-2.3675 0.3955
-1.8653054166666667 0.3955
-1.866355 0.40650000000000003
-2.3675 0.40650000000000003
5.2

IMD1a
4
-0.8886945833333334 0.3955
-0.48830541666666666 0.3955
-0.489355 0.40650000000000003
-0.887645 0.40650000000000003
5.2

IMD1a
4
0.4883054166666669 0.3955
1.0956945833333336 0.3955
1.0946450000000003 0.40650000000000003
0.4893550000000002 0.40650000000000003
5.2

IMD1a
4
1.3973054166666672 0.3955
1.7976945833333335 0.3955
1.7966450000000003 0.40650000000000003
1.3983550000000005 0.40650000000000003
5.2

IMD1a
4
2.099305416666667 0.3955
2.6015 0.3955
2.6015 0.40650000000000003
2.1003550000000004 0.40650000000000003
5.2

ILD1b3
4
-2.3675 0.37050000000000005
-1.86292 0.37050000000000005
-1.8653054166666667 0.3955
-2.3675 0.3955
4

ILD1b3
4
-0.89108 0.37050000000000005
-0.48591999999999996 0.37050000000000005
-0.48830541666666666 0.3955
-0.8886945833333334 0.3955
4

ILD1b3
4
0.4859200000000002 0.37050000000000005
1.0980800000000004 0.37050000000000005
1.0956945833333336 0.3955
0.4883054166666669 0.3955
4

ILD1b3
4
1.3949200000000004 0.37050000000000005
1.8000800000000003 0.37050000000000005
1.7976945833333335 0.3955
1.3973054166666672 0.3955
4

ILD1b3
4
2.0969200000000003 0.37050000000000005
2.6015 0.37050000000000005
2.6015 0.3955
2.099305416666667 0.3955
4

ILD1b1+ILD1b2
4
-2.3675 0.2765
2.6015 0.2765
2.6015 0.37050000000000005
-2.3675 0.37050000000000005
4

FOXA+FOXB+TOX
4
-2.3675 0.001
2.6015 0.001
2.6015 0.2665
-2.3675 0.2665
4.0

ILD1a
4
-2.3675 0.2665
2.6015 0.2665
2.6015 0.2765
-2.3675 0.2765
7.0

IMD2a
4
-2.3675 0.4665
2.6015 0.4665
2.6015 0.4875
-2.3675 0.4875
5.2

IMD2b
4
-2.3675 0.4875
2.6015 0.4875
2.6015 0.5025
-2.3675 0.5025
4.2

IMD2c
4
-2.3675 0.5025
2.6015 0.5025
2.6015 0.5265
-2.3675 0.5265
3.28

IMD2d1+IMD2d2
4
-2.3675 0.5265
2.6015 0.5265
2.6015 0.6535
-2.3675 0.6535
2.65

IMD3a
4
-2.3675 0.6535
2.6015 0.6535
2.6015 0.6745
-2.3675 0.6745
5.2

IMD3b
4
-2.3675 0.6745
2.6015 0.6745
2.6015 0.6895
-2.3675 0.6895
4.2

IMD3c
4
-2.3675 0.6895
2.6015 0.6895
2.6015 0.7135
-2.3675 0.7135
3.28

IMD3d1+IMD3d2
4
-2.3675 0.7135
2.6015 0.7135
2.6015 0.8405
-2.3675 0.8405
2.65

IMD4a
4
-2.3675 0.8405
2.6015 0.8405
2.6015 0.8615
-2.3675 0.8615
5.2

IMD4b
4
-2.3675 0.8615
2.6015 0.8615
2.6015 0.8765
-2.3675 0.8765
4.2

IMD4c
4
-2.3675 0.8765
2.6015 0.8765
2.6015 0.9005
-2.3675 0.9005
3.28

IMD4d1+IMD4d2
4
-2.3675 0.9005
2.6015 0.9005
2.6015 1.0275
-2.3675 1.0275
2.65

IMD5a
4
-2.3675 1.0275
2.6015 1.0275
2.6015 1.0485
-2.3675 1.0485
5.2

IMD5b
4
-2.3675 1.0485
2.6015 1.0485
2.6015 1.0635
-2.3675 1.0635
4.2

IMD5c
4
-2.3675 1.0635
2.6015 1.0635
2.6015 1.0875
-2.3675 1.0875
3.28

IMD5d1+IMD5d2
4
-2.3675 1.0875
2.6015 1.0875
2.6015 1.2145
-2.3675 1.2145
2.65

IMD6a
4
-2.3675 1.2145
2.6015 1.2145
2.6015 1.2355
-2.3675 1.2355
5.2

IMD6b
4
-2.3675 1.2355
2.6015 1.2355
2.6015 1.2505
-2.3675 1.2505
4.2

IMD6c
4
-2.3675 1.2505
2.6015 1.2505
2.6015 1.2745
-2.3675 1.2745
3.28

IMD6d1+IMD6d2
4
-2.3675 1.2745
2.6015 1.2745
2.6015 1.4015
-2.3675 1.4015
2.65

IMD7a
4
-2.3675 1.4015
2.6015 1.4015
2.6015 1.4765
-2.3675 1.4765
5.2

IMD7b1+IMD7b2
4
-2.3675 1.4765
2.6015 1.4765
2.6015 2.9765
-2.3675 2.9765
4.2

IMD8a
4
-2.3675 2.9765
2.6015 2.9765
2.6015 3.0515
-2.3675 3.0515
5.2

IMD8b1+IMD8b2
4
-2.3675 3.0515
2.6015 3.0515
2.6015 4.5515
-2.3675 4.5515
4.2

PASS1
4
-2.3675 4.5515
2.6015 4.5515
2.6015 4.6265
-2.3675 4.6265
7.0

PASS2
4
-2.3675 4.6265
2.6015 4.6265
2.6015 5.0265
-2.3675 5.0265
4.2

PASS3
4
-2.3675 5.0265
2.6015 5.0265
2.6015 5.1015
-2.3675 5.1015
7.0

PASS4+PASS5
4
-2.3675 5.1015
2.6015 5.1015
2.6015 6.0515
-2.3675 6.0515
4.2

PASS6
4
-2.3675 6.0515
2.6015 6.0515
2.6015 6.6515
-2.3675 6.6515
7.0

air_Layer
4
-2.3675 6.6515
2.6015 6.6515
2.6015 6.9485
-2.3675 6.9485
1.0


4
-2.3675 0.001
2.6015 0.001
2.6015 6.9485
-2.3675 6.9485

