c1
4
-0.35251 0.5545
0.35251 0.5545
0.35849 0.6535
-0.35849 0.6535

5
botleft
4
-1.9625 -0.001
0 -0.001
0 0.001
-1.9625 0.001

botright
4
0 -0.001
3.4565 -0.001
3.4565 0.001
0 0.001

lEnv
4
-1.4595099999999999 0.5545
-0.75449 0.5545
-0.74851 0.6535
-1.46549 0.6535

c2
4
0.87149 0.5545
1.7115099999999996 0.5545
1.7174899999999997 0.6535
0.86551 0.6535

rEnv
4
2.1134899999999996 0.5545
2.9535099999999996 0.5545
2.9594899999999997 0.6535
2.1075099999999996 0.6535


57
IMD2d1_damage
4
-1.468924 0.5445
-0.7450760000000001 0.5445
-0.744472 0.5545
-1.469528 0.5545
3.1

IMD2d1_damage
4
-0.36192399999999997 0.5445
0.36192399999999997 0.5445
0.36252799999999996 0.5545
-0.36252799999999996 0.5545
3.1

IMD2d1_damage
4
0.8620760000000001 0.5445
1.7209239999999997 0.5445
1.7215279999999997 0.5545
0.861472 0.5545
3.1

IMD2d1_damage
4
2.1040759999999996 0.5445
2.9629239999999997 0.5445
2.9635279999999997 0.5545
2.1034719999999996 0.5545
3.1

IMD2d2_damage
4
-1.464519 0.5545
-1.4595099999999999 0.5545
-1.46549 0.6535
-1.470499 0.6535
2.9

IMD2d2_damage
4
-0.75449 0.5545
-0.749481 0.5545
-0.743501 0.6535
-0.74851 0.6535
2.9

IMD2d2_damage
4
-0.357519 0.5545
-0.35251 0.5545
-0.35849 0.6535
-0.36349899999999996 0.6535
2.9

IMD2d2_damage
4
0.35251 0.5545
0.357519 0.5545
0.36349899999999996 0.6535
0.35849 0.6535
2.9

IMD2d2_damage
4
0.866481 0.5545
0.87149 0.5545
0.86551 0.6535
0.860501 0.6535
2.9

IMD2d2_damage
4
1.7115099999999996 0.5545
1.7165189999999997 0.5545
1.7224989999999998 0.6535
1.7174899999999997 0.6535
2.9

IMD2d2_damage
4
2.108481 0.5545
2.1134899999999996 0.5545
2.1075099999999996 0.6535
2.1025009999999997 0.6535
2.9

IMD2d2_damage
4
2.9535099999999996 0.5545
2.9585189999999995 0.5545
2.9644989999999996 0.6535
2.9594899999999997 0.6535
2.9

IMD2d2
4
-1.9625 0.5545
-1.464519 0.5545
-1.470499 0.6535
-1.9625 0.6535
2.65

IMD2d2
4
-0.749481 0.5545
-0.357519 0.5545
-0.36349899999999996 0.6535
-0.743501 0.6535
2.65

IMD2d2
4
0.357519 0.5545
0.866481 0.5545
0.860501 0.6535
0.36349899999999996 0.6535
2.65

IMD2d2
4
1.7165189999999997 0.5545
2.108481 0.5545
2.1025009999999997 0.6535
1.7224989999999998 0.6535
2.65

IMD2d2
4
2.9585189999999995 0.5545
3.4565 0.5545
3.4565 0.6535
2.9644989999999996 0.6535
2.65

IMD2d1
4
-1.9625 0.5445
-1.468924 0.5445
-1.469528 0.5545
-1.9625 0.5545
2.65

IMD2d1
4
-0.7450760000000001 0.5445
-0.36192399999999997 0.5445
-0.36252799999999996 0.5545
-0.744472 0.5545
2.65

IMD2d1
4
0.36192399999999997 0.5445
0.8620760000000001 0.5445
0.861472 0.5545
0.36252799999999996 0.5545
2.65

IMD2d1
4
1.7209239999999997 0.5445
2.1040759999999996 0.5445
2.1034719999999996 0.5545
1.7215279999999997 0.5545
2.65

IMD2d1
4
2.9629239999999997 0.5445
3.4565 0.5445
3.4565 0.5545
2.9635279999999997 0.5545
2.65

IMD2d1
4
-1.9625 0.5265
3.4565 0.5265
3.4565 0.5445
-1.9625 0.5445
2.65

FOXA+FOXB+TOX
4
-1.9625 0.001
3.4565 0.001
3.4565 0.2665
-1.9625 0.2665
4.0

ILD1a
4
-1.9625 0.2665
3.4565 0.2665
3.4565 0.2765
-1.9625 0.2765
7.0

ILD1b1+ILD1b2+ILD1b3
4
-1.9625 0.2765
3.4565 0.2765
3.4565 0.3955
-1.9625 0.3955
4.0

IMD1a
4
-1.9625 0.3955
3.4565 0.3955
3.4565 0.4065
-1.9625 0.4065
5.2

IMD1b
4
-1.9625 0.4065
3.4565 0.4065
3.4565 0.4665
-1.9625 0.4665
2.8

IMD2a
4
-1.9625 0.4665
3.4565 0.4665
3.4565 0.4875
-1.9625 0.4875
5.2

IMD2b
4
-1.9625 0.4875
3.4565 0.4875
3.4565 0.5025
-1.9625 0.5025
4.2

IMD2c
4
-1.9625 0.5025
3.4565 0.5025
3.4565 0.5265
-1.9625 0.5265
3.28

IMD3a
4
-1.9625 0.6535
3.4565 0.6535
3.4565 0.6745
-1.9625 0.6745
5.2

IMD3b
4
-1.9625 0.6745
3.4565 0.6745
3.4565 0.6895
-1.9625 0.6895
4.2

IMD3c
4
-1.9625 0.6895
3.4565 0.6895
3.4565 0.7135
-1.9625 0.7135
3.28

IMD3d1+IMD3d2
4
-1.9625 0.7135
3.4565 0.7135
3.4565 0.8405
-1.9625 0.8405
2.65

IMD4a
4
-1.9625 0.8405
3.4565 0.8405
3.4565 0.8615
-1.9625 0.8615
5.2

IMD4b
4
-1.9625 0.8615
3.4565 0.8615
3.4565 0.8765
-1.9625 0.8765
4.2

IMD4c
4
-1.9625 0.8765
3.4565 0.8765
3.4565 0.9005
-1.9625 0.9005
3.28

IMD4d1+IMD4d2
4
-1.9625 0.9005
3.4565 0.9005
3.4565 1.0275
-1.9625 1.0275
2.65

IMD5a
4
-1.9625 1.0275
3.4565 1.0275
3.4565 1.0485
-1.9625 1.0485
5.2

IMD5b
4
-1.9625 1.0485
3.4565 1.0485
3.4565 1.0635
-1.9625 1.0635
4.2

IMD5c
4
-1.9625 1.0635
3.4565 1.0635
3.4565 1.0875
-1.9625 1.0875
3.28

IMD5d1+IMD5d2
4
-1.9625 1.0875
3.4565 1.0875
3.4565 1.2145
-1.9625 1.2145
2.65

IMD6a
4
-1.9625 1.2145
3.4565 1.2145
3.4565 1.2355
-1.9625 1.2355
5.2

IMD6b
4
-1.9625 1.2355
3.4565 1.2355
3.4565 1.2505
-1.9625 1.2505
4.2

IMD6c
4
-1.9625 1.2505
3.4565 1.2505
3.4565 1.2745
-1.9625 1.2745
3.28

IMD6d1+IMD6d2
4
-1.9625 1.2745
3.4565 1.2745
3.4565 1.4015
-1.9625 1.4015
2.65

IMD7a
4
-1.9625 1.4015
3.4565 1.4015
3.4565 1.4765
-1.9625 1.4765
5.2

IMD7b1+IMD7b2
4
-1.9625 1.4765
3.4565 1.4765
3.4565 2.9765
-1.9625 2.9765
4.2

IMD8a
4
-1.9625 2.9765
3.4565 2.9765
3.4565 3.0515
-1.9625 3.0515
5.2

IMD8b1+IMD8b2
4
-1.9625 3.0515
3.4565 3.0515
3.4565 4.5515
-1.9625 4.5515
4.2

PASS1
4
-1.9625 4.5515
3.4565 4.5515
3.4565 4.6265
-1.9625 4.6265
7.0

PASS2
4
-1.9625 4.6265
3.4565 4.6265
3.4565 5.0265
-1.9625 5.0265
4.2

PASS3
4
-1.9625 5.0265
3.4565 5.0265
3.4565 5.1015
-1.9625 5.1015
7.0

PASS4+PASS5
4
-1.9625 5.1015
3.4565 5.1015
3.4565 6.0515
-1.9625 6.0515
4.2

PASS6
4
-1.9625 6.0515
3.4565 6.0515
3.4565 6.6515
-1.9625 6.6515
7.0

air_Layer
4
-1.9625 6.6515
3.4565 6.6515
3.4565 6.9485
-1.9625 6.9485
1.0


4
-1.9625 0.001
3.4565 0.001
3.4565 6.9485
-1.9625 6.9485

