c1
4
-0.2850099999999999 0.7415
0.2850100000000001 0.7415
0.2909900000000001 0.8405
-0.29098999999999986 0.8405

5
botleft
4
-1.7599999999999998 -0.001
0 -0.001
0 0.001
-1.7599999999999998 0.001

botright
4
0 -0.001
3.704 -0.001
3.704 0.001
0 0.001

lEnv
4
-1.2570099999999997 0.7415
-0.6869899999999999 0.7415
-0.6810099999999999 0.8405
-1.2629899999999998 0.8405

c2
4
1.1189900000000002 0.7415
1.9590099999999997 0.7415
1.9649899999999998 0.8405
1.11301 0.8405

rEnv
4
2.3609899999999997 0.7415
3.2010099999999997 0.7415
3.20699 0.8405
2.3550099999999996 0.8405


57
IMD3d1_damage
4
-1.2664239999999998 0.7315
-0.677576 0.7315
-0.6769719999999999 0.7415
-1.2670279999999998 0.7415
3.1

IMD3d1_damage
4
-0.29442399999999985 0.7315
0.2944240000000001 0.7315
0.29502800000000007 0.7415
-0.29502799999999985 0.7415
3.1

IMD3d1_damage
4
1.1095760000000001 0.7315
1.9684239999999997 0.7315
1.9690279999999998 0.7415
1.108972 0.7415
3.1

IMD3d1_damage
4
2.3515759999999997 0.7315
3.2104239999999997 0.7315
3.2110279999999998 0.7415
2.3509719999999996 0.7415
3.1

IMD3d2_damage
4
-1.2620189999999998 0.7415
-1.2570099999999997 0.7415
-1.2629899999999998 0.8405
-1.2679989999999999 0.8405
2.9

IMD3d2_damage
4
-0.6869899999999999 0.7415
-0.6819809999999998 0.7415
-0.6760009999999999 0.8405
-0.6810099999999999 0.8405
2.9

IMD3d2_damage
4
-0.29001899999999986 0.7415
-0.2850099999999999 0.7415
-0.29098999999999986 0.8405
-0.29599899999999985 0.8405
2.9

IMD3d2_damage
4
0.2850100000000001 0.7415
0.2900190000000001 0.7415
0.29599900000000007 0.8405
0.2909900000000001 0.8405
2.9

IMD3d2_damage
4
1.113981 0.7415
1.1189900000000002 0.7415
1.11301 0.8405
1.108001 0.8405
2.9

IMD3d2_damage
4
1.9590099999999997 0.7415
1.9640189999999997 0.7415
1.9699989999999998 0.8405
1.9649899999999998 0.8405
2.9

IMD3d2_damage
4
2.355981 0.7415
2.3609899999999997 0.7415
2.3550099999999996 0.8405
2.350001 0.8405
2.9

IMD3d2_damage
4
3.2010099999999997 0.7415
3.2060189999999995 0.7415
3.2119989999999996 0.8405
3.20699 0.8405
2.9

IMD3d2
4
-1.7599999999999998 0.7415
-1.2620189999999998 0.7415
-1.2679989999999999 0.8405
-1.7599999999999998 0.8405
2.65

IMD3d2
4
-0.6819809999999998 0.7415
-0.29001899999999986 0.7415
-0.29599899999999985 0.8405
-0.6760009999999999 0.8405
2.65

IMD3d2
4
0.2900190000000001 0.7415
1.113981 0.7415
1.108001 0.8405
0.29599900000000007 0.8405
2.65

IMD3d2
4
1.9640189999999997 0.7415
2.355981 0.7415
2.350001 0.8405
1.9699989999999998 0.8405
2.65

IMD3d2
4
3.2060189999999995 0.7415
3.704 0.7415
3.704 0.8405
3.2119989999999996 0.8405
2.65

IMD3d1
4
-1.7599999999999998 0.7315
-1.2664239999999998 0.7315
-1.2670279999999998 0.7415
-1.7599999999999998 0.7415
2.65

IMD3d1
4
-0.677576 0.7315
-0.29442399999999985 0.7315
-0.29502799999999985 0.7415
-0.6769719999999999 0.7415
2.65

IMD3d1
4
0.2944240000000001 0.7315
1.1095760000000001 0.7315
1.108972 0.7415
0.29502800000000007 0.7415
2.65

IMD3d1
4
1.9684239999999997 0.7315
2.3515759999999997 0.7315
2.3509719999999996 0.7415
1.9690279999999998 0.7415
2.65

IMD3d1
4
3.2104239999999997 0.7315
3.704 0.7315
3.704 0.7415
3.2110279999999998 0.7415
2.65

IMD3d1
4
-1.7599999999999998 0.7135
3.704 0.7135
3.704 0.7315
-1.7599999999999998 0.7315
2.65

FOXA+FOXB+TOX
4
-1.7599999999999998 0.001
3.704 0.001
3.704 0.2665
-1.7599999999999998 0.2665
4.0

ILD1a
4
-1.7599999999999998 0.2665
3.704 0.2665
3.704 0.2765
-1.7599999999999998 0.2765
7.0

ILD1b1+ILD1b2+ILD1b3
4
-1.7599999999999998 0.2765
3.704 0.2765
3.704 0.3955
-1.7599999999999998 0.3955
4.0

IMD1a
4
-1.7599999999999998 0.3955
3.704 0.3955
3.704 0.4065
-1.7599999999999998 0.4065
5.2

IMD1b
4
-1.7599999999999998 0.4065
3.704 0.4065
3.704 0.4665
-1.7599999999999998 0.4665
2.8

IMD2a
4
-1.7599999999999998 0.4665
3.704 0.4665
3.704 0.4875
-1.7599999999999998 0.4875
5.2

IMD2b
4
-1.7599999999999998 0.4875
3.704 0.4875
3.704 0.5025
-1.7599999999999998 0.5025
4.2

IMD2c
4
-1.7599999999999998 0.5025
3.704 0.5025
3.704 0.5265
-1.7599999999999998 0.5265
3.28

IMD2d1+IMD2d2
4
-1.7599999999999998 0.5265
3.704 0.5265
3.704 0.6535
-1.7599999999999998 0.6535
2.65

IMD3a
4
-1.7599999999999998 0.6535
3.704 0.6535
3.704 0.6745
-1.7599999999999998 0.6745
5.2

IMD3b
4
-1.7599999999999998 0.6745
3.704 0.6745
3.704 0.6895
-1.7599999999999998 0.6895
4.2

IMD3c
4
-1.7599999999999998 0.6895
3.704 0.6895
3.704 0.7135
-1.7599999999999998 0.7135
3.28

IMD4a
4
-1.7599999999999998 0.8405
3.704 0.8405
3.704 0.8615
-1.7599999999999998 0.8615
5.2

IMD4b
4
-1.7599999999999998 0.8615
3.704 0.8615
3.704 0.8765
-1.7599999999999998 0.8765
4.2

IMD4c
4
-1.7599999999999998 0.8765
3.704 0.8765
3.704 0.9005
-1.7599999999999998 0.9005
3.28

IMD4d1+IMD4d2
4
-1.7599999999999998 0.9005
3.704 0.9005
3.704 1.0275
-1.7599999999999998 1.0275
2.65

IMD5a
4
-1.7599999999999998 1.0275
3.704 1.0275
3.704 1.0485
-1.7599999999999998 1.0485
5.2

IMD5b
4
-1.7599999999999998 1.0485
3.704 1.0485
3.704 1.0635
-1.7599999999999998 1.0635
4.2

IMD5c
4
-1.7599999999999998 1.0635
3.704 1.0635
3.704 1.0875
-1.7599999999999998 1.0875
3.28

IMD5d1+IMD5d2
4
-1.7599999999999998 1.0875
3.704 1.0875
3.704 1.2145
-1.7599999999999998 1.2145
2.65

IMD6a
4
-1.7599999999999998 1.2145
3.704 1.2145
3.704 1.2355
-1.7599999999999998 1.2355
5.2

IMD6b
4
-1.7599999999999998 1.2355
3.704 1.2355
3.704 1.2505
-1.7599999999999998 1.2505
4.2

IMD6c
4
-1.7599999999999998 1.2505
3.704 1.2505
3.704 1.2745
-1.7599999999999998 1.2745
3.28

IMD6d1+IMD6d2
4
-1.7599999999999998 1.2745
3.704 1.2745
3.704 1.4015
-1.7599999999999998 1.4015
2.65

IMD7a
4
-1.7599999999999998 1.4015
3.704 1.4015
3.704 1.4765
-1.7599999999999998 1.4765
5.2

IMD7b1+IMD7b2
4
-1.7599999999999998 1.4765
3.704 1.4765
3.704 2.9765
-1.7599999999999998 2.9765
4.2

IMD8a
4
-1.7599999999999998 2.9765
3.704 2.9765
3.704 3.0515
-1.7599999999999998 3.0515
5.2

IMD8b1+IMD8b2
4
-1.7599999999999998 3.0515
3.704 3.0515
3.704 4.5515
-1.7599999999999998 4.5515
4.2

PASS1
4
-1.7599999999999998 4.5515
3.704 4.5515
3.704 4.6265
-1.7599999999999998 4.6265
7.0

PASS2
4
-1.7599999999999998 4.6265
3.704 4.6265
3.704 5.0265
-1.7599999999999998 5.0265
4.2

PASS3
4
-1.7599999999999998 5.0265
3.704 5.0265
3.704 5.1015
-1.7599999999999998 5.1015
7.0

PASS4+PASS5
4
-1.7599999999999998 5.1015
3.704 5.1015
3.704 6.0515
-1.7599999999999998 6.0515
4.2

PASS6
4
-1.7599999999999998 6.0515
3.704 6.0515
3.704 6.6515
-1.7599999999999998 6.6515
7.0

air_Layer
4
-1.7599999999999998 6.6515
3.704 6.6515
3.704 6.9485
-1.7599999999999998 6.9485
1.0


4
-1.7599999999999998 0.001
3.704 0.001
3.704 6.9485
-1.7599999999999998 6.9485

