c1
4
-0.15001 1.3025
0.15000999999999995 1.3025
0.15598999999999996 1.4015
-0.15599000000000002 1.4015

5
botleft
4
-1.085 -0.001
0 -0.001
0 0.001
-1.085 0.001

botright
4
0 -0.001
2.309 -0.001
2.309 0.001
0 0.001

lEnv
4
-0.58201 1.3025
-0.28199 1.3025
-0.27601000000000003 1.4015
-0.58799 1.4015

c2
4
0.26398999999999995 1.3025
0.96901 1.3025
0.97499 1.4015
0.25800999999999996 1.4015

rEnv
4
1.1009900000000001 1.3025
1.8060100000000001 1.3025
1.8119900000000002 1.4015
1.09501 1.4015


57
IMD6d1_damage
4
-0.591424 1.2925
-0.27257600000000004 1.2925
-0.27197200000000005 1.3025
-0.592028 1.3025
3.1

IMD6d1_damage
4
-0.159424 1.2925
0.15942399999999995 1.2925
0.16002799999999995 1.3025
-0.160028 1.3025
3.1

IMD6d1_damage
4
0.25457599999999997 1.2925
0.978424 1.2925
0.979028 1.3025
0.253972 1.3025
3.1

IMD6d1_damage
4
1.091576 1.2925
1.8154240000000001 1.2925
1.8160280000000002 1.3025
1.090972 1.3025
3.1

IMD6d2_damage
4
-0.5870190000000001 1.3025
-0.58201 1.3025
-0.58799 1.4015
-0.592999 1.4015
2.9

IMD6d2_damage
4
-0.28199 1.3025
-0.27698100000000003 1.3025
-0.27100100000000005 1.4015
-0.27601000000000003 1.4015
2.9

IMD6d2_damage
4
-0.15501900000000002 1.3025
-0.15001 1.3025
-0.15599000000000002 1.4015
-0.16099900000000003 1.4015
2.9

IMD6d2_damage
4
0.15000999999999995 1.3025
0.15501899999999996 1.3025
0.16099899999999998 1.4015
0.15598999999999996 1.4015
2.9

IMD6d2_damage
4
0.25898099999999996 1.3025
0.26398999999999995 1.3025
0.25800999999999996 1.4015
0.253001 1.4015
2.9

IMD6d2_damage
4
0.96901 1.3025
0.9740190000000001 1.3025
0.9799990000000001 1.4015
0.97499 1.4015
2.9

IMD6d2_damage
4
1.095981 1.3025
1.1009900000000001 1.3025
1.09501 1.4015
1.090001 1.4015
2.9

IMD6d2_damage
4
1.8060100000000001 1.3025
1.8110190000000002 1.3025
1.8169990000000003 1.4015
1.8119900000000002 1.4015
2.9

IMD6d2
4
-1.085 1.3025
-0.5870190000000001 1.3025
-0.592999 1.4015
-1.085 1.4015
2.65

IMD6d2
4
-0.27698100000000003 1.3025
-0.15501900000000002 1.3025
-0.16099900000000003 1.4015
-0.27100100000000005 1.4015
2.65

IMD6d2
4
0.15501899999999996 1.3025
0.25898099999999996 1.3025
0.253001 1.4015
0.16099899999999998 1.4015
2.65

IMD6d2
4
0.9740190000000001 1.3025
1.095981 1.3025
1.090001 1.4015
0.9799990000000001 1.4015
2.65

IMD6d2
4
1.8110190000000002 1.3025
2.309 1.3025
2.309 1.4015
1.8169990000000003 1.4015
2.65

IMD6d1
4
-1.085 1.2925
-0.591424 1.2925
-0.592028 1.3025
-1.085 1.3025
2.65

IMD6d1
4
-0.27257600000000004 1.2925
-0.159424 1.2925
-0.160028 1.3025
-0.27197200000000005 1.3025
2.65

IMD6d1
4
0.15942399999999995 1.2925
0.25457599999999997 1.2925
0.253972 1.3025
0.16002799999999995 1.3025
2.65

IMD6d1
4
0.978424 1.2925
1.091576 1.2925
1.090972 1.3025
0.979028 1.3025
2.65

IMD6d1
4
1.8154240000000001 1.2925
2.309 1.2925
2.309 1.3025
1.8160280000000002 1.3025
2.65

IMD6d1
4
-1.085 1.2745
2.309 1.2745
2.309 1.2925
-1.085 1.2925
2.65

FOXA+FOXB+TOX
4
-1.085 0.001
2.309 0.001
2.309 0.2665
-1.085 0.2665
4.0

ILD1a
4
-1.085 0.2665
2.309 0.2665
2.309 0.2765
-1.085 0.2765
7.0

ILD1b1+ILD1b2+ILD1b3
4
-1.085 0.2765
2.309 0.2765
2.309 0.3955
-1.085 0.3955
4.0

IMD1a
4
-1.085 0.3955
2.309 0.3955
2.309 0.4065
-1.085 0.4065
5.2

IMD1b
4
-1.085 0.4065
2.309 0.4065
2.309 0.4665
-1.085 0.4665
2.8

IMD2a
4
-1.085 0.4665
2.309 0.4665
2.309 0.4875
-1.085 0.4875
5.2

IMD2b
4
-1.085 0.4875
2.309 0.4875
2.309 0.5025
-1.085 0.5025
4.2

IMD2c
4
-1.085 0.5025
2.309 0.5025
2.309 0.5265
-1.085 0.5265
3.28

IMD2d1+IMD2d2
4
-1.085 0.5265
2.309 0.5265
2.309 0.6535
-1.085 0.6535
2.65

IMD3a
4
-1.085 0.6535
2.309 0.6535
2.309 0.6745
-1.085 0.6745
5.2

IMD3b
4
-1.085 0.6745
2.309 0.6745
2.309 0.6895
-1.085 0.6895
4.2

IMD3c
4
-1.085 0.6895
2.309 0.6895
2.309 0.7135
-1.085 0.7135
3.28

IMD3d1+IMD3d2
4
-1.085 0.7135
2.309 0.7135
2.309 0.8405
-1.085 0.8405
2.65

IMD4a
4
-1.085 0.8405
2.309 0.8405
2.309 0.8615
-1.085 0.8615
5.2

IMD4b
4
-1.085 0.8615
2.309 0.8615
2.309 0.8765
-1.085 0.8765
4.2

IMD4c
4
-1.085 0.8765
2.309 0.8765
2.309 0.9005
-1.085 0.9005
3.28

IMD4d1+IMD4d2
4
-1.085 0.9005
2.309 0.9005
2.309 1.0275
-1.085 1.0275
2.65

IMD5a
4
-1.085 1.0275
2.309 1.0275
2.309 1.0485
-1.085 1.0485
5.2

IMD5b
4
-1.085 1.0485
2.309 1.0485
2.309 1.0635
-1.085 1.0635
4.2

IMD5c
4
-1.085 1.0635
2.309 1.0635
2.309 1.0875
-1.085 1.0875
3.28

IMD5d1+IMD5d2
4
-1.085 1.0875
2.309 1.0875
2.309 1.2145
-1.085 1.2145
2.65

IMD6a
4
-1.085 1.2145
2.309 1.2145
2.309 1.2355
-1.085 1.2355
5.2

IMD6b
4
-1.085 1.2355
2.309 1.2355
2.309 1.2505
-1.085 1.2505
4.2

IMD6c
4
-1.085 1.2505
2.309 1.2505
2.309 1.2745
-1.085 1.2745
3.28

IMD7a
4
-1.085 1.4015
2.309 1.4015
2.309 1.4765
-1.085 1.4765
5.2

IMD7b1+IMD7b2
4
-1.085 1.4765
2.309 1.4765
2.309 2.9765
-1.085 2.9765
4.2

IMD8a
4
-1.085 2.9765
2.309 2.9765
2.309 3.0515
-1.085 3.0515
5.2

IMD8b1+IMD8b2
4
-1.085 3.0515
2.309 3.0515
2.309 4.5515
-1.085 4.5515
4.2

PASS1
4
-1.085 4.5515
2.309 4.5515
2.309 4.6265
-1.085 4.6265
7.0

PASS2
4
-1.085 4.6265
2.309 4.6265
2.309 5.0265
-1.085 5.0265
4.2

PASS3
4
-1.085 5.0265
2.309 5.0265
2.309 5.1015
-1.085 5.1015
7.0

PASS4+PASS5
4
-1.085 5.1015
2.309 5.1015
2.309 6.0515
-1.085 6.0515
4.2

PASS6
4
-1.085 6.0515
2.309 6.0515
2.309 6.6515
-1.085 6.6515
7.0

air_Layer
4
-1.085 6.6515
2.309 6.6515
2.309 6.9485
-1.085 6.9485
1.0


4
-1.085 0.001
2.309 0.001
2.309 6.9485
-1.085 6.9485

