c1
4
-0.05841999999999997 0.37050000000000005
0.05842000000000003 0.37050000000000005
0.06758000000000003 0.4665
-0.06757999999999997 0.4665

5
botleft
4
-0.905 -0.001
0 -0.001
0 0.001
-0.905 0.001

botright
4
0 -0.001
2.984 -0.001
2.984 0.001
0 0.001

lEnv
4
-0.40041999999999994 0.37050000000000005
-0.28357999999999994 0.37050000000000005
-0.27441999999999994 0.4665
-0.40957999999999994 0.4665

c2
4
0.31058 0.37050000000000005
1.2824199999999997 0.37050000000000005
1.2915799999999997 0.4665
0.30142 0.4665

rEnv
4
1.50758 0.37050000000000005
2.4794199999999997 0.37050000000000005
2.48858 0.4665
1.4984199999999999 0.4665


48
IMD1b
4
-0.905 0.40650000000000003
-0.40385499999999996 0.40650000000000003
-0.40957999999999994 0.4665
-0.905 0.4665
2.8

IMD1b
4
-0.2801449999999999 0.40650000000000003
-0.06185499999999997 0.40650000000000003
-0.06757999999999997 0.4665
-0.27441999999999994 0.4665
2.8

IMD1b
4
0.06185500000000003 0.40650000000000003
0.307145 0.40650000000000003
0.30142 0.4665
0.06758000000000003 0.4665
2.8

IMD1b
4
1.2858549999999997 0.40650000000000003
1.5041449999999998 0.40650000000000003
1.4984199999999999 0.4665
1.2915799999999997 0.4665
2.8

IMD1b
4
2.482855 0.40650000000000003
2.984 0.40650000000000003
2.984 0.4665
2.48858 0.4665
2.8

IMD1a
4
-0.905 0.3955
-0.40280541666666664 0.3955
-0.40385499999999996 0.40650000000000003
-0.905 0.40650000000000003
5.2

IMD1a
4
-0.28119458333333325 0.3955
-0.06080541666666664 0.3955
-0.06185499999999997 0.40650000000000003
-0.2801449999999999 0.40650000000000003
5.2

IMD1a
4
0.060805416666666695 0.3955
0.3081945833333333 0.3955
0.307145 0.40650000000000003
0.06185500000000003 0.40650000000000003
5.2

IMD1a
4
1.2848054166666665 0.3955
1.5051945833333331 0.3955
1.5041449999999998 0.40650000000000003
1.2858549999999997 0.40650000000000003
5.2

IMD1a
4
2.4818054166666665 0.3955
2.984 0.3955
2.984 0.40650000000000003
2.482855 0.40650000000000003
5.2

ILD1b3
4
-0.905 0.37050000000000005
-0.40041999999999994 0.37050000000000005
-0.40280541666666664 0.3955
-0.905 0.3955
4

ILD1b3
4
-0.28357999999999994 0.37050000000000005
-0.05841999999999997 0.37050000000000005
-0.06080541666666664 0.3955
-0.28119458333333325 0.3955
4

ILD1b3
4
0.05842000000000003 0.37050000000000005
0.31058 0.37050000000000005
0.3081945833333333 0.3955
0.060805416666666695 0.3955
4

ILD1b3
4
1.2824199999999997 0.37050000000000005
1.50758 0.37050000000000005
1.5051945833333331 0.3955
1.2848054166666665 0.3955
4

ILD1b3
4
2.4794199999999997 0.37050000000000005
2.984 0.37050000000000005
2.984 0.3955
2.4818054166666665 0.3955
4

ILD1b1+ILD1b2
4
-0.905 0.2765
2.984 0.2765
2.984 0.37050000000000005
-0.905 0.37050000000000005
4

FOXA+FOXB+TOX
4
-0.905 0.001
2.984 0.001
2.984 0.2665
-0.905 0.2665
4.0

ILD1a
4
-0.905 0.2665
2.984 0.2665
2.984 0.2765
-0.905 0.2765
7.0

IMD2a
4
-0.905 0.4665
2.984 0.4665
2.984 0.4875
-0.905 0.4875
5.2

IMD2b
4
-0.905 0.4875
2.984 0.4875
2.984 0.5025
-0.905 0.5025
4.2

IMD2c
4
-0.905 0.5025
2.984 0.5025
2.984 0.5265
-0.905 0.5265
3.28

IMD2d1+IMD2d2
4
-0.905 0.5265
2.984 0.5265
2.984 0.6535
-0.905 0.6535
2.65

IMD3a
4
-0.905 0.6535
2.984 0.6535
2.984 0.6745
-0.905 0.6745
5.2

IMD3b
4
-0.905 0.6745
2.984 0.6745
2.984 0.6895
-0.905 0.6895
4.2

IMD3c
4
-0.905 0.6895
2.984 0.6895
2.984 0.7135
-0.905 0.7135
3.28

IMD3d1+IMD3d2
4
-0.905 0.7135
2.984 0.7135
2.984 0.8405
-0.905 0.8405
2.65

IMD4a
4
-0.905 0.8405
2.984 0.8405
2.984 0.8615
-0.905 0.8615
5.2

IMD4b
4
-0.905 0.8615
2.984 0.8615
2.984 0.8765
-0.905 0.8765
4.2

IMD4c
4
-0.905 0.8765
2.984 0.8765
2.984 0.9005
-0.905 0.9005
3.28

IMD4d1+IMD4d2
4
-0.905 0.9005
2.984 0.9005
2.984 1.0275
-0.905 1.0275
2.65

IMD5a
4
-0.905 1.0275
2.984 1.0275
2.984 1.0485
-0.905 1.0485
5.2

IMD5b
4
-0.905 1.0485
2.984 1.0485
2.984 1.0635
-0.905 1.0635
4.2

IMD5c
4
-0.905 1.0635
2.984 1.0635
2.984 1.0875
-0.905 1.0875
3.28

IMD5d1+IMD5d2
4
-0.905 1.0875
2.984 1.0875
2.984 1.2145
-0.905 1.2145
2.65

IMD6a
4
-0.905 1.2145
2.984 1.2145
2.984 1.2355
-0.905 1.2355
5.2

IMD6b
4
-0.905 1.2355
2.984 1.2355
2.984 1.2505
-0.905 1.2505
4.2

IMD6c
4
-0.905 1.2505
2.984 1.2505
2.984 1.2745
-0.905 1.2745
3.28

IMD6d1+IMD6d2
4
-0.905 1.2745
2.984 1.2745
2.984 1.4015
-0.905 1.4015
2.65

IMD7a
4
-0.905 1.4015
2.984 1.4015
2.984 1.4765
-0.905 1.4765
5.2

IMD7b1+IMD7b2
4
-0.905 1.4765
2.984 1.4765
2.984 2.9765
-0.905 2.9765
4.2

IMD8a
4
-0.905 2.9765
2.984 2.9765
2.984 3.0515
-0.905 3.0515
5.2

IMD8b1+IMD8b2
4
-0.905 3.0515
2.984 3.0515
2.984 4.5515
-0.905 4.5515
4.2

PASS1
4
-0.905 4.5515
2.984 4.5515
2.984 4.6265
-0.905 4.6265
7.0

PASS2
4
-0.905 4.6265
2.984 4.6265
2.984 5.0265
-0.905 5.0265
4.2

PASS3
4
-0.905 5.0265
2.984 5.0265
2.984 5.1015
-0.905 5.1015
7.0

PASS4+PASS5
4
-0.905 5.1015
2.984 5.1015
2.984 6.0515
-0.905 6.0515
4.2

PASS6
4
-0.905 6.0515
2.984 6.0515
2.984 6.6515
-0.905 6.6515
7.0

air_Layer
4
-0.905 6.6515
2.984 6.6515
2.984 6.9485
-0.905 6.9485
1.0


4
-0.905 0.001
2.984 0.001
2.984 6.9485
-0.905 6.9485

