c1
4
-0.4875100000000002 1.3025
0.48751 1.3025
0.49349 1.4015
-0.4934900000000002 1.4015

5
botleft
4
-2.0975 -0.001
0 -0.001
0 0.001
-2.0975 0.001

botright
4
0 -0.001
1.7915 -0.001
1.7915 0.001
0 0.001

lEnv
4
-1.59451 1.3025
-0.6194900000000002 1.3025
-0.6135100000000002 1.4015
-1.6004900000000002 1.4015

c2
4
0.55649 1.3025
0.8565100000000002 1.3025
0.8624900000000002 1.4015
0.55051 1.4015

rEnv
4
0.98849 1.3025
1.28851 1.3025
1.2944900000000001 1.4015
0.98251 1.4015


57
IMD6d1_damage
4
-1.6039240000000001 1.2925
-0.6100760000000003 1.2925
-0.6094720000000002 1.3025
-1.6045280000000002 1.3025
3.1

IMD6d1_damage
4
-0.4969240000000002 1.2925
0.496924 1.2925
0.49752799999999997 1.3025
-0.4975280000000002 1.3025
3.1

IMD6d1_damage
4
0.5470760000000001 1.2925
0.8659240000000001 1.2925
0.8665280000000002 1.3025
0.5464720000000001 1.3025
3.1

IMD6d1_damage
4
0.9790760000000001 1.2925
1.297924 1.2925
1.2985280000000001 1.3025
0.978472 1.3025
3.1

IMD6d2_damage
4
-1.5995190000000001 1.3025
-1.59451 1.3025
-1.6004900000000002 1.4015
-1.6054990000000002 1.4015
2.9

IMD6d2_damage
4
-0.6194900000000002 1.3025
-0.6144810000000002 1.3025
-0.6085010000000002 1.4015
-0.6135100000000002 1.4015
2.9

IMD6d2_damage
4
-0.4925190000000002 1.3025
-0.4875100000000002 1.3025
-0.4934900000000002 1.4015
-0.4984990000000002 1.4015
2.9

IMD6d2_damage
4
0.48751 1.3025
0.492519 1.3025
0.49849899999999997 1.4015
0.49349 1.4015
2.9

IMD6d2_damage
4
0.551481 1.3025
0.55649 1.3025
0.55051 1.4015
0.545501 1.4015
2.9

IMD6d2_damage
4
0.8565100000000002 1.3025
0.8615190000000003 1.3025
0.8674990000000002 1.4015
0.8624900000000002 1.4015
2.9

IMD6d2_damage
4
0.9834809999999999 1.3025
0.98849 1.3025
0.98251 1.4015
0.977501 1.4015
2.9

IMD6d2_damage
4
1.28851 1.3025
1.293519 1.3025
1.2994990000000002 1.4015
1.2944900000000001 1.4015
2.9

IMD6d2
4
-2.0975 1.3025
-1.5995190000000001 1.3025
-1.6054990000000002 1.4015
-2.0975 1.4015
2.65

IMD6d2
4
-0.6144810000000002 1.3025
-0.4925190000000002 1.3025
-0.4984990000000002 1.4015
-0.6085010000000002 1.4015
2.65

IMD6d2
4
0.492519 1.3025
0.551481 1.3025
0.545501 1.4015
0.49849899999999997 1.4015
2.65

IMD6d2
4
0.8615190000000003 1.3025
0.9834809999999999 1.3025
0.977501 1.4015
0.8674990000000002 1.4015
2.65

IMD6d2
4
1.293519 1.3025
1.7915 1.3025
1.7915 1.4015
1.2994990000000002 1.4015
2.65

IMD6d1
4
-2.0975 1.2925
-1.6039240000000001 1.2925
-1.6045280000000002 1.3025
-2.0975 1.3025
2.65

IMD6d1
4
-0.6100760000000003 1.2925
-0.4969240000000002 1.2925
-0.4975280000000002 1.3025
-0.6094720000000002 1.3025
2.65

IMD6d1
4
0.496924 1.2925
0.5470760000000001 1.2925
0.5464720000000001 1.3025
0.49752799999999997 1.3025
2.65

IMD6d1
4
0.8659240000000001 1.2925
0.9790760000000001 1.2925
0.978472 1.3025
0.8665280000000002 1.3025
2.65

IMD6d1
4
1.297924 1.2925
1.7915 1.2925
1.7915 1.3025
1.2985280000000001 1.3025
2.65

IMD6d1
4
-2.0975 1.2745
1.7915 1.2745
1.7915 1.2925
-2.0975 1.2925
2.65

FOXA+FOXB+TOX
4
-2.0975 0.001
1.7915 0.001
1.7915 0.2665
-2.0975 0.2665
4.0

ILD1a
4
-2.0975 0.2665
1.7915 0.2665
1.7915 0.2765
-2.0975 0.2765
7.0

ILD1b1+ILD1b2+ILD1b3
4
-2.0975 0.2765
1.7915 0.2765
1.7915 0.3955
-2.0975 0.3955
4.0

IMD1a
4
-2.0975 0.3955
1.7915 0.3955
1.7915 0.4065
-2.0975 0.4065
5.2

IMD1b
4
-2.0975 0.4065
1.7915 0.4065
1.7915 0.4665
-2.0975 0.4665
2.8

IMD2a
4
-2.0975 0.4665
1.7915 0.4665
1.7915 0.4875
-2.0975 0.4875
5.2

IMD2b
4
-2.0975 0.4875
1.7915 0.4875
1.7915 0.5025
-2.0975 0.5025
4.2

IMD2c
4
-2.0975 0.5025
1.7915 0.5025
1.7915 0.5265
-2.0975 0.5265
3.28

IMD2d1+IMD2d2
4
-2.0975 0.5265
1.7915 0.5265
1.7915 0.6535
-2.0975 0.6535
2.65

IMD3a
4
-2.0975 0.6535
1.7915 0.6535
1.7915 0.6745
-2.0975 0.6745
5.2

IMD3b
4
-2.0975 0.6745
1.7915 0.6745
1.7915 0.6895
-2.0975 0.6895
4.2

IMD3c
4
-2.0975 0.6895
1.7915 0.6895
1.7915 0.7135
-2.0975 0.7135
3.28

IMD3d1+IMD3d2
4
-2.0975 0.7135
1.7915 0.7135
1.7915 0.8405
-2.0975 0.8405
2.65

IMD4a
4
-2.0975 0.8405
1.7915 0.8405
1.7915 0.8615
-2.0975 0.8615
5.2

IMD4b
4
-2.0975 0.8615
1.7915 0.8615
1.7915 0.8765
-2.0975 0.8765
4.2

IMD4c
4
-2.0975 0.8765
1.7915 0.8765
1.7915 0.9005
-2.0975 0.9005
3.28

IMD4d1+IMD4d2
4
-2.0975 0.9005
1.7915 0.9005
1.7915 1.0275
-2.0975 1.0275
2.65

IMD5a
4
-2.0975 1.0275
1.7915 1.0275
1.7915 1.0485
-2.0975 1.0485
5.2

IMD5b
4
-2.0975 1.0485
1.7915 1.0485
1.7915 1.0635
-2.0975 1.0635
4.2

IMD5c
4
-2.0975 1.0635
1.7915 1.0635
1.7915 1.0875
-2.0975 1.0875
3.28

IMD5d1+IMD5d2
4
-2.0975 1.0875
1.7915 1.0875
1.7915 1.2145
-2.0975 1.2145
2.65

IMD6a
4
-2.0975 1.2145
1.7915 1.2145
1.7915 1.2355
-2.0975 1.2355
5.2

IMD6b
4
-2.0975 1.2355
1.7915 1.2355
1.7915 1.2505
-2.0975 1.2505
4.2

IMD6c
4
-2.0975 1.2505
1.7915 1.2505
1.7915 1.2745
-2.0975 1.2745
3.28

IMD7a
4
-2.0975 1.4015
1.7915 1.4015
1.7915 1.4765
-2.0975 1.4765
5.2

IMD7b1+IMD7b2
4
-2.0975 1.4765
1.7915 1.4765
1.7915 2.9765
-2.0975 2.9765
4.2

IMD8a
4
-2.0975 2.9765
1.7915 2.9765
1.7915 3.0515
-2.0975 3.0515
5.2

IMD8b1+IMD8b2
4
-2.0975 3.0515
1.7915 3.0515
1.7915 4.5515
-2.0975 4.5515
4.2

PASS1
4
-2.0975 4.5515
1.7915 4.5515
1.7915 4.6265
-2.0975 4.6265
7.0

PASS2
4
-2.0975 4.6265
1.7915 4.6265
1.7915 5.0265
-2.0975 5.0265
4.2

PASS3
4
-2.0975 5.0265
1.7915 5.0265
1.7915 5.1015
-2.0975 5.1015
7.0

PASS4+PASS5
4
-2.0975 5.1015
1.7915 5.1015
1.7915 6.0515
-2.0975 6.0515
4.2

PASS6
4
-2.0975 6.0515
1.7915 6.0515
1.7915 6.6515
-2.0975 6.6515
7.0

air_Layer
4
-2.0975 6.6515
1.7915 6.6515
1.7915 6.9485
-2.0975 6.9485
1.0


4
-2.0975 0.001
1.7915 0.001
1.7915 6.9485
-2.0975 6.9485

