c1
4
-0.06001000000000002 0.7415
0.060009999999999994 0.7415
0.06599 0.8405
-0.06599000000000002 0.8405

5
botleft
4
-0.7250000000000001 -0.001
0 -0.001
0 0.001
-0.7250000000000001 0.001

botright
4
0 -0.001
2.174 -0.001
2.174 0.001
0 0.001

lEnv
4
-0.22201 0.7415
-0.10199000000000001 0.7415
-0.09601000000000001 0.8405
-0.22799000000000003 0.8405

c2
4
0.48899000000000004 0.7415
1.0590099999999998 0.7415
1.0649899999999999 0.8405
0.48301000000000005 0.8405

rEnv
4
1.10099 0.7415
1.6710099999999999 0.7415
1.67699 0.8405
1.0950099999999998 0.8405


57
IMD3d1_damage
4
-0.23142400000000002 0.7315
-0.092576 0.7315
-0.09197200000000001 0.7415
-0.232028 0.7415
3.1

IMD3d1_damage
4
-0.06942400000000003 0.7315
0.069424 0.7315
0.07002799999999999 0.7415
-0.07002800000000002 0.7415
3.1

IMD3d1_damage
4
0.47957600000000006 0.7315
1.0684239999999998 0.7315
1.0690279999999999 0.7415
0.47897200000000006 0.7415
3.1

IMD3d1_damage
4
1.0915759999999999 0.7315
1.680424 0.7315
1.681028 0.7415
1.0909719999999998 0.7415
3.1

IMD3d2_damage
4
-0.22701900000000003 0.7415
-0.22201 0.7415
-0.22799000000000003 0.8405
-0.23299900000000004 0.8405
2.9

IMD3d2_damage
4
-0.10199000000000001 0.7415
-0.09698100000000001 0.7415
-0.09100100000000001 0.8405
-0.09601000000000001 0.8405
2.9

IMD3d2_damage
4
-0.06501900000000002 0.7415
-0.06001000000000002 0.7415
-0.06599000000000002 0.8405
-0.07099900000000002 0.8405
2.9

IMD3d2_damage
4
0.060009999999999994 0.7415
0.065019 0.7415
0.07099899999999999 0.8405
0.06599 0.8405
2.9

IMD3d2_damage
4
0.48398100000000005 0.7415
0.48899000000000004 0.7415
0.48301000000000005 0.8405
0.47800100000000006 0.8405
2.9

IMD3d2_damage
4
1.0590099999999998 0.7415
1.0640189999999998 0.7415
1.069999 0.8405
1.0649899999999999 0.8405
2.9

IMD3d2_damage
4
1.0959809999999999 0.7415
1.10099 0.7415
1.0950099999999998 0.8405
1.0900009999999998 0.8405
2.9

IMD3d2_damage
4
1.6710099999999999 0.7415
1.676019 0.7415
1.681999 0.8405
1.67699 0.8405
2.9

IMD3d2
4
-0.7250000000000001 0.7415
-0.22701900000000003 0.7415
-0.23299900000000004 0.8405
-0.7250000000000001 0.8405
2.65

IMD3d2
4
-0.09698100000000001 0.7415
-0.06501900000000002 0.7415
-0.07099900000000002 0.8405
-0.09100100000000001 0.8405
2.65

IMD3d2
4
0.065019 0.7415
0.48398100000000005 0.7415
0.47800100000000006 0.8405
0.07099899999999999 0.8405
2.65

IMD3d2
4
1.0640189999999998 0.7415
1.0959809999999999 0.7415
1.0900009999999998 0.8405
1.069999 0.8405
2.65

IMD3d2
4
1.676019 0.7415
2.174 0.7415
2.174 0.8405
1.681999 0.8405
2.65

IMD3d1
4
-0.7250000000000001 0.7315
-0.23142400000000002 0.7315
-0.232028 0.7415
-0.7250000000000001 0.7415
2.65

IMD3d1
4
-0.092576 0.7315
-0.06942400000000003 0.7315
-0.07002800000000002 0.7415
-0.09197200000000001 0.7415
2.65

IMD3d1
4
0.069424 0.7315
0.47957600000000006 0.7315
0.47897200000000006 0.7415
0.07002799999999999 0.7415
2.65

IMD3d1
4
1.0684239999999998 0.7315
1.0915759999999999 0.7315
1.0909719999999998 0.7415
1.0690279999999999 0.7415
2.65

IMD3d1
4
1.680424 0.7315
2.174 0.7315
2.174 0.7415
1.681028 0.7415
2.65

IMD3d1
4
-0.7250000000000001 0.7135
2.174 0.7135
2.174 0.7315
-0.7250000000000001 0.7315
2.65

FOXA+FOXB+TOX
4
-0.7250000000000001 0.001
2.174 0.001
2.174 0.2665
-0.7250000000000001 0.2665
4.0

ILD1a
4
-0.7250000000000001 0.2665
2.174 0.2665
2.174 0.2765
-0.7250000000000001 0.2765
7.0

ILD1b1+ILD1b2+ILD1b3
4
-0.7250000000000001 0.2765
2.174 0.2765
2.174 0.3955
-0.7250000000000001 0.3955
4.0

IMD1a
4
-0.7250000000000001 0.3955
2.174 0.3955
2.174 0.4065
-0.7250000000000001 0.4065
5.2

IMD1b
4
-0.7250000000000001 0.4065
2.174 0.4065
2.174 0.4665
-0.7250000000000001 0.4665
2.8

IMD2a
4
-0.7250000000000001 0.4665
2.174 0.4665
2.174 0.4875
-0.7250000000000001 0.4875
5.2

IMD2b
4
-0.7250000000000001 0.4875
2.174 0.4875
2.174 0.5025
-0.7250000000000001 0.5025
4.2

IMD2c
4
-0.7250000000000001 0.5025
2.174 0.5025
2.174 0.5265
-0.7250000000000001 0.5265
3.28

IMD2d1+IMD2d2
4
-0.7250000000000001 0.5265
2.174 0.5265
2.174 0.6535
-0.7250000000000001 0.6535
2.65

IMD3a
4
-0.7250000000000001 0.6535
2.174 0.6535
2.174 0.6745
-0.7250000000000001 0.6745
5.2

IMD3b
4
-0.7250000000000001 0.6745
2.174 0.6745
2.174 0.6895
-0.7250000000000001 0.6895
4.2

IMD3c
4
-0.7250000000000001 0.6895
2.174 0.6895
2.174 0.7135
-0.7250000000000001 0.7135
3.28

IMD4a
4
-0.7250000000000001 0.8405
2.174 0.8405
2.174 0.8615
-0.7250000000000001 0.8615
5.2

IMD4b
4
-0.7250000000000001 0.8615
2.174 0.8615
2.174 0.8765
-0.7250000000000001 0.8765
4.2

IMD4c
4
-0.7250000000000001 0.8765
2.174 0.8765
2.174 0.9005
-0.7250000000000001 0.9005
3.28

IMD4d1+IMD4d2
4
-0.7250000000000001 0.9005
2.174 0.9005
2.174 1.0275
-0.7250000000000001 1.0275
2.65

IMD5a
4
-0.7250000000000001 1.0275
2.174 1.0275
2.174 1.0485
-0.7250000000000001 1.0485
5.2

IMD5b
4
-0.7250000000000001 1.0485
2.174 1.0485
2.174 1.0635
-0.7250000000000001 1.0635
4.2

IMD5c
4
-0.7250000000000001 1.0635
2.174 1.0635
2.174 1.0875
-0.7250000000000001 1.0875
3.28

IMD5d1+IMD5d2
4
-0.7250000000000001 1.0875
2.174 1.0875
2.174 1.2145
-0.7250000000000001 1.2145
2.65

IMD6a
4
-0.7250000000000001 1.2145
2.174 1.2145
2.174 1.2355
-0.7250000000000001 1.2355
5.2

IMD6b
4
-0.7250000000000001 1.2355
2.174 1.2355
2.174 1.2505
-0.7250000000000001 1.2505
4.2

IMD6c
4
-0.7250000000000001 1.2505
2.174 1.2505
2.174 1.2745
-0.7250000000000001 1.2745
3.28

IMD6d1+IMD6d2
4
-0.7250000000000001 1.2745
2.174 1.2745
2.174 1.4015
-0.7250000000000001 1.4015
2.65

IMD7a
4
-0.7250000000000001 1.4015
2.174 1.4015
2.174 1.4765
-0.7250000000000001 1.4765
5.2

IMD7b1+IMD7b2
4
-0.7250000000000001 1.4765
2.174 1.4765
2.174 2.9765
-0.7250000000000001 2.9765
4.2

IMD8a
4
-0.7250000000000001 2.9765
2.174 2.9765
2.174 3.0515
-0.7250000000000001 3.0515
5.2

IMD8b1+IMD8b2
4
-0.7250000000000001 3.0515
2.174 3.0515
2.174 4.5515
-0.7250000000000001 4.5515
4.2

PASS1
4
-0.7250000000000001 4.5515
2.174 4.5515
2.174 4.6265
-0.7250000000000001 4.6265
7.0

PASS2
4
-0.7250000000000001 4.6265
2.174 4.6265
2.174 5.0265
-0.7250000000000001 5.0265
4.2

PASS3
4
-0.7250000000000001 5.0265
2.174 5.0265
2.174 5.1015
-0.7250000000000001 5.1015
7.0

PASS4+PASS5
4
-0.7250000000000001 5.1015
2.174 5.1015
2.174 6.0515
-0.7250000000000001 6.0515
4.2

PASS6
4
-0.7250000000000001 6.0515
2.174 6.0515
2.174 6.6515
-0.7250000000000001 6.6515
7.0

air_Layer
4
-0.7250000000000001 6.6515
2.174 6.6515
2.174 6.9485
-0.7250000000000001 6.9485
1.0


4
-0.7250000000000001 0.001
2.174 0.001
2.174 6.9485
-0.7250000000000001 6.9485

