c1
4
-0.48751 0.9285000000000001
0.48751 0.9285000000000001
0.49349 1.0275
-0.49349 1.0275

5
botleft
4
-2.0075 -0.001
0 -0.001
0 0.001
-2.0075 0.001

botright
4
0 -0.001
2.9615 -0.001
2.9615 0.001
0 0.001

lEnv
4
-1.5045099999999998 0.9285000000000001
-0.5294899999999999 0.9285000000000001
-0.5235099999999999 1.0275
-1.5104899999999999 1.0275

c2
4
1.27649 0.9285000000000001
1.8465099999999994 0.9285000000000001
1.8524899999999995 1.0275
1.2705099999999998 1.0275

rEnv
4
1.8884899999999996 0.9285000000000001
2.4585099999999995 0.9285000000000001
2.4644899999999996 1.0275
1.8825099999999995 1.0275


57
IMD4d1_damage
4
-1.5139239999999998 0.9185000000000001
-0.520076 0.9185000000000001
-0.5194719999999999 0.9285000000000001
-1.5145279999999999 0.9285000000000001
3.1

IMD4d1_damage
4
-0.496924 0.9185000000000001
0.496924 0.9185000000000001
0.49752799999999997 0.9285000000000001
-0.49752799999999997 0.9285000000000001
3.1

IMD4d1_damage
4
1.2670759999999999 0.9185000000000001
1.8559239999999995 0.9185000000000001
1.8565279999999995 0.9285000000000001
1.2664719999999998 0.9285000000000001
3.1

IMD4d1_damage
4
1.8790759999999995 0.9185000000000001
2.4679239999999996 0.9185000000000001
2.4685279999999996 0.9285000000000001
1.8784719999999995 0.9285000000000001
3.1

IMD4d2_damage
4
-1.5095189999999998 0.9285000000000001
-1.5045099999999998 0.9285000000000001
-1.5104899999999999 1.0275
-1.515499 1.0275
2.9

IMD4d2_damage
4
-0.5294899999999999 0.9285000000000001
-0.5244809999999999 0.9285000000000001
-0.5185009999999999 1.0275
-0.5235099999999999 1.0275
2.9

IMD4d2_damage
4
-0.492519 0.9285000000000001
-0.48751 0.9285000000000001
-0.49349 1.0275
-0.49849899999999997 1.0275
2.9

IMD4d2_damage
4
0.48751 0.9285000000000001
0.492519 0.9285000000000001
0.49849899999999997 1.0275
0.49349 1.0275
2.9

IMD4d2_damage
4
1.2714809999999999 0.9285000000000001
1.27649 0.9285000000000001
1.2705099999999998 1.0275
1.2655009999999998 1.0275
2.9

IMD4d2_damage
4
1.8465099999999994 0.9285000000000001
1.8515189999999995 0.9285000000000001
1.8574989999999996 1.0275
1.8524899999999995 1.0275
2.9

IMD4d2_damage
4
1.8834809999999995 0.9285000000000001
1.8884899999999996 0.9285000000000001
1.8825099999999995 1.0275
1.8775009999999994 1.0275
2.9

IMD4d2_damage
4
2.4585099999999995 0.9285000000000001
2.4635189999999993 0.9285000000000001
2.4694989999999994 1.0275
2.4644899999999996 1.0275
2.9

IMD4d2
4
-2.0075 0.9285000000000001
-1.5095189999999998 0.9285000000000001
-1.515499 1.0275
-2.0075 1.0275
2.65

IMD4d2
4
-0.5244809999999999 0.9285000000000001
-0.492519 0.9285000000000001
-0.49849899999999997 1.0275
-0.5185009999999999 1.0275
2.65

IMD4d2
4
0.492519 0.9285000000000001
1.2714809999999999 0.9285000000000001
1.2655009999999998 1.0275
0.49849899999999997 1.0275
2.65

IMD4d2
4
1.8515189999999995 0.9285000000000001
1.8834809999999995 0.9285000000000001
1.8775009999999994 1.0275
1.8574989999999996 1.0275
2.65

IMD4d2
4
2.4635189999999993 0.9285000000000001
2.9615 0.9285000000000001
2.9615 1.0275
2.4694989999999994 1.0275
2.65

IMD4d1
4
-2.0075 0.9185000000000001
-1.5139239999999998 0.9185000000000001
-1.5145279999999999 0.9285000000000001
-2.0075 0.9285000000000001
2.65

IMD4d1
4
-0.520076 0.9185000000000001
-0.496924 0.9185000000000001
-0.49752799999999997 0.9285000000000001
-0.5194719999999999 0.9285000000000001
2.65

IMD4d1
4
0.496924 0.9185000000000001
1.2670759999999999 0.9185000000000001
1.2664719999999998 0.9285000000000001
0.49752799999999997 0.9285000000000001
2.65

IMD4d1
4
1.8559239999999995 0.9185000000000001
1.8790759999999995 0.9185000000000001
1.8784719999999995 0.9285000000000001
1.8565279999999995 0.9285000000000001
2.65

IMD4d1
4
2.4679239999999996 0.9185000000000001
2.9615 0.9185000000000001
2.9615 0.9285000000000001
2.4685279999999996 0.9285000000000001
2.65

IMD4d1
4
-2.0075 0.9005
2.9615 0.9005
2.9615 0.9185000000000001
-2.0075 0.9185000000000001
2.65

FOXA+FOXB+TOX
4
-2.0075 0.001
2.9615 0.001
2.9615 0.2665
-2.0075 0.2665
4.0

ILD1a
4
-2.0075 0.2665
2.9615 0.2665
2.9615 0.2765
-2.0075 0.2765
7.0

ILD1b1+ILD1b2+ILD1b3
4
-2.0075 0.2765
2.9615 0.2765
2.9615 0.3955
-2.0075 0.3955
4.0

IMD1a
4
-2.0075 0.3955
2.9615 0.3955
2.9615 0.4065
-2.0075 0.4065
5.2

IMD1b
4
-2.0075 0.4065
2.9615 0.4065
2.9615 0.4665
-2.0075 0.4665
2.8

IMD2a
4
-2.0075 0.4665
2.9615 0.4665
2.9615 0.4875
-2.0075 0.4875
5.2

IMD2b
4
-2.0075 0.4875
2.9615 0.4875
2.9615 0.5025
-2.0075 0.5025
4.2

IMD2c
4
-2.0075 0.5025
2.9615 0.5025
2.9615 0.5265
-2.0075 0.5265
3.28

IMD2d1+IMD2d2
4
-2.0075 0.5265
2.9615 0.5265
2.9615 0.6535
-2.0075 0.6535
2.65

IMD3a
4
-2.0075 0.6535
2.9615 0.6535
2.9615 0.6745
-2.0075 0.6745
5.2

IMD3b
4
-2.0075 0.6745
2.9615 0.6745
2.9615 0.6895
-2.0075 0.6895
4.2

IMD3c
4
-2.0075 0.6895
2.9615 0.6895
2.9615 0.7135
-2.0075 0.7135
3.28

IMD3d1+IMD3d2
4
-2.0075 0.7135
2.9615 0.7135
2.9615 0.8405
-2.0075 0.8405
2.65

IMD4a
4
-2.0075 0.8405
2.9615 0.8405
2.9615 0.8615
-2.0075 0.8615
5.2

IMD4b
4
-2.0075 0.8615
2.9615 0.8615
2.9615 0.8765
-2.0075 0.8765
4.2

IMD4c
4
-2.0075 0.8765
2.9615 0.8765
2.9615 0.9005
-2.0075 0.9005
3.28

IMD5a
4
-2.0075 1.0275
2.9615 1.0275
2.9615 1.0485
-2.0075 1.0485
5.2

IMD5b
4
-2.0075 1.0485
2.9615 1.0485
2.9615 1.0635
-2.0075 1.0635
4.2

IMD5c
4
-2.0075 1.0635
2.9615 1.0635
2.9615 1.0875
-2.0075 1.0875
3.28

IMD5d1+IMD5d2
4
-2.0075 1.0875
2.9615 1.0875
2.9615 1.2145
-2.0075 1.2145
2.65

IMD6a
4
-2.0075 1.2145
2.9615 1.2145
2.9615 1.2355
-2.0075 1.2355
5.2

IMD6b
4
-2.0075 1.2355
2.9615 1.2355
2.9615 1.2505
-2.0075 1.2505
4.2

IMD6c
4
-2.0075 1.2505
2.9615 1.2505
2.9615 1.2745
-2.0075 1.2745
3.28

IMD6d1+IMD6d2
4
-2.0075 1.2745
2.9615 1.2745
2.9615 1.4015
-2.0075 1.4015
2.65

IMD7a
4
-2.0075 1.4015
2.9615 1.4015
2.9615 1.4765
-2.0075 1.4765
5.2

IMD7b1+IMD7b2
4
-2.0075 1.4765
2.9615 1.4765
2.9615 2.9765
-2.0075 2.9765
4.2

IMD8a
4
-2.0075 2.9765
2.9615 2.9765
2.9615 3.0515
-2.0075 3.0515
5.2

IMD8b1+IMD8b2
4
-2.0075 3.0515
2.9615 3.0515
2.9615 4.5515
-2.0075 4.5515
4.2

PASS1
4
-2.0075 4.5515
2.9615 4.5515
2.9615 4.6265
-2.0075 4.6265
7.0

PASS2
4
-2.0075 4.6265
2.9615 4.6265
2.9615 5.0265
-2.0075 5.0265
4.2

PASS3
4
-2.0075 5.0265
2.9615 5.0265
2.9615 5.1015
-2.0075 5.1015
7.0

PASS4+PASS5
4
-2.0075 5.1015
2.9615 5.1015
2.9615 6.0515
-2.0075 6.0515
4.2

PASS6
4
-2.0075 6.0515
2.9615 6.0515
2.9615 6.6515
-2.0075 6.6515
7.0

air_Layer
4
-2.0075 6.6515
2.9615 6.6515
2.9615 6.9485
-2.0075 6.9485
1.0


4
-2.0075 0.001
2.9615 0.001
2.9615 6.9485
-2.0075 6.9485

