c1
4
-0.2850099999999999 1.3025
0.2850100000000001 1.3025
0.2909900000000001 1.4015
-0.29098999999999986 1.4015

5
botleft
4
-1.7599999999999998 -0.001
0 -0.001
0 0.001
-1.7599999999999998 0.001

botright
4
0 -0.001
1.8590000000000004 -0.001
1.8590000000000004 0.001
0 0.001

lEnv
4
-1.2570099999999997 1.3025
-0.6869899999999999 1.3025
-0.6810099999999999 1.4015
-1.2629899999999998 1.4015

c2
4
0.89399 1.3025
0.9240100000000001 1.3025
0.9299900000000001 1.4015
0.88801 1.4015

rEnv
4
1.3259900000000004 1.3025
1.3560100000000004 1.3025
1.3619900000000005 1.4015
1.3200100000000003 1.4015


57
IMD6d1_damage
4
-1.2664239999999998 1.2925
-0.677576 1.2925
-0.6769719999999999 1.3025
-1.2670279999999998 1.3025
3.1

IMD6d1_damage
4
-0.29442399999999985 1.2925
0.2944240000000001 1.2925
0.29502800000000007 1.3025
-0.29502799999999985 1.3025
3.1

IMD6d1_damage
4
0.884576 1.2925
0.933424 1.2925
0.9340280000000001 1.3025
0.883972 1.3025
3.1

IMD6d1_damage
4
1.3165760000000004 1.2925
1.3654240000000004 1.2925
1.3660280000000005 1.3025
1.3159720000000004 1.3025
3.1

IMD6d2_damage
4
-1.2620189999999998 1.3025
-1.2570099999999997 1.3025
-1.2629899999999998 1.4015
-1.2679989999999999 1.4015
2.9

IMD6d2_damage
4
-0.6869899999999999 1.3025
-0.6819809999999998 1.3025
-0.6760009999999999 1.4015
-0.6810099999999999 1.4015
2.9

IMD6d2_damage
4
-0.29001899999999986 1.3025
-0.2850099999999999 1.3025
-0.29098999999999986 1.4015
-0.29599899999999985 1.4015
2.9

IMD6d2_damage
4
0.2850100000000001 1.3025
0.2900190000000001 1.3025
0.29599900000000007 1.4015
0.2909900000000001 1.4015
2.9

IMD6d2_damage
4
0.8889809999999999 1.3025
0.89399 1.3025
0.88801 1.4015
0.8830009999999999 1.4015
2.9

IMD6d2_damage
4
0.9240100000000001 1.3025
0.9290190000000002 1.3025
0.9349990000000001 1.4015
0.9299900000000001 1.4015
2.9

IMD6d2_damage
4
1.3209810000000004 1.3025
1.3259900000000004 1.3025
1.3200100000000003 1.4015
1.3150010000000003 1.4015
2.9

IMD6d2_damage
4
1.3560100000000004 1.3025
1.3610190000000004 1.3025
1.3669990000000005 1.4015
1.3619900000000005 1.4015
2.9

IMD6d2
4
-1.7599999999999998 1.3025
-1.2620189999999998 1.3025
-1.2679989999999999 1.4015
-1.7599999999999998 1.4015
2.65

IMD6d2
4
-0.6819809999999998 1.3025
-0.29001899999999986 1.3025
-0.29599899999999985 1.4015
-0.6760009999999999 1.4015
2.65

IMD6d2
4
0.2900190000000001 1.3025
0.8889809999999999 1.3025
0.8830009999999999 1.4015
0.29599900000000007 1.4015
2.65

IMD6d2
4
0.9290190000000002 1.3025
1.3209810000000004 1.3025
1.3150010000000003 1.4015
0.9349990000000001 1.4015
2.65

IMD6d2
4
1.3610190000000004 1.3025
1.8590000000000004 1.3025
1.8590000000000004 1.4015
1.3669990000000005 1.4015
2.65

IMD6d1
4
-1.7599999999999998 1.2925
-1.2664239999999998 1.2925
-1.2670279999999998 1.3025
-1.7599999999999998 1.3025
2.65

IMD6d1
4
-0.677576 1.2925
-0.29442399999999985 1.2925
-0.29502799999999985 1.3025
-0.6769719999999999 1.3025
2.65

IMD6d1
4
0.2944240000000001 1.2925
0.884576 1.2925
0.883972 1.3025
0.29502800000000007 1.3025
2.65

IMD6d1
4
0.933424 1.2925
1.3165760000000004 1.2925
1.3159720000000004 1.3025
0.9340280000000001 1.3025
2.65

IMD6d1
4
1.3654240000000004 1.2925
1.8590000000000004 1.2925
1.8590000000000004 1.3025
1.3660280000000005 1.3025
2.65

IMD6d1
4
-1.7599999999999998 1.2745
1.8590000000000004 1.2745
1.8590000000000004 1.2925
-1.7599999999999998 1.2925
2.65

FOXA+FOXB+TOX
4
-1.7599999999999998 0.001
1.8590000000000004 0.001
1.8590000000000004 0.2665
-1.7599999999999998 0.2665
4.0

ILD1a
4
-1.7599999999999998 0.2665
1.8590000000000004 0.2665
1.8590000000000004 0.2765
-1.7599999999999998 0.2765
7.0

ILD1b1+ILD1b2+ILD1b3
4
-1.7599999999999998 0.2765
1.8590000000000004 0.2765
1.8590000000000004 0.3955
-1.7599999999999998 0.3955
4.0

IMD1a
4
-1.7599999999999998 0.3955
1.8590000000000004 0.3955
1.8590000000000004 0.4065
-1.7599999999999998 0.4065
5.2

IMD1b
4
-1.7599999999999998 0.4065
1.8590000000000004 0.4065
1.8590000000000004 0.4665
-1.7599999999999998 0.4665
2.8

IMD2a
4
-1.7599999999999998 0.4665
1.8590000000000004 0.4665
1.8590000000000004 0.4875
-1.7599999999999998 0.4875
5.2

IMD2b
4
-1.7599999999999998 0.4875
1.8590000000000004 0.4875
1.8590000000000004 0.5025
-1.7599999999999998 0.5025
4.2

IMD2c
4
-1.7599999999999998 0.5025
1.8590000000000004 0.5025
1.8590000000000004 0.5265
-1.7599999999999998 0.5265
3.28

IMD2d1+IMD2d2
4
-1.7599999999999998 0.5265
1.8590000000000004 0.5265
1.8590000000000004 0.6535
-1.7599999999999998 0.6535
2.65

IMD3a
4
-1.7599999999999998 0.6535
1.8590000000000004 0.6535
1.8590000000000004 0.6745
-1.7599999999999998 0.6745
5.2

IMD3b
4
-1.7599999999999998 0.6745
1.8590000000000004 0.6745
1.8590000000000004 0.6895
-1.7599999999999998 0.6895
4.2

IMD3c
4
-1.7599999999999998 0.6895
1.8590000000000004 0.6895
1.8590000000000004 0.7135
-1.7599999999999998 0.7135
3.28

IMD3d1+IMD3d2
4
-1.7599999999999998 0.7135
1.8590000000000004 0.7135
1.8590000000000004 0.8405
-1.7599999999999998 0.8405
2.65

IMD4a
4
-1.7599999999999998 0.8405
1.8590000000000004 0.8405
1.8590000000000004 0.8615
-1.7599999999999998 0.8615
5.2

IMD4b
4
-1.7599999999999998 0.8615
1.8590000000000004 0.8615
1.8590000000000004 0.8765
-1.7599999999999998 0.8765
4.2

IMD4c
4
-1.7599999999999998 0.8765
1.8590000000000004 0.8765
1.8590000000000004 0.9005
-1.7599999999999998 0.9005
3.28

IMD4d1+IMD4d2
4
-1.7599999999999998 0.9005
1.8590000000000004 0.9005
1.8590000000000004 1.0275
-1.7599999999999998 1.0275
2.65

IMD5a
4
-1.7599999999999998 1.0275
1.8590000000000004 1.0275
1.8590000000000004 1.0485
-1.7599999999999998 1.0485
5.2

IMD5b
4
-1.7599999999999998 1.0485
1.8590000000000004 1.0485
1.8590000000000004 1.0635
-1.7599999999999998 1.0635
4.2

IMD5c
4
-1.7599999999999998 1.0635
1.8590000000000004 1.0635
1.8590000000000004 1.0875
-1.7599999999999998 1.0875
3.28

IMD5d1+IMD5d2
4
-1.7599999999999998 1.0875
1.8590000000000004 1.0875
1.8590000000000004 1.2145
-1.7599999999999998 1.2145
2.65

IMD6a
4
-1.7599999999999998 1.2145
1.8590000000000004 1.2145
1.8590000000000004 1.2355
-1.7599999999999998 1.2355
5.2

IMD6b
4
-1.7599999999999998 1.2355
1.8590000000000004 1.2355
1.8590000000000004 1.2505
-1.7599999999999998 1.2505
4.2

IMD6c
4
-1.7599999999999998 1.2505
1.8590000000000004 1.2505
1.8590000000000004 1.2745
-1.7599999999999998 1.2745
3.28

IMD7a
4
-1.7599999999999998 1.4015
1.8590000000000004 1.4015
1.8590000000000004 1.4765
-1.7599999999999998 1.4765
5.2

IMD7b1+IMD7b2
4
-1.7599999999999998 1.4765
1.8590000000000004 1.4765
1.8590000000000004 2.9765
-1.7599999999999998 2.9765
4.2

IMD8a
4
-1.7599999999999998 2.9765
1.8590000000000004 2.9765
1.8590000000000004 3.0515
-1.7599999999999998 3.0515
5.2

IMD8b1+IMD8b2
4
-1.7599999999999998 3.0515
1.8590000000000004 3.0515
1.8590000000000004 4.5515
-1.7599999999999998 4.5515
4.2

PASS1
4
-1.7599999999999998 4.5515
1.8590000000000004 4.5515
1.8590000000000004 4.6265
-1.7599999999999998 4.6265
7.0

PASS2
4
-1.7599999999999998 4.6265
1.8590000000000004 4.6265
1.8590000000000004 5.0265
-1.7599999999999998 5.0265
4.2

PASS3
4
-1.7599999999999998 5.0265
1.8590000000000004 5.0265
1.8590000000000004 5.1015
-1.7599999999999998 5.1015
7.0

PASS4+PASS5
4
-1.7599999999999998 5.1015
1.8590000000000004 5.1015
1.8590000000000004 6.0515
-1.7599999999999998 6.0515
4.2

PASS6
4
-1.7599999999999998 6.0515
1.8590000000000004 6.0515
1.8590000000000004 6.6515
-1.7599999999999998 6.6515
7.0

air_Layer
4
-1.7599999999999998 6.6515
1.8590000000000004 6.6515
1.8590000000000004 6.9485
-1.7599999999999998 6.9485
1.0


4
-1.7599999999999998 0.001
1.8590000000000004 0.001
1.8590000000000004 6.9485
-1.7599999999999998 6.9485

