c1
4
-0.15000999999999995 0.7415
0.15000999999999995 0.7415
0.15598999999999996 0.8405
-0.15598999999999996 0.8405

5
botleft
4
-1.175 -0.001
0 -0.001
0 0.001
-1.175 0.001

botright
4
0 -0.001
2.219 -0.001
2.219 0.001
0 0.001

lEnv
4
-0.67201 0.7415
-0.37199 0.7415
-0.36601 0.8405
-0.67799 0.8405

c2
4
0.8939899999999998 0.7415
1.1940099999999996 0.7415
1.1999899999999997 0.8405
0.8880099999999999 0.8405

rEnv
4
1.4159899999999999 0.7415
1.7160099999999998 0.7415
1.72199 0.8405
1.4100099999999998 0.8405


57
IMD3d1_damage
4
-0.6814239999999999 0.7315
-0.362576 0.7315
-0.361972 0.7415
-0.682028 0.7415
3.1

IMD3d1_damage
4
-0.15942399999999995 0.7315
0.15942399999999995 0.7315
0.16002799999999995 0.7415
-0.16002799999999995 0.7415
3.1

IMD3d1_damage
4
0.8845759999999999 0.7315
1.2034239999999996 0.7315
1.2040279999999997 0.7415
0.8839719999999999 0.7415
3.1

IMD3d1_damage
4
1.4065759999999998 0.7315
1.7254239999999998 0.7315
1.726028 0.7415
1.4059719999999998 0.7415
3.1

IMD3d2_damage
4
-0.677019 0.7415
-0.67201 0.7415
-0.67799 0.8405
-0.682999 0.8405
2.9

IMD3d2_damage
4
-0.37199 0.7415
-0.366981 0.7415
-0.361001 0.8405
-0.36601 0.8405
2.9

IMD3d2_damage
4
-0.15501899999999996 0.7415
-0.15000999999999995 0.7415
-0.15598999999999996 0.8405
-0.16099899999999998 0.8405
2.9

IMD3d2_damage
4
0.15000999999999995 0.7415
0.15501899999999996 0.7415
0.16099899999999998 0.8405
0.15598999999999996 0.8405
2.9

IMD3d2_damage
4
0.8889809999999998 0.7415
0.8939899999999998 0.7415
0.8880099999999999 0.8405
0.8830009999999998 0.8405
2.9

IMD3d2_damage
4
1.1940099999999996 0.7415
1.1990189999999996 0.7415
1.2049989999999997 0.8405
1.1999899999999997 0.8405
2.9

IMD3d2_damage
4
1.4109809999999998 0.7415
1.4159899999999999 0.7415
1.4100099999999998 0.8405
1.4050009999999997 0.8405
2.9

IMD3d2_damage
4
1.7160099999999998 0.7415
1.7210189999999999 0.7415
1.726999 0.8405
1.72199 0.8405
2.9

IMD3d2
4
-1.175 0.7415
-0.677019 0.7415
-0.682999 0.8405
-1.175 0.8405
2.65

IMD3d2
4
-0.366981 0.7415
-0.15501899999999996 0.7415
-0.16099899999999998 0.8405
-0.361001 0.8405
2.65

IMD3d2
4
0.15501899999999996 0.7415
0.8889809999999998 0.7415
0.8830009999999998 0.8405
0.16099899999999998 0.8405
2.65

IMD3d2
4
1.1990189999999996 0.7415
1.4109809999999998 0.7415
1.4050009999999997 0.8405
1.2049989999999997 0.8405
2.65

IMD3d2
4
1.7210189999999999 0.7415
2.219 0.7415
2.219 0.8405
1.726999 0.8405
2.65

IMD3d1
4
-1.175 0.7315
-0.6814239999999999 0.7315
-0.682028 0.7415
-1.175 0.7415
2.65

IMD3d1
4
-0.362576 0.7315
-0.15942399999999995 0.7315
-0.16002799999999995 0.7415
-0.361972 0.7415
2.65

IMD3d1
4
0.15942399999999995 0.7315
0.8845759999999999 0.7315
0.8839719999999999 0.7415
0.16002799999999995 0.7415
2.65

IMD3d1
4
1.2034239999999996 0.7315
1.4065759999999998 0.7315
1.4059719999999998 0.7415
1.2040279999999997 0.7415
2.65

IMD3d1
4
1.7254239999999998 0.7315
2.219 0.7315
2.219 0.7415
1.726028 0.7415
2.65

IMD3d1
4
-1.175 0.7135
2.219 0.7135
2.219 0.7315
-1.175 0.7315
2.65

FOXA+FOXB+TOX
4
-1.175 0.001
2.219 0.001
2.219 0.2665
-1.175 0.2665
4.0

ILD1a
4
-1.175 0.2665
2.219 0.2665
2.219 0.2765
-1.175 0.2765
7.0

ILD1b1+ILD1b2+ILD1b3
4
-1.175 0.2765
2.219 0.2765
2.219 0.3955
-1.175 0.3955
4.0

IMD1a
4
-1.175 0.3955
2.219 0.3955
2.219 0.4065
-1.175 0.4065
5.2

IMD1b
4
-1.175 0.4065
2.219 0.4065
2.219 0.4665
-1.175 0.4665
2.8

IMD2a
4
-1.175 0.4665
2.219 0.4665
2.219 0.4875
-1.175 0.4875
5.2

IMD2b
4
-1.175 0.4875
2.219 0.4875
2.219 0.5025
-1.175 0.5025
4.2

IMD2c
4
-1.175 0.5025
2.219 0.5025
2.219 0.5265
-1.175 0.5265
3.28

IMD2d1+IMD2d2
4
-1.175 0.5265
2.219 0.5265
2.219 0.6535
-1.175 0.6535
2.65

IMD3a
4
-1.175 0.6535
2.219 0.6535
2.219 0.6745
-1.175 0.6745
5.2

IMD3b
4
-1.175 0.6745
2.219 0.6745
2.219 0.6895
-1.175 0.6895
4.2

IMD3c
4
-1.175 0.6895
2.219 0.6895
2.219 0.7135
-1.175 0.7135
3.28

IMD4a
4
-1.175 0.8405
2.219 0.8405
2.219 0.8615
-1.175 0.8615
5.2

IMD4b
4
-1.175 0.8615
2.219 0.8615
2.219 0.8765
-1.175 0.8765
4.2

IMD4c
4
-1.175 0.8765
2.219 0.8765
2.219 0.9005
-1.175 0.9005
3.28

IMD4d1+IMD4d2
4
-1.175 0.9005
2.219 0.9005
2.219 1.0275
-1.175 1.0275
2.65

IMD5a
4
-1.175 1.0275
2.219 1.0275
2.219 1.0485
-1.175 1.0485
5.2

IMD5b
4
-1.175 1.0485
2.219 1.0485
2.219 1.0635
-1.175 1.0635
4.2

IMD5c
4
-1.175 1.0635
2.219 1.0635
2.219 1.0875
-1.175 1.0875
3.28

IMD5d1+IMD5d2
4
-1.175 1.0875
2.219 1.0875
2.219 1.2145
-1.175 1.2145
2.65

IMD6a
4
-1.175 1.2145
2.219 1.2145
2.219 1.2355
-1.175 1.2355
5.2

IMD6b
4
-1.175 1.2355
2.219 1.2355
2.219 1.2505
-1.175 1.2505
4.2

IMD6c
4
-1.175 1.2505
2.219 1.2505
2.219 1.2745
-1.175 1.2745
3.28

IMD6d1+IMD6d2
4
-1.175 1.2745
2.219 1.2745
2.219 1.4015
-1.175 1.4015
2.65

IMD7a
4
-1.175 1.4015
2.219 1.4015
2.219 1.4765
-1.175 1.4765
5.2

IMD7b1+IMD7b2
4
-1.175 1.4765
2.219 1.4765
2.219 2.9765
-1.175 2.9765
4.2

IMD8a
4
-1.175 2.9765
2.219 2.9765
2.219 3.0515
-1.175 3.0515
5.2

IMD8b1+IMD8b2
4
-1.175 3.0515
2.219 3.0515
2.219 4.5515
-1.175 4.5515
4.2

PASS1
4
-1.175 4.5515
2.219 4.5515
2.219 4.6265
-1.175 4.6265
7.0

PASS2
4
-1.175 4.6265
2.219 4.6265
2.219 5.0265
-1.175 5.0265
4.2

PASS3
4
-1.175 5.0265
2.219 5.0265
2.219 5.1015
-1.175 5.1015
7.0

PASS4+PASS5
4
-1.175 5.1015
2.219 5.1015
2.219 6.0515
-1.175 6.0515
4.2

PASS6
4
-1.175 6.0515
2.219 6.0515
2.219 6.6515
-1.175 6.6515
7.0

air_Layer
4
-1.175 6.6515
2.219 6.6515
2.219 6.9485
-1.175 6.9485
1.0


4
-1.175 0.001
2.219 0.001
2.219 6.9485
-1.175 6.9485

