c1
4
-0.15001 0.5545
0.15000999999999995 0.5545
0.15598999999999996 0.6535
-0.15599000000000002 0.6535

5
botleft
4
-1.085 -0.001
0 -0.001
0 0.001
-1.085 0.001

botright
4
0 -0.001
1.6790000000000003 -0.001
1.6790000000000003 0.001
0 0.001

lEnv
4
-0.58201 0.5545
-0.28199 0.5545
-0.27601000000000003 0.6535
-0.58799 0.6535

c2
4
0.8039900000000001 0.5545
0.9240100000000001 0.5545
0.9299900000000001 0.6535
0.7980100000000001 0.6535

rEnv
4
1.0559900000000002 0.5545
1.17601 0.5545
1.18199 0.6535
1.05001 0.6535


57
IMD2d1_damage
4
-0.591424 0.5445
-0.27257600000000004 0.5445
-0.27197200000000005 0.5545
-0.592028 0.5545
3.1

IMD2d1_damage
4
-0.159424 0.5445
0.15942399999999995 0.5445
0.16002799999999995 0.5545
-0.160028 0.5545
3.1

IMD2d1_damage
4
0.7945760000000002 0.5445
0.933424 0.5445
0.9340280000000001 0.5545
0.7939720000000001 0.5545
3.1

IMD2d1_damage
4
1.0465760000000002 0.5445
1.185424 0.5445
1.186028 0.5545
1.0459720000000001 0.5545
3.1

IMD2d2_damage
4
-0.5870190000000001 0.5545
-0.58201 0.5545
-0.58799 0.6535
-0.592999 0.6535
2.9

IMD2d2_damage
4
-0.28199 0.5545
-0.27698100000000003 0.5545
-0.27100100000000005 0.6535
-0.27601000000000003 0.6535
2.9

IMD2d2_damage
4
-0.15501900000000002 0.5545
-0.15001 0.5545
-0.15599000000000002 0.6535
-0.16099900000000003 0.6535
2.9

IMD2d2_damage
4
0.15000999999999995 0.5545
0.15501899999999996 0.5545
0.16099899999999998 0.6535
0.15598999999999996 0.6535
2.9

IMD2d2_damage
4
0.798981 0.5545
0.8039900000000001 0.5545
0.7980100000000001 0.6535
0.7930010000000001 0.6535
2.9

IMD2d2_damage
4
0.9240100000000001 0.5545
0.9290190000000002 0.5545
0.9349990000000001 0.6535
0.9299900000000001 0.6535
2.9

IMD2d2_damage
4
1.0509810000000002 0.5545
1.0559900000000002 0.5545
1.05001 0.6535
1.045001 0.6535
2.9

IMD2d2_damage
4
1.17601 0.5545
1.181019 0.5545
1.1869990000000001 0.6535
1.18199 0.6535
2.9

IMD2d2
4
-1.085 0.5545
-0.5870190000000001 0.5545
-0.592999 0.6535
-1.085 0.6535
2.65

IMD2d2
4
-0.27698100000000003 0.5545
-0.15501900000000002 0.5545
-0.16099900000000003 0.6535
-0.27100100000000005 0.6535
2.65

IMD2d2
4
0.15501899999999996 0.5545
0.798981 0.5545
0.7930010000000001 0.6535
0.16099899999999998 0.6535
2.65

IMD2d2
4
0.9290190000000002 0.5545
1.0509810000000002 0.5545
1.045001 0.6535
0.9349990000000001 0.6535
2.65

IMD2d2
4
1.181019 0.5545
1.6790000000000003 0.5545
1.6790000000000003 0.6535
1.1869990000000001 0.6535
2.65

IMD2d1
4
-1.085 0.5445
-0.591424 0.5445
-0.592028 0.5545
-1.085 0.5545
2.65

IMD2d1
4
-0.27257600000000004 0.5445
-0.159424 0.5445
-0.160028 0.5545
-0.27197200000000005 0.5545
2.65

IMD2d1
4
0.15942399999999995 0.5445
0.7945760000000002 0.5445
0.7939720000000001 0.5545
0.16002799999999995 0.5545
2.65

IMD2d1
4
0.933424 0.5445
1.0465760000000002 0.5445
1.0459720000000001 0.5545
0.9340280000000001 0.5545
2.65

IMD2d1
4
1.185424 0.5445
1.6790000000000003 0.5445
1.6790000000000003 0.5545
1.186028 0.5545
2.65

IMD2d1
4
-1.085 0.5265
1.6790000000000003 0.5265
1.6790000000000003 0.5445
-1.085 0.5445
2.65

FOXA+FOXB+TOX
4
-1.085 0.001
1.6790000000000003 0.001
1.6790000000000003 0.2665
-1.085 0.2665
4.0

ILD1a
4
-1.085 0.2665
1.6790000000000003 0.2665
1.6790000000000003 0.2765
-1.085 0.2765
7.0

ILD1b1+ILD1b2+ILD1b3
4
-1.085 0.2765
1.6790000000000003 0.2765
1.6790000000000003 0.3955
-1.085 0.3955
4.0

IMD1a
4
-1.085 0.3955
1.6790000000000003 0.3955
1.6790000000000003 0.4065
-1.085 0.4065
5.2

IMD1b
4
-1.085 0.4065
1.6790000000000003 0.4065
1.6790000000000003 0.4665
-1.085 0.4665
2.8

IMD2a
4
-1.085 0.4665
1.6790000000000003 0.4665
1.6790000000000003 0.4875
-1.085 0.4875
5.2

IMD2b
4
-1.085 0.4875
1.6790000000000003 0.4875
1.6790000000000003 0.5025
-1.085 0.5025
4.2

IMD2c
4
-1.085 0.5025
1.6790000000000003 0.5025
1.6790000000000003 0.5265
-1.085 0.5265
3.28

IMD3a
4
-1.085 0.6535
1.6790000000000003 0.6535
1.6790000000000003 0.6745
-1.085 0.6745
5.2

IMD3b
4
-1.085 0.6745
1.6790000000000003 0.6745
1.6790000000000003 0.6895
-1.085 0.6895
4.2

IMD3c
4
-1.085 0.6895
1.6790000000000003 0.6895
1.6790000000000003 0.7135
-1.085 0.7135
3.28

IMD3d1+IMD3d2
4
-1.085 0.7135
1.6790000000000003 0.7135
1.6790000000000003 0.8405
-1.085 0.8405
2.65

IMD4a
4
-1.085 0.8405
1.6790000000000003 0.8405
1.6790000000000003 0.8615
-1.085 0.8615
5.2

IMD4b
4
-1.085 0.8615
1.6790000000000003 0.8615
1.6790000000000003 0.8765
-1.085 0.8765
4.2

IMD4c
4
-1.085 0.8765
1.6790000000000003 0.8765
1.6790000000000003 0.9005
-1.085 0.9005
3.28

IMD4d1+IMD4d2
4
-1.085 0.9005
1.6790000000000003 0.9005
1.6790000000000003 1.0275
-1.085 1.0275
2.65

IMD5a
4
-1.085 1.0275
1.6790000000000003 1.0275
1.6790000000000003 1.0485
-1.085 1.0485
5.2

IMD5b
4
-1.085 1.0485
1.6790000000000003 1.0485
1.6790000000000003 1.0635
-1.085 1.0635
4.2

IMD5c
4
-1.085 1.0635
1.6790000000000003 1.0635
1.6790000000000003 1.0875
-1.085 1.0875
3.28

IMD5d1+IMD5d2
4
-1.085 1.0875
1.6790000000000003 1.0875
1.6790000000000003 1.2145
-1.085 1.2145
2.65

IMD6a
4
-1.085 1.2145
1.6790000000000003 1.2145
1.6790000000000003 1.2355
-1.085 1.2355
5.2

IMD6b
4
-1.085 1.2355
1.6790000000000003 1.2355
1.6790000000000003 1.2505
-1.085 1.2505
4.2

IMD6c
4
-1.085 1.2505
1.6790000000000003 1.2505
1.6790000000000003 1.2745
-1.085 1.2745
3.28

IMD6d1+IMD6d2
4
-1.085 1.2745
1.6790000000000003 1.2745
1.6790000000000003 1.4015
-1.085 1.4015
2.65

IMD7a
4
-1.085 1.4015
1.6790000000000003 1.4015
1.6790000000000003 1.4765
-1.085 1.4765
5.2

IMD7b1+IMD7b2
4
-1.085 1.4765
1.6790000000000003 1.4765
1.6790000000000003 2.9765
-1.085 2.9765
4.2

IMD8a
4
-1.085 2.9765
1.6790000000000003 2.9765
1.6790000000000003 3.0515
-1.085 3.0515
5.2

IMD8b1+IMD8b2
4
-1.085 3.0515
1.6790000000000003 3.0515
1.6790000000000003 4.5515
-1.085 4.5515
4.2

PASS1
4
-1.085 4.5515
1.6790000000000003 4.5515
1.6790000000000003 4.6265
-1.085 4.6265
7.0

PASS2
4
-1.085 4.6265
1.6790000000000003 4.6265
1.6790000000000003 5.0265
-1.085 5.0265
4.2

PASS3
4
-1.085 5.0265
1.6790000000000003 5.0265
1.6790000000000003 5.1015
-1.085 5.1015
7.0

PASS4+PASS5
4
-1.085 5.1015
1.6790000000000003 5.1015
1.6790000000000003 6.0515
-1.085 6.0515
4.2

PASS6
4
-1.085 6.0515
1.6790000000000003 6.0515
1.6790000000000003 6.6515
-1.085 6.6515
7.0

air_Layer
4
-1.085 6.6515
1.6790000000000003 6.6515
1.6790000000000003 6.9485
-1.085 6.9485
1.0


4
-1.085 0.001
1.6790000000000003 0.001
1.6790000000000003 6.9485
-1.085 6.9485

