c1
4
-0.10501000000000003 1.3025
0.10500999999999998 1.3025
0.11098999999999998 1.4015
-0.11099000000000003 1.4015

5
botleft
4
-0.8600000000000001 -0.001
0 -0.001
0 0.001
-0.8600000000000001 0.001

botright
4
0 -0.001
3.2089999999999996 -0.001
3.2089999999999996 0.001
0 0.001

lEnv
4
-0.35701000000000005 1.3025
-0.14699000000000004 1.3025
-0.14101000000000002 1.4015
-0.36299000000000003 1.4015

c2
4
0.7139899999999999 1.3025
1.6890099999999997 1.3025
1.6949899999999998 1.4015
0.7080099999999999 1.4015

rEnv
4
1.7309899999999998 1.3025
2.7060099999999996 1.3025
2.7119899999999997 1.4015
1.7250099999999997 1.4015


57
IMD6d1_damage
4
-0.366424 1.2925
-0.13757600000000003 1.2925
-0.13697200000000004 1.3025
-0.367028 1.3025
3.1

IMD6d1_damage
4
-0.11442400000000004 1.2925
0.11442399999999998 1.2925
0.11502799999999998 1.3025
-0.11502800000000003 1.3025
3.1

IMD6d1_damage
4
0.704576 1.2925
1.6984239999999997 1.2925
1.6990279999999998 1.3025
0.7039719999999999 1.3025
3.1

IMD6d1_damage
4
1.7215759999999998 1.2925
2.7154239999999996 1.2925
2.7160279999999997 1.3025
1.7209719999999997 1.3025
3.1

IMD6d2_damage
4
-0.36201900000000004 1.3025
-0.35701000000000005 1.3025
-0.36299000000000003 1.4015
-0.367999 1.4015
2.9

IMD6d2_damage
4
-0.14699000000000004 1.3025
-0.14198100000000002 1.3025
-0.136001 1.4015
-0.14101000000000002 1.4015
2.9

IMD6d2_damage
4
-0.11001900000000003 1.3025
-0.10501000000000003 1.3025
-0.11099000000000003 1.4015
-0.11599900000000003 1.4015
2.9

IMD6d2_damage
4
0.10500999999999998 1.3025
0.11001899999999998 1.3025
0.11599899999999998 1.4015
0.11098999999999998 1.4015
2.9

IMD6d2_damage
4
0.7089809999999999 1.3025
0.7139899999999999 1.3025
0.7080099999999999 1.4015
0.7030009999999999 1.4015
2.9

IMD6d2_damage
4
1.6890099999999997 1.3025
1.6940189999999997 1.3025
1.6999989999999998 1.4015
1.6949899999999998 1.4015
2.9

IMD6d2_damage
4
1.7259809999999998 1.3025
1.7309899999999998 1.3025
1.7250099999999997 1.4015
1.7200009999999997 1.4015
2.9

IMD6d2_damage
4
2.7060099999999996 1.3025
2.7110189999999994 1.3025
2.7169989999999995 1.4015
2.7119899999999997 1.4015
2.9

IMD6d2
4
-0.8600000000000001 1.3025
-0.36201900000000004 1.3025
-0.367999 1.4015
-0.8600000000000001 1.4015
2.65

IMD6d2
4
-0.14198100000000002 1.3025
-0.11001900000000003 1.3025
-0.11599900000000003 1.4015
-0.136001 1.4015
2.65

IMD6d2
4
0.11001899999999998 1.3025
0.7089809999999999 1.3025
0.7030009999999999 1.4015
0.11599899999999998 1.4015
2.65

IMD6d2
4
1.6940189999999997 1.3025
1.7259809999999998 1.3025
1.7200009999999997 1.4015
1.6999989999999998 1.4015
2.65

IMD6d2
4
2.7110189999999994 1.3025
3.2089999999999996 1.3025
3.2089999999999996 1.4015
2.7169989999999995 1.4015
2.65

IMD6d1
4
-0.8600000000000001 1.2925
-0.366424 1.2925
-0.367028 1.3025
-0.8600000000000001 1.3025
2.65

IMD6d1
4
-0.13757600000000003 1.2925
-0.11442400000000004 1.2925
-0.11502800000000003 1.3025
-0.13697200000000004 1.3025
2.65

IMD6d1
4
0.11442399999999998 1.2925
0.704576 1.2925
0.7039719999999999 1.3025
0.11502799999999998 1.3025
2.65

IMD6d1
4
1.6984239999999997 1.2925
1.7215759999999998 1.2925
1.7209719999999997 1.3025
1.6990279999999998 1.3025
2.65

IMD6d1
4
2.7154239999999996 1.2925
3.2089999999999996 1.2925
3.2089999999999996 1.3025
2.7160279999999997 1.3025
2.65

IMD6d1
4
-0.8600000000000001 1.2745
3.2089999999999996 1.2745
3.2089999999999996 1.2925
-0.8600000000000001 1.2925
2.65

FOXA+FOXB+TOX
4
-0.8600000000000001 0.001
3.2089999999999996 0.001
3.2089999999999996 0.2665
-0.8600000000000001 0.2665
4.0

ILD1a
4
-0.8600000000000001 0.2665
3.2089999999999996 0.2665
3.2089999999999996 0.2765
-0.8600000000000001 0.2765
7.0

ILD1b1+ILD1b2+ILD1b3
4
-0.8600000000000001 0.2765
3.2089999999999996 0.2765
3.2089999999999996 0.3955
-0.8600000000000001 0.3955
4.0

IMD1a
4
-0.8600000000000001 0.3955
3.2089999999999996 0.3955
3.2089999999999996 0.4065
-0.8600000000000001 0.4065
5.2

IMD1b
4
-0.8600000000000001 0.4065
3.2089999999999996 0.4065
3.2089999999999996 0.4665
-0.8600000000000001 0.4665
2.8

IMD2a
4
-0.8600000000000001 0.4665
3.2089999999999996 0.4665
3.2089999999999996 0.4875
-0.8600000000000001 0.4875
5.2

IMD2b
4
-0.8600000000000001 0.4875
3.2089999999999996 0.4875
3.2089999999999996 0.5025
-0.8600000000000001 0.5025
4.2

IMD2c
4
-0.8600000000000001 0.5025
3.2089999999999996 0.5025
3.2089999999999996 0.5265
-0.8600000000000001 0.5265
3.28

IMD2d1+IMD2d2
4
-0.8600000000000001 0.5265
3.2089999999999996 0.5265
3.2089999999999996 0.6535
-0.8600000000000001 0.6535
2.65

IMD3a
4
-0.8600000000000001 0.6535
3.2089999999999996 0.6535
3.2089999999999996 0.6745
-0.8600000000000001 0.6745
5.2

IMD3b
4
-0.8600000000000001 0.6745
3.2089999999999996 0.6745
3.2089999999999996 0.6895
-0.8600000000000001 0.6895
4.2

IMD3c
4
-0.8600000000000001 0.6895
3.2089999999999996 0.6895
3.2089999999999996 0.7135
-0.8600000000000001 0.7135
3.28

IMD3d1+IMD3d2
4
-0.8600000000000001 0.7135
3.2089999999999996 0.7135
3.2089999999999996 0.8405
-0.8600000000000001 0.8405
2.65

IMD4a
4
-0.8600000000000001 0.8405
3.2089999999999996 0.8405
3.2089999999999996 0.8615
-0.8600000000000001 0.8615
5.2

IMD4b
4
-0.8600000000000001 0.8615
3.2089999999999996 0.8615
3.2089999999999996 0.8765
-0.8600000000000001 0.8765
4.2

IMD4c
4
-0.8600000000000001 0.8765
3.2089999999999996 0.8765
3.2089999999999996 0.9005
-0.8600000000000001 0.9005
3.28

IMD4d1+IMD4d2
4
-0.8600000000000001 0.9005
3.2089999999999996 0.9005
3.2089999999999996 1.0275
-0.8600000000000001 1.0275
2.65

IMD5a
4
-0.8600000000000001 1.0275
3.2089999999999996 1.0275
3.2089999999999996 1.0485
-0.8600000000000001 1.0485
5.2

IMD5b
4
-0.8600000000000001 1.0485
3.2089999999999996 1.0485
3.2089999999999996 1.0635
-0.8600000000000001 1.0635
4.2

IMD5c
4
-0.8600000000000001 1.0635
3.2089999999999996 1.0635
3.2089999999999996 1.0875
-0.8600000000000001 1.0875
3.28

IMD5d1+IMD5d2
4
-0.8600000000000001 1.0875
3.2089999999999996 1.0875
3.2089999999999996 1.2145
-0.8600000000000001 1.2145
2.65

IMD6a
4
-0.8600000000000001 1.2145
3.2089999999999996 1.2145
3.2089999999999996 1.2355
-0.8600000000000001 1.2355
5.2

IMD6b
4
-0.8600000000000001 1.2355
3.2089999999999996 1.2355
3.2089999999999996 1.2505
-0.8600000000000001 1.2505
4.2

IMD6c
4
-0.8600000000000001 1.2505
3.2089999999999996 1.2505
3.2089999999999996 1.2745
-0.8600000000000001 1.2745
3.28

IMD7a
4
-0.8600000000000001 1.4015
3.2089999999999996 1.4015
3.2089999999999996 1.4765
-0.8600000000000001 1.4765
5.2

IMD7b1+IMD7b2
4
-0.8600000000000001 1.4765
3.2089999999999996 1.4765
3.2089999999999996 2.9765
-0.8600000000000001 2.9765
4.2

IMD8a
4
-0.8600000000000001 2.9765
3.2089999999999996 2.9765
3.2089999999999996 3.0515
-0.8600000000000001 3.0515
5.2

IMD8b1+IMD8b2
4
-0.8600000000000001 3.0515
3.2089999999999996 3.0515
3.2089999999999996 4.5515
-0.8600000000000001 4.5515
4.2

PASS1
4
-0.8600000000000001 4.5515
3.2089999999999996 4.5515
3.2089999999999996 4.6265
-0.8600000000000001 4.6265
7.0

PASS2
4
-0.8600000000000001 4.6265
3.2089999999999996 4.6265
3.2089999999999996 5.0265
-0.8600000000000001 5.0265
4.2

PASS3
4
-0.8600000000000001 5.0265
3.2089999999999996 5.0265
3.2089999999999996 5.1015
-0.8600000000000001 5.1015
7.0

PASS4+PASS5
4
-0.8600000000000001 5.1015
3.2089999999999996 5.1015
3.2089999999999996 6.0515
-0.8600000000000001 6.0515
4.2

PASS6
4
-0.8600000000000001 6.0515
3.2089999999999996 6.0515
3.2089999999999996 6.6515
-0.8600000000000001 6.6515
7.0

air_Layer
4
-0.8600000000000001 6.6515
3.2089999999999996 6.6515
3.2089999999999996 6.9485
-0.8600000000000001 6.9485
1.0


4
-0.8600000000000001 0.001
3.2089999999999996 0.001
3.2089999999999996 6.9485
-0.8600000000000001 6.9485

