c1
4
-0.48751 0.5545
0.48751 0.5545
0.49349 0.6535
-0.49349 0.6535

5
botleft
4
-2.1875 -0.001
0 -0.001
0 0.001
-2.1875 0.001

botright
4
0 -0.001
2.7365 -0.001
2.7365 0.001
0 0.001

lEnv
4
-1.68451 0.5545
-0.7094900000000001 0.5545
-0.7035100000000001 0.6535
-1.69049 0.6535

c2
4
0.87149 0.5545
1.4415099999999996 0.5545
1.4474899999999997 0.6535
0.86551 0.6535

rEnv
4
1.66349 0.5545
2.2335099999999994 0.5545
2.2394899999999995 0.6535
1.6575099999999998 0.6535


57
IMD2d1_damage
4
-1.693924 0.5445
-0.7000760000000001 0.5445
-0.6994720000000001 0.5545
-1.694528 0.5545
3.1

IMD2d1_damage
4
-0.496924 0.5445
0.496924 0.5445
0.49752799999999997 0.5545
-0.49752799999999997 0.5545
3.1

IMD2d1_damage
4
0.8620760000000001 0.5445
1.4509239999999997 0.5445
1.4515279999999997 0.5545
0.861472 0.5545
3.1

IMD2d1_damage
4
1.6540759999999999 0.5445
2.2429239999999995 0.5445
2.2435279999999995 0.5545
1.6534719999999998 0.5545
3.1

IMD2d2_damage
4
-1.689519 0.5545
-1.68451 0.5545
-1.69049 0.6535
-1.695499 0.6535
2.9

IMD2d2_damage
4
-0.7094900000000001 0.5545
-0.704481 0.5545
-0.698501 0.6535
-0.7035100000000001 0.6535
2.9

IMD2d2_damage
4
-0.492519 0.5545
-0.48751 0.5545
-0.49349 0.6535
-0.49849899999999997 0.6535
2.9

IMD2d2_damage
4
0.48751 0.5545
0.492519 0.5545
0.49849899999999997 0.6535
0.49349 0.6535
2.9

IMD2d2_damage
4
0.866481 0.5545
0.87149 0.5545
0.86551 0.6535
0.860501 0.6535
2.9

IMD2d2_damage
4
1.4415099999999996 0.5545
1.4465189999999997 0.5545
1.4524989999999998 0.6535
1.4474899999999997 0.6535
2.9

IMD2d2_damage
4
1.6584809999999999 0.5545
1.66349 0.5545
1.6575099999999998 0.6535
1.6525009999999998 0.6535
2.9

IMD2d2_damage
4
2.2335099999999994 0.5545
2.2385189999999993 0.5545
2.2444989999999994 0.6535
2.2394899999999995 0.6535
2.9

IMD2d2
4
-2.1875 0.5545
-1.689519 0.5545
-1.695499 0.6535
-2.1875 0.6535
2.65

IMD2d2
4
-0.704481 0.5545
-0.492519 0.5545
-0.49849899999999997 0.6535
-0.698501 0.6535
2.65

IMD2d2
4
0.492519 0.5545
0.866481 0.5545
0.860501 0.6535
0.49849899999999997 0.6535
2.65

IMD2d2
4
1.4465189999999997 0.5545
1.6584809999999999 0.5545
1.6525009999999998 0.6535
1.4524989999999998 0.6535
2.65

IMD2d2
4
2.2385189999999993 0.5545
2.7365 0.5545
2.7365 0.6535
2.2444989999999994 0.6535
2.65

IMD2d1
4
-2.1875 0.5445
-1.693924 0.5445
-1.694528 0.5545
-2.1875 0.5545
2.65

IMD2d1
4
-0.7000760000000001 0.5445
-0.496924 0.5445
-0.49752799999999997 0.5545
-0.6994720000000001 0.5545
2.65

IMD2d1
4
0.496924 0.5445
0.8620760000000001 0.5445
0.861472 0.5545
0.49752799999999997 0.5545
2.65

IMD2d1
4
1.4509239999999997 0.5445
1.6540759999999999 0.5445
1.6534719999999998 0.5545
1.4515279999999997 0.5545
2.65

IMD2d1
4
2.2429239999999995 0.5445
2.7365 0.5445
2.7365 0.5545
2.2435279999999995 0.5545
2.65

IMD2d1
4
-2.1875 0.5265
2.7365 0.5265
2.7365 0.5445
-2.1875 0.5445
2.65

FOXA+FOXB+TOX
4
-2.1875 0.001
2.7365 0.001
2.7365 0.2665
-2.1875 0.2665
4.0

ILD1a
4
-2.1875 0.2665
2.7365 0.2665
2.7365 0.2765
-2.1875 0.2765
7.0

ILD1b1+ILD1b2+ILD1b3
4
-2.1875 0.2765
2.7365 0.2765
2.7365 0.3955
-2.1875 0.3955
4.0

IMD1a
4
-2.1875 0.3955
2.7365 0.3955
2.7365 0.4065
-2.1875 0.4065
5.2

IMD1b
4
-2.1875 0.4065
2.7365 0.4065
2.7365 0.4665
-2.1875 0.4665
2.8

IMD2a
4
-2.1875 0.4665
2.7365 0.4665
2.7365 0.4875
-2.1875 0.4875
5.2

IMD2b
4
-2.1875 0.4875
2.7365 0.4875
2.7365 0.5025
-2.1875 0.5025
4.2

IMD2c
4
-2.1875 0.5025
2.7365 0.5025
2.7365 0.5265
-2.1875 0.5265
3.28

IMD3a
4
-2.1875 0.6535
2.7365 0.6535
2.7365 0.6745
-2.1875 0.6745
5.2

IMD3b
4
-2.1875 0.6745
2.7365 0.6745
2.7365 0.6895
-2.1875 0.6895
4.2

IMD3c
4
-2.1875 0.6895
2.7365 0.6895
2.7365 0.7135
-2.1875 0.7135
3.28

IMD3d1+IMD3d2
4
-2.1875 0.7135
2.7365 0.7135
2.7365 0.8405
-2.1875 0.8405
2.65

IMD4a
4
-2.1875 0.8405
2.7365 0.8405
2.7365 0.8615
-2.1875 0.8615
5.2

IMD4b
4
-2.1875 0.8615
2.7365 0.8615
2.7365 0.8765
-2.1875 0.8765
4.2

IMD4c
4
-2.1875 0.8765
2.7365 0.8765
2.7365 0.9005
-2.1875 0.9005
3.28

IMD4d1+IMD4d2
4
-2.1875 0.9005
2.7365 0.9005
2.7365 1.0275
-2.1875 1.0275
2.65

IMD5a
4
-2.1875 1.0275
2.7365 1.0275
2.7365 1.0485
-2.1875 1.0485
5.2

IMD5b
4
-2.1875 1.0485
2.7365 1.0485
2.7365 1.0635
-2.1875 1.0635
4.2

IMD5c
4
-2.1875 1.0635
2.7365 1.0635
2.7365 1.0875
-2.1875 1.0875
3.28

IMD5d1+IMD5d2
4
-2.1875 1.0875
2.7365 1.0875
2.7365 1.2145
-2.1875 1.2145
2.65

IMD6a
4
-2.1875 1.2145
2.7365 1.2145
2.7365 1.2355
-2.1875 1.2355
5.2

IMD6b
4
-2.1875 1.2355
2.7365 1.2355
2.7365 1.2505
-2.1875 1.2505
4.2

IMD6c
4
-2.1875 1.2505
2.7365 1.2505
2.7365 1.2745
-2.1875 1.2745
3.28

IMD6d1+IMD6d2
4
-2.1875 1.2745
2.7365 1.2745
2.7365 1.4015
-2.1875 1.4015
2.65

IMD7a
4
-2.1875 1.4015
2.7365 1.4015
2.7365 1.4765
-2.1875 1.4765
5.2

IMD7b1+IMD7b2
4
-2.1875 1.4765
2.7365 1.4765
2.7365 2.9765
-2.1875 2.9765
4.2

IMD8a
4
-2.1875 2.9765
2.7365 2.9765
2.7365 3.0515
-2.1875 3.0515
5.2

IMD8b1+IMD8b2
4
-2.1875 3.0515
2.7365 3.0515
2.7365 4.5515
-2.1875 4.5515
4.2

PASS1
4
-2.1875 4.5515
2.7365 4.5515
2.7365 4.6265
-2.1875 4.6265
7.0

PASS2
4
-2.1875 4.6265
2.7365 4.6265
2.7365 5.0265
-2.1875 5.0265
4.2

PASS3
4
-2.1875 5.0265
2.7365 5.0265
2.7365 5.1015
-2.1875 5.1015
7.0

PASS4+PASS5
4
-2.1875 5.1015
2.7365 5.1015
2.7365 6.0515
-2.1875 6.0515
4.2

PASS6
4
-2.1875 6.0515
2.7365 6.0515
2.7365 6.6515
-2.1875 6.6515
7.0

air_Layer
4
-2.1875 6.6515
2.7365 6.6515
2.7365 6.9485
-2.1875 6.9485
1.0


4
-2.1875 0.001
2.7365 0.001
2.7365 6.9485
-2.1875 6.9485

