c1
4
-0.4875100000000002 0.9285000000000001
0.48751 0.9285000000000001
0.49349 1.0275
-0.4934900000000002 1.0275

5
botleft
4
-2.0975 -0.001
0 -0.001
0 0.001
-2.0975 0.001

botright
4
0 -0.001
3.4114999999999998 -0.001
3.4114999999999998 0.001
0 0.001

lEnv
4
-1.59451 0.9285000000000001
-0.6194900000000002 0.9285000000000001
-0.6135100000000002 1.0275
-1.6004900000000002 1.0275

c2
4
1.0964900000000002 0.9285000000000001
1.9365099999999997 0.9285000000000001
1.9424899999999998 1.0275
1.09051 1.0275

rEnv
4
2.0684899999999997 0.9285000000000001
2.9085099999999993 0.9285000000000001
2.9144899999999994 1.0275
2.0625099999999996 1.0275


57
IMD4d1_damage
4
-1.6039240000000001 0.9185000000000001
-0.6100760000000003 0.9185000000000001
-0.6094720000000002 0.9285000000000001
-1.6045280000000002 0.9285000000000001
3.1

IMD4d1_damage
4
-0.4969240000000002 0.9185000000000001
0.496924 0.9185000000000001
0.49752799999999997 0.9285000000000001
-0.4975280000000002 0.9285000000000001
3.1

IMD4d1_damage
4
1.0870760000000002 0.9185000000000001
1.9459239999999998 0.9185000000000001
1.9465279999999998 0.9285000000000001
1.086472 0.9285000000000001
3.1

IMD4d1_damage
4
2.0590759999999997 0.9185000000000001
2.9179239999999993 0.9185000000000001
2.9185279999999993 0.9285000000000001
2.0584719999999996 0.9285000000000001
3.1

IMD4d2_damage
4
-1.5995190000000001 0.9285000000000001
-1.59451 0.9285000000000001
-1.6004900000000002 1.0275
-1.6054990000000002 1.0275
2.9

IMD4d2_damage
4
-0.6194900000000002 0.9285000000000001
-0.6144810000000002 0.9285000000000001
-0.6085010000000002 1.0275
-0.6135100000000002 1.0275
2.9

IMD4d2_damage
4
-0.4925190000000002 0.9285000000000001
-0.4875100000000002 0.9285000000000001
-0.4934900000000002 1.0275
-0.4984990000000002 1.0275
2.9

IMD4d2_damage
4
0.48751 0.9285000000000001
0.492519 0.9285000000000001
0.49849899999999997 1.0275
0.49349 1.0275
2.9

IMD4d2_damage
4
1.0914810000000001 0.9285000000000001
1.0964900000000002 0.9285000000000001
1.09051 1.0275
1.085501 1.0275
2.9

IMD4d2_damage
4
1.9365099999999997 0.9285000000000001
1.9415189999999998 0.9285000000000001
1.9474989999999999 1.0275
1.9424899999999998 1.0275
2.9

IMD4d2_damage
4
2.063481 0.9285000000000001
2.0684899999999997 0.9285000000000001
2.0625099999999996 1.0275
2.057501 1.0275
2.9

IMD4d2_damage
4
2.9085099999999993 0.9285000000000001
2.913518999999999 0.9285000000000001
2.919498999999999 1.0275
2.9144899999999994 1.0275
2.9

IMD4d2
4
-2.0975 0.9285000000000001
-1.5995190000000001 0.9285000000000001
-1.6054990000000002 1.0275
-2.0975 1.0275
2.65

IMD4d2
4
-0.6144810000000002 0.9285000000000001
-0.4925190000000002 0.9285000000000001
-0.4984990000000002 1.0275
-0.6085010000000002 1.0275
2.65

IMD4d2
4
0.492519 0.9285000000000001
1.0914810000000001 0.9285000000000001
1.085501 1.0275
0.49849899999999997 1.0275
2.65

IMD4d2
4
1.9415189999999998 0.9285000000000001
2.063481 0.9285000000000001
2.057501 1.0275
1.9474989999999999 1.0275
2.65

IMD4d2
4
2.913518999999999 0.9285000000000001
3.4114999999999998 0.9285000000000001
3.4114999999999998 1.0275
2.919498999999999 1.0275
2.65

IMD4d1
4
-2.0975 0.9185000000000001
-1.6039240000000001 0.9185000000000001
-1.6045280000000002 0.9285000000000001
-2.0975 0.9285000000000001
2.65

IMD4d1
4
-0.6100760000000003 0.9185000000000001
-0.4969240000000002 0.9185000000000001
-0.4975280000000002 0.9285000000000001
-0.6094720000000002 0.9285000000000001
2.65

IMD4d1
4
0.496924 0.9185000000000001
1.0870760000000002 0.9185000000000001
1.086472 0.9285000000000001
0.49752799999999997 0.9285000000000001
2.65

IMD4d1
4
1.9459239999999998 0.9185000000000001
2.0590759999999997 0.9185000000000001
2.0584719999999996 0.9285000000000001
1.9465279999999998 0.9285000000000001
2.65

IMD4d1
4
2.9179239999999993 0.9185000000000001
3.4114999999999998 0.9185000000000001
3.4114999999999998 0.9285000000000001
2.9185279999999993 0.9285000000000001
2.65

IMD4d1
4
-2.0975 0.9005
3.4114999999999998 0.9005
3.4114999999999998 0.9185000000000001
-2.0975 0.9185000000000001
2.65

FOXA+FOXB+TOX
4
-2.0975 0.001
3.4114999999999998 0.001
3.4114999999999998 0.2665
-2.0975 0.2665
4.0

ILD1a
4
-2.0975 0.2665
3.4114999999999998 0.2665
3.4114999999999998 0.2765
-2.0975 0.2765
7.0

ILD1b1+ILD1b2+ILD1b3
4
-2.0975 0.2765
3.4114999999999998 0.2765
3.4114999999999998 0.3955
-2.0975 0.3955
4.0

IMD1a
4
-2.0975 0.3955
3.4114999999999998 0.3955
3.4114999999999998 0.4065
-2.0975 0.4065
5.2

IMD1b
4
-2.0975 0.4065
3.4114999999999998 0.4065
3.4114999999999998 0.4665
-2.0975 0.4665
2.8

IMD2a
4
-2.0975 0.4665
3.4114999999999998 0.4665
3.4114999999999998 0.4875
-2.0975 0.4875
5.2

IMD2b
4
-2.0975 0.4875
3.4114999999999998 0.4875
3.4114999999999998 0.5025
-2.0975 0.5025
4.2

IMD2c
4
-2.0975 0.5025
3.4114999999999998 0.5025
3.4114999999999998 0.5265
-2.0975 0.5265
3.28

IMD2d1+IMD2d2
4
-2.0975 0.5265
3.4114999999999998 0.5265
3.4114999999999998 0.6535
-2.0975 0.6535
2.65

IMD3a
4
-2.0975 0.6535
3.4114999999999998 0.6535
3.4114999999999998 0.6745
-2.0975 0.6745
5.2

IMD3b
4
-2.0975 0.6745
3.4114999999999998 0.6745
3.4114999999999998 0.6895
-2.0975 0.6895
4.2

IMD3c
4
-2.0975 0.6895
3.4114999999999998 0.6895
3.4114999999999998 0.7135
-2.0975 0.7135
3.28

IMD3d1+IMD3d2
4
-2.0975 0.7135
3.4114999999999998 0.7135
3.4114999999999998 0.8405
-2.0975 0.8405
2.65

IMD4a
4
-2.0975 0.8405
3.4114999999999998 0.8405
3.4114999999999998 0.8615
-2.0975 0.8615
5.2

IMD4b
4
-2.0975 0.8615
3.4114999999999998 0.8615
3.4114999999999998 0.8765
-2.0975 0.8765
4.2

IMD4c
4
-2.0975 0.8765
3.4114999999999998 0.8765
3.4114999999999998 0.9005
-2.0975 0.9005
3.28

IMD5a
4
-2.0975 1.0275
3.4114999999999998 1.0275
3.4114999999999998 1.0485
-2.0975 1.0485
5.2

IMD5b
4
-2.0975 1.0485
3.4114999999999998 1.0485
3.4114999999999998 1.0635
-2.0975 1.0635
4.2

IMD5c
4
-2.0975 1.0635
3.4114999999999998 1.0635
3.4114999999999998 1.0875
-2.0975 1.0875
3.28

IMD5d1+IMD5d2
4
-2.0975 1.0875
3.4114999999999998 1.0875
3.4114999999999998 1.2145
-2.0975 1.2145
2.65

IMD6a
4
-2.0975 1.2145
3.4114999999999998 1.2145
3.4114999999999998 1.2355
-2.0975 1.2355
5.2

IMD6b
4
-2.0975 1.2355
3.4114999999999998 1.2355
3.4114999999999998 1.2505
-2.0975 1.2505
4.2

IMD6c
4
-2.0975 1.2505
3.4114999999999998 1.2505
3.4114999999999998 1.2745
-2.0975 1.2745
3.28

IMD6d1+IMD6d2
4
-2.0975 1.2745
3.4114999999999998 1.2745
3.4114999999999998 1.4015
-2.0975 1.4015
2.65

IMD7a
4
-2.0975 1.4015
3.4114999999999998 1.4015
3.4114999999999998 1.4765
-2.0975 1.4765
5.2

IMD7b1+IMD7b2
4
-2.0975 1.4765
3.4114999999999998 1.4765
3.4114999999999998 2.9765
-2.0975 2.9765
4.2

IMD8a
4
-2.0975 2.9765
3.4114999999999998 2.9765
3.4114999999999998 3.0515
-2.0975 3.0515
5.2

IMD8b1+IMD8b2
4
-2.0975 3.0515
3.4114999999999998 3.0515
3.4114999999999998 4.5515
-2.0975 4.5515
4.2

PASS1
4
-2.0975 4.5515
3.4114999999999998 4.5515
3.4114999999999998 4.6265
-2.0975 4.6265
7.0

PASS2
4
-2.0975 4.6265
3.4114999999999998 4.6265
3.4114999999999998 5.0265
-2.0975 5.0265
4.2

PASS3
4
-2.0975 5.0265
3.4114999999999998 5.0265
3.4114999999999998 5.1015
-2.0975 5.1015
7.0

PASS4+PASS5
4
-2.0975 5.1015
3.4114999999999998 5.1015
3.4114999999999998 6.0515
-2.0975 6.0515
4.2

PASS6
4
-2.0975 6.0515
3.4114999999999998 6.0515
3.4114999999999998 6.6515
-2.0975 6.6515
7.0

air_Layer
4
-2.0975 6.6515
3.4114999999999998 6.6515
3.4114999999999998 6.9485
-2.0975 6.9485
1.0


4
-2.0975 0.001
3.4114999999999998 0.001
3.4114999999999998 6.9485
-2.0975 6.9485

