c1
4
-0.48751 1.1155
0.48751 1.1155
0.49349 1.2145
-0.49349 1.2145

5
botleft
4
-2.1875 -0.001
0 -0.001
0 0.001
-2.1875 0.001

botright
4
0 -0.001
3.6815 -0.001
3.6815 0.001
0 0.001

lEnv
4
-1.68451 1.1155
-0.7094900000000001 1.1155
-0.7035100000000001 1.2145
-1.69049 1.2145

c2
4
1.0064899999999999 1.1155
1.9815099999999997 1.1155
1.9874899999999998 1.2145
1.0005099999999998 1.2145

rEnv
4
2.20349 1.1155
3.1785099999999997 1.1155
3.18449 1.2145
2.19751 1.2145


57
IMD5d1_damage
4
-1.693924 1.1055
-0.7000760000000001 1.1055
-0.6994720000000001 1.1155
-1.694528 1.1155
3.1

IMD5d1_damage
4
-0.496924 1.1055
0.496924 1.1055
0.49752799999999997 1.1155
-0.49752799999999997 1.1155
3.1

IMD5d1_damage
4
0.9970759999999999 1.1055
1.9909239999999997 1.1055
1.9915279999999997 1.1155
0.9964719999999998 1.1155
3.1

IMD5d1_damage
4
2.194076 1.1055
3.1879239999999998 1.1055
3.188528 1.1155
2.193472 1.1155
3.1

IMD5d2_damage
4
-1.689519 1.1155
-1.68451 1.1155
-1.69049 1.2145
-1.695499 1.2145
2.9

IMD5d2_damage
4
-0.7094900000000001 1.1155
-0.704481 1.1155
-0.698501 1.2145
-0.7035100000000001 1.2145
2.9

IMD5d2_damage
4
-0.492519 1.1155
-0.48751 1.1155
-0.49349 1.2145
-0.49849899999999997 1.2145
2.9

IMD5d2_damage
4
0.48751 1.1155
0.492519 1.1155
0.49849899999999997 1.2145
0.49349 1.2145
2.9

IMD5d2_damage
4
1.0014809999999998 1.1155
1.0064899999999999 1.1155
1.0005099999999998 1.2145
0.9955009999999997 1.2145
2.9

IMD5d2_damage
4
1.9815099999999997 1.1155
1.9865189999999997 1.1155
1.9924989999999998 1.2145
1.9874899999999998 1.2145
2.9

IMD5d2_damage
4
2.198481 1.1155
2.20349 1.1155
2.19751 1.2145
2.192501 1.2145
2.9

IMD5d2_damage
4
3.1785099999999997 1.1155
3.1835189999999995 1.1155
3.1894989999999996 1.2145
3.18449 1.2145
2.9

IMD5d2
4
-2.1875 1.1155
-1.689519 1.1155
-1.695499 1.2145
-2.1875 1.2145
2.65

IMD5d2
4
-0.704481 1.1155
-0.492519 1.1155
-0.49849899999999997 1.2145
-0.698501 1.2145
2.65

IMD5d2
4
0.492519 1.1155
1.0014809999999998 1.1155
0.9955009999999997 1.2145
0.49849899999999997 1.2145
2.65

IMD5d2
4
1.9865189999999997 1.1155
2.198481 1.1155
2.192501 1.2145
1.9924989999999998 1.2145
2.65

IMD5d2
4
3.1835189999999995 1.1155
3.6815 1.1155
3.6815 1.2145
3.1894989999999996 1.2145
2.65

IMD5d1
4
-2.1875 1.1055
-1.693924 1.1055
-1.694528 1.1155
-2.1875 1.1155
2.65

IMD5d1
4
-0.7000760000000001 1.1055
-0.496924 1.1055
-0.49752799999999997 1.1155
-0.6994720000000001 1.1155
2.65

IMD5d1
4
0.496924 1.1055
0.9970759999999999 1.1055
0.9964719999999998 1.1155
0.49752799999999997 1.1155
2.65

IMD5d1
4
1.9909239999999997 1.1055
2.194076 1.1055
2.193472 1.1155
1.9915279999999997 1.1155
2.65

IMD5d1
4
3.1879239999999998 1.1055
3.6815 1.1055
3.6815 1.1155
3.188528 1.1155
2.65

IMD5d1
4
-2.1875 1.0875
3.6815 1.0875
3.6815 1.1055
-2.1875 1.1055
2.65

FOXA+FOXB+TOX
4
-2.1875 0.001
3.6815 0.001
3.6815 0.2665
-2.1875 0.2665
4.0

ILD1a
4
-2.1875 0.2665
3.6815 0.2665
3.6815 0.2765
-2.1875 0.2765
7.0

ILD1b1+ILD1b2+ILD1b3
4
-2.1875 0.2765
3.6815 0.2765
3.6815 0.3955
-2.1875 0.3955
4.0

IMD1a
4
-2.1875 0.3955
3.6815 0.3955
3.6815 0.4065
-2.1875 0.4065
5.2

IMD1b
4
-2.1875 0.4065
3.6815 0.4065
3.6815 0.4665
-2.1875 0.4665
2.8

IMD2a
4
-2.1875 0.4665
3.6815 0.4665
3.6815 0.4875
-2.1875 0.4875
5.2

IMD2b
4
-2.1875 0.4875
3.6815 0.4875
3.6815 0.5025
-2.1875 0.5025
4.2

IMD2c
4
-2.1875 0.5025
3.6815 0.5025
3.6815 0.5265
-2.1875 0.5265
3.28

IMD2d1+IMD2d2
4
-2.1875 0.5265
3.6815 0.5265
3.6815 0.6535
-2.1875 0.6535
2.65

IMD3a
4
-2.1875 0.6535
3.6815 0.6535
3.6815 0.6745
-2.1875 0.6745
5.2

IMD3b
4
-2.1875 0.6745
3.6815 0.6745
3.6815 0.6895
-2.1875 0.6895
4.2

IMD3c
4
-2.1875 0.6895
3.6815 0.6895
3.6815 0.7135
-2.1875 0.7135
3.28

IMD3d1+IMD3d2
4
-2.1875 0.7135
3.6815 0.7135
3.6815 0.8405
-2.1875 0.8405
2.65

IMD4a
4
-2.1875 0.8405
3.6815 0.8405
3.6815 0.8615
-2.1875 0.8615
5.2

IMD4b
4
-2.1875 0.8615
3.6815 0.8615
3.6815 0.8765
-2.1875 0.8765
4.2

IMD4c
4
-2.1875 0.8765
3.6815 0.8765
3.6815 0.9005
-2.1875 0.9005
3.28

IMD4d1+IMD4d2
4
-2.1875 0.9005
3.6815 0.9005
3.6815 1.0275
-2.1875 1.0275
2.65

IMD5a
4
-2.1875 1.0275
3.6815 1.0275
3.6815 1.0485
-2.1875 1.0485
5.2

IMD5b
4
-2.1875 1.0485
3.6815 1.0485
3.6815 1.0635
-2.1875 1.0635
4.2

IMD5c
4
-2.1875 1.0635
3.6815 1.0635
3.6815 1.0875
-2.1875 1.0875
3.28

IMD6a
4
-2.1875 1.2145
3.6815 1.2145
3.6815 1.2355
-2.1875 1.2355
5.2

IMD6b
4
-2.1875 1.2355
3.6815 1.2355
3.6815 1.2505
-2.1875 1.2505
4.2

IMD6c
4
-2.1875 1.2505
3.6815 1.2505
3.6815 1.2745
-2.1875 1.2745
3.28

IMD6d1+IMD6d2
4
-2.1875 1.2745
3.6815 1.2745
3.6815 1.4015
-2.1875 1.4015
2.65

IMD7a
4
-2.1875 1.4015
3.6815 1.4015
3.6815 1.4765
-2.1875 1.4765
5.2

IMD7b1+IMD7b2
4
-2.1875 1.4765
3.6815 1.4765
3.6815 2.9765
-2.1875 2.9765
4.2

IMD8a
4
-2.1875 2.9765
3.6815 2.9765
3.6815 3.0515
-2.1875 3.0515
5.2

IMD8b1+IMD8b2
4
-2.1875 3.0515
3.6815 3.0515
3.6815 4.5515
-2.1875 4.5515
4.2

PASS1
4
-2.1875 4.5515
3.6815 4.5515
3.6815 4.6265
-2.1875 4.6265
7.0

PASS2
4
-2.1875 4.6265
3.6815 4.6265
3.6815 5.0265
-2.1875 5.0265
4.2

PASS3
4
-2.1875 5.0265
3.6815 5.0265
3.6815 5.1015
-2.1875 5.1015
7.0

PASS4+PASS5
4
-2.1875 5.1015
3.6815 5.1015
3.6815 6.0515
-2.1875 6.0515
4.2

PASS6
4
-2.1875 6.0515
3.6815 6.0515
3.6815 6.6515
-2.1875 6.6515
7.0

air_Layer
4
-2.1875 6.6515
3.6815 6.6515
3.6815 6.9485
-2.1875 6.9485
1.0


4
-2.1875 0.001
3.6815 0.001
3.6815 6.9485
-2.1875 6.9485

