c1
4
-0.15000999999999995 1.1155
0.15000999999999995 1.1155
0.15598999999999996 1.2145
-0.15598999999999996 1.2145

5
botleft
4
-1.355 -0.001
0 -0.001
0 0.001
-1.355 0.001

botright
4
0 -0.001
1.904 -0.001
1.904 0.001
0 0.001

lEnv
4
-0.8520099999999999 1.1155
-0.5519899999999999 1.1155
-0.5460099999999999 1.2145
-0.8579899999999999 1.2145

c2
4
0.5789899999999999 1.1155
0.78901 1.1155
0.79499 1.2145
0.5730099999999999 1.2145

rEnv
4
1.1909900000000002 1.1155
1.4010099999999999 1.1155
1.40699 1.2145
1.1850100000000001 1.2145


57
IMD5d1_damage
4
-0.8614239999999999 1.1055
-0.542576 1.1055
-0.5419719999999999 1.1155
-0.8620279999999999 1.1155
3.1

IMD5d1_damage
4
-0.15942399999999995 1.1055
0.15942399999999995 1.1055
0.16002799999999995 1.1155
-0.16002799999999995 1.1155
3.1

IMD5d1_damage
4
0.569576 1.1055
0.7984239999999999 1.1055
0.799028 1.1155
0.5689719999999999 1.1155
3.1

IMD5d1_damage
4
1.1815760000000002 1.1055
1.410424 1.1055
1.411028 1.1155
1.1809720000000001 1.1155
3.1

IMD5d2_damage
4
-0.857019 1.1155
-0.8520099999999999 1.1155
-0.8579899999999999 1.2145
-0.862999 1.2145
2.9

IMD5d2_damage
4
-0.5519899999999999 1.1155
-0.5469809999999998 1.1155
-0.5410009999999998 1.2145
-0.5460099999999999 1.2145
2.9

IMD5d2_damage
4
-0.15501899999999996 1.1155
-0.15000999999999995 1.1155
-0.15598999999999996 1.2145
-0.16099899999999998 1.2145
2.9

IMD5d2_damage
4
0.15000999999999995 1.1155
0.15501899999999996 1.1155
0.16099899999999998 1.2145
0.15598999999999996 1.2145
2.9

IMD5d2_damage
4
0.5739809999999999 1.1155
0.5789899999999999 1.1155
0.5730099999999999 1.2145
0.5680009999999999 1.2145
2.9

IMD5d2_damage
4
0.78901 1.1155
0.794019 1.1155
0.799999 1.2145
0.79499 1.2145
2.9

IMD5d2_damage
4
1.1859810000000002 1.1155
1.1909900000000002 1.1155
1.1850100000000001 1.2145
1.180001 1.2145
2.9

IMD5d2_damage
4
1.4010099999999999 1.1155
1.406019 1.1155
1.411999 1.2145
1.40699 1.2145
2.9

IMD5d2
4
-1.355 1.1155
-0.857019 1.1155
-0.862999 1.2145
-1.355 1.2145
2.65

IMD5d2
4
-0.5469809999999998 1.1155
-0.15501899999999996 1.1155
-0.16099899999999998 1.2145
-0.5410009999999998 1.2145
2.65

IMD5d2
4
0.15501899999999996 1.1155
0.5739809999999999 1.1155
0.5680009999999999 1.2145
0.16099899999999998 1.2145
2.65

IMD5d2
4
0.794019 1.1155
1.1859810000000002 1.1155
1.180001 1.2145
0.799999 1.2145
2.65

IMD5d2
4
1.406019 1.1155
1.904 1.1155
1.904 1.2145
1.411999 1.2145
2.65

IMD5d1
4
-1.355 1.1055
-0.8614239999999999 1.1055
-0.8620279999999999 1.1155
-1.355 1.1155
2.65

IMD5d1
4
-0.542576 1.1055
-0.15942399999999995 1.1055
-0.16002799999999995 1.1155
-0.5419719999999999 1.1155
2.65

IMD5d1
4
0.15942399999999995 1.1055
0.569576 1.1055
0.5689719999999999 1.1155
0.16002799999999995 1.1155
2.65

IMD5d1
4
0.7984239999999999 1.1055
1.1815760000000002 1.1055
1.1809720000000001 1.1155
0.799028 1.1155
2.65

IMD5d1
4
1.410424 1.1055
1.904 1.1055
1.904 1.1155
1.411028 1.1155
2.65

IMD5d1
4
-1.355 1.0875
1.904 1.0875
1.904 1.1055
-1.355 1.1055
2.65

FOXA+FOXB+TOX
4
-1.355 0.001
1.904 0.001
1.904 0.2665
-1.355 0.2665
4.0

ILD1a
4
-1.355 0.2665
1.904 0.2665
1.904 0.2765
-1.355 0.2765
7.0

ILD1b1+ILD1b2+ILD1b3
4
-1.355 0.2765
1.904 0.2765
1.904 0.3955
-1.355 0.3955
4.0

IMD1a
4
-1.355 0.3955
1.904 0.3955
1.904 0.4065
-1.355 0.4065
5.2

IMD1b
4
-1.355 0.4065
1.904 0.4065
1.904 0.4665
-1.355 0.4665
2.8

IMD2a
4
-1.355 0.4665
1.904 0.4665
1.904 0.4875
-1.355 0.4875
5.2

IMD2b
4
-1.355 0.4875
1.904 0.4875
1.904 0.5025
-1.355 0.5025
4.2

IMD2c
4
-1.355 0.5025
1.904 0.5025
1.904 0.5265
-1.355 0.5265
3.28

IMD2d1+IMD2d2
4
-1.355 0.5265
1.904 0.5265
1.904 0.6535
-1.355 0.6535
2.65

IMD3a
4
-1.355 0.6535
1.904 0.6535
1.904 0.6745
-1.355 0.6745
5.2

IMD3b
4
-1.355 0.6745
1.904 0.6745
1.904 0.6895
-1.355 0.6895
4.2

IMD3c
4
-1.355 0.6895
1.904 0.6895
1.904 0.7135
-1.355 0.7135
3.28

IMD3d1+IMD3d2
4
-1.355 0.7135
1.904 0.7135
1.904 0.8405
-1.355 0.8405
2.65

IMD4a
4
-1.355 0.8405
1.904 0.8405
1.904 0.8615
-1.355 0.8615
5.2

IMD4b
4
-1.355 0.8615
1.904 0.8615
1.904 0.8765
-1.355 0.8765
4.2

IMD4c
4
-1.355 0.8765
1.904 0.8765
1.904 0.9005
-1.355 0.9005
3.28

IMD4d1+IMD4d2
4
-1.355 0.9005
1.904 0.9005
1.904 1.0275
-1.355 1.0275
2.65

IMD5a
4
-1.355 1.0275
1.904 1.0275
1.904 1.0485
-1.355 1.0485
5.2

IMD5b
4
-1.355 1.0485
1.904 1.0485
1.904 1.0635
-1.355 1.0635
4.2

IMD5c
4
-1.355 1.0635
1.904 1.0635
1.904 1.0875
-1.355 1.0875
3.28

IMD6a
4
-1.355 1.2145
1.904 1.2145
1.904 1.2355
-1.355 1.2355
5.2

IMD6b
4
-1.355 1.2355
1.904 1.2355
1.904 1.2505
-1.355 1.2505
4.2

IMD6c
4
-1.355 1.2505
1.904 1.2505
1.904 1.2745
-1.355 1.2745
3.28

IMD6d1+IMD6d2
4
-1.355 1.2745
1.904 1.2745
1.904 1.4015
-1.355 1.4015
2.65

IMD7a
4
-1.355 1.4015
1.904 1.4015
1.904 1.4765
-1.355 1.4765
5.2

IMD7b1+IMD7b2
4
-1.355 1.4765
1.904 1.4765
1.904 2.9765
-1.355 2.9765
4.2

IMD8a
4
-1.355 2.9765
1.904 2.9765
1.904 3.0515
-1.355 3.0515
5.2

IMD8b1+IMD8b2
4
-1.355 3.0515
1.904 3.0515
1.904 4.5515
-1.355 4.5515
4.2

PASS1
4
-1.355 4.5515
1.904 4.5515
1.904 4.6265
-1.355 4.6265
7.0

PASS2
4
-1.355 4.6265
1.904 4.6265
1.904 5.0265
-1.355 5.0265
4.2

PASS3
4
-1.355 5.0265
1.904 5.0265
1.904 5.1015
-1.355 5.1015
7.0

PASS4+PASS5
4
-1.355 5.1015
1.904 5.1015
1.904 6.0515
-1.355 6.0515
4.2

PASS6
4
-1.355 6.0515
1.904 6.0515
1.904 6.6515
-1.355 6.6515
7.0

air_Layer
4
-1.355 6.6515
1.904 6.6515
1.904 6.9485
-1.355 6.9485
1.0


4
-1.355 0.001
1.904 0.001
1.904 6.9485
-1.355 6.9485

