c1
4
-0.41842000000000007 0.37050000000000005
0.41841999999999985 0.37050000000000005
0.42757999999999985 0.4665
-0.42758000000000007 0.4665

5
botleft
4
-2.075 -0.001
0 -0.001
0 0.001
-2.075 0.001

botright
4
0 -0.001
2.7589999999999995 -0.001
2.7589999999999995 0.001
0 0.001

lEnv
4
-1.57042 0.37050000000000005
-0.73358 0.37050000000000005
-0.7244200000000001 0.4665
-1.57958 0.4665

c2
4
1.07558 0.37050000000000005
1.5074199999999998 0.37050000000000005
1.5165799999999998 0.4665
1.06642 0.4665

rEnv
4
1.8225799999999999 0.37050000000000005
2.2544199999999996 0.37050000000000005
2.2635799999999997 0.4665
1.8134199999999998 0.4665


48
IMD1b
4
-2.075 0.40650000000000003
-1.573855 0.40650000000000003
-1.57958 0.4665
-2.075 0.4665
2.8

IMD1b
4
-0.730145 0.40650000000000003
-0.4218550000000001 0.40650000000000003
-0.42758000000000007 0.4665
-0.7244200000000001 0.4665
2.8

IMD1b
4
0.42185499999999987 0.40650000000000003
1.072145 0.40650000000000003
1.06642 0.4665
0.42757999999999985 0.4665
2.8

IMD1b
4
1.5108549999999998 0.40650000000000003
1.8191449999999998 0.40650000000000003
1.8134199999999998 0.4665
1.5165799999999998 0.4665
2.8

IMD1b
4
2.2578549999999997 0.40650000000000003
2.7589999999999995 0.40650000000000003
2.7589999999999995 0.4665
2.2635799999999997 0.4665
2.8

IMD1a
4
-2.075 0.3955
-1.5728054166666667 0.3955
-1.573855 0.40650000000000003
-2.075 0.40650000000000003
5.2

IMD1a
4
-0.7311945833333334 0.3955
-0.42080541666666677 0.3955
-0.4218550000000001 0.40650000000000003
-0.730145 0.40650000000000003
5.2

IMD1a
4
0.42080541666666654 0.3955
1.0731945833333332 0.3955
1.072145 0.40650000000000003
0.42185499999999987 0.40650000000000003
5.2

IMD1a
4
1.5098054166666666 0.3955
1.820194583333333 0.3955
1.8191449999999998 0.40650000000000003
1.5108549999999998 0.40650000000000003
5.2

IMD1a
4
2.2568054166666665 0.3955
2.7589999999999995 0.3955
2.7589999999999995 0.40650000000000003
2.2578549999999997 0.40650000000000003
5.2

ILD1b3
4
-2.075 0.37050000000000005
-1.57042 0.37050000000000005
-1.5728054166666667 0.3955
-2.075 0.3955
4

ILD1b3
4
-0.73358 0.37050000000000005
-0.41842000000000007 0.37050000000000005
-0.42080541666666677 0.3955
-0.7311945833333334 0.3955
4

ILD1b3
4
0.41841999999999985 0.37050000000000005
1.07558 0.37050000000000005
1.0731945833333332 0.3955
0.42080541666666654 0.3955
4

ILD1b3
4
1.5074199999999998 0.37050000000000005
1.8225799999999999 0.37050000000000005
1.820194583333333 0.3955
1.5098054166666666 0.3955
4

ILD1b3
4
2.2544199999999996 0.37050000000000005
2.7589999999999995 0.37050000000000005
2.7589999999999995 0.3955
2.2568054166666665 0.3955
4

ILD1b1+ILD1b2
4
-2.075 0.2765
2.7589999999999995 0.2765
2.7589999999999995 0.37050000000000005
-2.075 0.37050000000000005
4

FOXA+FOXB+TOX
4
-2.075 0.001
2.7589999999999995 0.001
2.7589999999999995 0.2665
-2.075 0.2665
4.0

ILD1a
4
-2.075 0.2665
2.7589999999999995 0.2665
2.7589999999999995 0.2765
-2.075 0.2765
7.0

IMD2a
4
-2.075 0.4665
2.7589999999999995 0.4665
2.7589999999999995 0.4875
-2.075 0.4875
5.2

IMD2b
4
-2.075 0.4875
2.7589999999999995 0.4875
2.7589999999999995 0.5025
-2.075 0.5025
4.2

IMD2c
4
-2.075 0.5025
2.7589999999999995 0.5025
2.7589999999999995 0.5265
-2.075 0.5265
3.28

IMD2d1+IMD2d2
4
-2.075 0.5265
2.7589999999999995 0.5265
2.7589999999999995 0.6535
-2.075 0.6535
2.65

IMD3a
4
-2.075 0.6535
2.7589999999999995 0.6535
2.7589999999999995 0.6745
-2.075 0.6745
5.2

IMD3b
4
-2.075 0.6745
2.7589999999999995 0.6745
2.7589999999999995 0.6895
-2.075 0.6895
4.2

IMD3c
4
-2.075 0.6895
2.7589999999999995 0.6895
2.7589999999999995 0.7135
-2.075 0.7135
3.28

IMD3d1+IMD3d2
4
-2.075 0.7135
2.7589999999999995 0.7135
2.7589999999999995 0.8405
-2.075 0.8405
2.65

IMD4a
4
-2.075 0.8405
2.7589999999999995 0.8405
2.7589999999999995 0.8615
-2.075 0.8615
5.2

IMD4b
4
-2.075 0.8615
2.7589999999999995 0.8615
2.7589999999999995 0.8765
-2.075 0.8765
4.2

IMD4c
4
-2.075 0.8765
2.7589999999999995 0.8765
2.7589999999999995 0.9005
-2.075 0.9005
3.28

IMD4d1+IMD4d2
4
-2.075 0.9005
2.7589999999999995 0.9005
2.7589999999999995 1.0275
-2.075 1.0275
2.65

IMD5a
4
-2.075 1.0275
2.7589999999999995 1.0275
2.7589999999999995 1.0485
-2.075 1.0485
5.2

IMD5b
4
-2.075 1.0485
2.7589999999999995 1.0485
2.7589999999999995 1.0635
-2.075 1.0635
4.2

IMD5c
4
-2.075 1.0635
2.7589999999999995 1.0635
2.7589999999999995 1.0875
-2.075 1.0875
3.28

IMD5d1+IMD5d2
4
-2.075 1.0875
2.7589999999999995 1.0875
2.7589999999999995 1.2145
-2.075 1.2145
2.65

IMD6a
4
-2.075 1.2145
2.7589999999999995 1.2145
2.7589999999999995 1.2355
-2.075 1.2355
5.2

IMD6b
4
-2.075 1.2355
2.7589999999999995 1.2355
2.7589999999999995 1.2505
-2.075 1.2505
4.2

IMD6c
4
-2.075 1.2505
2.7589999999999995 1.2505
2.7589999999999995 1.2745
-2.075 1.2745
3.28

IMD6d1+IMD6d2
4
-2.075 1.2745
2.7589999999999995 1.2745
2.7589999999999995 1.4015
-2.075 1.4015
2.65

IMD7a
4
-2.075 1.4015
2.7589999999999995 1.4015
2.7589999999999995 1.4765
-2.075 1.4765
5.2

IMD7b1+IMD7b2
4
-2.075 1.4765
2.7589999999999995 1.4765
2.7589999999999995 2.9765
-2.075 2.9765
4.2

IMD8a
4
-2.075 2.9765
2.7589999999999995 2.9765
2.7589999999999995 3.0515
-2.075 3.0515
5.2

IMD8b1+IMD8b2
4
-2.075 3.0515
2.7589999999999995 3.0515
2.7589999999999995 4.5515
-2.075 4.5515
4.2

PASS1
4
-2.075 4.5515
2.7589999999999995 4.5515
2.7589999999999995 4.6265
-2.075 4.6265
7.0

PASS2
4
-2.075 4.6265
2.7589999999999995 4.6265
2.7589999999999995 5.0265
-2.075 5.0265
4.2

PASS3
4
-2.075 5.0265
2.7589999999999995 5.0265
2.7589999999999995 5.1015
-2.075 5.1015
7.0

PASS4+PASS5
4
-2.075 5.1015
2.7589999999999995 5.1015
2.7589999999999995 6.0515
-2.075 6.0515
4.2

PASS6
4
-2.075 6.0515
2.7589999999999995 6.0515
2.7589999999999995 6.6515
-2.075 6.6515
7.0

air_Layer
4
-2.075 6.6515
2.7589999999999995 6.6515
2.7589999999999995 6.9485
-2.075 6.9485
1.0


4
-2.075 0.001
2.7589999999999995 0.001
2.7589999999999995 6.9485
-2.075 6.9485

