c1
4
-0.21750999999999995 0.7415
0.21750999999999995 0.7415
0.22348999999999997 0.8405
-0.22348999999999997 0.8405

5
botleft
4
-1.5574999999999999 -0.001
0 -0.001
0 0.001
-1.5574999999999999 0.001

botright
4
0 -0.001
3.0965000000000007 -0.001
3.0965000000000007 0.001
0 0.001

lEnv
4
-1.0545099999999998 0.7415
-0.61949 0.7415
-0.61351 0.8405
-1.06049 0.8405

c2
4
0.5114899999999999 0.7415
1.35151 0.7415
1.35749 0.8405
0.5055099999999999 0.8405

rEnv
4
1.75349 0.7415
2.59351 0.7415
2.5994900000000003 0.8405
1.74751 0.8405


57
IMD3d1_damage
4
-1.0639239999999999 0.7315
-0.6100760000000001 0.7315
-0.609472 0.7415
-1.064528 0.7415
3.1

IMD3d1_damage
4
-0.22692399999999996 0.7315
0.22692399999999996 0.7315
0.22752799999999995 0.7415
-0.22752799999999995 0.7415
3.1

IMD3d1_damage
4
0.502076 0.7315
1.360924 0.7315
1.361528 0.7415
0.5014719999999999 0.7415
3.1

IMD3d1_damage
4
1.744076 0.7315
2.6029240000000002 0.7315
2.6035280000000003 0.7415
1.743472 0.7415
3.1

IMD3d2_damage
4
-1.0595189999999999 0.7415
-1.0545099999999998 0.7415
-1.06049 0.8405
-1.065499 0.8405
2.9

IMD3d2_damage
4
-0.61949 0.7415
-0.6144809999999999 0.7415
-0.608501 0.8405
-0.61351 0.8405
2.9

IMD3d2_damage
4
-0.22251899999999997 0.7415
-0.21750999999999995 0.7415
-0.22348999999999997 0.8405
-0.22849899999999998 0.8405
2.9

IMD3d2_damage
4
0.21750999999999995 0.7415
0.22251899999999997 0.7415
0.22849899999999998 0.8405
0.22348999999999997 0.8405
2.9

IMD3d2_damage
4
0.5064809999999998 0.7415
0.5114899999999999 0.7415
0.5055099999999999 0.8405
0.5005009999999999 0.8405
2.9

IMD3d2_damage
4
1.35151 0.7415
1.356519 0.7415
1.3624990000000001 0.8405
1.35749 0.8405
2.9

IMD3d2_damage
4
1.748481 0.7415
1.75349 0.7415
1.74751 0.8405
1.7425009999999999 0.8405
2.9

IMD3d2_damage
4
2.59351 0.7415
2.598519 0.7415
2.604499 0.8405
2.5994900000000003 0.8405
2.9

IMD3d2
4
-1.5574999999999999 0.7415
-1.0595189999999999 0.7415
-1.065499 0.8405
-1.5574999999999999 0.8405
2.65

IMD3d2
4
-0.6144809999999999 0.7415
-0.22251899999999997 0.7415
-0.22849899999999998 0.8405
-0.608501 0.8405
2.65

IMD3d2
4
0.22251899999999997 0.7415
0.5064809999999998 0.7415
0.5005009999999999 0.8405
0.22849899999999998 0.8405
2.65

IMD3d2
4
1.356519 0.7415
1.748481 0.7415
1.7425009999999999 0.8405
1.3624990000000001 0.8405
2.65

IMD3d2
4
2.598519 0.7415
3.0965000000000007 0.7415
3.0965000000000007 0.8405
2.604499 0.8405
2.65

IMD3d1
4
-1.5574999999999999 0.7315
-1.0639239999999999 0.7315
-1.064528 0.7415
-1.5574999999999999 0.7415
2.65

IMD3d1
4
-0.6100760000000001 0.7315
-0.22692399999999996 0.7315
-0.22752799999999995 0.7415
-0.609472 0.7415
2.65

IMD3d1
4
0.22692399999999996 0.7315
0.502076 0.7315
0.5014719999999999 0.7415
0.22752799999999995 0.7415
2.65

IMD3d1
4
1.360924 0.7315
1.744076 0.7315
1.743472 0.7415
1.361528 0.7415
2.65

IMD3d1
4
2.6029240000000002 0.7315
3.0965000000000007 0.7315
3.0965000000000007 0.7415
2.6035280000000003 0.7415
2.65

IMD3d1
4
-1.5574999999999999 0.7135
3.0965000000000007 0.7135
3.0965000000000007 0.7315
-1.5574999999999999 0.7315
2.65

FOXA+FOXB+TOX
4
-1.5574999999999999 0.001
3.0965000000000007 0.001
3.0965000000000007 0.2665
-1.5574999999999999 0.2665
4.0

ILD1a
4
-1.5574999999999999 0.2665
3.0965000000000007 0.2665
3.0965000000000007 0.2765
-1.5574999999999999 0.2765
7.0

ILD1b1+ILD1b2+ILD1b3
4
-1.5574999999999999 0.2765
3.0965000000000007 0.2765
3.0965000000000007 0.3955
-1.5574999999999999 0.3955
4.0

IMD1a
4
-1.5574999999999999 0.3955
3.0965000000000007 0.3955
3.0965000000000007 0.4065
-1.5574999999999999 0.4065
5.2

IMD1b
4
-1.5574999999999999 0.4065
3.0965000000000007 0.4065
3.0965000000000007 0.4665
-1.5574999999999999 0.4665
2.8

IMD2a
4
-1.5574999999999999 0.4665
3.0965000000000007 0.4665
3.0965000000000007 0.4875
-1.5574999999999999 0.4875
5.2

IMD2b
4
-1.5574999999999999 0.4875
3.0965000000000007 0.4875
3.0965000000000007 0.5025
-1.5574999999999999 0.5025
4.2

IMD2c
4
-1.5574999999999999 0.5025
3.0965000000000007 0.5025
3.0965000000000007 0.5265
-1.5574999999999999 0.5265
3.28

IMD2d1+IMD2d2
4
-1.5574999999999999 0.5265
3.0965000000000007 0.5265
3.0965000000000007 0.6535
-1.5574999999999999 0.6535
2.65

IMD3a
4
-1.5574999999999999 0.6535
3.0965000000000007 0.6535
3.0965000000000007 0.6745
-1.5574999999999999 0.6745
5.2

IMD3b
4
-1.5574999999999999 0.6745
3.0965000000000007 0.6745
3.0965000000000007 0.6895
-1.5574999999999999 0.6895
4.2

IMD3c
4
-1.5574999999999999 0.6895
3.0965000000000007 0.6895
3.0965000000000007 0.7135
-1.5574999999999999 0.7135
3.28

IMD4a
4
-1.5574999999999999 0.8405
3.0965000000000007 0.8405
3.0965000000000007 0.8615
-1.5574999999999999 0.8615
5.2

IMD4b
4
-1.5574999999999999 0.8615
3.0965000000000007 0.8615
3.0965000000000007 0.8765
-1.5574999999999999 0.8765
4.2

IMD4c
4
-1.5574999999999999 0.8765
3.0965000000000007 0.8765
3.0965000000000007 0.9005
-1.5574999999999999 0.9005
3.28

IMD4d1+IMD4d2
4
-1.5574999999999999 0.9005
3.0965000000000007 0.9005
3.0965000000000007 1.0275
-1.5574999999999999 1.0275
2.65

IMD5a
4
-1.5574999999999999 1.0275
3.0965000000000007 1.0275
3.0965000000000007 1.0485
-1.5574999999999999 1.0485
5.2

IMD5b
4
-1.5574999999999999 1.0485
3.0965000000000007 1.0485
3.0965000000000007 1.0635
-1.5574999999999999 1.0635
4.2

IMD5c
4
-1.5574999999999999 1.0635
3.0965000000000007 1.0635
3.0965000000000007 1.0875
-1.5574999999999999 1.0875
3.28

IMD5d1+IMD5d2
4
-1.5574999999999999 1.0875
3.0965000000000007 1.0875
3.0965000000000007 1.2145
-1.5574999999999999 1.2145
2.65

IMD6a
4
-1.5574999999999999 1.2145
3.0965000000000007 1.2145
3.0965000000000007 1.2355
-1.5574999999999999 1.2355
5.2

IMD6b
4
-1.5574999999999999 1.2355
3.0965000000000007 1.2355
3.0965000000000007 1.2505
-1.5574999999999999 1.2505
4.2

IMD6c
4
-1.5574999999999999 1.2505
3.0965000000000007 1.2505
3.0965000000000007 1.2745
-1.5574999999999999 1.2745
3.28

IMD6d1+IMD6d2
4
-1.5574999999999999 1.2745
3.0965000000000007 1.2745
3.0965000000000007 1.4015
-1.5574999999999999 1.4015
2.65

IMD7a
4
-1.5574999999999999 1.4015
3.0965000000000007 1.4015
3.0965000000000007 1.4765
-1.5574999999999999 1.4765
5.2

IMD7b1+IMD7b2
4
-1.5574999999999999 1.4765
3.0965000000000007 1.4765
3.0965000000000007 2.9765
-1.5574999999999999 2.9765
4.2

IMD8a
4
-1.5574999999999999 2.9765
3.0965000000000007 2.9765
3.0965000000000007 3.0515
-1.5574999999999999 3.0515
5.2

IMD8b1+IMD8b2
4
-1.5574999999999999 3.0515
3.0965000000000007 3.0515
3.0965000000000007 4.5515
-1.5574999999999999 4.5515
4.2

PASS1
4
-1.5574999999999999 4.5515
3.0965000000000007 4.5515
3.0965000000000007 4.6265
-1.5574999999999999 4.6265
7.0

PASS2
4
-1.5574999999999999 4.6265
3.0965000000000007 4.6265
3.0965000000000007 5.0265
-1.5574999999999999 5.0265
4.2

PASS3
4
-1.5574999999999999 5.0265
3.0965000000000007 5.0265
3.0965000000000007 5.1015
-1.5574999999999999 5.1015
7.0

PASS4+PASS5
4
-1.5574999999999999 5.1015
3.0965000000000007 5.1015
3.0965000000000007 6.0515
-1.5574999999999999 6.0515
4.2

PASS6
4
-1.5574999999999999 6.0515
3.0965000000000007 6.0515
3.0965000000000007 6.6515
-1.5574999999999999 6.6515
7.0

air_Layer
4
-1.5574999999999999 6.6515
3.0965000000000007 6.6515
3.0965000000000007 6.9485
-1.5574999999999999 6.9485
1.0


4
-1.5574999999999999 0.001
3.0965000000000007 0.001
3.0965000000000007 6.9485
-1.5574999999999999 6.9485

