c1
4
-0.01501000000000001 1.1155
0.01501000000000001 1.1155
0.02099000000000001 1.2145
-0.02099000000000001 1.2145

5
botleft
4
-0.8600000000000001 -0.001
0 -0.001
0 0.001
-0.8600000000000001 0.001

botright
4
0 -0.001
3.164 -0.001
3.164 0.001
0 0.001

lEnv
4
-0.35701000000000005 1.1155
-0.32699 1.1155
-0.32101 1.2145
-0.36299000000000003 1.2145

c2
4
0.39898999999999996 1.1155
1.3740099999999997 1.1155
1.3799899999999998 1.2145
0.39300999999999997 1.2145

rEnv
4
1.6859900000000003 1.1155
2.66101 1.1155
2.66699 1.2145
1.6800100000000002 1.2145


57
IMD5d1_damage
4
-0.366424 1.1055
-0.317576 1.1055
-0.31697200000000003 1.1155
-0.367028 1.1155
3.1

IMD5d1_damage
4
-0.024424000000000008 1.1055
0.024424000000000008 1.1055
0.02502800000000001 1.1155
-0.02502800000000001 1.1155
3.1

IMD5d1_damage
4
0.389576 1.1055
1.3834239999999998 1.1055
1.3840279999999998 1.1155
0.388972 1.1155
3.1

IMD5d1_damage
4
1.6765760000000003 1.1055
2.670424 1.1055
2.671028 1.1155
1.6759720000000002 1.1155
3.1

IMD5d2_damage
4
-0.36201900000000004 1.1155
-0.35701000000000005 1.1155
-0.36299000000000003 1.2145
-0.367999 1.2145
2.9

IMD5d2_damage
4
-0.32699 1.1155
-0.321981 1.1155
-0.31600100000000003 1.2145
-0.32101 1.2145
2.9

IMD5d2_damage
4
-0.02001900000000001 1.1155
-0.01501000000000001 1.1155
-0.02099000000000001 1.2145
-0.025999000000000008 1.2145
2.9

IMD5d2_damage
4
0.01501000000000001 1.1155
0.02001900000000001 1.1155
0.025999000000000008 1.2145
0.02099000000000001 1.2145
2.9

IMD5d2_damage
4
0.39398099999999997 1.1155
0.39898999999999996 1.1155
0.39300999999999997 1.2145
0.388001 1.2145
2.9

IMD5d2_damage
4
1.3740099999999997 1.1155
1.3790189999999998 1.1155
1.3849989999999999 1.2145
1.3799899999999998 1.2145
2.9

IMD5d2_damage
4
1.6809810000000003 1.1155
1.6859900000000003 1.1155
1.6800100000000002 1.2145
1.6750010000000002 1.2145
2.9

IMD5d2_damage
4
2.66101 1.1155
2.666019 1.1155
2.671999 1.2145
2.66699 1.2145
2.9

IMD5d2
4
-0.8600000000000001 1.1155
-0.36201900000000004 1.1155
-0.367999 1.2145
-0.8600000000000001 1.2145
2.65

IMD5d2
4
-0.321981 1.1155
-0.02001900000000001 1.1155
-0.025999000000000008 1.2145
-0.31600100000000003 1.2145
2.65

IMD5d2
4
0.02001900000000001 1.1155
0.39398099999999997 1.1155
0.388001 1.2145
0.025999000000000008 1.2145
2.65

IMD5d2
4
1.3790189999999998 1.1155
1.6809810000000003 1.1155
1.6750010000000002 1.2145
1.3849989999999999 1.2145
2.65

IMD5d2
4
2.666019 1.1155
3.164 1.1155
3.164 1.2145
2.671999 1.2145
2.65

IMD5d1
4
-0.8600000000000001 1.1055
-0.366424 1.1055
-0.367028 1.1155
-0.8600000000000001 1.1155
2.65

IMD5d1
4
-0.317576 1.1055
-0.024424000000000008 1.1055
-0.02502800000000001 1.1155
-0.31697200000000003 1.1155
2.65

IMD5d1
4
0.024424000000000008 1.1055
0.389576 1.1055
0.388972 1.1155
0.02502800000000001 1.1155
2.65

IMD5d1
4
1.3834239999999998 1.1055
1.6765760000000003 1.1055
1.6759720000000002 1.1155
1.3840279999999998 1.1155
2.65

IMD5d1
4
2.670424 1.1055
3.164 1.1055
3.164 1.1155
2.671028 1.1155
2.65

IMD5d1
4
-0.8600000000000001 1.0875
3.164 1.0875
3.164 1.1055
-0.8600000000000001 1.1055
2.65

FOXA+FOXB+TOX
4
-0.8600000000000001 0.001
3.164 0.001
3.164 0.2665
-0.8600000000000001 0.2665
4.0

ILD1a
4
-0.8600000000000001 0.2665
3.164 0.2665
3.164 0.2765
-0.8600000000000001 0.2765
7.0

ILD1b1+ILD1b2+ILD1b3
4
-0.8600000000000001 0.2765
3.164 0.2765
3.164 0.3955
-0.8600000000000001 0.3955
4.0

IMD1a
4
-0.8600000000000001 0.3955
3.164 0.3955
3.164 0.4065
-0.8600000000000001 0.4065
5.2

IMD1b
4
-0.8600000000000001 0.4065
3.164 0.4065
3.164 0.4665
-0.8600000000000001 0.4665
2.8

IMD2a
4
-0.8600000000000001 0.4665
3.164 0.4665
3.164 0.4875
-0.8600000000000001 0.4875
5.2

IMD2b
4
-0.8600000000000001 0.4875
3.164 0.4875
3.164 0.5025
-0.8600000000000001 0.5025
4.2

IMD2c
4
-0.8600000000000001 0.5025
3.164 0.5025
3.164 0.5265
-0.8600000000000001 0.5265
3.28

IMD2d1+IMD2d2
4
-0.8600000000000001 0.5265
3.164 0.5265
3.164 0.6535
-0.8600000000000001 0.6535
2.65

IMD3a
4
-0.8600000000000001 0.6535
3.164 0.6535
3.164 0.6745
-0.8600000000000001 0.6745
5.2

IMD3b
4
-0.8600000000000001 0.6745
3.164 0.6745
3.164 0.6895
-0.8600000000000001 0.6895
4.2

IMD3c
4
-0.8600000000000001 0.6895
3.164 0.6895
3.164 0.7135
-0.8600000000000001 0.7135
3.28

IMD3d1+IMD3d2
4
-0.8600000000000001 0.7135
3.164 0.7135
3.164 0.8405
-0.8600000000000001 0.8405
2.65

IMD4a
4
-0.8600000000000001 0.8405
3.164 0.8405
3.164 0.8615
-0.8600000000000001 0.8615
5.2

IMD4b
4
-0.8600000000000001 0.8615
3.164 0.8615
3.164 0.8765
-0.8600000000000001 0.8765
4.2

IMD4c
4
-0.8600000000000001 0.8765
3.164 0.8765
3.164 0.9005
-0.8600000000000001 0.9005
3.28

IMD4d1+IMD4d2
4
-0.8600000000000001 0.9005
3.164 0.9005
3.164 1.0275
-0.8600000000000001 1.0275
2.65

IMD5a
4
-0.8600000000000001 1.0275
3.164 1.0275
3.164 1.0485
-0.8600000000000001 1.0485
5.2

IMD5b
4
-0.8600000000000001 1.0485
3.164 1.0485
3.164 1.0635
-0.8600000000000001 1.0635
4.2

IMD5c
4
-0.8600000000000001 1.0635
3.164 1.0635
3.164 1.0875
-0.8600000000000001 1.0875
3.28

IMD6a
4
-0.8600000000000001 1.2145
3.164 1.2145
3.164 1.2355
-0.8600000000000001 1.2355
5.2

IMD6b
4
-0.8600000000000001 1.2355
3.164 1.2355
3.164 1.2505
-0.8600000000000001 1.2505
4.2

IMD6c
4
-0.8600000000000001 1.2505
3.164 1.2505
3.164 1.2745
-0.8600000000000001 1.2745
3.28

IMD6d1+IMD6d2
4
-0.8600000000000001 1.2745
3.164 1.2745
3.164 1.4015
-0.8600000000000001 1.4015
2.65

IMD7a
4
-0.8600000000000001 1.4015
3.164 1.4015
3.164 1.4765
-0.8600000000000001 1.4765
5.2

IMD7b1+IMD7b2
4
-0.8600000000000001 1.4765
3.164 1.4765
3.164 2.9765
-0.8600000000000001 2.9765
4.2

IMD8a
4
-0.8600000000000001 2.9765
3.164 2.9765
3.164 3.0515
-0.8600000000000001 3.0515
5.2

IMD8b1+IMD8b2
4
-0.8600000000000001 3.0515
3.164 3.0515
3.164 4.5515
-0.8600000000000001 4.5515
4.2

PASS1
4
-0.8600000000000001 4.5515
3.164 4.5515
3.164 4.6265
-0.8600000000000001 4.6265
7.0

PASS2
4
-0.8600000000000001 4.6265
3.164 4.6265
3.164 5.0265
-0.8600000000000001 5.0265
4.2

PASS3
4
-0.8600000000000001 5.0265
3.164 5.0265
3.164 5.1015
-0.8600000000000001 5.1015
7.0

PASS4+PASS5
4
-0.8600000000000001 5.1015
3.164 5.1015
3.164 6.0515
-0.8600000000000001 6.0515
4.2

PASS6
4
-0.8600000000000001 6.0515
3.164 6.0515
3.164 6.6515
-0.8600000000000001 6.6515
7.0

air_Layer
4
-0.8600000000000001 6.6515
3.164 6.6515
3.164 6.9485
-0.8600000000000001 6.9485
1.0


4
-0.8600000000000001 0.001
3.164 0.001
3.164 6.9485
-0.8600000000000001 6.9485

