c1
4
-0.015009999999999996 0.7415
0.01501000000000001 0.7415
0.02099000000000001 0.8405
-0.020989999999999995 0.8405

5
botleft
4
-0.59 -0.001
0 -0.001
0 0.001
-0.59 0.001

botright
4
0 -0.001
2.894 -0.001
2.894 0.001
0 0.001

lEnv
4
-0.08700999999999999 0.7415
-0.05698999999999999 0.7415
-0.05100999999999999 0.8405
-0.09298999999999999 0.8405

c2
4
0.39898999999999996 0.7415
1.37401 0.7415
1.37999 0.8405
0.39300999999999997 0.8405

rEnv
4
1.41599 0.7415
2.39101 0.7415
2.39699 0.8405
1.41001 0.8405


57
IMD3d1_damage
4
-0.096424 0.7315
-0.04757599999999999 0.7315
-0.04697199999999999 0.7415
-0.09702799999999999 0.7415
3.1

IMD3d1_damage
4
-0.024423999999999994 0.7315
0.024424000000000008 0.7315
0.02502800000000001 0.7415
-0.025027999999999995 0.7415
3.1

IMD3d1_damage
4
0.389576 0.7315
1.383424 0.7315
1.384028 0.7415
0.388972 0.7415
3.1

IMD3d1_damage
4
1.406576 0.7315
2.400424 0.7315
2.401028 0.7415
1.405972 0.7415
3.1

IMD3d2_damage
4
-0.09201899999999999 0.7415
-0.08700999999999999 0.7415
-0.09298999999999999 0.8405
-0.09799899999999999 0.8405
2.9

IMD3d2_damage
4
-0.05698999999999999 0.7415
-0.05198099999999999 0.7415
-0.04600099999999999 0.8405
-0.05100999999999999 0.8405
2.9

IMD3d2_damage
4
-0.020018999999999995 0.7415
-0.015009999999999996 0.7415
-0.020989999999999995 0.8405
-0.025998999999999994 0.8405
2.9

IMD3d2_damage
4
0.01501000000000001 0.7415
0.02001900000000001 0.7415
0.025999000000000008 0.8405
0.02099000000000001 0.8405
2.9

IMD3d2_damage
4
0.39398099999999997 0.7415
0.39898999999999996 0.7415
0.39300999999999997 0.8405
0.388001 0.8405
2.9

IMD3d2_damage
4
1.37401 0.7415
1.379019 0.7415
1.384999 0.8405
1.37999 0.8405
2.9

IMD3d2_damage
4
1.410981 0.7415
1.41599 0.7415
1.41001 0.8405
1.405001 0.8405
2.9

IMD3d2_damage
4
2.39101 0.7415
2.396019 0.7415
2.401999 0.8405
2.39699 0.8405
2.9

IMD3d2
4
-0.59 0.7415
-0.09201899999999999 0.7415
-0.09799899999999999 0.8405
-0.59 0.8405
2.65

IMD3d2
4
-0.05198099999999999 0.7415
-0.020018999999999995 0.7415
-0.025998999999999994 0.8405
-0.04600099999999999 0.8405
2.65

IMD3d2
4
0.02001900000000001 0.7415
0.39398099999999997 0.7415
0.388001 0.8405
0.025999000000000008 0.8405
2.65

IMD3d2
4
1.379019 0.7415
1.410981 0.7415
1.405001 0.8405
1.384999 0.8405
2.65

IMD3d2
4
2.396019 0.7415
2.894 0.7415
2.894 0.8405
2.401999 0.8405
2.65

IMD3d1
4
-0.59 0.7315
-0.096424 0.7315
-0.09702799999999999 0.7415
-0.59 0.7415
2.65

IMD3d1
4
-0.04757599999999999 0.7315
-0.024423999999999994 0.7315
-0.025027999999999995 0.7415
-0.04697199999999999 0.7415
2.65

IMD3d1
4
0.024424000000000008 0.7315
0.389576 0.7315
0.388972 0.7415
0.02502800000000001 0.7415
2.65

IMD3d1
4
1.383424 0.7315
1.406576 0.7315
1.405972 0.7415
1.384028 0.7415
2.65

IMD3d1
4
2.400424 0.7315
2.894 0.7315
2.894 0.7415
2.401028 0.7415
2.65

IMD3d1
4
-0.59 0.7135
2.894 0.7135
2.894 0.7315
-0.59 0.7315
2.65

FOXA+FOXB+TOX
4
-0.59 0.001
2.894 0.001
2.894 0.2665
-0.59 0.2665
4.0

ILD1a
4
-0.59 0.2665
2.894 0.2665
2.894 0.2765
-0.59 0.2765
7.0

ILD1b1+ILD1b2+ILD1b3
4
-0.59 0.2765
2.894 0.2765
2.894 0.3955
-0.59 0.3955
4.0

IMD1a
4
-0.59 0.3955
2.894 0.3955
2.894 0.4065
-0.59 0.4065
5.2

IMD1b
4
-0.59 0.4065
2.894 0.4065
2.894 0.4665
-0.59 0.4665
2.8

IMD2a
4
-0.59 0.4665
2.894 0.4665
2.894 0.4875
-0.59 0.4875
5.2

IMD2b
4
-0.59 0.4875
2.894 0.4875
2.894 0.5025
-0.59 0.5025
4.2

IMD2c
4
-0.59 0.5025
2.894 0.5025
2.894 0.5265
-0.59 0.5265
3.28

IMD2d1+IMD2d2
4
-0.59 0.5265
2.894 0.5265
2.894 0.6535
-0.59 0.6535
2.65

IMD3a
4
-0.59 0.6535
2.894 0.6535
2.894 0.6745
-0.59 0.6745
5.2

IMD3b
4
-0.59 0.6745
2.894 0.6745
2.894 0.6895
-0.59 0.6895
4.2

IMD3c
4
-0.59 0.6895
2.894 0.6895
2.894 0.7135
-0.59 0.7135
3.28

IMD4a
4
-0.59 0.8405
2.894 0.8405
2.894 0.8615
-0.59 0.8615
5.2

IMD4b
4
-0.59 0.8615
2.894 0.8615
2.894 0.8765
-0.59 0.8765
4.2

IMD4c
4
-0.59 0.8765
2.894 0.8765
2.894 0.9005
-0.59 0.9005
3.28

IMD4d1+IMD4d2
4
-0.59 0.9005
2.894 0.9005
2.894 1.0275
-0.59 1.0275
2.65

IMD5a
4
-0.59 1.0275
2.894 1.0275
2.894 1.0485
-0.59 1.0485
5.2

IMD5b
4
-0.59 1.0485
2.894 1.0485
2.894 1.0635
-0.59 1.0635
4.2

IMD5c
4
-0.59 1.0635
2.894 1.0635
2.894 1.0875
-0.59 1.0875
3.28

IMD5d1+IMD5d2
4
-0.59 1.0875
2.894 1.0875
2.894 1.2145
-0.59 1.2145
2.65

IMD6a
4
-0.59 1.2145
2.894 1.2145
2.894 1.2355
-0.59 1.2355
5.2

IMD6b
4
-0.59 1.2355
2.894 1.2355
2.894 1.2505
-0.59 1.2505
4.2

IMD6c
4
-0.59 1.2505
2.894 1.2505
2.894 1.2745
-0.59 1.2745
3.28

IMD6d1+IMD6d2
4
-0.59 1.2745
2.894 1.2745
2.894 1.4015
-0.59 1.4015
2.65

IMD7a
4
-0.59 1.4015
2.894 1.4015
2.894 1.4765
-0.59 1.4765
5.2

IMD7b1+IMD7b2
4
-0.59 1.4765
2.894 1.4765
2.894 2.9765
-0.59 2.9765
4.2

IMD8a
4
-0.59 2.9765
2.894 2.9765
2.894 3.0515
-0.59 3.0515
5.2

IMD8b1+IMD8b2
4
-0.59 3.0515
2.894 3.0515
2.894 4.5515
-0.59 4.5515
4.2

PASS1
4
-0.59 4.5515
2.894 4.5515
2.894 4.6265
-0.59 4.6265
7.0

PASS2
4
-0.59 4.6265
2.894 4.6265
2.894 5.0265
-0.59 5.0265
4.2

PASS3
4
-0.59 5.0265
2.894 5.0265
2.894 5.1015
-0.59 5.1015
7.0

PASS4+PASS5
4
-0.59 5.1015
2.894 5.1015
2.894 6.0515
-0.59 6.0515
4.2

PASS6
4
-0.59 6.0515
2.894 6.0515
2.894 6.6515
-0.59 6.6515
7.0

air_Layer
4
-0.59 6.6515
2.894 6.6515
2.894 6.9485
-0.59 6.9485
1.0


4
-0.59 0.001
2.894 0.001
2.894 6.9485
-0.59 6.9485

