c1
4
-0.060009999999999994 0.7415
0.060009999999999994 0.7415
0.06599 0.8405
-0.06599 0.8405

5
botleft
4
-1.085 -0.001
0 -0.001
0 0.001
-1.085 0.001

botright
4
0 -0.001
1.814 -0.001
1.814 0.001
0 0.001

lEnv
4
-0.58201 0.7415
-0.46199 0.7415
-0.45601 0.8405
-0.58799 0.8405

c2
4
0.84899 0.7415
0.87901 0.7415
0.8849899999999999 0.8405
0.84301 0.8405

rEnv
4
1.28099 0.7415
1.3110099999999998 0.7415
1.3169899999999999 0.8405
1.27501 0.8405


57
IMD3d1_damage
4
-0.591424 0.7315
-0.45257600000000003 0.7315
-0.45197200000000004 0.7415
-0.592028 0.7415
3.1

IMD3d1_damage
4
-0.069424 0.7315
0.069424 0.7315
0.07002799999999999 0.7415
-0.07002799999999999 0.7415
3.1

IMD3d1_damage
4
0.8395760000000001 0.7315
0.8884239999999999 0.7315
0.8890279999999999 0.7415
0.838972 0.7415
3.1

IMD3d1_damage
4
1.271576 0.7315
1.3204239999999998 0.7315
1.3210279999999999 0.7415
1.270972 0.7415
3.1

IMD3d2_damage
4
-0.5870190000000001 0.7415
-0.58201 0.7415
-0.58799 0.8405
-0.592999 0.8405
2.9

IMD3d2_damage
4
-0.46199 0.7415
-0.456981 0.7415
-0.45100100000000004 0.8405
-0.45601 0.8405
2.9

IMD3d2_damage
4
-0.065019 0.7415
-0.060009999999999994 0.7415
-0.06599 0.8405
-0.07099899999999999 0.8405
2.9

IMD3d2_damage
4
0.060009999999999994 0.7415
0.065019 0.7415
0.07099899999999999 0.8405
0.06599 0.8405
2.9

IMD3d2_damage
4
0.843981 0.7415
0.84899 0.7415
0.84301 0.8405
0.838001 0.8405
2.9

IMD3d2_damage
4
0.87901 0.7415
0.884019 0.7415
0.889999 0.8405
0.8849899999999999 0.8405
2.9

IMD3d2_damage
4
1.275981 0.7415
1.28099 0.7415
1.27501 0.8405
1.270001 0.8405
2.9

IMD3d2_damage
4
1.3110099999999998 0.7415
1.3160189999999998 0.7415
1.321999 0.8405
1.3169899999999999 0.8405
2.9

IMD3d2
4
-1.085 0.7415
-0.5870190000000001 0.7415
-0.592999 0.8405
-1.085 0.8405
2.65

IMD3d2
4
-0.456981 0.7415
-0.065019 0.7415
-0.07099899999999999 0.8405
-0.45100100000000004 0.8405
2.65

IMD3d2
4
0.065019 0.7415
0.843981 0.7415
0.838001 0.8405
0.07099899999999999 0.8405
2.65

IMD3d2
4
0.884019 0.7415
1.275981 0.7415
1.270001 0.8405
0.889999 0.8405
2.65

IMD3d2
4
1.3160189999999998 0.7415
1.814 0.7415
1.814 0.8405
1.321999 0.8405
2.65

IMD3d1
4
-1.085 0.7315
-0.591424 0.7315
-0.592028 0.7415
-1.085 0.7415
2.65

IMD3d1
4
-0.45257600000000003 0.7315
-0.069424 0.7315
-0.07002799999999999 0.7415
-0.45197200000000004 0.7415
2.65

IMD3d1
4
0.069424 0.7315
0.8395760000000001 0.7315
0.838972 0.7415
0.07002799999999999 0.7415
2.65

IMD3d1
4
0.8884239999999999 0.7315
1.271576 0.7315
1.270972 0.7415
0.8890279999999999 0.7415
2.65

IMD3d1
4
1.3204239999999998 0.7315
1.814 0.7315
1.814 0.7415
1.3210279999999999 0.7415
2.65

IMD3d1
4
-1.085 0.7135
1.814 0.7135
1.814 0.7315
-1.085 0.7315
2.65

FOXA+FOXB+TOX
4
-1.085 0.001
1.814 0.001
1.814 0.2665
-1.085 0.2665
4.0

ILD1a
4
-1.085 0.2665
1.814 0.2665
1.814 0.2765
-1.085 0.2765
7.0

ILD1b1+ILD1b2+ILD1b3
4
-1.085 0.2765
1.814 0.2765
1.814 0.3955
-1.085 0.3955
4.0

IMD1a
4
-1.085 0.3955
1.814 0.3955
1.814 0.4065
-1.085 0.4065
5.2

IMD1b
4
-1.085 0.4065
1.814 0.4065
1.814 0.4665
-1.085 0.4665
2.8

IMD2a
4
-1.085 0.4665
1.814 0.4665
1.814 0.4875
-1.085 0.4875
5.2

IMD2b
4
-1.085 0.4875
1.814 0.4875
1.814 0.5025
-1.085 0.5025
4.2

IMD2c
4
-1.085 0.5025
1.814 0.5025
1.814 0.5265
-1.085 0.5265
3.28

IMD2d1+IMD2d2
4
-1.085 0.5265
1.814 0.5265
1.814 0.6535
-1.085 0.6535
2.65

IMD3a
4
-1.085 0.6535
1.814 0.6535
1.814 0.6745
-1.085 0.6745
5.2

IMD3b
4
-1.085 0.6745
1.814 0.6745
1.814 0.6895
-1.085 0.6895
4.2

IMD3c
4
-1.085 0.6895
1.814 0.6895
1.814 0.7135
-1.085 0.7135
3.28

IMD4a
4
-1.085 0.8405
1.814 0.8405
1.814 0.8615
-1.085 0.8615
5.2

IMD4b
4
-1.085 0.8615
1.814 0.8615
1.814 0.8765
-1.085 0.8765
4.2

IMD4c
4
-1.085 0.8765
1.814 0.8765
1.814 0.9005
-1.085 0.9005
3.28

IMD4d1+IMD4d2
4
-1.085 0.9005
1.814 0.9005
1.814 1.0275
-1.085 1.0275
2.65

IMD5a
4
-1.085 1.0275
1.814 1.0275
1.814 1.0485
-1.085 1.0485
5.2

IMD5b
4
-1.085 1.0485
1.814 1.0485
1.814 1.0635
-1.085 1.0635
4.2

IMD5c
4
-1.085 1.0635
1.814 1.0635
1.814 1.0875
-1.085 1.0875
3.28

IMD5d1+IMD5d2
4
-1.085 1.0875
1.814 1.0875
1.814 1.2145
-1.085 1.2145
2.65

IMD6a
4
-1.085 1.2145
1.814 1.2145
1.814 1.2355
-1.085 1.2355
5.2

IMD6b
4
-1.085 1.2355
1.814 1.2355
1.814 1.2505
-1.085 1.2505
4.2

IMD6c
4
-1.085 1.2505
1.814 1.2505
1.814 1.2745
-1.085 1.2745
3.28

IMD6d1+IMD6d2
4
-1.085 1.2745
1.814 1.2745
1.814 1.4015
-1.085 1.4015
2.65

IMD7a
4
-1.085 1.4015
1.814 1.4015
1.814 1.4765
-1.085 1.4765
5.2

IMD7b1+IMD7b2
4
-1.085 1.4765
1.814 1.4765
1.814 2.9765
-1.085 2.9765
4.2

IMD8a
4
-1.085 2.9765
1.814 2.9765
1.814 3.0515
-1.085 3.0515
5.2

IMD8b1+IMD8b2
4
-1.085 3.0515
1.814 3.0515
1.814 4.5515
-1.085 4.5515
4.2

PASS1
4
-1.085 4.5515
1.814 4.5515
1.814 4.6265
-1.085 4.6265
7.0

PASS2
4
-1.085 4.6265
1.814 4.6265
1.814 5.0265
-1.085 5.0265
4.2

PASS3
4
-1.085 5.0265
1.814 5.0265
1.814 5.1015
-1.085 5.1015
7.0

PASS4+PASS5
4
-1.085 5.1015
1.814 5.1015
1.814 6.0515
-1.085 6.0515
4.2

PASS6
4
-1.085 6.0515
1.814 6.0515
1.814 6.6515
-1.085 6.6515
7.0

air_Layer
4
-1.085 6.6515
1.814 6.6515
1.814 6.9485
-1.085 6.9485
1.0


4
-1.085 0.001
1.814 0.001
1.814 6.9485
-1.085 6.9485

