c1
4
-0.060009999999999994 0.5545
0.060009999999999994 0.5545
0.06599 0.6535
-0.06599 0.6535

5
botleft
4
-0.815 -0.001
0 -0.001
0 0.001
-0.815 0.001

botright
4
0 -0.001
1.544 -0.001
1.544 0.001
0 0.001

lEnv
4
-0.31201 0.5545
-0.19199 0.5545
-0.18600999999999998 0.6535
-0.31799 0.6535

c2
4
0.66899 0.5545
0.7890100000000001 0.5545
0.7949900000000001 0.6535
0.66301 0.6535

rEnv
4
0.9209900000000001 0.5545
1.04101 0.5545
1.04699 0.6535
0.9150100000000001 0.6535


57
IMD2d1_damage
4
-0.321424 0.5445
-0.18257599999999996 0.5445
-0.18197199999999997 0.5545
-0.322028 0.5545
3.1

IMD2d1_damage
4
-0.069424 0.5445
0.069424 0.5445
0.07002799999999999 0.5545
-0.07002799999999999 0.5545
3.1

IMD2d1_damage
4
0.659576 0.5445
0.798424 0.5445
0.7990280000000001 0.5545
0.658972 0.5545
3.1

IMD2d1_damage
4
0.9115760000000002 0.5445
1.050424 0.5445
1.051028 0.5545
0.9109720000000001 0.5545
3.1

IMD2d2_damage
4
-0.317019 0.5545
-0.31201 0.5545
-0.31799 0.6535
-0.322999 0.6535
2.9

IMD2d2_damage
4
-0.19199 0.5545
-0.18698099999999998 0.5545
-0.18100099999999997 0.6535
-0.18600999999999998 0.6535
2.9

IMD2d2_damage
4
-0.065019 0.5545
-0.060009999999999994 0.5545
-0.06599 0.6535
-0.07099899999999999 0.6535
2.9

IMD2d2_damage
4
0.060009999999999994 0.5545
0.065019 0.5545
0.07099899999999999 0.6535
0.06599 0.6535
2.9

IMD2d2_damage
4
0.6639809999999999 0.5545
0.66899 0.5545
0.66301 0.6535
0.658001 0.6535
2.9

IMD2d2_damage
4
0.7890100000000001 0.5545
0.7940190000000001 0.5545
0.7999990000000001 0.6535
0.7949900000000001 0.6535
2.9

IMD2d2_damage
4
0.915981 0.5545
0.9209900000000001 0.5545
0.9150100000000001 0.6535
0.9100010000000001 0.6535
2.9

IMD2d2_damage
4
1.04101 0.5545
1.046019 0.5545
1.0519990000000001 0.6535
1.04699 0.6535
2.9

IMD2d2
4
-0.815 0.5545
-0.317019 0.5545
-0.322999 0.6535
-0.815 0.6535
2.65

IMD2d2
4
-0.18698099999999998 0.5545
-0.065019 0.5545
-0.07099899999999999 0.6535
-0.18100099999999997 0.6535
2.65

IMD2d2
4
0.065019 0.5545
0.6639809999999999 0.5545
0.658001 0.6535
0.07099899999999999 0.6535
2.65

IMD2d2
4
0.7940190000000001 0.5545
0.915981 0.5545
0.9100010000000001 0.6535
0.7999990000000001 0.6535
2.65

IMD2d2
4
1.046019 0.5545
1.544 0.5545
1.544 0.6535
1.0519990000000001 0.6535
2.65

IMD2d1
4
-0.815 0.5445
-0.321424 0.5445
-0.322028 0.5545
-0.815 0.5545
2.65

IMD2d1
4
-0.18257599999999996 0.5445
-0.069424 0.5445
-0.07002799999999999 0.5545
-0.18197199999999997 0.5545
2.65

IMD2d1
4
0.069424 0.5445
0.659576 0.5445
0.658972 0.5545
0.07002799999999999 0.5545
2.65

IMD2d1
4
0.798424 0.5445
0.9115760000000002 0.5445
0.9109720000000001 0.5545
0.7990280000000001 0.5545
2.65

IMD2d1
4
1.050424 0.5445
1.544 0.5445
1.544 0.5545
1.051028 0.5545
2.65

IMD2d1
4
-0.815 0.5265
1.544 0.5265
1.544 0.5445
-0.815 0.5445
2.65

FOXA+FOXB+TOX
4
-0.815 0.001
1.544 0.001
1.544 0.2665
-0.815 0.2665
4.0

ILD1a
4
-0.815 0.2665
1.544 0.2665
1.544 0.2765
-0.815 0.2765
7.0

ILD1b1+ILD1b2+ILD1b3
4
-0.815 0.2765
1.544 0.2765
1.544 0.3955
-0.815 0.3955
4.0

IMD1a
4
-0.815 0.3955
1.544 0.3955
1.544 0.4065
-0.815 0.4065
5.2

IMD1b
4
-0.815 0.4065
1.544 0.4065
1.544 0.4665
-0.815 0.4665
2.8

IMD2a
4
-0.815 0.4665
1.544 0.4665
1.544 0.4875
-0.815 0.4875
5.2

IMD2b
4
-0.815 0.4875
1.544 0.4875
1.544 0.5025
-0.815 0.5025
4.2

IMD2c
4
-0.815 0.5025
1.544 0.5025
1.544 0.5265
-0.815 0.5265
3.28

IMD3a
4
-0.815 0.6535
1.544 0.6535
1.544 0.6745
-0.815 0.6745
5.2

IMD3b
4
-0.815 0.6745
1.544 0.6745
1.544 0.6895
-0.815 0.6895
4.2

IMD3c
4
-0.815 0.6895
1.544 0.6895
1.544 0.7135
-0.815 0.7135
3.28

IMD3d1+IMD3d2
4
-0.815 0.7135
1.544 0.7135
1.544 0.8405
-0.815 0.8405
2.65

IMD4a
4
-0.815 0.8405
1.544 0.8405
1.544 0.8615
-0.815 0.8615
5.2

IMD4b
4
-0.815 0.8615
1.544 0.8615
1.544 0.8765
-0.815 0.8765
4.2

IMD4c
4
-0.815 0.8765
1.544 0.8765
1.544 0.9005
-0.815 0.9005
3.28

IMD4d1+IMD4d2
4
-0.815 0.9005
1.544 0.9005
1.544 1.0275
-0.815 1.0275
2.65

IMD5a
4
-0.815 1.0275
1.544 1.0275
1.544 1.0485
-0.815 1.0485
5.2

IMD5b
4
-0.815 1.0485
1.544 1.0485
1.544 1.0635
-0.815 1.0635
4.2

IMD5c
4
-0.815 1.0635
1.544 1.0635
1.544 1.0875
-0.815 1.0875
3.28

IMD5d1+IMD5d2
4
-0.815 1.0875
1.544 1.0875
1.544 1.2145
-0.815 1.2145
2.65

IMD6a
4
-0.815 1.2145
1.544 1.2145
1.544 1.2355
-0.815 1.2355
5.2

IMD6b
4
-0.815 1.2355
1.544 1.2355
1.544 1.2505
-0.815 1.2505
4.2

IMD6c
4
-0.815 1.2505
1.544 1.2505
1.544 1.2745
-0.815 1.2745
3.28

IMD6d1+IMD6d2
4
-0.815 1.2745
1.544 1.2745
1.544 1.4015
-0.815 1.4015
2.65

IMD7a
4
-0.815 1.4015
1.544 1.4015
1.544 1.4765
-0.815 1.4765
5.2

IMD7b1+IMD7b2
4
-0.815 1.4765
1.544 1.4765
1.544 2.9765
-0.815 2.9765
4.2

IMD8a
4
-0.815 2.9765
1.544 2.9765
1.544 3.0515
-0.815 3.0515
5.2

IMD8b1+IMD8b2
4
-0.815 3.0515
1.544 3.0515
1.544 4.5515
-0.815 4.5515
4.2

PASS1
4
-0.815 4.5515
1.544 4.5515
1.544 4.6265
-0.815 4.6265
7.0

PASS2
4
-0.815 4.6265
1.544 4.6265
1.544 5.0265
-0.815 5.0265
4.2

PASS3
4
-0.815 5.0265
1.544 5.0265
1.544 5.1015
-0.815 5.1015
7.0

PASS4+PASS5
4
-0.815 5.1015
1.544 5.1015
1.544 6.0515
-0.815 6.0515
4.2

PASS6
4
-0.815 6.0515
1.544 6.0515
1.544 6.6515
-0.815 6.6515
7.0

air_Layer
4
-0.815 6.6515
1.544 6.6515
1.544 6.9485
-0.815 6.9485
1.0


4
-0.815 0.001
1.544 0.001
1.544 6.9485
-0.815 6.9485

