c1
4
-0.01501000000000001 1.3025
0.01501000000000001 1.3025
0.02099000000000001 1.4015
-0.02099000000000001 1.4015

5
botleft
4
-0.77 -0.001
0 -0.001
0 0.001
-0.77 0.001

botright
4
0 -0.001
2.984 -0.001
2.984 0.001
0 0.001

lEnv
4
-0.26701 1.3025
-0.23699000000000003 1.3025
-0.23101000000000002 1.4015
-0.27299 1.4015

c2
4
0.30899000000000004 1.3025
1.2840099999999999 1.3025
1.28999 1.4015
0.30301000000000006 1.4015

rEnv
4
1.5059900000000002 1.3025
2.48101 1.3025
2.48699 1.4015
1.50001 1.4015


57
IMD6d1_damage
4
-0.276424 1.2925
-0.227576 1.2925
-0.226972 1.3025
-0.277028 1.3025
3.1

IMD6d1_damage
4
-0.024424000000000008 1.2925
0.024424000000000008 1.2925
0.02502800000000001 1.3025
-0.02502800000000001 1.3025
3.1

IMD6d1_damage
4
0.29957600000000006 1.2925
1.293424 1.2925
1.294028 1.3025
0.29897200000000007 1.3025
3.1

IMD6d1_damage
4
1.4965760000000001 1.2925
2.490424 1.2925
2.491028 1.3025
1.495972 1.3025
3.1

IMD6d2_damage
4
-0.272019 1.3025
-0.26701 1.3025
-0.27299 1.4015
-0.277999 1.4015
2.9

IMD6d2_damage
4
-0.23699000000000003 1.3025
-0.23198100000000002 1.3025
-0.226001 1.4015
-0.23101000000000002 1.4015
2.9

IMD6d2_damage
4
-0.02001900000000001 1.3025
-0.01501000000000001 1.3025
-0.02099000000000001 1.4015
-0.025999000000000008 1.4015
2.9

IMD6d2_damage
4
0.01501000000000001 1.3025
0.02001900000000001 1.3025
0.025999000000000008 1.4015
0.02099000000000001 1.4015
2.9

IMD6d2_damage
4
0.30398100000000006 1.3025
0.30899000000000004 1.3025
0.30301000000000006 1.4015
0.29800100000000007 1.4015
2.9

IMD6d2_damage
4
1.2840099999999999 1.3025
1.289019 1.3025
1.294999 1.4015
1.28999 1.4015
2.9

IMD6d2_damage
4
1.5009810000000001 1.3025
1.5059900000000002 1.3025
1.50001 1.4015
1.495001 1.4015
2.9

IMD6d2_damage
4
2.48101 1.3025
2.4860189999999998 1.3025
2.491999 1.4015
2.48699 1.4015
2.9

IMD6d2
4
-0.77 1.3025
-0.272019 1.3025
-0.277999 1.4015
-0.77 1.4015
2.65

IMD6d2
4
-0.23198100000000002 1.3025
-0.02001900000000001 1.3025
-0.025999000000000008 1.4015
-0.226001 1.4015
2.65

IMD6d2
4
0.02001900000000001 1.3025
0.30398100000000006 1.3025
0.29800100000000007 1.4015
0.025999000000000008 1.4015
2.65

IMD6d2
4
1.289019 1.3025
1.5009810000000001 1.3025
1.495001 1.4015
1.294999 1.4015
2.65

IMD6d2
4
2.4860189999999998 1.3025
2.984 1.3025
2.984 1.4015
2.491999 1.4015
2.65

IMD6d1
4
-0.77 1.2925
-0.276424 1.2925
-0.277028 1.3025
-0.77 1.3025
2.65

IMD6d1
4
-0.227576 1.2925
-0.024424000000000008 1.2925
-0.02502800000000001 1.3025
-0.226972 1.3025
2.65

IMD6d1
4
0.024424000000000008 1.2925
0.29957600000000006 1.2925
0.29897200000000007 1.3025
0.02502800000000001 1.3025
2.65

IMD6d1
4
1.293424 1.2925
1.4965760000000001 1.2925
1.495972 1.3025
1.294028 1.3025
2.65

IMD6d1
4
2.490424 1.2925
2.984 1.2925
2.984 1.3025
2.491028 1.3025
2.65

IMD6d1
4
-0.77 1.2745
2.984 1.2745
2.984 1.2925
-0.77 1.2925
2.65

FOXA+FOXB+TOX
4
-0.77 0.001
2.984 0.001
2.984 0.2665
-0.77 0.2665
4.0

ILD1a
4
-0.77 0.2665
2.984 0.2665
2.984 0.2765
-0.77 0.2765
7.0

ILD1b1+ILD1b2+ILD1b3
4
-0.77 0.2765
2.984 0.2765
2.984 0.3955
-0.77 0.3955
4.0

IMD1a
4
-0.77 0.3955
2.984 0.3955
2.984 0.4065
-0.77 0.4065
5.2

IMD1b
4
-0.77 0.4065
2.984 0.4065
2.984 0.4665
-0.77 0.4665
2.8

IMD2a
4
-0.77 0.4665
2.984 0.4665
2.984 0.4875
-0.77 0.4875
5.2

IMD2b
4
-0.77 0.4875
2.984 0.4875
2.984 0.5025
-0.77 0.5025
4.2

IMD2c
4
-0.77 0.5025
2.984 0.5025
2.984 0.5265
-0.77 0.5265
3.28

IMD2d1+IMD2d2
4
-0.77 0.5265
2.984 0.5265
2.984 0.6535
-0.77 0.6535
2.65

IMD3a
4
-0.77 0.6535
2.984 0.6535
2.984 0.6745
-0.77 0.6745
5.2

IMD3b
4
-0.77 0.6745
2.984 0.6745
2.984 0.6895
-0.77 0.6895
4.2

IMD3c
4
-0.77 0.6895
2.984 0.6895
2.984 0.7135
-0.77 0.7135
3.28

IMD3d1+IMD3d2
4
-0.77 0.7135
2.984 0.7135
2.984 0.8405
-0.77 0.8405
2.65

IMD4a
4
-0.77 0.8405
2.984 0.8405
2.984 0.8615
-0.77 0.8615
5.2

IMD4b
4
-0.77 0.8615
2.984 0.8615
2.984 0.8765
-0.77 0.8765
4.2

IMD4c
4
-0.77 0.8765
2.984 0.8765
2.984 0.9005
-0.77 0.9005
3.28

IMD4d1+IMD4d2
4
-0.77 0.9005
2.984 0.9005
2.984 1.0275
-0.77 1.0275
2.65

IMD5a
4
-0.77 1.0275
2.984 1.0275
2.984 1.0485
-0.77 1.0485
5.2

IMD5b
4
-0.77 1.0485
2.984 1.0485
2.984 1.0635
-0.77 1.0635
4.2

IMD5c
4
-0.77 1.0635
2.984 1.0635
2.984 1.0875
-0.77 1.0875
3.28

IMD5d1+IMD5d2
4
-0.77 1.0875
2.984 1.0875
2.984 1.2145
-0.77 1.2145
2.65

IMD6a
4
-0.77 1.2145
2.984 1.2145
2.984 1.2355
-0.77 1.2355
5.2

IMD6b
4
-0.77 1.2355
2.984 1.2355
2.984 1.2505
-0.77 1.2505
4.2

IMD6c
4
-0.77 1.2505
2.984 1.2505
2.984 1.2745
-0.77 1.2745
3.28

IMD7a
4
-0.77 1.4015
2.984 1.4015
2.984 1.4765
-0.77 1.4765
5.2

IMD7b1+IMD7b2
4
-0.77 1.4765
2.984 1.4765
2.984 2.9765
-0.77 2.9765
4.2

IMD8a
4
-0.77 2.9765
2.984 2.9765
2.984 3.0515
-0.77 3.0515
5.2

IMD8b1+IMD8b2
4
-0.77 3.0515
2.984 3.0515
2.984 4.5515
-0.77 4.5515
4.2

PASS1
4
-0.77 4.5515
2.984 4.5515
2.984 4.6265
-0.77 4.6265
7.0

PASS2
4
-0.77 4.6265
2.984 4.6265
2.984 5.0265
-0.77 5.0265
4.2

PASS3
4
-0.77 5.0265
2.984 5.0265
2.984 5.1015
-0.77 5.1015
7.0

PASS4+PASS5
4
-0.77 5.1015
2.984 5.1015
2.984 6.0515
-0.77 6.0515
4.2

PASS6
4
-0.77 6.0515
2.984 6.0515
2.984 6.6515
-0.77 6.6515
7.0

air_Layer
4
-0.77 6.6515
2.984 6.6515
2.984 6.9485
-0.77 6.9485
1.0


4
-0.77 0.001
2.984 0.001
2.984 6.9485
-0.77 6.9485

