c1
4
-0.21751000000000006 1.1155
0.21750999999999995 1.1155
0.22348999999999997 1.2145
-0.22349000000000008 1.2145

5
botleft
4
-1.4675 -0.001
0 -0.001
0 0.001
-1.4675 0.001

botright
4
0 -0.001
3.4115 -0.001
3.4115 0.001
0 0.001

lEnv
4
-0.9645100000000001 1.1155
-0.5294900000000001 1.1155
-0.5235100000000001 1.2145
-0.9704900000000001 1.2145

c2
4
0.9164899999999999 1.1155
1.7565099999999998 1.1155
1.76249 1.2145
0.9105099999999999 1.2145

rEnv
4
2.0684899999999997 1.1155
2.9085099999999997 1.1155
2.91449 1.2145
2.0625099999999996 1.2145


57
IMD5d1_damage
4
-0.973924 1.1055
-0.5200760000000002 1.1055
-0.5194720000000002 1.1155
-0.9745280000000001 1.1155
3.1

IMD5d1_damage
4
-0.22692400000000007 1.1055
0.22692399999999996 1.1055
0.22752799999999995 1.1155
-0.22752800000000006 1.1155
3.1

IMD5d1_damage
4
0.907076 1.1055
1.7659239999999998 1.1055
1.7665279999999999 1.1155
0.9064719999999999 1.1155
3.1

IMD5d1_damage
4
2.0590759999999997 1.1055
2.9179239999999997 1.1055
2.918528 1.1155
2.0584719999999996 1.1155
3.1

IMD5d2_damage
4
-0.9695190000000001 1.1155
-0.9645100000000001 1.1155
-0.9704900000000001 1.2145
-0.9754990000000001 1.2145
2.9

IMD5d2_damage
4
-0.5294900000000001 1.1155
-0.5244810000000001 1.1155
-0.5185010000000001 1.2145
-0.5235100000000001 1.2145
2.9

IMD5d2_damage
4
-0.22251900000000008 1.1155
-0.21751000000000006 1.1155
-0.22349000000000008 1.2145
-0.2284990000000001 1.2145
2.9

IMD5d2_damage
4
0.21750999999999995 1.1155
0.22251899999999997 1.1155
0.22849899999999998 1.2145
0.22348999999999997 1.2145
2.9

IMD5d2_damage
4
0.9114809999999999 1.1155
0.9164899999999999 1.1155
0.9105099999999999 1.2145
0.9055009999999999 1.2145
2.9

IMD5d2_damage
4
1.7565099999999998 1.1155
1.7615189999999998 1.1155
1.767499 1.2145
1.76249 1.2145
2.9

IMD5d2_damage
4
2.063481 1.1155
2.0684899999999997 1.1155
2.0625099999999996 1.2145
2.057501 1.2145
2.9

IMD5d2_damage
4
2.9085099999999997 1.1155
2.9135189999999995 1.1155
2.9194989999999996 1.2145
2.91449 1.2145
2.9

IMD5d2
4
-1.4675 1.1155
-0.9695190000000001 1.1155
-0.9754990000000001 1.2145
-1.4675 1.2145
2.65

IMD5d2
4
-0.5244810000000001 1.1155
-0.22251900000000008 1.1155
-0.2284990000000001 1.2145
-0.5185010000000001 1.2145
2.65

IMD5d2
4
0.22251899999999997 1.1155
0.9114809999999999 1.1155
0.9055009999999999 1.2145
0.22849899999999998 1.2145
2.65

IMD5d2
4
1.7615189999999998 1.1155
2.063481 1.1155
2.057501 1.2145
1.767499 1.2145
2.65

IMD5d2
4
2.9135189999999995 1.1155
3.4115 1.1155
3.4115 1.2145
2.9194989999999996 1.2145
2.65

IMD5d1
4
-1.4675 1.1055
-0.973924 1.1055
-0.9745280000000001 1.1155
-1.4675 1.1155
2.65

IMD5d1
4
-0.5200760000000002 1.1055
-0.22692400000000007 1.1055
-0.22752800000000006 1.1155
-0.5194720000000002 1.1155
2.65

IMD5d1
4
0.22692399999999996 1.1055
0.907076 1.1055
0.9064719999999999 1.1155
0.22752799999999995 1.1155
2.65

IMD5d1
4
1.7659239999999998 1.1055
2.0590759999999997 1.1055
2.0584719999999996 1.1155
1.7665279999999999 1.1155
2.65

IMD5d1
4
2.9179239999999997 1.1055
3.4115 1.1055
3.4115 1.1155
2.918528 1.1155
2.65

IMD5d1
4
-1.4675 1.0875
3.4115 1.0875
3.4115 1.1055
-1.4675 1.1055
2.65

FOXA+FOXB+TOX
4
-1.4675 0.001
3.4115 0.001
3.4115 0.2665
-1.4675 0.2665
4.0

ILD1a
4
-1.4675 0.2665
3.4115 0.2665
3.4115 0.2765
-1.4675 0.2765
7.0

ILD1b1+ILD1b2+ILD1b3
4
-1.4675 0.2765
3.4115 0.2765
3.4115 0.3955
-1.4675 0.3955
4.0

IMD1a
4
-1.4675 0.3955
3.4115 0.3955
3.4115 0.4065
-1.4675 0.4065
5.2

IMD1b
4
-1.4675 0.4065
3.4115 0.4065
3.4115 0.4665
-1.4675 0.4665
2.8

IMD2a
4
-1.4675 0.4665
3.4115 0.4665
3.4115 0.4875
-1.4675 0.4875
5.2

IMD2b
4
-1.4675 0.4875
3.4115 0.4875
3.4115 0.5025
-1.4675 0.5025
4.2

IMD2c
4
-1.4675 0.5025
3.4115 0.5025
3.4115 0.5265
-1.4675 0.5265
3.28

IMD2d1+IMD2d2
4
-1.4675 0.5265
3.4115 0.5265
3.4115 0.6535
-1.4675 0.6535
2.65

IMD3a
4
-1.4675 0.6535
3.4115 0.6535
3.4115 0.6745
-1.4675 0.6745
5.2

IMD3b
4
-1.4675 0.6745
3.4115 0.6745
3.4115 0.6895
-1.4675 0.6895
4.2

IMD3c
4
-1.4675 0.6895
3.4115 0.6895
3.4115 0.7135
-1.4675 0.7135
3.28

IMD3d1+IMD3d2
4
-1.4675 0.7135
3.4115 0.7135
3.4115 0.8405
-1.4675 0.8405
2.65

IMD4a
4
-1.4675 0.8405
3.4115 0.8405
3.4115 0.8615
-1.4675 0.8615
5.2

IMD4b
4
-1.4675 0.8615
3.4115 0.8615
3.4115 0.8765
-1.4675 0.8765
4.2

IMD4c
4
-1.4675 0.8765
3.4115 0.8765
3.4115 0.9005
-1.4675 0.9005
3.28

IMD4d1+IMD4d2
4
-1.4675 0.9005
3.4115 0.9005
3.4115 1.0275
-1.4675 1.0275
2.65

IMD5a
4
-1.4675 1.0275
3.4115 1.0275
3.4115 1.0485
-1.4675 1.0485
5.2

IMD5b
4
-1.4675 1.0485
3.4115 1.0485
3.4115 1.0635
-1.4675 1.0635
4.2

IMD5c
4
-1.4675 1.0635
3.4115 1.0635
3.4115 1.0875
-1.4675 1.0875
3.28

IMD6a
4
-1.4675 1.2145
3.4115 1.2145
3.4115 1.2355
-1.4675 1.2355
5.2

IMD6b
4
-1.4675 1.2355
3.4115 1.2355
3.4115 1.2505
-1.4675 1.2505
4.2

IMD6c
4
-1.4675 1.2505
3.4115 1.2505
3.4115 1.2745
-1.4675 1.2745
3.28

IMD6d1+IMD6d2
4
-1.4675 1.2745
3.4115 1.2745
3.4115 1.4015
-1.4675 1.4015
2.65

IMD7a
4
-1.4675 1.4015
3.4115 1.4015
3.4115 1.4765
-1.4675 1.4765
5.2

IMD7b1+IMD7b2
4
-1.4675 1.4765
3.4115 1.4765
3.4115 2.9765
-1.4675 2.9765
4.2

IMD8a
4
-1.4675 2.9765
3.4115 2.9765
3.4115 3.0515
-1.4675 3.0515
5.2

IMD8b1+IMD8b2
4
-1.4675 3.0515
3.4115 3.0515
3.4115 4.5515
-1.4675 4.5515
4.2

PASS1
4
-1.4675 4.5515
3.4115 4.5515
3.4115 4.6265
-1.4675 4.6265
7.0

PASS2
4
-1.4675 4.6265
3.4115 4.6265
3.4115 5.0265
-1.4675 5.0265
4.2

PASS3
4
-1.4675 5.0265
3.4115 5.0265
3.4115 5.1015
-1.4675 5.1015
7.0

PASS4+PASS5
4
-1.4675 5.1015
3.4115 5.1015
3.4115 6.0515
-1.4675 6.0515
4.2

PASS6
4
-1.4675 6.0515
3.4115 6.0515
3.4115 6.6515
-1.4675 6.6515
7.0

air_Layer
4
-1.4675 6.6515
3.4115 6.6515
3.4115 6.9485
-1.4675 6.9485
1.0


4
-1.4675 0.001
3.4115 0.001
3.4115 6.9485
-1.4675 6.9485

