c1
4
-0.060009999999999994 0.9285000000000001
0.060009999999999994 0.9285000000000001
0.06599 1.0275
-0.06599 1.0275

5
botleft
4
-0.9950000000000001 -0.001
0 -0.001
0 0.001
-0.9950000000000001 0.001

botright
4
0 -0.001
3.3439999999999994 -0.001
3.3439999999999994 0.001
0 0.001

lEnv
4
-0.49201000000000006 0.9285000000000001
-0.37199000000000004 0.9285000000000001
-0.36601000000000006 1.0275
-0.49799000000000004 1.0275

c2
4
0.8489899999999999 0.9285000000000001
1.6890099999999997 0.9285000000000001
1.6949899999999998 1.0275
0.8430099999999999 1.0275

rEnv
4
2.00099 0.9285000000000001
2.8410099999999994 0.9285000000000001
2.8469899999999995 1.0275
1.9950099999999997 1.0275


57
IMD4d1_damage
4
-0.501424 0.9185000000000001
-0.36257600000000006 0.9185000000000001
-0.36197200000000007 0.9285000000000001
-0.502028 0.9285000000000001
3.1

IMD4d1_damage
4
-0.069424 0.9185000000000001
0.069424 0.9185000000000001
0.07002799999999999 0.9285000000000001
-0.07002799999999999 0.9285000000000001
3.1

IMD4d1_damage
4
0.839576 0.9185000000000001
1.6984239999999997 0.9185000000000001
1.6990279999999998 0.9285000000000001
0.8389719999999999 0.9285000000000001
3.1

IMD4d1_damage
4
1.9915759999999998 0.9185000000000001
2.8504239999999994 0.9185000000000001
2.8510279999999995 0.9285000000000001
1.9909719999999997 0.9285000000000001
3.1

IMD4d2_damage
4
-0.49701900000000004 0.9285000000000001
-0.49201000000000006 0.9285000000000001
-0.49799000000000004 1.0275
-0.5029990000000001 1.0275
2.9

IMD4d2_damage
4
-0.37199000000000004 0.9285000000000001
-0.36698100000000006 0.9285000000000001
-0.36100100000000007 1.0275
-0.36601000000000006 1.0275
2.9

IMD4d2_damage
4
-0.065019 0.9285000000000001
-0.060009999999999994 0.9285000000000001
-0.06599 1.0275
-0.07099899999999999 1.0275
2.9

IMD4d2_damage
4
0.060009999999999994 0.9285000000000001
0.065019 0.9285000000000001
0.07099899999999999 1.0275
0.06599 1.0275
2.9

IMD4d2_damage
4
0.8439809999999999 0.9285000000000001
0.8489899999999999 0.9285000000000001
0.8430099999999999 1.0275
0.8380009999999999 1.0275
2.9

IMD4d2_damage
4
1.6890099999999997 0.9285000000000001
1.6940189999999997 0.9285000000000001
1.6999989999999998 1.0275
1.6949899999999998 1.0275
2.9

IMD4d2_damage
4
1.9959809999999998 0.9285000000000001
2.00099 0.9285000000000001
1.9950099999999997 1.0275
1.9900009999999997 1.0275
2.9

IMD4d2_damage
4
2.8410099999999994 0.9285000000000001
2.846018999999999 0.9285000000000001
2.8519989999999993 1.0275
2.8469899999999995 1.0275
2.9

IMD4d2
4
-0.9950000000000001 0.9285000000000001
-0.49701900000000004 0.9285000000000001
-0.5029990000000001 1.0275
-0.9950000000000001 1.0275
2.65

IMD4d2
4
-0.36698100000000006 0.9285000000000001
-0.065019 0.9285000000000001
-0.07099899999999999 1.0275
-0.36100100000000007 1.0275
2.65

IMD4d2
4
0.065019 0.9285000000000001
0.8439809999999999 0.9285000000000001
0.8380009999999999 1.0275
0.07099899999999999 1.0275
2.65

IMD4d2
4
1.6940189999999997 0.9285000000000001
1.9959809999999998 0.9285000000000001
1.9900009999999997 1.0275
1.6999989999999998 1.0275
2.65

IMD4d2
4
2.846018999999999 0.9285000000000001
3.3439999999999994 0.9285000000000001
3.3439999999999994 1.0275
2.8519989999999993 1.0275
2.65

IMD4d1
4
-0.9950000000000001 0.9185000000000001
-0.501424 0.9185000000000001
-0.502028 0.9285000000000001
-0.9950000000000001 0.9285000000000001
2.65

IMD4d1
4
-0.36257600000000006 0.9185000000000001
-0.069424 0.9185000000000001
-0.07002799999999999 0.9285000000000001
-0.36197200000000007 0.9285000000000001
2.65

IMD4d1
4
0.069424 0.9185000000000001
0.839576 0.9185000000000001
0.8389719999999999 0.9285000000000001
0.07002799999999999 0.9285000000000001
2.65

IMD4d1
4
1.6984239999999997 0.9185000000000001
1.9915759999999998 0.9185000000000001
1.9909719999999997 0.9285000000000001
1.6990279999999998 0.9285000000000001
2.65

IMD4d1
4
2.8504239999999994 0.9185000000000001
3.3439999999999994 0.9185000000000001
3.3439999999999994 0.9285000000000001
2.8510279999999995 0.9285000000000001
2.65

IMD4d1
4
-0.9950000000000001 0.9005
3.3439999999999994 0.9005
3.3439999999999994 0.9185000000000001
-0.9950000000000001 0.9185000000000001
2.65

FOXA+FOXB+TOX
4
-0.9950000000000001 0.001
3.3439999999999994 0.001
3.3439999999999994 0.2665
-0.9950000000000001 0.2665
4.0

ILD1a
4
-0.9950000000000001 0.2665
3.3439999999999994 0.2665
3.3439999999999994 0.2765
-0.9950000000000001 0.2765
7.0

ILD1b1+ILD1b2+ILD1b3
4
-0.9950000000000001 0.2765
3.3439999999999994 0.2765
3.3439999999999994 0.3955
-0.9950000000000001 0.3955
4.0

IMD1a
4
-0.9950000000000001 0.3955
3.3439999999999994 0.3955
3.3439999999999994 0.4065
-0.9950000000000001 0.4065
5.2

IMD1b
4
-0.9950000000000001 0.4065
3.3439999999999994 0.4065
3.3439999999999994 0.4665
-0.9950000000000001 0.4665
2.8

IMD2a
4
-0.9950000000000001 0.4665
3.3439999999999994 0.4665
3.3439999999999994 0.4875
-0.9950000000000001 0.4875
5.2

IMD2b
4
-0.9950000000000001 0.4875
3.3439999999999994 0.4875
3.3439999999999994 0.5025
-0.9950000000000001 0.5025
4.2

IMD2c
4
-0.9950000000000001 0.5025
3.3439999999999994 0.5025
3.3439999999999994 0.5265
-0.9950000000000001 0.5265
3.28

IMD2d1+IMD2d2
4
-0.9950000000000001 0.5265
3.3439999999999994 0.5265
3.3439999999999994 0.6535
-0.9950000000000001 0.6535
2.65

IMD3a
4
-0.9950000000000001 0.6535
3.3439999999999994 0.6535
3.3439999999999994 0.6745
-0.9950000000000001 0.6745
5.2

IMD3b
4
-0.9950000000000001 0.6745
3.3439999999999994 0.6745
3.3439999999999994 0.6895
-0.9950000000000001 0.6895
4.2

IMD3c
4
-0.9950000000000001 0.6895
3.3439999999999994 0.6895
3.3439999999999994 0.7135
-0.9950000000000001 0.7135
3.28

IMD3d1+IMD3d2
4
-0.9950000000000001 0.7135
3.3439999999999994 0.7135
3.3439999999999994 0.8405
-0.9950000000000001 0.8405
2.65

IMD4a
4
-0.9950000000000001 0.8405
3.3439999999999994 0.8405
3.3439999999999994 0.8615
-0.9950000000000001 0.8615
5.2

IMD4b
4
-0.9950000000000001 0.8615
3.3439999999999994 0.8615
3.3439999999999994 0.8765
-0.9950000000000001 0.8765
4.2

IMD4c
4
-0.9950000000000001 0.8765
3.3439999999999994 0.8765
3.3439999999999994 0.9005
-0.9950000000000001 0.9005
3.28

IMD5a
4
-0.9950000000000001 1.0275
3.3439999999999994 1.0275
3.3439999999999994 1.0485
-0.9950000000000001 1.0485
5.2

IMD5b
4
-0.9950000000000001 1.0485
3.3439999999999994 1.0485
3.3439999999999994 1.0635
-0.9950000000000001 1.0635
4.2

IMD5c
4
-0.9950000000000001 1.0635
3.3439999999999994 1.0635
3.3439999999999994 1.0875
-0.9950000000000001 1.0875
3.28

IMD5d1+IMD5d2
4
-0.9950000000000001 1.0875
3.3439999999999994 1.0875
3.3439999999999994 1.2145
-0.9950000000000001 1.2145
2.65

IMD6a
4
-0.9950000000000001 1.2145
3.3439999999999994 1.2145
3.3439999999999994 1.2355
-0.9950000000000001 1.2355
5.2

IMD6b
4
-0.9950000000000001 1.2355
3.3439999999999994 1.2355
3.3439999999999994 1.2505
-0.9950000000000001 1.2505
4.2

IMD6c
4
-0.9950000000000001 1.2505
3.3439999999999994 1.2505
3.3439999999999994 1.2745
-0.9950000000000001 1.2745
3.28

IMD6d1+IMD6d2
4
-0.9950000000000001 1.2745
3.3439999999999994 1.2745
3.3439999999999994 1.4015
-0.9950000000000001 1.4015
2.65

IMD7a
4
-0.9950000000000001 1.4015
3.3439999999999994 1.4015
3.3439999999999994 1.4765
-0.9950000000000001 1.4765
5.2

IMD7b1+IMD7b2
4
-0.9950000000000001 1.4765
3.3439999999999994 1.4765
3.3439999999999994 2.9765
-0.9950000000000001 2.9765
4.2

IMD8a
4
-0.9950000000000001 2.9765
3.3439999999999994 2.9765
3.3439999999999994 3.0515
-0.9950000000000001 3.0515
5.2

IMD8b1+IMD8b2
4
-0.9950000000000001 3.0515
3.3439999999999994 3.0515
3.3439999999999994 4.5515
-0.9950000000000001 4.5515
4.2

PASS1
4
-0.9950000000000001 4.5515
3.3439999999999994 4.5515
3.3439999999999994 4.6265
-0.9950000000000001 4.6265
7.0

PASS2
4
-0.9950000000000001 4.6265
3.3439999999999994 4.6265
3.3439999999999994 5.0265
-0.9950000000000001 5.0265
4.2

PASS3
4
-0.9950000000000001 5.0265
3.3439999999999994 5.0265
3.3439999999999994 5.1015
-0.9950000000000001 5.1015
7.0

PASS4+PASS5
4
-0.9950000000000001 5.1015
3.3439999999999994 5.1015
3.3439999999999994 6.0515
-0.9950000000000001 6.0515
4.2

PASS6
4
-0.9950000000000001 6.0515
3.3439999999999994 6.0515
3.3439999999999994 6.6515
-0.9950000000000001 6.6515
7.0

air_Layer
4
-0.9950000000000001 6.6515
3.3439999999999994 6.6515
3.3439999999999994 6.9485
-0.9950000000000001 6.9485
1.0


4
-0.9950000000000001 0.001
3.3439999999999994 0.001
3.3439999999999994 6.9485
-0.9950000000000001 6.9485

