c1
4
-0.10341999999999996 0.37050000000000005
0.10342000000000001 0.37050000000000005
0.11258000000000001 0.4665
-0.11257999999999996 0.4665

5
botleft
4
-1.04 -0.001
0 -0.001
0 0.001
-1.04 0.001

botright
4
0 -0.001
2.9840000000000004 -0.001
2.9840000000000004 0.001
0 0.001

lEnv
4
-0.53542 0.37050000000000005
-0.3285799999999999 0.37050000000000005
-0.3194199999999999 0.4665
-0.54458 0.4665

c2
4
0.8505799999999999 0.37050000000000005
1.5524200000000001 0.37050000000000005
1.5615800000000002 0.4665
0.84142 0.4665

rEnv
4
1.7775800000000004 0.37050000000000005
2.47942 0.37050000000000005
2.4885800000000002 0.4665
1.7684200000000003 0.4665


48
IMD1b
4
-1.04 0.40650000000000003
-0.538855 0.40650000000000003
-0.54458 0.4665
-1.04 0.4665
2.8

IMD1b
4
-0.3251449999999999 0.40650000000000003
-0.10685499999999996 0.40650000000000003
-0.11257999999999996 0.4665
-0.3194199999999999 0.4665
2.8

IMD1b
4
0.10685500000000002 0.40650000000000003
0.8471449999999999 0.40650000000000003
0.84142 0.4665
0.11258000000000001 0.4665
2.8

IMD1b
4
1.5558550000000002 0.40650000000000003
1.7741450000000003 0.40650000000000003
1.7684200000000003 0.4665
1.5615800000000002 0.4665
2.8

IMD1b
4
2.4828550000000003 0.40650000000000003
2.9840000000000004 0.40650000000000003
2.9840000000000004 0.4665
2.4885800000000002 0.4665
2.8

IMD1a
4
-1.04 0.3955
-0.5378054166666666 0.3955
-0.538855 0.40650000000000003
-1.04 0.40650000000000003
5.2

IMD1a
4
-0.32619458333333323 0.3955
-0.10580541666666662 0.3955
-0.10685499999999996 0.40650000000000003
-0.3251449999999999 0.40650000000000003
5.2

IMD1a
4
0.10580541666666668 0.3955
0.8481945833333333 0.3955
0.8471449999999999 0.40650000000000003
0.10685500000000002 0.40650000000000003
5.2

IMD1a
4
1.554805416666667 0.3955
1.7751945833333336 0.3955
1.7741450000000003 0.40650000000000003
1.5558550000000002 0.40650000000000003
5.2

IMD1a
4
2.481805416666667 0.3955
2.9840000000000004 0.3955
2.9840000000000004 0.40650000000000003
2.4828550000000003 0.40650000000000003
5.2

ILD1b3
4
-1.04 0.37050000000000005
-0.53542 0.37050000000000005
-0.5378054166666666 0.3955
-1.04 0.3955
4

ILD1b3
4
-0.3285799999999999 0.37050000000000005
-0.10341999999999996 0.37050000000000005
-0.10580541666666662 0.3955
-0.32619458333333323 0.3955
4

ILD1b3
4
0.10342000000000001 0.37050000000000005
0.8505799999999999 0.37050000000000005
0.8481945833333333 0.3955
0.10580541666666668 0.3955
4

ILD1b3
4
1.5524200000000001 0.37050000000000005
1.7775800000000004 0.37050000000000005
1.7751945833333336 0.3955
1.554805416666667 0.3955
4

ILD1b3
4
2.47942 0.37050000000000005
2.9840000000000004 0.37050000000000005
2.9840000000000004 0.3955
2.481805416666667 0.3955
4

ILD1b1+ILD1b2
4
-1.04 0.2765
2.9840000000000004 0.2765
2.9840000000000004 0.37050000000000005
-1.04 0.37050000000000005
4

FOXA+FOXB+TOX
4
-1.04 0.001
2.9840000000000004 0.001
2.9840000000000004 0.2665
-1.04 0.2665
4.0

ILD1a
4
-1.04 0.2665
2.9840000000000004 0.2665
2.9840000000000004 0.2765
-1.04 0.2765
7.0

IMD2a
4
-1.04 0.4665
2.9840000000000004 0.4665
2.9840000000000004 0.4875
-1.04 0.4875
5.2

IMD2b
4
-1.04 0.4875
2.9840000000000004 0.4875
2.9840000000000004 0.5025
-1.04 0.5025
4.2

IMD2c
4
-1.04 0.5025
2.9840000000000004 0.5025
2.9840000000000004 0.5265
-1.04 0.5265
3.28

IMD2d1+IMD2d2
4
-1.04 0.5265
2.9840000000000004 0.5265
2.9840000000000004 0.6535
-1.04 0.6535
2.65

IMD3a
4
-1.04 0.6535
2.9840000000000004 0.6535
2.9840000000000004 0.6745
-1.04 0.6745
5.2

IMD3b
4
-1.04 0.6745
2.9840000000000004 0.6745
2.9840000000000004 0.6895
-1.04 0.6895
4.2

IMD3c
4
-1.04 0.6895
2.9840000000000004 0.6895
2.9840000000000004 0.7135
-1.04 0.7135
3.28

IMD3d1+IMD3d2
4
-1.04 0.7135
2.9840000000000004 0.7135
2.9840000000000004 0.8405
-1.04 0.8405
2.65

IMD4a
4
-1.04 0.8405
2.9840000000000004 0.8405
2.9840000000000004 0.8615
-1.04 0.8615
5.2

IMD4b
4
-1.04 0.8615
2.9840000000000004 0.8615
2.9840000000000004 0.8765
-1.04 0.8765
4.2

IMD4c
4
-1.04 0.8765
2.9840000000000004 0.8765
2.9840000000000004 0.9005
-1.04 0.9005
3.28

IMD4d1+IMD4d2
4
-1.04 0.9005
2.9840000000000004 0.9005
2.9840000000000004 1.0275
-1.04 1.0275
2.65

IMD5a
4
-1.04 1.0275
2.9840000000000004 1.0275
2.9840000000000004 1.0485
-1.04 1.0485
5.2

IMD5b
4
-1.04 1.0485
2.9840000000000004 1.0485
2.9840000000000004 1.0635
-1.04 1.0635
4.2

IMD5c
4
-1.04 1.0635
2.9840000000000004 1.0635
2.9840000000000004 1.0875
-1.04 1.0875
3.28

IMD5d1+IMD5d2
4
-1.04 1.0875
2.9840000000000004 1.0875
2.9840000000000004 1.2145
-1.04 1.2145
2.65

IMD6a
4
-1.04 1.2145
2.9840000000000004 1.2145
2.9840000000000004 1.2355
-1.04 1.2355
5.2

IMD6b
4
-1.04 1.2355
2.9840000000000004 1.2355
2.9840000000000004 1.2505
-1.04 1.2505
4.2

IMD6c
4
-1.04 1.2505
2.9840000000000004 1.2505
2.9840000000000004 1.2745
-1.04 1.2745
3.28

IMD6d1+IMD6d2
4
-1.04 1.2745
2.9840000000000004 1.2745
2.9840000000000004 1.4015
-1.04 1.4015
2.65

IMD7a
4
-1.04 1.4015
2.9840000000000004 1.4015
2.9840000000000004 1.4765
-1.04 1.4765
5.2

IMD7b1+IMD7b2
4
-1.04 1.4765
2.9840000000000004 1.4765
2.9840000000000004 2.9765
-1.04 2.9765
4.2

IMD8a
4
-1.04 2.9765
2.9840000000000004 2.9765
2.9840000000000004 3.0515
-1.04 3.0515
5.2

IMD8b1+IMD8b2
4
-1.04 3.0515
2.9840000000000004 3.0515
2.9840000000000004 4.5515
-1.04 4.5515
4.2

PASS1
4
-1.04 4.5515
2.9840000000000004 4.5515
2.9840000000000004 4.6265
-1.04 4.6265
7.0

PASS2
4
-1.04 4.6265
2.9840000000000004 4.6265
2.9840000000000004 5.0265
-1.04 5.0265
4.2

PASS3
4
-1.04 5.0265
2.9840000000000004 5.0265
2.9840000000000004 5.1015
-1.04 5.1015
7.0

PASS4+PASS5
4
-1.04 5.1015
2.9840000000000004 5.1015
2.9840000000000004 6.0515
-1.04 6.0515
4.2

PASS6
4
-1.04 6.0515
2.9840000000000004 6.0515
2.9840000000000004 6.6515
-1.04 6.6515
7.0

air_Layer
4
-1.04 6.6515
2.9840000000000004 6.6515
2.9840000000000004 6.9485
-1.04 6.9485
1.0


4
-1.04 0.001
2.9840000000000004 0.001
2.9840000000000004 6.9485
-1.04 6.9485

