c1
4
-0.48751 0.7415
0.48751 0.7415
0.49349 0.8405
-0.49349 0.8405

5
botleft
4
-2.2775 -0.001
0 -0.001
0 0.001
-2.2775 0.001

botright
4
0 -0.001
1.6115 -0.001
1.6115 0.001
0 0.001

lEnv
4
-1.7745099999999998 0.7415
-0.7994899999999999 0.7415
-0.7935099999999999 0.8405
-1.78049 0.8405

c2
4
0.55649 0.7415
0.6765100000000001 0.7415
0.68249 0.8405
0.55051 0.8405

rEnv
4
0.98849 0.7415
1.1085099999999999 0.7415
1.11449 0.8405
0.98251 0.8405


57
IMD3d1_damage
4
-1.7839239999999998 0.7315
-0.790076 0.7315
-0.789472 0.7415
-1.784528 0.7415
3.1

IMD3d1_damage
4
-0.496924 0.7315
0.496924 0.7315
0.49752799999999997 0.7415
-0.49752799999999997 0.7415
3.1

IMD3d1_damage
4
0.5470760000000001 0.7315
0.685924 0.7315
0.686528 0.7415
0.5464720000000001 0.7415
3.1

IMD3d1_damage
4
0.9790760000000001 0.7315
1.117924 0.7315
1.118528 0.7415
0.978472 0.7415
3.1

IMD3d2_damage
4
-1.7795189999999999 0.7415
-1.7745099999999998 0.7415
-1.78049 0.8405
-1.785499 0.8405
2.9

IMD3d2_damage
4
-0.7994899999999999 0.7415
-0.7944809999999999 0.7415
-0.7885009999999999 0.8405
-0.7935099999999999 0.8405
2.9

IMD3d2_damage
4
-0.492519 0.7415
-0.48751 0.7415
-0.49349 0.8405
-0.49849899999999997 0.8405
2.9

IMD3d2_damage
4
0.48751 0.7415
0.492519 0.7415
0.49849899999999997 0.8405
0.49349 0.8405
2.9

IMD3d2_damage
4
0.551481 0.7415
0.55649 0.7415
0.55051 0.8405
0.545501 0.8405
2.9

IMD3d2_damage
4
0.6765100000000001 0.7415
0.6815190000000001 0.7415
0.6874990000000001 0.8405
0.68249 0.8405
2.9

IMD3d2_damage
4
0.9834809999999999 0.7415
0.98849 0.7415
0.98251 0.8405
0.977501 0.8405
2.9

IMD3d2_damage
4
1.1085099999999999 0.7415
1.113519 0.7415
1.119499 0.8405
1.11449 0.8405
2.9

IMD3d2
4
-2.2775 0.7415
-1.7795189999999999 0.7415
-1.785499 0.8405
-2.2775 0.8405
2.65

IMD3d2
4
-0.7944809999999999 0.7415
-0.492519 0.7415
-0.49849899999999997 0.8405
-0.7885009999999999 0.8405
2.65

IMD3d2
4
0.492519 0.7415
0.551481 0.7415
0.545501 0.8405
0.49849899999999997 0.8405
2.65

IMD3d2
4
0.6815190000000001 0.7415
0.9834809999999999 0.7415
0.977501 0.8405
0.6874990000000001 0.8405
2.65

IMD3d2
4
1.113519 0.7415
1.6115 0.7415
1.6115 0.8405
1.119499 0.8405
2.65

IMD3d1
4
-2.2775 0.7315
-1.7839239999999998 0.7315
-1.784528 0.7415
-2.2775 0.7415
2.65

IMD3d1
4
-0.790076 0.7315
-0.496924 0.7315
-0.49752799999999997 0.7415
-0.789472 0.7415
2.65

IMD3d1
4
0.496924 0.7315
0.5470760000000001 0.7315
0.5464720000000001 0.7415
0.49752799999999997 0.7415
2.65

IMD3d1
4
0.685924 0.7315
0.9790760000000001 0.7315
0.978472 0.7415
0.686528 0.7415
2.65

IMD3d1
4
1.117924 0.7315
1.6115 0.7315
1.6115 0.7415
1.118528 0.7415
2.65

IMD3d1
4
-2.2775 0.7135
1.6115 0.7135
1.6115 0.7315
-2.2775 0.7315
2.65

FOXA+FOXB+TOX
4
-2.2775 0.001
1.6115 0.001
1.6115 0.2665
-2.2775 0.2665
4.0

ILD1a
4
-2.2775 0.2665
1.6115 0.2665
1.6115 0.2765
-2.2775 0.2765
7.0

ILD1b1+ILD1b2+ILD1b3
4
-2.2775 0.2765
1.6115 0.2765
1.6115 0.3955
-2.2775 0.3955
4.0

IMD1a
4
-2.2775 0.3955
1.6115 0.3955
1.6115 0.4065
-2.2775 0.4065
5.2

IMD1b
4
-2.2775 0.4065
1.6115 0.4065
1.6115 0.4665
-2.2775 0.4665
2.8

IMD2a
4
-2.2775 0.4665
1.6115 0.4665
1.6115 0.4875
-2.2775 0.4875
5.2

IMD2b
4
-2.2775 0.4875
1.6115 0.4875
1.6115 0.5025
-2.2775 0.5025
4.2

IMD2c
4
-2.2775 0.5025
1.6115 0.5025
1.6115 0.5265
-2.2775 0.5265
3.28

IMD2d1+IMD2d2
4
-2.2775 0.5265
1.6115 0.5265
1.6115 0.6535
-2.2775 0.6535
2.65

IMD3a
4
-2.2775 0.6535
1.6115 0.6535
1.6115 0.6745
-2.2775 0.6745
5.2

IMD3b
4
-2.2775 0.6745
1.6115 0.6745
1.6115 0.6895
-2.2775 0.6895
4.2

IMD3c
4
-2.2775 0.6895
1.6115 0.6895
1.6115 0.7135
-2.2775 0.7135
3.28

IMD4a
4
-2.2775 0.8405
1.6115 0.8405
1.6115 0.8615
-2.2775 0.8615
5.2

IMD4b
4
-2.2775 0.8615
1.6115 0.8615
1.6115 0.8765
-2.2775 0.8765
4.2

IMD4c
4
-2.2775 0.8765
1.6115 0.8765
1.6115 0.9005
-2.2775 0.9005
3.28

IMD4d1+IMD4d2
4
-2.2775 0.9005
1.6115 0.9005
1.6115 1.0275
-2.2775 1.0275
2.65

IMD5a
4
-2.2775 1.0275
1.6115 1.0275
1.6115 1.0485
-2.2775 1.0485
5.2

IMD5b
4
-2.2775 1.0485
1.6115 1.0485
1.6115 1.0635
-2.2775 1.0635
4.2

IMD5c
4
-2.2775 1.0635
1.6115 1.0635
1.6115 1.0875
-2.2775 1.0875
3.28

IMD5d1+IMD5d2
4
-2.2775 1.0875
1.6115 1.0875
1.6115 1.2145
-2.2775 1.2145
2.65

IMD6a
4
-2.2775 1.2145
1.6115 1.2145
1.6115 1.2355
-2.2775 1.2355
5.2

IMD6b
4
-2.2775 1.2355
1.6115 1.2355
1.6115 1.2505
-2.2775 1.2505
4.2

IMD6c
4
-2.2775 1.2505
1.6115 1.2505
1.6115 1.2745
-2.2775 1.2745
3.28

IMD6d1+IMD6d2
4
-2.2775 1.2745
1.6115 1.2745
1.6115 1.4015
-2.2775 1.4015
2.65

IMD7a
4
-2.2775 1.4015
1.6115 1.4015
1.6115 1.4765
-2.2775 1.4765
5.2

IMD7b1+IMD7b2
4
-2.2775 1.4765
1.6115 1.4765
1.6115 2.9765
-2.2775 2.9765
4.2

IMD8a
4
-2.2775 2.9765
1.6115 2.9765
1.6115 3.0515
-2.2775 3.0515
5.2

IMD8b1+IMD8b2
4
-2.2775 3.0515
1.6115 3.0515
1.6115 4.5515
-2.2775 4.5515
4.2

PASS1
4
-2.2775 4.5515
1.6115 4.5515
1.6115 4.6265
-2.2775 4.6265
7.0

PASS2
4
-2.2775 4.6265
1.6115 4.6265
1.6115 5.0265
-2.2775 5.0265
4.2

PASS3
4
-2.2775 5.0265
1.6115 5.0265
1.6115 5.1015
-2.2775 5.1015
7.0

PASS4+PASS5
4
-2.2775 5.1015
1.6115 5.1015
1.6115 6.0515
-2.2775 6.0515
4.2

PASS6
4
-2.2775 6.0515
1.6115 6.0515
1.6115 6.6515
-2.2775 6.6515
7.0

air_Layer
4
-2.2775 6.6515
1.6115 6.6515
1.6115 6.9485
-2.2775 6.9485
1.0


4
-2.2775 0.001
1.6115 0.001
1.6115 6.9485
-2.2775 6.9485

