c1
4
-0.10500999999999998 1.3025
0.10501000000000003 1.3025
0.11099000000000003 1.4015
-0.11098999999999998 1.4015

5
botleft
4
-0.95 -0.001
0 -0.001
0 0.001
-0.95 0.001

botright
4
0 -0.001
1.409 -0.001
1.409 0.001
0 0.001

lEnv
4
-0.44701 1.3025
-0.23699 1.3025
-0.23101 1.4015
-0.45299 1.4015

c2
4
0.5339900000000001 1.3025
0.6540100000000001 1.3025
0.6599900000000001 1.4015
0.5280100000000001 1.4015

rEnv
4
0.7859900000000001 1.3025
0.9060100000000001 1.3025
0.9119900000000001 1.4015
0.7800100000000001 1.4015


57
IMD6d1_damage
4
-0.456424 1.2925
-0.227576 1.2925
-0.226972 1.3025
-0.457028 1.3025
3.1

IMD6d1_damage
4
-0.11442399999999998 1.2925
0.11442400000000004 1.2925
0.11502800000000003 1.3025
-0.11502799999999998 1.3025
3.1

IMD6d1_damage
4
0.5245760000000002 1.2925
0.663424 1.2925
0.6640280000000001 1.3025
0.5239720000000001 1.3025
3.1

IMD6d1_damage
4
0.7765760000000002 1.2925
0.915424 1.2925
0.9160280000000001 1.3025
0.7759720000000001 1.3025
3.1

IMD6d2_damage
4
-0.452019 1.3025
-0.44701 1.3025
-0.45299 1.4015
-0.457999 1.4015
2.9

IMD6d2_damage
4
-0.23699 1.3025
-0.231981 1.3025
-0.22600099999999998 1.4015
-0.23101 1.4015
2.9

IMD6d2_damage
4
-0.11001899999999998 1.3025
-0.10500999999999998 1.3025
-0.11098999999999998 1.4015
-0.11599899999999998 1.4015
2.9

IMD6d2_damage
4
0.10501000000000003 1.3025
0.11001900000000003 1.3025
0.11599900000000003 1.4015
0.11099000000000003 1.4015
2.9

IMD6d2_damage
4
0.528981 1.3025
0.5339900000000001 1.3025
0.5280100000000001 1.4015
0.523001 1.4015
2.9

IMD6d2_damage
4
0.6540100000000001 1.3025
0.6590190000000001 1.3025
0.6649990000000001 1.4015
0.6599900000000001 1.4015
2.9

IMD6d2_damage
4
0.780981 1.3025
0.7859900000000001 1.3025
0.7800100000000001 1.4015
0.775001 1.4015
2.9

IMD6d2_damage
4
0.9060100000000001 1.3025
0.9110190000000001 1.3025
0.9169990000000001 1.4015
0.9119900000000001 1.4015
2.9

IMD6d2
4
-0.95 1.3025
-0.452019 1.3025
-0.457999 1.4015
-0.95 1.4015
2.65

IMD6d2
4
-0.231981 1.3025
-0.11001899999999998 1.3025
-0.11599899999999998 1.4015
-0.22600099999999998 1.4015
2.65

IMD6d2
4
0.11001900000000003 1.3025
0.528981 1.3025
0.523001 1.4015
0.11599900000000003 1.4015
2.65

IMD6d2
4
0.6590190000000001 1.3025
0.780981 1.3025
0.775001 1.4015
0.6649990000000001 1.4015
2.65

IMD6d2
4
0.9110190000000001 1.3025
1.409 1.3025
1.409 1.4015
0.9169990000000001 1.4015
2.65

IMD6d1
4
-0.95 1.2925
-0.456424 1.2925
-0.457028 1.3025
-0.95 1.3025
2.65

IMD6d1
4
-0.227576 1.2925
-0.11442399999999998 1.2925
-0.11502799999999998 1.3025
-0.226972 1.3025
2.65

IMD6d1
4
0.11442400000000004 1.2925
0.5245760000000002 1.2925
0.5239720000000001 1.3025
0.11502800000000003 1.3025
2.65

IMD6d1
4
0.663424 1.2925
0.7765760000000002 1.2925
0.7759720000000001 1.3025
0.6640280000000001 1.3025
2.65

IMD6d1
4
0.915424 1.2925
1.409 1.2925
1.409 1.3025
0.9160280000000001 1.3025
2.65

IMD6d1
4
-0.95 1.2745
1.409 1.2745
1.409 1.2925
-0.95 1.2925
2.65

FOXA+FOXB+TOX
4
-0.95 0.001
1.409 0.001
1.409 0.2665
-0.95 0.2665
4.0

ILD1a
4
-0.95 0.2665
1.409 0.2665
1.409 0.2765
-0.95 0.2765
7.0

ILD1b1+ILD1b2+ILD1b3
4
-0.95 0.2765
1.409 0.2765
1.409 0.3955
-0.95 0.3955
4.0

IMD1a
4
-0.95 0.3955
1.409 0.3955
1.409 0.4065
-0.95 0.4065
5.2

IMD1b
4
-0.95 0.4065
1.409 0.4065
1.409 0.4665
-0.95 0.4665
2.8

IMD2a
4
-0.95 0.4665
1.409 0.4665
1.409 0.4875
-0.95 0.4875
5.2

IMD2b
4
-0.95 0.4875
1.409 0.4875
1.409 0.5025
-0.95 0.5025
4.2

IMD2c
4
-0.95 0.5025
1.409 0.5025
1.409 0.5265
-0.95 0.5265
3.28

IMD2d1+IMD2d2
4
-0.95 0.5265
1.409 0.5265
1.409 0.6535
-0.95 0.6535
2.65

IMD3a
4
-0.95 0.6535
1.409 0.6535
1.409 0.6745
-0.95 0.6745
5.2

IMD3b
4
-0.95 0.6745
1.409 0.6745
1.409 0.6895
-0.95 0.6895
4.2

IMD3c
4
-0.95 0.6895
1.409 0.6895
1.409 0.7135
-0.95 0.7135
3.28

IMD3d1+IMD3d2
4
-0.95 0.7135
1.409 0.7135
1.409 0.8405
-0.95 0.8405
2.65

IMD4a
4
-0.95 0.8405
1.409 0.8405
1.409 0.8615
-0.95 0.8615
5.2

IMD4b
4
-0.95 0.8615
1.409 0.8615
1.409 0.8765
-0.95 0.8765
4.2

IMD4c
4
-0.95 0.8765
1.409 0.8765
1.409 0.9005
-0.95 0.9005
3.28

IMD4d1+IMD4d2
4
-0.95 0.9005
1.409 0.9005
1.409 1.0275
-0.95 1.0275
2.65

IMD5a
4
-0.95 1.0275
1.409 1.0275
1.409 1.0485
-0.95 1.0485
5.2

IMD5b
4
-0.95 1.0485
1.409 1.0485
1.409 1.0635
-0.95 1.0635
4.2

IMD5c
4
-0.95 1.0635
1.409 1.0635
1.409 1.0875
-0.95 1.0875
3.28

IMD5d1+IMD5d2
4
-0.95 1.0875
1.409 1.0875
1.409 1.2145
-0.95 1.2145
2.65

IMD6a
4
-0.95 1.2145
1.409 1.2145
1.409 1.2355
-0.95 1.2355
5.2

IMD6b
4
-0.95 1.2355
1.409 1.2355
1.409 1.2505
-0.95 1.2505
4.2

IMD6c
4
-0.95 1.2505
1.409 1.2505
1.409 1.2745
-0.95 1.2745
3.28

IMD7a
4
-0.95 1.4015
1.409 1.4015
1.409 1.4765
-0.95 1.4765
5.2

IMD7b1+IMD7b2
4
-0.95 1.4765
1.409 1.4765
1.409 2.9765
-0.95 2.9765
4.2

IMD8a
4
-0.95 2.9765
1.409 2.9765
1.409 3.0515
-0.95 3.0515
5.2

IMD8b1+IMD8b2
4
-0.95 3.0515
1.409 3.0515
1.409 4.5515
-0.95 4.5515
4.2

PASS1
4
-0.95 4.5515
1.409 4.5515
1.409 4.6265
-0.95 4.6265
7.0

PASS2
4
-0.95 4.6265
1.409 4.6265
1.409 5.0265
-0.95 5.0265
4.2

PASS3
4
-0.95 5.0265
1.409 5.0265
1.409 5.1015
-0.95 5.1015
7.0

PASS4+PASS5
4
-0.95 5.1015
1.409 5.1015
1.409 6.0515
-0.95 6.0515
4.2

PASS6
4
-0.95 6.0515
1.409 6.0515
1.409 6.6515
-0.95 6.6515
7.0

air_Layer
4
-0.95 6.6515
1.409 6.6515
1.409 6.9485
-0.95 6.9485
1.0


4
-0.95 0.001
1.409 0.001
1.409 6.9485
-0.95 6.9485

