c1
4
-0.42001 0.5545
0.4200099999999999 0.5545
0.42598999999999987 0.6535
-0.42599 0.6535

5
botleft
4
-1.805 -0.001
0 -0.001
0 0.001
-1.805 0.001

botright
4
0 -0.001
1.1389999999999996 -0.001
1.1389999999999996 0.001
0 0.001

lEnv
4
-1.30201 0.5545
-0.46199 0.5545
-0.45601 0.6535
-1.30799 0.6535

c2
4
0.5339899999999999 0.5545
0.5640099999999998 0.5545
0.5699899999999998 0.6535
0.5280099999999999 0.6535

rEnv
4
0.6059899999999997 0.5545
0.6360099999999996 0.5545
0.6419899999999996 0.6535
0.6000099999999997 0.6535


57
IMD2d1_damage
4
-1.311424 0.5445
-0.45257600000000003 0.5445
-0.45197200000000004 0.5545
-1.312028 0.5545
3.1

IMD2d1_damage
4
-0.429424 0.5445
0.42942399999999986 0.5445
0.43002799999999985 0.5545
-0.43002799999999997 0.5545
3.1

IMD2d1_damage
4
0.5245759999999999 0.5445
0.5734239999999997 0.5445
0.5740279999999998 0.5545
0.5239719999999999 0.5545
3.1

IMD2d1_damage
4
0.5965759999999998 0.5445
0.6454239999999996 0.5445
0.6460279999999996 0.5545
0.5959719999999997 0.5545
3.1

IMD2d2_damage
4
-1.307019 0.5545
-1.30201 0.5545
-1.30799 0.6535
-1.312999 0.6535
2.9

IMD2d2_damage
4
-0.46199 0.5545
-0.456981 0.5545
-0.45100100000000004 0.6535
-0.45601 0.6535
2.9

IMD2d2_damage
4
-0.425019 0.5545
-0.42001 0.5545
-0.42599 0.6535
-0.43099899999999997 0.6535
2.9

IMD2d2_damage
4
0.4200099999999999 0.5545
0.42501899999999987 0.5545
0.43099899999999985 0.6535
0.42598999999999987 0.6535
2.9

IMD2d2_damage
4
0.5289809999999998 0.5545
0.5339899999999999 0.5545
0.5280099999999999 0.6535
0.5230009999999998 0.6535
2.9

IMD2d2_damage
4
0.5640099999999998 0.5545
0.5690189999999998 0.5545
0.5749989999999998 0.6535
0.5699899999999998 0.6535
2.9

IMD2d2_damage
4
0.6009809999999997 0.5545
0.6059899999999997 0.5545
0.6000099999999997 0.6535
0.5950009999999997 0.6535
2.9

IMD2d2_damage
4
0.6360099999999996 0.5545
0.6410189999999997 0.5545
0.6469989999999997 0.6535
0.6419899999999996 0.6535
2.9

IMD2d2
4
-1.805 0.5545
-1.307019 0.5545
-1.312999 0.6535
-1.805 0.6535
2.65

IMD2d2
4
-0.456981 0.5545
-0.425019 0.5545
-0.43099899999999997 0.6535
-0.45100100000000004 0.6535
2.65

IMD2d2
4
0.42501899999999987 0.5545
0.5289809999999998 0.5545
0.5230009999999998 0.6535
0.43099899999999985 0.6535
2.65

IMD2d2
4
0.5690189999999998 0.5545
0.6009809999999997 0.5545
0.5950009999999997 0.6535
0.5749989999999998 0.6535
2.65

IMD2d2
4
0.6410189999999997 0.5545
1.1389999999999996 0.5545
1.1389999999999996 0.6535
0.6469989999999997 0.6535
2.65

IMD2d1
4
-1.805 0.5445
-1.311424 0.5445
-1.312028 0.5545
-1.805 0.5545
2.65

IMD2d1
4
-0.45257600000000003 0.5445
-0.429424 0.5445
-0.43002799999999997 0.5545
-0.45197200000000004 0.5545
2.65

IMD2d1
4
0.42942399999999986 0.5445
0.5245759999999999 0.5445
0.5239719999999999 0.5545
0.43002799999999985 0.5545
2.65

IMD2d1
4
0.5734239999999997 0.5445
0.5965759999999998 0.5445
0.5959719999999997 0.5545
0.5740279999999998 0.5545
2.65

IMD2d1
4
0.6454239999999996 0.5445
1.1389999999999996 0.5445
1.1389999999999996 0.5545
0.6460279999999996 0.5545
2.65

IMD2d1
4
-1.805 0.5265
1.1389999999999996 0.5265
1.1389999999999996 0.5445
-1.805 0.5445
2.65

FOXA+FOXB+TOX
4
-1.805 0.001
1.1389999999999996 0.001
1.1389999999999996 0.2665
-1.805 0.2665
4.0

ILD1a
4
-1.805 0.2665
1.1389999999999996 0.2665
1.1389999999999996 0.2765
-1.805 0.2765
7.0

ILD1b1+ILD1b2+ILD1b3
4
-1.805 0.2765
1.1389999999999996 0.2765
1.1389999999999996 0.3955
-1.805 0.3955
4.0

IMD1a
4
-1.805 0.3955
1.1389999999999996 0.3955
1.1389999999999996 0.4065
-1.805 0.4065
5.2

IMD1b
4
-1.805 0.4065
1.1389999999999996 0.4065
1.1389999999999996 0.4665
-1.805 0.4665
2.8

IMD2a
4
-1.805 0.4665
1.1389999999999996 0.4665
1.1389999999999996 0.4875
-1.805 0.4875
5.2

IMD2b
4
-1.805 0.4875
1.1389999999999996 0.4875
1.1389999999999996 0.5025
-1.805 0.5025
4.2

IMD2c
4
-1.805 0.5025
1.1389999999999996 0.5025
1.1389999999999996 0.5265
-1.805 0.5265
3.28

IMD3a
4
-1.805 0.6535
1.1389999999999996 0.6535
1.1389999999999996 0.6745
-1.805 0.6745
5.2

IMD3b
4
-1.805 0.6745
1.1389999999999996 0.6745
1.1389999999999996 0.6895
-1.805 0.6895
4.2

IMD3c
4
-1.805 0.6895
1.1389999999999996 0.6895
1.1389999999999996 0.7135
-1.805 0.7135
3.28

IMD3d1+IMD3d2
4
-1.805 0.7135
1.1389999999999996 0.7135
1.1389999999999996 0.8405
-1.805 0.8405
2.65

IMD4a
4
-1.805 0.8405
1.1389999999999996 0.8405
1.1389999999999996 0.8615
-1.805 0.8615
5.2

IMD4b
4
-1.805 0.8615
1.1389999999999996 0.8615
1.1389999999999996 0.8765
-1.805 0.8765
4.2

IMD4c
4
-1.805 0.8765
1.1389999999999996 0.8765
1.1389999999999996 0.9005
-1.805 0.9005
3.28

IMD4d1+IMD4d2
4
-1.805 0.9005
1.1389999999999996 0.9005
1.1389999999999996 1.0275
-1.805 1.0275
2.65

IMD5a
4
-1.805 1.0275
1.1389999999999996 1.0275
1.1389999999999996 1.0485
-1.805 1.0485
5.2

IMD5b
4
-1.805 1.0485
1.1389999999999996 1.0485
1.1389999999999996 1.0635
-1.805 1.0635
4.2

IMD5c
4
-1.805 1.0635
1.1389999999999996 1.0635
1.1389999999999996 1.0875
-1.805 1.0875
3.28

IMD5d1+IMD5d2
4
-1.805 1.0875
1.1389999999999996 1.0875
1.1389999999999996 1.2145
-1.805 1.2145
2.65

IMD6a
4
-1.805 1.2145
1.1389999999999996 1.2145
1.1389999999999996 1.2355
-1.805 1.2355
5.2

IMD6b
4
-1.805 1.2355
1.1389999999999996 1.2355
1.1389999999999996 1.2505
-1.805 1.2505
4.2

IMD6c
4
-1.805 1.2505
1.1389999999999996 1.2505
1.1389999999999996 1.2745
-1.805 1.2745
3.28

IMD6d1+IMD6d2
4
-1.805 1.2745
1.1389999999999996 1.2745
1.1389999999999996 1.4015
-1.805 1.4015
2.65

IMD7a
4
-1.805 1.4015
1.1389999999999996 1.4015
1.1389999999999996 1.4765
-1.805 1.4765
5.2

IMD7b1+IMD7b2
4
-1.805 1.4765
1.1389999999999996 1.4765
1.1389999999999996 2.9765
-1.805 2.9765
4.2

IMD8a
4
-1.805 2.9765
1.1389999999999996 2.9765
1.1389999999999996 3.0515
-1.805 3.0515
5.2

IMD8b1+IMD8b2
4
-1.805 3.0515
1.1389999999999996 3.0515
1.1389999999999996 4.5515
-1.805 4.5515
4.2

PASS1
4
-1.805 4.5515
1.1389999999999996 4.5515
1.1389999999999996 4.6265
-1.805 4.6265
7.0

PASS2
4
-1.805 4.6265
1.1389999999999996 4.6265
1.1389999999999996 5.0265
-1.805 5.0265
4.2

PASS3
4
-1.805 5.0265
1.1389999999999996 5.0265
1.1389999999999996 5.1015
-1.805 5.1015
7.0

PASS4+PASS5
4
-1.805 5.1015
1.1389999999999996 5.1015
1.1389999999999996 6.0515
-1.805 6.0515
4.2

PASS6
4
-1.805 6.0515
1.1389999999999996 6.0515
1.1389999999999996 6.6515
-1.805 6.6515
7.0

air_Layer
4
-1.805 6.6515
1.1389999999999996 6.6515
1.1389999999999996 6.9485
-1.805 6.9485
1.0


4
-1.805 0.001
1.1389999999999996 0.001
1.1389999999999996 6.9485
-1.805 6.9485

