c1
4
-0.15000999999999995 0.5545
0.15000999999999995 0.5545
0.15598999999999996 0.6535
-0.15598999999999996 0.6535

5
botleft
4
-1.175 -0.001
0 -0.001
0 0.001
-1.175 0.001

botright
4
0 -0.001
3.299 -0.001
3.299 0.001
0 0.001

lEnv
4
-0.67201 0.5545
-0.37199 0.5545
-0.36601 0.6535
-0.67799 0.6535

c2
4
0.6239899999999998 0.5545
1.5990099999999998 0.5545
1.60499 0.6535
0.6180099999999998 0.6535

rEnv
4
1.82099 0.5545
2.79601 0.5545
2.80199 0.6535
1.81501 0.6535


57
IMD2d1_damage
4
-0.6814239999999999 0.5445
-0.362576 0.5445
-0.361972 0.5545
-0.682028 0.5545
3.1

IMD2d1_damage
4
-0.15942399999999995 0.5445
0.15942399999999995 0.5445
0.16002799999999995 0.5545
-0.16002799999999995 0.5545
3.1

IMD2d1_damage
4
0.6145759999999999 0.5445
1.6084239999999999 0.5445
1.609028 0.5545
0.6139719999999999 0.5545
3.1

IMD2d1_damage
4
1.811576 0.5445
2.805424 0.5445
2.806028 0.5545
1.810972 0.5545
3.1

IMD2d2_damage
4
-0.677019 0.5545
-0.67201 0.5545
-0.67799 0.6535
-0.682999 0.6535
2.9

IMD2d2_damage
4
-0.37199 0.5545
-0.366981 0.5545
-0.361001 0.6535
-0.36601 0.6535
2.9

IMD2d2_damage
4
-0.15501899999999996 0.5545
-0.15000999999999995 0.5545
-0.15598999999999996 0.6535
-0.16099899999999998 0.6535
2.9

IMD2d2_damage
4
0.15000999999999995 0.5545
0.15501899999999996 0.5545
0.16099899999999998 0.6535
0.15598999999999996 0.6535
2.9

IMD2d2_damage
4
0.6189809999999998 0.5545
0.6239899999999998 0.5545
0.6180099999999998 0.6535
0.6130009999999998 0.6535
2.9

IMD2d2_damage
4
1.5990099999999998 0.5545
1.6040189999999999 0.5545
1.609999 0.6535
1.60499 0.6535
2.9

IMD2d2_damage
4
1.815981 0.5545
1.82099 0.5545
1.81501 0.6535
1.810001 0.6535
2.9

IMD2d2_damage
4
2.79601 0.5545
2.8010189999999997 0.5545
2.806999 0.6535
2.80199 0.6535
2.9

IMD2d2
4
-1.175 0.5545
-0.677019 0.5545
-0.682999 0.6535
-1.175 0.6535
2.65

IMD2d2
4
-0.366981 0.5545
-0.15501899999999996 0.5545
-0.16099899999999998 0.6535
-0.361001 0.6535
2.65

IMD2d2
4
0.15501899999999996 0.5545
0.6189809999999998 0.5545
0.6130009999999998 0.6535
0.16099899999999998 0.6535
2.65

IMD2d2
4
1.6040189999999999 0.5545
1.815981 0.5545
1.810001 0.6535
1.609999 0.6535
2.65

IMD2d2
4
2.8010189999999997 0.5545
3.299 0.5545
3.299 0.6535
2.806999 0.6535
2.65

IMD2d1
4
-1.175 0.5445
-0.6814239999999999 0.5445
-0.682028 0.5545
-1.175 0.5545
2.65

IMD2d1
4
-0.362576 0.5445
-0.15942399999999995 0.5445
-0.16002799999999995 0.5545
-0.361972 0.5545
2.65

IMD2d1
4
0.15942399999999995 0.5445
0.6145759999999999 0.5445
0.6139719999999999 0.5545
0.16002799999999995 0.5545
2.65

IMD2d1
4
1.6084239999999999 0.5445
1.811576 0.5445
1.810972 0.5545
1.609028 0.5545
2.65

IMD2d1
4
2.805424 0.5445
3.299 0.5445
3.299 0.5545
2.806028 0.5545
2.65

IMD2d1
4
-1.175 0.5265
3.299 0.5265
3.299 0.5445
-1.175 0.5445
2.65

FOXA+FOXB+TOX
4
-1.175 0.001
3.299 0.001
3.299 0.2665
-1.175 0.2665
4.0

ILD1a
4
-1.175 0.2665
3.299 0.2665
3.299 0.2765
-1.175 0.2765
7.0

ILD1b1+ILD1b2+ILD1b3
4
-1.175 0.2765
3.299 0.2765
3.299 0.3955
-1.175 0.3955
4.0

IMD1a
4
-1.175 0.3955
3.299 0.3955
3.299 0.4065
-1.175 0.4065
5.2

IMD1b
4
-1.175 0.4065
3.299 0.4065
3.299 0.4665
-1.175 0.4665
2.8

IMD2a
4
-1.175 0.4665
3.299 0.4665
3.299 0.4875
-1.175 0.4875
5.2

IMD2b
4
-1.175 0.4875
3.299 0.4875
3.299 0.5025
-1.175 0.5025
4.2

IMD2c
4
-1.175 0.5025
3.299 0.5025
3.299 0.5265
-1.175 0.5265
3.28

IMD3a
4
-1.175 0.6535
3.299 0.6535
3.299 0.6745
-1.175 0.6745
5.2

IMD3b
4
-1.175 0.6745
3.299 0.6745
3.299 0.6895
-1.175 0.6895
4.2

IMD3c
4
-1.175 0.6895
3.299 0.6895
3.299 0.7135
-1.175 0.7135
3.28

IMD3d1+IMD3d2
4
-1.175 0.7135
3.299 0.7135
3.299 0.8405
-1.175 0.8405
2.65

IMD4a
4
-1.175 0.8405
3.299 0.8405
3.299 0.8615
-1.175 0.8615
5.2

IMD4b
4
-1.175 0.8615
3.299 0.8615
3.299 0.8765
-1.175 0.8765
4.2

IMD4c
4
-1.175 0.8765
3.299 0.8765
3.299 0.9005
-1.175 0.9005
3.28

IMD4d1+IMD4d2
4
-1.175 0.9005
3.299 0.9005
3.299 1.0275
-1.175 1.0275
2.65

IMD5a
4
-1.175 1.0275
3.299 1.0275
3.299 1.0485
-1.175 1.0485
5.2

IMD5b
4
-1.175 1.0485
3.299 1.0485
3.299 1.0635
-1.175 1.0635
4.2

IMD5c
4
-1.175 1.0635
3.299 1.0635
3.299 1.0875
-1.175 1.0875
3.28

IMD5d1+IMD5d2
4
-1.175 1.0875
3.299 1.0875
3.299 1.2145
-1.175 1.2145
2.65

IMD6a
4
-1.175 1.2145
3.299 1.2145
3.299 1.2355
-1.175 1.2355
5.2

IMD6b
4
-1.175 1.2355
3.299 1.2355
3.299 1.2505
-1.175 1.2505
4.2

IMD6c
4
-1.175 1.2505
3.299 1.2505
3.299 1.2745
-1.175 1.2745
3.28

IMD6d1+IMD6d2
4
-1.175 1.2745
3.299 1.2745
3.299 1.4015
-1.175 1.4015
2.65

IMD7a
4
-1.175 1.4015
3.299 1.4015
3.299 1.4765
-1.175 1.4765
5.2

IMD7b1+IMD7b2
4
-1.175 1.4765
3.299 1.4765
3.299 2.9765
-1.175 2.9765
4.2

IMD8a
4
-1.175 2.9765
3.299 2.9765
3.299 3.0515
-1.175 3.0515
5.2

IMD8b1+IMD8b2
4
-1.175 3.0515
3.299 3.0515
3.299 4.5515
-1.175 4.5515
4.2

PASS1
4
-1.175 4.5515
3.299 4.5515
3.299 4.6265
-1.175 4.6265
7.0

PASS2
4
-1.175 4.6265
3.299 4.6265
3.299 5.0265
-1.175 5.0265
4.2

PASS3
4
-1.175 5.0265
3.299 5.0265
3.299 5.1015
-1.175 5.1015
7.0

PASS4+PASS5
4
-1.175 5.1015
3.299 5.1015
3.299 6.0515
-1.175 6.0515
4.2

PASS6
4
-1.175 6.0515
3.299 6.0515
3.299 6.6515
-1.175 6.6515
7.0

air_Layer
4
-1.175 6.6515
3.299 6.6515
3.299 6.9485
-1.175 6.9485
1.0


4
-1.175 0.001
3.299 0.001
3.299 6.9485
-1.175 6.9485

