c1
4
-0.35251 0.5545
0.35251 0.5545
0.35849 0.6535
-0.35849 0.6535

5
botleft
4
-1.8724999999999998 -0.001
0 -0.001
0 0.001
-1.8724999999999998 0.001

botright
4
0 -0.001
2.7364999999999995 -0.001
2.7364999999999995 0.001
0 0.001

lEnv
4
-1.3695099999999998 0.5545
-0.6644899999999999 0.5545
-0.6585099999999999 0.6535
-1.3754899999999999 0.6535

c2
4
0.5114899999999999 0.5545
1.2165099999999998 0.5545
1.2224899999999999 0.6535
0.5055099999999999 0.6535

rEnv
4
1.52849 0.5545
2.23351 0.5545
2.23949 0.6535
1.5225099999999998 0.6535


57
IMD2d1_damage
4
-1.3789239999999998 0.5445
-0.655076 0.5445
-0.6544719999999999 0.5545
-1.3795279999999999 0.5545
3.1

IMD2d1_damage
4
-0.36192399999999997 0.5445
0.36192399999999997 0.5445
0.36252799999999996 0.5545
-0.36252799999999996 0.5545
3.1

IMD2d1_damage
4
0.502076 0.5445
1.2259239999999998 0.5445
1.2265279999999998 0.5545
0.5014719999999999 0.5545
3.1

IMD2d1_damage
4
1.5190759999999999 0.5445
2.242924 0.5445
2.243528 0.5545
1.5184719999999998 0.5545
3.1

IMD2d2_damage
4
-1.3745189999999998 0.5545
-1.3695099999999998 0.5545
-1.3754899999999999 0.6535
-1.380499 0.6535
2.9

IMD2d2_damage
4
-0.6644899999999999 0.5545
-0.6594809999999999 0.5545
-0.6535009999999999 0.6535
-0.6585099999999999 0.6535
2.9

IMD2d2_damage
4
-0.357519 0.5545
-0.35251 0.5545
-0.35849 0.6535
-0.36349899999999996 0.6535
2.9

IMD2d2_damage
4
0.35251 0.5545
0.357519 0.5545
0.36349899999999996 0.6535
0.35849 0.6535
2.9

IMD2d2_damage
4
0.5064809999999998 0.5545
0.5114899999999999 0.5545
0.5055099999999999 0.6535
0.5005009999999999 0.6535
2.9

IMD2d2_damage
4
1.2165099999999998 0.5545
1.2215189999999998 0.5545
1.227499 0.6535
1.2224899999999999 0.6535
2.9

IMD2d2_damage
4
1.5234809999999999 0.5545
1.52849 0.5545
1.5225099999999998 0.6535
1.5175009999999998 0.6535
2.9

IMD2d2_damage
4
2.23351 0.5545
2.2385189999999997 0.5545
2.244499 0.6535
2.23949 0.6535
2.9

IMD2d2
4
-1.8724999999999998 0.5545
-1.3745189999999998 0.5545
-1.380499 0.6535
-1.8724999999999998 0.6535
2.65

IMD2d2
4
-0.6594809999999999 0.5545
-0.357519 0.5545
-0.36349899999999996 0.6535
-0.6535009999999999 0.6535
2.65

IMD2d2
4
0.357519 0.5545
0.5064809999999998 0.5545
0.5005009999999999 0.6535
0.36349899999999996 0.6535
2.65

IMD2d2
4
1.2215189999999998 0.5545
1.5234809999999999 0.5545
1.5175009999999998 0.6535
1.227499 0.6535
2.65

IMD2d2
4
2.2385189999999997 0.5545
2.7364999999999995 0.5545
2.7364999999999995 0.6535
2.244499 0.6535
2.65

IMD2d1
4
-1.8724999999999998 0.5445
-1.3789239999999998 0.5445
-1.3795279999999999 0.5545
-1.8724999999999998 0.5545
2.65

IMD2d1
4
-0.655076 0.5445
-0.36192399999999997 0.5445
-0.36252799999999996 0.5545
-0.6544719999999999 0.5545
2.65

IMD2d1
4
0.36192399999999997 0.5445
0.502076 0.5445
0.5014719999999999 0.5545
0.36252799999999996 0.5545
2.65

IMD2d1
4
1.2259239999999998 0.5445
1.5190759999999999 0.5445
1.5184719999999998 0.5545
1.2265279999999998 0.5545
2.65

IMD2d1
4
2.242924 0.5445
2.7364999999999995 0.5445
2.7364999999999995 0.5545
2.243528 0.5545
2.65

IMD2d1
4
-1.8724999999999998 0.5265
2.7364999999999995 0.5265
2.7364999999999995 0.5445
-1.8724999999999998 0.5445
2.65

FOXA+FOXB+TOX
4
-1.8724999999999998 0.001
2.7364999999999995 0.001
2.7364999999999995 0.2665
-1.8724999999999998 0.2665
4.0

ILD1a
4
-1.8724999999999998 0.2665
2.7364999999999995 0.2665
2.7364999999999995 0.2765
-1.8724999999999998 0.2765
7.0

ILD1b1+ILD1b2+ILD1b3
4
-1.8724999999999998 0.2765
2.7364999999999995 0.2765
2.7364999999999995 0.3955
-1.8724999999999998 0.3955
4.0

IMD1a
4
-1.8724999999999998 0.3955
2.7364999999999995 0.3955
2.7364999999999995 0.4065
-1.8724999999999998 0.4065
5.2

IMD1b
4
-1.8724999999999998 0.4065
2.7364999999999995 0.4065
2.7364999999999995 0.4665
-1.8724999999999998 0.4665
2.8

IMD2a
4
-1.8724999999999998 0.4665
2.7364999999999995 0.4665
2.7364999999999995 0.4875
-1.8724999999999998 0.4875
5.2

IMD2b
4
-1.8724999999999998 0.4875
2.7364999999999995 0.4875
2.7364999999999995 0.5025
-1.8724999999999998 0.5025
4.2

IMD2c
4
-1.8724999999999998 0.5025
2.7364999999999995 0.5025
2.7364999999999995 0.5265
-1.8724999999999998 0.5265
3.28

IMD3a
4
-1.8724999999999998 0.6535
2.7364999999999995 0.6535
2.7364999999999995 0.6745
-1.8724999999999998 0.6745
5.2

IMD3b
4
-1.8724999999999998 0.6745
2.7364999999999995 0.6745
2.7364999999999995 0.6895
-1.8724999999999998 0.6895
4.2

IMD3c
4
-1.8724999999999998 0.6895
2.7364999999999995 0.6895
2.7364999999999995 0.7135
-1.8724999999999998 0.7135
3.28

IMD3d1+IMD3d2
4
-1.8724999999999998 0.7135
2.7364999999999995 0.7135
2.7364999999999995 0.8405
-1.8724999999999998 0.8405
2.65

IMD4a
4
-1.8724999999999998 0.8405
2.7364999999999995 0.8405
2.7364999999999995 0.8615
-1.8724999999999998 0.8615
5.2

IMD4b
4
-1.8724999999999998 0.8615
2.7364999999999995 0.8615
2.7364999999999995 0.8765
-1.8724999999999998 0.8765
4.2

IMD4c
4
-1.8724999999999998 0.8765
2.7364999999999995 0.8765
2.7364999999999995 0.9005
-1.8724999999999998 0.9005
3.28

IMD4d1+IMD4d2
4
-1.8724999999999998 0.9005
2.7364999999999995 0.9005
2.7364999999999995 1.0275
-1.8724999999999998 1.0275
2.65

IMD5a
4
-1.8724999999999998 1.0275
2.7364999999999995 1.0275
2.7364999999999995 1.0485
-1.8724999999999998 1.0485
5.2

IMD5b
4
-1.8724999999999998 1.0485
2.7364999999999995 1.0485
2.7364999999999995 1.0635
-1.8724999999999998 1.0635
4.2

IMD5c
4
-1.8724999999999998 1.0635
2.7364999999999995 1.0635
2.7364999999999995 1.0875
-1.8724999999999998 1.0875
3.28

IMD5d1+IMD5d2
4
-1.8724999999999998 1.0875
2.7364999999999995 1.0875
2.7364999999999995 1.2145
-1.8724999999999998 1.2145
2.65

IMD6a
4
-1.8724999999999998 1.2145
2.7364999999999995 1.2145
2.7364999999999995 1.2355
-1.8724999999999998 1.2355
5.2

IMD6b
4
-1.8724999999999998 1.2355
2.7364999999999995 1.2355
2.7364999999999995 1.2505
-1.8724999999999998 1.2505
4.2

IMD6c
4
-1.8724999999999998 1.2505
2.7364999999999995 1.2505
2.7364999999999995 1.2745
-1.8724999999999998 1.2745
3.28

IMD6d1+IMD6d2
4
-1.8724999999999998 1.2745
2.7364999999999995 1.2745
2.7364999999999995 1.4015
-1.8724999999999998 1.4015
2.65

IMD7a
4
-1.8724999999999998 1.4015
2.7364999999999995 1.4015
2.7364999999999995 1.4765
-1.8724999999999998 1.4765
5.2

IMD7b1+IMD7b2
4
-1.8724999999999998 1.4765
2.7364999999999995 1.4765
2.7364999999999995 2.9765
-1.8724999999999998 2.9765
4.2

IMD8a
4
-1.8724999999999998 2.9765
2.7364999999999995 2.9765
2.7364999999999995 3.0515
-1.8724999999999998 3.0515
5.2

IMD8b1+IMD8b2
4
-1.8724999999999998 3.0515
2.7364999999999995 3.0515
2.7364999999999995 4.5515
-1.8724999999999998 4.5515
4.2

PASS1
4
-1.8724999999999998 4.5515
2.7364999999999995 4.5515
2.7364999999999995 4.6265
-1.8724999999999998 4.6265
7.0

PASS2
4
-1.8724999999999998 4.6265
2.7364999999999995 4.6265
2.7364999999999995 5.0265
-1.8724999999999998 5.0265
4.2

PASS3
4
-1.8724999999999998 5.0265
2.7364999999999995 5.0265
2.7364999999999995 5.1015
-1.8724999999999998 5.1015
7.0

PASS4+PASS5
4
-1.8724999999999998 5.1015
2.7364999999999995 5.1015
2.7364999999999995 6.0515
-1.8724999999999998 6.0515
4.2

PASS6
4
-1.8724999999999998 6.0515
2.7364999999999995 6.0515
2.7364999999999995 6.6515
-1.8724999999999998 6.6515
7.0

air_Layer
4
-1.8724999999999998 6.6515
2.7364999999999995 6.6515
2.7364999999999995 6.9485
-1.8724999999999998 6.9485
1.0


4
-1.8724999999999998 0.001
2.7364999999999995 0.001
2.7364999999999995 6.9485
-1.8724999999999998 6.9485

