c1
4
-0.35251 0.7415
0.35251 0.7415
0.35849 0.8405
-0.35849 0.8405

5
botleft
4
-1.6925 -0.001
0 -0.001
0 0.001
-1.6925 0.001

botright
4
0 -0.001
3.0964999999999994 -0.001
3.0964999999999994 0.001
0 0.001

lEnv
4
-1.1895099999999998 0.7415
-0.48449 0.7415
-0.47851 0.8405
-1.19549 0.8405

c2
4
1.0514899999999998 0.7415
1.7565099999999996 0.7415
1.7624899999999997 0.8405
1.0455099999999997 0.8405

rEnv
4
1.8884899999999996 0.7415
2.5935099999999993 0.7415
2.5994899999999994 0.8405
1.8825099999999995 0.8405


57
IMD3d1_damage
4
-1.1989239999999999 0.7315
-0.475076 0.7315
-0.474472 0.7415
-1.199528 0.7415
3.1

IMD3d1_damage
4
-0.36192399999999997 0.7315
0.36192399999999997 0.7315
0.36252799999999996 0.7415
-0.36252799999999996 0.7415
3.1

IMD3d1_damage
4
1.0420759999999998 0.7315
1.7659239999999996 0.7315
1.7665279999999997 0.7415
1.0414719999999997 0.7415
3.1

IMD3d1_damage
4
1.8790759999999995 0.7315
2.6029239999999993 0.7315
2.6035279999999994 0.7415
1.8784719999999995 0.7415
3.1

IMD3d2_damage
4
-1.1945189999999999 0.7415
-1.1895099999999998 0.7415
-1.19549 0.8405
-1.200499 0.8405
2.9

IMD3d2_damage
4
-0.48449 0.7415
-0.479481 0.7415
-0.473501 0.8405
-0.47851 0.8405
2.9

IMD3d2_damage
4
-0.357519 0.7415
-0.35251 0.7415
-0.35849 0.8405
-0.36349899999999996 0.8405
2.9

IMD3d2_damage
4
0.35251 0.7415
0.357519 0.7415
0.36349899999999996 0.8405
0.35849 0.8405
2.9

IMD3d2_damage
4
1.0464809999999998 0.7415
1.0514899999999998 0.7415
1.0455099999999997 0.8405
1.0405009999999997 0.8405
2.9

IMD3d2_damage
4
1.7565099999999996 0.7415
1.7615189999999996 0.7415
1.7674989999999997 0.8405
1.7624899999999997 0.8405
2.9

IMD3d2_damage
4
1.8834809999999995 0.7415
1.8884899999999996 0.7415
1.8825099999999995 0.8405
1.8775009999999994 0.8405
2.9

IMD3d2_damage
4
2.5935099999999993 0.7415
2.598518999999999 0.7415
2.6044989999999992 0.8405
2.5994899999999994 0.8405
2.9

IMD3d2
4
-1.6925 0.7415
-1.1945189999999999 0.7415
-1.200499 0.8405
-1.6925 0.8405
2.65

IMD3d2
4
-0.479481 0.7415
-0.357519 0.7415
-0.36349899999999996 0.8405
-0.473501 0.8405
2.65

IMD3d2
4
0.357519 0.7415
1.0464809999999998 0.7415
1.0405009999999997 0.8405
0.36349899999999996 0.8405
2.65

IMD3d2
4
1.7615189999999996 0.7415
1.8834809999999995 0.7415
1.8775009999999994 0.8405
1.7674989999999997 0.8405
2.65

IMD3d2
4
2.598518999999999 0.7415
3.0964999999999994 0.7415
3.0964999999999994 0.8405
2.6044989999999992 0.8405
2.65

IMD3d1
4
-1.6925 0.7315
-1.1989239999999999 0.7315
-1.199528 0.7415
-1.6925 0.7415
2.65

IMD3d1
4
-0.475076 0.7315
-0.36192399999999997 0.7315
-0.36252799999999996 0.7415
-0.474472 0.7415
2.65

IMD3d1
4
0.36192399999999997 0.7315
1.0420759999999998 0.7315
1.0414719999999997 0.7415
0.36252799999999996 0.7415
2.65

IMD3d1
4
1.7659239999999996 0.7315
1.8790759999999995 0.7315
1.8784719999999995 0.7415
1.7665279999999997 0.7415
2.65

IMD3d1
4
2.6029239999999993 0.7315
3.0964999999999994 0.7315
3.0964999999999994 0.7415
2.6035279999999994 0.7415
2.65

IMD3d1
4
-1.6925 0.7135
3.0964999999999994 0.7135
3.0964999999999994 0.7315
-1.6925 0.7315
2.65

FOXA+FOXB+TOX
4
-1.6925 0.001
3.0964999999999994 0.001
3.0964999999999994 0.2665
-1.6925 0.2665
4.0

ILD1a
4
-1.6925 0.2665
3.0964999999999994 0.2665
3.0964999999999994 0.2765
-1.6925 0.2765
7.0

ILD1b1+ILD1b2+ILD1b3
4
-1.6925 0.2765
3.0964999999999994 0.2765
3.0964999999999994 0.3955
-1.6925 0.3955
4.0

IMD1a
4
-1.6925 0.3955
3.0964999999999994 0.3955
3.0964999999999994 0.4065
-1.6925 0.4065
5.2

IMD1b
4
-1.6925 0.4065
3.0964999999999994 0.4065
3.0964999999999994 0.4665
-1.6925 0.4665
2.8

IMD2a
4
-1.6925 0.4665
3.0964999999999994 0.4665
3.0964999999999994 0.4875
-1.6925 0.4875
5.2

IMD2b
4
-1.6925 0.4875
3.0964999999999994 0.4875
3.0964999999999994 0.5025
-1.6925 0.5025
4.2

IMD2c
4
-1.6925 0.5025
3.0964999999999994 0.5025
3.0964999999999994 0.5265
-1.6925 0.5265
3.28

IMD2d1+IMD2d2
4
-1.6925 0.5265
3.0964999999999994 0.5265
3.0964999999999994 0.6535
-1.6925 0.6535
2.65

IMD3a
4
-1.6925 0.6535
3.0964999999999994 0.6535
3.0964999999999994 0.6745
-1.6925 0.6745
5.2

IMD3b
4
-1.6925 0.6745
3.0964999999999994 0.6745
3.0964999999999994 0.6895
-1.6925 0.6895
4.2

IMD3c
4
-1.6925 0.6895
3.0964999999999994 0.6895
3.0964999999999994 0.7135
-1.6925 0.7135
3.28

IMD4a
4
-1.6925 0.8405
3.0964999999999994 0.8405
3.0964999999999994 0.8615
-1.6925 0.8615
5.2

IMD4b
4
-1.6925 0.8615
3.0964999999999994 0.8615
3.0964999999999994 0.8765
-1.6925 0.8765
4.2

IMD4c
4
-1.6925 0.8765
3.0964999999999994 0.8765
3.0964999999999994 0.9005
-1.6925 0.9005
3.28

IMD4d1+IMD4d2
4
-1.6925 0.9005
3.0964999999999994 0.9005
3.0964999999999994 1.0275
-1.6925 1.0275
2.65

IMD5a
4
-1.6925 1.0275
3.0964999999999994 1.0275
3.0964999999999994 1.0485
-1.6925 1.0485
5.2

IMD5b
4
-1.6925 1.0485
3.0964999999999994 1.0485
3.0964999999999994 1.0635
-1.6925 1.0635
4.2

IMD5c
4
-1.6925 1.0635
3.0964999999999994 1.0635
3.0964999999999994 1.0875
-1.6925 1.0875
3.28

IMD5d1+IMD5d2
4
-1.6925 1.0875
3.0964999999999994 1.0875
3.0964999999999994 1.2145
-1.6925 1.2145
2.65

IMD6a
4
-1.6925 1.2145
3.0964999999999994 1.2145
3.0964999999999994 1.2355
-1.6925 1.2355
5.2

IMD6b
4
-1.6925 1.2355
3.0964999999999994 1.2355
3.0964999999999994 1.2505
-1.6925 1.2505
4.2

IMD6c
4
-1.6925 1.2505
3.0964999999999994 1.2505
3.0964999999999994 1.2745
-1.6925 1.2745
3.28

IMD6d1+IMD6d2
4
-1.6925 1.2745
3.0964999999999994 1.2745
3.0964999999999994 1.4015
-1.6925 1.4015
2.65

IMD7a
4
-1.6925 1.4015
3.0964999999999994 1.4015
3.0964999999999994 1.4765
-1.6925 1.4765
5.2

IMD7b1+IMD7b2
4
-1.6925 1.4765
3.0964999999999994 1.4765
3.0964999999999994 2.9765
-1.6925 2.9765
4.2

IMD8a
4
-1.6925 2.9765
3.0964999999999994 2.9765
3.0964999999999994 3.0515
-1.6925 3.0515
5.2

IMD8b1+IMD8b2
4
-1.6925 3.0515
3.0964999999999994 3.0515
3.0964999999999994 4.5515
-1.6925 4.5515
4.2

PASS1
4
-1.6925 4.5515
3.0964999999999994 4.5515
3.0964999999999994 4.6265
-1.6925 4.6265
7.0

PASS2
4
-1.6925 4.6265
3.0964999999999994 4.6265
3.0964999999999994 5.0265
-1.6925 5.0265
4.2

PASS3
4
-1.6925 5.0265
3.0964999999999994 5.0265
3.0964999999999994 5.1015
-1.6925 5.1015
7.0

PASS4+PASS5
4
-1.6925 5.1015
3.0964999999999994 5.1015
3.0964999999999994 6.0515
-1.6925 6.0515
4.2

PASS6
4
-1.6925 6.0515
3.0964999999999994 6.0515
3.0964999999999994 6.6515
-1.6925 6.6515
7.0

air_Layer
4
-1.6925 6.6515
3.0964999999999994 6.6515
3.0964999999999994 6.9485
-1.6925 6.9485
1.0


4
-1.6925 0.001
3.0964999999999994 0.001
3.0964999999999994 6.9485
-1.6925 6.9485

