1		-0.15211400		-0.01367770		-0.00165951		0.00000046		-0.00448207		
2		-0.15608800		-0.01548650		-0.00273240		-0.00000575		-0.00200095		
3		-0.15625400		-0.01703200		-0.00318547		-0.00009975		0.00000000		
4		-0.08766210		-0.01605440		-0.00182042		0.00000001		-0.00415208		
5		-0.09188420		-0.01778790		-0.00288638		-0.00000592		-0.00186640		
6		-0.09204140		-0.01932250		-0.00335603		-0.00009653		0.00000000		
7		-0.07948130		-0.01661820		-0.00186072		0.00000003		-0.00407908		
8		-0.08383570		-0.01826250		-0.00293781		-0.00000585		-0.00189748		
9		-0.08397750		-0.02002270		-0.00338865		-0.00010112		0.00000000		
10		-0.04001210		-0.02214720		-0.00224627		0.00002623		-0.00352138		
11		-0.04343490		-0.02371760		-0.00330182		-0.00000398		-0.00174813		
12		-0.04359910		-0.02516320		-0.00376533		-0.00000816		0.00000000		
13		-0.02487540		-0.02690080		-0.00259615		0.00001233		-0.00304690		
14		-0.02810030		-0.02813550		-0.00363714		-0.00001993		-0.00165397		
15		-0.02809930		-0.02948900		-0.00408669		-0.00002674		0.00000000		
16		-0.01710740		-0.03023190		-0.00289810		-0.00004028		-0.00262862		
17		-0.01961580		-0.03175960		-0.00395599		-0.00005411		-0.00148178		
18		-0.01991390		-0.03295750		-0.00433269		-0.00007098		0.00000000		
19		-0.01222170		-0.03281770		-0.00314985		-0.00013841		-0.00230253		
20		-0.01437920		-0.03443210		-0.00421311		-0.00016071		-0.00139330		
21		-0.01461920		-0.03548210		-0.00459313		-0.00019076		0.00000000		
22		-0.00694105		-0.03657480		-0.00353897		-0.00056697		-0.00161483		
23		-0.00860220		-0.03811880		-0.00462186		-0.00057966		-0.00109039		
24		-0.00876754		-0.03912900		-0.00500644		-0.00057126		0.00000000		
25		-0.00343398		-0.03949290		-0.00390039		-0.00166331		-0.00105722		
26		-0.00449228		-0.04127370		-0.00501052		-0.00165917		-0.00068839		
27		-0.00470319		-0.04185000		-0.00536363		-0.00170098		0.00000000		
28		-0.00162139		-0.04097040		-0.00416297		-0.00404260		-0.00055592		
29		-0.00213801		-0.04337420		-0.00528838		-0.00399826		-0.00037038		
30		-0.00231370		-0.04372750		-0.00561003		-0.00405753		0.00000000		
31		-0.00081562		-0.04182020		-0.00430686		-0.00723551		-0.00033850		
32		-0.00112370		-0.04424840		-0.00541085		-0.00715544		-0.00021921		
33		-0.00112658		-0.04430460		-0.00566430		-0.00725185		0.00000000		
34		0.00000000		-0.04269600		-0.00447632		-0.12759300		0.00000000		
35		0.00000000		-0.04489610		-0.00554438		-0.13477000		0.00000000		
36		0.00000000		-0.04551150		-0.00581656		-0.24559400		0.00000000		
37		-0.15601100		-0.01286870		-0.00152874		0.00001113		-0.00185538		
38		-0.15944700		-0.01406180		-0.00250179		-0.00000086		-0.00120614		
39		-0.15984200		-0.01500570		-0.00283986		0.00001866		0.00000000		
40		-0.09120410		-0.01528120		-0.00168636		0.00001495		-0.00183198		
41		-0.09464600		-0.01660940		-0.00267352		-0.00000156		-0.00121844		
42		-0.09497450		-0.01760720		-0.00303162		0.00002268		0.00000000		
43		-0.08296500		-0.01586080		-0.00172644		0.00001788		-0.00182799		
44		-0.08642260		-0.01718310		-0.00271852		0.00000190		-0.00121749		
45		-0.08654800		-0.01813120		-0.00307544		-0.00000101		0.00000000		
46		-0.04295500		-0.02139800		-0.00211225		0.00000505		-0.00177683		
47		-0.04565360		-0.02264050		-0.00310772		-0.00000498		-0.00117767		
48		-0.04650890		-0.02358810		-0.00345269		-0.00000520		0.00000000		
49		-0.02725290		-0.02623660		-0.00246662		-0.00001187		-0.00170493		
50		-0.02993520		-0.02732440		-0.00347199		-0.00000776		-0.00112017		
51		-0.03028200		-0.02809100		-0.00385583		-0.00002623		0.00000000		
52		-0.01899580		-0.02969710		-0.00277562		-0.00007783		-0.00160607		
53		-0.02135100		-0.03096540		-0.00378550		-0.00006191		-0.00103145		
54		-0.02146590		-0.03162040		-0.00415631		-0.00008470		0.00000000		
55		-0.01385470		-0.03244720		-0.00302904		-0.00018160		-0.00145453		
56		-0.01568500		-0.03397730		-0.00405556		-0.00018106		-0.00097344		
57		-0.01603390		-0.03433710		-0.00441672		-0.00019986		0.00000000		
58		-0.00805555		-0.03594800		-0.00343208		-0.00060604		-0.00117580		
59		-0.00947713		-0.03780700		-0.00450009		-0.00060580		-0.00077057		
60		-0.00975868		-0.03840740		-0.00483497		-0.00062830		0.00000000		
61		-0.00411715		-0.03891680		-0.00382929		-0.00175511		-0.00077716		
62		-0.00497528		-0.04110440		-0.00491080		-0.00174857		-0.00050200		
63		-0.00517957		-0.04152480		-0.00523861		-0.00178432		0.00000000		
64		-0.00189864		-0.04089700		-0.00412165		-0.00421656		-0.00045235		
65		-0.00229146		-0.04329430		-0.00523394		-0.00417155		-0.00029167		
66		-0.00255949		-0.04347530		-0.00553854		-0.00425378		0.00000000		
67		-0.00100773		-0.04169020		-0.00426967		-0.00743772		-0.00025133		
68		-0.00130705		-0.04425350		-0.00540722		-0.00737557		-0.00015791		
69		-0.00123347		-0.04453830		-0.00568227		-0.00748683		0.00000000		
70		0.00000000		-0.04250010		-0.00446867		-0.13236100		0.00000000		
71		0.00000000		-0.04485400		-0.00559019		-0.13954100		0.00000000		
72		0.00000000		-0.04564120		-0.00581817		-0.25065900		0.00000000		
73		-0.15772200		-0.01246350		-0.00142845		0.00000314		-0.00009019		
74		-0.16173300		-0.01330860		-0.00226477		0.00003480		-0.00009035		
75		-0.16241100		-0.01332760		-0.00247337		-0.00000281		0.00000000		
76		-0.09342020		-0.01492020		-0.00158834		0.00000298		-0.00009694		
77		-0.09706150		-0.01568990		-0.00243879		0.00003621		-0.00009923		
78		-0.09708820		-0.01602720		-0.00266666		0.00000069		0.00000000		
79		-0.08522500		-0.01543600		-0.00162621		0.00000293		-0.00009769		
80		-0.08860960		-0.01632560		-0.00248328		0.00003641		-0.00009949		
81		-0.08883000		-0.01661210		-0.00270714		0.00000218		0.00000000		
82		-0.04522290		-0.02094510		-0.00200379		-0.00000794		-0.00011039		
83		-0.04785880		-0.02201380		-0.00287765		0.00000423		-0.00011222		
84		-0.04849070		-0.02212630		-0.00308449		-0.00001254		0.00000000		
85		-0.02961360		-0.02553890		-0.00235113		-0.00006482		-0.00010232		
86		-0.03184810		-0.02677430		-0.00325163		-0.00001258		-0.00011725		
87		-0.03229000		-0.02673040		-0.00344287		-0.00008026		0.00000000		
88		-0.02117310		-0.02933640		-0.00267313		-0.00016146		-0.00011375		
89		-0.02304760		-0.03049200		-0.00357117		-0.00019386		-0.00011598		
90		-0.02323780		-0.03039780		-0.00382115		-0.00016741		0.00000000		
91		-0.01575520		-0.03184430		-0.00293482		-0.00035329		-0.00012421		
92		-0.01744660		-0.03330880		-0.00386852		-0.00040083		-0.00010973		
93		-0.01753950		-0.03338900		-0.00411144		-0.00037386		0.00000000		
94		-0.00962927		-0.03550510		-0.00334791		-0.00097332		-0.00011907		
95		-0.01094280		-0.03717600		-0.00431645		-0.00096716		-0.00010022		
96		-0.01088170		-0.03721760		-0.00457209		-0.00103222		0.00000000		
97		-0.00516846		-0.03859320		-0.00378990		-0.00250021		-0.00010748		
98		-0.00591233		-0.04073150		-0.00479081		-0.00251392		-0.00007946		
99		-0.00607672		-0.04047330		-0.00502668		-0.00246631		0.00000000		
100		-0.00250624		-0.04067480		-0.00409744		-0.00536983		-0.00008045		
101		-0.00294012		-0.04294150		-0.00516037		-0.00535681		-0.00006485		
102		-0.00303052		-0.04261630		-0.00539621		-0.00532710		0.00000000		
103		-0.00135291		-0.04150640		-0.00424921		-0.00889920		-0.00005961		
104		-0.00160638		-0.04408350		-0.00536560		-0.00899481		-0.00004770		
105		-0.00168956		-0.04372120		-0.00560093		-0.00887654		0.00000000		
106		0.00000000		-0.04277750		-0.00449078		-0.17282200		0.00000000		
107		0.00000000		-0.04547030		-0.00564121		-0.17987400		0.00000000		
108		0.00000000		-0.04539700		-0.00586773		-0.29090800		0.00000000		
109		-0.15501500		-0.03001770		-0.00321061		0.00001113		-0.00635935		
110		-0.15893600		-0.03100570		-0.00437085		-0.00000086		-0.00269953		
111		-0.15951300		-0.03307940		-0.00494189		0.00001865		0.00000000		
112		-0.09098540		-0.03248420		-0.00337382		0.00001495		-0.00571627		
113		-0.09447900		-0.03327490		-0.00451266		-0.00000156		-0.00254594		
114		-0.09437860		-0.03521280		-0.00505719		0.00002268		0.00000000		
115		-0.08252110		-0.03331600		-0.00341010		0.00001789		-0.00557962		
116		-0.08569250		-0.03404800		-0.00454074		0.00000190		-0.00255433		
117		-0.08623750		-0.03594290		-0.00508853		-0.00000102		0.00000000		
118		-0.04271950		-0.03928310		-0.00380101		0.00000505		-0.00462628		
119		-0.04527570		-0.04003270		-0.00490633		-0.00000498		-0.00229841		
120		-0.04559390		-0.04187400		-0.00542245		-0.00000521		0.00000000		
121		-0.02711270		-0.04403600		-0.00416861		-0.00001188		-0.00395257		
122		-0.02973090		-0.04467480		-0.00526026		-0.00000776		-0.00203564		
123		-0.02962270		-0.04569910		-0.00575242		-0.00002621		0.00000000		
124		-0.01880420		-0.04768800		-0.00450385		-0.00007783		-0.00337835		
125		-0.02105900		-0.04833520		-0.00560996		-0.00006193		-0.00177723		
126		-0.02123150		-0.04961010		-0.00604714		-0.00008470		0.00000000		
127		-0.01367640		-0.05040450		-0.00478464		-0.00018155		-0.00287343		
128		-0.01582930		-0.05094260		-0.00587560		-0.00018106		-0.00159105		
129		-0.01607370		-0.05228070		-0.00631547		-0.00019988		0.00000000		
130		-0.00808818		-0.05448070		-0.00521708		-0.00060604		-0.00200359		
131		-0.00952897		-0.05502590		-0.00632100		-0.00060604		-0.00119207		
132		-0.00985917		-0.05589440		-0.00669414		-0.00062821		0.00000000		
133		-0.00417796		-0.05773490		-0.00564741		-0.00175497		-0.00122295		
134		-0.00496914		-0.05839670		-0.00672940		-0.00174884		-0.00080216		
135		-0.00522131		-0.05903070		-0.00711935		-0.00178437		0.00000000		
136		-0.00190833		-0.05984940		-0.00597165		-0.00421705		-0.00068545		
137		-0.00250466		-0.06055880		-0.00706201		-0.00417149		-0.00043526		
138		-0.00265279		-0.06093580		-0.00738199		-0.00425334		0.00000000		
139		-0.00098424		-0.06089380		-0.00612990		-0.00743870		-0.00038773		
140		-0.00141452		-0.06160380		-0.00722645		-0.00737523		-0.00024664		
141		-0.00142155		-0.06197900		-0.00751889		-0.00748528		0.00000000		
142		0.00000000		-0.06198960		-0.00627481		-0.12778200		0.00000000		
143		0.00000000		-0.06291550		-0.00743342		-0.13563800		0.00000000		
144		0.00000000		-0.06260560		-0.00766900		-0.24615300		0.00000000		
145		-0.16075100		-0.02865430		-0.00300078		0.00000003		-0.00295989		
146		-0.16213500		-0.02906560		-0.00406983		0.00001586		-0.00164043		
147		-0.16254200		-0.03032220		-0.00449720		0.00000031		0.00000000		
148		-0.09572080		-0.03144800		-0.00316726		0.00001122		-0.00285818		
149		-0.09724400		-0.03186190		-0.00423400		0.00001358		-0.00165482		
150		-0.09763820		-0.03320640		-0.00466097		-0.00000012		0.00000000		
151		-0.08719230		-0.03211900		-0.00320902		0.00001011		-0.00283385		
152		-0.08891890		-0.03253380		-0.00427641		0.00001376		-0.00164342		
153		-0.08930020		-0.03385540		-0.00471596		-0.00000014		0.00000000		
154		-0.04601660		-0.03825800		-0.00361148		0.00000404		-0.00262995		
155		-0.04805740		-0.03861590		-0.00468388		0.00001023		-0.00147485		
156		-0.04819850		-0.03991420		-0.00511741		-0.00000216		0.00000000		
157		-0.03011800		-0.04321640		-0.00398534		-0.00001745		-0.00233797		
158		-0.03219230		-0.04355770		-0.00504016		-0.00000294		-0.00140657		
159		-0.03201820		-0.04448830		-0.00548010		-0.00002227		0.00000000		
160		-0.02115860		-0.04698440		-0.00432375		-0.00008184		-0.00212288		
161		-0.02298490		-0.04731870		-0.00539988		-0.00007691		-0.00132077		
162		-0.02294050		-0.04831360		-0.00580926		-0.00006620		0.00000000		
163		-0.01567930		-0.04995800		-0.00462727		-0.00021532		-0.00185466		
164		-0.01726590		-0.05039110		-0.00569216		-0.00020440		-0.00111855		
165		-0.01768680		-0.05113270		-0.00609050		-0.00022816		0.00000000		
166		-0.00933570		-0.05401400		-0.00510595		-0.00070578		-0.00147873		
167		-0.01056030		-0.05455610		-0.00617521		-0.00063663		-0.00086549		
168		-0.01081440		-0.05519220		-0.00655805		-0.00066618		0.00000000		
169		-0.00481227		-0.05742500		-0.00556972		-0.00187246		-0.00101625		
170		-0.00564236		-0.05807750		-0.00663423		-0.00185102		-0.00058807		
171		-0.00589331		-0.05852620		-0.00699547		-0.00186967		0.00000000		
172		-0.00245091		-0.05971890		-0.00591002		-0.00432582		-0.00054083		
173		-0.00283114		-0.06044170		-0.00700783		-0.00431405		-0.00031139		
174		-0.00291732		-0.06079460		-0.00728944		-0.00437635		0.00000000		
175		-0.00128524		-0.06071750		-0.00612573		-0.00762441		-0.00031117		
176		-0.00155204		-0.06165370		-0.00717791		-0.00761065		-0.00019330		
177		-0.00156305		-0.06187100		-0.00746719		-0.00764294		0.00000000		
178		0.00000000		-0.06195480		-0.00629005		-0.13263500		0.00000000		
179		0.00000000		-0.06297280		-0.00742341		-0.14047300		0.00000000		
180		0.00000000		-0.06259210		-0.00764005		-0.25113200		0.00000000		
181		-0.16393800		-0.02807200		-0.00285216		0.00000280		-0.00018135		
182		-0.16656000		-0.02834400		-0.00377022		0.00000170		-0.00009112		
183		-0.16664700		-0.02830820		-0.00399548		-0.00000012		0.00000000		
184		-0.09971970		-0.03088920		-0.00299405		0.00000148		-0.00012502		
185		-0.10083000		-0.03106570		-0.00393575		-0.00000633		-0.00015535		
186		-0.10107900		-0.03101060		-0.00420601		-0.00000996		0.00000000		
187		-0.09060200		-0.03155090		-0.00302713		0.00000146		-0.00017516		
188		-0.09247300		-0.03163180		-0.00397750		-0.00000949		-0.00015980		
189		-0.09265760		-0.03163570		-0.00423900		-0.00000790		0.00000000		
190		-0.04920880		-0.03777790		-0.00344761		-0.00000133		-0.00019772		
191		-0.05120970		-0.03782660		-0.00439528		-0.00000331		-0.00007874		
192		-0.05127510		-0.03796240		-0.00462618		-0.00000736		0.00000000		
193		-0.03315700		-0.04247910		-0.00382271		-0.00006056		-0.00019963		
194		-0.03426910		-0.04270550		-0.00477765		-0.00003065		-0.00015650		
195		-0.03430690		-0.04277380		-0.00510981		-0.00002776		0.00000000		
196		-0.02397390		-0.04639580		-0.00416714		-0.00020312		-0.00019939		
197		-0.02509780		-0.04688990		-0.00515638		-0.00009185		-0.00015726		
198		-0.02514240		-0.04695530		-0.00548071		-0.00017246		0.00000000		
199		-0.01826770		-0.04927720		-0.00447149		-0.00038707		-0.00019978		
200		-0.01922200		-0.04979190		-0.00546072		-0.00021415		-0.00014960		
201		-0.01955590		-0.04972870		-0.00575902		-0.00039134		0.00000000		
202		-0.01139920		-0.05342210		-0.00494965		-0.00100907		-0.00018771		
203		-0.01231790		-0.05369110		-0.00596619		-0.00099513		-0.00005426		
204		-0.01241580		-0.05400910		-0.00627273		-0.00102660		0.00000000		
205		-0.00632687		-0.05694860		-0.00543573		-0.00258397		-0.00016038		
206		-0.00689963		-0.05780370		-0.00646943		-0.00250967		-0.00013803		
207		-0.00694660		-0.05776630		-0.00682623		-0.00258019		0.00000000		
208		-0.00320412		-0.05915380		-0.00582873		-0.00547783		-0.00011884		
209		-0.00341760		-0.06009800		-0.00689778		-0.00540660		-0.00005152		
210		-0.00352659		-0.06037070		-0.00719484		-0.00546414		0.00000000		
211		-0.00166321		-0.06037360		-0.00604767		-0.00908283		-0.00009399		
212		-0.00188062		-0.06138450		-0.00713888		-0.00918092		-0.00007015		
213		-0.00179128		-0.06168940		-0.00742508		-0.00906082		0.00000000		
214		0.00000000		-0.06197870		-0.00628164		-0.17332600		0.00000000		
215		0.00000000		-0.06283070		-0.00743786		-0.18039400		0.00000000		
216		0.00000000		-0.06316900		-0.00775275		-0.29154200		0.00000000		
217		-0.15473300		-0.16680400		-0.01595700		0.00000314		-0.00859462		
218		-0.15747100		-0.16746000		-0.01646730		0.00003493		-0.00380234		
219		-0.15918700		-0.17135600		-0.01702140		-0.00000282		0.00000000		
220		-0.09126400		-0.16951300		-0.01616660		0.00000298		-0.00790699		
221		-0.09470900		-0.16948800		-0.01667450		0.00003634		-0.00357893		
222		-0.09467330		-0.17085900		-0.01713430		0.00000098		0.00000000		
223		-0.08305180		-0.17017700		-0.01622740		0.00000293		-0.00773627		
224		-0.08675270		-0.17026200		-0.01670990		0.00003648		-0.00350078		
225		-0.08564940		-0.17355100		-0.01722960		0.00000217		0.00000000		
226		-0.04357560		-0.17616700		-0.01671650		-0.00000794		-0.00596824		
227		-0.04678090		-0.17611500		-0.01721220		0.00000423		-0.00308111		
228		-0.04681330		-0.17864200		-0.01768960		-0.00001254		0.00000000		
229		-0.02856740		-0.18139700		-0.01717810		-0.00006482		-0.00517076		
230		-0.03118770		-0.18058500		-0.01764540		-0.00001258		-0.00275042		
231		-0.03140570		-0.18273500		-0.01804850		-0.00008027		0.00000000		
232		-0.02048160		-0.18486400		-0.01762450		-0.00016148		-0.00441495		
233		-0.02278730		-0.18451800		-0.01807590		-0.00019387		-0.00252032		
234		-0.02304650		-0.18644700		-0.01845610		-0.00016749		0.00000000		
235		-0.01558440		-0.18719000		-0.01800340		-0.00035322		-0.00385354		
236		-0.01723250		-0.18730800		-0.01841850		-0.00040058		-0.00214640		
237		-0.01737960		-0.18885500		-0.01883480		-0.00037539		0.00000000		
238		-0.00938871		-0.19141800		-0.01861080		-0.00097333		-0.00294113		
239		-0.01082290		-0.19089400		-0.01897900		-0.00096507		-0.00167455		
240		-0.01092400		-0.19273800		-0.01933060		-0.00103186		0.00000000		
241		-0.00506921		-0.19497200		-0.01916640		-0.00249880		-0.00189968		
242		-0.00603063		-0.19475900		-0.01951640		-0.00250091		-0.00105519		
243		-0.00609044		-0.19577300		-0.01978910		-0.00247014		0.00000000		
244		-0.00263282		-0.19747600		-0.01956870		-0.00536964		-0.00103317		
245		-0.00309571		-0.19691600		-0.01999000		-0.00535450		-0.00065578		
246		-0.00305298		-0.19795100		-0.02014380		-0.00532645		0.00000000		
247		-0.00141125		-0.19926300		-0.01990340		-0.00889862		-0.00057354		
248		-0.00181757		-0.19912700		-0.02027030		-0.00899221		-0.00032832		
249		-0.00185818		-0.19919100		-0.02046300		-0.00887621		0.00000000		
250		0.00000000		-0.20089900		-0.02023000		-0.13039600		0.00000000		
251		0.00000000		-0.19948800		-0.02056760		-0.13737900		0.00000000		
252		0.00000000		-0.19935500		-0.02060640		-0.24825200		0.00000000		
253		-0.16120500		-0.16478600		-0.01542930		0.00000280		-0.00449774		
254		-0.16364100		-0.16491600		-0.01604200		0.00000169		-0.00265021		
255		-0.16371600		-0.16824300		-0.01635540		-0.00000013		0.00000000		
256		-0.09758010		-0.16789100		-0.01566390		0.00000148		-0.00424037		
257		-0.09800070		-0.16812200		-0.01616830		-0.00000633		-0.00259533		
258		-0.09945040		-0.17049700		-0.01657260		-0.00000996		0.00000000		
259		-0.08938110		-0.16856500		-0.01572220		0.00000146		-0.00418868		
260		-0.09131990		-0.16897500		-0.01631160		-0.00000949		-0.00234400		
261		-0.08917130		-0.17161200		-0.01657550		-0.00000791		0.00000000		
262		-0.04846650		-0.17452900		-0.01626890		-0.00000133		-0.00386109		
263		-0.04990160		-0.17496200		-0.01673150		-0.00000331		-0.00207351		
264		-0.05019570		-0.17657200		-0.01715120		-0.00000735		0.00000000		
265		-0.03243200		-0.17984100		-0.01682460		-0.00006056		-0.00330062		
266		-0.03377250		-0.17928400		-0.01728310		-0.00003065		-0.00207229		
267		-0.03374920		-0.18119300		-0.01762910		-0.00002778		0.00000000		
268		-0.02375720		-0.18346400		-0.01729510		-0.00020313		-0.00299762		
269		-0.02466260		-0.18331800		-0.01775470		-0.00009180		-0.00192144		
270		-0.02513650		-0.18471100		-0.01809070		-0.00017608		0.00000000		
271		-0.01798650		-0.18600300		-0.01766770		-0.00038724		-0.00252509		
272		-0.01869550		-0.18659500		-0.01812480		-0.00021412		-0.00149025		
273		-0.01931230		-0.18746500		-0.01850340		-0.00039097		0.00000000		
274		-0.01134250		-0.19052400		-0.01831810		-0.00100945		-0.00177667		
275		-0.01208040		-0.18988200		-0.01877310		-0.00099640		-0.00156823		
276		-0.01208490		-0.19123200		-0.01904510		-0.00102189		0.00000000		
277		-0.00640434		-0.19449200		-0.01898350		-0.00258034		-0.00118811		
278		-0.00660664		-0.19389200		-0.01945400		-0.00250955		-0.00109789		
279		-0.00659798		-0.19515400		-0.01967040		-0.00258051		0.00000000		
280		-0.00315420		-0.19767100		-0.01958680		-0.00547766		-0.00085288		
281		-0.00342070		-0.19732400		-0.01997640		-0.00540783		-0.00055794		
282		-0.00338837		-0.19771600		-0.02019940		-0.00546010		0.00000000		
283		-0.00173502		-0.19912400		-0.01996930		-0.00908528		-0.00038029		
284		-0.00181957		-0.19843200		-0.02028790		-0.00918016		-0.00034341		
285		-0.00216494		-0.19876900		-0.02047240		-0.00905789		0.00000000		
286		0.00000000		-0.20093500		-0.02022940		-0.13501500		0.00000000		
287		0.00000000		-0.19944600		-0.02046470		-0.14236200		0.00000000		
288		0.00000000		-0.20084900		-0.02068380		-0.25317100		0.00000000		
289		-0.17000000		-0.16368800		-0.01508790		0.00000253		-0.00021003		
290		-0.16905100		-0.16391400		-0.01555200		0.00000297		-0.00022219		
291		-0.16872500		-0.16239700		-0.01562160		-0.00000555		0.00000000		
292		-0.10464300		-0.16653000		-0.01533290		0.00000583		-0.00020611		
293		-0.10341900		-0.16673100		-0.01585030		0.00000580		-0.00017378		
294		-0.10453600		-0.16549700		-0.01582050		-0.00000404		0.00000000		
295		-0.09637650		-0.16722300		-0.01538910		0.00000184		-0.00020379		
296		-0.09521820		-0.16740800		-0.01591180		0.00000370		-0.00017203		
297		-0.09567040		-0.16595700		-0.01588850		-0.00000372		0.00000000		
298		-0.05443060		-0.17352600		-0.01599560		-0.00000410		-0.00019758		
299		-0.05428890		-0.17332600		-0.01644030		0.00000977		-0.00017866		
300		-0.05422010		-0.17308300		-0.01649770		-0.00003053		0.00000000		
301		-0.03788700		-0.17849500		-0.01656210		-0.00007716		-0.00018868		
302		-0.03705220		-0.17847700		-0.01701870		-0.00000633		-0.00016932		
303		-0.03874990		-0.17668800		-0.01704850		-0.00002626		0.00000000		
304		-0.02802000		-0.18217400		-0.01705990		-0.00026766		-0.00017141		
305		-0.02767810		-0.18252500		-0.01743290		-0.00013894		-0.00013704		
306		-0.02882930		-0.18062500		-0.01757920		-0.00012942		0.00000000		
307		-0.02140520		-0.18546100		-0.01751090		-0.00050712		-0.00027405		
308		-0.02143930		-0.18558400		-0.01793830		-0.00059315		-0.00015826		
309		-0.02234660		-0.18434100		-0.01807330		-0.00052039		0.00000000		
310		-0.01410550		-0.18990200		-0.01818260		-0.00135969		-0.00024071		
311		-0.01398160		-0.19013500		-0.01867960		-0.00139517		-0.00012793		
312		-0.01380280		-0.18931500		-0.01878770		-0.00193484		0.00000000		
313		-0.00802441		-0.19415200		-0.01890900		-0.00329182		-0.00017026		
314		-0.00808735		-0.19415100		-0.01933100		-0.00329381		-0.00011401		
315		-0.00811754		-0.19421300		-0.01946520		-0.00324882		0.00000000		
316		-0.00409656		-0.19713200		-0.01943820		-0.00662251		-0.00009451		
317		-0.00401775		-0.19727400		-0.01989720		-0.00712564		-0.00006472		
318		-0.00396460		-0.19734200		-0.02003930		-0.00656878		0.00000000		
319		-0.00236375		-0.19861100		-0.01969740		-0.01066300		-0.00004535		
320		-0.00232555		-0.19840700		-0.02018200		-0.01057200		-0.00003894		
321		-0.00214175		-0.19872800		-0.02035630		-0.01052230		0.00000000		
322		0.00000000		-0.20048100		-0.02022560		-0.17522900		0.00000000		
323		0.00000000		-0.20047200		-0.02056920		-0.18262800		0.00000000		
324		0.00000000		-0.19963400		-0.02058670		-0.29391800		0.00000000		
325		-0.15645700		-0.00483347		-0.00184529		-0.00000040		-0.00706625		
326		-0.16364800		-0.00715397		-0.00305275		-0.00000599		-0.00334232		
327		-0.16528500		-0.00933589		-0.00420779		-0.00009535		0.00000000		
328		-0.09261640		-0.00537865		-0.00201539		-0.00000150		-0.00653680		
329		-0.09993290		-0.00766258		-0.00320668		-0.00000861		-0.00316060		
330		-0.10130300		-0.00973748		-0.00435623		-0.00010208		0.00000000		
331		-0.08448560		-0.00550564		-0.00205497		-0.00000182		-0.00642625		
332		-0.09170480		-0.00779154		-0.00324609		-0.00000931		-0.00312872		
333		-0.09331260		-0.00981260		-0.00436396		-0.00011256		0.00000000		
334		-0.04611820		-0.00685305		-0.00245513		-0.00000567		-0.00553100		
335		-0.05211050		-0.00904274		-0.00362182		-0.00001720		-0.00282484		
336		-0.05331540		-0.01096530		-0.00470674		-0.00001398		0.00000000		
337		-0.03142090		-0.00819086		-0.00281919		-0.00001403		-0.00480598		
338		-0.03650310		-0.01039210		-0.00399829		-0.00002747		-0.00258934		
339		-0.03734300		-0.01201200		-0.00504034		-0.00004688		0.00000000		
340		-0.02352460		-0.00947854		-0.00316163		-0.00002710		-0.00415851		
341		-0.02798380		-0.01164550		-0.00433518		-0.00004328		-0.00236454		
342		-0.02867260		-0.01321430		-0.00538458		-0.00007027		0.00000000		
343		-0.01837300		-0.01066620		-0.00347278		-0.00006353		-0.00363252		
344		-0.02237150		-0.01288830		-0.00466080		-0.00007625		-0.00214394		
345		-0.02306120		-0.01444390		-0.00565395		-0.00010838		0.00000000		
346		-0.01225690		-0.01275230		-0.00404461		-0.00020405		-0.00279960		
347		-0.01521180		-0.01519250		-0.00525628		-0.00020484		-0.00174771		
348		-0.01581020		-0.01645570		-0.00625103		-0.00026795		0.00000000		
349		-0.00727701		-0.01524530		-0.00472816		-0.00070022		-0.00189871		
350		-0.00915901		-0.01776590		-0.00600808		-0.00071718		-0.00129443		
351		-0.00986245		-0.01874920		-0.00682893		-0.00120673		0.00000000		
352		-0.00398296		-0.01735980		-0.00536615		-0.00200762		-0.00121467		
353		-0.00512181		-0.02023370		-0.00671275		-0.00203548		-0.00081754		
354		-0.00555420		-0.02087480		-0.00754688		-0.00207408		0.00000000		
355		-0.00223967		-0.01864390		-0.00578563		-0.00421443		-0.00081900		
356		-0.00305098		-0.02158840		-0.00716138		-0.00417005		-0.00053834		
357		-0.00333930		-0.02246190		-0.00797062		-0.00413854		0.00000000		
358		0.00000000		-0.02078870		-0.00657145		-0.10604900		0.00000000		
359		0.00000000		-0.02406790		-0.00806517		-0.11186600		0.00000000		
360		0.00000000		-0.02479350		-0.00869323		-0.20492900		0.00000000		
361		-0.16212700		-0.00414892		-0.00164358		-0.00000130		-0.00268889		
362		-0.16800300		-0.00608455		-0.00272996		-0.00000947		-0.00173431		
363		-0.16875400		-0.00732224		-0.00357107		-0.00001063		0.00000000		
364		-0.09794030		-0.00468439		-0.00180648		-0.00000068		-0.00264266		
365		-0.10366800		-0.00663887		-0.00290129		-0.00001123		-0.00171790		
366		-0.10500800		-0.00787983		-0.00376929		-0.00001990		0.00000000		
367		-0.08959400		-0.00483193		-0.00184654		-0.00000191		-0.00264779		
368		-0.09539210		-0.00675528		-0.00294325		-0.00001232		-0.00170869		
369		-0.09592410		-0.00801267		-0.00379690		-0.00014310		0.00000000		
370		-0.05031050		-0.00623244		-0.00224685		-0.00000474		-0.00242055		
371		-0.05509120		-0.00817802		-0.00334222		-0.00001633		-0.00162359		
372		-0.05544210		-0.00925468		-0.00420677		-0.00003507		0.00000000		
373		-0.03495060		-0.00759814		-0.00262207		-0.00001144		-0.00230977		
374		-0.03902320		-0.00962489		-0.00372998		-0.00002552		-0.00154796		
375		-0.03998530		-0.01055390		-0.00456707		-0.00005001		0.00000000		
376		-0.02648890		-0.00894952		-0.00297563		-0.00002896		-0.00213747		
377		-0.03013510		-0.01096060		-0.00410048		-0.00004732		-0.00148572		
378		-0.03100210		-0.01206580		-0.00499130		-0.00006644		0.00000000		
379		-0.02094130		-0.01020380		-0.00329596		-0.00006108		-0.00197168		
380		-0.02418400		-0.01239970		-0.00444415		-0.00007734		-0.00132309		
381		-0.02492210		-0.01332760		-0.00530403		-0.00035081		0.00000000		
382		-0.01406430		-0.01243270		-0.00387340		-0.00021838		-0.00164347		
383		-0.01648190		-0.01467970		-0.00507737		-0.00023497		-0.00118596		
384		-0.01713000		-0.01575430		-0.00589194		-0.00059292		0.00000000		
385		-0.00847674		-0.01491690		-0.00458410		-0.00073000		-0.00124283		
386		-0.01006260		-0.01752390		-0.00586034		-0.00076218		-0.00088366		
387		-0.01044430		-0.01821100		-0.00663575		-0.00081454		0.00000000		
388		-0.00466438		-0.01716390		-0.00526416		-0.00214760		-0.00084530		
389		-0.00571004		-0.02002420		-0.00662372		-0.00216117		-0.00054504		
390		-0.00605320		-0.02071840		-0.00739573		-0.00217049		0.00000000		
391		-0.00272745		-0.01860650		-0.00574230		-0.00411529		-0.00051095		
392		-0.00331248		-0.02161190		-0.00712403		-0.00435632		-0.00036229		
393		-0.00356195		-0.02242290		-0.00785190		-0.00425295		0.00000000		
394		0.00000000		-0.02079420		-0.00656993		-0.11028700		0.00000000		
395		0.00000000		-0.02408600		-0.00805026		-0.11577000		0.00000000		
396		0.00000000		-0.02476310		-0.00868349		-0.20900800		0.00000000		
397		-0.16467700		-0.00384913		-0.00150834		-0.00001648		-0.00009355		
398		-0.17078700		-0.00548534		-0.00244281		0.00001824		-0.00011392		
399		-0.17153900		-0.00582191		-0.00295184		-0.00016485		0.00000000		
400		-0.10103100		-0.00438883		-0.00167103		-0.00002095		-0.00010044		
401		-0.10639500		-0.00607593		-0.00261966		0.00002121		-0.00011777		
402		-0.10688200		-0.00635803		-0.00314009		-0.00016808		0.00000000		
403		-0.09266260		-0.00453027		-0.00171230		-0.00002109		-0.00010218		
404		-0.09872170		-0.00625755		-0.00268405		0.00002170		-0.00008100		
405		-0.09863430		-0.00649429		-0.00318019		-0.00016877		0.00000000		
406		-0.05308080		-0.00591377		-0.00209333		-0.00002478		-0.00011252		
407		-0.05747880		-0.00770296		-0.00307069		0.00001634		-0.00012354		
408		-0.05833080		-0.00801337		-0.00361760		-0.00016968		0.00000000		
409		-0.03768950		-0.00731857		-0.00245512		0.00003950		-0.00010794		
410		-0.04140890		-0.00920094		-0.00346894		0.00001143		-0.00013159		
411		-0.04220120		-0.00948529		-0.00402074		-0.00019230		0.00000000		
412		-0.02901120		-0.00867025		-0.00282319		0.00001839		-0.00013605		
413		-0.03227220		-0.01059840		-0.00384601		-0.00002622		-0.00013180		
414		-0.03297480		-0.01094420		-0.00438299		-0.00022997		0.00000000		
415		-0.02337360		-0.00993248		-0.00314890		-0.00004660		-0.00013680		
416		-0.02614180		-0.01201020		-0.00422560		-0.00011283		-0.00012478		
417		-0.02649720		-0.01237610		-0.00475063		-0.00028423		0.00000000		
418		-0.01614130		-0.01212220		-0.00374835		-0.00030228		-0.00013352		
419		-0.01807030		-0.01437050		-0.00484929		-0.00037181		-0.00012759		
420		-0.01862920		-0.01481220		-0.00540764		-0.00055700		0.00000000		
421		-0.01002990		-0.01470780		-0.00447415		-0.00107434		-0.00012714		
422		-0.01133720		-0.01728590		-0.00568183		-0.00118152		-0.00010886		
423		-0.01173490		-0.01776870		-0.00631126		-0.00110538		0.00000000		
424		-0.00570686		-0.01705910		-0.00519621		-0.00295739		-0.00011174		
425		-0.00637175		-0.01989310		-0.00649791		-0.00300045		-0.00011019		
426		-0.00682870		-0.02035180		-0.00713937		-0.00274932		0.00000000		
427		-0.00333866		-0.01849150		-0.00569637		-0.00534242		-0.00009400		
428		-0.00380770		-0.02143050		-0.00704815		-0.00568877		-0.00008853		
429		-0.00395729		-0.02197110		-0.00771252		-0.00514277		0.00000000		
430		0.00000000		-0.02074710		-0.00656807		-0.14349100		0.00000000		
431		0.00000000		-0.02407900		-0.00801797		-0.15094800		0.00000000		
432		0.00000000		-0.02453010		-0.00871112		-0.24300600		0.00000000		
433		-0.16124500		-0.00976775		-0.00340851		-0.00000130		-0.00969221		
434		-0.16734900		-0.01144460		-0.00470108		-0.00000947		-0.00429273		
435		-0.16874600		-0.01407030		-0.00607737		-0.00001059		0.00000000		
436		-0.09764650		-0.01032930		-0.00356972		-0.00000070		-0.00878088		
437		-0.10353600		-0.01192530		-0.00484162		-0.00001123		-0.00405718		
438		-0.10242500		-0.01448230		-0.00616529		-0.00001990		0.00000000		
439		-0.08944180		-0.01046890		-0.00360455		-0.00000191		-0.00857998		
440		-0.09478970		-0.01204180		-0.00486530		-0.00001232		-0.00400974		
441		-0.09558280		-0.01451530		-0.00622301		-0.00014312		0.00000000		
442		-0.04988950		-0.01192990		-0.00398875		-0.00000474		-0.00705527		
443		-0.05494660		-0.01346730		-0.00522510		-0.00001633		-0.00345730		
444		-0.05603000		-0.01561840		-0.00647061		-0.00003507		0.00000000		
445		-0.03478410		-0.01340060		-0.00436753		-0.00001145		-0.00598143		
446		-0.03868840		-0.01493550		-0.00557915		-0.00002552		-0.00309583		
447		-0.03934300		-0.01689490		-0.00675164		-0.00005011		0.00000000		
448		-0.02632060		-0.01488540		-0.00473799		-0.00002896		-0.00508795		
449		-0.02996400		-0.01643760		-0.00596677		-0.00004732		-0.00274104		
450		-0.03039030		-0.01817110		-0.00709561		-0.00006623		0.00000000		
451		-0.02082350		-0.01619670		-0.00508912		-0.00006108		-0.00440981		
452		-0.02382690		-0.01770470		-0.00630841		-0.00007734		-0.00244309		
453		-0.02468520		-0.01943500		-0.00739117		-0.00035082		0.00000000		
454		-0.01382580		-0.01863600		-0.00571467		-0.00021836		-0.00340642		
455		-0.01640660		-0.02024140		-0.00694370		-0.00023504		-0.00194859		
456		-0.01708950		-0.02140660		-0.00793982		-0.00059276		0.00000000		
457		-0.00842459		-0.02135240		-0.00649071		-0.00072997		-0.00232556		
458		-0.01012590		-0.02311310		-0.00773726		-0.00076232		-0.00145496		
459		-0.01071120		-0.02413580		-0.00866749		-0.00081460		0.00000000		
460		-0.00452275		-0.02370400		-0.00725092		-0.00214815		-0.00157348		
461		-0.00571073		-0.02565630		-0.00854565		-0.00216074		-0.00093856		
462		-0.00612986		-0.02648080		-0.00938979		-0.00217010		0.00000000		
463		-0.00275335		-0.02538300		-0.00775741		-0.00411579		-0.00089773		
464		-0.00343558		-0.02731730		-0.00909443		-0.00435550		-0.00057437		
465		-0.00363978		-0.02785380		-0.00983523		-0.00425148		0.00000000		
466		0.00000000		-0.02782050		-0.00860649		-0.10590200		0.00000000		
467		0.00000000		-0.03013950		-0.01003320		-0.11202800		0.00000000		
468		0.00000000		-0.03042520		-0.01070500		-0.20500300		0.00000000		
469		-0.16934300		-0.00875595		-0.00308539		0.00000224		-0.00402522		
470		-0.17351600		-0.01014200		-0.00428542		-0.00001005		-0.00233115		
471		-0.17245500		-0.01193430		-0.00533244		-0.00002307		0.00000000		
472		-0.10455600		-0.00935661		-0.00325259		0.00000280		-0.00384560		
473		-0.10818500		-0.01094590		-0.00445759		-0.00001093		-0.00226887		
474		-0.10895200		-0.01250160		-0.00547486		-0.00002124		0.00000000		
475		-0.09606940		-0.00951223		-0.00329731		0.00000294		-0.00377755		
476		-0.09876080		-0.01112770		-0.00450017		-0.00001112		-0.00225144		
477		-0.10054200		-0.01262350		-0.00551482		-0.00002219		0.00000000		
478		-0.05511660		-0.01114040		-0.00370011		0.00000257		-0.00341774		
479		-0.05790560		-0.01272140		-0.00491883		-0.00001426		-0.00203489		
480		-0.05881190		-0.01405460		-0.00591211		-0.00003354		0.00000000		
481		-0.03908240		-0.01270090		-0.00409061		-0.00000231		-0.00305701		
482		-0.04144190		-0.01432010		-0.00528409		-0.00002220		-0.00195344		
483		-0.04231410		-0.01550150		-0.00623593		-0.00022653		0.00000000		
484		-0.02988350		-0.01420190		-0.00448147		-0.00002132		-0.00275136		
485		-0.03244800		-0.01575600		-0.00566745		-0.00003973		-0.00173885		
486		-0.03284070		-0.01703230		-0.00666788		-0.00025945		0.00000000		
487		-0.02372790		-0.01560360		-0.00485452		-0.00005015		-0.00251918		
488		-0.02601940		-0.01721190		-0.00604200		-0.00007352		-0.00160194		
489		-0.02680400		-0.01831250		-0.00698288		-0.00032746		0.00000000		
490		-0.01601010		-0.01811860		-0.00551356		-0.00022574		-0.00216748		
491		-0.01794200		-0.01979110		-0.00673501		-0.00024523		-0.00134258		
492		-0.01833710		-0.02065700		-0.00760585		-0.00048734		0.00000000		
493		-0.00977485		-0.02098410		-0.00634461		-0.00077418		-0.00154176		
494		-0.01111520		-0.02285110		-0.00758269		-0.00080850		-0.00098808		
495		-0.01154990		-0.02356070		-0.00850617		-0.00083934		0.00000000		
496		-0.00547813		-0.02363570		-0.00716577		-0.00225298		-0.00094074		
497		-0.00610878		-0.02565260		-0.00848052		-0.00228554		-0.00062111		
498		-0.00643828		-0.02615230		-0.00927859		-0.00220119		0.00000000		
499		-0.00311395		-0.02520120		-0.00772441		-0.00451523		-0.00066816		
500		-0.00373094		-0.02721440		-0.00900803		-0.00453923		-0.00039654		
501		-0.00395265		-0.02782740		-0.00973956		-0.00436341		0.00000000		
502		0.00000000		-0.02782140		-0.00860438		-0.10996100		0.00000000		
503		0.00000000		-0.02999690		-0.01001820		-0.11606400		0.00000000		
504		0.00000000		-0.03041440		-0.01065560		-0.20926100		0.00000000		
505		-0.17352600		-0.00822881		-0.00288065		0.00007505		-0.00018085		
506		-0.17702000		-0.00946969		-0.00393847		-0.00000369		-0.00011835		
507		-0.17711600		-0.00997539		-0.00450258		-0.00011545		0.00000000		
508		-0.10885900		-0.00885404		-0.00304023		0.00007649		-0.00017523		
509		-0.11142500		-0.01029740		-0.00409889		-0.00000366		-0.00017326		
510		-0.11202200		-0.01059660		-0.00469430		-0.00011665		0.00000000		
511		-0.10099700		-0.00903712		-0.00306995		0.00007693		-0.00018623		
512		-0.10300900		-0.01046700		-0.00413951		-0.00000407		-0.00017310		
513		-0.10301100		-0.01073890		-0.00474724		-0.00011671		0.00000000		
514		-0.05906730		-0.01071800		-0.00351407		0.00007080		-0.00019761		
515		-0.06115350		-0.01211410		-0.00456716		-0.00000593		-0.00017301		
516		-0.06161510		-0.01242030		-0.00519151		-0.00003516		0.00000000		
517		-0.04294210		-0.01226390		-0.00388241		0.00006999		-0.00019665		
518		-0.04453590		-0.01371800		-0.00497237		-0.00001101		-0.00017934		
519		-0.04508620		-0.01405370		-0.00559570		-0.00002994		0.00000000		
520		-0.03320760		-0.01382750		-0.00426612		0.00002331		-0.00020486		
521		-0.03491710		-0.01531700		-0.00539142		-0.00002557		-0.00010708		
522		-0.03547950		-0.01565320		-0.00599266		-0.00007356		0.00000000		
523		-0.02690790		-0.01523120		-0.00464189		-0.00002824		-0.00021213		
524		-0.02814840		-0.01681190		-0.00578794		-0.00004773		-0.00017902		
525		-0.02863590		-0.01712300		-0.00642307		-0.00024137		0.00000000		
526		-0.01862110		-0.01780750		-0.00532621		-0.00029813		-0.00020586		
527		-0.01990650		-0.01940590		-0.00649156		-0.00037182		-0.00010668		
528		-0.02029530		-0.01975050		-0.00714587		-0.00053341		0.00000000		
529		-0.01166930		-0.02073750		-0.00615523		-0.00116284		-0.00018800		
530		-0.01246800		-0.02245530		-0.00738801		-0.00124410		-0.00018149		
531		-0.01240540		-0.02303150		-0.00808360		-0.00135739		0.00000000		
532		-0.00667797		-0.02335630		-0.00701177		-0.00300861		-0.00015481		
533		-0.00722481		-0.02537270		-0.00830194		-0.00276439		-0.00005948		
534		-0.00728533		-0.02578430		-0.00894891		-0.00288818		0.00000000		
535		-0.00391188		-0.02505330		-0.00760118		-0.00506206		-0.00012691		
536		-0.00427669		-0.02702890		-0.00886782		-0.00522040		-0.00004431		
537		-0.00434600		-0.02759660		-0.00958004		-0.00561108		0.00000000		
538		0.00000000		-0.02783450		-0.00859944		-0.14486000		0.00000000		
539		0.00000000		-0.03002460		-0.00998430		-0.15070100		0.00000000		
540		0.00000000		-0.03045920		-0.01072120		-0.24358000		0.00000000		
541		-0.16421300		-0.04888300		-0.01621840		-0.00001655		-0.01261660		
542		-0.16934400		-0.04905680		-0.01683790		0.00001832		-0.00548290		
543		-0.17052300		-0.05198560		-0.01812520		-0.00016490		0.00000000		
544		-0.09948690		-0.04960280		-0.01641590		-0.00002095		-0.01151770		
545		-0.10394000		-0.04980710		-0.01693940		0.00002127		-0.00522494		
546		-0.10440200		-0.05276500		-0.01815240		-0.00016807		0.00000000		
547		-0.09119440		-0.04975800		-0.01646830		-0.00002114		-0.01120340		
548		-0.09703040		-0.04984400		-0.01704680		0.00002177		-0.00504222		
549		-0.09628970		-0.05290160		-0.01820260		-0.00016876		0.00000000		
550		-0.05270820		-0.05170190		-0.01693350		-0.00002477		-0.00912822		
551		-0.05708430		-0.05156690		-0.01749220		0.00001643		-0.00437350		
552		-0.05760440		-0.05409630		-0.01859480		-0.00016959		0.00000000		
553		-0.03738310		-0.05341280		-0.01742480		0.00003950		-0.00775022		
554		-0.04094350		-0.05329020		-0.01798870		0.00001155		-0.00388687		
555		-0.04148250		-0.05545590		-0.01886970		-0.00019229		0.00000000		
556		-0.02866770		-0.05501260		-0.01795720		0.00001837		-0.00668475		
557		-0.03203940		-0.05497180		-0.01845100		-0.00002611		-0.00341559		
558		-0.03219690		-0.05670630		-0.01923000		-0.00022993		0.00000000		
559		-0.02306280		-0.05656400		-0.01839910		-0.00004659		-0.00580581		
560		-0.02552640		-0.05639690		-0.01881990		-0.00011272		-0.00309573		
561		-0.02606490		-0.05812710		-0.01965040		-0.00028428		0.00000000		
562		-0.01590790		-0.05932000		-0.01927960		-0.00030229		-0.00424220		
563		-0.01769090		-0.05911330		-0.01964980		-0.00037144		-0.00253341		
564		-0.01866180		-0.06032640		-0.02035710		-0.00055687		0.00000000		
565		-0.00966223		-0.06239410		-0.02025370		-0.00107447		-0.00309778		
566		-0.01137280		-0.06219390		-0.02066640		-0.00118059		-0.00178707		
567		-0.01154530		-0.06289960		-0.02125930		-0.00110603		0.00000000		
568		-0.00570370		-0.06528770		-0.02123170		-0.00295607		-0.00185217		
569		-0.00636995		-0.06525740		-0.02172080		-0.00300016		-0.00121335		
570		-0.00675752		-0.06578890		-0.02214790		-0.00275044		0.00000000		
571		-0.00350754		-0.06715210		-0.02202100		-0.00534373		-0.00112601		
572		-0.00383517		-0.06720120		-0.02246180		-0.00568912		-0.00077217		
573		-0.00428430		-0.06720930		-0.02272910		-0.00513966		0.00000000		
574		0.00000000		-0.07029580		-0.02314160		-0.10833700		0.00000000		
575		0.00000000		-0.07031370		-0.02361890		-0.11422000		0.00000000		
576		0.00000000		-0.07005440		-0.02377770		-0.21161600		0.00000000		
577		-0.17300500		-0.04730340		-0.01558550		0.00007522		-0.00625285		
578		-0.17360700		-0.04746430		-0.01618090		-0.00000372		-0.00328589		
579		-0.17610200		-0.04921610		-0.01707140		-0.00011543		0.00000000		
580		-0.10832800		-0.04830650		-0.01580200		0.00007659		-0.00586059		
581		-0.11049600		-0.04824480		-0.01638420		-0.00000366		-0.00316278		
582		-0.11123700		-0.04994250		-0.01723580		-0.00011666		0.00000000		
583		-0.09977910		-0.04853970		-0.01585960		0.00007697		-0.00577786		
584		-0.10160200		-0.04847020		-0.01643500		-0.00000407		-0.00304067		
585		-0.10303900		-0.05015190		-0.01730080		-0.00011670		0.00000000		
586		-0.05907180		-0.05037000		-0.01642300		0.00007056		-0.00501343		
587		-0.06088490		-0.05044860		-0.01698970		-0.00000593		-0.00274400		
588		-0.06169920		-0.05195050		-0.01773920		-0.00003516		0.00000000		
589		-0.04218870		-0.05232690		-0.01699570		0.00007010		-0.00449240		
590		-0.04432850		-0.05236340		-0.01753140		-0.00001100		-0.00247626		
591		-0.04428380		-0.05330920		-0.01814640		-0.00002994		0.00000000		
592		-0.03280090		-0.05418780		-0.01744360		0.00003039		-0.00393418		
593		-0.03494950		-0.05416420		-0.01804930		-0.00002560		-0.00219010		
594		-0.03508930		-0.05530440		-0.01862340		-0.00007362		0.00000000		
595		-0.02679340		-0.05577910		-0.01801360		-0.00002799		-0.00350284		
596		-0.02820450		-0.05584150		-0.01847380		-0.00004772		-0.00198695		
597		-0.02809130		-0.05693320		-0.01913020		-0.00024137		0.00000000		
598		-0.01862210		-0.05872340		-0.01887080		-0.00029819		-0.00278405		
599		-0.01955110		-0.05859560		-0.01935270		-0.00037188		-0.00172294		
600		-0.02013110		-0.05954420		-0.02002650		-0.00053366		0.00000000		
601		-0.01161170		-0.06199250		-0.02002140		-0.00116204		-0.00193321		
602		-0.01239100		-0.06201150		-0.02049690		-0.00124436		-0.00132658		
603		-0.01230790		-0.06213810		-0.02095370		-0.00135767		0.00000000		
604		-0.00669949		-0.06516050		-0.02121920		-0.00300894		-0.00124651		
605		-0.00706241		-0.06498180		-0.02165290		-0.00276463		-0.00091243		
606		-0.00729886		-0.06539680		-0.02208440		-0.00288532		0.00000000		
607		-0.00392146		-0.06708250		-0.02201940		-0.00506352		-0.00086674		
608		-0.00434475		-0.06689430		-0.02237990		-0.00521848		-0.00055229		
609		-0.00462310		-0.06687680		-0.02266720		-0.00560801		0.00000000		
610		0.00000000		-0.07031090		-0.02313430		-0.11141900		0.00000000		
611		0.00000000		-0.07009780		-0.02359640		-0.11746900		0.00000000		
612		0.00000000		-0.07011940		-0.02378850		-0.21621300		0.00000000		
613		-0.18086600		-0.04654420		-0.01510890		0.00000027		-0.00025394		
614		-0.18113100		-0.04654180		-0.01564350		-0.00000226		-0.00019345		
615		-0.18131600		-0.04662790		-0.01584890		-0.00005157		0.00000000		
616		-0.11490300		-0.04742050		-0.01532230		0.00000171		-0.00036137		
617		-0.11524700		-0.04744350		-0.01590030		-0.00000197		-0.00025030		
618		-0.11521800		-0.04747640		-0.01608960		-0.00001268		0.00000000		
619		-0.10628000		-0.04762990		-0.01538030		0.00000195		-0.00036111		
620		-0.10679700		-0.04765970		-0.01596230		-0.00000189		-0.00024761		
621		-0.10664100		-0.04769990		-0.01615100		-0.00001155		0.00000000		
622		-0.06501400		-0.04976900		-0.01600060		0.00000314		-0.00021038		
623		-0.06486840		-0.04980130		-0.01650370		-0.00000271		-0.00020412		
624		-0.06498360		-0.04986940		-0.01675560		-0.00001017		0.00000000		
625		-0.04781220		-0.05171880		-0.01659320		-0.00000739		-0.00020197		
626		-0.04764170		-0.05178780		-0.01711390		-0.00000913		-0.00019180		
627		-0.04720620		-0.05168000		-0.01729270		-0.00001580		0.00000000		
628		-0.03799330		-0.05357220		-0.01715220		-0.00003109		-0.00018808		
629		-0.03744440		-0.05368380		-0.01767180		-0.00004247		-0.00018476		
630		-0.03702510		-0.05339480		-0.01788820		-0.00006921		0.00000000		
631		-0.03109610		-0.05528120		-0.01768680		-0.00021075		-0.00017020		
632		-0.03043850		-0.05519320		-0.01817790		-0.00021028		-0.00017818		
633		-0.03099520		-0.05547880		-0.01848490		-0.00006289		0.00000000		
634		-0.02196480		-0.05827320		-0.01868870		-0.00058914		-0.00012946		
635		-0.02145480		-0.05830250		-0.01914830		-0.00059653		-0.00016376		
636		-0.02176500		-0.05803770		-0.01939020		-0.00055614		0.00000000		
637		-0.01412650		-0.06174470		-0.01981330		-0.00166249		-0.00018479		
638		-0.01395100		-0.06136890		-0.02034620		-0.00166025		-0.00010360		
639		-0.01416100		-0.06185480		-0.02063970		-0.00157927		0.00000000		
640		-0.00826057		-0.06491190		-0.02097780		-0.00343782		-0.00011309		
641		-0.00762235		-0.06507260		-0.02146420		-0.00395450		-0.00008587		
642		-0.00812748		-0.06464950		-0.02173050		-0.00404955		0.00000000		
643		-0.00498295		-0.06689720		-0.02174340		-0.00608619		-0.00005782		
644		-0.00446064		-0.06704670		-0.02223910		-0.00609548		-0.00005056		
645		-0.00484189		-0.06711310		-0.02252840		-0.00605459		0.00000000		
646		0.00000000		-0.07029320		-0.02309920		-0.14509800		0.00000000		
647		0.00000000		-0.07009110		-0.02360550		-0.15120500		0.00000000		
648		0.00000000		-0.06988630		-0.02380120		-0.24490900		0.00000000		
649		-0.15220100		-0.01380790		-0.00139734		0.00000014		-0.00459205		
650		-0.15684100		-0.01567340		-0.00231131		-0.00000096		-0.00217407		
651		-0.15765400		-0.01744430		-0.00271737		-0.00004413		0.00000000		
652		-0.08783640		-0.01618860		-0.00153557		-0.00000005		-0.00426496		
653		-0.09233740		-0.01786630		-0.00243614		-0.00000026		-0.00209391		
654		-0.09223090		-0.01988640		-0.00283397		-0.00006905		0.00000000		
655		-0.07966680		-0.01677710		-0.00156907		-0.00000002		-0.00419890		
656		-0.08407000		-0.01840740		-0.00246991		0.00000000		-0.00209345		
657		-0.08389090		-0.02036030		-0.00286657		-0.00007223		0.00000000		
658		-0.04008040		-0.02237880		-0.00188927		0.00002234		-0.00363227		
659		-0.04373500		-0.02399120		-0.00278434		-0.00000242		-0.00189369		
660		-0.04436350		-0.02553610		-0.00318380		-0.00011822		0.00000000		
661		-0.02519760		-0.02696690		-0.00217912		0.00001275		-0.00318493		
662		-0.02833680		-0.02849900		-0.00306689		0.00000021		-0.00181258		
663		-0.02833240		-0.02989620		-0.00342657		-0.00001727		0.00000000		
664		-0.01720260		-0.03056690		-0.00243224		-0.00002602		-0.00279181		
665		-0.01982580		-0.03196640		-0.00330598		-0.00002999		-0.00171579		
666		-0.02016800		-0.03338050		-0.00365432		-0.00005769		0.00000000		
667		-0.01240380		-0.03306210		-0.00264249		-0.00009395		-0.00241789		
668		-0.01472860		-0.03469100		-0.00353268		-0.00011524		-0.00156440		
669		-0.01486500		-0.03586860		-0.00385149		-0.00012639		0.00000000		
670		-0.00709092		-0.03676860		-0.00296417		-0.00041489		-0.00183259		
671		-0.00890299		-0.03830720		-0.00383066		-0.00041138		-0.00125877		
672		-0.00911425		-0.03948920		-0.00416604		-0.00042693		0.00000000		
673		-0.00357205		-0.03965800		-0.00326415		-0.00123929		-0.00118556		
674		-0.00472910		-0.04156790		-0.00416261		-0.00118737		-0.00086546		
675		-0.00493711		-0.04232470		-0.00445553		-0.00121306		0.00000000		
676		-0.00177394		-0.04162160		-0.00348322		-0.00301675		-0.00064930		
677		-0.00236978		-0.04363720		-0.00439465		-0.00290510		-0.00051678		
678		-0.00252768		-0.04424330		-0.00467460		-0.00295826		0.00000000		
679		-0.00092739		-0.04222560		-0.00359609		-0.00545654		-0.00041891		
680		-0.00131385		-0.04471490		-0.00451980		-0.00528511		-0.00030703		
681		-0.00144211		-0.04506130		-0.00475343		-0.00532888		0.00000000		
682		0.00000000		-0.04328210		-0.00375655		-0.10660200		0.00000000		
683		0.00000000		-0.04558840		-0.00467445		-0.11269900		0.00000000		
684		0.00000000		-0.04630010		-0.00492617		-0.20592500		0.00000000		
685		-0.15605600		-0.01293420		-0.00130667		0.00000929		-0.00197496		
686		-0.15944600		-0.01412480		-0.00211564		0.00000056		-0.00136694		
687		-0.16010600		-0.01529970		-0.00244077		-0.00005790		0.00000000		
688		-0.09149550		-0.01535330		-0.00144349		0.00001280		-0.00199790		
689		-0.09514340		-0.01651380		-0.00225377		0.00000182		-0.00137285		
690		-0.09528290		-0.01788060		-0.00257588		-0.00007404		0.00000000		
691		-0.08311750		-0.01598080		-0.00147685		0.00001289		-0.00199742		
692		-0.08681300		-0.01728660		-0.00229136		0.00000152		-0.00137142		
693		-0.08709050		-0.01844940		-0.00260892		-0.00008198		0.00000000		
694		-0.04301070		-0.02159210		-0.00179814		0.00002026		-0.00194168		
695		-0.04603130		-0.02273790		-0.00261605		0.00000742		-0.00134198		
696		-0.04674970		-0.02392380		-0.00294238		-0.00000468		0.00000000		
697		-0.02750000		-0.02630220		-0.00209137		-0.00001024		-0.00188350		
698		-0.03019100		-0.02743830		-0.00291159		-0.00001377		-0.00129358		
699		-0.03059670		-0.02846210		-0.00324394		-0.00001819		0.00000000		
700		-0.01923010		-0.02987760		-0.00234472		-0.00005474		-0.00178623		
701		-0.02163730		-0.03110210		-0.00316629		-0.00004400		-0.00119837		
702		-0.02214160		-0.03187960		-0.00351005		-0.00006194		0.00000000		
703		-0.01407130		-0.03255810		-0.00255814		-0.00012972		-0.00162673		
704		-0.01602530		-0.03414400		-0.00339955		-0.00013101		-0.00111931		
705		-0.01648600		-0.03481800		-0.00372562		-0.00014275		0.00000000		
706		-0.00824291		-0.03608850		-0.00288186		-0.00043731		-0.00134195		
707		-0.00980669		-0.03797060		-0.00374083		-0.00042334		-0.00096369		
708		-0.01010480		-0.03875660		-0.00403979		-0.00042165		0.00000000		
709		-0.00433475		-0.03915540		-0.00320345		-0.00128803		-0.00092239		
710		-0.00529899		-0.04123420		-0.00408961		-0.00125150		-0.00066547		
711		-0.00548503		-0.04195870		-0.00435164		-0.00128737		0.00000000		
712		-0.00211690		-0.04138150		-0.00344385		-0.00310982		-0.00058994		
713		-0.00254635		-0.04367580		-0.00436389		-0.00304731		-0.00040334		
714		-0.00287046		-0.04390510		-0.00459788		-0.00309922		0.00000000		
715		-0.00115248		-0.04206290		-0.00356526		-0.00556662		-0.00034693		
716		-0.00133825		-0.04469170		-0.00452190		-0.00545406		-0.00025621		
717		-0.00146505		-0.04506860		-0.00472158		-0.00550954		0.00000000		
718		0.00000000		-0.04331520		-0.00375036		-0.11058500		0.00000000		
719		0.00000000		-0.04557980		-0.00466945		-0.11654400		0.00000000		
720		0.00000000		-0.04630480		-0.00491274		-0.20992500		0.00000000		
721		-0.15848800		-0.01249100		-0.00122122		0.00000530		-0.00013087		
722		-0.16207200		-0.01324910		-0.00192092		0.00000476		-0.00013905		
723		-0.16293200		-0.01338160		-0.00209886		0.00000507		0.00000000		
724		-0.09400240		-0.01485410		-0.00135503		0.00000332		-0.00013897		
725		-0.09754570		-0.01570880		-0.00206276		0.00000502		-0.00014404		
726		-0.09827700		-0.01578690		-0.00222965		0.00000811		0.00000000		
727		-0.08551450		-0.01546830		-0.00138756		0.00000327		-0.00014146		
728		-0.08910010		-0.01633310		-0.00209808		0.00000503		-0.00014543		
729		-0.08975770		-0.01638680		-0.00226730		0.00000817		0.00000000		
730		-0.04552780		-0.02095060		-0.00169520		-0.00000594		-0.00015782		
731		-0.04835890		-0.02206670		-0.00242150		0.00000334		-0.00016552		
732		-0.04901980		-0.02219070		-0.00259758		0.00000358		0.00000000		
733		-0.03010830		-0.02570140		-0.00198886		-0.00003511		-0.00017259		
734		-0.03235910		-0.02673050		-0.00272139		-0.00001475		-0.00017176		
735		-0.03251940		-0.02704610		-0.00294266		-0.00004780		0.00000000		
736		-0.02155370		-0.02909630		-0.00222189		-0.00011961		-0.00017266		
737		-0.02359770		-0.03051280		-0.00297842		-0.00015785		-0.00017040		
738		-0.02388600		-0.03059260		-0.00322387		-0.00011190		0.00000000		
739		-0.01632840		-0.03209340		-0.00244855		-0.00026240		-0.00017340		
740		-0.01794610		-0.03337890		-0.00322259		-0.00029286		-0.00016681		
741		-0.01813620		-0.03344780		-0.00346187		-0.00025583		0.00000000		
742		-0.01005430		-0.03559260		-0.00278588		-0.00072623		-0.00017916		
743		-0.01144140		-0.03729630		-0.00358638		-0.00070395		-0.00015193		
744		-0.01149610		-0.03733630		-0.00380444		-0.00085757		0.00000000		
745		-0.00559708		-0.03869750		-0.00313476		-0.00187046		-0.00016297		
746		-0.00642711		-0.04088800		-0.00396609		-0.00182619		-0.00012686		
747		-0.00662711		-0.04065200		-0.00418906		-0.00184185		0.00000000		
748		-0.00284839		-0.04086220		-0.00339226		-0.00410707		-0.00013045		
749		-0.00343171		-0.04315070		-0.00426277		-0.00393016		-0.00009897		
750		-0.00346984		-0.04348100		-0.00445012		-0.00406721		0.00000000		
751		-0.00161869		-0.04183170		-0.00354027		-0.00679168		-0.00009913		
752		-0.00197357		-0.04450620		-0.00444504		-0.00680769		-0.00003526		
753		-0.00186605		-0.04445990		-0.00469637		-0.00670347		0.00000000		
754		0.00000000		-0.04333960		-0.00375290		-0.14468200		0.00000000		
755		0.00000000		-0.04561460		-0.00466841		-0.15072800		0.00000000		
756		0.00000000		-0.04614200		-0.00491965		-0.24416300		0.00000000		
757		-0.15536500		-0.03025150		-0.00264815		0.00000929		-0.00652326		
758		-0.15885200		-0.03095110		-0.00364808		0.00000056		-0.00292323		
759		-0.15969200		-0.03359590		-0.00420013		-0.00005794		0.00000000		
760		-0.09110900		-0.03272370		-0.00278216		0.00001287		-0.00591943		
761		-0.09497600		-0.03358300		-0.00376820		0.00000182		-0.00280029		
762		-0.09461360		-0.03573290		-0.00430302		-0.00007408		0.00000000		
763		-0.08287210		-0.03348930		-0.00281328		0.00001290		-0.00580679		
764		-0.08604920		-0.03430800		-0.00379267		0.00000152		-0.00279287		
765		-0.08647710		-0.03647720		-0.00432714		-0.00008198		0.00000000		
766		-0.04273280		-0.03964160		-0.00314161		0.00002026		-0.00480475		
767		-0.04546420		-0.04027300		-0.00409483		0.00000741		-0.00256234		
768		-0.04579620		-0.04170010		-0.00458729		-0.00000469		0.00000000		
769		-0.02723040		-0.04432400		-0.00344011		-0.00001044		-0.00411255		
770		-0.02999980		-0.04489710		-0.00438311		-0.00001377		-0.00230506		
771		-0.02988960		-0.04627950		-0.00483903		-0.00001819		0.00000000		
772		-0.01897680		-0.04792270		-0.00371827		-0.00005473		-0.00362093		
773		-0.02139040		-0.04860330		-0.00465113		-0.00004400		-0.00202218		
774		-0.02164470		-0.05008860		-0.00508648		-0.00006208		0.00000000		
775		-0.01384050		-0.05090230		-0.00394498		-0.00012971		-0.00310365		
776		-0.01611190		-0.05119740		-0.00484564		-0.00013147		-0.00183519		
777		-0.01641020		-0.05285170		-0.00528464		-0.00014275		0.00000000		
778		-0.00827632		-0.05473370		-0.00430037		-0.00043732		-0.00226988		
779		-0.00991603		-0.05523970		-0.00520428		-0.00042347		-0.00144156		
780		-0.01022160		-0.05644180		-0.00559998		-0.00042160		0.00000000		
781		-0.00437943		-0.05805630		-0.00464494		-0.00128789		-0.00143871		
782		-0.00530375		-0.05872460		-0.00556267		-0.00125188		-0.00102557		
783		-0.00559330		-0.05958260		-0.00594234		-0.00128743		0.00000000		
784		-0.00213686		-0.06032840		-0.00491946		-0.00311056		-0.00079667		
785		-0.00277968		-0.06094550		-0.00581769		-0.00304700		-0.00064701		
786		-0.00295498		-0.06156310		-0.00617235		-0.00309859		0.00000000		
787		-0.00113466		-0.06163790		-0.00506945		-0.00556736		-0.00050311		
788		-0.00164641		-0.06218180		-0.00597756		-0.00545339		-0.00035320		
789		-0.00170475		-0.06269520		-0.00625869		-0.00550872		0.00000000		
790		0.00000000		-0.06271540		-0.00517472		-0.10671800		0.00000000		
791		0.00000000		-0.06384050		-0.00617705		-0.11308800		0.00000000		
792		0.00000000		-0.06393930		-0.00643935		-0.20625500		0.00000000		
793		-0.16113400		-0.02882350		-0.00250198		0.00000712		-0.00317055		
794		-0.16271200		-0.02917510		-0.00340434		-0.00000036		-0.00194067		
795		-0.16293800		-0.03074910		-0.00383758		-0.00000040		0.00000000		
796		-0.09604810		-0.03170350		-0.00263486		0.00000728		-0.00310272		
797		-0.09772270		-0.03208530		-0.00353245		0.00000045		-0.00188875		
798		-0.09880330		-0.03378530		-0.00398770		-0.00000023		0.00000000		
799		-0.08763310		-0.03234910		-0.00266796		0.00000739		-0.00307768		
800		-0.08934000		-0.03277390		-0.00356362		0.00000071		-0.00184012		
801		-0.08968870		-0.03425780		-0.00399901		-0.00000019		0.00000000		
802		-0.04632220		-0.03841090		-0.00300422		0.00000688		-0.00283199		
803		-0.04839450		-0.03869290		-0.00388614		0.00000987		-0.00179854		
804		-0.04879020		-0.04019070		-0.00430251		0.00001752		0.00000000		
805		-0.03039210		-0.04336570		-0.00330906		-0.00000968		-0.00254594		
806		-0.03206010		-0.04378090		-0.00417971		-0.00000321		-0.00167000		
807		-0.03240130		-0.04490910		-0.00457923		-0.00001666		0.00000000		
808		-0.02142550		-0.04728060		-0.00358403		-0.00004111		-0.00234682		
809		-0.02341430		-0.04749840		-0.00445231		-0.00004997		-0.00154014		
810		-0.02377650		-0.04872370		-0.00486859		-0.00006514		0.00000000		
811		-0.01603050		-0.05005290		-0.00381896		-0.00014053		-0.00213417		
812		-0.01762080		-0.05055320		-0.00469971		-0.00011061		-0.00143719		
813		-0.01805780		-0.05157670		-0.00510363		-0.00015513		0.00000000		
814		-0.00958841		-0.05415120		-0.00420213		-0.00045077		-0.00173823		
815		-0.01095720		-0.05476070		-0.00510631		-0.00044904		-0.00114947		
816		-0.01123930		-0.05572890		-0.00546757		-0.00046834		0.00000000		
817		-0.00515815		-0.05771020		-0.00457460		-0.00135410		-0.00119809		
818		-0.00604664		-0.05847610		-0.00551299		-0.00132271		-0.00069005		
819		-0.00637739		-0.05896370		-0.00584218		-0.00135184		0.00000000		
820		-0.00267027		-0.06023580		-0.00487464		-0.00315957		-0.00068839		
821		-0.00316048		-0.06088910		-0.00577771		-0.00311451		-0.00043736		
822		-0.00329690		-0.06135000		-0.00608662		-0.00315689		0.00000000		
823		-0.00142436		-0.06123280		-0.00504342		-0.00564827		-0.00041910		
824		-0.00180828		-0.06209310		-0.00591602		-0.00560370		-0.00028312		
825		-0.00184689		-0.06255060		-0.00621517		-0.00565037		0.00000000		
826		0.00000000		-0.06270010		-0.00518319		-0.11071500		0.00000000		
827		0.00000000		-0.06383210		-0.00617737		-0.11715900		0.00000000		
828		0.00000000		-0.06397480		-0.00643686		-0.21028800		0.00000000		
829		-0.16523700		-0.02793020		-0.00236979		0.00002357		-0.00019521		
830		-0.16687400		-0.02834850		-0.00316443		-0.00000090		-0.00015233		
831		-0.16738200		-0.02844010		-0.00338625		-0.00000178		0.00000000		
832		-0.09975990		-0.03067770		-0.00249229		0.00002555		-0.00026177		
833		-0.10176800		-0.03107190		-0.00330053		0.00000166		-0.00014807		
834		-0.10177600		-0.03105980		-0.00353461		0.00000791		0.00000000		
835		-0.09123550		-0.03133520		-0.00252548		0.00002592		-0.00026311		
836		-0.09318270		-0.03176660		-0.00333077		0.00000249		-0.00014622		
837		-0.09334880		-0.03172790		-0.00356900		0.00000791		0.00000000		
838		-0.04971680		-0.03760420		-0.00285498		0.00002131		-0.00027088		
839		-0.05195090		-0.03774820		-0.00366190		-0.00000347		-0.00013809		
840		-0.05196760		-0.03805150		-0.00388421		0.00000513		0.00000000		
841		-0.03367590		-0.04246780		-0.00317575		0.00000710		-0.00028686		
842		-0.03496360		-0.04273780		-0.00395484		-0.00000517		-0.00023717		
843		-0.03501900		-0.04318420		-0.00429259		-0.00001178		0.00000000		
844		-0.02455470		-0.04642500		-0.00344731		-0.00014615		-0.00028912		
845		-0.02578890		-0.04649790		-0.00425144		-0.00012487		-0.00023803		
846		-0.02593960		-0.04702030		-0.00458622		-0.00010503		0.00000000		
847		-0.01883890		-0.04931220		-0.00369512		-0.00025817		-0.00028970		
848		-0.01993580		-0.05003160		-0.00448926		-0.00026490		-0.00023327		
849		-0.02031760		-0.04983030		-0.00478308		-0.00027757		0.00000000		
850		-0.01198920		-0.05349920		-0.00406582		-0.00074371		-0.00027207		
851		-0.01307390		-0.05387020		-0.00490204		-0.00072473		-0.00014868		
852		-0.01290930		-0.05407950		-0.00515560		-0.00074293		0.00000000		
853		-0.00684058		-0.05714180		-0.00446862		-0.00190605		-0.00023580		
854		-0.00764267		-0.05762580		-0.00533019		-0.00184126		-0.00011763		
855		-0.00771537		-0.05797440		-0.00560726		-0.00187585		0.00000000		
856		-0.00361440		-0.05959770		-0.00478767		-0.00410845		-0.00018355		
857		-0.00397457		-0.06044210		-0.00567371		-0.00403600		-0.00008135		
858		-0.00400288		-0.06084510		-0.00593853		-0.00409685		0.00000000		
859		-0.00194541		-0.06081720		-0.00498824		-0.00687613		-0.00014485		
860		-0.00236704		-0.06166860		-0.00588041		-0.00680935		-0.00005245		
861		-0.00226625		-0.06212100		-0.00614039		-0.00689555		0.00000000		
862		0.00000000		-0.06269200		-0.00518611		-0.14493600		0.00000000		
863		0.00000000		-0.06368990		-0.00618780		-0.15074400		0.00000000		
864		0.00000000		-0.06380110		-0.00647515		-0.24482200		0.00000000		
865		-0.15499700		-0.16734400		-0.01303690		0.00000530		-0.00910024		
866		-0.15743700		-0.16796300		-0.01356600		0.00000473		-0.00434078		
867		-0.15615900		-0.17089100		-0.01410960		0.00000506		0.00000000		
868		-0.09161600		-0.17006400		-0.01319020		0.00000331		-0.00832349		
869		-0.09516270		-0.16996200		-0.01371430		0.00000502		-0.00411795		
870		-0.09413620		-0.17332700		-0.01421160		0.00000819		0.00000000		
871		-0.08332380		-0.17069200		-0.01323150		0.00000327		-0.00821891		
872		-0.08716410		-0.17075100		-0.01374260		0.00000499		-0.00403682		
873		-0.08698450		-0.17449900		-0.01435030		0.00000816		0.00000000		
874		-0.04389770		-0.17673600		-0.01361610		-0.00000592		-0.00642660		
875		-0.04723810		-0.17659000		-0.01412140		0.00000334		-0.00358240		
876		-0.04733360		-0.17954000		-0.01466740		0.00000357		0.00000000		
877		-0.02890360		-0.18192500		-0.01399440		-0.00003511		-0.00563541		
878		-0.03174210		-0.18105700		-0.01447280		-0.00001475		-0.00322189		
879		-0.03195590		-0.18396300		-0.01492900		-0.00004775		0.00000000		
880		-0.02083800		-0.18536100		-0.01434610		-0.00011962		-0.00496459		
881		-0.02334210		-0.18498100		-0.01480310		-0.00015786		-0.00295311		
882		-0.02351210		-0.18728800		-0.01523830		-0.00011192		0.00000000		
883		-0.01593600		-0.18767800		-0.01462530		-0.00026277		-0.00435725		
884		-0.01789440		-0.18773600		-0.01508610		-0.00029294		-0.00260692		
885		-0.01793500		-0.18998300		-0.01554630		-0.00025645		0.00000000		
886		-0.00997301		-0.19191800		-0.01511640		-0.00072628		-0.00329540		
887		-0.01138160		-0.19139000		-0.01555340		-0.00069930		-0.00208326		
888		-0.01150160		-0.19325600		-0.01594730		-0.00085711		0.00000000		
889		-0.00533902		-0.19532700		-0.01555450		-0.00186855		-0.00223137		
890		-0.00655942		-0.19540400		-0.01599710		-0.00181016		-0.00137581		
891		-0.00662506		-0.19646800		-0.01628410		-0.00184314		0.00000000		
892		-0.00287154		-0.19863000		-0.01596600		-0.00410087		-0.00101288		
893		-0.00352934		-0.19774900		-0.01640430		-0.00392836		-0.00091266		
894		-0.00363557		-0.19884800		-0.01664330		-0.00406450		0.00000000		
895		-0.00171030		-0.20024500		-0.01620910		-0.00679248		-0.00072096		
896		-0.00215992		-0.20005100		-0.01663620		-0.00680615		-0.00050002		
897		-0.00225670		-0.19988800		-0.01686250		-0.00670245		0.00000000		
898		0.00000000		-0.20186300		-0.01653710		-0.10906200		0.00000000		
899		0.00000000		-0.20184300		-0.01689280		-0.11485700		0.00000000		
900		0.00000000		-0.20118300		-0.01701750		-0.20820300		0.00000000		
901		-0.16160600		-0.16514600		-0.01258580		0.00002357		-0.00512866		
902		-0.16388800		-0.16531200		-0.01313710		-0.00000090		-0.00310326		
903		-0.16454500		-0.16905600		-0.01359330		-0.00000176		0.00000000		
904		-0.09800490		-0.16826900		-0.01276630		0.00002555		-0.00481460		
905		-0.10082300		-0.16836800		-0.01330250		0.00000165		-0.00301852		
906		-0.09986880		-0.17118100		-0.01375330		0.00000791		0.00000000		
907		-0.08981610		-0.16894800		-0.01281560		0.00002591		-0.00475692		
908		-0.09159310		-0.16918800		-0.01334920		0.00000249		-0.00279483		
909		-0.08956690		-0.17232700		-0.01375560		0.00000791		0.00000000		
910		-0.04915610		-0.17471300		-0.01324960		0.00002131		-0.00453812		
911		-0.05055680		-0.17529500		-0.01375810		-0.00000347		-0.00254964		
912		-0.05096180		-0.17723500		-0.01421580		0.00000514		0.00000000		
913		-0.03291370		-0.18017600		-0.01367790		-0.00004352		-0.00391304		
914		-0.03451770		-0.17970100		-0.01420320		-0.00000517		-0.00261430		
915		-0.03468820		-0.18185400		-0.01459490		-0.00001178		0.00000000		
916		-0.02430380		-0.18381400		-0.01404910		-0.00014612		-0.00351314		
917		-0.02528400		-0.18405800		-0.01456180		-0.00012488		-0.00214066		
918		-0.02590770		-0.18554300		-0.01492830		-0.00010505		0.00000000		
919		-0.01853860		-0.18636600		-0.01437270		-0.00025818		-0.00304118		
920		-0.01945050		-0.18647100		-0.01486200		-0.00026492		-0.00198226		
921		-0.02002490		-0.18827800		-0.01523420		-0.00027970		0.00000000		
922		-0.01192280		-0.19089800		-0.01489400		-0.00074399		-0.00222058		
923		-0.01267940		-0.19079100		-0.01533580		-0.00072512		-0.00171326		
924		-0.01288960		-0.19202700		-0.01568110		-0.00073946		0.00000000		
925		-0.00694282		-0.19502600		-0.01544410		-0.00190309		-0.00154940		
926		-0.00726417		-0.19433500		-0.01593830		-0.00184228		-0.00147398		
927		-0.00748280		-0.19601300		-0.01612890		-0.00187594		0.00000000		
928		-0.00361800		-0.19837000		-0.01593870		-0.00410851		-0.00111974		
929		-0.00380551		-0.19836100		-0.01636740		-0.00401887		-0.00079777		
930		-0.00400489		-0.19860800		-0.01660230		-0.00409599		0.00000000		
931		-0.00208377		-0.19996500		-0.01621490		-0.00687769		-0.00058132		
932		-0.00216913		-0.19931400		-0.01663170		-0.00680896		-0.00050733		
933		-0.00249393		-0.20016300		-0.01682560		-0.00689323		0.00000000		
934		0.00000000		-0.20218100		-0.01656980		-0.11308300		0.00000000		
935		0.00000000		-0.20079200		-0.01686240		-0.11928100		0.00000000		
936		0.00000000		-0.20189500		-0.01708940		-0.21242200		0.00000000		
937		-0.17030800		-0.16384900		-0.01223230		0.00000045		-0.00043608		
938		-0.16977600		-0.16378700		-0.01272360		0.00000269		-0.00028673		
939		-0.17031800		-0.16359000		-0.01287050		-0.00000157		0.00000000		
940		-0.10590900		-0.16657700		-0.01242190		0.00000133		-0.00038025		
941		-0.10484100		-0.16674800		-0.01289480		0.00001538		-0.00023283		
942		-0.10523400		-0.16608900		-0.01306860		-0.00000146		0.00000000		
943		-0.09764480		-0.16721700		-0.01251070		0.00000158		-0.00037657		
944		-0.09665810		-0.16744300		-0.01294060		0.00001534		-0.00023134		
945		-0.09666340		-0.16658400		-0.01311640		-0.00000193		0.00000000		
946		-0.05566080		-0.17356300		-0.01298660		0.00000766		-0.00035825		
947		-0.05557620		-0.17333900		-0.01338470		0.00000803		-0.00023918		
948		-0.05553510		-0.17348500		-0.01359660		-0.00000064		0.00000000		
949		-0.03917180		-0.17852100		-0.01343120		-0.00005260		-0.00034283		
950		-0.03838460		-0.17856400		-0.01384590		-0.00000487		-0.00028803		
951		-0.04084330		-0.17603900		-0.01395570		-0.00000777		0.00000000		
952		-0.02909630		-0.18226300		-0.01381680		-0.00023207		-0.00048004		
953		-0.02918960		-0.18265200		-0.01422490		-0.00009872		-0.00027186		
954		-0.02994460		-0.18079500		-0.01438780		-0.00017650		0.00000000		
955		-0.02263140		-0.18549000		-0.01416210		-0.00041057		-0.00043695		
956		-0.02283270		-0.18562900		-0.01462600		-0.00037964		-0.00026577		
957		-0.02381570		-0.18444900		-0.01471970		-0.00037202		0.00000000		
958		-0.01521170		-0.19016200		-0.01472240		-0.00099752		-0.00038986		
959		-0.01494280		-0.19040500		-0.01518610		-0.00112054		-0.00024810		
960		-0.01508980		-0.18917700		-0.01536180		-0.00098909		0.00000000		
961		-0.00907537		-0.19445900		-0.01531740		-0.00242722		-0.00028680		
962		-0.00929962		-0.19438100		-0.01576950		-0.00245236		-0.00016888		
963		-0.00928683		-0.19453300		-0.01596040		-0.00240169		0.00000000		
964		-0.00493806		-0.19786500		-0.01588640		-0.00500499		-0.00016782		
965		-0.00471458		-0.19738000		-0.01632730		-0.00499861		-0.00011939		
966		-0.00477058		-0.19808100		-0.01643610		-0.00496028		0.00000000		
967		-0.00301653		-0.19934000		-0.01605370		-0.00826141		-0.00008608		
968		-0.00298987		-0.19917700		-0.01653930		-0.00816715		-0.00007146		
969		-0.00280289		-0.19955500		-0.01670370		-0.00810297		0.00000000		
970		0.00000000		-0.20204400		-0.01654950		-0.14709800		0.00000000		
971		0.00000000		-0.20189200		-0.01693890		-0.15325300		0.00000000		
972		0.00000000		-0.20107100		-0.01698140		-0.24677200		0.00000000		
