c1
4
-0.35251 0.7415
0.35251 0.7415
0.35849 0.8405
-0.35849 0.8405

3
botleft
4
-6.07248 -0.001
0 -0.001
0 0.001
-6.07248 0.001

botright
4
0 -0.001
6.67098 -0.001
6.67098 0.001
0 0.001

c2
4
0.51599 0.7415
1.0860099999999997 0.7415
1.0919899999999998 0.8405
0.51001 0.8405


47
IMD3d1_damage
4
-0.36192399999999997 0.7315
0.36192399999999997 0.7315
0.36252799999999996 0.7415
-0.36252799999999996 0.7415
3.1

IMD3d1_damage
4
0.506576 0.7315
1.0954239999999997 0.7315
1.0960279999999998 0.7415
0.505972 0.7415
3.1

IMD3d2_damage
4
-0.357519 0.7415
-0.35251 0.7415
-0.35849 0.8405
-0.36349899999999996 0.8405
2.9

IMD3d2_damage
4
0.35251 0.7415
0.357519 0.7415
0.36349899999999996 0.8405
0.35849 0.8405
2.9

IMD3d2_damage
4
0.5109809999999999 0.7415
0.51599 0.7415
0.51001 0.8405
0.5050009999999999 0.8405
2.9

IMD3d2_damage
4
1.0860099999999997 0.7415
1.0910189999999997 0.7415
1.0969989999999998 0.8405
1.0919899999999998 0.8405
2.9

IMD3d2
4
-6.07248 0.7415
-0.357519 0.7415
-0.36349899999999996 0.8405
-6.07248 0.8405
2.65

IMD3d2
4
0.357519 0.7415
0.5109809999999999 0.7415
0.5050009999999999 0.8405
0.36349899999999996 0.8405
2.65

IMD3d2
4
1.0910189999999997 0.7415
6.67098 0.7415
6.67098 0.8405
1.0969989999999998 0.8405
2.65

IMD3d1
4
-6.07248 0.7315
-0.36192399999999997 0.7315
-0.36252799999999996 0.7415
-6.07248 0.7415
2.65

IMD3d1
4
0.36192399999999997 0.7315
0.506576 0.7315
0.505972 0.7415
0.36252799999999996 0.7415
2.65

IMD3d1
4
1.0954239999999997 0.7315
6.67098 0.7315
6.67098 0.7415
1.0960279999999998 0.7415
2.65

IMD3d1
4
-6.07248 0.7135
6.67098 0.7135
6.67098 0.7315
-6.07248 0.7315
2.65

FOXA+FOXB+TOX
4
-6.07248 0.001
6.67098 0.001
6.67098 0.2665
-6.07248 0.2665
4.0

ILD1a
4
-6.07248 0.2665
6.67098 0.2665
6.67098 0.2765
-6.07248 0.2765
7.0

ILD1b1+ILD1b2+ILD1b3
4
-6.07248 0.2765
6.67098 0.2765
6.67098 0.3955
-6.07248 0.3955
4.0

IMD1a
4
-6.07248 0.3955
6.67098 0.3955
6.67098 0.4065
-6.07248 0.4065
5.2

IMD1b
4
-6.07248 0.4065
6.67098 0.4065
6.67098 0.4665
-6.07248 0.4665
2.8

IMD2a
4
-6.07248 0.4665
6.67098 0.4665
6.67098 0.4875
-6.07248 0.4875
5.2

IMD2b
4
-6.07248 0.4875
6.67098 0.4875
6.67098 0.5025
-6.07248 0.5025
4.2

IMD2c
4
-6.07248 0.5025
6.67098 0.5025
6.67098 0.5265
-6.07248 0.5265
3.28

IMD2d1+IMD2d2
4
-6.07248 0.5265
6.67098 0.5265
6.67098 0.6535
-6.07248 0.6535
2.65

IMD3a
4
-6.07248 0.6535
6.67098 0.6535
6.67098 0.6745
-6.07248 0.6745
5.2

IMD3b
4
-6.07248 0.6745
6.67098 0.6745
6.67098 0.6895
-6.07248 0.6895
4.2

IMD3c
4
-6.07248 0.6895
6.67098 0.6895
6.67098 0.7135
-6.07248 0.7135
3.28

IMD4a
4
-6.07248 0.8405
6.67098 0.8405
6.67098 0.8615
-6.07248 0.8615
5.2

IMD4b
4
-6.07248 0.8615
6.67098 0.8615
6.67098 0.8765
-6.07248 0.8765
4.2

IMD4c
4
-6.07248 0.8765
6.67098 0.8765
6.67098 0.9005
-6.07248 0.9005
3.28

IMD4d1+IMD4d2
4
-6.07248 0.9005
6.67098 0.9005
6.67098 1.0275
-6.07248 1.0275
2.65

IMD5a
4
-6.07248 1.0275
6.67098 1.0275
6.67098 1.0485
-6.07248 1.0485
5.2

IMD5b
4
-6.07248 1.0485
6.67098 1.0485
6.67098 1.0635
-6.07248 1.0635
4.2

IMD5c
4
-6.07248 1.0635
6.67098 1.0635
6.67098 1.0875
-6.07248 1.0875
3.28

IMD5d1+IMD5d2
4
-6.07248 1.0875
6.67098 1.0875
6.67098 1.2145
-6.07248 1.2145
2.65

IMD6a
4
-6.07248 1.2145
6.67098 1.2145
6.67098 1.2355
-6.07248 1.2355
5.2

IMD6b
4
-6.07248 1.2355
6.67098 1.2355
6.67098 1.2505
-6.07248 1.2505
4.2

IMD6c
4
-6.07248 1.2505
6.67098 1.2505
6.67098 1.2745
-6.07248 1.2745
3.28

IMD6d1+IMD6d2
4
-6.07248 1.2745
6.67098 1.2745
6.67098 1.4015
-6.07248 1.4015
2.65

IMD7a
4
-6.07248 1.4015
6.67098 1.4015
6.67098 1.4765
-6.07248 1.4765
5.2

IMD7b1+IMD7b2
4
-6.07248 1.4765
6.67098 1.4765
6.67098 2.9765
-6.07248 2.9765
4.2

IMD8a
4
-6.07248 2.9765
6.67098 2.9765
6.67098 3.0515
-6.07248 3.0515
5.2

IMD8b1+IMD8b2
4
-6.07248 3.0515
6.67098 3.0515
6.67098 4.5515
-6.07248 4.5515
4.2

PASS1
4
-6.07248 4.5515
6.67098 4.5515
6.67098 4.6265
-6.07248 4.6265
7.0

PASS2
4
-6.07248 4.6265
6.67098 4.6265
6.67098 5.0265
-6.07248 5.0265
4.2

PASS3
4
-6.07248 5.0265
6.67098 5.0265
6.67098 5.1015
-6.07248 5.1015
7.0

PASS4+PASS5
4
-6.07248 5.1015
6.67098 5.1015
6.67098 6.0515
-6.07248 6.0515
4.2

PASS6
4
-6.07248 6.0515
6.67098 6.0515
6.67098 6.6515
-6.07248 6.6515
7.0

air_Layer
4
-6.07248 6.6515
6.67098 6.6515
6.67098 6.9485
-6.07248 6.9485
1.0


4
-6.07248 0.001
6.67098 0.001
6.67098 6.9485
-6.07248 6.9485

