c1
4
-0.28501 0.5545
0.28501 0.5545
0.29098999999999997 0.6535
-0.29098999999999997 0.6535

3
botleft
4
-5.86998 -0.001
0 -0.001
0 0.001
-5.86998 0.001

botright
4
0 -0.001
5.42223 -0.001
5.42223 0.001
0 0.001

c2
4
0.34724 0.5545
0.37726000000000004 0.5545
0.38324 0.6535
0.34126 0.6535


47
IMD2d1_damage
4
-0.29442399999999996 0.5445
0.29442399999999996 0.5445
0.29502799999999996 0.5545
-0.29502799999999996 0.5545
3.1

IMD2d1_damage
4
0.337826 0.5445
0.386674 0.5445
0.387278 0.5545
0.337222 0.5545
3.1

IMD2d2_damage
4
-0.29001899999999997 0.5545
-0.28501 0.5545
-0.29098999999999997 0.6535
-0.29599899999999996 0.6535
2.9

IMD2d2_damage
4
0.28501 0.5545
0.29001899999999997 0.5545
0.29599899999999996 0.6535
0.29098999999999997 0.6535
2.9

IMD2d2_damage
4
0.342231 0.5545
0.34724 0.5545
0.34126 0.6535
0.336251 0.6535
2.9

IMD2d2_damage
4
0.37726000000000004 0.5545
0.382269 0.5545
0.388249 0.6535
0.38324 0.6535
2.9

IMD2d2
4
-5.86998 0.5545
-0.29001899999999997 0.5545
-0.29599899999999996 0.6535
-5.86998 0.6535
2.65

IMD2d2
4
0.29001899999999997 0.5545
0.342231 0.5545
0.336251 0.6535
0.29599899999999996 0.6535
2.65

IMD2d2
4
0.382269 0.5545
5.42223 0.5545
5.42223 0.6535
0.388249 0.6535
2.65

IMD2d1
4
-5.86998 0.5445
-0.29442399999999996 0.5445
-0.29502799999999996 0.5545
-5.86998 0.5545
2.65

IMD2d1
4
0.29442399999999996 0.5445
0.337826 0.5445
0.337222 0.5545
0.29502799999999996 0.5545
2.65

IMD2d1
4
0.386674 0.5445
5.42223 0.5445
5.42223 0.5545
0.387278 0.5545
2.65

IMD2d1
4
-5.86998 0.5265
5.42223 0.5265
5.42223 0.5445
-5.86998 0.5445
2.65

FOXA+FOXB+TOX
4
-5.86998 0.001
5.42223 0.001
5.42223 0.2665
-5.86998 0.2665
4.0

ILD1a
4
-5.86998 0.2665
5.42223 0.2665
5.42223 0.2765
-5.86998 0.2765
7.0

ILD1b1+ILD1b2+ILD1b3
4
-5.86998 0.2765
5.42223 0.2765
5.42223 0.3955
-5.86998 0.3955
4.0

IMD1a
4
-5.86998 0.3955
5.42223 0.3955
5.42223 0.4065
-5.86998 0.4065
5.2

IMD1b
4
-5.86998 0.4065
5.42223 0.4065
5.42223 0.4665
-5.86998 0.4665
2.8

IMD2a
4
-5.86998 0.4665
5.42223 0.4665
5.42223 0.4875
-5.86998 0.4875
5.2

IMD2b
4
-5.86998 0.4875
5.42223 0.4875
5.42223 0.5025
-5.86998 0.5025
4.2

IMD2c
4
-5.86998 0.5025
5.42223 0.5025
5.42223 0.5265
-5.86998 0.5265
3.28

IMD3a
4
-5.86998 0.6535
5.42223 0.6535
5.42223 0.6745
-5.86998 0.6745
5.2

IMD3b
4
-5.86998 0.6745
5.42223 0.6745
5.42223 0.6895
-5.86998 0.6895
4.2

IMD3c
4
-5.86998 0.6895
5.42223 0.6895
5.42223 0.7135
-5.86998 0.7135
3.28

IMD3d1+IMD3d2
4
-5.86998 0.7135
5.42223 0.7135
5.42223 0.8405
-5.86998 0.8405
2.65

IMD4a
4
-5.86998 0.8405
5.42223 0.8405
5.42223 0.8615
-5.86998 0.8615
5.2

IMD4b
4
-5.86998 0.8615
5.42223 0.8615
5.42223 0.8765
-5.86998 0.8765
4.2

IMD4c
4
-5.86998 0.8765
5.42223 0.8765
5.42223 0.9005
-5.86998 0.9005
3.28

IMD4d1+IMD4d2
4
-5.86998 0.9005
5.42223 0.9005
5.42223 1.0275
-5.86998 1.0275
2.65

IMD5a
4
-5.86998 1.0275
5.42223 1.0275
5.42223 1.0485
-5.86998 1.0485
5.2

IMD5b
4
-5.86998 1.0485
5.42223 1.0485
5.42223 1.0635
-5.86998 1.0635
4.2

IMD5c
4
-5.86998 1.0635
5.42223 1.0635
5.42223 1.0875
-5.86998 1.0875
3.28

IMD5d1+IMD5d2
4
-5.86998 1.0875
5.42223 1.0875
5.42223 1.2145
-5.86998 1.2145
2.65

IMD6a
4
-5.86998 1.2145
5.42223 1.2145
5.42223 1.2355
-5.86998 1.2355
5.2

IMD6b
4
-5.86998 1.2355
5.42223 1.2355
5.42223 1.2505
-5.86998 1.2505
4.2

IMD6c
4
-5.86998 1.2505
5.42223 1.2505
5.42223 1.2745
-5.86998 1.2745
3.28

IMD6d1+IMD6d2
4
-5.86998 1.2745
5.42223 1.2745
5.42223 1.4015
-5.86998 1.4015
2.65

IMD7a
4
-5.86998 1.4015
5.42223 1.4015
5.42223 1.4765
-5.86998 1.4765
5.2

IMD7b1+IMD7b2
4
-5.86998 1.4765
5.42223 1.4765
5.42223 2.9765
-5.86998 2.9765
4.2

IMD8a
4
-5.86998 2.9765
5.42223 2.9765
5.42223 3.0515
-5.86998 3.0515
5.2

IMD8b1+IMD8b2
4
-5.86998 3.0515
5.42223 3.0515
5.42223 4.5515
-5.86998 4.5515
4.2

PASS1
4
-5.86998 4.5515
5.42223 4.5515
5.42223 4.6265
-5.86998 4.6265
7.0

PASS2
4
-5.86998 4.6265
5.42223 4.6265
5.42223 5.0265
-5.86998 5.0265
4.2

PASS3
4
-5.86998 5.0265
5.42223 5.0265
5.42223 5.1015
-5.86998 5.1015
7.0

PASS4+PASS5
4
-5.86998 5.1015
5.42223 5.1015
5.42223 6.0515
-5.86998 6.0515
4.2

PASS6
4
-5.86998 6.0515
5.42223 6.0515
5.42223 6.6515
-5.86998 6.6515
7.0

air_Layer
4
-5.86998 6.6515
5.42223 6.6515
5.42223 6.9485
-5.86998 6.9485
1.0


4
-5.86998 0.001
5.42223 0.001
5.42223 6.9485
-5.86998 6.9485

