c1
4
-0.28501 0.7415
0.28501 0.7415
0.29098999999999997 0.8405
-0.29098999999999997 0.8405

3
botleft
4
-5.86998 -0.001
0 -0.001
0 0.001
-5.86998 0.001

botright
4
0 -0.001
5.61348 -0.001
5.61348 0.001
0 0.001

c2
4
0.35849 0.7415
0.47851 0.7415
0.48449 0.8405
0.35251 0.8405


47
IMD3d1_damage
4
-0.29442399999999996 0.7315
0.29442399999999996 0.7315
0.29502799999999996 0.7415
-0.29502799999999996 0.7415
3.1

IMD3d1_damage
4
0.349076 0.7315
0.48792399999999997 0.7315
0.48852799999999996 0.7415
0.348472 0.7415
3.1

IMD3d2_damage
4
-0.29001899999999997 0.7415
-0.28501 0.7415
-0.29098999999999997 0.8405
-0.29599899999999996 0.8405
2.9

IMD3d2_damage
4
0.28501 0.7415
0.29001899999999997 0.7415
0.29599899999999996 0.8405
0.29098999999999997 0.8405
2.9

IMD3d2_damage
4
0.353481 0.7415
0.35849 0.7415
0.35251 0.8405
0.347501 0.8405
2.9

IMD3d2_damage
4
0.47851 0.7415
0.483519 0.7415
0.48949899999999996 0.8405
0.48449 0.8405
2.9

IMD3d2
4
-5.86998 0.7415
-0.29001899999999997 0.7415
-0.29599899999999996 0.8405
-5.86998 0.8405
2.65

IMD3d2
4
0.29001899999999997 0.7415
0.353481 0.7415
0.347501 0.8405
0.29599899999999996 0.8405
2.65

IMD3d2
4
0.483519 0.7415
5.61348 0.7415
5.61348 0.8405
0.48949899999999996 0.8405
2.65

IMD3d1
4
-5.86998 0.7315
-0.29442399999999996 0.7315
-0.29502799999999996 0.7415
-5.86998 0.7415
2.65

IMD3d1
4
0.29442399999999996 0.7315
0.349076 0.7315
0.348472 0.7415
0.29502799999999996 0.7415
2.65

IMD3d1
4
0.48792399999999997 0.7315
5.61348 0.7315
5.61348 0.7415
0.48852799999999996 0.7415
2.65

IMD3d1
4
-5.86998 0.7135
5.61348 0.7135
5.61348 0.7315
-5.86998 0.7315
2.65

FOXA+FOXB+TOX
4
-5.86998 0.001
5.61348 0.001
5.61348 0.2665
-5.86998 0.2665
4.0

ILD1a
4
-5.86998 0.2665
5.61348 0.2665
5.61348 0.2765
-5.86998 0.2765
7.0

ILD1b1+ILD1b2+ILD1b3
4
-5.86998 0.2765
5.61348 0.2765
5.61348 0.3955
-5.86998 0.3955
4.0

IMD1a
4
-5.86998 0.3955
5.61348 0.3955
5.61348 0.4065
-5.86998 0.4065
5.2

IMD1b
4
-5.86998 0.4065
5.61348 0.4065
5.61348 0.4665
-5.86998 0.4665
2.8

IMD2a
4
-5.86998 0.4665
5.61348 0.4665
5.61348 0.4875
-5.86998 0.4875
5.2

IMD2b
4
-5.86998 0.4875
5.61348 0.4875
5.61348 0.5025
-5.86998 0.5025
4.2

IMD2c
4
-5.86998 0.5025
5.61348 0.5025
5.61348 0.5265
-5.86998 0.5265
3.28

IMD2d1+IMD2d2
4
-5.86998 0.5265
5.61348 0.5265
5.61348 0.6535
-5.86998 0.6535
2.65

IMD3a
4
-5.86998 0.6535
5.61348 0.6535
5.61348 0.6745
-5.86998 0.6745
5.2

IMD3b
4
-5.86998 0.6745
5.61348 0.6745
5.61348 0.6895
-5.86998 0.6895
4.2

IMD3c
4
-5.86998 0.6895
5.61348 0.6895
5.61348 0.7135
-5.86998 0.7135
3.28

IMD4a
4
-5.86998 0.8405
5.61348 0.8405
5.61348 0.8615
-5.86998 0.8615
5.2

IMD4b
4
-5.86998 0.8615
5.61348 0.8615
5.61348 0.8765
-5.86998 0.8765
4.2

IMD4c
4
-5.86998 0.8765
5.61348 0.8765
5.61348 0.9005
-5.86998 0.9005
3.28

IMD4d1+IMD4d2
4
-5.86998 0.9005
5.61348 0.9005
5.61348 1.0275
-5.86998 1.0275
2.65

IMD5a
4
-5.86998 1.0275
5.61348 1.0275
5.61348 1.0485
-5.86998 1.0485
5.2

IMD5b
4
-5.86998 1.0485
5.61348 1.0485
5.61348 1.0635
-5.86998 1.0635
4.2

IMD5c
4
-5.86998 1.0635
5.61348 1.0635
5.61348 1.0875
-5.86998 1.0875
3.28

IMD5d1+IMD5d2
4
-5.86998 1.0875
5.61348 1.0875
5.61348 1.2145
-5.86998 1.2145
2.65

IMD6a
4
-5.86998 1.2145
5.61348 1.2145
5.61348 1.2355
-5.86998 1.2355
5.2

IMD6b
4
-5.86998 1.2355
5.61348 1.2355
5.61348 1.2505
-5.86998 1.2505
4.2

IMD6c
4
-5.86998 1.2505
5.61348 1.2505
5.61348 1.2745
-5.86998 1.2745
3.28

IMD6d1+IMD6d2
4
-5.86998 1.2745
5.61348 1.2745
5.61348 1.4015
-5.86998 1.4015
2.65

IMD7a
4
-5.86998 1.4015
5.61348 1.4015
5.61348 1.4765
-5.86998 1.4765
5.2

IMD7b1+IMD7b2
4
-5.86998 1.4765
5.61348 1.4765
5.61348 2.9765
-5.86998 2.9765
4.2

IMD8a
4
-5.86998 2.9765
5.61348 2.9765
5.61348 3.0515
-5.86998 3.0515
5.2

IMD8b1+IMD8b2
4
-5.86998 3.0515
5.61348 3.0515
5.61348 4.5515
-5.86998 4.5515
4.2

PASS1
4
-5.86998 4.5515
5.61348 4.5515
5.61348 4.6265
-5.86998 4.6265
7.0

PASS2
4
-5.86998 4.6265
5.61348 4.6265
5.61348 5.0265
-5.86998 5.0265
4.2

PASS3
4
-5.86998 5.0265
5.61348 5.0265
5.61348 5.1015
-5.86998 5.1015
7.0

PASS4+PASS5
4
-5.86998 5.1015
5.61348 5.1015
5.61348 6.0515
-5.86998 6.0515
4.2

PASS6
4
-5.86998 6.0515
5.61348 6.0515
5.61348 6.6515
-5.86998 6.6515
7.0

air_Layer
4
-5.86998 6.6515
5.61348 6.6515
5.61348 6.9485
-5.86998 6.9485
1.0


4
-5.86998 0.001
5.61348 0.001
5.61348 6.9485
-5.86998 6.9485

