c1
4
-0.48751 1.1155
0.48751 1.1155
0.49349 1.2145
-0.49349 1.2145

3
botleft
4
-6.47748 -0.001
0 -0.001
0 0.001
-6.47748 0.001

botright
4
0 -0.001
5.62473 -0.001
5.62473 0.001
0 0.001

c2
4
0.54974 1.1155
0.5797599999999999 1.1155
0.5857399999999999 1.2145
0.54376 1.2145


47
IMD5d1_damage
4
-0.496924 1.1055
0.496924 1.1055
0.49752799999999997 1.1155
-0.49752799999999997 1.1155
3.1

IMD5d1_damage
4
0.5403260000000001 1.1055
0.5891739999999999 1.1055
0.5897779999999999 1.1155
0.539722 1.1155
3.1

IMD5d2_damage
4
-0.492519 1.1155
-0.48751 1.1155
-0.49349 1.2145
-0.49849899999999997 1.2145
2.9

IMD5d2_damage
4
0.48751 1.1155
0.492519 1.1155
0.49849899999999997 1.2145
0.49349 1.2145
2.9

IMD5d2_damage
4
0.544731 1.1155
0.54974 1.1155
0.54376 1.2145
0.538751 1.2145
2.9

IMD5d2_damage
4
0.5797599999999999 1.1155
0.584769 1.1155
0.590749 1.2145
0.5857399999999999 1.2145
2.9

IMD5d2
4
-6.47748 1.1155
-0.492519 1.1155
-0.49849899999999997 1.2145
-6.47748 1.2145
2.65

IMD5d2
4
0.492519 1.1155
0.544731 1.1155
0.538751 1.2145
0.49849899999999997 1.2145
2.65

IMD5d2
4
0.584769 1.1155
5.62473 1.1155
5.62473 1.2145
0.590749 1.2145
2.65

IMD5d1
4
-6.47748 1.1055
-0.496924 1.1055
-0.49752799999999997 1.1155
-6.47748 1.1155
2.65

IMD5d1
4
0.496924 1.1055
0.5403260000000001 1.1055
0.539722 1.1155
0.49752799999999997 1.1155
2.65

IMD5d1
4
0.5891739999999999 1.1055
5.62473 1.1055
5.62473 1.1155
0.5897779999999999 1.1155
2.65

IMD5d1
4
-6.47748 1.0875
5.62473 1.0875
5.62473 1.1055
-6.47748 1.1055
2.65

FOXA+FOXB+TOX
4
-6.47748 0.001
5.62473 0.001
5.62473 0.2665
-6.47748 0.2665
4.0

ILD1a
4
-6.47748 0.2665
5.62473 0.2665
5.62473 0.2765
-6.47748 0.2765
7.0

ILD1b1+ILD1b2+ILD1b3
4
-6.47748 0.2765
5.62473 0.2765
5.62473 0.3955
-6.47748 0.3955
4.0

IMD1a
4
-6.47748 0.3955
5.62473 0.3955
5.62473 0.4065
-6.47748 0.4065
5.2

IMD1b
4
-6.47748 0.4065
5.62473 0.4065
5.62473 0.4665
-6.47748 0.4665
2.8

IMD2a
4
-6.47748 0.4665
5.62473 0.4665
5.62473 0.4875
-6.47748 0.4875
5.2

IMD2b
4
-6.47748 0.4875
5.62473 0.4875
5.62473 0.5025
-6.47748 0.5025
4.2

IMD2c
4
-6.47748 0.5025
5.62473 0.5025
5.62473 0.5265
-6.47748 0.5265
3.28

IMD2d1+IMD2d2
4
-6.47748 0.5265
5.62473 0.5265
5.62473 0.6535
-6.47748 0.6535
2.65

IMD3a
4
-6.47748 0.6535
5.62473 0.6535
5.62473 0.6745
-6.47748 0.6745
5.2

IMD3b
4
-6.47748 0.6745
5.62473 0.6745
5.62473 0.6895
-6.47748 0.6895
4.2

IMD3c
4
-6.47748 0.6895
5.62473 0.6895
5.62473 0.7135
-6.47748 0.7135
3.28

IMD3d1+IMD3d2
4
-6.47748 0.7135
5.62473 0.7135
5.62473 0.8405
-6.47748 0.8405
2.65

IMD4a
4
-6.47748 0.8405
5.62473 0.8405
5.62473 0.8615
-6.47748 0.8615
5.2

IMD4b
4
-6.47748 0.8615
5.62473 0.8615
5.62473 0.8765
-6.47748 0.8765
4.2

IMD4c
4
-6.47748 0.8765
5.62473 0.8765
5.62473 0.9005
-6.47748 0.9005
3.28

IMD4d1+IMD4d2
4
-6.47748 0.9005
5.62473 0.9005
5.62473 1.0275
-6.47748 1.0275
2.65

IMD5a
4
-6.47748 1.0275
5.62473 1.0275
5.62473 1.0485
-6.47748 1.0485
5.2

IMD5b
4
-6.47748 1.0485
5.62473 1.0485
5.62473 1.0635
-6.47748 1.0635
4.2

IMD5c
4
-6.47748 1.0635
5.62473 1.0635
5.62473 1.0875
-6.47748 1.0875
3.28

IMD6a
4
-6.47748 1.2145
5.62473 1.2145
5.62473 1.2355
-6.47748 1.2355
5.2

IMD6b
4
-6.47748 1.2355
5.62473 1.2355
5.62473 1.2505
-6.47748 1.2505
4.2

IMD6c
4
-6.47748 1.2505
5.62473 1.2505
5.62473 1.2745
-6.47748 1.2745
3.28

IMD6d1+IMD6d2
4
-6.47748 1.2745
5.62473 1.2745
5.62473 1.4015
-6.47748 1.4015
2.65

IMD7a
4
-6.47748 1.4015
5.62473 1.4015
5.62473 1.4765
-6.47748 1.4765
5.2

IMD7b1+IMD7b2
4
-6.47748 1.4765
5.62473 1.4765
5.62473 2.9765
-6.47748 2.9765
4.2

IMD8a
4
-6.47748 2.9765
5.62473 2.9765
5.62473 3.0515
-6.47748 3.0515
5.2

IMD8b1+IMD8b2
4
-6.47748 3.0515
5.62473 3.0515
5.62473 4.5515
-6.47748 4.5515
4.2

PASS1
4
-6.47748 4.5515
5.62473 4.5515
5.62473 4.6265
-6.47748 4.6265
7.0

PASS2
4
-6.47748 4.6265
5.62473 4.6265
5.62473 5.0265
-6.47748 5.0265
4.2

PASS3
4
-6.47748 5.0265
5.62473 5.0265
5.62473 5.1015
-6.47748 5.1015
7.0

PASS4+PASS5
4
-6.47748 5.1015
5.62473 5.1015
5.62473 6.0515
-6.47748 6.0515
4.2

PASS6
4
-6.47748 6.0515
5.62473 6.0515
5.62473 6.6515
-6.47748 6.6515
7.0

air_Layer
4
-6.47748 6.6515
5.62473 6.6515
5.62473 6.9485
-6.47748 6.9485
1.0


4
-6.47748 0.001
5.62473 0.001
5.62473 6.9485
-6.47748 6.9485

