c1
4
-0.48751 0.5545
0.48751 0.5545
0.49349 0.6535
-0.49349 0.6535

3
botleft
4
-6.47748 -0.001
0 -0.001
0 0.001
-6.47748 0.001

botright
4
0 -0.001
7.23573 -0.001
7.23573 0.001
0 0.001

c2
4
0.5407399999999999 0.5545
1.3807599999999998 0.5545
1.3867399999999999 0.6535
0.5347599999999999 0.6535


47
IMD2d1_damage
4
-0.496924 0.5445
0.496924 0.5445
0.49752799999999997 0.5545
-0.49752799999999997 0.5545
3.1

IMD2d1_damage
4
0.531326 0.5445
1.3901739999999998 0.5445
1.3907779999999998 0.5545
0.5307219999999999 0.5545
3.1

IMD2d2_damage
4
-0.492519 0.5545
-0.48751 0.5545
-0.49349 0.6535
-0.49849899999999997 0.6535
2.9

IMD2d2_damage
4
0.48751 0.5545
0.492519 0.5545
0.49849899999999997 0.6535
0.49349 0.6535
2.9

IMD2d2_damage
4
0.5357309999999998 0.5545
0.5407399999999999 0.5545
0.5347599999999999 0.6535
0.5297509999999999 0.6535
2.9

IMD2d2_damage
4
1.3807599999999998 0.5545
1.3857689999999998 0.5545
1.391749 0.6535
1.3867399999999999 0.6535
2.9

IMD2d2
4
-6.47748 0.5545
-0.492519 0.5545
-0.49849899999999997 0.6535
-6.47748 0.6535
2.65

IMD2d2
4
0.492519 0.5545
0.5357309999999998 0.5545
0.5297509999999999 0.6535
0.49849899999999997 0.6535
2.65

IMD2d2
4
1.3857689999999998 0.5545
7.23573 0.5545
7.23573 0.6535
1.391749 0.6535
2.65

IMD2d1
4
-6.47748 0.5445
-0.496924 0.5445
-0.49752799999999997 0.5545
-6.47748 0.5545
2.65

IMD2d1
4
0.496924 0.5445
0.531326 0.5445
0.5307219999999999 0.5545
0.49752799999999997 0.5545
2.65

IMD2d1
4
1.3901739999999998 0.5445
7.23573 0.5445
7.23573 0.5545
1.3907779999999998 0.5545
2.65

IMD2d1
4
-6.47748 0.5265
7.23573 0.5265
7.23573 0.5445
-6.47748 0.5445
2.65

FOXA+FOXB+TOX
4
-6.47748 0.001
7.23573 0.001
7.23573 0.2665
-6.47748 0.2665
4.0

ILD1a
4
-6.47748 0.2665
7.23573 0.2665
7.23573 0.2765
-6.47748 0.2765
7.0

ILD1b1+ILD1b2+ILD1b3
4
-6.47748 0.2765
7.23573 0.2765
7.23573 0.3955
-6.47748 0.3955
4.0

IMD1a
4
-6.47748 0.3955
7.23573 0.3955
7.23573 0.4065
-6.47748 0.4065
5.2

IMD1b
4
-6.47748 0.4065
7.23573 0.4065
7.23573 0.4665
-6.47748 0.4665
2.8

IMD2a
4
-6.47748 0.4665
7.23573 0.4665
7.23573 0.4875
-6.47748 0.4875
5.2

IMD2b
4
-6.47748 0.4875
7.23573 0.4875
7.23573 0.5025
-6.47748 0.5025
4.2

IMD2c
4
-6.47748 0.5025
7.23573 0.5025
7.23573 0.5265
-6.47748 0.5265
3.28

IMD3a
4
-6.47748 0.6535
7.23573 0.6535
7.23573 0.6745
-6.47748 0.6745
5.2

IMD3b
4
-6.47748 0.6745
7.23573 0.6745
7.23573 0.6895
-6.47748 0.6895
4.2

IMD3c
4
-6.47748 0.6895
7.23573 0.6895
7.23573 0.7135
-6.47748 0.7135
3.28

IMD3d1+IMD3d2
4
-6.47748 0.7135
7.23573 0.7135
7.23573 0.8405
-6.47748 0.8405
2.65

IMD4a
4
-6.47748 0.8405
7.23573 0.8405
7.23573 0.8615
-6.47748 0.8615
5.2

IMD4b
4
-6.47748 0.8615
7.23573 0.8615
7.23573 0.8765
-6.47748 0.8765
4.2

IMD4c
4
-6.47748 0.8765
7.23573 0.8765
7.23573 0.9005
-6.47748 0.9005
3.28

IMD4d1+IMD4d2
4
-6.47748 0.9005
7.23573 0.9005
7.23573 1.0275
-6.47748 1.0275
2.65

IMD5a
4
-6.47748 1.0275
7.23573 1.0275
7.23573 1.0485
-6.47748 1.0485
5.2

IMD5b
4
-6.47748 1.0485
7.23573 1.0485
7.23573 1.0635
-6.47748 1.0635
4.2

IMD5c
4
-6.47748 1.0635
7.23573 1.0635
7.23573 1.0875
-6.47748 1.0875
3.28

IMD5d1+IMD5d2
4
-6.47748 1.0875
7.23573 1.0875
7.23573 1.2145
-6.47748 1.2145
2.65

IMD6a
4
-6.47748 1.2145
7.23573 1.2145
7.23573 1.2355
-6.47748 1.2355
5.2

IMD6b
4
-6.47748 1.2355
7.23573 1.2355
7.23573 1.2505
-6.47748 1.2505
4.2

IMD6c
4
-6.47748 1.2505
7.23573 1.2505
7.23573 1.2745
-6.47748 1.2745
3.28

IMD6d1+IMD6d2
4
-6.47748 1.2745
7.23573 1.2745
7.23573 1.4015
-6.47748 1.4015
2.65

IMD7a
4
-6.47748 1.4015
7.23573 1.4015
7.23573 1.4765
-6.47748 1.4765
5.2

IMD7b1+IMD7b2
4
-6.47748 1.4765
7.23573 1.4765
7.23573 2.9765
-6.47748 2.9765
4.2

IMD8a
4
-6.47748 2.9765
7.23573 2.9765
7.23573 3.0515
-6.47748 3.0515
5.2

IMD8b1+IMD8b2
4
-6.47748 3.0515
7.23573 3.0515
7.23573 4.5515
-6.47748 4.5515
4.2

PASS1
4
-6.47748 4.5515
7.23573 4.5515
7.23573 4.6265
-6.47748 4.6265
7.0

PASS2
4
-6.47748 4.6265
7.23573 4.6265
7.23573 5.0265
-6.47748 5.0265
4.2

PASS3
4
-6.47748 5.0265
7.23573 5.0265
7.23573 5.1015
-6.47748 5.1015
7.0

PASS4+PASS5
4
-6.47748 5.1015
7.23573 5.1015
7.23573 6.0515
-6.47748 6.0515
4.2

PASS6
4
-6.47748 6.0515
7.23573 6.0515
7.23573 6.6515
-6.47748 6.6515
7.0

air_Layer
4
-6.47748 6.6515
7.23573 6.6515
7.23573 6.9485
-6.47748 6.9485
1.0


4
-6.47748 0.001
7.23573 0.001
7.23573 6.9485
-6.47748 6.9485

