c1
4
-0.35251 0.9285000000000001
0.35251 0.9285000000000001
0.35849 1.0275
-0.35849 1.0275

3
botleft
4
-6.07248 -0.001
0 -0.001
0 0.001
-6.07248 0.001

botright
4
0 -0.001
7.35048 -0.001
7.35048 0.001
0 0.001

c2
4
0.38549 0.9285000000000001
1.3605099999999999 0.9285000000000001
1.36649 1.0275
0.37951 1.0275


47
IMD4d1_damage
4
-0.36192399999999997 0.9185000000000001
0.36192399999999997 0.9185000000000001
0.36252799999999996 0.9285000000000001
-0.36252799999999996 0.9285000000000001
3.1

IMD4d1_damage
4
0.376076 0.9185000000000001
1.369924 0.9185000000000001
1.370528 0.9285000000000001
0.37547200000000003 0.9285000000000001
3.1

IMD4d2_damage
4
-0.357519 0.9285000000000001
-0.35251 0.9285000000000001
-0.35849 1.0275
-0.36349899999999996 1.0275
2.9

IMD4d2_damage
4
0.35251 0.9285000000000001
0.357519 0.9285000000000001
0.36349899999999996 1.0275
0.35849 1.0275
2.9

IMD4d2_damage
4
0.380481 0.9285000000000001
0.38549 0.9285000000000001
0.37951 1.0275
0.37450100000000003 1.0275
2.9

IMD4d2_damage
4
1.3605099999999999 0.9285000000000001
1.365519 0.9285000000000001
1.371499 1.0275
1.36649 1.0275
2.9

IMD4d2
4
-6.07248 0.9285000000000001
-0.357519 0.9285000000000001
-0.36349899999999996 1.0275
-6.07248 1.0275
2.65

IMD4d2
4
0.357519 0.9285000000000001
0.380481 0.9285000000000001
0.37450100000000003 1.0275
0.36349899999999996 1.0275
2.65

IMD4d2
4
1.365519 0.9285000000000001
7.35048 0.9285000000000001
7.35048 1.0275
1.371499 1.0275
2.65

IMD4d1
4
-6.07248 0.9185000000000001
-0.36192399999999997 0.9185000000000001
-0.36252799999999996 0.9285000000000001
-6.07248 0.9285000000000001
2.65

IMD4d1
4
0.36192399999999997 0.9185000000000001
0.376076 0.9185000000000001
0.37547200000000003 0.9285000000000001
0.36252799999999996 0.9285000000000001
2.65

IMD4d1
4
1.369924 0.9185000000000001
7.35048 0.9185000000000001
7.35048 0.9285000000000001
1.370528 0.9285000000000001
2.65

IMD4d1
4
-6.07248 0.9005
7.35048 0.9005
7.35048 0.9185000000000001
-6.07248 0.9185000000000001
2.65

FOXA+FOXB+TOX
4
-6.07248 0.001
7.35048 0.001
7.35048 0.2665
-6.07248 0.2665
4.0

ILD1a
4
-6.07248 0.2665
7.35048 0.2665
7.35048 0.2765
-6.07248 0.2765
7.0

ILD1b1+ILD1b2+ILD1b3
4
-6.07248 0.2765
7.35048 0.2765
7.35048 0.3955
-6.07248 0.3955
4.0

IMD1a
4
-6.07248 0.3955
7.35048 0.3955
7.35048 0.4065
-6.07248 0.4065
5.2

IMD1b
4
-6.07248 0.4065
7.35048 0.4065
7.35048 0.4665
-6.07248 0.4665
2.8

IMD2a
4
-6.07248 0.4665
7.35048 0.4665
7.35048 0.4875
-6.07248 0.4875
5.2

IMD2b
4
-6.07248 0.4875
7.35048 0.4875
7.35048 0.5025
-6.07248 0.5025
4.2

IMD2c
4
-6.07248 0.5025
7.35048 0.5025
7.35048 0.5265
-6.07248 0.5265
3.28

IMD2d1+IMD2d2
4
-6.07248 0.5265
7.35048 0.5265
7.35048 0.6535
-6.07248 0.6535
2.65

IMD3a
4
-6.07248 0.6535
7.35048 0.6535
7.35048 0.6745
-6.07248 0.6745
5.2

IMD3b
4
-6.07248 0.6745
7.35048 0.6745
7.35048 0.6895
-6.07248 0.6895
4.2

IMD3c
4
-6.07248 0.6895
7.35048 0.6895
7.35048 0.7135
-6.07248 0.7135
3.28

IMD3d1+IMD3d2
4
-6.07248 0.7135
7.35048 0.7135
7.35048 0.8405
-6.07248 0.8405
2.65

IMD4a
4
-6.07248 0.8405
7.35048 0.8405
7.35048 0.8615
-6.07248 0.8615
5.2

IMD4b
4
-6.07248 0.8615
7.35048 0.8615
7.35048 0.8765
-6.07248 0.8765
4.2

IMD4c
4
-6.07248 0.8765
7.35048 0.8765
7.35048 0.9005
-6.07248 0.9005
3.28

IMD5a
4
-6.07248 1.0275
7.35048 1.0275
7.35048 1.0485
-6.07248 1.0485
5.2

IMD5b
4
-6.07248 1.0485
7.35048 1.0485
7.35048 1.0635
-6.07248 1.0635
4.2

IMD5c
4
-6.07248 1.0635
7.35048 1.0635
7.35048 1.0875
-6.07248 1.0875
3.28

IMD5d1+IMD5d2
4
-6.07248 1.0875
7.35048 1.0875
7.35048 1.2145
-6.07248 1.2145
2.65

IMD6a
4
-6.07248 1.2145
7.35048 1.2145
7.35048 1.2355
-6.07248 1.2355
5.2

IMD6b
4
-6.07248 1.2355
7.35048 1.2355
7.35048 1.2505
-6.07248 1.2505
4.2

IMD6c
4
-6.07248 1.2505
7.35048 1.2505
7.35048 1.2745
-6.07248 1.2745
3.28

IMD6d1+IMD6d2
4
-6.07248 1.2745
7.35048 1.2745
7.35048 1.4015
-6.07248 1.4015
2.65

IMD7a
4
-6.07248 1.4015
7.35048 1.4015
7.35048 1.4765
-6.07248 1.4765
5.2

IMD7b1+IMD7b2
4
-6.07248 1.4765
7.35048 1.4765
7.35048 2.9765
-6.07248 2.9765
4.2

IMD8a
4
-6.07248 2.9765
7.35048 2.9765
7.35048 3.0515
-6.07248 3.0515
5.2

IMD8b1+IMD8b2
4
-6.07248 3.0515
7.35048 3.0515
7.35048 4.5515
-6.07248 4.5515
4.2

PASS1
4
-6.07248 4.5515
7.35048 4.5515
7.35048 4.6265
-6.07248 4.6265
7.0

PASS2
4
-6.07248 4.6265
7.35048 4.6265
7.35048 5.0265
-6.07248 5.0265
4.2

PASS3
4
-6.07248 5.0265
7.35048 5.0265
7.35048 5.1015
-6.07248 5.1015
7.0

PASS4+PASS5
4
-6.07248 5.1015
7.35048 5.1015
7.35048 6.0515
-6.07248 6.0515
4.2

PASS6
4
-6.07248 6.0515
7.35048 6.0515
7.35048 6.6515
-6.07248 6.6515
7.0

air_Layer
4
-6.07248 6.6515
7.35048 6.6515
7.35048 6.9485
-6.07248 6.9485
1.0


4
-6.07248 0.001
7.35048 0.001
7.35048 6.9485
-6.07248 6.9485

