c1
4
-0.21750999999999998 0.7415
0.21750999999999998 0.7415
0.22349 0.8405
-0.22349 0.8405

3
botleft
4
-5.66748 -0.001
0 -0.001
0 0.001
-5.66748 0.001

botright
4
0 -0.001
6.4459800000000005 -0.001
6.4459800000000005 0.001
0 0.001

c2
4
0.29098999999999997 0.7415
0.8610099999999999 0.7415
0.8669899999999999 0.8405
0.28501 0.8405


47
IMD3d1_damage
4
-0.22692400000000001 0.7315
0.22692400000000001 0.7315
0.227528 0.7415
-0.227528 0.7415
3.1

IMD3d1_damage
4
0.281576 0.7315
0.8704239999999999 0.7315
0.8710279999999999 0.7415
0.280972 0.7415
3.1

IMD3d2_damage
4
-0.222519 0.7415
-0.21750999999999998 0.7415
-0.22349 0.8405
-0.228499 0.8405
2.9

IMD3d2_damage
4
0.21750999999999998 0.7415
0.222519 0.7415
0.228499 0.8405
0.22349 0.8405
2.9

IMD3d2_damage
4
0.285981 0.7415
0.29098999999999997 0.7415
0.28501 0.8405
0.280001 0.8405
2.9

IMD3d2_damage
4
0.8610099999999999 0.7415
0.866019 0.7415
0.871999 0.8405
0.8669899999999999 0.8405
2.9

IMD3d2
4
-5.66748 0.7415
-0.222519 0.7415
-0.228499 0.8405
-5.66748 0.8405
2.65

IMD3d2
4
0.222519 0.7415
0.285981 0.7415
0.280001 0.8405
0.228499 0.8405
2.65

IMD3d2
4
0.866019 0.7415
6.4459800000000005 0.7415
6.4459800000000005 0.8405
0.871999 0.8405
2.65

IMD3d1
4
-5.66748 0.7315
-0.22692400000000001 0.7315
-0.227528 0.7415
-5.66748 0.7415
2.65

IMD3d1
4
0.22692400000000001 0.7315
0.281576 0.7315
0.280972 0.7415
0.227528 0.7415
2.65

IMD3d1
4
0.8704239999999999 0.7315
6.4459800000000005 0.7315
6.4459800000000005 0.7415
0.8710279999999999 0.7415
2.65

IMD3d1
4
-5.66748 0.7135
6.4459800000000005 0.7135
6.4459800000000005 0.7315
-5.66748 0.7315
2.65

FOXA+FOXB+TOX
4
-5.66748 0.001
6.4459800000000005 0.001
6.4459800000000005 0.2665
-5.66748 0.2665
4.0

ILD1a
4
-5.66748 0.2665
6.4459800000000005 0.2665
6.4459800000000005 0.2765
-5.66748 0.2765
7.0

ILD1b1+ILD1b2+ILD1b3
4
-5.66748 0.2765
6.4459800000000005 0.2765
6.4459800000000005 0.3955
-5.66748 0.3955
4.0

IMD1a
4
-5.66748 0.3955
6.4459800000000005 0.3955
6.4459800000000005 0.4065
-5.66748 0.4065
5.2

IMD1b
4
-5.66748 0.4065
6.4459800000000005 0.4065
6.4459800000000005 0.4665
-5.66748 0.4665
2.8

IMD2a
4
-5.66748 0.4665
6.4459800000000005 0.4665
6.4459800000000005 0.4875
-5.66748 0.4875
5.2

IMD2b
4
-5.66748 0.4875
6.4459800000000005 0.4875
6.4459800000000005 0.5025
-5.66748 0.5025
4.2

IMD2c
4
-5.66748 0.5025
6.4459800000000005 0.5025
6.4459800000000005 0.5265
-5.66748 0.5265
3.28

IMD2d1+IMD2d2
4
-5.66748 0.5265
6.4459800000000005 0.5265
6.4459800000000005 0.6535
-5.66748 0.6535
2.65

IMD3a
4
-5.66748 0.6535
6.4459800000000005 0.6535
6.4459800000000005 0.6745
-5.66748 0.6745
5.2

IMD3b
4
-5.66748 0.6745
6.4459800000000005 0.6745
6.4459800000000005 0.6895
-5.66748 0.6895
4.2

IMD3c
4
-5.66748 0.6895
6.4459800000000005 0.6895
6.4459800000000005 0.7135
-5.66748 0.7135
3.28

IMD4a
4
-5.66748 0.8405
6.4459800000000005 0.8405
6.4459800000000005 0.8615
-5.66748 0.8615
5.2

IMD4b
4
-5.66748 0.8615
6.4459800000000005 0.8615
6.4459800000000005 0.8765
-5.66748 0.8765
4.2

IMD4c
4
-5.66748 0.8765
6.4459800000000005 0.8765
6.4459800000000005 0.9005
-5.66748 0.9005
3.28

IMD4d1+IMD4d2
4
-5.66748 0.9005
6.4459800000000005 0.9005
6.4459800000000005 1.0275
-5.66748 1.0275
2.65

IMD5a
4
-5.66748 1.0275
6.4459800000000005 1.0275
6.4459800000000005 1.0485
-5.66748 1.0485
5.2

IMD5b
4
-5.66748 1.0485
6.4459800000000005 1.0485
6.4459800000000005 1.0635
-5.66748 1.0635
4.2

IMD5c
4
-5.66748 1.0635
6.4459800000000005 1.0635
6.4459800000000005 1.0875
-5.66748 1.0875
3.28

IMD5d1+IMD5d2
4
-5.66748 1.0875
6.4459800000000005 1.0875
6.4459800000000005 1.2145
-5.66748 1.2145
2.65

IMD6a
4
-5.66748 1.2145
6.4459800000000005 1.2145
6.4459800000000005 1.2355
-5.66748 1.2355
5.2

IMD6b
4
-5.66748 1.2355
6.4459800000000005 1.2355
6.4459800000000005 1.2505
-5.66748 1.2505
4.2

IMD6c
4
-5.66748 1.2505
6.4459800000000005 1.2505
6.4459800000000005 1.2745
-5.66748 1.2745
3.28

IMD6d1+IMD6d2
4
-5.66748 1.2745
6.4459800000000005 1.2745
6.4459800000000005 1.4015
-5.66748 1.4015
2.65

IMD7a
4
-5.66748 1.4015
6.4459800000000005 1.4015
6.4459800000000005 1.4765
-5.66748 1.4765
5.2

IMD7b1+IMD7b2
4
-5.66748 1.4765
6.4459800000000005 1.4765
6.4459800000000005 2.9765
-5.66748 2.9765
4.2

IMD8a
4
-5.66748 2.9765
6.4459800000000005 2.9765
6.4459800000000005 3.0515
-5.66748 3.0515
5.2

IMD8b1+IMD8b2
4
-5.66748 3.0515
6.4459800000000005 3.0515
6.4459800000000005 4.5515
-5.66748 4.5515
4.2

PASS1
4
-5.66748 4.5515
6.4459800000000005 4.5515
6.4459800000000005 4.6265
-5.66748 4.6265
7.0

PASS2
4
-5.66748 4.6265
6.4459800000000005 4.6265
6.4459800000000005 5.0265
-5.66748 5.0265
4.2

PASS3
4
-5.66748 5.0265
6.4459800000000005 5.0265
6.4459800000000005 5.1015
-5.66748 5.1015
7.0

PASS4+PASS5
4
-5.66748 5.1015
6.4459800000000005 5.1015
6.4459800000000005 6.0515
-5.66748 6.0515
4.2

PASS6
4
-5.66748 6.0515
6.4459800000000005 6.0515
6.4459800000000005 6.6515
-5.66748 6.6515
7.0

air_Layer
4
-5.66748 6.6515
6.4459800000000005 6.6515
6.4459800000000005 6.9485
-5.66748 6.9485
1.0


4
-5.66748 0.001
6.4459800000000005 0.001
6.4459800000000005 6.9485
-5.66748 6.9485

