c1
4
-0.06001000000000001 0.5545
0.06001000000000001 0.5545
0.06599000000000001 0.6535
-0.06599000000000001 0.6535

3
botleft
4
-5.19498 -0.001
0 -0.001
0 0.001
-5.19498 0.001

botright
4
0 -0.001
6.7969800000000005 -0.001
6.7969800000000005 0.001
0 0.001

c2
4
0.10199 0.5545
0.9420099999999999 0.5545
0.9479899999999999 0.6535
0.09601 0.6535


47
IMD2d1_damage
4
-0.06942400000000001 0.5445
0.06942400000000001 0.5445
0.070028 0.5545
-0.070028 0.5545
3.1

IMD2d1_damage
4
0.09257599999999999 0.5445
0.9514239999999998 0.5445
0.9520279999999999 0.5545
0.091972 0.5545
3.1

IMD2d2_damage
4
-0.06501900000000001 0.5545
-0.06001000000000001 0.5545
-0.06599000000000001 0.6535
-0.070999 0.6535
2.9

IMD2d2_damage
4
0.06001000000000001 0.5545
0.06501900000000001 0.5545
0.070999 0.6535
0.06599000000000001 0.6535
2.9

IMD2d2_damage
4
0.096981 0.5545
0.10199 0.5545
0.09601 0.6535
0.091001 0.6535
2.9

IMD2d2_damage
4
0.9420099999999999 0.5545
0.9470189999999999 0.5545
0.9529989999999999 0.6535
0.9479899999999999 0.6535
2.9

IMD2d2
4
-5.19498 0.5545
-0.06501900000000001 0.5545
-0.070999 0.6535
-5.19498 0.6535
2.65

IMD2d2
4
0.06501900000000001 0.5545
0.096981 0.5545
0.091001 0.6535
0.070999 0.6535
2.65

IMD2d2
4
0.9470189999999999 0.5545
6.7969800000000005 0.5545
6.7969800000000005 0.6535
0.9529989999999999 0.6535
2.65

IMD2d1
4
-5.19498 0.5445
-0.06942400000000001 0.5445
-0.070028 0.5545
-5.19498 0.5545
2.65

IMD2d1
4
0.06942400000000001 0.5445
0.09257599999999999 0.5445
0.091972 0.5545
0.070028 0.5545
2.65

IMD2d1
4
0.9514239999999998 0.5445
6.7969800000000005 0.5445
6.7969800000000005 0.5545
0.9520279999999999 0.5545
2.65

IMD2d1
4
-5.19498 0.5265
6.7969800000000005 0.5265
6.7969800000000005 0.5445
-5.19498 0.5445
2.65

FOXA+FOXB+TOX
4
-5.19498 0.001
6.7969800000000005 0.001
6.7969800000000005 0.2665
-5.19498 0.2665
4.0

ILD1a
4
-5.19498 0.2665
6.7969800000000005 0.2665
6.7969800000000005 0.2765
-5.19498 0.2765
7.0

ILD1b1+ILD1b2+ILD1b3
4
-5.19498 0.2765
6.7969800000000005 0.2765
6.7969800000000005 0.3955
-5.19498 0.3955
4.0

IMD1a
4
-5.19498 0.3955
6.7969800000000005 0.3955
6.7969800000000005 0.4065
-5.19498 0.4065
5.2

IMD1b
4
-5.19498 0.4065
6.7969800000000005 0.4065
6.7969800000000005 0.4665
-5.19498 0.4665
2.8

IMD2a
4
-5.19498 0.4665
6.7969800000000005 0.4665
6.7969800000000005 0.4875
-5.19498 0.4875
5.2

IMD2b
4
-5.19498 0.4875
6.7969800000000005 0.4875
6.7969800000000005 0.5025
-5.19498 0.5025
4.2

IMD2c
4
-5.19498 0.5025
6.7969800000000005 0.5025
6.7969800000000005 0.5265
-5.19498 0.5265
3.28

IMD3a
4
-5.19498 0.6535
6.7969800000000005 0.6535
6.7969800000000005 0.6745
-5.19498 0.6745
5.2

IMD3b
4
-5.19498 0.6745
6.7969800000000005 0.6745
6.7969800000000005 0.6895
-5.19498 0.6895
4.2

IMD3c
4
-5.19498 0.6895
6.7969800000000005 0.6895
6.7969800000000005 0.7135
-5.19498 0.7135
3.28

IMD3d1+IMD3d2
4
-5.19498 0.7135
6.7969800000000005 0.7135
6.7969800000000005 0.8405
-5.19498 0.8405
2.65

IMD4a
4
-5.19498 0.8405
6.7969800000000005 0.8405
6.7969800000000005 0.8615
-5.19498 0.8615
5.2

IMD4b
4
-5.19498 0.8615
6.7969800000000005 0.8615
6.7969800000000005 0.8765
-5.19498 0.8765
4.2

IMD4c
4
-5.19498 0.8765
6.7969800000000005 0.8765
6.7969800000000005 0.9005
-5.19498 0.9005
3.28

IMD4d1+IMD4d2
4
-5.19498 0.9005
6.7969800000000005 0.9005
6.7969800000000005 1.0275
-5.19498 1.0275
2.65

IMD5a
4
-5.19498 1.0275
6.7969800000000005 1.0275
6.7969800000000005 1.0485
-5.19498 1.0485
5.2

IMD5b
4
-5.19498 1.0485
6.7969800000000005 1.0485
6.7969800000000005 1.0635
-5.19498 1.0635
4.2

IMD5c
4
-5.19498 1.0635
6.7969800000000005 1.0635
6.7969800000000005 1.0875
-5.19498 1.0875
3.28

IMD5d1+IMD5d2
4
-5.19498 1.0875
6.7969800000000005 1.0875
6.7969800000000005 1.2145
-5.19498 1.2145
2.65

IMD6a
4
-5.19498 1.2145
6.7969800000000005 1.2145
6.7969800000000005 1.2355
-5.19498 1.2355
5.2

IMD6b
4
-5.19498 1.2355
6.7969800000000005 1.2355
6.7969800000000005 1.2505
-5.19498 1.2505
4.2

IMD6c
4
-5.19498 1.2505
6.7969800000000005 1.2505
6.7969800000000005 1.2745
-5.19498 1.2745
3.28

IMD6d1+IMD6d2
4
-5.19498 1.2745
6.7969800000000005 1.2745
6.7969800000000005 1.4015
-5.19498 1.4015
2.65

IMD7a
4
-5.19498 1.4015
6.7969800000000005 1.4015
6.7969800000000005 1.4765
-5.19498 1.4765
5.2

IMD7b1+IMD7b2
4
-5.19498 1.4765
6.7969800000000005 1.4765
6.7969800000000005 2.9765
-5.19498 2.9765
4.2

IMD8a
4
-5.19498 2.9765
6.7969800000000005 2.9765
6.7969800000000005 3.0515
-5.19498 3.0515
5.2

IMD8b1+IMD8b2
4
-5.19498 3.0515
6.7969800000000005 3.0515
6.7969800000000005 4.5515
-5.19498 4.5515
4.2

PASS1
4
-5.19498 4.5515
6.7969800000000005 4.5515
6.7969800000000005 4.6265
-5.19498 4.6265
7.0

PASS2
4
-5.19498 4.6265
6.7969800000000005 4.6265
6.7969800000000005 5.0265
-5.19498 5.0265
4.2

PASS3
4
-5.19498 5.0265
6.7969800000000005 5.0265
6.7969800000000005 5.1015
-5.19498 5.1015
7.0

PASS4+PASS5
4
-5.19498 5.1015
6.7969800000000005 5.1015
6.7969800000000005 6.0515
-5.19498 6.0515
4.2

PASS6
4
-5.19498 6.0515
6.7969800000000005 6.0515
6.7969800000000005 6.6515
-5.19498 6.6515
7.0

air_Layer
4
-5.19498 6.6515
6.7969800000000005 6.6515
6.7969800000000005 6.9485
-5.19498 6.9485
1.0


4
-5.19498 0.001
6.7969800000000005 0.001
6.7969800000000005 6.9485
-5.19498 6.9485

