c1
4
-0.21750999999999998 1.3025
0.21750999999999998 1.3025
0.22349 1.4015
-0.22349 1.4015

3
botleft
4
-5.66748 -0.001
0 -0.001
0 0.001
-5.66748 0.001

botright
4
0 -0.001
5.40648 -0.001
5.40648 0.001
0 0.001

c2
4
0.33148999999999995 1.3025
0.36151 1.3025
0.36749 1.4015
0.32550999999999997 1.4015


47
IMD6d1_damage
4
-0.22692400000000001 1.2925
0.22692400000000001 1.2925
0.227528 1.3025
-0.227528 1.3025
3.1

IMD6d1_damage
4
0.322076 1.2925
0.370924 1.2925
0.37152799999999997 1.3025
0.321472 1.3025
3.1

IMD6d2_damage
4
-0.222519 1.3025
-0.21750999999999998 1.3025
-0.22349 1.4015
-0.228499 1.4015
2.9

IMD6d2_damage
4
0.21750999999999998 1.3025
0.222519 1.3025
0.228499 1.4015
0.22349 1.4015
2.9

IMD6d2_damage
4
0.32648099999999997 1.3025
0.33148999999999995 1.3025
0.32550999999999997 1.4015
0.320501 1.4015
2.9

IMD6d2_damage
4
0.36151 1.3025
0.366519 1.3025
0.37249899999999997 1.4015
0.36749 1.4015
2.9

IMD6d2
4
-5.66748 1.3025
-0.222519 1.3025
-0.228499 1.4015
-5.66748 1.4015
2.65

IMD6d2
4
0.222519 1.3025
0.32648099999999997 1.3025
0.320501 1.4015
0.228499 1.4015
2.65

IMD6d2
4
0.366519 1.3025
5.40648 1.3025
5.40648 1.4015
0.37249899999999997 1.4015
2.65

IMD6d1
4
-5.66748 1.2925
-0.22692400000000001 1.2925
-0.227528 1.3025
-5.66748 1.3025
2.65

IMD6d1
4
0.22692400000000001 1.2925
0.322076 1.2925
0.321472 1.3025
0.227528 1.3025
2.65

IMD6d1
4
0.370924 1.2925
5.40648 1.2925
5.40648 1.3025
0.37152799999999997 1.3025
2.65

IMD6d1
4
-5.66748 1.2745
5.40648 1.2745
5.40648 1.2925
-5.66748 1.2925
2.65

FOXA+FOXB+TOX
4
-5.66748 0.001
5.40648 0.001
5.40648 0.2665
-5.66748 0.2665
4.0

ILD1a
4
-5.66748 0.2665
5.40648 0.2665
5.40648 0.2765
-5.66748 0.2765
7.0

ILD1b1+ILD1b2+ILD1b3
4
-5.66748 0.2765
5.40648 0.2765
5.40648 0.3955
-5.66748 0.3955
4.0

IMD1a
4
-5.66748 0.3955
5.40648 0.3955
5.40648 0.4065
-5.66748 0.4065
5.2

IMD1b
4
-5.66748 0.4065
5.40648 0.4065
5.40648 0.4665
-5.66748 0.4665
2.8

IMD2a
4
-5.66748 0.4665
5.40648 0.4665
5.40648 0.4875
-5.66748 0.4875
5.2

IMD2b
4
-5.66748 0.4875
5.40648 0.4875
5.40648 0.5025
-5.66748 0.5025
4.2

IMD2c
4
-5.66748 0.5025
5.40648 0.5025
5.40648 0.5265
-5.66748 0.5265
3.28

IMD2d1+IMD2d2
4
-5.66748 0.5265
5.40648 0.5265
5.40648 0.6535
-5.66748 0.6535
2.65

IMD3a
4
-5.66748 0.6535
5.40648 0.6535
5.40648 0.6745
-5.66748 0.6745
5.2

IMD3b
4
-5.66748 0.6745
5.40648 0.6745
5.40648 0.6895
-5.66748 0.6895
4.2

IMD3c
4
-5.66748 0.6895
5.40648 0.6895
5.40648 0.7135
-5.66748 0.7135
3.28

IMD3d1+IMD3d2
4
-5.66748 0.7135
5.40648 0.7135
5.40648 0.8405
-5.66748 0.8405
2.65

IMD4a
4
-5.66748 0.8405
5.40648 0.8405
5.40648 0.8615
-5.66748 0.8615
5.2

IMD4b
4
-5.66748 0.8615
5.40648 0.8615
5.40648 0.8765
-5.66748 0.8765
4.2

IMD4c
4
-5.66748 0.8765
5.40648 0.8765
5.40648 0.9005
-5.66748 0.9005
3.28

IMD4d1+IMD4d2
4
-5.66748 0.9005
5.40648 0.9005
5.40648 1.0275
-5.66748 1.0275
2.65

IMD5a
4
-5.66748 1.0275
5.40648 1.0275
5.40648 1.0485
-5.66748 1.0485
5.2

IMD5b
4
-5.66748 1.0485
5.40648 1.0485
5.40648 1.0635
-5.66748 1.0635
4.2

IMD5c
4
-5.66748 1.0635
5.40648 1.0635
5.40648 1.0875
-5.66748 1.0875
3.28

IMD5d1+IMD5d2
4
-5.66748 1.0875
5.40648 1.0875
5.40648 1.2145
-5.66748 1.2145
2.65

IMD6a
4
-5.66748 1.2145
5.40648 1.2145
5.40648 1.2355
-5.66748 1.2355
5.2

IMD6b
4
-5.66748 1.2355
5.40648 1.2355
5.40648 1.2505
-5.66748 1.2505
4.2

IMD6c
4
-5.66748 1.2505
5.40648 1.2505
5.40648 1.2745
-5.66748 1.2745
3.28

IMD7a
4
-5.66748 1.4015
5.40648 1.4015
5.40648 1.4765
-5.66748 1.4765
5.2

IMD7b1+IMD7b2
4
-5.66748 1.4765
5.40648 1.4765
5.40648 2.9765
-5.66748 2.9765
4.2

IMD8a
4
-5.66748 2.9765
5.40648 2.9765
5.40648 3.0515
-5.66748 3.0515
5.2

IMD8b1+IMD8b2
4
-5.66748 3.0515
5.40648 3.0515
5.40648 4.5515
-5.66748 4.5515
4.2

PASS1
4
-5.66748 4.5515
5.40648 4.5515
5.40648 4.6265
-5.66748 4.6265
7.0

PASS2
4
-5.66748 4.6265
5.40648 4.6265
5.40648 5.0265
-5.66748 5.0265
4.2

PASS3
4
-5.66748 5.0265
5.40648 5.0265
5.40648 5.1015
-5.66748 5.1015
7.0

PASS4+PASS5
4
-5.66748 5.1015
5.40648 5.1015
5.40648 6.0515
-5.66748 6.0515
4.2

PASS6
4
-5.66748 6.0515
5.40648 6.0515
5.40648 6.6515
-5.66748 6.6515
7.0

air_Layer
4
-5.66748 6.6515
5.40648 6.6515
5.40648 6.9485
-5.66748 6.9485
1.0


4
-5.66748 0.001
5.40648 0.001
5.40648 6.9485
-5.66748 6.9485

