c1
4
-0.15000999999999998 0.7415
0.15000999999999998 0.7415
0.15599 0.8405
-0.15599 0.8405

3
botleft
4
-5.464980000000001 -0.001
0 -0.001
0 0.001
-5.464980000000001 0.001

botright
4
0 -0.001
7.17723 -0.001
7.17723 0.001
0 0.001

c2
4
0.21223999999999998 0.7415
1.1872599999999998 0.7415
1.1932399999999999 0.8405
0.20625999999999997 0.8405


47
IMD3d1_damage
4
-0.159424 0.7315
0.159424 0.7315
0.160028 0.7415
-0.160028 0.7415
3.1

IMD3d1_damage
4
0.20282599999999995 0.7315
1.1966739999999998 0.7315
1.1972779999999998 0.7415
0.20222199999999996 0.7415
3.1

IMD3d2_damage
4
-0.155019 0.7415
-0.15000999999999998 0.7415
-0.15599 0.8405
-0.160999 0.8405
2.9

IMD3d2_damage
4
0.15000999999999998 0.7415
0.155019 0.7415
0.160999 0.8405
0.15599 0.8405
2.9

IMD3d2_damage
4
0.20723099999999997 0.7415
0.21223999999999998 0.7415
0.20625999999999997 0.8405
0.20125099999999996 0.8405
2.9

IMD3d2_damage
4
1.1872599999999998 0.7415
1.1922689999999998 0.7415
1.198249 0.8405
1.1932399999999999 0.8405
2.9

IMD3d2
4
-5.464980000000001 0.7415
-0.155019 0.7415
-0.160999 0.8405
-5.464980000000001 0.8405
2.65

IMD3d2
4
0.155019 0.7415
0.20723099999999997 0.7415
0.20125099999999996 0.8405
0.160999 0.8405
2.65

IMD3d2
4
1.1922689999999998 0.7415
7.17723 0.7415
7.17723 0.8405
1.198249 0.8405
2.65

IMD3d1
4
-5.464980000000001 0.7315
-0.159424 0.7315
-0.160028 0.7415
-5.464980000000001 0.7415
2.65

IMD3d1
4
0.159424 0.7315
0.20282599999999995 0.7315
0.20222199999999996 0.7415
0.160028 0.7415
2.65

IMD3d1
4
1.1966739999999998 0.7315
7.17723 0.7315
7.17723 0.7415
1.1972779999999998 0.7415
2.65

IMD3d1
4
-5.464980000000001 0.7135
7.17723 0.7135
7.17723 0.7315
-5.464980000000001 0.7315
2.65

FOXA+FOXB+TOX
4
-5.464980000000001 0.001
7.17723 0.001
7.17723 0.2665
-5.464980000000001 0.2665
4.0

ILD1a
4
-5.464980000000001 0.2665
7.17723 0.2665
7.17723 0.2765
-5.464980000000001 0.2765
7.0

ILD1b1+ILD1b2+ILD1b3
4
-5.464980000000001 0.2765
7.17723 0.2765
7.17723 0.3955
-5.464980000000001 0.3955
4.0

IMD1a
4
-5.464980000000001 0.3955
7.17723 0.3955
7.17723 0.4065
-5.464980000000001 0.4065
5.2

IMD1b
4
-5.464980000000001 0.4065
7.17723 0.4065
7.17723 0.4665
-5.464980000000001 0.4665
2.8

IMD2a
4
-5.464980000000001 0.4665
7.17723 0.4665
7.17723 0.4875
-5.464980000000001 0.4875
5.2

IMD2b
4
-5.464980000000001 0.4875
7.17723 0.4875
7.17723 0.5025
-5.464980000000001 0.5025
4.2

IMD2c
4
-5.464980000000001 0.5025
7.17723 0.5025
7.17723 0.5265
-5.464980000000001 0.5265
3.28

IMD2d1+IMD2d2
4
-5.464980000000001 0.5265
7.17723 0.5265
7.17723 0.6535
-5.464980000000001 0.6535
2.65

IMD3a
4
-5.464980000000001 0.6535
7.17723 0.6535
7.17723 0.6745
-5.464980000000001 0.6745
5.2

IMD3b
4
-5.464980000000001 0.6745
7.17723 0.6745
7.17723 0.6895
-5.464980000000001 0.6895
4.2

IMD3c
4
-5.464980000000001 0.6895
7.17723 0.6895
7.17723 0.7135
-5.464980000000001 0.7135
3.28

IMD4a
4
-5.464980000000001 0.8405
7.17723 0.8405
7.17723 0.8615
-5.464980000000001 0.8615
5.2

IMD4b
4
-5.464980000000001 0.8615
7.17723 0.8615
7.17723 0.8765
-5.464980000000001 0.8765
4.2

IMD4c
4
-5.464980000000001 0.8765
7.17723 0.8765
7.17723 0.9005
-5.464980000000001 0.9005
3.28

IMD4d1+IMD4d2
4
-5.464980000000001 0.9005
7.17723 0.9005
7.17723 1.0275
-5.464980000000001 1.0275
2.65

IMD5a
4
-5.464980000000001 1.0275
7.17723 1.0275
7.17723 1.0485
-5.464980000000001 1.0485
5.2

IMD5b
4
-5.464980000000001 1.0485
7.17723 1.0485
7.17723 1.0635
-5.464980000000001 1.0635
4.2

IMD5c
4
-5.464980000000001 1.0635
7.17723 1.0635
7.17723 1.0875
-5.464980000000001 1.0875
3.28

IMD5d1+IMD5d2
4
-5.464980000000001 1.0875
7.17723 1.0875
7.17723 1.2145
-5.464980000000001 1.2145
2.65

IMD6a
4
-5.464980000000001 1.2145
7.17723 1.2145
7.17723 1.2355
-5.464980000000001 1.2355
5.2

IMD6b
4
-5.464980000000001 1.2355
7.17723 1.2355
7.17723 1.2505
-5.464980000000001 1.2505
4.2

IMD6c
4
-5.464980000000001 1.2505
7.17723 1.2505
7.17723 1.2745
-5.464980000000001 1.2745
3.28

IMD6d1+IMD6d2
4
-5.464980000000001 1.2745
7.17723 1.2745
7.17723 1.4015
-5.464980000000001 1.4015
2.65

IMD7a
4
-5.464980000000001 1.4015
7.17723 1.4015
7.17723 1.4765
-5.464980000000001 1.4765
5.2

IMD7b1+IMD7b2
4
-5.464980000000001 1.4765
7.17723 1.4765
7.17723 2.9765
-5.464980000000001 2.9765
4.2

IMD8a
4
-5.464980000000001 2.9765
7.17723 2.9765
7.17723 3.0515
-5.464980000000001 3.0515
5.2

IMD8b1+IMD8b2
4
-5.464980000000001 3.0515
7.17723 3.0515
7.17723 4.5515
-5.464980000000001 4.5515
4.2

PASS1
4
-5.464980000000001 4.5515
7.17723 4.5515
7.17723 4.6265
-5.464980000000001 4.6265
7.0

PASS2
4
-5.464980000000001 4.6265
7.17723 4.6265
7.17723 5.0265
-5.464980000000001 5.0265
4.2

PASS3
4
-5.464980000000001 5.0265
7.17723 5.0265
7.17723 5.1015
-5.464980000000001 5.1015
7.0

PASS4+PASS5
4
-5.464980000000001 5.1015
7.17723 5.1015
7.17723 6.0515
-5.464980000000001 6.0515
4.2

PASS6
4
-5.464980000000001 6.0515
7.17723 6.0515
7.17723 6.6515
-5.464980000000001 6.6515
7.0

air_Layer
4
-5.464980000000001 6.6515
7.17723 6.6515
7.17723 6.9485
-5.464980000000001 6.9485
1.0


4
-5.464980000000001 0.001
7.17723 0.001
7.17723 6.9485
-5.464980000000001 6.9485

