c1
4
-0.015009999999999999 1.3025
0.015009999999999999 1.3025
0.020989999999999998 1.4015
-0.020989999999999998 1.4015

3
botleft
4
-5.05998 -0.001
0 -0.001
0 0.001
-5.05998 0.001

botright
4
0 -0.001
7.14348 -0.001
7.14348 0.001
0 0.001

c2
4
0.17848999999999998 1.3025
1.1535099999999998 1.3025
1.15949 1.4015
0.17250999999999997 1.4015


47
IMD6d1_damage
4
-0.024423999999999998 1.2925
0.024423999999999998 1.2925
0.025027999999999998 1.3025
-0.025027999999999998 1.3025
3.1

IMD6d1_damage
4
0.16907599999999995 1.2925
1.1629239999999998 1.2925
1.163528 1.3025
0.16847199999999996 1.3025
3.1

IMD6d2_damage
4
-0.020019 1.3025
-0.015009999999999999 1.3025
-0.020989999999999998 1.4015
-0.025998999999999998 1.4015
2.9

IMD6d2_damage
4
0.015009999999999999 1.3025
0.020019 1.3025
0.025998999999999998 1.4015
0.020989999999999998 1.4015
2.9

IMD6d2_damage
4
0.17348099999999997 1.3025
0.17848999999999998 1.3025
0.17250999999999997 1.4015
0.16750099999999996 1.4015
2.9

IMD6d2_damage
4
1.1535099999999998 1.3025
1.1585189999999999 1.3025
1.164499 1.4015
1.15949 1.4015
2.9

IMD6d2
4
-5.05998 1.3025
-0.020019 1.3025
-0.025998999999999998 1.4015
-5.05998 1.4015
2.65

IMD6d2
4
0.020019 1.3025
0.17348099999999997 1.3025
0.16750099999999996 1.4015
0.025998999999999998 1.4015
2.65

IMD6d2
4
1.1585189999999999 1.3025
7.14348 1.3025
7.14348 1.4015
1.164499 1.4015
2.65

IMD6d1
4
-5.05998 1.2925
-0.024423999999999998 1.2925
-0.025027999999999998 1.3025
-5.05998 1.3025
2.65

IMD6d1
4
0.024423999999999998 1.2925
0.16907599999999995 1.2925
0.16847199999999996 1.3025
0.025027999999999998 1.3025
2.65

IMD6d1
4
1.1629239999999998 1.2925
7.14348 1.2925
7.14348 1.3025
1.163528 1.3025
2.65

IMD6d1
4
-5.05998 1.2745
7.14348 1.2745
7.14348 1.2925
-5.05998 1.2925
2.65

FOXA+FOXB+TOX
4
-5.05998 0.001
7.14348 0.001
7.14348 0.2665
-5.05998 0.2665
4.0

ILD1a
4
-5.05998 0.2665
7.14348 0.2665
7.14348 0.2765
-5.05998 0.2765
7.0

ILD1b1+ILD1b2+ILD1b3
4
-5.05998 0.2765
7.14348 0.2765
7.14348 0.3955
-5.05998 0.3955
4.0

IMD1a
4
-5.05998 0.3955
7.14348 0.3955
7.14348 0.4065
-5.05998 0.4065
5.2

IMD1b
4
-5.05998 0.4065
7.14348 0.4065
7.14348 0.4665
-5.05998 0.4665
2.8

IMD2a
4
-5.05998 0.4665
7.14348 0.4665
7.14348 0.4875
-5.05998 0.4875
5.2

IMD2b
4
-5.05998 0.4875
7.14348 0.4875
7.14348 0.5025
-5.05998 0.5025
4.2

IMD2c
4
-5.05998 0.5025
7.14348 0.5025
7.14348 0.5265
-5.05998 0.5265
3.28

IMD2d1+IMD2d2
4
-5.05998 0.5265
7.14348 0.5265
7.14348 0.6535
-5.05998 0.6535
2.65

IMD3a
4
-5.05998 0.6535
7.14348 0.6535
7.14348 0.6745
-5.05998 0.6745
5.2

IMD3b
4
-5.05998 0.6745
7.14348 0.6745
7.14348 0.6895
-5.05998 0.6895
4.2

IMD3c
4
-5.05998 0.6895
7.14348 0.6895
7.14348 0.7135
-5.05998 0.7135
3.28

IMD3d1+IMD3d2
4
-5.05998 0.7135
7.14348 0.7135
7.14348 0.8405
-5.05998 0.8405
2.65

IMD4a
4
-5.05998 0.8405
7.14348 0.8405
7.14348 0.8615
-5.05998 0.8615
5.2

IMD4b
4
-5.05998 0.8615
7.14348 0.8615
7.14348 0.8765
-5.05998 0.8765
4.2

IMD4c
4
-5.05998 0.8765
7.14348 0.8765
7.14348 0.9005
-5.05998 0.9005
3.28

IMD4d1+IMD4d2
4
-5.05998 0.9005
7.14348 0.9005
7.14348 1.0275
-5.05998 1.0275
2.65

IMD5a
4
-5.05998 1.0275
7.14348 1.0275
7.14348 1.0485
-5.05998 1.0485
5.2

IMD5b
4
-5.05998 1.0485
7.14348 1.0485
7.14348 1.0635
-5.05998 1.0635
4.2

IMD5c
4
-5.05998 1.0635
7.14348 1.0635
7.14348 1.0875
-5.05998 1.0875
3.28

IMD5d1+IMD5d2
4
-5.05998 1.0875
7.14348 1.0875
7.14348 1.2145
-5.05998 1.2145
2.65

IMD6a
4
-5.05998 1.2145
7.14348 1.2145
7.14348 1.2355
-5.05998 1.2355
5.2

IMD6b
4
-5.05998 1.2355
7.14348 1.2355
7.14348 1.2505
-5.05998 1.2505
4.2

IMD6c
4
-5.05998 1.2505
7.14348 1.2505
7.14348 1.2745
-5.05998 1.2745
3.28

IMD7a
4
-5.05998 1.4015
7.14348 1.4015
7.14348 1.4765
-5.05998 1.4765
5.2

IMD7b1+IMD7b2
4
-5.05998 1.4765
7.14348 1.4765
7.14348 2.9765
-5.05998 2.9765
4.2

IMD8a
4
-5.05998 2.9765
7.14348 2.9765
7.14348 3.0515
-5.05998 3.0515
5.2

IMD8b1+IMD8b2
4
-5.05998 3.0515
7.14348 3.0515
7.14348 4.5515
-5.05998 4.5515
4.2

PASS1
4
-5.05998 4.5515
7.14348 4.5515
7.14348 4.6265
-5.05998 4.6265
7.0

PASS2
4
-5.05998 4.6265
7.14348 4.6265
7.14348 5.0265
-5.05998 5.0265
4.2

PASS3
4
-5.05998 5.0265
7.14348 5.0265
7.14348 5.1015
-5.05998 5.1015
7.0

PASS4+PASS5
4
-5.05998 5.1015
7.14348 5.1015
7.14348 6.0515
-5.05998 6.0515
4.2

PASS6
4
-5.05998 6.0515
7.14348 6.0515
7.14348 6.6515
-5.05998 6.6515
7.0

air_Layer
4
-5.05998 6.6515
7.14348 6.6515
7.14348 6.9485
-5.05998 6.9485
1.0


4
-5.05998 0.001
7.14348 0.001
7.14348 6.9485
-5.05998 6.9485

