c2
4
-0.01951 0.9285000000000001
0.01951 0.9285000000000001
0.02549 1.0275
-0.02549 1.0275

6
botleft
4
-6.35 -0.001
0 -0.001
0 0.001
-6.35 0.001

botright
4
0 -0.001
7.43 -0.001
7.43 0.001
0 0.001

c4
4
0.20548999999999998 0.9285000000000001
0.24450999999999998 0.9285000000000001
0.25049 1.0275
0.19950999999999997 1.0275

c1left
4
-0.44700999999999996 0.7415
0 0.7415
0 0.8405
-0.45298999999999995 0.8405

c1
4
0 0.7415
0.44700999999999996 0.7415
0.45298999999999995 0.8405
0 0.8405

c3
4
0.6329899999999998 0.7415
1.5270099999999995 0.7415
1.5329899999999996 0.8405
0.6270099999999998 0.8405


59
IMD3d1_damage
4
-0.45642399999999994 0.7315
0.45642399999999994 0.7315
0.45702799999999993 0.7415
-0.45702799999999993 0.7415
3.1

IMD3d1_damage
4
0.6235759999999999 0.7315
1.5364239999999996 0.7315
1.5370279999999996 0.7415
0.6229719999999999 0.7415
3.1

IMD3d2_damage
4
-0.45201899999999995 0.7415
-0.44700999999999996 0.7415
-0.45298999999999995 0.8405
-0.45799899999999993 0.8405
2.9

IMD3d2_damage
4
0.44700999999999996 0.7415
0.45201899999999995 0.7415
0.45799899999999993 0.8405
0.45298999999999995 0.8405
2.9

IMD3d2_damage
4
0.6279809999999998 0.7415
0.6329899999999998 0.7415
0.6270099999999998 0.8405
0.6220009999999998 0.8405
2.9

IMD3d2_damage
4
1.5270099999999995 0.7415
1.5320189999999996 0.7415
1.5379989999999997 0.8405
1.5329899999999996 0.8405
2.9

IMD4d1_damage
4
-0.028924 0.9185000000000001
0.028924 0.9185000000000001
0.029528 0.9285000000000001
-0.029528 0.9285000000000001
3.1

IMD4d1_damage
4
0.19607599999999997 0.9185000000000001
0.253924 0.9185000000000001
0.254528 0.9285000000000001
0.19547199999999998 0.9285000000000001
3.1

IMD4d2_damage
4
-0.024519 0.9285000000000001
-0.01951 0.9285000000000001
-0.02549 1.0275
-0.030499 1.0275
2.9

IMD4d2_damage
4
0.01951 0.9285000000000001
0.024519 0.9285000000000001
0.030499 1.0275
0.02549 1.0275
2.9

IMD4d2_damage
4
0.20048099999999996 0.9285000000000001
0.20548999999999998 0.9285000000000001
0.19950999999999997 1.0275
0.19450099999999995 1.0275
2.9

IMD4d2_damage
4
0.24450999999999998 0.9285000000000001
0.249519 0.9285000000000001
0.255499 1.0275
0.25049 1.0275
2.9

IMD3d2
4
-6.35 0.7415
-0.45201899999999995 0.7415
-0.45799899999999993 0.8405
-6.35 0.8405
2.65

IMD3d2
4
0.45201899999999995 0.7415
0.6279809999999998 0.7415
0.6220009999999998 0.8405
0.45799899999999993 0.8405
2.65

IMD3d2
4
1.5320189999999996 0.7415
7.43 0.7415
7.43 0.8405
1.5379989999999997 0.8405
2.65

IMD3d1
4
-6.35 0.7315
-0.45642399999999994 0.7315
-0.45702799999999993 0.7415
-6.35 0.7415
2.65

IMD3d1
4
0.45642399999999994 0.7315
0.6235759999999999 0.7315
0.6229719999999999 0.7415
0.45702799999999993 0.7415
2.65

IMD3d1
4
1.5364239999999996 0.7315
7.43 0.7315
7.43 0.7415
1.5370279999999996 0.7415
2.65

IMD3d1
4
-6.35 0.7135
7.43 0.7135
7.43 0.7315
-6.35 0.7315
2.65

IMD4d2
4
-6.35 0.9285000000000001
-0.024519 0.9285000000000001
-0.030499 1.0275
-6.35 1.0275
2.65

IMD4d2
4
0.024519 0.9285000000000001
0.20048099999999996 0.9285000000000001
0.19450099999999995 1.0275
0.030499 1.0275
2.65

IMD4d2
4
0.249519 0.9285000000000001
7.43 0.9285000000000001
7.43 1.0275
0.255499 1.0275
2.65

IMD4d1
4
-6.35 0.9185000000000001
-0.028924 0.9185000000000001
-0.029528 0.9285000000000001
-6.35 0.9285000000000001
2.65

IMD4d1
4
0.028924 0.9185000000000001
0.19607599999999997 0.9185000000000001
0.19547199999999998 0.9285000000000001
0.029528 0.9285000000000001
2.65

IMD4d1
4
0.253924 0.9185000000000001
7.43 0.9185000000000001
7.43 0.9285000000000001
0.254528 0.9285000000000001
2.65

IMD4d1
4
-6.35 0.9005
7.43 0.9005
7.43 0.9185000000000001
-6.35 0.9185000000000001
2.65

FOXA+FOXB+TOX
4
-6.35 0.001
7.43 0.001
7.43 0.2665
-6.35 0.2665
4.0

ILD1a
4
-6.35 0.2665
7.43 0.2665
7.43 0.2765
-6.35 0.2765
7.0

ILD1b1+ILD1b2+ILD1b3
4
-6.35 0.2765
7.43 0.2765
7.43 0.3955
-6.35 0.3955
4.0

IMD1a
4
-6.35 0.3955
7.43 0.3955
7.43 0.4065
-6.35 0.4065
5.2

IMD1b
4
-6.35 0.4065
7.43 0.4065
7.43 0.4665
-6.35 0.4665
2.8

IMD2a
4
-6.35 0.4665
7.43 0.4665
7.43 0.4875
-6.35 0.4875
5.2

IMD2b
4
-6.35 0.4875
7.43 0.4875
7.43 0.5025
-6.35 0.5025
4.2

IMD2c
4
-6.35 0.5025
7.43 0.5025
7.43 0.5265
-6.35 0.5265
3.28

IMD2d1+IMD2d2
4
-6.35 0.5265
7.43 0.5265
7.43 0.6535
-6.35 0.6535
2.65

IMD3a
4
-6.35 0.6535
7.43 0.6535
7.43 0.6745
-6.35 0.6745
5.2

IMD3b
4
-6.35 0.6745
7.43 0.6745
7.43 0.6895
-6.35 0.6895
4.2

IMD3c
4
-6.35 0.6895
7.43 0.6895
7.43 0.7135
-6.35 0.7135
3.28

IMD4a
4
-6.35 0.8405
7.43 0.8405
7.43 0.8615
-6.35 0.8615
5.2

IMD4b
4
-6.35 0.8615
7.43 0.8615
7.43 0.8765
-6.35 0.8765
4.2

IMD4c
4
-6.35 0.8765
7.43 0.8765
7.43 0.9005
-6.35 0.9005
3.28

IMD5a
4
-6.35 1.0275
7.43 1.0275
7.43 1.0485
-6.35 1.0485
5.2

IMD5b
4
-6.35 1.0485
7.43 1.0485
7.43 1.0635
-6.35 1.0635
4.2

IMD5c
4
-6.35 1.0635
7.43 1.0635
7.43 1.0875
-6.35 1.0875
3.28

IMD5d1+IMD5d2
4
-6.35 1.0875
7.43 1.0875
7.43 1.2145
-6.35 1.2145
2.65

IMD6a
4
-6.35 1.2145
7.43 1.2145
7.43 1.2355
-6.35 1.2355
5.2

IMD6b
4
-6.35 1.2355
7.43 1.2355
7.43 1.2505
-6.35 1.2505
4.2

IMD6c
4
-6.35 1.2505
7.43 1.2505
7.43 1.2745
-6.35 1.2745
3.28

IMD6d1+IMD6d2
4
-6.35 1.2745
7.43 1.2745
7.43 1.4015
-6.35 1.4015
2.65

IMD7a
4
-6.35 1.4015
7.43 1.4015
7.43 1.4765
-6.35 1.4765
5.2

IMD7b1+IMD7b2
4
-6.35 1.4765
7.43 1.4765
7.43 2.9765
-6.35 2.9765
4.2

IMD8a
4
-6.35 2.9765
7.43 2.9765
7.43 3.0515
-6.35 3.0515
5.2

IMD8b1+IMD8b2
4
-6.35 3.0515
7.43 3.0515
7.43 4.5515
-6.35 4.5515
4.2

PASS1
4
-6.35 4.5515
7.43 4.5515
7.43 4.6265
-6.35 4.6265
7.0

PASS2
4
-6.35 4.6265
7.43 4.6265
7.43 5.0265
-6.35 5.0265
4.2

PASS3
4
-6.35 5.0265
7.43 5.0265
7.43 5.1015
-6.35 5.1015
7.0

PASS4+PASS5
4
-6.35 5.1015
7.43 5.1015
7.43 6.0515
-6.35 6.0515
4.2

PASS6
4
-6.35 6.0515
7.43 6.0515
7.43 6.6515
-6.35 6.6515
7.0

air_Layer
4
-6.35 6.6515
7.43 6.6515
7.43 6.9485
-6.35 6.9485
1.0


4
-6.35 0.001
7.43 0.001
7.43 6.9485
-6.35 6.9485

