c2
4
-0.01951 1.3025
0.01951 1.3025
0.02549 1.4015
-0.02549 1.4015

6
botleft
4
-6.35 -0.001
0 -0.001
0 0.001
-6.35 0.001

botright
4
0 -0.001
7.2725 -0.001
7.2725 0.001
0 0.001

c4
4
0.047990000000000005 1.3025
0.08701 1.3025
0.09299 1.4015
0.042010000000000006 1.4015

c1left
4
-0.44700999999999996 1.1155
0 1.1155
0 1.2145
-0.45298999999999995 1.2145

c1
4
0 1.1155
0.44700999999999996 1.1155
0.45298999999999995 1.2145
0 1.2145

c3
4
0.4754899999999999 1.1155
1.3695099999999998 1.1155
1.3754899999999999 1.2145
0.4695099999999999 1.2145


59
IMD5d1_damage
4
-0.45642399999999994 1.1055
0.45642399999999994 1.1055
0.45702799999999993 1.1155
-0.45702799999999993 1.1155
3.1

IMD5d1_damage
4
0.46607599999999993 1.1055
1.3789239999999998 1.1055
1.3795279999999999 1.1155
0.46547199999999994 1.1155
3.1

IMD5d2_damage
4
-0.45201899999999995 1.1155
-0.44700999999999996 1.1155
-0.45298999999999995 1.2145
-0.45799899999999993 1.2145
2.9

IMD5d2_damage
4
0.44700999999999996 1.1155
0.45201899999999995 1.1155
0.45799899999999993 1.2145
0.45298999999999995 1.2145
2.9

IMD5d2_damage
4
0.4704809999999999 1.1155
0.4754899999999999 1.1155
0.4695099999999999 1.2145
0.46450099999999994 1.2145
2.9

IMD5d2_damage
4
1.3695099999999998 1.1155
1.3745189999999998 1.1155
1.380499 1.2145
1.3754899999999999 1.2145
2.9

IMD6d1_damage
4
-0.028924 1.2925
0.028924 1.2925
0.029528 1.3025
-0.029528 1.3025
3.1

IMD6d1_damage
4
0.038576000000000006 1.2925
0.09642400000000001 1.2925
0.097028 1.3025
0.037972000000000006 1.3025
3.1

IMD6d2_damage
4
-0.024519 1.3025
-0.01951 1.3025
-0.02549 1.4015
-0.030499 1.4015
2.9

IMD6d2_damage
4
0.01951 1.3025
0.024519 1.3025
0.030499 1.4015
0.02549 1.4015
2.9

IMD6d2_damage
4
0.042981000000000005 1.3025
0.047990000000000005 1.3025
0.042010000000000006 1.4015
0.037001000000000006 1.4015
2.9

IMD6d2_damage
4
0.08701 1.3025
0.092019 1.3025
0.097999 1.4015
0.09299 1.4015
2.9

IMD5d2
4
-6.35 1.1155
-0.45201899999999995 1.1155
-0.45799899999999993 1.2145
-6.35 1.2145
2.65

IMD5d2
4
0.45201899999999995 1.1155
0.4704809999999999 1.1155
0.46450099999999994 1.2145
0.45799899999999993 1.2145
2.65

IMD5d2
4
1.3745189999999998 1.1155
7.2725 1.1155
7.2725 1.2145
1.380499 1.2145
2.65

IMD5d1
4
-6.35 1.1055
-0.45642399999999994 1.1055
-0.45702799999999993 1.1155
-6.35 1.1155
2.65

IMD5d1
4
0.45642399999999994 1.1055
0.46607599999999993 1.1055
0.46547199999999994 1.1155
0.45702799999999993 1.1155
2.65

IMD5d1
4
1.3789239999999998 1.1055
7.2725 1.1055
7.2725 1.1155
1.3795279999999999 1.1155
2.65

IMD5d1
4
-6.35 1.0875
7.2725 1.0875
7.2725 1.1055
-6.35 1.1055
2.65

IMD6d2
4
-6.35 1.3025
-0.024519 1.3025
-0.030499 1.4015
-6.35 1.4015
2.65

IMD6d2
4
0.024519 1.3025
0.042981000000000005 1.3025
0.037001000000000006 1.4015
0.030499 1.4015
2.65

IMD6d2
4
0.092019 1.3025
7.2725 1.3025
7.2725 1.4015
0.097999 1.4015
2.65

IMD6d1
4
-6.35 1.2925
-0.028924 1.2925
-0.029528 1.3025
-6.35 1.3025
2.65

IMD6d1
4
0.028924 1.2925
0.038576000000000006 1.2925
0.037972000000000006 1.3025
0.029528 1.3025
2.65

IMD6d1
4
0.09642400000000001 1.2925
7.2725 1.2925
7.2725 1.3025
0.097028 1.3025
2.65

IMD6d1
4
-6.35 1.2745
7.2725 1.2745
7.2725 1.2925
-6.35 1.2925
2.65

FOXA+FOXB+TOX
4
-6.35 0.001
7.2725 0.001
7.2725 0.2665
-6.35 0.2665
4.0

ILD1a
4
-6.35 0.2665
7.2725 0.2665
7.2725 0.2765
-6.35 0.2765
7.0

ILD1b1+ILD1b2+ILD1b3
4
-6.35 0.2765
7.2725 0.2765
7.2725 0.3955
-6.35 0.3955
4.0

IMD1a
4
-6.35 0.3955
7.2725 0.3955
7.2725 0.4065
-6.35 0.4065
5.2

IMD1b
4
-6.35 0.4065
7.2725 0.4065
7.2725 0.4665
-6.35 0.4665
2.8

IMD2a
4
-6.35 0.4665
7.2725 0.4665
7.2725 0.4875
-6.35 0.4875
5.2

IMD2b
4
-6.35 0.4875
7.2725 0.4875
7.2725 0.5025
-6.35 0.5025
4.2

IMD2c
4
-6.35 0.5025
7.2725 0.5025
7.2725 0.5265
-6.35 0.5265
3.28

IMD2d1+IMD2d2
4
-6.35 0.5265
7.2725 0.5265
7.2725 0.6535
-6.35 0.6535
2.65

IMD3a
4
-6.35 0.6535
7.2725 0.6535
7.2725 0.6745
-6.35 0.6745
5.2

IMD3b
4
-6.35 0.6745
7.2725 0.6745
7.2725 0.6895
-6.35 0.6895
4.2

IMD3c
4
-6.35 0.6895
7.2725 0.6895
7.2725 0.7135
-6.35 0.7135
3.28

IMD3d1+IMD3d2
4
-6.35 0.7135
7.2725 0.7135
7.2725 0.8405
-6.35 0.8405
2.65

IMD4a
4
-6.35 0.8405
7.2725 0.8405
7.2725 0.8615
-6.35 0.8615
5.2

IMD4b
4
-6.35 0.8615
7.2725 0.8615
7.2725 0.8765
-6.35 0.8765
4.2

IMD4c
4
-6.35 0.8765
7.2725 0.8765
7.2725 0.9005
-6.35 0.9005
3.28

IMD4d1+IMD4d2
4
-6.35 0.9005
7.2725 0.9005
7.2725 1.0275
-6.35 1.0275
2.65

IMD5a
4
-6.35 1.0275
7.2725 1.0275
7.2725 1.0485
-6.35 1.0485
5.2

IMD5b
4
-6.35 1.0485
7.2725 1.0485
7.2725 1.0635
-6.35 1.0635
4.2

IMD5c
4
-6.35 1.0635
7.2725 1.0635
7.2725 1.0875
-6.35 1.0875
3.28

IMD6a
4
-6.35 1.2145
7.2725 1.2145
7.2725 1.2355
-6.35 1.2355
5.2

IMD6b
4
-6.35 1.2355
7.2725 1.2355
7.2725 1.2505
-6.35 1.2505
4.2

IMD6c
4
-6.35 1.2505
7.2725 1.2505
7.2725 1.2745
-6.35 1.2745
3.28

IMD7a
4
-6.35 1.4015
7.2725 1.4015
7.2725 1.4765
-6.35 1.4765
5.2

IMD7b1+IMD7b2
4
-6.35 1.4765
7.2725 1.4765
7.2725 2.9765
-6.35 2.9765
4.2

IMD8a
4
-6.35 2.9765
7.2725 2.9765
7.2725 3.0515
-6.35 3.0515
5.2

IMD8b1+IMD8b2
4
-6.35 3.0515
7.2725 3.0515
7.2725 4.5515
-6.35 4.5515
4.2

PASS1
4
-6.35 4.5515
7.2725 4.5515
7.2725 4.6265
-6.35 4.6265
7.0

PASS2
4
-6.35 4.6265
7.2725 4.6265
7.2725 5.0265
-6.35 5.0265
4.2

PASS3
4
-6.35 5.0265
7.2725 5.0265
7.2725 5.1015
-6.35 5.1015
7.0

PASS4+PASS5
4
-6.35 5.1015
7.2725 5.1015
7.2725 6.0515
-6.35 6.0515
4.2

PASS6
4
-6.35 6.0515
7.2725 6.0515
7.2725 6.6515
-6.35 6.6515
7.0

air_Layer
4
-6.35 6.6515
7.2725 6.6515
7.2725 6.9485
-6.35 6.9485
1.0


4
-6.35 0.001
7.2725 0.001
7.2725 6.9485
-6.35 6.9485

