c2
4
-0.019510000000000013 0.9285000000000001
0.019510000000000013 0.9285000000000001
0.025490000000000013 1.0275
-0.025490000000000013 1.0275

10
botleft
4
-2.165 -0.001
0 -0.001
0 0.001
-2.165 0.001

botright
4
0 -0.001
1.445 -0.001
1.445 0.001
0 0.001

ltEnv
4
-0.37951 0.9285000000000001
-0.34048999999999996 0.9285000000000001
-0.33451 1.0275
-0.38549 1.0275

c4
4
0.11549 0.9285000000000001
0.15451 0.9285000000000001
0.16049000000000002 1.0275
0.10951 1.0275

rtEnv
4
0.47548999999999997 0.9285000000000001
0.51451 0.9285000000000001
0.52049 1.0275
0.46951 1.0275

lbEnv
4
-1.6620099999999998 0.7415
-0.76799 0.7415
-0.76201 0.8405
-1.6679899999999999 0.8405

c1left
4
-0.44701 0.7415
0 0.7415
0 0.8405
-0.45299 0.8405

c1
4
0 0.7415
0.44701 0.7415
0.45299 0.8405
0 0.8405

c3
4
0.5429900000000002 0.7415
0.5820100000000002 0.7415
0.5879900000000002 0.8405
0.5370100000000002 0.8405

rbEnv
4
0.9029900000000001 0.7415
0.9420100000000001 0.7415
0.9479900000000001 0.8405
0.8970100000000001 0.8405


79
IMD3d1_damage
4
-1.6714239999999998 0.7315
-0.758576 0.7315
-0.757972 0.7415
-1.6720279999999998 0.7415
3.1

IMD3d1_damage
4
-0.456424 0.7315
0.456424 0.7315
0.457028 0.7415
-0.457028 0.7415
3.1

IMD3d1_damage
4
0.5335760000000003 0.7315
0.5914240000000002 0.7315
0.5920280000000002 0.7415
0.5329720000000002 0.7415
3.1

IMD3d1_damage
4
0.8935760000000001 0.7315
0.951424 0.7315
0.9520280000000001 0.7415
0.8929720000000001 0.7415
3.1

IMD3d2_damage
4
-1.6670189999999998 0.7415
-1.6620099999999998 0.7415
-1.6679899999999999 0.8405
-1.672999 0.8405
2.9

IMD3d2_damage
4
-0.76799 0.7415
-0.7629809999999999 0.7415
-0.7570009999999999 0.8405
-0.76201 0.8405
2.9

IMD3d2_damage
4
-0.452019 0.7415
-0.44701 0.7415
-0.45299 0.8405
-0.457999 0.8405
2.9

IMD3d2_damage
4
0.44701 0.7415
0.452019 0.7415
0.457999 0.8405
0.45299 0.8405
2.9

IMD3d2_damage
4
0.5379810000000002 0.7415
0.5429900000000002 0.7415
0.5370100000000002 0.8405
0.5320010000000002 0.8405
2.9

IMD3d2_damage
4
0.5820100000000002 0.7415
0.5870190000000003 0.7415
0.5929990000000003 0.8405
0.5879900000000002 0.8405
2.9

IMD3d2_damage
4
0.897981 0.7415
0.9029900000000001 0.7415
0.8970100000000001 0.8405
0.892001 0.8405
2.9

IMD3d2_damage
4
0.9420100000000001 0.7415
0.9470190000000002 0.7415
0.9529990000000002 0.8405
0.9479900000000001 0.8405
2.9

IMD4d1_damage
4
-0.388924 0.9185000000000001
-0.331076 0.9185000000000001
-0.330472 0.9285000000000001
-0.389528 0.9285000000000001
3.1

IMD4d1_damage
4
-0.028924000000000012 0.9185000000000001
0.028924000000000012 0.9185000000000001
0.029528000000000013 0.9285000000000001
-0.029528000000000013 0.9285000000000001
3.1

IMD4d1_damage
4
0.10607599999999999 0.9185000000000001
0.16392400000000001 0.9185000000000001
0.164528 0.9285000000000001
0.105472 0.9285000000000001
3.1

IMD4d1_damage
4
0.466076 0.9185000000000001
0.523924 0.9185000000000001
0.524528 0.9285000000000001
0.465472 0.9285000000000001
3.1

IMD4d2_damage
4
-0.384519 0.9285000000000001
-0.37951 0.9285000000000001
-0.38549 1.0275
-0.390499 1.0275
2.9

IMD4d2_damage
4
-0.34048999999999996 0.9285000000000001
-0.335481 0.9285000000000001
-0.329501 1.0275
-0.33451 1.0275
2.9

IMD4d2_damage
4
-0.024519000000000013 0.9285000000000001
-0.019510000000000013 0.9285000000000001
-0.025490000000000013 1.0275
-0.030499000000000012 1.0275
2.9

IMD4d2_damage
4
0.019510000000000013 0.9285000000000001
0.024519000000000013 0.9285000000000001
0.030499000000000012 1.0275
0.025490000000000013 1.0275
2.9

IMD4d2_damage
4
0.110481 0.9285000000000001
0.11549 0.9285000000000001
0.10951 1.0275
0.104501 1.0275
2.9

IMD4d2_damage
4
0.15451 0.9285000000000001
0.15951900000000002 0.9285000000000001
0.16549900000000003 1.0275
0.16049000000000002 1.0275
2.9

IMD4d2_damage
4
0.470481 0.9285000000000001
0.47548999999999997 0.9285000000000001
0.46951 1.0275
0.464501 1.0275
2.9

IMD4d2_damage
4
0.51451 0.9285000000000001
0.5195190000000001 0.9285000000000001
0.525499 1.0275
0.52049 1.0275
2.9

IMD3d2
4
-2.165 0.7415
-1.6670189999999998 0.7415
-1.672999 0.8405
-2.165 0.8405
2.65

IMD3d2
4
-0.7629809999999999 0.7415
-0.452019 0.7415
-0.457999 0.8405
-0.7570009999999999 0.8405
2.65

IMD3d2
4
0.452019 0.7415
0.5379810000000002 0.7415
0.5320010000000002 0.8405
0.457999 0.8405
2.65

IMD3d2
4
0.5870190000000003 0.7415
0.897981 0.7415
0.892001 0.8405
0.5929990000000003 0.8405
2.65

IMD3d2
4
0.9470190000000002 0.7415
1.445 0.7415
1.445 0.8405
0.9529990000000002 0.8405
2.65

IMD3d1
4
-2.165 0.7315
-1.6714239999999998 0.7315
-1.6720279999999998 0.7415
-2.165 0.7415
2.65

IMD3d1
4
-0.758576 0.7315
-0.456424 0.7315
-0.457028 0.7415
-0.757972 0.7415
2.65

IMD3d1
4
0.456424 0.7315
0.5335760000000003 0.7315
0.5329720000000002 0.7415
0.457028 0.7415
2.65

IMD3d1
4
0.5914240000000002 0.7315
0.8935760000000001 0.7315
0.8929720000000001 0.7415
0.5920280000000002 0.7415
2.65

IMD3d1
4
0.951424 0.7315
1.445 0.7315
1.445 0.7415
0.9520280000000001 0.7415
2.65

IMD3d1
4
-2.165 0.7135
1.445 0.7135
1.445 0.7315
-2.165 0.7315
2.65

IMD4d2
4
-2.165 0.9285000000000001
-0.384519 0.9285000000000001
-0.390499 1.0275
-2.165 1.0275
2.65

IMD4d2
4
-0.335481 0.9285000000000001
-0.024519000000000013 0.9285000000000001
-0.030499000000000012 1.0275
-0.329501 1.0275
2.65

IMD4d2
4
0.024519000000000013 0.9285000000000001
0.110481 0.9285000000000001
0.104501 1.0275
0.030499000000000012 1.0275
2.65

IMD4d2
4
0.15951900000000002 0.9285000000000001
0.470481 0.9285000000000001
0.464501 1.0275
0.16549900000000003 1.0275
2.65

IMD4d2
4
0.5195190000000001 0.9285000000000001
1.445 0.9285000000000001
1.445 1.0275
0.525499 1.0275
2.65

IMD4d1
4
-2.165 0.9185000000000001
-0.388924 0.9185000000000001
-0.389528 0.9285000000000001
-2.165 0.9285000000000001
2.65

IMD4d1
4
-0.331076 0.9185000000000001
-0.028924000000000012 0.9185000000000001
-0.029528000000000013 0.9285000000000001
-0.330472 0.9285000000000001
2.65

IMD4d1
4
0.028924000000000012 0.9185000000000001
0.10607599999999999 0.9185000000000001
0.105472 0.9285000000000001
0.029528000000000013 0.9285000000000001
2.65

IMD4d1
4
0.16392400000000001 0.9185000000000001
0.466076 0.9185000000000001
0.465472 0.9285000000000001
0.164528 0.9285000000000001
2.65

IMD4d1
4
0.523924 0.9185000000000001
1.445 0.9185000000000001
1.445 0.9285000000000001
0.524528 0.9285000000000001
2.65

IMD4d1
4
-2.165 0.9005
1.445 0.9005
1.445 0.9185000000000001
-2.165 0.9185000000000001
2.65

FOXA+FOXB+TOX
4
-2.165 0.001
1.445 0.001
1.445 0.2665
-2.165 0.2665
4.0

ILD1a
4
-2.165 0.2665
1.445 0.2665
1.445 0.2765
-2.165 0.2765
7.0

ILD1b1+ILD1b2+ILD1b3
4
-2.165 0.2765
1.445 0.2765
1.445 0.3955
-2.165 0.3955
4.0

IMD1a
4
-2.165 0.3955
1.445 0.3955
1.445 0.4065
-2.165 0.4065
5.2

IMD1b
4
-2.165 0.4065
1.445 0.4065
1.445 0.4665
-2.165 0.4665
2.8

IMD2a
4
-2.165 0.4665
1.445 0.4665
1.445 0.4875
-2.165 0.4875
5.2

IMD2b
4
-2.165 0.4875
1.445 0.4875
1.445 0.5025
-2.165 0.5025
4.2

IMD2c
4
-2.165 0.5025
1.445 0.5025
1.445 0.5265
-2.165 0.5265
3.28

IMD2d1+IMD2d2
4
-2.165 0.5265
1.445 0.5265
1.445 0.6535
-2.165 0.6535
2.65

IMD3a
4
-2.165 0.6535
1.445 0.6535
1.445 0.6745
-2.165 0.6745
5.2

IMD3b
4
-2.165 0.6745
1.445 0.6745
1.445 0.6895
-2.165 0.6895
4.2

IMD3c
4
-2.165 0.6895
1.445 0.6895
1.445 0.7135
-2.165 0.7135
3.28

IMD4a
4
-2.165 0.8405
1.445 0.8405
1.445 0.8615
-2.165 0.8615
5.2

IMD4b
4
-2.165 0.8615
1.445 0.8615
1.445 0.8765
-2.165 0.8765
4.2

IMD4c
4
-2.165 0.8765
1.445 0.8765
1.445 0.9005
-2.165 0.9005
3.28

IMD5a
4
-2.165 1.0275
1.445 1.0275
1.445 1.0485
-2.165 1.0485
5.2

IMD5b
4
-2.165 1.0485
1.445 1.0485
1.445 1.0635
-2.165 1.0635
4.2

IMD5c
4
-2.165 1.0635
1.445 1.0635
1.445 1.0875
-2.165 1.0875
3.28

IMD5d1+IMD5d2
4
-2.165 1.0875
1.445 1.0875
1.445 1.2145
-2.165 1.2145
2.65

IMD6a
4
-2.165 1.2145
1.445 1.2145
1.445 1.2355
-2.165 1.2355
5.2

IMD6b
4
-2.165 1.2355
1.445 1.2355
1.445 1.2505
-2.165 1.2505
4.2

IMD6c
4
-2.165 1.2505
1.445 1.2505
1.445 1.2745
-2.165 1.2745
3.28

IMD6d1+IMD6d2
4
-2.165 1.2745
1.445 1.2745
1.445 1.4015
-2.165 1.4015
2.65

IMD7a
4
-2.165 1.4015
1.445 1.4015
1.445 1.4765
-2.165 1.4765
5.2

IMD7b1+IMD7b2
4
-2.165 1.4765
1.445 1.4765
1.445 2.9765
-2.165 2.9765
4.2

IMD8a
4
-2.165 2.9765
1.445 2.9765
1.445 3.0515
-2.165 3.0515
5.2

IMD8b1+IMD8b2
4
-2.165 3.0515
1.445 3.0515
1.445 4.5515
-2.165 4.5515
4.2

PASS1
4
-2.165 4.5515
1.445 4.5515
1.445 4.6265
-2.165 4.6265
7.0

PASS2
4
-2.165 4.6265
1.445 4.6265
1.445 5.0265
-2.165 5.0265
4.2

PASS3
4
-2.165 5.0265
1.445 5.0265
1.445 5.1015
-2.165 5.1015
7.0

PASS4+PASS5
4
-2.165 5.1015
1.445 5.1015
1.445 6.0515
-2.165 6.0515
4.2

PASS6
4
-2.165 6.0515
1.445 6.0515
1.445 6.6515
-2.165 6.6515
7.0

air_Layer
4
-2.165 6.6515
1.445 6.6515
1.445 6.9485
-2.165 6.9485
1.0


4
-2.165 0.001
1.445 0.001
1.445 6.9485
-2.165 6.9485

