c1
4
-0.06451000000000005 0.9285000000000001
0.06450999999999994 0.9285000000000001
0.07048999999999994 1.0275
-0.07049000000000005 1.0275

10
botleft
4
-1.0175 -0.001
0 -0.001
0 0.001
-1.0175 0.001

botright
4
0 -0.001
1.4225 -0.001
1.4225 0.001
0 0.001

lbEnv
4
-0.5145100000000001 0.9285000000000001
-0.3854900000000001 0.9285000000000001
-0.3795100000000001 1.0275
-0.5204900000000001 1.0275

c3
4
0.52049 0.9285000000000001
0.5595100000000001 0.9285000000000001
0.56549 1.0275
0.51451 1.0275

rbEnv
4
0.8804900000000001 0.9285000000000001
0.9195100000000002 0.9285000000000001
0.9254900000000001 1.0275
0.8745100000000001 1.0275

ltEnv
4
-0.37951 1.1155
-0.34048999999999996 1.1155
-0.33451 1.2145
-0.38549 1.2145

c2left
4
-0.019510000000000013 1.1155
0 1.1155
0 1.2145
-0.025490000000000013 1.2145

c2
4
0 1.1155
0.019510000000000013 1.1155
0.025490000000000013 1.2145
0 1.2145

c4
4
0.47548999999999997 1.1155
0.51451 1.1155
0.52049 1.2145
0.46951 1.2145

rtEnv
4
0.8354900000000001 1.1155
0.8745100000000001 1.1155
0.8804900000000001 1.2145
0.8295100000000001 1.2145


79
IMD4d1_damage
4
-0.5239240000000001 0.9185000000000001
-0.37607600000000013 0.9185000000000001
-0.37547200000000014 0.9285000000000001
-0.5245280000000001 0.9285000000000001
3.1

IMD4d1_damage
4
-0.07392400000000006 0.9185000000000001
0.07392399999999995 0.9185000000000001
0.07452799999999994 0.9285000000000001
-0.07452800000000005 0.9285000000000001
3.1

IMD4d1_damage
4
0.5110760000000001 0.9185000000000001
0.568924 0.9185000000000001
0.569528 0.9285000000000001
0.510472 0.9285000000000001
3.1

IMD4d1_damage
4
0.8710760000000002 0.9185000000000001
0.9289240000000001 0.9185000000000001
0.9295280000000001 0.9285000000000001
0.8704720000000001 0.9285000000000001
3.1

IMD4d2_damage
4
-0.5195190000000002 0.9285000000000001
-0.5145100000000001 0.9285000000000001
-0.5204900000000001 1.0275
-0.5254990000000002 1.0275
2.9

IMD4d2_damage
4
-0.3854900000000001 0.9285000000000001
-0.3804810000000001 0.9285000000000001
-0.37450100000000014 1.0275
-0.3795100000000001 1.0275
2.9

IMD4d2_damage
4
-0.06951900000000005 0.9285000000000001
-0.06451000000000005 0.9285000000000001
-0.07049000000000005 1.0275
-0.07549900000000005 1.0275
2.9

IMD4d2_damage
4
0.06450999999999994 0.9285000000000001
0.06951899999999994 0.9285000000000001
0.07549899999999994 1.0275
0.07048999999999994 1.0275
2.9

IMD4d2_damage
4
0.515481 0.9285000000000001
0.52049 0.9285000000000001
0.51451 1.0275
0.509501 1.0275
2.9

IMD4d2_damage
4
0.5595100000000001 0.9285000000000001
0.5645190000000001 0.9285000000000001
0.5704990000000001 1.0275
0.56549 1.0275
2.9

IMD4d2_damage
4
0.8754810000000001 0.9285000000000001
0.8804900000000001 0.9285000000000001
0.8745100000000001 1.0275
0.8695010000000001 1.0275
2.9

IMD4d2_damage
4
0.9195100000000002 0.9285000000000001
0.9245190000000002 0.9285000000000001
0.9304990000000002 1.0275
0.9254900000000001 1.0275
2.9

IMD5d1_damage
4
-0.388924 1.1055
-0.331076 1.1055
-0.330472 1.1155
-0.389528 1.1155
3.1

IMD5d1_damage
4
-0.028924000000000012 1.1055
0.028924000000000012 1.1055
0.029528000000000013 1.1155
-0.029528000000000013 1.1155
3.1

IMD5d1_damage
4
0.466076 1.1055
0.523924 1.1055
0.524528 1.1155
0.465472 1.1155
3.1

IMD5d1_damage
4
0.8260760000000001 1.1055
0.883924 1.1055
0.8845280000000001 1.1155
0.8254720000000001 1.1155
3.1

IMD5d2_damage
4
-0.384519 1.1155
-0.37951 1.1155
-0.38549 1.2145
-0.390499 1.2145
2.9

IMD5d2_damage
4
-0.34048999999999996 1.1155
-0.335481 1.1155
-0.329501 1.2145
-0.33451 1.2145
2.9

IMD5d2_damage
4
-0.024519000000000013 1.1155
-0.019510000000000013 1.1155
-0.025490000000000013 1.2145
-0.030499000000000012 1.2145
2.9

IMD5d2_damage
4
0.019510000000000013 1.1155
0.024519000000000013 1.1155
0.030499000000000012 1.2145
0.025490000000000013 1.2145
2.9

IMD5d2_damage
4
0.470481 1.1155
0.47548999999999997 1.1155
0.46951 1.2145
0.464501 1.2145
2.9

IMD5d2_damage
4
0.51451 1.1155
0.5195190000000001 1.1155
0.525499 1.2145
0.52049 1.2145
2.9

IMD5d2_damage
4
0.830481 1.1155
0.8354900000000001 1.1155
0.8295100000000001 1.2145
0.824501 1.2145
2.9

IMD5d2_damage
4
0.8745100000000001 1.1155
0.8795190000000002 1.1155
0.8854990000000001 1.2145
0.8804900000000001 1.2145
2.9

IMD4d2
4
-1.0175 0.9285000000000001
-0.5195190000000002 0.9285000000000001
-0.5254990000000002 1.0275
-1.0175 1.0275
2.65

IMD4d2
4
-0.3804810000000001 0.9285000000000001
-0.06951900000000005 0.9285000000000001
-0.07549900000000005 1.0275
-0.37450100000000014 1.0275
2.65

IMD4d2
4
0.06951899999999994 0.9285000000000001
0.515481 0.9285000000000001
0.509501 1.0275
0.07549899999999994 1.0275
2.65

IMD4d2
4
0.5645190000000001 0.9285000000000001
0.8754810000000001 0.9285000000000001
0.8695010000000001 1.0275
0.5704990000000001 1.0275
2.65

IMD4d2
4
0.9245190000000002 0.9285000000000001
1.4225 0.9285000000000001
1.4225 1.0275
0.9304990000000002 1.0275
2.65

IMD4d1
4
-1.0175 0.9185000000000001
-0.5239240000000001 0.9185000000000001
-0.5245280000000001 0.9285000000000001
-1.0175 0.9285000000000001
2.65

IMD4d1
4
-0.37607600000000013 0.9185000000000001
-0.07392400000000006 0.9185000000000001
-0.07452800000000005 0.9285000000000001
-0.37547200000000014 0.9285000000000001
2.65

IMD4d1
4
0.07392399999999995 0.9185000000000001
0.5110760000000001 0.9185000000000001
0.510472 0.9285000000000001
0.07452799999999994 0.9285000000000001
2.65

IMD4d1
4
0.568924 0.9185000000000001
0.8710760000000002 0.9185000000000001
0.8704720000000001 0.9285000000000001
0.569528 0.9285000000000001
2.65

IMD4d1
4
0.9289240000000001 0.9185000000000001
1.4225 0.9185000000000001
1.4225 0.9285000000000001
0.9295280000000001 0.9285000000000001
2.65

IMD4d1
4
-1.0175 0.9005
1.4225 0.9005
1.4225 0.9185000000000001
-1.0175 0.9185000000000001
2.65

IMD5d2
4
-1.0175 1.1155
-0.384519 1.1155
-0.390499 1.2145
-1.0175 1.2145
2.65

IMD5d2
4
-0.335481 1.1155
-0.024519000000000013 1.1155
-0.030499000000000012 1.2145
-0.329501 1.2145
2.65

IMD5d2
4
0.024519000000000013 1.1155
0.470481 1.1155
0.464501 1.2145
0.030499000000000012 1.2145
2.65

IMD5d2
4
0.5195190000000001 1.1155
0.830481 1.1155
0.824501 1.2145
0.525499 1.2145
2.65

IMD5d2
4
0.8795190000000002 1.1155
1.4225 1.1155
1.4225 1.2145
0.8854990000000001 1.2145
2.65

IMD5d1
4
-1.0175 1.1055
-0.388924 1.1055
-0.389528 1.1155
-1.0175 1.1155
2.65

IMD5d1
4
-0.331076 1.1055
-0.028924000000000012 1.1055
-0.029528000000000013 1.1155
-0.330472 1.1155
2.65

IMD5d1
4
0.028924000000000012 1.1055
0.466076 1.1055
0.465472 1.1155
0.029528000000000013 1.1155
2.65

IMD5d1
4
0.523924 1.1055
0.8260760000000001 1.1055
0.8254720000000001 1.1155
0.524528 1.1155
2.65

IMD5d1
4
0.883924 1.1055
1.4225 1.1055
1.4225 1.1155
0.8845280000000001 1.1155
2.65

IMD5d1
4
-1.0175 1.0875
1.4225 1.0875
1.4225 1.1055
-1.0175 1.1055
2.65

FOXA+FOXB+TOX
4
-1.0175 0.001
1.4225 0.001
1.4225 0.2665
-1.0175 0.2665
4.0

ILD1a
4
-1.0175 0.2665
1.4225 0.2665
1.4225 0.2765
-1.0175 0.2765
7.0

ILD1b1+ILD1b2+ILD1b3
4
-1.0175 0.2765
1.4225 0.2765
1.4225 0.3955
-1.0175 0.3955
4.0

IMD1a
4
-1.0175 0.3955
1.4225 0.3955
1.4225 0.4065
-1.0175 0.4065
5.2

IMD1b
4
-1.0175 0.4065
1.4225 0.4065
1.4225 0.4665
-1.0175 0.4665
2.8

IMD2a
4
-1.0175 0.4665
1.4225 0.4665
1.4225 0.4875
-1.0175 0.4875
5.2

IMD2b
4
-1.0175 0.4875
1.4225 0.4875
1.4225 0.5025
-1.0175 0.5025
4.2

IMD2c
4
-1.0175 0.5025
1.4225 0.5025
1.4225 0.5265
-1.0175 0.5265
3.28

IMD2d1+IMD2d2
4
-1.0175 0.5265
1.4225 0.5265
1.4225 0.6535
-1.0175 0.6535
2.65

IMD3a
4
-1.0175 0.6535
1.4225 0.6535
1.4225 0.6745
-1.0175 0.6745
5.2

IMD3b
4
-1.0175 0.6745
1.4225 0.6745
1.4225 0.6895
-1.0175 0.6895
4.2

IMD3c
4
-1.0175 0.6895
1.4225 0.6895
1.4225 0.7135
-1.0175 0.7135
3.28

IMD3d1+IMD3d2
4
-1.0175 0.7135
1.4225 0.7135
1.4225 0.8405
-1.0175 0.8405
2.65

IMD4a
4
-1.0175 0.8405
1.4225 0.8405
1.4225 0.8615
-1.0175 0.8615
5.2

IMD4b
4
-1.0175 0.8615
1.4225 0.8615
1.4225 0.8765
-1.0175 0.8765
4.2

IMD4c
4
-1.0175 0.8765
1.4225 0.8765
1.4225 0.9005
-1.0175 0.9005
3.28

IMD5a
4
-1.0175 1.0275
1.4225 1.0275
1.4225 1.0485
-1.0175 1.0485
5.2

IMD5b
4
-1.0175 1.0485
1.4225 1.0485
1.4225 1.0635
-1.0175 1.0635
4.2

IMD5c
4
-1.0175 1.0635
1.4225 1.0635
1.4225 1.0875
-1.0175 1.0875
3.28

IMD6a
4
-1.0175 1.2145
1.4225 1.2145
1.4225 1.2355
-1.0175 1.2355
5.2

IMD6b
4
-1.0175 1.2355
1.4225 1.2355
1.4225 1.2505
-1.0175 1.2505
4.2

IMD6c
4
-1.0175 1.2505
1.4225 1.2505
1.4225 1.2745
-1.0175 1.2745
3.28

IMD6d1+IMD6d2
4
-1.0175 1.2745
1.4225 1.2745
1.4225 1.4015
-1.0175 1.4015
2.65

IMD7a
4
-1.0175 1.4015
1.4225 1.4015
1.4225 1.4765
-1.0175 1.4765
5.2

IMD7b1+IMD7b2
4
-1.0175 1.4765
1.4225 1.4765
1.4225 2.9765
-1.0175 2.9765
4.2

IMD8a
4
-1.0175 2.9765
1.4225 2.9765
1.4225 3.0515
-1.0175 3.0515
5.2

IMD8b1+IMD8b2
4
-1.0175 3.0515
1.4225 3.0515
1.4225 4.5515
-1.0175 4.5515
4.2

PASS1
4
-1.0175 4.5515
1.4225 4.5515
1.4225 4.6265
-1.0175 4.6265
7.0

PASS2
4
-1.0175 4.6265
1.4225 4.6265
1.4225 5.0265
-1.0175 5.0265
4.2

PASS3
4
-1.0175 5.0265
1.4225 5.0265
1.4225 5.1015
-1.0175 5.1015
7.0

PASS4+PASS5
4
-1.0175 5.1015
1.4225 5.1015
1.4225 6.0515
-1.0175 6.0515
4.2

PASS6
4
-1.0175 6.0515
1.4225 6.0515
1.4225 6.6515
-1.0175 6.6515
7.0

air_Layer
4
-1.0175 6.6515
1.4225 6.6515
1.4225 6.9485
-1.0175 6.9485
1.0


4
-1.0175 0.001
1.4225 0.001
1.4225 6.9485
-1.0175 6.9485

