c1
4
-0.06451000000000001 0.7415
0.06451000000000001 0.7415
0.07049000000000001 0.8405
-0.07049000000000001 0.8405

6
botleft
4
-5.202500000000001 -0.001
0 -0.001
0 0.001
-5.202500000000001 0.001

botright
4
0 -0.001
5.4275 -0.001
5.4275 0.001
0 0.001

c3
4
0.16049000000000005 0.7415
0.2895100000000001 0.7415
0.2954900000000001 0.8405
0.15451000000000004 0.8405

c2left
4
-0.01951 1.1155
0 1.1155
0 1.2145
-0.02549 1.2145

c2
4
0 1.1155
0.01951 1.1155
0.02549 1.2145
0 1.2145

c4
4
0.11549000000000001 1.1155
0.15451 1.1155
0.16049000000000002 1.2145
0.10951000000000001 1.2145


59
IMD3d1_damage
4
-0.07392400000000002 0.7315
0.07392400000000002 0.7315
0.07452800000000001 0.7415
-0.07452800000000001 0.7415
3.1

IMD3d1_damage
4
0.15107600000000004 0.7315
0.2989240000000001 0.7315
0.29952800000000007 0.7415
0.15047200000000005 0.7415
3.1

IMD3d2_damage
4
-0.06951900000000001 0.7415
-0.06451000000000001 0.7415
-0.07049000000000001 0.8405
-0.07549900000000001 0.8405
2.9

IMD3d2_damage
4
0.06451000000000001 0.7415
0.06951900000000001 0.7415
0.07549900000000001 0.8405
0.07049000000000001 0.8405
2.9

IMD3d2_damage
4
0.15548100000000004 0.7415
0.16049000000000005 0.7415
0.15451000000000004 0.8405
0.14950100000000002 0.8405
2.9

IMD3d2_damage
4
0.2895100000000001 0.7415
0.2945190000000001 0.7415
0.30049900000000007 0.8405
0.2954900000000001 0.8405
2.9

IMD5d1_damage
4
-0.028924 1.1055
0.028924 1.1055
0.029528 1.1155
-0.029528 1.1155
3.1

IMD5d1_damage
4
0.106076 1.1055
0.16392400000000001 1.1055
0.164528 1.1155
0.10547200000000001 1.1155
3.1

IMD5d2_damage
4
-0.024519 1.1155
-0.01951 1.1155
-0.02549 1.2145
-0.030499 1.2145
2.9

IMD5d2_damage
4
0.01951 1.1155
0.024519 1.1155
0.030499 1.2145
0.02549 1.2145
2.9

IMD5d2_damage
4
0.11048100000000001 1.1155
0.11549000000000001 1.1155
0.10951000000000001 1.2145
0.10450100000000001 1.2145
2.9

IMD5d2_damage
4
0.15451 1.1155
0.15951900000000002 1.1155
0.16549900000000003 1.2145
0.16049000000000002 1.2145
2.9

IMD3d2
4
-5.202500000000001 0.7415
-0.06951900000000001 0.7415
-0.07549900000000001 0.8405
-5.202500000000001 0.8405
2.65

IMD3d2
4
0.06951900000000001 0.7415
0.15548100000000004 0.7415
0.14950100000000002 0.8405
0.07549900000000001 0.8405
2.65

IMD3d2
4
0.2945190000000001 0.7415
5.4275 0.7415
5.4275 0.8405
0.30049900000000007 0.8405
2.65

IMD3d1
4
-5.202500000000001 0.7315
-0.07392400000000002 0.7315
-0.07452800000000001 0.7415
-5.202500000000001 0.7415
2.65

IMD3d1
4
0.07392400000000002 0.7315
0.15107600000000004 0.7315
0.15047200000000005 0.7415
0.07452800000000001 0.7415
2.65

IMD3d1
4
0.2989240000000001 0.7315
5.4275 0.7315
5.4275 0.7415
0.29952800000000007 0.7415
2.65

IMD3d1
4
-5.202500000000001 0.7135
5.4275 0.7135
5.4275 0.7315
-5.202500000000001 0.7315
2.65

IMD5d2
4
-5.202500000000001 1.1155
-0.024519 1.1155
-0.030499 1.2145
-5.202500000000001 1.2145
2.65

IMD5d2
4
0.024519 1.1155
0.11048100000000001 1.1155
0.10450100000000001 1.2145
0.030499 1.2145
2.65

IMD5d2
4
0.15951900000000002 1.1155
5.4275 1.1155
5.4275 1.2145
0.16549900000000003 1.2145
2.65

IMD5d1
4
-5.202500000000001 1.1055
-0.028924 1.1055
-0.029528 1.1155
-5.202500000000001 1.1155
2.65

IMD5d1
4
0.028924 1.1055
0.106076 1.1055
0.10547200000000001 1.1155
0.029528 1.1155
2.65

IMD5d1
4
0.16392400000000001 1.1055
5.4275 1.1055
5.4275 1.1155
0.164528 1.1155
2.65

IMD5d1
4
-5.202500000000001 1.0875
5.4275 1.0875
5.4275 1.1055
-5.202500000000001 1.1055
2.65

FOXA+FOXB+TOX
4
-5.202500000000001 0.001
5.4275 0.001
5.4275 0.2665
-5.202500000000001 0.2665
4.0

ILD1a
4
-5.202500000000001 0.2665
5.4275 0.2665
5.4275 0.2765
-5.202500000000001 0.2765
7.0

ILD1b1+ILD1b2+ILD1b3
4
-5.202500000000001 0.2765
5.4275 0.2765
5.4275 0.3955
-5.202500000000001 0.3955
4.0

IMD1a
4
-5.202500000000001 0.3955
5.4275 0.3955
5.4275 0.4065
-5.202500000000001 0.4065
5.2

IMD1b
4
-5.202500000000001 0.4065
5.4275 0.4065
5.4275 0.4665
-5.202500000000001 0.4665
2.8

IMD2a
4
-5.202500000000001 0.4665
5.4275 0.4665
5.4275 0.4875
-5.202500000000001 0.4875
5.2

IMD2b
4
-5.202500000000001 0.4875
5.4275 0.4875
5.4275 0.5025
-5.202500000000001 0.5025
4.2

IMD2c
4
-5.202500000000001 0.5025
5.4275 0.5025
5.4275 0.5265
-5.202500000000001 0.5265
3.28

IMD2d1+IMD2d2
4
-5.202500000000001 0.5265
5.4275 0.5265
5.4275 0.6535
-5.202500000000001 0.6535
2.65

IMD3a
4
-5.202500000000001 0.6535
5.4275 0.6535
5.4275 0.6745
-5.202500000000001 0.6745
5.2

IMD3b
4
-5.202500000000001 0.6745
5.4275 0.6745
5.4275 0.6895
-5.202500000000001 0.6895
4.2

IMD3c
4
-5.202500000000001 0.6895
5.4275 0.6895
5.4275 0.7135
-5.202500000000001 0.7135
3.28

IMD4a
4
-5.202500000000001 0.8405
5.4275 0.8405
5.4275 0.8615
-5.202500000000001 0.8615
5.2

IMD4b
4
-5.202500000000001 0.8615
5.4275 0.8615
5.4275 0.8765
-5.202500000000001 0.8765
4.2

IMD4c
4
-5.202500000000001 0.8765
5.4275 0.8765
5.4275 0.9005
-5.202500000000001 0.9005
3.28

IMD4d1+IMD4d2
4
-5.202500000000001 0.9005
5.4275 0.9005
5.4275 1.0275
-5.202500000000001 1.0275
2.65

IMD5a
4
-5.202500000000001 1.0275
5.4275 1.0275
5.4275 1.0485
-5.202500000000001 1.0485
5.2

IMD5b
4
-5.202500000000001 1.0485
5.4275 1.0485
5.4275 1.0635
-5.202500000000001 1.0635
4.2

IMD5c
4
-5.202500000000001 1.0635
5.4275 1.0635
5.4275 1.0875
-5.202500000000001 1.0875
3.28

IMD6a
4
-5.202500000000001 1.2145
5.4275 1.2145
5.4275 1.2355
-5.202500000000001 1.2355
5.2

IMD6b
4
-5.202500000000001 1.2355
5.4275 1.2355
5.4275 1.2505
-5.202500000000001 1.2505
4.2

IMD6c
4
-5.202500000000001 1.2505
5.4275 1.2505
5.4275 1.2745
-5.202500000000001 1.2745
3.28

IMD6d1+IMD6d2
4
-5.202500000000001 1.2745
5.4275 1.2745
5.4275 1.4015
-5.202500000000001 1.4015
2.65

IMD7a
4
-5.202500000000001 1.4015
5.4275 1.4015
5.4275 1.4765
-5.202500000000001 1.4765
5.2

IMD7b1+IMD7b2
4
-5.202500000000001 1.4765
5.4275 1.4765
5.4275 2.9765
-5.202500000000001 2.9765
4.2

IMD8a
4
-5.202500000000001 2.9765
5.4275 2.9765
5.4275 3.0515
-5.202500000000001 3.0515
5.2

IMD8b1+IMD8b2
4
-5.202500000000001 3.0515
5.4275 3.0515
5.4275 4.5515
-5.202500000000001 4.5515
4.2

PASS1
4
-5.202500000000001 4.5515
5.4275 4.5515
5.4275 4.6265
-5.202500000000001 4.6265
7.0

PASS2
4
-5.202500000000001 4.6265
5.4275 4.6265
5.4275 5.0265
-5.202500000000001 5.0265
4.2

PASS3
4
-5.202500000000001 5.0265
5.4275 5.0265
5.4275 5.1015
-5.202500000000001 5.1015
7.0

PASS4+PASS5
4
-5.202500000000001 5.1015
5.4275 5.1015
5.4275 6.0515
-5.202500000000001 6.0515
4.2

PASS6
4
-5.202500000000001 6.0515
5.4275 6.0515
5.4275 6.6515
-5.202500000000001 6.6515
7.0

air_Layer
4
-5.202500000000001 6.6515
5.4275 6.6515
5.4275 6.9485
-5.202500000000001 6.9485
1.0


4
-5.202500000000001 0.001
5.4275 0.001
5.4275 6.9485
-5.202500000000001 6.9485

