c1
4
-0.019510000000000013 0.9285000000000001
0.019510000000000013 0.9285000000000001
0.025490000000000013 1.0275
-0.025490000000000013 1.0275

10
botleft
4
-0.8825000000000001 -0.001
0 -0.001
0 0.001
-0.8825000000000001 0.001

botright
4
0 -0.001
1.5575 -0.001
1.5575 0.001
0 0.001

lbEnv
4
-0.37951 0.9285000000000001
-0.34048999999999996 0.9285000000000001
-0.33451 1.0275
-0.38549 1.0275

c3
4
0.47548999999999997 0.9285000000000001
0.60451 0.9285000000000001
0.61049 1.0275
0.46951 1.0275

rbEnv
4
0.9254899999999999 0.9285000000000001
1.05451 0.9285000000000001
1.0604900000000002 1.0275
0.9195099999999999 1.0275

ltEnv
4
-0.37951 1.1155
-0.34048999999999996 1.1155
-0.33451 1.2145
-0.38549 1.2145

c2left
4
-0.019510000000000013 1.1155
0 1.1155
0 1.2145
-0.025490000000000013 1.2145

c2
4
0 1.1155
0.019510000000000013 1.1155
0.025490000000000013 1.2145
0 1.2145

c4
4
0.47548999999999997 1.1155
0.51451 1.1155
0.52049 1.2145
0.46951 1.2145

rtEnv
4
0.8354900000000001 1.1155
0.8745100000000001 1.1155
0.8804900000000001 1.2145
0.8295100000000001 1.2145


79
IMD4d1_damage
4
-0.388924 0.9185000000000001
-0.331076 0.9185000000000001
-0.330472 0.9285000000000001
-0.389528 0.9285000000000001
3.1

IMD4d1_damage
4
-0.028924000000000012 0.9185000000000001
0.028924000000000012 0.9185000000000001
0.029528000000000013 0.9285000000000001
-0.029528000000000013 0.9285000000000001
3.1

IMD4d1_damage
4
0.466076 0.9185000000000001
0.6139239999999999 0.9185000000000001
0.614528 0.9285000000000001
0.465472 0.9285000000000001
3.1

IMD4d1_damage
4
0.916076 0.9185000000000001
1.063924 0.9185000000000001
1.0645280000000001 0.9285000000000001
0.915472 0.9285000000000001
3.1

IMD4d2_damage
4
-0.384519 0.9285000000000001
-0.37951 0.9285000000000001
-0.38549 1.0275
-0.390499 1.0275
2.9

IMD4d2_damage
4
-0.34048999999999996 0.9285000000000001
-0.335481 0.9285000000000001
-0.329501 1.0275
-0.33451 1.0275
2.9

IMD4d2_damage
4
-0.024519000000000013 0.9285000000000001
-0.019510000000000013 0.9285000000000001
-0.025490000000000013 1.0275
-0.030499000000000012 1.0275
2.9

IMD4d2_damage
4
0.019510000000000013 0.9285000000000001
0.024519000000000013 0.9285000000000001
0.030499000000000012 1.0275
0.025490000000000013 1.0275
2.9

IMD4d2_damage
4
0.470481 0.9285000000000001
0.47548999999999997 0.9285000000000001
0.46951 1.0275
0.464501 1.0275
2.9

IMD4d2_damage
4
0.60451 0.9285000000000001
0.609519 0.9285000000000001
0.615499 1.0275
0.61049 1.0275
2.9

IMD4d2_damage
4
0.9204809999999999 0.9285000000000001
0.9254899999999999 0.9285000000000001
0.9195099999999999 1.0275
0.9145009999999999 1.0275
2.9

IMD4d2_damage
4
1.05451 0.9285000000000001
1.059519 0.9285000000000001
1.0654990000000002 1.0275
1.0604900000000002 1.0275
2.9

IMD5d1_damage
4
-0.388924 1.1055
-0.331076 1.1055
-0.330472 1.1155
-0.389528 1.1155
3.1

IMD5d1_damage
4
-0.028924000000000012 1.1055
0.028924000000000012 1.1055
0.029528000000000013 1.1155
-0.029528000000000013 1.1155
3.1

IMD5d1_damage
4
0.466076 1.1055
0.523924 1.1055
0.524528 1.1155
0.465472 1.1155
3.1

IMD5d1_damage
4
0.8260760000000001 1.1055
0.883924 1.1055
0.8845280000000001 1.1155
0.8254720000000001 1.1155
3.1

IMD5d2_damage
4
-0.384519 1.1155
-0.37951 1.1155
-0.38549 1.2145
-0.390499 1.2145
2.9

IMD5d2_damage
4
-0.34048999999999996 1.1155
-0.335481 1.1155
-0.329501 1.2145
-0.33451 1.2145
2.9

IMD5d2_damage
4
-0.024519000000000013 1.1155
-0.019510000000000013 1.1155
-0.025490000000000013 1.2145
-0.030499000000000012 1.2145
2.9

IMD5d2_damage
4
0.019510000000000013 1.1155
0.024519000000000013 1.1155
0.030499000000000012 1.2145
0.025490000000000013 1.2145
2.9

IMD5d2_damage
4
0.470481 1.1155
0.47548999999999997 1.1155
0.46951 1.2145
0.464501 1.2145
2.9

IMD5d2_damage
4
0.51451 1.1155
0.5195190000000001 1.1155
0.525499 1.2145
0.52049 1.2145
2.9

IMD5d2_damage
4
0.830481 1.1155
0.8354900000000001 1.1155
0.8295100000000001 1.2145
0.824501 1.2145
2.9

IMD5d2_damage
4
0.8745100000000001 1.1155
0.8795190000000002 1.1155
0.8854990000000001 1.2145
0.8804900000000001 1.2145
2.9

IMD4d2
4
-0.8825000000000001 0.9285000000000001
-0.384519 0.9285000000000001
-0.390499 1.0275
-0.8825000000000001 1.0275
2.65

IMD4d2
4
-0.335481 0.9285000000000001
-0.024519000000000013 0.9285000000000001
-0.030499000000000012 1.0275
-0.329501 1.0275
2.65

IMD4d2
4
0.024519000000000013 0.9285000000000001
0.470481 0.9285000000000001
0.464501 1.0275
0.030499000000000012 1.0275
2.65

IMD4d2
4
0.609519 0.9285000000000001
0.9204809999999999 0.9285000000000001
0.9145009999999999 1.0275
0.615499 1.0275
2.65

IMD4d2
4
1.059519 0.9285000000000001
1.5575 0.9285000000000001
1.5575 1.0275
1.0654990000000002 1.0275
2.65

IMD4d1
4
-0.8825000000000001 0.9185000000000001
-0.388924 0.9185000000000001
-0.389528 0.9285000000000001
-0.8825000000000001 0.9285000000000001
2.65

IMD4d1
4
-0.331076 0.9185000000000001
-0.028924000000000012 0.9185000000000001
-0.029528000000000013 0.9285000000000001
-0.330472 0.9285000000000001
2.65

IMD4d1
4
0.028924000000000012 0.9185000000000001
0.466076 0.9185000000000001
0.465472 0.9285000000000001
0.029528000000000013 0.9285000000000001
2.65

IMD4d1
4
0.6139239999999999 0.9185000000000001
0.916076 0.9185000000000001
0.915472 0.9285000000000001
0.614528 0.9285000000000001
2.65

IMD4d1
4
1.063924 0.9185000000000001
1.5575 0.9185000000000001
1.5575 0.9285000000000001
1.0645280000000001 0.9285000000000001
2.65

IMD4d1
4
-0.8825000000000001 0.9005
1.5575 0.9005
1.5575 0.9185000000000001
-0.8825000000000001 0.9185000000000001
2.65

IMD5d2
4
-0.8825000000000001 1.1155
-0.384519 1.1155
-0.390499 1.2145
-0.8825000000000001 1.2145
2.65

IMD5d2
4
-0.335481 1.1155
-0.024519000000000013 1.1155
-0.030499000000000012 1.2145
-0.329501 1.2145
2.65

IMD5d2
4
0.024519000000000013 1.1155
0.470481 1.1155
0.464501 1.2145
0.030499000000000012 1.2145
2.65

IMD5d2
4
0.5195190000000001 1.1155
0.830481 1.1155
0.824501 1.2145
0.525499 1.2145
2.65

IMD5d2
4
0.8795190000000002 1.1155
1.5575 1.1155
1.5575 1.2145
0.8854990000000001 1.2145
2.65

IMD5d1
4
-0.8825000000000001 1.1055
-0.388924 1.1055
-0.389528 1.1155
-0.8825000000000001 1.1155
2.65

IMD5d1
4
-0.331076 1.1055
-0.028924000000000012 1.1055
-0.029528000000000013 1.1155
-0.330472 1.1155
2.65

IMD5d1
4
0.028924000000000012 1.1055
0.466076 1.1055
0.465472 1.1155
0.029528000000000013 1.1155
2.65

IMD5d1
4
0.523924 1.1055
0.8260760000000001 1.1055
0.8254720000000001 1.1155
0.524528 1.1155
2.65

IMD5d1
4
0.883924 1.1055
1.5575 1.1055
1.5575 1.1155
0.8845280000000001 1.1155
2.65

IMD5d1
4
-0.8825000000000001 1.0875
1.5575 1.0875
1.5575 1.1055
-0.8825000000000001 1.1055
2.65

FOXA+FOXB+TOX
4
-0.8825000000000001 0.001
1.5575 0.001
1.5575 0.2665
-0.8825000000000001 0.2665
4.0

ILD1a
4
-0.8825000000000001 0.2665
1.5575 0.2665
1.5575 0.2765
-0.8825000000000001 0.2765
7.0

ILD1b1+ILD1b2+ILD1b3
4
-0.8825000000000001 0.2765
1.5575 0.2765
1.5575 0.3955
-0.8825000000000001 0.3955
4.0

IMD1a
4
-0.8825000000000001 0.3955
1.5575 0.3955
1.5575 0.4065
-0.8825000000000001 0.4065
5.2

IMD1b
4
-0.8825000000000001 0.4065
1.5575 0.4065
1.5575 0.4665
-0.8825000000000001 0.4665
2.8

IMD2a
4
-0.8825000000000001 0.4665
1.5575 0.4665
1.5575 0.4875
-0.8825000000000001 0.4875
5.2

IMD2b
4
-0.8825000000000001 0.4875
1.5575 0.4875
1.5575 0.5025
-0.8825000000000001 0.5025
4.2

IMD2c
4
-0.8825000000000001 0.5025
1.5575 0.5025
1.5575 0.5265
-0.8825000000000001 0.5265
3.28

IMD2d1+IMD2d2
4
-0.8825000000000001 0.5265
1.5575 0.5265
1.5575 0.6535
-0.8825000000000001 0.6535
2.65

IMD3a
4
-0.8825000000000001 0.6535
1.5575 0.6535
1.5575 0.6745
-0.8825000000000001 0.6745
5.2

IMD3b
4
-0.8825000000000001 0.6745
1.5575 0.6745
1.5575 0.6895
-0.8825000000000001 0.6895
4.2

IMD3c
4
-0.8825000000000001 0.6895
1.5575 0.6895
1.5575 0.7135
-0.8825000000000001 0.7135
3.28

IMD3d1+IMD3d2
4
-0.8825000000000001 0.7135
1.5575 0.7135
1.5575 0.8405
-0.8825000000000001 0.8405
2.65

IMD4a
4
-0.8825000000000001 0.8405
1.5575 0.8405
1.5575 0.8615
-0.8825000000000001 0.8615
5.2

IMD4b
4
-0.8825000000000001 0.8615
1.5575 0.8615
1.5575 0.8765
-0.8825000000000001 0.8765
4.2

IMD4c
4
-0.8825000000000001 0.8765
1.5575 0.8765
1.5575 0.9005
-0.8825000000000001 0.9005
3.28

IMD5a
4
-0.8825000000000001 1.0275
1.5575 1.0275
1.5575 1.0485
-0.8825000000000001 1.0485
5.2

IMD5b
4
-0.8825000000000001 1.0485
1.5575 1.0485
1.5575 1.0635
-0.8825000000000001 1.0635
4.2

IMD5c
4
-0.8825000000000001 1.0635
1.5575 1.0635
1.5575 1.0875
-0.8825000000000001 1.0875
3.28

IMD6a
4
-0.8825000000000001 1.2145
1.5575 1.2145
1.5575 1.2355
-0.8825000000000001 1.2355
5.2

IMD6b
4
-0.8825000000000001 1.2355
1.5575 1.2355
1.5575 1.2505
-0.8825000000000001 1.2505
4.2

IMD6c
4
-0.8825000000000001 1.2505
1.5575 1.2505
1.5575 1.2745
-0.8825000000000001 1.2745
3.28

IMD6d1+IMD6d2
4
-0.8825000000000001 1.2745
1.5575 1.2745
1.5575 1.4015
-0.8825000000000001 1.4015
2.65

IMD7a
4
-0.8825000000000001 1.4015
1.5575 1.4015
1.5575 1.4765
-0.8825000000000001 1.4765
5.2

IMD7b1+IMD7b2
4
-0.8825000000000001 1.4765
1.5575 1.4765
1.5575 2.9765
-0.8825000000000001 2.9765
4.2

IMD8a
4
-0.8825000000000001 2.9765
1.5575 2.9765
1.5575 3.0515
-0.8825000000000001 3.0515
5.2

IMD8b1+IMD8b2
4
-0.8825000000000001 3.0515
1.5575 3.0515
1.5575 4.5515
-0.8825000000000001 4.5515
4.2

PASS1
4
-0.8825000000000001 4.5515
1.5575 4.5515
1.5575 4.6265
-0.8825000000000001 4.6265
7.0

PASS2
4
-0.8825000000000001 4.6265
1.5575 4.6265
1.5575 5.0265
-0.8825000000000001 5.0265
4.2

PASS3
4
-0.8825000000000001 5.0265
1.5575 5.0265
1.5575 5.1015
-0.8825000000000001 5.1015
7.0

PASS4+PASS5
4
-0.8825000000000001 5.1015
1.5575 5.1015
1.5575 6.0515
-0.8825000000000001 6.0515
4.2

PASS6
4
-0.8825000000000001 6.0515
1.5575 6.0515
1.5575 6.6515
-0.8825000000000001 6.6515
7.0

air_Layer
4
-0.8825000000000001 6.6515
1.5575 6.6515
1.5575 6.9485
-0.8825000000000001 6.9485
1.0


4
-0.8825000000000001 0.001
1.5575 0.001
1.5575 6.9485
-0.8825000000000001 6.9485

