c1
4
-0.019510000000000013 0.7415
0.019510000000000013 0.7415
0.025490000000000013 0.8405
-0.025490000000000013 0.8405

10
botleft
4
-0.8825000000000001 -0.001
0 -0.001
0 0.001
-0.8825000000000001 0.001

botright
4
0 -0.001
1.3775 -0.001
1.3775 0.001
0 0.001

lbEnv
4
-0.37951 0.7415
-0.34048999999999996 0.7415
-0.33451 0.8405
-0.38549 0.8405

c3
4
0.29549000000000003 0.7415
0.42451000000000005 0.7415
0.43049000000000004 0.8405
0.28951000000000005 0.8405

rbEnv
4
0.74549 0.7415
0.8745100000000001 0.7415
0.8804900000000001 0.8405
0.73951 0.8405

ltEnv
4
-0.37951 1.3025
-0.34048999999999996 1.3025
-0.33451 1.4015
-0.38549 1.4015

c2left
4
-0.019510000000000013 1.3025
0 1.3025
0 1.4015
-0.025490000000000013 1.4015

c2
4
0 1.3025
0.019510000000000013 1.3025
0.025490000000000013 1.4015
0 1.4015

c4
4
0.29549000000000003 1.3025
0.3345100000000001 1.3025
0.34049000000000007 1.4015
0.28951000000000005 1.4015

rtEnv
4
0.6554900000000001 1.3025
0.6945100000000002 1.3025
0.7004900000000002 1.4015
0.6495100000000001 1.4015


79
IMD3d1_damage
4
-0.388924 0.7315
-0.331076 0.7315
-0.330472 0.7415
-0.389528 0.7415
3.1

IMD3d1_damage
4
-0.028924000000000012 0.7315
0.028924000000000012 0.7315
0.029528000000000013 0.7415
-0.029528000000000013 0.7415
3.1

IMD3d1_damage
4
0.28607600000000005 0.7315
0.43392400000000003 0.7315
0.434528 0.7415
0.28547200000000006 0.7415
3.1

IMD3d1_damage
4
0.7360760000000001 0.7315
0.883924 0.7315
0.8845280000000001 0.7415
0.735472 0.7415
3.1

IMD3d2_damage
4
-0.384519 0.7415
-0.37951 0.7415
-0.38549 0.8405
-0.390499 0.8405
2.9

IMD3d2_damage
4
-0.34048999999999996 0.7415
-0.335481 0.7415
-0.329501 0.8405
-0.33451 0.8405
2.9

IMD3d2_damage
4
-0.024519000000000013 0.7415
-0.019510000000000013 0.7415
-0.025490000000000013 0.8405
-0.030499000000000012 0.8405
2.9

IMD3d2_damage
4
0.019510000000000013 0.7415
0.024519000000000013 0.7415
0.030499000000000012 0.8405
0.025490000000000013 0.8405
2.9

IMD3d2_damage
4
0.29048100000000004 0.7415
0.29549000000000003 0.7415
0.28951000000000005 0.8405
0.28450100000000006 0.8405
2.9

IMD3d2_damage
4
0.42451000000000005 0.7415
0.42951900000000004 0.7415
0.435499 0.8405
0.43049000000000004 0.8405
2.9

IMD3d2_damage
4
0.740481 0.7415
0.74549 0.7415
0.73951 0.8405
0.734501 0.8405
2.9

IMD3d2_damage
4
0.8745100000000001 0.7415
0.8795190000000002 0.7415
0.8854990000000001 0.8405
0.8804900000000001 0.8405
2.9

IMD6d1_damage
4
-0.388924 1.2925
-0.331076 1.2925
-0.330472 1.3025
-0.389528 1.3025
3.1

IMD6d1_damage
4
-0.028924000000000012 1.2925
0.028924000000000012 1.2925
0.029528000000000013 1.3025
-0.029528000000000013 1.3025
3.1

IMD6d1_damage
4
0.28607600000000005 1.2925
0.34392400000000006 1.2925
0.34452800000000006 1.3025
0.28547200000000006 1.3025
3.1

IMD6d1_damage
4
0.6460760000000002 1.2925
0.7039240000000001 1.2925
0.7045280000000002 1.3025
0.6454720000000002 1.3025
3.1

IMD6d2_damage
4
-0.384519 1.3025
-0.37951 1.3025
-0.38549 1.4015
-0.390499 1.4015
2.9

IMD6d2_damage
4
-0.34048999999999996 1.3025
-0.335481 1.3025
-0.329501 1.4015
-0.33451 1.4015
2.9

IMD6d2_damage
4
-0.024519000000000013 1.3025
-0.019510000000000013 1.3025
-0.025490000000000013 1.4015
-0.030499000000000012 1.4015
2.9

IMD6d2_damage
4
0.019510000000000013 1.3025
0.024519000000000013 1.3025
0.030499000000000012 1.4015
0.025490000000000013 1.4015
2.9

IMD6d2_damage
4
0.29048100000000004 1.3025
0.29549000000000003 1.3025
0.28951000000000005 1.4015
0.28450100000000006 1.4015
2.9

IMD6d2_damage
4
0.3345100000000001 1.3025
0.33951900000000007 1.3025
0.34549900000000006 1.4015
0.34049000000000007 1.4015
2.9

IMD6d2_damage
4
0.6504810000000001 1.3025
0.6554900000000001 1.3025
0.6495100000000001 1.4015
0.6445010000000001 1.4015
2.9

IMD6d2_damage
4
0.6945100000000002 1.3025
0.6995190000000002 1.3025
0.7054990000000002 1.4015
0.7004900000000002 1.4015
2.9

IMD3d2
4
-0.8825000000000001 0.7415
-0.384519 0.7415
-0.390499 0.8405
-0.8825000000000001 0.8405
2.65

IMD3d2
4
-0.335481 0.7415
-0.024519000000000013 0.7415
-0.030499000000000012 0.8405
-0.329501 0.8405
2.65

IMD3d2
4
0.024519000000000013 0.7415
0.29048100000000004 0.7415
0.28450100000000006 0.8405
0.030499000000000012 0.8405
2.65

IMD3d2
4
0.42951900000000004 0.7415
0.740481 0.7415
0.734501 0.8405
0.435499 0.8405
2.65

IMD3d2
4
0.8795190000000002 0.7415
1.3775 0.7415
1.3775 0.8405
0.8854990000000001 0.8405
2.65

IMD3d1
4
-0.8825000000000001 0.7315
-0.388924 0.7315
-0.389528 0.7415
-0.8825000000000001 0.7415
2.65

IMD3d1
4
-0.331076 0.7315
-0.028924000000000012 0.7315
-0.029528000000000013 0.7415
-0.330472 0.7415
2.65

IMD3d1
4
0.028924000000000012 0.7315
0.28607600000000005 0.7315
0.28547200000000006 0.7415
0.029528000000000013 0.7415
2.65

IMD3d1
4
0.43392400000000003 0.7315
0.7360760000000001 0.7315
0.735472 0.7415
0.434528 0.7415
2.65

IMD3d1
4
0.883924 0.7315
1.3775 0.7315
1.3775 0.7415
0.8845280000000001 0.7415
2.65

IMD3d1
4
-0.8825000000000001 0.7135
1.3775 0.7135
1.3775 0.7315
-0.8825000000000001 0.7315
2.65

IMD6d2
4
-0.8825000000000001 1.3025
-0.384519 1.3025
-0.390499 1.4015
-0.8825000000000001 1.4015
2.65

IMD6d2
4
-0.335481 1.3025
-0.024519000000000013 1.3025
-0.030499000000000012 1.4015
-0.329501 1.4015
2.65

IMD6d2
4
0.024519000000000013 1.3025
0.29048100000000004 1.3025
0.28450100000000006 1.4015
0.030499000000000012 1.4015
2.65

IMD6d2
4
0.33951900000000007 1.3025
0.6504810000000001 1.3025
0.6445010000000001 1.4015
0.34549900000000006 1.4015
2.65

IMD6d2
4
0.6995190000000002 1.3025
1.3775 1.3025
1.3775 1.4015
0.7054990000000002 1.4015
2.65

IMD6d1
4
-0.8825000000000001 1.2925
-0.388924 1.2925
-0.389528 1.3025
-0.8825000000000001 1.3025
2.65

IMD6d1
4
-0.331076 1.2925
-0.028924000000000012 1.2925
-0.029528000000000013 1.3025
-0.330472 1.3025
2.65

IMD6d1
4
0.028924000000000012 1.2925
0.28607600000000005 1.2925
0.28547200000000006 1.3025
0.029528000000000013 1.3025
2.65

IMD6d1
4
0.34392400000000006 1.2925
0.6460760000000002 1.2925
0.6454720000000002 1.3025
0.34452800000000006 1.3025
2.65

IMD6d1
4
0.7039240000000001 1.2925
1.3775 1.2925
1.3775 1.3025
0.7045280000000002 1.3025
2.65

IMD6d1
4
-0.8825000000000001 1.2745
1.3775 1.2745
1.3775 1.2925
-0.8825000000000001 1.2925
2.65

FOXA+FOXB+TOX
4
-0.8825000000000001 0.001
1.3775 0.001
1.3775 0.2665
-0.8825000000000001 0.2665
4.0

ILD1a
4
-0.8825000000000001 0.2665
1.3775 0.2665
1.3775 0.2765
-0.8825000000000001 0.2765
7.0

ILD1b1+ILD1b2+ILD1b3
4
-0.8825000000000001 0.2765
1.3775 0.2765
1.3775 0.3955
-0.8825000000000001 0.3955
4.0

IMD1a
4
-0.8825000000000001 0.3955
1.3775 0.3955
1.3775 0.4065
-0.8825000000000001 0.4065
5.2

IMD1b
4
-0.8825000000000001 0.4065
1.3775 0.4065
1.3775 0.4665
-0.8825000000000001 0.4665
2.8

IMD2a
4
-0.8825000000000001 0.4665
1.3775 0.4665
1.3775 0.4875
-0.8825000000000001 0.4875
5.2

IMD2b
4
-0.8825000000000001 0.4875
1.3775 0.4875
1.3775 0.5025
-0.8825000000000001 0.5025
4.2

IMD2c
4
-0.8825000000000001 0.5025
1.3775 0.5025
1.3775 0.5265
-0.8825000000000001 0.5265
3.28

IMD2d1+IMD2d2
4
-0.8825000000000001 0.5265
1.3775 0.5265
1.3775 0.6535
-0.8825000000000001 0.6535
2.65

IMD3a
4
-0.8825000000000001 0.6535
1.3775 0.6535
1.3775 0.6745
-0.8825000000000001 0.6745
5.2

IMD3b
4
-0.8825000000000001 0.6745
1.3775 0.6745
1.3775 0.6895
-0.8825000000000001 0.6895
4.2

IMD3c
4
-0.8825000000000001 0.6895
1.3775 0.6895
1.3775 0.7135
-0.8825000000000001 0.7135
3.28

IMD4a
4
-0.8825000000000001 0.8405
1.3775 0.8405
1.3775 0.8615
-0.8825000000000001 0.8615
5.2

IMD4b
4
-0.8825000000000001 0.8615
1.3775 0.8615
1.3775 0.8765
-0.8825000000000001 0.8765
4.2

IMD4c
4
-0.8825000000000001 0.8765
1.3775 0.8765
1.3775 0.9005
-0.8825000000000001 0.9005
3.28

IMD4d1+IMD4d2
4
-0.8825000000000001 0.9005
1.3775 0.9005
1.3775 1.0275
-0.8825000000000001 1.0275
2.65

IMD5a
4
-0.8825000000000001 1.0275
1.3775 1.0275
1.3775 1.0485
-0.8825000000000001 1.0485
5.2

IMD5b
4
-0.8825000000000001 1.0485
1.3775 1.0485
1.3775 1.0635
-0.8825000000000001 1.0635
4.2

IMD5c
4
-0.8825000000000001 1.0635
1.3775 1.0635
1.3775 1.0875
-0.8825000000000001 1.0875
3.28

IMD5d1+IMD5d2
4
-0.8825000000000001 1.0875
1.3775 1.0875
1.3775 1.2145
-0.8825000000000001 1.2145
2.65

IMD6a
4
-0.8825000000000001 1.2145
1.3775 1.2145
1.3775 1.2355
-0.8825000000000001 1.2355
5.2

IMD6b
4
-0.8825000000000001 1.2355
1.3775 1.2355
1.3775 1.2505
-0.8825000000000001 1.2505
4.2

IMD6c
4
-0.8825000000000001 1.2505
1.3775 1.2505
1.3775 1.2745
-0.8825000000000001 1.2745
3.28

IMD7a
4
-0.8825000000000001 1.4015
1.3775 1.4015
1.3775 1.4765
-0.8825000000000001 1.4765
5.2

IMD7b1+IMD7b2
4
-0.8825000000000001 1.4765
1.3775 1.4765
1.3775 2.9765
-0.8825000000000001 2.9765
4.2

IMD8a
4
-0.8825000000000001 2.9765
1.3775 2.9765
1.3775 3.0515
-0.8825000000000001 3.0515
5.2

IMD8b1+IMD8b2
4
-0.8825000000000001 3.0515
1.3775 3.0515
1.3775 4.5515
-0.8825000000000001 4.5515
4.2

PASS1
4
-0.8825000000000001 4.5515
1.3775 4.5515
1.3775 4.6265
-0.8825000000000001 4.6265
7.0

PASS2
4
-0.8825000000000001 4.6265
1.3775 4.6265
1.3775 5.0265
-0.8825000000000001 5.0265
4.2

PASS3
4
-0.8825000000000001 5.0265
1.3775 5.0265
1.3775 5.1015
-0.8825000000000001 5.1015
7.0

PASS4+PASS5
4
-0.8825000000000001 5.1015
1.3775 5.1015
1.3775 6.0515
-0.8825000000000001 6.0515
4.2

PASS6
4
-0.8825000000000001 6.0515
1.3775 6.0515
1.3775 6.6515
-0.8825000000000001 6.6515
7.0

air_Layer
4
-0.8825000000000001 6.6515
1.3775 6.6515
1.3775 6.9485
-0.8825000000000001 6.9485
1.0


4
-0.8825000000000001 0.001
1.3775 0.001
1.3775 6.9485
-0.8825000000000001 6.9485

