c1
4
-0.06451000000000005 0.7415
0.06450999999999994 0.7415
0.07048999999999994 0.8405
-0.07049000000000005 0.8405

10
botleft
4
-1.0175 -0.001
0 -0.001
0 0.001
-1.0175 0.001

botright
4
0 -0.001
1.2425 -0.001
1.2425 0.001
0 0.001

lbEnv
4
-0.5145100000000001 0.7415
-0.3854900000000001 0.7415
-0.3795100000000001 0.8405
-0.5204900000000001 0.8405

c3
4
0.34048999999999996 0.7415
0.37951 0.7415
0.38549 0.8405
0.33451 0.8405

rbEnv
4
0.70049 0.7415
0.73951 0.7415
0.74549 0.8405
0.69451 0.8405

ltEnv
4
-0.37951 0.9285000000000001
-0.34048999999999996 0.9285000000000001
-0.33451 1.0275
-0.38549 1.0275

c2left
4
-0.019510000000000013 0.9285000000000001
0 0.9285000000000001
0 1.0275
-0.025490000000000013 1.0275

c2
4
0 0.9285000000000001
0.019510000000000013 0.9285000000000001
0.025490000000000013 1.0275
0 1.0275

c4
4
0.29549000000000003 0.9285000000000001
0.3345100000000001 0.9285000000000001
0.34049000000000007 1.0275
0.28951000000000005 1.0275

rtEnv
4
0.6554900000000001 0.9285000000000001
0.6945100000000002 0.9285000000000001
0.7004900000000002 1.0275
0.6495100000000001 1.0275


79
IMD3d1_damage
4
-0.5239240000000001 0.7315
-0.37607600000000013 0.7315
-0.37547200000000014 0.7415
-0.5245280000000001 0.7415
3.1

IMD3d1_damage
4
-0.07392400000000006 0.7315
0.07392399999999995 0.7315
0.07452799999999994 0.7415
-0.07452800000000005 0.7415
3.1

IMD3d1_damage
4
0.331076 0.7315
0.388924 0.7315
0.389528 0.7415
0.330472 0.7415
3.1

IMD3d1_damage
4
0.691076 0.7315
0.7489239999999999 0.7315
0.749528 0.7415
0.690472 0.7415
3.1

IMD3d2_damage
4
-0.5195190000000002 0.7415
-0.5145100000000001 0.7415
-0.5204900000000001 0.8405
-0.5254990000000002 0.8405
2.9

IMD3d2_damage
4
-0.3854900000000001 0.7415
-0.3804810000000001 0.7415
-0.37450100000000014 0.8405
-0.3795100000000001 0.8405
2.9

IMD3d2_damage
4
-0.06951900000000005 0.7415
-0.06451000000000005 0.7415
-0.07049000000000005 0.8405
-0.07549900000000005 0.8405
2.9

IMD3d2_damage
4
0.06450999999999994 0.7415
0.06951899999999994 0.7415
0.07549899999999994 0.8405
0.07048999999999994 0.8405
2.9

IMD3d2_damage
4
0.335481 0.7415
0.34048999999999996 0.7415
0.33451 0.8405
0.329501 0.8405
2.9

IMD3d2_damage
4
0.37951 0.7415
0.384519 0.7415
0.390499 0.8405
0.38549 0.8405
2.9

IMD3d2_damage
4
0.6954809999999999 0.7415
0.70049 0.7415
0.69451 0.8405
0.6895009999999999 0.8405
2.9

IMD3d2_damage
4
0.73951 0.7415
0.744519 0.7415
0.750499 0.8405
0.74549 0.8405
2.9

IMD4d1_damage
4
-0.388924 0.9185000000000001
-0.331076 0.9185000000000001
-0.330472 0.9285000000000001
-0.389528 0.9285000000000001
3.1

IMD4d1_damage
4
-0.028924000000000012 0.9185000000000001
0.028924000000000012 0.9185000000000001
0.029528000000000013 0.9285000000000001
-0.029528000000000013 0.9285000000000001
3.1

IMD4d1_damage
4
0.28607600000000005 0.9185000000000001
0.34392400000000006 0.9185000000000001
0.34452800000000006 0.9285000000000001
0.28547200000000006 0.9285000000000001
3.1

IMD4d1_damage
4
0.6460760000000002 0.9185000000000001
0.7039240000000001 0.9185000000000001
0.7045280000000002 0.9285000000000001
0.6454720000000002 0.9285000000000001
3.1

IMD4d2_damage
4
-0.384519 0.9285000000000001
-0.37951 0.9285000000000001
-0.38549 1.0275
-0.390499 1.0275
2.9

IMD4d2_damage
4
-0.34048999999999996 0.9285000000000001
-0.335481 0.9285000000000001
-0.329501 1.0275
-0.33451 1.0275
2.9

IMD4d2_damage
4
-0.024519000000000013 0.9285000000000001
-0.019510000000000013 0.9285000000000001
-0.025490000000000013 1.0275
-0.030499000000000012 1.0275
2.9

IMD4d2_damage
4
0.019510000000000013 0.9285000000000001
0.024519000000000013 0.9285000000000001
0.030499000000000012 1.0275
0.025490000000000013 1.0275
2.9

IMD4d2_damage
4
0.29048100000000004 0.9285000000000001
0.29549000000000003 0.9285000000000001
0.28951000000000005 1.0275
0.28450100000000006 1.0275
2.9

IMD4d2_damage
4
0.3345100000000001 0.9285000000000001
0.33951900000000007 0.9285000000000001
0.34549900000000006 1.0275
0.34049000000000007 1.0275
2.9

IMD4d2_damage
4
0.6504810000000001 0.9285000000000001
0.6554900000000001 0.9285000000000001
0.6495100000000001 1.0275
0.6445010000000001 1.0275
2.9

IMD4d2_damage
4
0.6945100000000002 0.9285000000000001
0.6995190000000002 0.9285000000000001
0.7054990000000002 1.0275
0.7004900000000002 1.0275
2.9

IMD3d2
4
-1.0175 0.7415
-0.5195190000000002 0.7415
-0.5254990000000002 0.8405
-1.0175 0.8405
2.65

IMD3d2
4
-0.3804810000000001 0.7415
-0.06951900000000005 0.7415
-0.07549900000000005 0.8405
-0.37450100000000014 0.8405
2.65

IMD3d2
4
0.06951899999999994 0.7415
0.335481 0.7415
0.329501 0.8405
0.07549899999999994 0.8405
2.65

IMD3d2
4
0.384519 0.7415
0.6954809999999999 0.7415
0.6895009999999999 0.8405
0.390499 0.8405
2.65

IMD3d2
4
0.744519 0.7415
1.2425 0.7415
1.2425 0.8405
0.750499 0.8405
2.65

IMD3d1
4
-1.0175 0.7315
-0.5239240000000001 0.7315
-0.5245280000000001 0.7415
-1.0175 0.7415
2.65

IMD3d1
4
-0.37607600000000013 0.7315
-0.07392400000000006 0.7315
-0.07452800000000005 0.7415
-0.37547200000000014 0.7415
2.65

IMD3d1
4
0.07392399999999995 0.7315
0.331076 0.7315
0.330472 0.7415
0.07452799999999994 0.7415
2.65

IMD3d1
4
0.388924 0.7315
0.691076 0.7315
0.690472 0.7415
0.389528 0.7415
2.65

IMD3d1
4
0.7489239999999999 0.7315
1.2425 0.7315
1.2425 0.7415
0.749528 0.7415
2.65

IMD3d1
4
-1.0175 0.7135
1.2425 0.7135
1.2425 0.7315
-1.0175 0.7315
2.65

IMD4d2
4
-1.0175 0.9285000000000001
-0.384519 0.9285000000000001
-0.390499 1.0275
-1.0175 1.0275
2.65

IMD4d2
4
-0.335481 0.9285000000000001
-0.024519000000000013 0.9285000000000001
-0.030499000000000012 1.0275
-0.329501 1.0275
2.65

IMD4d2
4
0.024519000000000013 0.9285000000000001
0.29048100000000004 0.9285000000000001
0.28450100000000006 1.0275
0.030499000000000012 1.0275
2.65

IMD4d2
4
0.33951900000000007 0.9285000000000001
0.6504810000000001 0.9285000000000001
0.6445010000000001 1.0275
0.34549900000000006 1.0275
2.65

IMD4d2
4
0.6995190000000002 0.9285000000000001
1.2425 0.9285000000000001
1.2425 1.0275
0.7054990000000002 1.0275
2.65

IMD4d1
4
-1.0175 0.9185000000000001
-0.388924 0.9185000000000001
-0.389528 0.9285000000000001
-1.0175 0.9285000000000001
2.65

IMD4d1
4
-0.331076 0.9185000000000001
-0.028924000000000012 0.9185000000000001
-0.029528000000000013 0.9285000000000001
-0.330472 0.9285000000000001
2.65

IMD4d1
4
0.028924000000000012 0.9185000000000001
0.28607600000000005 0.9185000000000001
0.28547200000000006 0.9285000000000001
0.029528000000000013 0.9285000000000001
2.65

IMD4d1
4
0.34392400000000006 0.9185000000000001
0.6460760000000002 0.9185000000000001
0.6454720000000002 0.9285000000000001
0.34452800000000006 0.9285000000000001
2.65

IMD4d1
4
0.7039240000000001 0.9185000000000001
1.2425 0.9185000000000001
1.2425 0.9285000000000001
0.7045280000000002 0.9285000000000001
2.65

IMD4d1
4
-1.0175 0.9005
1.2425 0.9005
1.2425 0.9185000000000001
-1.0175 0.9185000000000001
2.65

FOXA+FOXB+TOX
4
-1.0175 0.001
1.2425 0.001
1.2425 0.2665
-1.0175 0.2665
4.0

ILD1a
4
-1.0175 0.2665
1.2425 0.2665
1.2425 0.2765
-1.0175 0.2765
7.0

ILD1b1+ILD1b2+ILD1b3
4
-1.0175 0.2765
1.2425 0.2765
1.2425 0.3955
-1.0175 0.3955
4.0

IMD1a
4
-1.0175 0.3955
1.2425 0.3955
1.2425 0.4065
-1.0175 0.4065
5.2

IMD1b
4
-1.0175 0.4065
1.2425 0.4065
1.2425 0.4665
-1.0175 0.4665
2.8

IMD2a
4
-1.0175 0.4665
1.2425 0.4665
1.2425 0.4875
-1.0175 0.4875
5.2

IMD2b
4
-1.0175 0.4875
1.2425 0.4875
1.2425 0.5025
-1.0175 0.5025
4.2

IMD2c
4
-1.0175 0.5025
1.2425 0.5025
1.2425 0.5265
-1.0175 0.5265
3.28

IMD2d1+IMD2d2
4
-1.0175 0.5265
1.2425 0.5265
1.2425 0.6535
-1.0175 0.6535
2.65

IMD3a
4
-1.0175 0.6535
1.2425 0.6535
1.2425 0.6745
-1.0175 0.6745
5.2

IMD3b
4
-1.0175 0.6745
1.2425 0.6745
1.2425 0.6895
-1.0175 0.6895
4.2

IMD3c
4
-1.0175 0.6895
1.2425 0.6895
1.2425 0.7135
-1.0175 0.7135
3.28

IMD4a
4
-1.0175 0.8405
1.2425 0.8405
1.2425 0.8615
-1.0175 0.8615
5.2

IMD4b
4
-1.0175 0.8615
1.2425 0.8615
1.2425 0.8765
-1.0175 0.8765
4.2

IMD4c
4
-1.0175 0.8765
1.2425 0.8765
1.2425 0.9005
-1.0175 0.9005
3.28

IMD5a
4
-1.0175 1.0275
1.2425 1.0275
1.2425 1.0485
-1.0175 1.0485
5.2

IMD5b
4
-1.0175 1.0485
1.2425 1.0485
1.2425 1.0635
-1.0175 1.0635
4.2

IMD5c
4
-1.0175 1.0635
1.2425 1.0635
1.2425 1.0875
-1.0175 1.0875
3.28

IMD5d1+IMD5d2
4
-1.0175 1.0875
1.2425 1.0875
1.2425 1.2145
-1.0175 1.2145
2.65

IMD6a
4
-1.0175 1.2145
1.2425 1.2145
1.2425 1.2355
-1.0175 1.2355
5.2

IMD6b
4
-1.0175 1.2355
1.2425 1.2355
1.2425 1.2505
-1.0175 1.2505
4.2

IMD6c
4
-1.0175 1.2505
1.2425 1.2505
1.2425 1.2745
-1.0175 1.2745
3.28

IMD6d1+IMD6d2
4
-1.0175 1.2745
1.2425 1.2745
1.2425 1.4015
-1.0175 1.4015
2.65

IMD7a
4
-1.0175 1.4015
1.2425 1.4015
1.2425 1.4765
-1.0175 1.4765
5.2

IMD7b1+IMD7b2
4
-1.0175 1.4765
1.2425 1.4765
1.2425 2.9765
-1.0175 2.9765
4.2

IMD8a
4
-1.0175 2.9765
1.2425 2.9765
1.2425 3.0515
-1.0175 3.0515
5.2

IMD8b1+IMD8b2
4
-1.0175 3.0515
1.2425 3.0515
1.2425 4.5515
-1.0175 4.5515
4.2

PASS1
4
-1.0175 4.5515
1.2425 4.5515
1.2425 4.6265
-1.0175 4.6265
7.0

PASS2
4
-1.0175 4.6265
1.2425 4.6265
1.2425 5.0265
-1.0175 5.0265
4.2

PASS3
4
-1.0175 5.0265
1.2425 5.0265
1.2425 5.1015
-1.0175 5.1015
7.0

PASS4+PASS5
4
-1.0175 5.1015
1.2425 5.1015
1.2425 6.0515
-1.0175 6.0515
4.2

PASS6
4
-1.0175 6.0515
1.2425 6.0515
1.2425 6.6515
-1.0175 6.6515
7.0

air_Layer
4
-1.0175 6.6515
1.2425 6.6515
1.2425 6.9485
-1.0175 6.9485
1.0


4
-1.0175 0.001
1.2425 0.001
1.2425 6.9485
-1.0175 6.9485

