c1
4
-0.019510000000000013 0.7415
0.019510000000000013 0.7415
0.025490000000000013 0.8405
-0.025490000000000013 0.8405

10
botleft
4
-0.8825000000000001 -0.001
0 -0.001
0 0.001
-0.8825000000000001 0.001

botright
4
0 -0.001
0.9725 -0.001
0.9725 0.001
0 0.001

lbEnv
4
-0.37951 0.7415
-0.34048999999999996 0.7415
-0.33451 0.8405
-0.38549 0.8405

c3
4
0.07049000000000001 0.7415
0.10950999999999998 0.7415
0.11548999999999998 0.8405
0.06451000000000001 0.8405

rbEnv
4
0.43049000000000004 0.7415
0.4695100000000001 0.7415
0.4754900000000001 0.8405
0.42451000000000005 0.8405

ltEnv
4
-0.37951 0.9285000000000001
-0.34048999999999996 0.9285000000000001
-0.33451 1.0275
-0.38549 1.0275

c2left
4
-0.019510000000000013 0.9285000000000001
0 0.9285000000000001
0 1.0275
-0.025490000000000013 1.0275

c2
4
0 0.9285000000000001
0.019510000000000013 0.9285000000000001
0.025490000000000013 1.0275
0 1.0275

c4
4
0.07049000000000001 0.9285000000000001
0.10950999999999998 0.9285000000000001
0.11548999999999998 1.0275
0.06451000000000001 1.0275

rtEnv
4
0.43049000000000004 0.9285000000000001
0.4695100000000001 0.9285000000000001
0.4754900000000001 1.0275
0.42451000000000005 1.0275


79
IMD3d1_damage
4
-0.388924 0.7315
-0.331076 0.7315
-0.330472 0.7415
-0.389528 0.7415
3.1

IMD3d1_damage
4
-0.028924000000000012 0.7315
0.028924000000000012 0.7315
0.029528000000000013 0.7415
-0.029528000000000013 0.7415
3.1

IMD3d1_damage
4
0.06107600000000001 0.7315
0.11892399999999999 0.7315
0.11952799999999998 0.7415
0.06047200000000001 0.7415
3.1

IMD3d1_damage
4
0.42107600000000006 0.7315
0.47892400000000007 0.7315
0.47952800000000007 0.7415
0.42047200000000007 0.7415
3.1

IMD3d2_damage
4
-0.384519 0.7415
-0.37951 0.7415
-0.38549 0.8405
-0.390499 0.8405
2.9

IMD3d2_damage
4
-0.34048999999999996 0.7415
-0.335481 0.7415
-0.329501 0.8405
-0.33451 0.8405
2.9

IMD3d2_damage
4
-0.024519000000000013 0.7415
-0.019510000000000013 0.7415
-0.025490000000000013 0.8405
-0.030499000000000012 0.8405
2.9

IMD3d2_damage
4
0.019510000000000013 0.7415
0.024519000000000013 0.7415
0.030499000000000012 0.8405
0.025490000000000013 0.8405
2.9

IMD3d2_damage
4
0.06548100000000001 0.7415
0.07049000000000001 0.7415
0.06451000000000001 0.8405
0.05950100000000001 0.8405
2.9

IMD3d2_damage
4
0.10950999999999998 0.7415
0.11451899999999998 0.7415
0.12049899999999998 0.8405
0.11548999999999998 0.8405
2.9

IMD3d2_damage
4
0.42548100000000005 0.7415
0.43049000000000004 0.7415
0.42451000000000005 0.8405
0.41950100000000007 0.8405
2.9

IMD3d2_damage
4
0.4695100000000001 0.7415
0.4745190000000001 0.7415
0.48049900000000006 0.8405
0.4754900000000001 0.8405
2.9

IMD4d1_damage
4
-0.388924 0.9185000000000001
-0.331076 0.9185000000000001
-0.330472 0.9285000000000001
-0.389528 0.9285000000000001
3.1

IMD4d1_damage
4
-0.028924000000000012 0.9185000000000001
0.028924000000000012 0.9185000000000001
0.029528000000000013 0.9285000000000001
-0.029528000000000013 0.9285000000000001
3.1

IMD4d1_damage
4
0.06107600000000001 0.9185000000000001
0.11892399999999999 0.9185000000000001
0.11952799999999998 0.9285000000000001
0.06047200000000001 0.9285000000000001
3.1

IMD4d1_damage
4
0.42107600000000006 0.9185000000000001
0.47892400000000007 0.9185000000000001
0.47952800000000007 0.9285000000000001
0.42047200000000007 0.9285000000000001
3.1

IMD4d2_damage
4
-0.384519 0.9285000000000001
-0.37951 0.9285000000000001
-0.38549 1.0275
-0.390499 1.0275
2.9

IMD4d2_damage
4
-0.34048999999999996 0.9285000000000001
-0.335481 0.9285000000000001
-0.329501 1.0275
-0.33451 1.0275
2.9

IMD4d2_damage
4
-0.024519000000000013 0.9285000000000001
-0.019510000000000013 0.9285000000000001
-0.025490000000000013 1.0275
-0.030499000000000012 1.0275
2.9

IMD4d2_damage
4
0.019510000000000013 0.9285000000000001
0.024519000000000013 0.9285000000000001
0.030499000000000012 1.0275
0.025490000000000013 1.0275
2.9

IMD4d2_damage
4
0.06548100000000001 0.9285000000000001
0.07049000000000001 0.9285000000000001
0.06451000000000001 1.0275
0.05950100000000001 1.0275
2.9

IMD4d2_damage
4
0.10950999999999998 0.9285000000000001
0.11451899999999998 0.9285000000000001
0.12049899999999998 1.0275
0.11548999999999998 1.0275
2.9

IMD4d2_damage
4
0.42548100000000005 0.9285000000000001
0.43049000000000004 0.9285000000000001
0.42451000000000005 1.0275
0.41950100000000007 1.0275
2.9

IMD4d2_damage
4
0.4695100000000001 0.9285000000000001
0.4745190000000001 0.9285000000000001
0.48049900000000006 1.0275
0.4754900000000001 1.0275
2.9

IMD3d2
4
-0.8825000000000001 0.7415
-0.384519 0.7415
-0.390499 0.8405
-0.8825000000000001 0.8405
2.65

IMD3d2
4
-0.335481 0.7415
-0.024519000000000013 0.7415
-0.030499000000000012 0.8405
-0.329501 0.8405
2.65

IMD3d2
4
0.024519000000000013 0.7415
0.06548100000000001 0.7415
0.05950100000000001 0.8405
0.030499000000000012 0.8405
2.65

IMD3d2
4
0.11451899999999998 0.7415
0.42548100000000005 0.7415
0.41950100000000007 0.8405
0.12049899999999998 0.8405
2.65

IMD3d2
4
0.4745190000000001 0.7415
0.9725 0.7415
0.9725 0.8405
0.48049900000000006 0.8405
2.65

IMD3d1
4
-0.8825000000000001 0.7315
-0.388924 0.7315
-0.389528 0.7415
-0.8825000000000001 0.7415
2.65

IMD3d1
4
-0.331076 0.7315
-0.028924000000000012 0.7315
-0.029528000000000013 0.7415
-0.330472 0.7415
2.65

IMD3d1
4
0.028924000000000012 0.7315
0.06107600000000001 0.7315
0.06047200000000001 0.7415
0.029528000000000013 0.7415
2.65

IMD3d1
4
0.11892399999999999 0.7315
0.42107600000000006 0.7315
0.42047200000000007 0.7415
0.11952799999999998 0.7415
2.65

IMD3d1
4
0.47892400000000007 0.7315
0.9725 0.7315
0.9725 0.7415
0.47952800000000007 0.7415
2.65

IMD3d1
4
-0.8825000000000001 0.7135
0.9725 0.7135
0.9725 0.7315
-0.8825000000000001 0.7315
2.65

IMD4d2
4
-0.8825000000000001 0.9285000000000001
-0.384519 0.9285000000000001
-0.390499 1.0275
-0.8825000000000001 1.0275
2.65

IMD4d2
4
-0.335481 0.9285000000000001
-0.024519000000000013 0.9285000000000001
-0.030499000000000012 1.0275
-0.329501 1.0275
2.65

IMD4d2
4
0.024519000000000013 0.9285000000000001
0.06548100000000001 0.9285000000000001
0.05950100000000001 1.0275
0.030499000000000012 1.0275
2.65

IMD4d2
4
0.11451899999999998 0.9285000000000001
0.42548100000000005 0.9285000000000001
0.41950100000000007 1.0275
0.12049899999999998 1.0275
2.65

IMD4d2
4
0.4745190000000001 0.9285000000000001
0.9725 0.9285000000000001
0.9725 1.0275
0.48049900000000006 1.0275
2.65

IMD4d1
4
-0.8825000000000001 0.9185000000000001
-0.388924 0.9185000000000001
-0.389528 0.9285000000000001
-0.8825000000000001 0.9285000000000001
2.65

IMD4d1
4
-0.331076 0.9185000000000001
-0.028924000000000012 0.9185000000000001
-0.029528000000000013 0.9285000000000001
-0.330472 0.9285000000000001
2.65

IMD4d1
4
0.028924000000000012 0.9185000000000001
0.06107600000000001 0.9185000000000001
0.06047200000000001 0.9285000000000001
0.029528000000000013 0.9285000000000001
2.65

IMD4d1
4
0.11892399999999999 0.9185000000000001
0.42107600000000006 0.9185000000000001
0.42047200000000007 0.9285000000000001
0.11952799999999998 0.9285000000000001
2.65

IMD4d1
4
0.47892400000000007 0.9185000000000001
0.9725 0.9185000000000001
0.9725 0.9285000000000001
0.47952800000000007 0.9285000000000001
2.65

IMD4d1
4
-0.8825000000000001 0.9005
0.9725 0.9005
0.9725 0.9185000000000001
-0.8825000000000001 0.9185000000000001
2.65

FOXA+FOXB+TOX
4
-0.8825000000000001 0.001
0.9725 0.001
0.9725 0.2665
-0.8825000000000001 0.2665
4.0

ILD1a
4
-0.8825000000000001 0.2665
0.9725 0.2665
0.9725 0.2765
-0.8825000000000001 0.2765
7.0

ILD1b1+ILD1b2+ILD1b3
4
-0.8825000000000001 0.2765
0.9725 0.2765
0.9725 0.3955
-0.8825000000000001 0.3955
4.0

IMD1a
4
-0.8825000000000001 0.3955
0.9725 0.3955
0.9725 0.4065
-0.8825000000000001 0.4065
5.2

IMD1b
4
-0.8825000000000001 0.4065
0.9725 0.4065
0.9725 0.4665
-0.8825000000000001 0.4665
2.8

IMD2a
4
-0.8825000000000001 0.4665
0.9725 0.4665
0.9725 0.4875
-0.8825000000000001 0.4875
5.2

IMD2b
4
-0.8825000000000001 0.4875
0.9725 0.4875
0.9725 0.5025
-0.8825000000000001 0.5025
4.2

IMD2c
4
-0.8825000000000001 0.5025
0.9725 0.5025
0.9725 0.5265
-0.8825000000000001 0.5265
3.28

IMD2d1+IMD2d2
4
-0.8825000000000001 0.5265
0.9725 0.5265
0.9725 0.6535
-0.8825000000000001 0.6535
2.65

IMD3a
4
-0.8825000000000001 0.6535
0.9725 0.6535
0.9725 0.6745
-0.8825000000000001 0.6745
5.2

IMD3b
4
-0.8825000000000001 0.6745
0.9725 0.6745
0.9725 0.6895
-0.8825000000000001 0.6895
4.2

IMD3c
4
-0.8825000000000001 0.6895
0.9725 0.6895
0.9725 0.7135
-0.8825000000000001 0.7135
3.28

IMD4a
4
-0.8825000000000001 0.8405
0.9725 0.8405
0.9725 0.8615
-0.8825000000000001 0.8615
5.2

IMD4b
4
-0.8825000000000001 0.8615
0.9725 0.8615
0.9725 0.8765
-0.8825000000000001 0.8765
4.2

IMD4c
4
-0.8825000000000001 0.8765
0.9725 0.8765
0.9725 0.9005
-0.8825000000000001 0.9005
3.28

IMD5a
4
-0.8825000000000001 1.0275
0.9725 1.0275
0.9725 1.0485
-0.8825000000000001 1.0485
5.2

IMD5b
4
-0.8825000000000001 1.0485
0.9725 1.0485
0.9725 1.0635
-0.8825000000000001 1.0635
4.2

IMD5c
4
-0.8825000000000001 1.0635
0.9725 1.0635
0.9725 1.0875
-0.8825000000000001 1.0875
3.28

IMD5d1+IMD5d2
4
-0.8825000000000001 1.0875
0.9725 1.0875
0.9725 1.2145
-0.8825000000000001 1.2145
2.65

IMD6a
4
-0.8825000000000001 1.2145
0.9725 1.2145
0.9725 1.2355
-0.8825000000000001 1.2355
5.2

IMD6b
4
-0.8825000000000001 1.2355
0.9725 1.2355
0.9725 1.2505
-0.8825000000000001 1.2505
4.2

IMD6c
4
-0.8825000000000001 1.2505
0.9725 1.2505
0.9725 1.2745
-0.8825000000000001 1.2745
3.28

IMD6d1+IMD6d2
4
-0.8825000000000001 1.2745
0.9725 1.2745
0.9725 1.4015
-0.8825000000000001 1.4015
2.65

IMD7a
4
-0.8825000000000001 1.4015
0.9725 1.4015
0.9725 1.4765
-0.8825000000000001 1.4765
5.2

IMD7b1+IMD7b2
4
-0.8825000000000001 1.4765
0.9725 1.4765
0.9725 2.9765
-0.8825000000000001 2.9765
4.2

IMD8a
4
-0.8825000000000001 2.9765
0.9725 2.9765
0.9725 3.0515
-0.8825000000000001 3.0515
5.2

IMD8b1+IMD8b2
4
-0.8825000000000001 3.0515
0.9725 3.0515
0.9725 4.5515
-0.8825000000000001 4.5515
4.2

PASS1
4
-0.8825000000000001 4.5515
0.9725 4.5515
0.9725 4.6265
-0.8825000000000001 4.6265
7.0

PASS2
4
-0.8825000000000001 4.6265
0.9725 4.6265
0.9725 5.0265
-0.8825000000000001 5.0265
4.2

PASS3
4
-0.8825000000000001 5.0265
0.9725 5.0265
0.9725 5.1015
-0.8825000000000001 5.1015
7.0

PASS4+PASS5
4
-0.8825000000000001 5.1015
0.9725 5.1015
0.9725 6.0515
-0.8825000000000001 6.0515
4.2

PASS6
4
-0.8825000000000001 6.0515
0.9725 6.0515
0.9725 6.6515
-0.8825000000000001 6.6515
7.0

air_Layer
4
-0.8825000000000001 6.6515
0.9725 6.6515
0.9725 6.9485
-0.8825000000000001 6.9485
1.0


4
-0.8825000000000001 0.001
0.9725 0.001
0.9725 6.9485
-0.8825000000000001 6.9485

