c2
4
-0.019510000000000013 1.1155
0.019510000000000013 1.1155
0.025490000000000013 1.2145
-0.025490000000000013 1.2145

10
botleft
4
-1.0175 -0.001
0 -0.001
0 0.001
-1.0175 0.001

botright
4
0 -0.001
2.7049999999999996 -0.001
2.7049999999999996 0.001
0 0.001

ltEnv
4
-0.37951 1.1155
-0.34048999999999996 1.1155
-0.33451 1.2145
-0.38549 1.2145

c4
4
0.04798999999999999 1.1155
0.08701000000000002 1.1155
0.09299000000000002 1.2145
0.04200999999999999 1.2145

rtEnv
4
0.4079900000000001 1.1155
0.44701000000000013 1.1155
0.4529900000000001 1.2145
0.4020100000000001 1.2145

lbEnv
4
-0.5145100000000001 0.7415
-0.3854900000000001 0.7415
-0.3795100000000001 0.8405
-0.5204900000000001 0.8405

c1left
4
-0.06451000000000005 0.7415
0 0.7415
0 0.8405
-0.07049000000000005 0.8405

c1
4
0 0.7415
0.06450999999999994 0.7415
0.07048999999999994 0.8405
0 0.8405

c3
4
0.09298999999999992 0.7415
0.9870099999999998 0.7415
0.9929899999999998 0.8405
0.08700999999999992 0.8405

rbEnv
4
1.30799 0.7415
2.2020099999999996 0.7415
2.2079899999999997 0.8405
1.30201 0.8405


79
IMD3d1_damage
4
-0.5239240000000001 0.7315
-0.37607600000000013 0.7315
-0.37547200000000014 0.7415
-0.5245280000000001 0.7415
3.1

IMD3d1_damage
4
-0.07392400000000006 0.7315
0.07392399999999995 0.7315
0.07452799999999994 0.7415
-0.07452800000000005 0.7415
3.1

IMD3d1_damage
4
0.08357599999999991 0.7315
0.9964239999999998 0.7315
0.9970279999999998 0.7415
0.08297199999999992 0.7415
3.1

IMD3d1_damage
4
1.298576 0.7315
2.2114239999999996 0.7315
2.2120279999999997 0.7415
1.297972 0.7415
3.1

IMD3d2_damage
4
-0.5195190000000002 0.7415
-0.5145100000000001 0.7415
-0.5204900000000001 0.8405
-0.5254990000000002 0.8405
2.9

IMD3d2_damage
4
-0.3854900000000001 0.7415
-0.3804810000000001 0.7415
-0.37450100000000014 0.8405
-0.3795100000000001 0.8405
2.9

IMD3d2_damage
4
-0.06951900000000005 0.7415
-0.06451000000000005 0.7415
-0.07049000000000005 0.8405
-0.07549900000000005 0.8405
2.9

IMD3d2_damage
4
0.06450999999999994 0.7415
0.06951899999999994 0.7415
0.07549899999999994 0.8405
0.07048999999999994 0.8405
2.9

IMD3d2_damage
4
0.08798099999999992 0.7415
0.09298999999999992 0.7415
0.08700999999999992 0.8405
0.08200099999999992 0.8405
2.9

IMD3d2_damage
4
0.9870099999999998 0.7415
0.9920189999999999 0.7415
0.9979989999999999 0.8405
0.9929899999999998 0.8405
2.9

IMD3d2_damage
4
1.302981 0.7415
1.30799 0.7415
1.30201 0.8405
1.2970009999999998 0.8405
2.9

IMD3d2_damage
4
2.2020099999999996 0.7415
2.2070189999999994 0.7415
2.2129989999999995 0.8405
2.2079899999999997 0.8405
2.9

IMD5d1_damage
4
-0.388924 1.1055
-0.331076 1.1055
-0.330472 1.1155
-0.389528 1.1155
3.1

IMD5d1_damage
4
-0.028924000000000012 1.1055
0.028924000000000012 1.1055
0.029528000000000013 1.1155
-0.029528000000000013 1.1155
3.1

IMD5d1_damage
4
0.03857599999999999 1.1055
0.09642400000000002 1.1055
0.09702800000000002 1.1155
0.03797199999999999 1.1155
3.1

IMD5d1_damage
4
0.3985760000000001 1.1055
0.4564240000000001 1.1055
0.4570280000000001 1.1155
0.3979720000000001 1.1155
3.1

IMD5d2_damage
4
-0.384519 1.1155
-0.37951 1.1155
-0.38549 1.2145
-0.390499 1.2145
2.9

IMD5d2_damage
4
-0.34048999999999996 1.1155
-0.335481 1.1155
-0.329501 1.2145
-0.33451 1.2145
2.9

IMD5d2_damage
4
-0.024519000000000013 1.1155
-0.019510000000000013 1.1155
-0.025490000000000013 1.2145
-0.030499000000000012 1.2145
2.9

IMD5d2_damage
4
0.019510000000000013 1.1155
0.024519000000000013 1.1155
0.030499000000000012 1.2145
0.025490000000000013 1.2145
2.9

IMD5d2_damage
4
0.04298099999999999 1.1155
0.04798999999999999 1.1155
0.04200999999999999 1.2145
0.03700099999999999 1.2145
2.9

IMD5d2_damage
4
0.08701000000000002 1.1155
0.09201900000000002 1.1155
0.09799900000000002 1.2145
0.09299000000000002 1.2145
2.9

IMD5d2_damage
4
0.4029810000000001 1.1155
0.4079900000000001 1.1155
0.4020100000000001 1.2145
0.3970010000000001 1.2145
2.9

IMD5d2_damage
4
0.44701000000000013 1.1155
0.4520190000000001 1.1155
0.4579990000000001 1.2145
0.4529900000000001 1.2145
2.9

IMD3d2
4
-1.0175 0.7415
-0.5195190000000002 0.7415
-0.5254990000000002 0.8405
-1.0175 0.8405
2.65

IMD3d2
4
-0.3804810000000001 0.7415
-0.06951900000000005 0.7415
-0.07549900000000005 0.8405
-0.37450100000000014 0.8405
2.65

IMD3d2
4
0.06951899999999994 0.7415
0.08798099999999992 0.7415
0.08200099999999992 0.8405
0.07549899999999994 0.8405
2.65

IMD3d2
4
0.9920189999999999 0.7415
1.302981 0.7415
1.2970009999999998 0.8405
0.9979989999999999 0.8405
2.65

IMD3d2
4
2.2070189999999994 0.7415
2.7049999999999996 0.7415
2.7049999999999996 0.8405
2.2129989999999995 0.8405
2.65

IMD3d1
4
-1.0175 0.7315
-0.5239240000000001 0.7315
-0.5245280000000001 0.7415
-1.0175 0.7415
2.65

IMD3d1
4
-0.37607600000000013 0.7315
-0.07392400000000006 0.7315
-0.07452800000000005 0.7415
-0.37547200000000014 0.7415
2.65

IMD3d1
4
0.07392399999999995 0.7315
0.08357599999999991 0.7315
0.08297199999999992 0.7415
0.07452799999999994 0.7415
2.65

IMD3d1
4
0.9964239999999998 0.7315
1.298576 0.7315
1.297972 0.7415
0.9970279999999998 0.7415
2.65

IMD3d1
4
2.2114239999999996 0.7315
2.7049999999999996 0.7315
2.7049999999999996 0.7415
2.2120279999999997 0.7415
2.65

IMD3d1
4
-1.0175 0.7135
2.7049999999999996 0.7135
2.7049999999999996 0.7315
-1.0175 0.7315
2.65

IMD5d2
4
-1.0175 1.1155
-0.384519 1.1155
-0.390499 1.2145
-1.0175 1.2145
2.65

IMD5d2
4
-0.335481 1.1155
-0.024519000000000013 1.1155
-0.030499000000000012 1.2145
-0.329501 1.2145
2.65

IMD5d2
4
0.024519000000000013 1.1155
0.04298099999999999 1.1155
0.03700099999999999 1.2145
0.030499000000000012 1.2145
2.65

IMD5d2
4
0.09201900000000002 1.1155
0.4029810000000001 1.1155
0.3970010000000001 1.2145
0.09799900000000002 1.2145
2.65

IMD5d2
4
0.4520190000000001 1.1155
2.7049999999999996 1.1155
2.7049999999999996 1.2145
0.4579990000000001 1.2145
2.65

IMD5d1
4
-1.0175 1.1055
-0.388924 1.1055
-0.389528 1.1155
-1.0175 1.1155
2.65

IMD5d1
4
-0.331076 1.1055
-0.028924000000000012 1.1055
-0.029528000000000013 1.1155
-0.330472 1.1155
2.65

IMD5d1
4
0.028924000000000012 1.1055
0.03857599999999999 1.1055
0.03797199999999999 1.1155
0.029528000000000013 1.1155
2.65

IMD5d1
4
0.09642400000000002 1.1055
0.3985760000000001 1.1055
0.3979720000000001 1.1155
0.09702800000000002 1.1155
2.65

IMD5d1
4
0.4564240000000001 1.1055
2.7049999999999996 1.1055
2.7049999999999996 1.1155
0.4570280000000001 1.1155
2.65

IMD5d1
4
-1.0175 1.0875
2.7049999999999996 1.0875
2.7049999999999996 1.1055
-1.0175 1.1055
2.65

FOXA+FOXB+TOX
4
-1.0175 0.001
2.7049999999999996 0.001
2.7049999999999996 0.2665
-1.0175 0.2665
4.0

ILD1a
4
-1.0175 0.2665
2.7049999999999996 0.2665
2.7049999999999996 0.2765
-1.0175 0.2765
7.0

ILD1b1+ILD1b2+ILD1b3
4
-1.0175 0.2765
2.7049999999999996 0.2765
2.7049999999999996 0.3955
-1.0175 0.3955
4.0

IMD1a
4
-1.0175 0.3955
2.7049999999999996 0.3955
2.7049999999999996 0.4065
-1.0175 0.4065
5.2

IMD1b
4
-1.0175 0.4065
2.7049999999999996 0.4065
2.7049999999999996 0.4665
-1.0175 0.4665
2.8

IMD2a
4
-1.0175 0.4665
2.7049999999999996 0.4665
2.7049999999999996 0.4875
-1.0175 0.4875
5.2

IMD2b
4
-1.0175 0.4875
2.7049999999999996 0.4875
2.7049999999999996 0.5025
-1.0175 0.5025
4.2

IMD2c
4
-1.0175 0.5025
2.7049999999999996 0.5025
2.7049999999999996 0.5265
-1.0175 0.5265
3.28

IMD2d1+IMD2d2
4
-1.0175 0.5265
2.7049999999999996 0.5265
2.7049999999999996 0.6535
-1.0175 0.6535
2.65

IMD3a
4
-1.0175 0.6535
2.7049999999999996 0.6535
2.7049999999999996 0.6745
-1.0175 0.6745
5.2

IMD3b
4
-1.0175 0.6745
2.7049999999999996 0.6745
2.7049999999999996 0.6895
-1.0175 0.6895
4.2

IMD3c
4
-1.0175 0.6895
2.7049999999999996 0.6895
2.7049999999999996 0.7135
-1.0175 0.7135
3.28

IMD4a
4
-1.0175 0.8405
2.7049999999999996 0.8405
2.7049999999999996 0.8615
-1.0175 0.8615
5.2

IMD4b
4
-1.0175 0.8615
2.7049999999999996 0.8615
2.7049999999999996 0.8765
-1.0175 0.8765
4.2

IMD4c
4
-1.0175 0.8765
2.7049999999999996 0.8765
2.7049999999999996 0.9005
-1.0175 0.9005
3.28

IMD4d1+IMD4d2
4
-1.0175 0.9005
2.7049999999999996 0.9005
2.7049999999999996 1.0275
-1.0175 1.0275
2.65

IMD5a
4
-1.0175 1.0275
2.7049999999999996 1.0275
2.7049999999999996 1.0485
-1.0175 1.0485
5.2

IMD5b
4
-1.0175 1.0485
2.7049999999999996 1.0485
2.7049999999999996 1.0635
-1.0175 1.0635
4.2

IMD5c
4
-1.0175 1.0635
2.7049999999999996 1.0635
2.7049999999999996 1.0875
-1.0175 1.0875
3.28

IMD6a
4
-1.0175 1.2145
2.7049999999999996 1.2145
2.7049999999999996 1.2355
-1.0175 1.2355
5.2

IMD6b
4
-1.0175 1.2355
2.7049999999999996 1.2355
2.7049999999999996 1.2505
-1.0175 1.2505
4.2

IMD6c
4
-1.0175 1.2505
2.7049999999999996 1.2505
2.7049999999999996 1.2745
-1.0175 1.2745
3.28

IMD6d1+IMD6d2
4
-1.0175 1.2745
2.7049999999999996 1.2745
2.7049999999999996 1.4015
-1.0175 1.4015
2.65

IMD7a
4
-1.0175 1.4015
2.7049999999999996 1.4015
2.7049999999999996 1.4765
-1.0175 1.4765
5.2

IMD7b1+IMD7b2
4
-1.0175 1.4765
2.7049999999999996 1.4765
2.7049999999999996 2.9765
-1.0175 2.9765
4.2

IMD8a
4
-1.0175 2.9765
2.7049999999999996 2.9765
2.7049999999999996 3.0515
-1.0175 3.0515
5.2

IMD8b1+IMD8b2
4
-1.0175 3.0515
2.7049999999999996 3.0515
2.7049999999999996 4.5515
-1.0175 4.5515
4.2

PASS1
4
-1.0175 4.5515
2.7049999999999996 4.5515
2.7049999999999996 4.6265
-1.0175 4.6265
7.0

PASS2
4
-1.0175 4.6265
2.7049999999999996 4.6265
2.7049999999999996 5.0265
-1.0175 5.0265
4.2

PASS3
4
-1.0175 5.0265
2.7049999999999996 5.0265
2.7049999999999996 5.1015
-1.0175 5.1015
7.0

PASS4+PASS5
4
-1.0175 5.1015
2.7049999999999996 5.1015
2.7049999999999996 6.0515
-1.0175 6.0515
4.2

PASS6
4
-1.0175 6.0515
2.7049999999999996 6.0515
2.7049999999999996 6.6515
-1.0175 6.6515
7.0

air_Layer
4
-1.0175 6.6515
2.7049999999999996 6.6515
2.7049999999999996 6.9485
-1.0175 6.9485
1.0


4
-1.0175 0.001
2.7049999999999996 0.001
2.7049999999999996 6.9485
-1.0175 6.9485

