c2
4
-0.019510000000000013 0.9285000000000001
0.019510000000000013 0.9285000000000001
0.025490000000000013 1.0275
-0.025490000000000013 1.0275

6
botleft
4
-1.4675000000000002 -0.001
0 -0.001
0 0.001
-1.4675000000000002 0.001

botright
4
0 -0.001
7.182499999999999 -0.001
7.182499999999999 0.001
0 0.001

ltEnv
4
-0.37951 0.9285000000000001
-0.34048999999999996 0.9285000000000001
-0.33451 1.0275
-0.38549 1.0275

lbEnv
4
-0.5145100000000001 0.7415
-0.3854900000000001 0.7415
-0.3795100000000001 0.8405
-0.5204900000000001 0.8405

c1left
4
-0.06451000000000005 0.7415
0 0.7415
0 0.8405
-0.07049000000000005 0.8405

c1
4
0 0.7415
0.06450999999999994 0.7415
0.07048999999999994 0.8405
0 0.8405


59
IMD3d1_damage
4
-0.5239240000000001 0.7315
-0.37607600000000013 0.7315
-0.37547200000000014 0.7415
-0.5245280000000001 0.7415
3.1

IMD3d1_damage
4
-0.07392400000000006 0.7315
0.07392399999999995 0.7315
0.07452799999999994 0.7415
-0.07452800000000005 0.7415
3.1

IMD3d2_damage
4
-0.5195190000000002 0.7415
-0.5145100000000001 0.7415
-0.5204900000000001 0.8405
-0.5254990000000002 0.8405
2.9

IMD3d2_damage
4
-0.3854900000000001 0.7415
-0.3804810000000001 0.7415
-0.37450100000000014 0.8405
-0.3795100000000001 0.8405
2.9

IMD3d2_damage
4
-0.06951900000000005 0.7415
-0.06451000000000005 0.7415
-0.07049000000000005 0.8405
-0.07549900000000005 0.8405
2.9

IMD3d2_damage
4
0.06450999999999994 0.7415
0.06951899999999994 0.7415
0.07549899999999994 0.8405
0.07048999999999994 0.8405
2.9

IMD4d1_damage
4
-0.388924 0.9185000000000001
-0.331076 0.9185000000000001
-0.330472 0.9285000000000001
-0.389528 0.9285000000000001
3.1

IMD4d1_damage
4
-0.028924000000000012 0.9185000000000001
0.028924000000000012 0.9185000000000001
0.029528000000000013 0.9285000000000001
-0.029528000000000013 0.9285000000000001
3.1

IMD4d2_damage
4
-0.384519 0.9285000000000001
-0.37951 0.9285000000000001
-0.38549 1.0275
-0.390499 1.0275
2.9

IMD4d2_damage
4
-0.34048999999999996 0.9285000000000001
-0.335481 0.9285000000000001
-0.329501 1.0275
-0.33451 1.0275
2.9

IMD4d2_damage
4
-0.024519000000000013 0.9285000000000001
-0.019510000000000013 0.9285000000000001
-0.025490000000000013 1.0275
-0.030499000000000012 1.0275
2.9

IMD4d2_damage
4
0.019510000000000013 0.9285000000000001
0.024519000000000013 0.9285000000000001
0.030499000000000012 1.0275
0.025490000000000013 1.0275
2.9

IMD3d2
4
-1.4675000000000002 0.7415
-0.5195190000000002 0.7415
-0.5254990000000002 0.8405
-1.4675000000000002 0.8405
2.65

IMD3d2
4
-0.3804810000000001 0.7415
-0.06951900000000005 0.7415
-0.07549900000000005 0.8405
-0.37450100000000014 0.8405
2.65

IMD3d2
4
0.06951899999999994 0.7415
7.182499999999999 0.7415
7.182499999999999 0.8405
0.07549899999999994 0.8405
2.65

IMD3d1
4
-1.4675000000000002 0.7315
-0.5239240000000001 0.7315
-0.5245280000000001 0.7415
-1.4675000000000002 0.7415
2.65

IMD3d1
4
-0.37607600000000013 0.7315
-0.07392400000000006 0.7315
-0.07452800000000005 0.7415
-0.37547200000000014 0.7415
2.65

IMD3d1
4
0.07392399999999995 0.7315
7.182499999999999 0.7315
7.182499999999999 0.7415
0.07452799999999994 0.7415
2.65

IMD3d1
4
-1.4675000000000002 0.7135
7.182499999999999 0.7135
7.182499999999999 0.7315
-1.4675000000000002 0.7315
2.65

IMD4d2
4
-1.4675000000000002 0.9285000000000001
-0.384519 0.9285000000000001
-0.390499 1.0275
-1.4675000000000002 1.0275
2.65

IMD4d2
4
-0.335481 0.9285000000000001
-0.024519000000000013 0.9285000000000001
-0.030499000000000012 1.0275
-0.329501 1.0275
2.65

IMD4d2
4
0.024519000000000013 0.9285000000000001
7.182499999999999 0.9285000000000001
7.182499999999999 1.0275
0.030499000000000012 1.0275
2.65

IMD4d1
4
-1.4675000000000002 0.9185000000000001
-0.388924 0.9185000000000001
-0.389528 0.9285000000000001
-1.4675000000000002 0.9285000000000001
2.65

IMD4d1
4
-0.331076 0.9185000000000001
-0.028924000000000012 0.9185000000000001
-0.029528000000000013 0.9285000000000001
-0.330472 0.9285000000000001
2.65

IMD4d1
4
0.028924000000000012 0.9185000000000001
7.182499999999999 0.9185000000000001
7.182499999999999 0.9285000000000001
0.029528000000000013 0.9285000000000001
2.65

IMD4d1
4
-1.4675000000000002 0.9005
7.182499999999999 0.9005
7.182499999999999 0.9185000000000001
-1.4675000000000002 0.9185000000000001
2.65

FOXA+FOXB+TOX
4
-1.4675000000000002 0.001
7.182499999999999 0.001
7.182499999999999 0.2665
-1.4675000000000002 0.2665
4.0

ILD1a
4
-1.4675000000000002 0.2665
7.182499999999999 0.2665
7.182499999999999 0.2765
-1.4675000000000002 0.2765
7.0

ILD1b1+ILD1b2+ILD1b3
4
-1.4675000000000002 0.2765
7.182499999999999 0.2765
7.182499999999999 0.3955
-1.4675000000000002 0.3955
4.0

IMD1a
4
-1.4675000000000002 0.3955
7.182499999999999 0.3955
7.182499999999999 0.4065
-1.4675000000000002 0.4065
5.2

IMD1b
4
-1.4675000000000002 0.4065
7.182499999999999 0.4065
7.182499999999999 0.4665
-1.4675000000000002 0.4665
2.8

IMD2a
4
-1.4675000000000002 0.4665
7.182499999999999 0.4665
7.182499999999999 0.4875
-1.4675000000000002 0.4875
5.2

IMD2b
4
-1.4675000000000002 0.4875
7.182499999999999 0.4875
7.182499999999999 0.5025
-1.4675000000000002 0.5025
4.2

IMD2c
4
-1.4675000000000002 0.5025
7.182499999999999 0.5025
7.182499999999999 0.5265
-1.4675000000000002 0.5265
3.28

IMD2d1+IMD2d2
4
-1.4675000000000002 0.5265
7.182499999999999 0.5265
7.182499999999999 0.6535
-1.4675000000000002 0.6535
2.65

IMD3a
4
-1.4675000000000002 0.6535
7.182499999999999 0.6535
7.182499999999999 0.6745
-1.4675000000000002 0.6745
5.2

IMD3b
4
-1.4675000000000002 0.6745
7.182499999999999 0.6745
7.182499999999999 0.6895
-1.4675000000000002 0.6895
4.2

IMD3c
4
-1.4675000000000002 0.6895
7.182499999999999 0.6895
7.182499999999999 0.7135
-1.4675000000000002 0.7135
3.28

IMD4a
4
-1.4675000000000002 0.8405
7.182499999999999 0.8405
7.182499999999999 0.8615
-1.4675000000000002 0.8615
5.2

IMD4b
4
-1.4675000000000002 0.8615
7.182499999999999 0.8615
7.182499999999999 0.8765
-1.4675000000000002 0.8765
4.2

IMD4c
4
-1.4675000000000002 0.8765
7.182499999999999 0.8765
7.182499999999999 0.9005
-1.4675000000000002 0.9005
3.28

IMD5a
4
-1.4675000000000002 1.0275
7.182499999999999 1.0275
7.182499999999999 1.0485
-1.4675000000000002 1.0485
5.2

IMD5b
4
-1.4675000000000002 1.0485
7.182499999999999 1.0485
7.182499999999999 1.0635
-1.4675000000000002 1.0635
4.2

IMD5c
4
-1.4675000000000002 1.0635
7.182499999999999 1.0635
7.182499999999999 1.0875
-1.4675000000000002 1.0875
3.28

IMD5d1+IMD5d2
4
-1.4675000000000002 1.0875
7.182499999999999 1.0875
7.182499999999999 1.2145
-1.4675000000000002 1.2145
2.65

IMD6a
4
-1.4675000000000002 1.2145
7.182499999999999 1.2145
7.182499999999999 1.2355
-1.4675000000000002 1.2355
5.2

IMD6b
4
-1.4675000000000002 1.2355
7.182499999999999 1.2355
7.182499999999999 1.2505
-1.4675000000000002 1.2505
4.2

IMD6c
4
-1.4675000000000002 1.2505
7.182499999999999 1.2505
7.182499999999999 1.2745
-1.4675000000000002 1.2745
3.28

IMD6d1+IMD6d2
4
-1.4675000000000002 1.2745
7.182499999999999 1.2745
7.182499999999999 1.4015
-1.4675000000000002 1.4015
2.65

IMD7a
4
-1.4675000000000002 1.4015
7.182499999999999 1.4015
7.182499999999999 1.4765
-1.4675000000000002 1.4765
5.2

IMD7b1+IMD7b2
4
-1.4675000000000002 1.4765
7.182499999999999 1.4765
7.182499999999999 2.9765
-1.4675000000000002 2.9765
4.2

IMD8a
4
-1.4675000000000002 2.9765
7.182499999999999 2.9765
7.182499999999999 3.0515
-1.4675000000000002 3.0515
5.2

IMD8b1+IMD8b2
4
-1.4675000000000002 3.0515
7.182499999999999 3.0515
7.182499999999999 4.5515
-1.4675000000000002 4.5515
4.2

PASS1
4
-1.4675000000000002 4.5515
7.182499999999999 4.5515
7.182499999999999 4.6265
-1.4675000000000002 4.6265
7.0

PASS2
4
-1.4675000000000002 4.6265
7.182499999999999 4.6265
7.182499999999999 5.0265
-1.4675000000000002 5.0265
4.2

PASS3
4
-1.4675000000000002 5.0265
7.182499999999999 5.0265
7.182499999999999 5.1015
-1.4675000000000002 5.1015
7.0

PASS4+PASS5
4
-1.4675000000000002 5.1015
7.182499999999999 5.1015
7.182499999999999 6.0515
-1.4675000000000002 6.0515
4.2

PASS6
4
-1.4675000000000002 6.0515
7.182499999999999 6.0515
7.182499999999999 6.6515
-1.4675000000000002 6.6515
7.0

air_Layer
4
-1.4675000000000002 6.6515
7.182499999999999 6.6515
7.182499999999999 6.9485
-1.4675000000000002 6.9485
1.0


4
-1.4675000000000002 0.001
7.182499999999999 0.001
7.182499999999999 6.9485
-1.4675000000000002 6.9485

