c2
4
-0.019510000000000013 0.9285000000000001
0.019510000000000013 0.9285000000000001
0.025490000000000013 1.0275
-0.025490000000000013 1.0275

10
botleft
4
-0.8825000000000001 -0.001
0 -0.001
0 0.001
-0.8825000000000001 0.001

botright
4
0 -0.001
2.7275 -0.001
2.7275 0.001
0 0.001

ltEnv
4
-0.37951 0.9285000000000001
-0.34048999999999996 0.9285000000000001
-0.33451 1.0275
-0.38549 1.0275

c4
4
0.11549 0.9285000000000001
0.15451 0.9285000000000001
0.16049000000000002 1.0275
0.10951 1.0275

rtEnv
4
0.47548999999999997 0.9285000000000001
0.51451 0.9285000000000001
0.52049 1.0275
0.46951 1.0275

lbEnv
4
-0.37951 0.7415
-0.34048999999999996 0.7415
-0.33451 0.8405
-0.38549 0.8405

c1left
4
-0.019510000000000013 0.7415
0 0.7415
0 0.8405
-0.025490000000000013 0.8405

c1
4
0 0.7415
0.019510000000000013 0.7415
0.025490000000000013 0.8405
0 0.8405

c3
4
0.11549 0.7415
1.0095099999999997 0.7415
1.0154899999999998 0.8405
0.10951 0.8405

rbEnv
4
1.3304900000000002 0.7415
2.22451 0.7415
2.23049 0.8405
1.32451 0.8405


79
IMD3d1_damage
4
-0.388924 0.7315
-0.331076 0.7315
-0.330472 0.7415
-0.389528 0.7415
3.1

IMD3d1_damage
4
-0.028924000000000012 0.7315
0.028924000000000012 0.7315
0.029528000000000013 0.7415
-0.029528000000000013 0.7415
3.1

IMD3d1_damage
4
0.10607599999999999 0.7315
1.0189239999999997 0.7315
1.0195279999999998 0.7415
0.105472 0.7415
3.1

IMD3d1_damage
4
1.3210760000000001 0.7315
2.233924 0.7315
2.234528 0.7415
1.320472 0.7415
3.1

IMD3d2_damage
4
-0.384519 0.7415
-0.37951 0.7415
-0.38549 0.8405
-0.390499 0.8405
2.9

IMD3d2_damage
4
-0.34048999999999996 0.7415
-0.335481 0.7415
-0.329501 0.8405
-0.33451 0.8405
2.9

IMD3d2_damage
4
-0.024519000000000013 0.7415
-0.019510000000000013 0.7415
-0.025490000000000013 0.8405
-0.030499000000000012 0.8405
2.9

IMD3d2_damage
4
0.019510000000000013 0.7415
0.024519000000000013 0.7415
0.030499000000000012 0.8405
0.025490000000000013 0.8405
2.9

IMD3d2_damage
4
0.110481 0.7415
0.11549 0.7415
0.10951 0.8405
0.104501 0.8405
2.9

IMD3d2_damage
4
1.0095099999999997 0.7415
1.0145189999999997 0.7415
1.0204989999999998 0.8405
1.0154899999999998 0.8405
2.9

IMD3d2_damage
4
1.3254810000000001 0.7415
1.3304900000000002 0.7415
1.32451 0.8405
1.319501 0.8405
2.9

IMD3d2_damage
4
2.22451 0.7415
2.229519 0.7415
2.235499 0.8405
2.23049 0.8405
2.9

IMD4d1_damage
4
-0.388924 0.9185000000000001
-0.331076 0.9185000000000001
-0.330472 0.9285000000000001
-0.389528 0.9285000000000001
3.1

IMD4d1_damage
4
-0.028924000000000012 0.9185000000000001
0.028924000000000012 0.9185000000000001
0.029528000000000013 0.9285000000000001
-0.029528000000000013 0.9285000000000001
3.1

IMD4d1_damage
4
0.10607599999999999 0.9185000000000001
0.16392400000000001 0.9185000000000001
0.164528 0.9285000000000001
0.105472 0.9285000000000001
3.1

IMD4d1_damage
4
0.466076 0.9185000000000001
0.523924 0.9185000000000001
0.524528 0.9285000000000001
0.465472 0.9285000000000001
3.1

IMD4d2_damage
4
-0.384519 0.9285000000000001
-0.37951 0.9285000000000001
-0.38549 1.0275
-0.390499 1.0275
2.9

IMD4d2_damage
4
-0.34048999999999996 0.9285000000000001
-0.335481 0.9285000000000001
-0.329501 1.0275
-0.33451 1.0275
2.9

IMD4d2_damage
4
-0.024519000000000013 0.9285000000000001
-0.019510000000000013 0.9285000000000001
-0.025490000000000013 1.0275
-0.030499000000000012 1.0275
2.9

IMD4d2_damage
4
0.019510000000000013 0.9285000000000001
0.024519000000000013 0.9285000000000001
0.030499000000000012 1.0275
0.025490000000000013 1.0275
2.9

IMD4d2_damage
4
0.110481 0.9285000000000001
0.11549 0.9285000000000001
0.10951 1.0275
0.104501 1.0275
2.9

IMD4d2_damage
4
0.15451 0.9285000000000001
0.15951900000000002 0.9285000000000001
0.16549900000000003 1.0275
0.16049000000000002 1.0275
2.9

IMD4d2_damage
4
0.470481 0.9285000000000001
0.47548999999999997 0.9285000000000001
0.46951 1.0275
0.464501 1.0275
2.9

IMD4d2_damage
4
0.51451 0.9285000000000001
0.5195190000000001 0.9285000000000001
0.525499 1.0275
0.52049 1.0275
2.9

IMD3d2
4
-0.8825000000000001 0.7415
-0.384519 0.7415
-0.390499 0.8405
-0.8825000000000001 0.8405
2.65

IMD3d2
4
-0.335481 0.7415
-0.024519000000000013 0.7415
-0.030499000000000012 0.8405
-0.329501 0.8405
2.65

IMD3d2
4
0.024519000000000013 0.7415
0.110481 0.7415
0.104501 0.8405
0.030499000000000012 0.8405
2.65

IMD3d2
4
1.0145189999999997 0.7415
1.3254810000000001 0.7415
1.319501 0.8405
1.0204989999999998 0.8405
2.65

IMD3d2
4
2.229519 0.7415
2.7275 0.7415
2.7275 0.8405
2.235499 0.8405
2.65

IMD3d1
4
-0.8825000000000001 0.7315
-0.388924 0.7315
-0.389528 0.7415
-0.8825000000000001 0.7415
2.65

IMD3d1
4
-0.331076 0.7315
-0.028924000000000012 0.7315
-0.029528000000000013 0.7415
-0.330472 0.7415
2.65

IMD3d1
4
0.028924000000000012 0.7315
0.10607599999999999 0.7315
0.105472 0.7415
0.029528000000000013 0.7415
2.65

IMD3d1
4
1.0189239999999997 0.7315
1.3210760000000001 0.7315
1.320472 0.7415
1.0195279999999998 0.7415
2.65

IMD3d1
4
2.233924 0.7315
2.7275 0.7315
2.7275 0.7415
2.234528 0.7415
2.65

IMD3d1
4
-0.8825000000000001 0.7135
2.7275 0.7135
2.7275 0.7315
-0.8825000000000001 0.7315
2.65

IMD4d2
4
-0.8825000000000001 0.9285000000000001
-0.384519 0.9285000000000001
-0.390499 1.0275
-0.8825000000000001 1.0275
2.65

IMD4d2
4
-0.335481 0.9285000000000001
-0.024519000000000013 0.9285000000000001
-0.030499000000000012 1.0275
-0.329501 1.0275
2.65

IMD4d2
4
0.024519000000000013 0.9285000000000001
0.110481 0.9285000000000001
0.104501 1.0275
0.030499000000000012 1.0275
2.65

IMD4d2
4
0.15951900000000002 0.9285000000000001
0.470481 0.9285000000000001
0.464501 1.0275
0.16549900000000003 1.0275
2.65

IMD4d2
4
0.5195190000000001 0.9285000000000001
2.7275 0.9285000000000001
2.7275 1.0275
0.525499 1.0275
2.65

IMD4d1
4
-0.8825000000000001 0.9185000000000001
-0.388924 0.9185000000000001
-0.389528 0.9285000000000001
-0.8825000000000001 0.9285000000000001
2.65

IMD4d1
4
-0.331076 0.9185000000000001
-0.028924000000000012 0.9185000000000001
-0.029528000000000013 0.9285000000000001
-0.330472 0.9285000000000001
2.65

IMD4d1
4
0.028924000000000012 0.9185000000000001
0.10607599999999999 0.9185000000000001
0.105472 0.9285000000000001
0.029528000000000013 0.9285000000000001
2.65

IMD4d1
4
0.16392400000000001 0.9185000000000001
0.466076 0.9185000000000001
0.465472 0.9285000000000001
0.164528 0.9285000000000001
2.65

IMD4d1
4
0.523924 0.9185000000000001
2.7275 0.9185000000000001
2.7275 0.9285000000000001
0.524528 0.9285000000000001
2.65

IMD4d1
4
-0.8825000000000001 0.9005
2.7275 0.9005
2.7275 0.9185000000000001
-0.8825000000000001 0.9185000000000001
2.65

FOXA+FOXB+TOX
4
-0.8825000000000001 0.001
2.7275 0.001
2.7275 0.2665
-0.8825000000000001 0.2665
4.0

ILD1a
4
-0.8825000000000001 0.2665
2.7275 0.2665
2.7275 0.2765
-0.8825000000000001 0.2765
7.0

ILD1b1+ILD1b2+ILD1b3
4
-0.8825000000000001 0.2765
2.7275 0.2765
2.7275 0.3955
-0.8825000000000001 0.3955
4.0

IMD1a
4
-0.8825000000000001 0.3955
2.7275 0.3955
2.7275 0.4065
-0.8825000000000001 0.4065
5.2

IMD1b
4
-0.8825000000000001 0.4065
2.7275 0.4065
2.7275 0.4665
-0.8825000000000001 0.4665
2.8

IMD2a
4
-0.8825000000000001 0.4665
2.7275 0.4665
2.7275 0.4875
-0.8825000000000001 0.4875
5.2

IMD2b
4
-0.8825000000000001 0.4875
2.7275 0.4875
2.7275 0.5025
-0.8825000000000001 0.5025
4.2

IMD2c
4
-0.8825000000000001 0.5025
2.7275 0.5025
2.7275 0.5265
-0.8825000000000001 0.5265
3.28

IMD2d1+IMD2d2
4
-0.8825000000000001 0.5265
2.7275 0.5265
2.7275 0.6535
-0.8825000000000001 0.6535
2.65

IMD3a
4
-0.8825000000000001 0.6535
2.7275 0.6535
2.7275 0.6745
-0.8825000000000001 0.6745
5.2

IMD3b
4
-0.8825000000000001 0.6745
2.7275 0.6745
2.7275 0.6895
-0.8825000000000001 0.6895
4.2

IMD3c
4
-0.8825000000000001 0.6895
2.7275 0.6895
2.7275 0.7135
-0.8825000000000001 0.7135
3.28

IMD4a
4
-0.8825000000000001 0.8405
2.7275 0.8405
2.7275 0.8615
-0.8825000000000001 0.8615
5.2

IMD4b
4
-0.8825000000000001 0.8615
2.7275 0.8615
2.7275 0.8765
-0.8825000000000001 0.8765
4.2

IMD4c
4
-0.8825000000000001 0.8765
2.7275 0.8765
2.7275 0.9005
-0.8825000000000001 0.9005
3.28

IMD5a
4
-0.8825000000000001 1.0275
2.7275 1.0275
2.7275 1.0485
-0.8825000000000001 1.0485
5.2

IMD5b
4
-0.8825000000000001 1.0485
2.7275 1.0485
2.7275 1.0635
-0.8825000000000001 1.0635
4.2

IMD5c
4
-0.8825000000000001 1.0635
2.7275 1.0635
2.7275 1.0875
-0.8825000000000001 1.0875
3.28

IMD5d1+IMD5d2
4
-0.8825000000000001 1.0875
2.7275 1.0875
2.7275 1.2145
-0.8825000000000001 1.2145
2.65

IMD6a
4
-0.8825000000000001 1.2145
2.7275 1.2145
2.7275 1.2355
-0.8825000000000001 1.2355
5.2

IMD6b
4
-0.8825000000000001 1.2355
2.7275 1.2355
2.7275 1.2505
-0.8825000000000001 1.2505
4.2

IMD6c
4
-0.8825000000000001 1.2505
2.7275 1.2505
2.7275 1.2745
-0.8825000000000001 1.2745
3.28

IMD6d1+IMD6d2
4
-0.8825000000000001 1.2745
2.7275 1.2745
2.7275 1.4015
-0.8825000000000001 1.4015
2.65

IMD7a
4
-0.8825000000000001 1.4015
2.7275 1.4015
2.7275 1.4765
-0.8825000000000001 1.4765
5.2

IMD7b1+IMD7b2
4
-0.8825000000000001 1.4765
2.7275 1.4765
2.7275 2.9765
-0.8825000000000001 2.9765
4.2

IMD8a
4
-0.8825000000000001 2.9765
2.7275 2.9765
2.7275 3.0515
-0.8825000000000001 3.0515
5.2

IMD8b1+IMD8b2
4
-0.8825000000000001 3.0515
2.7275 3.0515
2.7275 4.5515
-0.8825000000000001 4.5515
4.2

PASS1
4
-0.8825000000000001 4.5515
2.7275 4.5515
2.7275 4.6265
-0.8825000000000001 4.6265
7.0

PASS2
4
-0.8825000000000001 4.6265
2.7275 4.6265
2.7275 5.0265
-0.8825000000000001 5.0265
4.2

PASS3
4
-0.8825000000000001 5.0265
2.7275 5.0265
2.7275 5.1015
-0.8825000000000001 5.1015
7.0

PASS4+PASS5
4
-0.8825000000000001 5.1015
2.7275 5.1015
2.7275 6.0515
-0.8825000000000001 6.0515
4.2

PASS6
4
-0.8825000000000001 6.0515
2.7275 6.0515
2.7275 6.6515
-0.8825000000000001 6.6515
7.0

air_Layer
4
-0.8825000000000001 6.6515
2.7275 6.6515
2.7275 6.9485
-0.8825000000000001 6.9485
1.0


4
-0.8825000000000001 0.001
2.7275 0.001
2.7275 6.9485
-0.8825000000000001 6.9485

