c2
4
-0.019510000000000013 1.3025
0.019510000000000013 1.3025
0.025490000000000013 1.4015
-0.025490000000000013 1.4015

6
botleft
4
-4.145 -0.001
0 -0.001
0 0.001
-4.145 0.001

botright
4
0 -0.001
6.035 -0.001
6.035 0.001
0 0.001

ltEnv
4
-0.37951 1.3025
-0.34048999999999996 1.3025
-0.33451 1.4015
-0.38549 1.4015

lbEnv
4
-1.6620099999999998 1.1155
-0.76799 1.1155
-0.76201 1.2145
-1.6679899999999999 1.2145

c1left
4
-0.44701 1.1155
0 1.1155
0 1.2145
-0.45299 1.2145

c1
4
0 1.1155
0.44701 1.1155
0.45299 1.2145
0 1.2145


59
IMD5d1_damage
4
-1.6714239999999998 1.1055
-0.758576 1.1055
-0.757972 1.1155
-1.6720279999999998 1.1155
3.1

IMD5d1_damage
4
-0.456424 1.1055
0.456424 1.1055
0.457028 1.1155
-0.457028 1.1155
3.1

IMD5d2_damage
4
-1.6670189999999998 1.1155
-1.6620099999999998 1.1155
-1.6679899999999999 1.2145
-1.672999 1.2145
2.9

IMD5d2_damage
4
-0.76799 1.1155
-0.7629809999999999 1.1155
-0.7570009999999999 1.2145
-0.76201 1.2145
2.9

IMD5d2_damage
4
-0.452019 1.1155
-0.44701 1.1155
-0.45299 1.2145
-0.457999 1.2145
2.9

IMD5d2_damage
4
0.44701 1.1155
0.452019 1.1155
0.457999 1.2145
0.45299 1.2145
2.9

IMD6d1_damage
4
-0.388924 1.2925
-0.331076 1.2925
-0.330472 1.3025
-0.389528 1.3025
3.1

IMD6d1_damage
4
-0.028924000000000012 1.2925
0.028924000000000012 1.2925
0.029528000000000013 1.3025
-0.029528000000000013 1.3025
3.1

IMD6d2_damage
4
-0.384519 1.3025
-0.37951 1.3025
-0.38549 1.4015
-0.390499 1.4015
2.9

IMD6d2_damage
4
-0.34048999999999996 1.3025
-0.335481 1.3025
-0.329501 1.4015
-0.33451 1.4015
2.9

IMD6d2_damage
4
-0.024519000000000013 1.3025
-0.019510000000000013 1.3025
-0.025490000000000013 1.4015
-0.030499000000000012 1.4015
2.9

IMD6d2_damage
4
0.019510000000000013 1.3025
0.024519000000000013 1.3025
0.030499000000000012 1.4015
0.025490000000000013 1.4015
2.9

IMD5d2
4
-4.145 1.1155
-1.6670189999999998 1.1155
-1.672999 1.2145
-4.145 1.2145
2.65

IMD5d2
4
-0.7629809999999999 1.1155
-0.452019 1.1155
-0.457999 1.2145
-0.7570009999999999 1.2145
2.65

IMD5d2
4
0.452019 1.1155
6.035 1.1155
6.035 1.2145
0.457999 1.2145
2.65

IMD5d1
4
-4.145 1.1055
-1.6714239999999998 1.1055
-1.6720279999999998 1.1155
-4.145 1.1155
2.65

IMD5d1
4
-0.758576 1.1055
-0.456424 1.1055
-0.457028 1.1155
-0.757972 1.1155
2.65

IMD5d1
4
0.456424 1.1055
6.035 1.1055
6.035 1.1155
0.457028 1.1155
2.65

IMD5d1
4
-4.145 1.0875
6.035 1.0875
6.035 1.1055
-4.145 1.1055
2.65

IMD6d2
4
-4.145 1.3025
-0.384519 1.3025
-0.390499 1.4015
-4.145 1.4015
2.65

IMD6d2
4
-0.335481 1.3025
-0.024519000000000013 1.3025
-0.030499000000000012 1.4015
-0.329501 1.4015
2.65

IMD6d2
4
0.024519000000000013 1.3025
6.035 1.3025
6.035 1.4015
0.030499000000000012 1.4015
2.65

IMD6d1
4
-4.145 1.2925
-0.388924 1.2925
-0.389528 1.3025
-4.145 1.3025
2.65

IMD6d1
4
-0.331076 1.2925
-0.028924000000000012 1.2925
-0.029528000000000013 1.3025
-0.330472 1.3025
2.65

IMD6d1
4
0.028924000000000012 1.2925
6.035 1.2925
6.035 1.3025
0.029528000000000013 1.3025
2.65

IMD6d1
4
-4.145 1.2745
6.035 1.2745
6.035 1.2925
-4.145 1.2925
2.65

FOXA+FOXB+TOX
4
-4.145 0.001
6.035 0.001
6.035 0.2665
-4.145 0.2665
4.0

ILD1a
4
-4.145 0.2665
6.035 0.2665
6.035 0.2765
-4.145 0.2765
7.0

ILD1b1+ILD1b2+ILD1b3
4
-4.145 0.2765
6.035 0.2765
6.035 0.3955
-4.145 0.3955
4.0

IMD1a
4
-4.145 0.3955
6.035 0.3955
6.035 0.4065
-4.145 0.4065
5.2

IMD1b
4
-4.145 0.4065
6.035 0.4065
6.035 0.4665
-4.145 0.4665
2.8

IMD2a
4
-4.145 0.4665
6.035 0.4665
6.035 0.4875
-4.145 0.4875
5.2

IMD2b
4
-4.145 0.4875
6.035 0.4875
6.035 0.5025
-4.145 0.5025
4.2

IMD2c
4
-4.145 0.5025
6.035 0.5025
6.035 0.5265
-4.145 0.5265
3.28

IMD2d1+IMD2d2
4
-4.145 0.5265
6.035 0.5265
6.035 0.6535
-4.145 0.6535
2.65

IMD3a
4
-4.145 0.6535
6.035 0.6535
6.035 0.6745
-4.145 0.6745
5.2

IMD3b
4
-4.145 0.6745
6.035 0.6745
6.035 0.6895
-4.145 0.6895
4.2

IMD3c
4
-4.145 0.6895
6.035 0.6895
6.035 0.7135
-4.145 0.7135
3.28

IMD3d1+IMD3d2
4
-4.145 0.7135
6.035 0.7135
6.035 0.8405
-4.145 0.8405
2.65

IMD4a
4
-4.145 0.8405
6.035 0.8405
6.035 0.8615
-4.145 0.8615
5.2

IMD4b
4
-4.145 0.8615
6.035 0.8615
6.035 0.8765
-4.145 0.8765
4.2

IMD4c
4
-4.145 0.8765
6.035 0.8765
6.035 0.9005
-4.145 0.9005
3.28

IMD4d1+IMD4d2
4
-4.145 0.9005
6.035 0.9005
6.035 1.0275
-4.145 1.0275
2.65

IMD5a
4
-4.145 1.0275
6.035 1.0275
6.035 1.0485
-4.145 1.0485
5.2

IMD5b
4
-4.145 1.0485
6.035 1.0485
6.035 1.0635
-4.145 1.0635
4.2

IMD5c
4
-4.145 1.0635
6.035 1.0635
6.035 1.0875
-4.145 1.0875
3.28

IMD6a
4
-4.145 1.2145
6.035 1.2145
6.035 1.2355
-4.145 1.2355
5.2

IMD6b
4
-4.145 1.2355
6.035 1.2355
6.035 1.2505
-4.145 1.2505
4.2

IMD6c
4
-4.145 1.2505
6.035 1.2505
6.035 1.2745
-4.145 1.2745
3.28

IMD7a
4
-4.145 1.4015
6.035 1.4015
6.035 1.4765
-4.145 1.4765
5.2

IMD7b1+IMD7b2
4
-4.145 1.4765
6.035 1.4765
6.035 2.9765
-4.145 2.9765
4.2

IMD8a
4
-4.145 2.9765
6.035 2.9765
6.035 3.0515
-4.145 3.0515
5.2

IMD8b1+IMD8b2
4
-4.145 3.0515
6.035 3.0515
6.035 4.5515
-4.145 4.5515
4.2

PASS1
4
-4.145 4.5515
6.035 4.5515
6.035 4.6265
-4.145 4.6265
7.0

PASS2
4
-4.145 4.6265
6.035 4.6265
6.035 5.0265
-4.145 5.0265
4.2

PASS3
4
-4.145 5.0265
6.035 5.0265
6.035 5.1015
-4.145 5.1015
7.0

PASS4+PASS5
4
-4.145 5.1015
6.035 5.1015
6.035 6.0515
-4.145 6.0515
4.2

PASS6
4
-4.145 6.0515
6.035 6.0515
6.035 6.6515
-4.145 6.6515
7.0

air_Layer
4
-4.145 6.6515
6.035 6.6515
6.035 6.9485
-4.145 6.9485
1.0


4
-4.145 0.001
6.035 0.001
6.035 6.9485
-4.145 6.9485

