c1
4
-0.44700999999999996 1.1155
0.44700999999999996 1.1155
0.45298999999999995 1.2145
-0.45298999999999995 1.2145

6
botleft
4
-6.35 -0.001
0 -0.001
0 0.001
-6.35 0.001

botright
4
0 -0.001
7.2905 -0.001
7.2905 0.001
0 0.001

c3
4
0.49348999999999993 1.1155
1.3875099999999996 1.1155
1.3934899999999997 1.2145
0.48750999999999994 1.2145

c2left
4
-0.01951 1.3025
0 1.3025
0 1.4015
-0.02549 1.4015

c2
4
0 1.3025
0.01951 1.3025
0.02549 1.4015
0 1.4015

c4
4
0.06599 1.3025
0.10500999999999999 1.3025
0.11098999999999999 1.4015
0.060009999999999994 1.4015


59
IMD5d1_damage
4
-0.45642399999999994 1.1055
0.45642399999999994 1.1055
0.45702799999999993 1.1155
-0.45702799999999993 1.1155
3.1

IMD5d1_damage
4
0.48407599999999995 1.1055
1.3969239999999996 1.1055
1.3975279999999997 1.1155
0.48347199999999996 1.1155
3.1

IMD5d2_damage
4
-0.45201899999999995 1.1155
-0.44700999999999996 1.1155
-0.45298999999999995 1.2145
-0.45799899999999993 1.2145
2.9

IMD5d2_damage
4
0.44700999999999996 1.1155
0.45201899999999995 1.1155
0.45799899999999993 1.2145
0.45298999999999995 1.2145
2.9

IMD5d2_damage
4
0.48848099999999994 1.1155
0.49348999999999993 1.1155
0.48750999999999994 1.2145
0.48250099999999996 1.2145
2.9

IMD5d2_damage
4
1.3875099999999996 1.1155
1.3925189999999996 1.1155
1.3984989999999997 1.2145
1.3934899999999997 1.2145
2.9

IMD6d1_damage
4
-0.028924 1.2925
0.028924 1.2925
0.029528 1.3025
-0.029528 1.3025
3.1

IMD6d1_damage
4
0.056575999999999994 1.2925
0.114424 1.2925
0.11502799999999999 1.3025
0.055971999999999994 1.3025
3.1

IMD6d2_damage
4
-0.024519 1.3025
-0.01951 1.3025
-0.02549 1.4015
-0.030499 1.4015
2.9

IMD6d2_damage
4
0.01951 1.3025
0.024519 1.3025
0.030499 1.4015
0.02549 1.4015
2.9

IMD6d2_damage
4
0.060980999999999994 1.3025
0.06599 1.3025
0.060009999999999994 1.4015
0.055000999999999994 1.4015
2.9

IMD6d2_damage
4
0.10500999999999999 1.3025
0.11001899999999999 1.3025
0.11599899999999999 1.4015
0.11098999999999999 1.4015
2.9

IMD5d2
4
-6.35 1.1155
-0.45201899999999995 1.1155
-0.45799899999999993 1.2145
-6.35 1.2145
2.65

IMD5d2
4
0.45201899999999995 1.1155
0.48848099999999994 1.1155
0.48250099999999996 1.2145
0.45799899999999993 1.2145
2.65

IMD5d2
4
1.3925189999999996 1.1155
7.2905 1.1155
7.2905 1.2145
1.3984989999999997 1.2145
2.65

IMD5d1
4
-6.35 1.1055
-0.45642399999999994 1.1055
-0.45702799999999993 1.1155
-6.35 1.1155
2.65

IMD5d1
4
0.45642399999999994 1.1055
0.48407599999999995 1.1055
0.48347199999999996 1.1155
0.45702799999999993 1.1155
2.65

IMD5d1
4
1.3969239999999996 1.1055
7.2905 1.1055
7.2905 1.1155
1.3975279999999997 1.1155
2.65

IMD5d1
4
-6.35 1.0875
7.2905 1.0875
7.2905 1.1055
-6.35 1.1055
2.65

IMD6d2
4
-6.35 1.3025
-0.024519 1.3025
-0.030499 1.4015
-6.35 1.4015
2.65

IMD6d2
4
0.024519 1.3025
0.060980999999999994 1.3025
0.055000999999999994 1.4015
0.030499 1.4015
2.65

IMD6d2
4
0.11001899999999999 1.3025
7.2905 1.3025
7.2905 1.4015
0.11599899999999999 1.4015
2.65

IMD6d1
4
-6.35 1.2925
-0.028924 1.2925
-0.029528 1.3025
-6.35 1.3025
2.65

IMD6d1
4
0.028924 1.2925
0.056575999999999994 1.2925
0.055971999999999994 1.3025
0.029528 1.3025
2.65

IMD6d1
4
0.114424 1.2925
7.2905 1.2925
7.2905 1.3025
0.11502799999999999 1.3025
2.65

IMD6d1
4
-6.35 1.2745
7.2905 1.2745
7.2905 1.2925
-6.35 1.2925
2.65

FOXA+FOXB+TOX
4
-6.35 0.001
7.2905 0.001
7.2905 0.2665
-6.35 0.2665
4.0

ILD1a
4
-6.35 0.2665
7.2905 0.2665
7.2905 0.2765
-6.35 0.2765
7.0

ILD1b1+ILD1b2+ILD1b3
4
-6.35 0.2765
7.2905 0.2765
7.2905 0.3955
-6.35 0.3955
4.0

IMD1a
4
-6.35 0.3955
7.2905 0.3955
7.2905 0.4065
-6.35 0.4065
5.2

IMD1b
4
-6.35 0.4065
7.2905 0.4065
7.2905 0.4665
-6.35 0.4665
2.8

IMD2a
4
-6.35 0.4665
7.2905 0.4665
7.2905 0.4875
-6.35 0.4875
5.2

IMD2b
4
-6.35 0.4875
7.2905 0.4875
7.2905 0.5025
-6.35 0.5025
4.2

IMD2c
4
-6.35 0.5025
7.2905 0.5025
7.2905 0.5265
-6.35 0.5265
3.28

IMD2d1+IMD2d2
4
-6.35 0.5265
7.2905 0.5265
7.2905 0.6535
-6.35 0.6535
2.65

IMD3a
4
-6.35 0.6535
7.2905 0.6535
7.2905 0.6745
-6.35 0.6745
5.2

IMD3b
4
-6.35 0.6745
7.2905 0.6745
7.2905 0.6895
-6.35 0.6895
4.2

IMD3c
4
-6.35 0.6895
7.2905 0.6895
7.2905 0.7135
-6.35 0.7135
3.28

IMD3d1+IMD3d2
4
-6.35 0.7135
7.2905 0.7135
7.2905 0.8405
-6.35 0.8405
2.65

IMD4a
4
-6.35 0.8405
7.2905 0.8405
7.2905 0.8615
-6.35 0.8615
5.2

IMD4b
4
-6.35 0.8615
7.2905 0.8615
7.2905 0.8765
-6.35 0.8765
4.2

IMD4c
4
-6.35 0.8765
7.2905 0.8765
7.2905 0.9005
-6.35 0.9005
3.28

IMD4d1+IMD4d2
4
-6.35 0.9005
7.2905 0.9005
7.2905 1.0275
-6.35 1.0275
2.65

IMD5a
4
-6.35 1.0275
7.2905 1.0275
7.2905 1.0485
-6.35 1.0485
5.2

IMD5b
4
-6.35 1.0485
7.2905 1.0485
7.2905 1.0635
-6.35 1.0635
4.2

IMD5c
4
-6.35 1.0635
7.2905 1.0635
7.2905 1.0875
-6.35 1.0875
3.28

IMD6a
4
-6.35 1.2145
7.2905 1.2145
7.2905 1.2355
-6.35 1.2355
5.2

IMD6b
4
-6.35 1.2355
7.2905 1.2355
7.2905 1.2505
-6.35 1.2505
4.2

IMD6c
4
-6.35 1.2505
7.2905 1.2505
7.2905 1.2745
-6.35 1.2745
3.28

IMD7a
4
-6.35 1.4015
7.2905 1.4015
7.2905 1.4765
-6.35 1.4765
5.2

IMD7b1+IMD7b2
4
-6.35 1.4765
7.2905 1.4765
7.2905 2.9765
-6.35 2.9765
4.2

IMD8a
4
-6.35 2.9765
7.2905 2.9765
7.2905 3.0515
-6.35 3.0515
5.2

IMD8b1+IMD8b2
4
-6.35 3.0515
7.2905 3.0515
7.2905 4.5515
-6.35 4.5515
4.2

PASS1
4
-6.35 4.5515
7.2905 4.5515
7.2905 4.6265
-6.35 4.6265
7.0

PASS2
4
-6.35 4.6265
7.2905 4.6265
7.2905 5.0265
-6.35 5.0265
4.2

PASS3
4
-6.35 5.0265
7.2905 5.0265
7.2905 5.1015
-6.35 5.1015
7.0

PASS4+PASS5
4
-6.35 5.1015
7.2905 5.1015
7.2905 6.0515
-6.35 6.0515
4.2

PASS6
4
-6.35 6.0515
7.2905 6.0515
7.2905 6.6515
-6.35 6.6515
7.0

air_Layer
4
-6.35 6.6515
7.2905 6.6515
7.2905 6.9485
-6.35 6.9485
1.0


4
-6.35 0.001
7.2905 0.001
7.2905 6.9485
-6.35 6.9485

