c2
4
-0.01951 1.3025
0.01951 1.3025
0.02549 1.4015
-0.02549 1.4015

6
botleft
4
-6.35 -0.001
0 -0.001
0 0.001
-6.35 0.001

botright
4
0 -0.001
7.34 -0.001
7.34 0.001
0 0.001

c4
4
0.11549000000000001 1.3025
0.15451 1.3025
0.16049000000000002 1.4015
0.10951000000000001 1.4015

c1left
4
-0.44700999999999996 0.7415
0 0.7415
0 0.8405
-0.45298999999999995 0.8405

c1
4
0 0.7415
0.44700999999999996 0.7415
0.45298999999999995 0.8405
0 0.8405

c3
4
0.54299 0.7415
1.4370099999999997 0.7415
1.4429899999999998 0.8405
0.53701 0.8405


59
IMD3d1_damage
4
-0.45642399999999994 0.7315
0.45642399999999994 0.7315
0.45702799999999993 0.7415
-0.45702799999999993 0.7415
3.1

IMD3d1_damage
4
0.533576 0.7315
1.4464239999999997 0.7315
1.4470279999999998 0.7415
0.532972 0.7415
3.1

IMD3d2_damage
4
-0.45201899999999995 0.7415
-0.44700999999999996 0.7415
-0.45298999999999995 0.8405
-0.45799899999999993 0.8405
2.9

IMD3d2_damage
4
0.44700999999999996 0.7415
0.45201899999999995 0.7415
0.45799899999999993 0.8405
0.45298999999999995 0.8405
2.9

IMD3d2_damage
4
0.5379809999999999 0.7415
0.54299 0.7415
0.53701 0.8405
0.532001 0.8405
2.9

IMD3d2_damage
4
1.4370099999999997 0.7415
1.4420189999999997 0.7415
1.4479989999999998 0.8405
1.4429899999999998 0.8405
2.9

IMD6d1_damage
4
-0.028924 1.2925
0.028924 1.2925
0.029528 1.3025
-0.029528 1.3025
3.1

IMD6d1_damage
4
0.106076 1.2925
0.16392400000000001 1.2925
0.164528 1.3025
0.10547200000000001 1.3025
3.1

IMD6d2_damage
4
-0.024519 1.3025
-0.01951 1.3025
-0.02549 1.4015
-0.030499 1.4015
2.9

IMD6d2_damage
4
0.01951 1.3025
0.024519 1.3025
0.030499 1.4015
0.02549 1.4015
2.9

IMD6d2_damage
4
0.11048100000000001 1.3025
0.11549000000000001 1.3025
0.10951000000000001 1.4015
0.10450100000000001 1.4015
2.9

IMD6d2_damage
4
0.15451 1.3025
0.15951900000000002 1.3025
0.16549900000000003 1.4015
0.16049000000000002 1.4015
2.9

IMD3d2
4
-6.35 0.7415
-0.45201899999999995 0.7415
-0.45799899999999993 0.8405
-6.35 0.8405
2.65

IMD3d2
4
0.45201899999999995 0.7415
0.5379809999999999 0.7415
0.532001 0.8405
0.45799899999999993 0.8405
2.65

IMD3d2
4
1.4420189999999997 0.7415
7.34 0.7415
7.34 0.8405
1.4479989999999998 0.8405
2.65

IMD3d1
4
-6.35 0.7315
-0.45642399999999994 0.7315
-0.45702799999999993 0.7415
-6.35 0.7415
2.65

IMD3d1
4
0.45642399999999994 0.7315
0.533576 0.7315
0.532972 0.7415
0.45702799999999993 0.7415
2.65

IMD3d1
4
1.4464239999999997 0.7315
7.34 0.7315
7.34 0.7415
1.4470279999999998 0.7415
2.65

IMD3d1
4
-6.35 0.7135
7.34 0.7135
7.34 0.7315
-6.35 0.7315
2.65

IMD6d2
4
-6.35 1.3025
-0.024519 1.3025
-0.030499 1.4015
-6.35 1.4015
2.65

IMD6d2
4
0.024519 1.3025
0.11048100000000001 1.3025
0.10450100000000001 1.4015
0.030499 1.4015
2.65

IMD6d2
4
0.15951900000000002 1.3025
7.34 1.3025
7.34 1.4015
0.16549900000000003 1.4015
2.65

IMD6d1
4
-6.35 1.2925
-0.028924 1.2925
-0.029528 1.3025
-6.35 1.3025
2.65

IMD6d1
4
0.028924 1.2925
0.106076 1.2925
0.10547200000000001 1.3025
0.029528 1.3025
2.65

IMD6d1
4
0.16392400000000001 1.2925
7.34 1.2925
7.34 1.3025
0.164528 1.3025
2.65

IMD6d1
4
-6.35 1.2745
7.34 1.2745
7.34 1.2925
-6.35 1.2925
2.65

FOXA+FOXB+TOX
4
-6.35 0.001
7.34 0.001
7.34 0.2665
-6.35 0.2665
4.0

ILD1a
4
-6.35 0.2665
7.34 0.2665
7.34 0.2765
-6.35 0.2765
7.0

ILD1b1+ILD1b2+ILD1b3
4
-6.35 0.2765
7.34 0.2765
7.34 0.3955
-6.35 0.3955
4.0

IMD1a
4
-6.35 0.3955
7.34 0.3955
7.34 0.4065
-6.35 0.4065
5.2

IMD1b
4
-6.35 0.4065
7.34 0.4065
7.34 0.4665
-6.35 0.4665
2.8

IMD2a
4
-6.35 0.4665
7.34 0.4665
7.34 0.4875
-6.35 0.4875
5.2

IMD2b
4
-6.35 0.4875
7.34 0.4875
7.34 0.5025
-6.35 0.5025
4.2

IMD2c
4
-6.35 0.5025
7.34 0.5025
7.34 0.5265
-6.35 0.5265
3.28

IMD2d1+IMD2d2
4
-6.35 0.5265
7.34 0.5265
7.34 0.6535
-6.35 0.6535
2.65

IMD3a
4
-6.35 0.6535
7.34 0.6535
7.34 0.6745
-6.35 0.6745
5.2

IMD3b
4
-6.35 0.6745
7.34 0.6745
7.34 0.6895
-6.35 0.6895
4.2

IMD3c
4
-6.35 0.6895
7.34 0.6895
7.34 0.7135
-6.35 0.7135
3.28

IMD4a
4
-6.35 0.8405
7.34 0.8405
7.34 0.8615
-6.35 0.8615
5.2

IMD4b
4
-6.35 0.8615
7.34 0.8615
7.34 0.8765
-6.35 0.8765
4.2

IMD4c
4
-6.35 0.8765
7.34 0.8765
7.34 0.9005
-6.35 0.9005
3.28

IMD4d1+IMD4d2
4
-6.35 0.9005
7.34 0.9005
7.34 1.0275
-6.35 1.0275
2.65

IMD5a
4
-6.35 1.0275
7.34 1.0275
7.34 1.0485
-6.35 1.0485
5.2

IMD5b
4
-6.35 1.0485
7.34 1.0485
7.34 1.0635
-6.35 1.0635
4.2

IMD5c
4
-6.35 1.0635
7.34 1.0635
7.34 1.0875
-6.35 1.0875
3.28

IMD5d1+IMD5d2
4
-6.35 1.0875
7.34 1.0875
7.34 1.2145
-6.35 1.2145
2.65

IMD6a
4
-6.35 1.2145
7.34 1.2145
7.34 1.2355
-6.35 1.2355
5.2

IMD6b
4
-6.35 1.2355
7.34 1.2355
7.34 1.2505
-6.35 1.2505
4.2

IMD6c
4
-6.35 1.2505
7.34 1.2505
7.34 1.2745
-6.35 1.2745
3.28

IMD7a
4
-6.35 1.4015
7.34 1.4015
7.34 1.4765
-6.35 1.4765
5.2

IMD7b1+IMD7b2
4
-6.35 1.4765
7.34 1.4765
7.34 2.9765
-6.35 2.9765
4.2

IMD8a
4
-6.35 2.9765
7.34 2.9765
7.34 3.0515
-6.35 3.0515
5.2

IMD8b1+IMD8b2
4
-6.35 3.0515
7.34 3.0515
7.34 4.5515
-6.35 4.5515
4.2

PASS1
4
-6.35 4.5515
7.34 4.5515
7.34 4.6265
-6.35 4.6265
7.0

PASS2
4
-6.35 4.6265
7.34 4.6265
7.34 5.0265
-6.35 5.0265
4.2

PASS3
4
-6.35 5.0265
7.34 5.0265
7.34 5.1015
-6.35 5.1015
7.0

PASS4+PASS5
4
-6.35 5.1015
7.34 5.1015
7.34 6.0515
-6.35 6.0515
4.2

PASS6
4
-6.35 6.0515
7.34 6.0515
7.34 6.6515
-6.35 6.6515
7.0

air_Layer
4
-6.35 6.6515
7.34 6.6515
7.34 6.9485
-6.35 6.9485
1.0


4
-6.35 0.001
7.34 0.001
7.34 6.9485
-6.35 6.9485

