c2
4
-0.019510000000000013 0.9285000000000001
0.019510000000000013 0.9285000000000001
0.025490000000000013 1.0275
-0.025490000000000013 1.0275

10
botleft
4
-2.165 -0.001
0 -0.001
0 0.001
-2.165 0.001

botright
4
0 -0.001
1.3999999999999997 -0.001
1.3999999999999997 0.001
0 0.001

ltEnv
4
-0.37951 0.9285000000000001
-0.34048999999999996 0.9285000000000001
-0.33451 1.0275
-0.38549 1.0275

c4
4
0.07049000000000001 0.9285000000000001
0.10950999999999998 0.9285000000000001
0.11548999999999998 1.0275
0.06451000000000001 1.0275

rtEnv
4
0.43049000000000004 0.9285000000000001
0.4695100000000001 0.9285000000000001
0.4754900000000001 1.0275
0.42451000000000005 1.0275

lbEnv
4
-1.6620099999999998 0.7415
-0.76799 0.7415
-0.76201 0.8405
-1.6679899999999999 0.8405

c1left
4
-0.44701 0.7415
0 0.7415
0 0.8405
-0.45299 0.8405

c1
4
0 0.7415
0.44701 0.7415
0.45299 0.8405
0 0.8405

c3
4
0.4979899999999998 0.7415
0.5370099999999999 0.7415
0.5429899999999999 0.8405
0.49200999999999984 0.8405

rbEnv
4
0.8579899999999997 0.7415
0.8970099999999998 0.7415
0.9029899999999997 0.8405
0.8520099999999997 0.8405


79
IMD3d1_damage
4
-1.6714239999999998 0.7315
-0.758576 0.7315
-0.757972 0.7415
-1.6720279999999998 0.7415
3.1

IMD3d1_damage
4
-0.456424 0.7315
0.456424 0.7315
0.457028 0.7415
-0.457028 0.7415
3.1

IMD3d1_damage
4
0.48857599999999984 0.7315
0.5464239999999998 0.7315
0.5470279999999998 0.7415
0.48797199999999985 0.7415
3.1

IMD3d1_damage
4
0.8485759999999998 0.7315
0.9064239999999997 0.7315
0.9070279999999997 0.7415
0.8479719999999997 0.7415
3.1

IMD3d2_damage
4
-1.6670189999999998 0.7415
-1.6620099999999998 0.7415
-1.6679899999999999 0.8405
-1.672999 0.8405
2.9

IMD3d2_damage
4
-0.76799 0.7415
-0.7629809999999999 0.7415
-0.7570009999999999 0.8405
-0.76201 0.8405
2.9

IMD3d2_damage
4
-0.452019 0.7415
-0.44701 0.7415
-0.45299 0.8405
-0.457999 0.8405
2.9

IMD3d2_damage
4
0.44701 0.7415
0.452019 0.7415
0.457999 0.8405
0.45299 0.8405
2.9

IMD3d2_damage
4
0.49298099999999984 0.7415
0.4979899999999998 0.7415
0.49200999999999984 0.8405
0.48700099999999985 0.8405
2.9

IMD3d2_damage
4
0.5370099999999999 0.7415
0.5420189999999999 0.7415
0.5479989999999999 0.8405
0.5429899999999999 0.8405
2.9

IMD3d2_damage
4
0.8529809999999997 0.7415
0.8579899999999997 0.7415
0.8520099999999997 0.8405
0.8470009999999997 0.8405
2.9

IMD3d2_damage
4
0.8970099999999998 0.7415
0.9020189999999998 0.7415
0.9079989999999998 0.8405
0.9029899999999997 0.8405
2.9

IMD4d1_damage
4
-0.388924 0.9185000000000001
-0.331076 0.9185000000000001
-0.330472 0.9285000000000001
-0.389528 0.9285000000000001
3.1

IMD4d1_damage
4
-0.028924000000000012 0.9185000000000001
0.028924000000000012 0.9185000000000001
0.029528000000000013 0.9285000000000001
-0.029528000000000013 0.9285000000000001
3.1

IMD4d1_damage
4
0.06107600000000001 0.9185000000000001
0.11892399999999999 0.9185000000000001
0.11952799999999998 0.9285000000000001
0.06047200000000001 0.9285000000000001
3.1

IMD4d1_damage
4
0.42107600000000006 0.9185000000000001
0.47892400000000007 0.9185000000000001
0.47952800000000007 0.9285000000000001
0.42047200000000007 0.9285000000000001
3.1

IMD4d2_damage
4
-0.384519 0.9285000000000001
-0.37951 0.9285000000000001
-0.38549 1.0275
-0.390499 1.0275
2.9

IMD4d2_damage
4
-0.34048999999999996 0.9285000000000001
-0.335481 0.9285000000000001
-0.329501 1.0275
-0.33451 1.0275
2.9

IMD4d2_damage
4
-0.024519000000000013 0.9285000000000001
-0.019510000000000013 0.9285000000000001
-0.025490000000000013 1.0275
-0.030499000000000012 1.0275
2.9

IMD4d2_damage
4
0.019510000000000013 0.9285000000000001
0.024519000000000013 0.9285000000000001
0.030499000000000012 1.0275
0.025490000000000013 1.0275
2.9

IMD4d2_damage
4
0.06548100000000001 0.9285000000000001
0.07049000000000001 0.9285000000000001
0.06451000000000001 1.0275
0.05950100000000001 1.0275
2.9

IMD4d2_damage
4
0.10950999999999998 0.9285000000000001
0.11451899999999998 0.9285000000000001
0.12049899999999998 1.0275
0.11548999999999998 1.0275
2.9

IMD4d2_damage
4
0.42548100000000005 0.9285000000000001
0.43049000000000004 0.9285000000000001
0.42451000000000005 1.0275
0.41950100000000007 1.0275
2.9

IMD4d2_damage
4
0.4695100000000001 0.9285000000000001
0.4745190000000001 0.9285000000000001
0.48049900000000006 1.0275
0.4754900000000001 1.0275
2.9

IMD3d2
4
-2.165 0.7415
-1.6670189999999998 0.7415
-1.672999 0.8405
-2.165 0.8405
2.65

IMD3d2
4
-0.7629809999999999 0.7415
-0.452019 0.7415
-0.457999 0.8405
-0.7570009999999999 0.8405
2.65

IMD3d2
4
0.452019 0.7415
0.49298099999999984 0.7415
0.48700099999999985 0.8405
0.457999 0.8405
2.65

IMD3d2
4
0.5420189999999999 0.7415
0.8529809999999997 0.7415
0.8470009999999997 0.8405
0.5479989999999999 0.8405
2.65

IMD3d2
4
0.9020189999999998 0.7415
1.3999999999999997 0.7415
1.3999999999999997 0.8405
0.9079989999999998 0.8405
2.65

IMD3d1
4
-2.165 0.7315
-1.6714239999999998 0.7315
-1.6720279999999998 0.7415
-2.165 0.7415
2.65

IMD3d1
4
-0.758576 0.7315
-0.456424 0.7315
-0.457028 0.7415
-0.757972 0.7415
2.65

IMD3d1
4
0.456424 0.7315
0.48857599999999984 0.7315
0.48797199999999985 0.7415
0.457028 0.7415
2.65

IMD3d1
4
0.5464239999999998 0.7315
0.8485759999999998 0.7315
0.8479719999999997 0.7415
0.5470279999999998 0.7415
2.65

IMD3d1
4
0.9064239999999997 0.7315
1.3999999999999997 0.7315
1.3999999999999997 0.7415
0.9070279999999997 0.7415
2.65

IMD3d1
4
-2.165 0.7135
1.3999999999999997 0.7135
1.3999999999999997 0.7315
-2.165 0.7315
2.65

IMD4d2
4
-2.165 0.9285000000000001
-0.384519 0.9285000000000001
-0.390499 1.0275
-2.165 1.0275
2.65

IMD4d2
4
-0.335481 0.9285000000000001
-0.024519000000000013 0.9285000000000001
-0.030499000000000012 1.0275
-0.329501 1.0275
2.65

IMD4d2
4
0.024519000000000013 0.9285000000000001
0.06548100000000001 0.9285000000000001
0.05950100000000001 1.0275
0.030499000000000012 1.0275
2.65

IMD4d2
4
0.11451899999999998 0.9285000000000001
0.42548100000000005 0.9285000000000001
0.41950100000000007 1.0275
0.12049899999999998 1.0275
2.65

IMD4d2
4
0.4745190000000001 0.9285000000000001
1.3999999999999997 0.9285000000000001
1.3999999999999997 1.0275
0.48049900000000006 1.0275
2.65

IMD4d1
4
-2.165 0.9185000000000001
-0.388924 0.9185000000000001
-0.389528 0.9285000000000001
-2.165 0.9285000000000001
2.65

IMD4d1
4
-0.331076 0.9185000000000001
-0.028924000000000012 0.9185000000000001
-0.029528000000000013 0.9285000000000001
-0.330472 0.9285000000000001
2.65

IMD4d1
4
0.028924000000000012 0.9185000000000001
0.06107600000000001 0.9185000000000001
0.06047200000000001 0.9285000000000001
0.029528000000000013 0.9285000000000001
2.65

IMD4d1
4
0.11892399999999999 0.9185000000000001
0.42107600000000006 0.9185000000000001
0.42047200000000007 0.9285000000000001
0.11952799999999998 0.9285000000000001
2.65

IMD4d1
4
0.47892400000000007 0.9185000000000001
1.3999999999999997 0.9185000000000001
1.3999999999999997 0.9285000000000001
0.47952800000000007 0.9285000000000001
2.65

IMD4d1
4
-2.165 0.9005
1.3999999999999997 0.9005
1.3999999999999997 0.9185000000000001
-2.165 0.9185000000000001
2.65

FOXA+FOXB+TOX
4
-2.165 0.001
1.3999999999999997 0.001
1.3999999999999997 0.2665
-2.165 0.2665
4.0

ILD1a
4
-2.165 0.2665
1.3999999999999997 0.2665
1.3999999999999997 0.2765
-2.165 0.2765
7.0

ILD1b1+ILD1b2+ILD1b3
4
-2.165 0.2765
1.3999999999999997 0.2765
1.3999999999999997 0.3955
-2.165 0.3955
4.0

IMD1a
4
-2.165 0.3955
1.3999999999999997 0.3955
1.3999999999999997 0.4065
-2.165 0.4065
5.2

IMD1b
4
-2.165 0.4065
1.3999999999999997 0.4065
1.3999999999999997 0.4665
-2.165 0.4665
2.8

IMD2a
4
-2.165 0.4665
1.3999999999999997 0.4665
1.3999999999999997 0.4875
-2.165 0.4875
5.2

IMD2b
4
-2.165 0.4875
1.3999999999999997 0.4875
1.3999999999999997 0.5025
-2.165 0.5025
4.2

IMD2c
4
-2.165 0.5025
1.3999999999999997 0.5025
1.3999999999999997 0.5265
-2.165 0.5265
3.28

IMD2d1+IMD2d2
4
-2.165 0.5265
1.3999999999999997 0.5265
1.3999999999999997 0.6535
-2.165 0.6535
2.65

IMD3a
4
-2.165 0.6535
1.3999999999999997 0.6535
1.3999999999999997 0.6745
-2.165 0.6745
5.2

IMD3b
4
-2.165 0.6745
1.3999999999999997 0.6745
1.3999999999999997 0.6895
-2.165 0.6895
4.2

IMD3c
4
-2.165 0.6895
1.3999999999999997 0.6895
1.3999999999999997 0.7135
-2.165 0.7135
3.28

IMD4a
4
-2.165 0.8405
1.3999999999999997 0.8405
1.3999999999999997 0.8615
-2.165 0.8615
5.2

IMD4b
4
-2.165 0.8615
1.3999999999999997 0.8615
1.3999999999999997 0.8765
-2.165 0.8765
4.2

IMD4c
4
-2.165 0.8765
1.3999999999999997 0.8765
1.3999999999999997 0.9005
-2.165 0.9005
3.28

IMD5a
4
-2.165 1.0275
1.3999999999999997 1.0275
1.3999999999999997 1.0485
-2.165 1.0485
5.2

IMD5b
4
-2.165 1.0485
1.3999999999999997 1.0485
1.3999999999999997 1.0635
-2.165 1.0635
4.2

IMD5c
4
-2.165 1.0635
1.3999999999999997 1.0635
1.3999999999999997 1.0875
-2.165 1.0875
3.28

IMD5d1+IMD5d2
4
-2.165 1.0875
1.3999999999999997 1.0875
1.3999999999999997 1.2145
-2.165 1.2145
2.65

IMD6a
4
-2.165 1.2145
1.3999999999999997 1.2145
1.3999999999999997 1.2355
-2.165 1.2355
5.2

IMD6b
4
-2.165 1.2355
1.3999999999999997 1.2355
1.3999999999999997 1.2505
-2.165 1.2505
4.2

IMD6c
4
-2.165 1.2505
1.3999999999999997 1.2505
1.3999999999999997 1.2745
-2.165 1.2745
3.28

IMD6d1+IMD6d2
4
-2.165 1.2745
1.3999999999999997 1.2745
1.3999999999999997 1.4015
-2.165 1.4015
2.65

IMD7a
4
-2.165 1.4015
1.3999999999999997 1.4015
1.3999999999999997 1.4765
-2.165 1.4765
5.2

IMD7b1+IMD7b2
4
-2.165 1.4765
1.3999999999999997 1.4765
1.3999999999999997 2.9765
-2.165 2.9765
4.2

IMD8a
4
-2.165 2.9765
1.3999999999999997 2.9765
1.3999999999999997 3.0515
-2.165 3.0515
5.2

IMD8b1+IMD8b2
4
-2.165 3.0515
1.3999999999999997 3.0515
1.3999999999999997 4.5515
-2.165 4.5515
4.2

PASS1
4
-2.165 4.5515
1.3999999999999997 4.5515
1.3999999999999997 4.6265
-2.165 4.6265
7.0

PASS2
4
-2.165 4.6265
1.3999999999999997 4.6265
1.3999999999999997 5.0265
-2.165 5.0265
4.2

PASS3
4
-2.165 5.0265
1.3999999999999997 5.0265
1.3999999999999997 5.1015
-2.165 5.1015
7.0

PASS4+PASS5
4
-2.165 5.1015
1.3999999999999997 5.1015
1.3999999999999997 6.0515
-2.165 6.0515
4.2

PASS6
4
-2.165 6.0515
1.3999999999999997 6.0515
1.3999999999999997 6.6515
-2.165 6.6515
7.0

air_Layer
4
-2.165 6.6515
1.3999999999999997 6.6515
1.3999999999999997 6.9485
-2.165 6.9485
1.0


4
-2.165 0.001
1.3999999999999997 0.001
1.3999999999999997 6.9485
-2.165 6.9485

