c1
4
-0.06451000000000001 0.7415
0.06451000000000001 0.7415
0.07049000000000001 0.8405
-0.07049000000000001 0.8405

6
botleft
4
-5.202500000000001 -0.001
0 -0.001
0 0.001
-5.202500000000001 0.001

botright
4
0 -0.001
5.7875 -0.001
5.7875 0.001
0 0.001

c3
4
0.5204899999999999 0.7415
0.6495099999999999 0.7415
0.6554899999999999 0.8405
0.5145099999999999 0.8405

c2left
4
-0.01951 1.3025
0 1.3025
0 1.4015
-0.02549 1.4015

c2
4
0 1.3025
0.01951 1.3025
0.02549 1.4015
0 1.4015

c4
4
0.47548999999999997 1.3025
0.51451 1.3025
0.52049 1.4015
0.46951 1.4015


59
IMD3d1_damage
4
-0.07392400000000002 0.7315
0.07392400000000002 0.7315
0.07452800000000001 0.7415
-0.07452800000000001 0.7415
3.1

IMD3d1_damage
4
0.511076 0.7315
0.6589239999999998 0.7315
0.6595279999999999 0.7415
0.5104719999999999 0.7415
3.1

IMD3d2_damage
4
-0.06951900000000001 0.7415
-0.06451000000000001 0.7415
-0.07049000000000001 0.8405
-0.07549900000000001 0.8405
2.9

IMD3d2_damage
4
0.06451000000000001 0.7415
0.06951900000000001 0.7415
0.07549900000000001 0.8405
0.07049000000000001 0.8405
2.9

IMD3d2_damage
4
0.5154809999999999 0.7415
0.5204899999999999 0.7415
0.5145099999999999 0.8405
0.5095009999999999 0.8405
2.9

IMD3d2_damage
4
0.6495099999999999 0.7415
0.654519 0.7415
0.660499 0.8405
0.6554899999999999 0.8405
2.9

IMD6d1_damage
4
-0.028924 1.2925
0.028924 1.2925
0.029528 1.3025
-0.029528 1.3025
3.1

IMD6d1_damage
4
0.466076 1.2925
0.523924 1.2925
0.524528 1.3025
0.465472 1.3025
3.1

IMD6d2_damage
4
-0.024519 1.3025
-0.01951 1.3025
-0.02549 1.4015
-0.030499 1.4015
2.9

IMD6d2_damage
4
0.01951 1.3025
0.024519 1.3025
0.030499 1.4015
0.02549 1.4015
2.9

IMD6d2_damage
4
0.470481 1.3025
0.47548999999999997 1.3025
0.46951 1.4015
0.464501 1.4015
2.9

IMD6d2_damage
4
0.51451 1.3025
0.5195190000000001 1.3025
0.525499 1.4015
0.52049 1.4015
2.9

IMD3d2
4
-5.202500000000001 0.7415
-0.06951900000000001 0.7415
-0.07549900000000001 0.8405
-5.202500000000001 0.8405
2.65

IMD3d2
4
0.06951900000000001 0.7415
0.5154809999999999 0.7415
0.5095009999999999 0.8405
0.07549900000000001 0.8405
2.65

IMD3d2
4
0.654519 0.7415
5.7875 0.7415
5.7875 0.8405
0.660499 0.8405
2.65

IMD3d1
4
-5.202500000000001 0.7315
-0.07392400000000002 0.7315
-0.07452800000000001 0.7415
-5.202500000000001 0.7415
2.65

IMD3d1
4
0.07392400000000002 0.7315
0.511076 0.7315
0.5104719999999999 0.7415
0.07452800000000001 0.7415
2.65

IMD3d1
4
0.6589239999999998 0.7315
5.7875 0.7315
5.7875 0.7415
0.6595279999999999 0.7415
2.65

IMD3d1
4
-5.202500000000001 0.7135
5.7875 0.7135
5.7875 0.7315
-5.202500000000001 0.7315
2.65

IMD6d2
4
-5.202500000000001 1.3025
-0.024519 1.3025
-0.030499 1.4015
-5.202500000000001 1.4015
2.65

IMD6d2
4
0.024519 1.3025
0.470481 1.3025
0.464501 1.4015
0.030499 1.4015
2.65

IMD6d2
4
0.5195190000000001 1.3025
5.7875 1.3025
5.7875 1.4015
0.525499 1.4015
2.65

IMD6d1
4
-5.202500000000001 1.2925
-0.028924 1.2925
-0.029528 1.3025
-5.202500000000001 1.3025
2.65

IMD6d1
4
0.028924 1.2925
0.466076 1.2925
0.465472 1.3025
0.029528 1.3025
2.65

IMD6d1
4
0.523924 1.2925
5.7875 1.2925
5.7875 1.3025
0.524528 1.3025
2.65

IMD6d1
4
-5.202500000000001 1.2745
5.7875 1.2745
5.7875 1.2925
-5.202500000000001 1.2925
2.65

FOXA+FOXB+TOX
4
-5.202500000000001 0.001
5.7875 0.001
5.7875 0.2665
-5.202500000000001 0.2665
4.0

ILD1a
4
-5.202500000000001 0.2665
5.7875 0.2665
5.7875 0.2765
-5.202500000000001 0.2765
7.0

ILD1b1+ILD1b2+ILD1b3
4
-5.202500000000001 0.2765
5.7875 0.2765
5.7875 0.3955
-5.202500000000001 0.3955
4.0

IMD1a
4
-5.202500000000001 0.3955
5.7875 0.3955
5.7875 0.4065
-5.202500000000001 0.4065
5.2

IMD1b
4
-5.202500000000001 0.4065
5.7875 0.4065
5.7875 0.4665
-5.202500000000001 0.4665
2.8

IMD2a
4
-5.202500000000001 0.4665
5.7875 0.4665
5.7875 0.4875
-5.202500000000001 0.4875
5.2

IMD2b
4
-5.202500000000001 0.4875
5.7875 0.4875
5.7875 0.5025
-5.202500000000001 0.5025
4.2

IMD2c
4
-5.202500000000001 0.5025
5.7875 0.5025
5.7875 0.5265
-5.202500000000001 0.5265
3.28

IMD2d1+IMD2d2
4
-5.202500000000001 0.5265
5.7875 0.5265
5.7875 0.6535
-5.202500000000001 0.6535
2.65

IMD3a
4
-5.202500000000001 0.6535
5.7875 0.6535
5.7875 0.6745
-5.202500000000001 0.6745
5.2

IMD3b
4
-5.202500000000001 0.6745
5.7875 0.6745
5.7875 0.6895
-5.202500000000001 0.6895
4.2

IMD3c
4
-5.202500000000001 0.6895
5.7875 0.6895
5.7875 0.7135
-5.202500000000001 0.7135
3.28

IMD4a
4
-5.202500000000001 0.8405
5.7875 0.8405
5.7875 0.8615
-5.202500000000001 0.8615
5.2

IMD4b
4
-5.202500000000001 0.8615
5.7875 0.8615
5.7875 0.8765
-5.202500000000001 0.8765
4.2

IMD4c
4
-5.202500000000001 0.8765
5.7875 0.8765
5.7875 0.9005
-5.202500000000001 0.9005
3.28

IMD4d1+IMD4d2
4
-5.202500000000001 0.9005
5.7875 0.9005
5.7875 1.0275
-5.202500000000001 1.0275
2.65

IMD5a
4
-5.202500000000001 1.0275
5.7875 1.0275
5.7875 1.0485
-5.202500000000001 1.0485
5.2

IMD5b
4
-5.202500000000001 1.0485
5.7875 1.0485
5.7875 1.0635
-5.202500000000001 1.0635
4.2

IMD5c
4
-5.202500000000001 1.0635
5.7875 1.0635
5.7875 1.0875
-5.202500000000001 1.0875
3.28

IMD5d1+IMD5d2
4
-5.202500000000001 1.0875
5.7875 1.0875
5.7875 1.2145
-5.202500000000001 1.2145
2.65

IMD6a
4
-5.202500000000001 1.2145
5.7875 1.2145
5.7875 1.2355
-5.202500000000001 1.2355
5.2

IMD6b
4
-5.202500000000001 1.2355
5.7875 1.2355
5.7875 1.2505
-5.202500000000001 1.2505
4.2

IMD6c
4
-5.202500000000001 1.2505
5.7875 1.2505
5.7875 1.2745
-5.202500000000001 1.2745
3.28

IMD7a
4
-5.202500000000001 1.4015
5.7875 1.4015
5.7875 1.4765
-5.202500000000001 1.4765
5.2

IMD7b1+IMD7b2
4
-5.202500000000001 1.4765
5.7875 1.4765
5.7875 2.9765
-5.202500000000001 2.9765
4.2

IMD8a
4
-5.202500000000001 2.9765
5.7875 2.9765
5.7875 3.0515
-5.202500000000001 3.0515
5.2

IMD8b1+IMD8b2
4
-5.202500000000001 3.0515
5.7875 3.0515
5.7875 4.5515
-5.202500000000001 4.5515
4.2

PASS1
4
-5.202500000000001 4.5515
5.7875 4.5515
5.7875 4.6265
-5.202500000000001 4.6265
7.0

PASS2
4
-5.202500000000001 4.6265
5.7875 4.6265
5.7875 5.0265
-5.202500000000001 5.0265
4.2

PASS3
4
-5.202500000000001 5.0265
5.7875 5.0265
5.7875 5.1015
-5.202500000000001 5.1015
7.0

PASS4+PASS5
4
-5.202500000000001 5.1015
5.7875 5.1015
5.7875 6.0515
-5.202500000000001 6.0515
4.2

PASS6
4
-5.202500000000001 6.0515
5.7875 6.0515
5.7875 6.6515
-5.202500000000001 6.6515
7.0

air_Layer
4
-5.202500000000001 6.6515
5.7875 6.6515
5.7875 6.9485
-5.202500000000001 6.9485
1.0


4
-5.202500000000001 0.001
5.7875 0.001
5.7875 6.9485
-5.202500000000001 6.9485

