c1
4
-0.44701 1.1155
0.44701 1.1155
0.45299 1.2145
-0.45299 1.2145

10
botleft
4
-2.165 -0.001
0 -0.001
0 0.001
-2.165 0.001

botright
4
0 -0.001
1.445 -0.001
1.445 0.001
0 0.001

lbEnv
4
-1.6620099999999998 1.1155
-0.76799 1.1155
-0.76201 1.2145
-1.6679899999999999 1.2145

c3
4
0.5429900000000002 1.1155
0.5820100000000002 1.1155
0.5879900000000002 1.2145
0.5370100000000002 1.2145

rbEnv
4
0.9029900000000001 1.1155
0.9420100000000001 1.1155
0.9479900000000001 1.2145
0.8970100000000001 1.2145

ltEnv
4
-0.37951 1.3025
-0.34048999999999996 1.3025
-0.33451 1.4015
-0.38549 1.4015

c2left
4
-0.019510000000000013 1.3025
0 1.3025
0 1.4015
-0.025490000000000013 1.4015

c2
4
0 1.3025
0.019510000000000013 1.3025
0.025490000000000013 1.4015
0 1.4015

c4
4
0.11549 1.3025
0.15451 1.3025
0.16049000000000002 1.4015
0.10951 1.4015

rtEnv
4
0.47548999999999997 1.3025
0.51451 1.3025
0.52049 1.4015
0.46951 1.4015


79
IMD5d1_damage
4
-1.6714239999999998 1.1055
-0.758576 1.1055
-0.757972 1.1155
-1.6720279999999998 1.1155
3.1

IMD5d1_damage
4
-0.456424 1.1055
0.456424 1.1055
0.457028 1.1155
-0.457028 1.1155
3.1

IMD5d1_damage
4
0.5335760000000003 1.1055
0.5914240000000002 1.1055
0.5920280000000002 1.1155
0.5329720000000002 1.1155
3.1

IMD5d1_damage
4
0.8935760000000001 1.1055
0.951424 1.1055
0.9520280000000001 1.1155
0.8929720000000001 1.1155
3.1

IMD5d2_damage
4
-1.6670189999999998 1.1155
-1.6620099999999998 1.1155
-1.6679899999999999 1.2145
-1.672999 1.2145
2.9

IMD5d2_damage
4
-0.76799 1.1155
-0.7629809999999999 1.1155
-0.7570009999999999 1.2145
-0.76201 1.2145
2.9

IMD5d2_damage
4
-0.452019 1.1155
-0.44701 1.1155
-0.45299 1.2145
-0.457999 1.2145
2.9

IMD5d2_damage
4
0.44701 1.1155
0.452019 1.1155
0.457999 1.2145
0.45299 1.2145
2.9

IMD5d2_damage
4
0.5379810000000002 1.1155
0.5429900000000002 1.1155
0.5370100000000002 1.2145
0.5320010000000002 1.2145
2.9

IMD5d2_damage
4
0.5820100000000002 1.1155
0.5870190000000003 1.1155
0.5929990000000003 1.2145
0.5879900000000002 1.2145
2.9

IMD5d2_damage
4
0.897981 1.1155
0.9029900000000001 1.1155
0.8970100000000001 1.2145
0.892001 1.2145
2.9

IMD5d2_damage
4
0.9420100000000001 1.1155
0.9470190000000002 1.1155
0.9529990000000002 1.2145
0.9479900000000001 1.2145
2.9

IMD6d1_damage
4
-0.388924 1.2925
-0.331076 1.2925
-0.330472 1.3025
-0.389528 1.3025
3.1

IMD6d1_damage
4
-0.028924000000000012 1.2925
0.028924000000000012 1.2925
0.029528000000000013 1.3025
-0.029528000000000013 1.3025
3.1

IMD6d1_damage
4
0.10607599999999999 1.2925
0.16392400000000001 1.2925
0.164528 1.3025
0.105472 1.3025
3.1

IMD6d1_damage
4
0.466076 1.2925
0.523924 1.2925
0.524528 1.3025
0.465472 1.3025
3.1

IMD6d2_damage
4
-0.384519 1.3025
-0.37951 1.3025
-0.38549 1.4015
-0.390499 1.4015
2.9

IMD6d2_damage
4
-0.34048999999999996 1.3025
-0.335481 1.3025
-0.329501 1.4015
-0.33451 1.4015
2.9

IMD6d2_damage
4
-0.024519000000000013 1.3025
-0.019510000000000013 1.3025
-0.025490000000000013 1.4015
-0.030499000000000012 1.4015
2.9

IMD6d2_damage
4
0.019510000000000013 1.3025
0.024519000000000013 1.3025
0.030499000000000012 1.4015
0.025490000000000013 1.4015
2.9

IMD6d2_damage
4
0.110481 1.3025
0.11549 1.3025
0.10951 1.4015
0.104501 1.4015
2.9

IMD6d2_damage
4
0.15451 1.3025
0.15951900000000002 1.3025
0.16549900000000003 1.4015
0.16049000000000002 1.4015
2.9

IMD6d2_damage
4
0.470481 1.3025
0.47548999999999997 1.3025
0.46951 1.4015
0.464501 1.4015
2.9

IMD6d2_damage
4
0.51451 1.3025
0.5195190000000001 1.3025
0.525499 1.4015
0.52049 1.4015
2.9

IMD5d2
4
-2.165 1.1155
-1.6670189999999998 1.1155
-1.672999 1.2145
-2.165 1.2145
2.65

IMD5d2
4
-0.7629809999999999 1.1155
-0.452019 1.1155
-0.457999 1.2145
-0.7570009999999999 1.2145
2.65

IMD5d2
4
0.452019 1.1155
0.5379810000000002 1.1155
0.5320010000000002 1.2145
0.457999 1.2145
2.65

IMD5d2
4
0.5870190000000003 1.1155
0.897981 1.1155
0.892001 1.2145
0.5929990000000003 1.2145
2.65

IMD5d2
4
0.9470190000000002 1.1155
1.445 1.1155
1.445 1.2145
0.9529990000000002 1.2145
2.65

IMD5d1
4
-2.165 1.1055
-1.6714239999999998 1.1055
-1.6720279999999998 1.1155
-2.165 1.1155
2.65

IMD5d1
4
-0.758576 1.1055
-0.456424 1.1055
-0.457028 1.1155
-0.757972 1.1155
2.65

IMD5d1
4
0.456424 1.1055
0.5335760000000003 1.1055
0.5329720000000002 1.1155
0.457028 1.1155
2.65

IMD5d1
4
0.5914240000000002 1.1055
0.8935760000000001 1.1055
0.8929720000000001 1.1155
0.5920280000000002 1.1155
2.65

IMD5d1
4
0.951424 1.1055
1.445 1.1055
1.445 1.1155
0.9520280000000001 1.1155
2.65

IMD5d1
4
-2.165 1.0875
1.445 1.0875
1.445 1.1055
-2.165 1.1055
2.65

IMD6d2
4
-2.165 1.3025
-0.384519 1.3025
-0.390499 1.4015
-2.165 1.4015
2.65

IMD6d2
4
-0.335481 1.3025
-0.024519000000000013 1.3025
-0.030499000000000012 1.4015
-0.329501 1.4015
2.65

IMD6d2
4
0.024519000000000013 1.3025
0.110481 1.3025
0.104501 1.4015
0.030499000000000012 1.4015
2.65

IMD6d2
4
0.15951900000000002 1.3025
0.470481 1.3025
0.464501 1.4015
0.16549900000000003 1.4015
2.65

IMD6d2
4
0.5195190000000001 1.3025
1.445 1.3025
1.445 1.4015
0.525499 1.4015
2.65

IMD6d1
4
-2.165 1.2925
-0.388924 1.2925
-0.389528 1.3025
-2.165 1.3025
2.65

IMD6d1
4
-0.331076 1.2925
-0.028924000000000012 1.2925
-0.029528000000000013 1.3025
-0.330472 1.3025
2.65

IMD6d1
4
0.028924000000000012 1.2925
0.10607599999999999 1.2925
0.105472 1.3025
0.029528000000000013 1.3025
2.65

IMD6d1
4
0.16392400000000001 1.2925
0.466076 1.2925
0.465472 1.3025
0.164528 1.3025
2.65

IMD6d1
4
0.523924 1.2925
1.445 1.2925
1.445 1.3025
0.524528 1.3025
2.65

IMD6d1
4
-2.165 1.2745
1.445 1.2745
1.445 1.2925
-2.165 1.2925
2.65

FOXA+FOXB+TOX
4
-2.165 0.001
1.445 0.001
1.445 0.2665
-2.165 0.2665
4.0

ILD1a
4
-2.165 0.2665
1.445 0.2665
1.445 0.2765
-2.165 0.2765
7.0

ILD1b1+ILD1b2+ILD1b3
4
-2.165 0.2765
1.445 0.2765
1.445 0.3955
-2.165 0.3955
4.0

IMD1a
4
-2.165 0.3955
1.445 0.3955
1.445 0.4065
-2.165 0.4065
5.2

IMD1b
4
-2.165 0.4065
1.445 0.4065
1.445 0.4665
-2.165 0.4665
2.8

IMD2a
4
-2.165 0.4665
1.445 0.4665
1.445 0.4875
-2.165 0.4875
5.2

IMD2b
4
-2.165 0.4875
1.445 0.4875
1.445 0.5025
-2.165 0.5025
4.2

IMD2c
4
-2.165 0.5025
1.445 0.5025
1.445 0.5265
-2.165 0.5265
3.28

IMD2d1+IMD2d2
4
-2.165 0.5265
1.445 0.5265
1.445 0.6535
-2.165 0.6535
2.65

IMD3a
4
-2.165 0.6535
1.445 0.6535
1.445 0.6745
-2.165 0.6745
5.2

IMD3b
4
-2.165 0.6745
1.445 0.6745
1.445 0.6895
-2.165 0.6895
4.2

IMD3c
4
-2.165 0.6895
1.445 0.6895
1.445 0.7135
-2.165 0.7135
3.28

IMD3d1+IMD3d2
4
-2.165 0.7135
1.445 0.7135
1.445 0.8405
-2.165 0.8405
2.65

IMD4a
4
-2.165 0.8405
1.445 0.8405
1.445 0.8615
-2.165 0.8615
5.2

IMD4b
4
-2.165 0.8615
1.445 0.8615
1.445 0.8765
-2.165 0.8765
4.2

IMD4c
4
-2.165 0.8765
1.445 0.8765
1.445 0.9005
-2.165 0.9005
3.28

IMD4d1+IMD4d2
4
-2.165 0.9005
1.445 0.9005
1.445 1.0275
-2.165 1.0275
2.65

IMD5a
4
-2.165 1.0275
1.445 1.0275
1.445 1.0485
-2.165 1.0485
5.2

IMD5b
4
-2.165 1.0485
1.445 1.0485
1.445 1.0635
-2.165 1.0635
4.2

IMD5c
4
-2.165 1.0635
1.445 1.0635
1.445 1.0875
-2.165 1.0875
3.28

IMD6a
4
-2.165 1.2145
1.445 1.2145
1.445 1.2355
-2.165 1.2355
5.2

IMD6b
4
-2.165 1.2355
1.445 1.2355
1.445 1.2505
-2.165 1.2505
4.2

IMD6c
4
-2.165 1.2505
1.445 1.2505
1.445 1.2745
-2.165 1.2745
3.28

IMD7a
4
-2.165 1.4015
1.445 1.4015
1.445 1.4765
-2.165 1.4765
5.2

IMD7b1+IMD7b2
4
-2.165 1.4765
1.445 1.4765
1.445 2.9765
-2.165 2.9765
4.2

IMD8a
4
-2.165 2.9765
1.445 2.9765
1.445 3.0515
-2.165 3.0515
5.2

IMD8b1+IMD8b2
4
-2.165 3.0515
1.445 3.0515
1.445 4.5515
-2.165 4.5515
4.2

PASS1
4
-2.165 4.5515
1.445 4.5515
1.445 4.6265
-2.165 4.6265
7.0

PASS2
4
-2.165 4.6265
1.445 4.6265
1.445 5.0265
-2.165 5.0265
4.2

PASS3
4
-2.165 5.0265
1.445 5.0265
1.445 5.1015
-2.165 5.1015
7.0

PASS4+PASS5
4
-2.165 5.1015
1.445 5.1015
1.445 6.0515
-2.165 6.0515
4.2

PASS6
4
-2.165 6.0515
1.445 6.0515
1.445 6.6515
-2.165 6.6515
7.0

air_Layer
4
-2.165 6.6515
1.445 6.6515
1.445 6.9485
-2.165 6.9485
1.0


4
-2.165 0.001
1.445 0.001
1.445 6.9485
-2.165 6.9485

