c1
4
-0.4200100000000001 1.1155
0.4200100000000001 1.1155
0.4259900000000001 1.2145
-0.4259900000000001 1.2145

3
botleft
4
-4.1239799999999995 -0.001
0 -0.001
0 0.001
-4.1239799999999995 0.001

botright
4
0 -0.001
6.616980000000002 -0.001
6.616980000000002 0.001
0 0.001

lEnv
4
-1.66201 1.1155
-0.8219900000000001 1.1155
-0.8160100000000001 1.2145
-1.66799 1.2145


47
IMD5d1_damage
4
-1.671424 1.1055
-0.8125760000000002 1.1055
-0.8119720000000001 1.1155
-1.672028 1.1155
3.1

IMD5d1_damage
4
-0.4294240000000001 1.1055
0.4294240000000001 1.1055
0.4300280000000001 1.1155
-0.4300280000000001 1.1155
3.1

IMD5d2_damage
4
-1.667019 1.1155
-1.66201 1.1155
-1.66799 1.2145
-1.6729990000000001 1.2145
2.9

IMD5d2_damage
4
-0.8219900000000001 1.1155
-0.8169810000000001 1.1155
-0.8110010000000001 1.2145
-0.8160100000000001 1.2145
2.9

IMD5d2_damage
4
-0.4250190000000001 1.1155
-0.4200100000000001 1.1155
-0.4259900000000001 1.2145
-0.4309990000000001 1.2145
2.9

IMD5d2_damage
4
0.4200100000000001 1.1155
0.4250190000000001 1.1155
0.4309990000000001 1.2145
0.4259900000000001 1.2145
2.9

IMD5d2
4
-4.1239799999999995 1.1155
-1.667019 1.1155
-1.6729990000000001 1.2145
-4.1239799999999995 1.2145
2.65

IMD5d2
4
-0.8169810000000001 1.1155
-0.4250190000000001 1.1155
-0.4309990000000001 1.2145
-0.8110010000000001 1.2145
2.65

IMD5d2
4
0.4250190000000001 1.1155
6.616980000000002 1.1155
6.616980000000002 1.2145
0.4309990000000001 1.2145
2.65

IMD5d1
4
-4.1239799999999995 1.1055
-1.671424 1.1055
-1.672028 1.1155
-4.1239799999999995 1.1155
2.65

IMD5d1
4
-0.8125760000000002 1.1055
-0.4294240000000001 1.1055
-0.4300280000000001 1.1155
-0.8119720000000001 1.1155
2.65

IMD5d1
4
0.4294240000000001 1.1055
6.616980000000002 1.1055
6.616980000000002 1.1155
0.4300280000000001 1.1155
2.65

IMD5d1
4
-4.1239799999999995 1.0875
6.616980000000002 1.0875
6.616980000000002 1.1055
-4.1239799999999995 1.1055
2.65

FOXA+FOXB+TOX
4
-4.1239799999999995 0.001
6.616980000000002 0.001
6.616980000000002 0.2665
-4.1239799999999995 0.2665
4.0

ILD1a
4
-4.1239799999999995 0.2665
6.616980000000002 0.2665
6.616980000000002 0.2765
-4.1239799999999995 0.2765
7.0

ILD1b1+ILD1b2+ILD1b3
4
-4.1239799999999995 0.2765
6.616980000000002 0.2765
6.616980000000002 0.3955
-4.1239799999999995 0.3955
4.0

IMD1a
4
-4.1239799999999995 0.3955
6.616980000000002 0.3955
6.616980000000002 0.4065
-4.1239799999999995 0.4065
5.2

IMD1b
4
-4.1239799999999995 0.4065
6.616980000000002 0.4065
6.616980000000002 0.4665
-4.1239799999999995 0.4665
2.8

IMD2a
4
-4.1239799999999995 0.4665
6.616980000000002 0.4665
6.616980000000002 0.4875
-4.1239799999999995 0.4875
5.2

IMD2b
4
-4.1239799999999995 0.4875
6.616980000000002 0.4875
6.616980000000002 0.5025
-4.1239799999999995 0.5025
4.2

IMD2c
4
-4.1239799999999995 0.5025
6.616980000000002 0.5025
6.616980000000002 0.5265
-4.1239799999999995 0.5265
3.28

IMD2d1+IMD2d2
4
-4.1239799999999995 0.5265
6.616980000000002 0.5265
6.616980000000002 0.6535
-4.1239799999999995 0.6535
2.65

IMD3a
4
-4.1239799999999995 0.6535
6.616980000000002 0.6535
6.616980000000002 0.6745
-4.1239799999999995 0.6745
5.2

IMD3b
4
-4.1239799999999995 0.6745
6.616980000000002 0.6745
6.616980000000002 0.6895
-4.1239799999999995 0.6895
4.2

IMD3c
4
-4.1239799999999995 0.6895
6.616980000000002 0.6895
6.616980000000002 0.7135
-4.1239799999999995 0.7135
3.28

IMD3d1+IMD3d2
4
-4.1239799999999995 0.7135
6.616980000000002 0.7135
6.616980000000002 0.8405
-4.1239799999999995 0.8405
2.65

IMD4a
4
-4.1239799999999995 0.8405
6.616980000000002 0.8405
6.616980000000002 0.8615
-4.1239799999999995 0.8615
5.2

IMD4b
4
-4.1239799999999995 0.8615
6.616980000000002 0.8615
6.616980000000002 0.8765
-4.1239799999999995 0.8765
4.2

IMD4c
4
-4.1239799999999995 0.8765
6.616980000000002 0.8765
6.616980000000002 0.9005
-4.1239799999999995 0.9005
3.28

IMD4d1+IMD4d2
4
-4.1239799999999995 0.9005
6.616980000000002 0.9005
6.616980000000002 1.0275
-4.1239799999999995 1.0275
2.65

IMD5a
4
-4.1239799999999995 1.0275
6.616980000000002 1.0275
6.616980000000002 1.0485
-4.1239799999999995 1.0485
5.2

IMD5b
4
-4.1239799999999995 1.0485
6.616980000000002 1.0485
6.616980000000002 1.0635
-4.1239799999999995 1.0635
4.2

IMD5c
4
-4.1239799999999995 1.0635
6.616980000000002 1.0635
6.616980000000002 1.0875
-4.1239799999999995 1.0875
3.28

IMD6a
4
-4.1239799999999995 1.2145
6.616980000000002 1.2145
6.616980000000002 1.2355
-4.1239799999999995 1.2355
5.2

IMD6b
4
-4.1239799999999995 1.2355
6.616980000000002 1.2355
6.616980000000002 1.2505
-4.1239799999999995 1.2505
4.2

IMD6c
4
-4.1239799999999995 1.2505
6.616980000000002 1.2505
6.616980000000002 1.2745
-4.1239799999999995 1.2745
3.28

IMD6d1+IMD6d2
4
-4.1239799999999995 1.2745
6.616980000000002 1.2745
6.616980000000002 1.4015
-4.1239799999999995 1.4015
2.65

IMD7a
4
-4.1239799999999995 1.4015
6.616980000000002 1.4015
6.616980000000002 1.4765
-4.1239799999999995 1.4765
5.2

IMD7b1+IMD7b2
4
-4.1239799999999995 1.4765
6.616980000000002 1.4765
6.616980000000002 2.9765
-4.1239799999999995 2.9765
4.2

IMD8a
4
-4.1239799999999995 2.9765
6.616980000000002 2.9765
6.616980000000002 3.0515
-4.1239799999999995 3.0515
5.2

IMD8b1+IMD8b2
4
-4.1239799999999995 3.0515
6.616980000000002 3.0515
6.616980000000002 4.5515
-4.1239799999999995 4.5515
4.2

PASS1
4
-4.1239799999999995 4.5515
6.616980000000002 4.5515
6.616980000000002 4.6265
-4.1239799999999995 4.6265
7.0

PASS2
4
-4.1239799999999995 4.6265
6.616980000000002 4.6265
6.616980000000002 5.0265
-4.1239799999999995 5.0265
4.2

PASS3
4
-4.1239799999999995 5.0265
6.616980000000002 5.0265
6.616980000000002 5.1015
-4.1239799999999995 5.1015
7.0

PASS4+PASS5
4
-4.1239799999999995 5.1015
6.616980000000002 5.1015
6.616980000000002 6.0515
-4.1239799999999995 6.0515
4.2

PASS6
4
-4.1239799999999995 6.0515
6.616980000000002 6.0515
6.616980000000002 6.6515
-4.1239799999999995 6.6515
7.0

air_Layer
4
-4.1239799999999995 6.6515
6.616980000000002 6.6515
6.616980000000002 6.9485
-4.1239799999999995 6.9485
1.0


4
-4.1239799999999995 0.001
6.616980000000002 0.001
6.616980000000002 6.9485
-4.1239799999999995 6.9485

