c1
4
-0.4200100000000001 0.9285000000000001
0.4200099999999999 0.9285000000000001
0.42598999999999987 1.0275
-0.4259900000000001 1.0275

3
botleft
4
-3.7639799999999997 -0.001
0 -0.001
0 0.001
-3.7639799999999997 0.001

botright
4
0 -0.001
7.51698 -0.001
7.51698 0.001
0 0.001

lEnv
4
-1.4820099999999998 0.9285000000000001
-0.64199 0.9285000000000001
-0.63601 1.0275
-1.48799 1.0275


47
IMD4d1_damage
4
-1.4914239999999999 0.9185000000000001
-0.632576 0.9185000000000001
-0.631972 0.9285000000000001
-1.492028 0.9285000000000001
3.1

IMD4d1_damage
4
-0.4294240000000001 0.9185000000000001
0.42942399999999986 0.9185000000000001
0.43002799999999985 0.9285000000000001
-0.4300280000000001 0.9285000000000001
3.1

IMD4d2_damage
4
-1.4870189999999999 0.9285000000000001
-1.4820099999999998 0.9285000000000001
-1.48799 1.0275
-1.492999 1.0275
2.9

IMD4d2_damage
4
-0.64199 0.9285000000000001
-0.6369809999999999 0.9285000000000001
-0.6310009999999999 1.0275
-0.63601 1.0275
2.9

IMD4d2_damage
4
-0.4250190000000001 0.9285000000000001
-0.4200100000000001 0.9285000000000001
-0.4259900000000001 1.0275
-0.4309990000000001 1.0275
2.9

IMD4d2_damage
4
0.4200099999999999 0.9285000000000001
0.42501899999999987 0.9285000000000001
0.43099899999999985 1.0275
0.42598999999999987 1.0275
2.9

IMD4d2
4
-3.7639799999999997 0.9285000000000001
-1.4870189999999999 0.9285000000000001
-1.492999 1.0275
-3.7639799999999997 1.0275
2.65

IMD4d2
4
-0.6369809999999999 0.9285000000000001
-0.4250190000000001 0.9285000000000001
-0.4309990000000001 1.0275
-0.6310009999999999 1.0275
2.65

IMD4d2
4
0.42501899999999987 0.9285000000000001
7.51698 0.9285000000000001
7.51698 1.0275
0.43099899999999985 1.0275
2.65

IMD4d1
4
-3.7639799999999997 0.9185000000000001
-1.4914239999999999 0.9185000000000001
-1.492028 0.9285000000000001
-3.7639799999999997 0.9285000000000001
2.65

IMD4d1
4
-0.632576 0.9185000000000001
-0.4294240000000001 0.9185000000000001
-0.4300280000000001 0.9285000000000001
-0.631972 0.9285000000000001
2.65

IMD4d1
4
0.42942399999999986 0.9185000000000001
7.51698 0.9185000000000001
7.51698 0.9285000000000001
0.43002799999999985 0.9285000000000001
2.65

IMD4d1
4
-3.7639799999999997 0.9005
7.51698 0.9005
7.51698 0.9185000000000001
-3.7639799999999997 0.9185000000000001
2.65

FOXA+FOXB+TOX
4
-3.7639799999999997 0.001
7.51698 0.001
7.51698 0.2665
-3.7639799999999997 0.2665
4.0

ILD1a
4
-3.7639799999999997 0.2665
7.51698 0.2665
7.51698 0.2765
-3.7639799999999997 0.2765
7.0

ILD1b1+ILD1b2+ILD1b3
4
-3.7639799999999997 0.2765
7.51698 0.2765
7.51698 0.3955
-3.7639799999999997 0.3955
4.0

IMD1a
4
-3.7639799999999997 0.3955
7.51698 0.3955
7.51698 0.4065
-3.7639799999999997 0.4065
5.2

IMD1b
4
-3.7639799999999997 0.4065
7.51698 0.4065
7.51698 0.4665
-3.7639799999999997 0.4665
2.8

IMD2a
4
-3.7639799999999997 0.4665
7.51698 0.4665
7.51698 0.4875
-3.7639799999999997 0.4875
5.2

IMD2b
4
-3.7639799999999997 0.4875
7.51698 0.4875
7.51698 0.5025
-3.7639799999999997 0.5025
4.2

IMD2c
4
-3.7639799999999997 0.5025
7.51698 0.5025
7.51698 0.5265
-3.7639799999999997 0.5265
3.28

IMD2d1+IMD2d2
4
-3.7639799999999997 0.5265
7.51698 0.5265
7.51698 0.6535
-3.7639799999999997 0.6535
2.65

IMD3a
4
-3.7639799999999997 0.6535
7.51698 0.6535
7.51698 0.6745
-3.7639799999999997 0.6745
5.2

IMD3b
4
-3.7639799999999997 0.6745
7.51698 0.6745
7.51698 0.6895
-3.7639799999999997 0.6895
4.2

IMD3c
4
-3.7639799999999997 0.6895
7.51698 0.6895
7.51698 0.7135
-3.7639799999999997 0.7135
3.28

IMD3d1+IMD3d2
4
-3.7639799999999997 0.7135
7.51698 0.7135
7.51698 0.8405
-3.7639799999999997 0.8405
2.65

IMD4a
4
-3.7639799999999997 0.8405
7.51698 0.8405
7.51698 0.8615
-3.7639799999999997 0.8615
5.2

IMD4b
4
-3.7639799999999997 0.8615
7.51698 0.8615
7.51698 0.8765
-3.7639799999999997 0.8765
4.2

IMD4c
4
-3.7639799999999997 0.8765
7.51698 0.8765
7.51698 0.9005
-3.7639799999999997 0.9005
3.28

IMD5a
4
-3.7639799999999997 1.0275
7.51698 1.0275
7.51698 1.0485
-3.7639799999999997 1.0485
5.2

IMD5b
4
-3.7639799999999997 1.0485
7.51698 1.0485
7.51698 1.0635
-3.7639799999999997 1.0635
4.2

IMD5c
4
-3.7639799999999997 1.0635
7.51698 1.0635
7.51698 1.0875
-3.7639799999999997 1.0875
3.28

IMD5d1+IMD5d2
4
-3.7639799999999997 1.0875
7.51698 1.0875
7.51698 1.2145
-3.7639799999999997 1.2145
2.65

IMD6a
4
-3.7639799999999997 1.2145
7.51698 1.2145
7.51698 1.2355
-3.7639799999999997 1.2355
5.2

IMD6b
4
-3.7639799999999997 1.2355
7.51698 1.2355
7.51698 1.2505
-3.7639799999999997 1.2505
4.2

IMD6c
4
-3.7639799999999997 1.2505
7.51698 1.2505
7.51698 1.2745
-3.7639799999999997 1.2745
3.28

IMD6d1+IMD6d2
4
-3.7639799999999997 1.2745
7.51698 1.2745
7.51698 1.4015
-3.7639799999999997 1.4015
2.65

IMD7a
4
-3.7639799999999997 1.4015
7.51698 1.4015
7.51698 1.4765
-3.7639799999999997 1.4765
5.2

IMD7b1+IMD7b2
4
-3.7639799999999997 1.4765
7.51698 1.4765
7.51698 2.9765
-3.7639799999999997 2.9765
4.2

IMD8a
4
-3.7639799999999997 2.9765
7.51698 2.9765
7.51698 3.0515
-3.7639799999999997 3.0515
5.2

IMD8b1+IMD8b2
4
-3.7639799999999997 3.0515
7.51698 3.0515
7.51698 4.5515
-3.7639799999999997 4.5515
4.2

PASS1
4
-3.7639799999999997 4.5515
7.51698 4.5515
7.51698 4.6265
-3.7639799999999997 4.6265
7.0

PASS2
4
-3.7639799999999997 4.6265
7.51698 4.6265
7.51698 5.0265
-3.7639799999999997 5.0265
4.2

PASS3
4
-3.7639799999999997 5.0265
7.51698 5.0265
7.51698 5.1015
-3.7639799999999997 5.1015
7.0

PASS4+PASS5
4
-3.7639799999999997 5.1015
7.51698 5.1015
7.51698 6.0515
-3.7639799999999997 6.0515
4.2

PASS6
4
-3.7639799999999997 6.0515
7.51698 6.0515
7.51698 6.6515
-3.7639799999999997 6.6515
7.0

air_Layer
4
-3.7639799999999997 6.6515
7.51698 6.6515
7.51698 6.9485
-3.7639799999999997 6.9485
1.0


4
-3.7639799999999997 0.001
7.51698 0.001
7.51698 6.9485
-3.7639799999999997 6.9485

