c1
4
-0.33001 0.5545
0.33001 0.5545
0.33599 0.6535
-0.33599 0.6535

3
botleft
4
-2.95398 -0.001
0 -0.001
0 0.001
-2.95398 0.001

botright
4
0 -0.001
7.3369800000000005 -0.001
7.3369800000000005 0.001
0 0.001

lEnv
4
-1.12201 0.5545
-0.46199 0.5545
-0.45601 0.6535
-1.12799 0.6535


47
IMD2d1_damage
4
-1.131424 0.5445
-0.45257600000000003 0.5445
-0.45197200000000004 0.5545
-1.132028 0.5545
3.1

IMD2d1_damage
4
-0.339424 0.5445
0.339424 0.5445
0.340028 0.5545
-0.340028 0.5545
3.1

IMD2d2_damage
4
-1.127019 0.5545
-1.12201 0.5545
-1.12799 0.6535
-1.132999 0.6535
2.9

IMD2d2_damage
4
-0.46199 0.5545
-0.456981 0.5545
-0.45100100000000004 0.6535
-0.45601 0.6535
2.9

IMD2d2_damage
4
-0.335019 0.5545
-0.33001 0.5545
-0.33599 0.6535
-0.340999 0.6535
2.9

IMD2d2_damage
4
0.33001 0.5545
0.335019 0.5545
0.340999 0.6535
0.33599 0.6535
2.9

IMD2d2
4
-2.95398 0.5545
-1.127019 0.5545
-1.132999 0.6535
-2.95398 0.6535
2.65

IMD2d2
4
-0.456981 0.5545
-0.335019 0.5545
-0.340999 0.6535
-0.45100100000000004 0.6535
2.65

IMD2d2
4
0.335019 0.5545
7.3369800000000005 0.5545
7.3369800000000005 0.6535
0.340999 0.6535
2.65

IMD2d1
4
-2.95398 0.5445
-1.131424 0.5445
-1.132028 0.5545
-2.95398 0.5545
2.65

IMD2d1
4
-0.45257600000000003 0.5445
-0.339424 0.5445
-0.340028 0.5545
-0.45197200000000004 0.5545
2.65

IMD2d1
4
0.339424 0.5445
7.3369800000000005 0.5445
7.3369800000000005 0.5545
0.340028 0.5545
2.65

IMD2d1
4
-2.95398 0.5265
7.3369800000000005 0.5265
7.3369800000000005 0.5445
-2.95398 0.5445
2.65

FOXA+FOXB+TOX
4
-2.95398 0.001
7.3369800000000005 0.001
7.3369800000000005 0.2665
-2.95398 0.2665
4.0

ILD1a
4
-2.95398 0.2665
7.3369800000000005 0.2665
7.3369800000000005 0.2765
-2.95398 0.2765
7.0

ILD1b1+ILD1b2+ILD1b3
4
-2.95398 0.2765
7.3369800000000005 0.2765
7.3369800000000005 0.3955
-2.95398 0.3955
4.0

IMD1a
4
-2.95398 0.3955
7.3369800000000005 0.3955
7.3369800000000005 0.4065
-2.95398 0.4065
5.2

IMD1b
4
-2.95398 0.4065
7.3369800000000005 0.4065
7.3369800000000005 0.4665
-2.95398 0.4665
2.8

IMD2a
4
-2.95398 0.4665
7.3369800000000005 0.4665
7.3369800000000005 0.4875
-2.95398 0.4875
5.2

IMD2b
4
-2.95398 0.4875
7.3369800000000005 0.4875
7.3369800000000005 0.5025
-2.95398 0.5025
4.2

IMD2c
4
-2.95398 0.5025
7.3369800000000005 0.5025
7.3369800000000005 0.5265
-2.95398 0.5265
3.28

IMD3a
4
-2.95398 0.6535
7.3369800000000005 0.6535
7.3369800000000005 0.6745
-2.95398 0.6745
5.2

IMD3b
4
-2.95398 0.6745
7.3369800000000005 0.6745
7.3369800000000005 0.6895
-2.95398 0.6895
4.2

IMD3c
4
-2.95398 0.6895
7.3369800000000005 0.6895
7.3369800000000005 0.7135
-2.95398 0.7135
3.28

IMD3d1+IMD3d2
4
-2.95398 0.7135
7.3369800000000005 0.7135
7.3369800000000005 0.8405
-2.95398 0.8405
2.65

IMD4a
4
-2.95398 0.8405
7.3369800000000005 0.8405
7.3369800000000005 0.8615
-2.95398 0.8615
5.2

IMD4b
4
-2.95398 0.8615
7.3369800000000005 0.8615
7.3369800000000005 0.8765
-2.95398 0.8765
4.2

IMD4c
4
-2.95398 0.8765
7.3369800000000005 0.8765
7.3369800000000005 0.9005
-2.95398 0.9005
3.28

IMD4d1+IMD4d2
4
-2.95398 0.9005
7.3369800000000005 0.9005
7.3369800000000005 1.0275
-2.95398 1.0275
2.65

IMD5a
4
-2.95398 1.0275
7.3369800000000005 1.0275
7.3369800000000005 1.0485
-2.95398 1.0485
5.2

IMD5b
4
-2.95398 1.0485
7.3369800000000005 1.0485
7.3369800000000005 1.0635
-2.95398 1.0635
4.2

IMD5c
4
-2.95398 1.0635
7.3369800000000005 1.0635
7.3369800000000005 1.0875
-2.95398 1.0875
3.28

IMD5d1+IMD5d2
4
-2.95398 1.0875
7.3369800000000005 1.0875
7.3369800000000005 1.2145
-2.95398 1.2145
2.65

IMD6a
4
-2.95398 1.2145
7.3369800000000005 1.2145
7.3369800000000005 1.2355
-2.95398 1.2355
5.2

IMD6b
4
-2.95398 1.2355
7.3369800000000005 1.2355
7.3369800000000005 1.2505
-2.95398 1.2505
4.2

IMD6c
4
-2.95398 1.2505
7.3369800000000005 1.2505
7.3369800000000005 1.2745
-2.95398 1.2745
3.28

IMD6d1+IMD6d2
4
-2.95398 1.2745
7.3369800000000005 1.2745
7.3369800000000005 1.4015
-2.95398 1.4015
2.65

IMD7a
4
-2.95398 1.4015
7.3369800000000005 1.4015
7.3369800000000005 1.4765
-2.95398 1.4765
5.2

IMD7b1+IMD7b2
4
-2.95398 1.4765
7.3369800000000005 1.4765
7.3369800000000005 2.9765
-2.95398 2.9765
4.2

IMD8a
4
-2.95398 2.9765
7.3369800000000005 2.9765
7.3369800000000005 3.0515
-2.95398 3.0515
5.2

IMD8b1+IMD8b2
4
-2.95398 3.0515
7.3369800000000005 3.0515
7.3369800000000005 4.5515
-2.95398 4.5515
4.2

PASS1
4
-2.95398 4.5515
7.3369800000000005 4.5515
7.3369800000000005 4.6265
-2.95398 4.6265
7.0

PASS2
4
-2.95398 4.6265
7.3369800000000005 4.6265
7.3369800000000005 5.0265
-2.95398 5.0265
4.2

PASS3
4
-2.95398 5.0265
7.3369800000000005 5.0265
7.3369800000000005 5.1015
-2.95398 5.1015
7.0

PASS4+PASS5
4
-2.95398 5.1015
7.3369800000000005 5.1015
7.3369800000000005 6.0515
-2.95398 6.0515
4.2

PASS6
4
-2.95398 6.0515
7.3369800000000005 6.0515
7.3369800000000005 6.6515
-2.95398 6.6515
7.0

air_Layer
4
-2.95398 6.6515
7.3369800000000005 6.6515
7.3369800000000005 6.9485
-2.95398 6.9485
1.0


4
-2.95398 0.001
7.3369800000000005 0.001
7.3369800000000005 6.9485
-2.95398 6.9485

