c1
4
-0.37501000000000007 0.9285000000000001
0.37500999999999995 0.9285000000000001
0.38098999999999994 1.0275
-0.38099000000000005 1.0275

3
botleft
4
-3.26898 -0.001
0 -0.001
0 0.001
-3.26898 0.001

botright
4
0 -0.001
6.121980000000001 -0.001
6.121980000000001 0.001
0 0.001

lEnv
4
-1.25701 0.9285000000000001
-0.50699 0.9285000000000001
-0.5010100000000001 1.0275
-1.26299 1.0275


47
IMD4d1_damage
4
-1.266424 0.9185000000000001
-0.4975760000000001 0.9185000000000001
-0.4969720000000001 0.9285000000000001
-1.267028 0.9285000000000001
3.1

IMD4d1_damage
4
-0.38442400000000004 0.9185000000000001
0.38442399999999993 0.9185000000000001
0.3850279999999999 0.9285000000000001
-0.38502800000000004 0.9285000000000001
3.1

IMD4d2_damage
4
-1.262019 0.9285000000000001
-1.25701 0.9285000000000001
-1.26299 1.0275
-1.267999 1.0275
2.9

IMD4d2_damage
4
-0.50699 0.9285000000000001
-0.501981 0.9285000000000001
-0.4960010000000001 1.0275
-0.5010100000000001 1.0275
2.9

IMD4d2_damage
4
-0.38001900000000005 0.9285000000000001
-0.37501000000000007 0.9285000000000001
-0.38099000000000005 1.0275
-0.38599900000000004 1.0275
2.9

IMD4d2_damage
4
0.37500999999999995 0.9285000000000001
0.38001899999999994 0.9285000000000001
0.3859989999999999 1.0275
0.38098999999999994 1.0275
2.9

IMD4d2
4
-3.26898 0.9285000000000001
-1.262019 0.9285000000000001
-1.267999 1.0275
-3.26898 1.0275
2.65

IMD4d2
4
-0.501981 0.9285000000000001
-0.38001900000000005 0.9285000000000001
-0.38599900000000004 1.0275
-0.4960010000000001 1.0275
2.65

IMD4d2
4
0.38001899999999994 0.9285000000000001
6.121980000000001 0.9285000000000001
6.121980000000001 1.0275
0.3859989999999999 1.0275
2.65

IMD4d1
4
-3.26898 0.9185000000000001
-1.266424 0.9185000000000001
-1.267028 0.9285000000000001
-3.26898 0.9285000000000001
2.65

IMD4d1
4
-0.4975760000000001 0.9185000000000001
-0.38442400000000004 0.9185000000000001
-0.38502800000000004 0.9285000000000001
-0.4969720000000001 0.9285000000000001
2.65

IMD4d1
4
0.38442399999999993 0.9185000000000001
6.121980000000001 0.9185000000000001
6.121980000000001 0.9285000000000001
0.3850279999999999 0.9285000000000001
2.65

IMD4d1
4
-3.26898 0.9005
6.121980000000001 0.9005
6.121980000000001 0.9185000000000001
-3.26898 0.9185000000000001
2.65

FOXA+FOXB+TOX
4
-3.26898 0.001
6.121980000000001 0.001
6.121980000000001 0.2665
-3.26898 0.2665
4.0

ILD1a
4
-3.26898 0.2665
6.121980000000001 0.2665
6.121980000000001 0.2765
-3.26898 0.2765
7.0

ILD1b1+ILD1b2+ILD1b3
4
-3.26898 0.2765
6.121980000000001 0.2765
6.121980000000001 0.3955
-3.26898 0.3955
4.0

IMD1a
4
-3.26898 0.3955
6.121980000000001 0.3955
6.121980000000001 0.4065
-3.26898 0.4065
5.2

IMD1b
4
-3.26898 0.4065
6.121980000000001 0.4065
6.121980000000001 0.4665
-3.26898 0.4665
2.8

IMD2a
4
-3.26898 0.4665
6.121980000000001 0.4665
6.121980000000001 0.4875
-3.26898 0.4875
5.2

IMD2b
4
-3.26898 0.4875
6.121980000000001 0.4875
6.121980000000001 0.5025
-3.26898 0.5025
4.2

IMD2c
4
-3.26898 0.5025
6.121980000000001 0.5025
6.121980000000001 0.5265
-3.26898 0.5265
3.28

IMD2d1+IMD2d2
4
-3.26898 0.5265
6.121980000000001 0.5265
6.121980000000001 0.6535
-3.26898 0.6535
2.65

IMD3a
4
-3.26898 0.6535
6.121980000000001 0.6535
6.121980000000001 0.6745
-3.26898 0.6745
5.2

IMD3b
4
-3.26898 0.6745
6.121980000000001 0.6745
6.121980000000001 0.6895
-3.26898 0.6895
4.2

IMD3c
4
-3.26898 0.6895
6.121980000000001 0.6895
6.121980000000001 0.7135
-3.26898 0.7135
3.28

IMD3d1+IMD3d2
4
-3.26898 0.7135
6.121980000000001 0.7135
6.121980000000001 0.8405
-3.26898 0.8405
2.65

IMD4a
4
-3.26898 0.8405
6.121980000000001 0.8405
6.121980000000001 0.8615
-3.26898 0.8615
5.2

IMD4b
4
-3.26898 0.8615
6.121980000000001 0.8615
6.121980000000001 0.8765
-3.26898 0.8765
4.2

IMD4c
4
-3.26898 0.8765
6.121980000000001 0.8765
6.121980000000001 0.9005
-3.26898 0.9005
3.28

IMD5a
4
-3.26898 1.0275
6.121980000000001 1.0275
6.121980000000001 1.0485
-3.26898 1.0485
5.2

IMD5b
4
-3.26898 1.0485
6.121980000000001 1.0485
6.121980000000001 1.0635
-3.26898 1.0635
4.2

IMD5c
4
-3.26898 1.0635
6.121980000000001 1.0635
6.121980000000001 1.0875
-3.26898 1.0875
3.28

IMD5d1+IMD5d2
4
-3.26898 1.0875
6.121980000000001 1.0875
6.121980000000001 1.2145
-3.26898 1.2145
2.65

IMD6a
4
-3.26898 1.2145
6.121980000000001 1.2145
6.121980000000001 1.2355
-3.26898 1.2355
5.2

IMD6b
4
-3.26898 1.2355
6.121980000000001 1.2355
6.121980000000001 1.2505
-3.26898 1.2505
4.2

IMD6c
4
-3.26898 1.2505
6.121980000000001 1.2505
6.121980000000001 1.2745
-3.26898 1.2745
3.28

IMD6d1+IMD6d2
4
-3.26898 1.2745
6.121980000000001 1.2745
6.121980000000001 1.4015
-3.26898 1.4015
2.65

IMD7a
4
-3.26898 1.4015
6.121980000000001 1.4015
6.121980000000001 1.4765
-3.26898 1.4765
5.2

IMD7b1+IMD7b2
4
-3.26898 1.4765
6.121980000000001 1.4765
6.121980000000001 2.9765
-3.26898 2.9765
4.2

IMD8a
4
-3.26898 2.9765
6.121980000000001 2.9765
6.121980000000001 3.0515
-3.26898 3.0515
5.2

IMD8b1+IMD8b2
4
-3.26898 3.0515
6.121980000000001 3.0515
6.121980000000001 4.5515
-3.26898 4.5515
4.2

PASS1
4
-3.26898 4.5515
6.121980000000001 4.5515
6.121980000000001 4.6265
-3.26898 4.6265
7.0

PASS2
4
-3.26898 4.6265
6.121980000000001 4.6265
6.121980000000001 5.0265
-3.26898 5.0265
4.2

PASS3
4
-3.26898 5.0265
6.121980000000001 5.0265
6.121980000000001 5.1015
-3.26898 5.1015
7.0

PASS4+PASS5
4
-3.26898 5.1015
6.121980000000001 5.1015
6.121980000000001 6.0515
-3.26898 6.0515
4.2

PASS6
4
-3.26898 6.0515
6.121980000000001 6.0515
6.121980000000001 6.6515
-3.26898 6.6515
7.0

air_Layer
4
-3.26898 6.6515
6.121980000000001 6.6515
6.121980000000001 6.9485
-3.26898 6.9485
1.0


4
-3.26898 0.001
6.121980000000001 0.001
6.121980000000001 6.9485
-3.26898 6.9485

