c1
4
-0.060009999999999994 1.3025
0.060009999999999994 1.3025
0.06599 1.4015
-0.06599 1.4015

3
botleft
4
-1.06398 -0.001
0 -0.001
0 0.001
-1.06398 0.001

botright
4
0 -0.001
6.88698 -0.001
6.88698 0.001
0 0.001

lEnv
4
-0.31201 1.3025
-0.19199 1.3025
-0.18600999999999998 1.4015
-0.31799 1.4015


47
IMD6d1_damage
4
-0.321424 1.2925
-0.18257599999999996 1.2925
-0.18197199999999997 1.3025
-0.322028 1.3025
3.1

IMD6d1_damage
4
-0.069424 1.2925
0.069424 1.2925
0.07002799999999999 1.3025
-0.07002799999999999 1.3025
3.1

IMD6d2_damage
4
-0.317019 1.3025
-0.31201 1.3025
-0.31799 1.4015
-0.322999 1.4015
2.9

IMD6d2_damage
4
-0.19199 1.3025
-0.18698099999999998 1.3025
-0.18100099999999997 1.4015
-0.18600999999999998 1.4015
2.9

IMD6d2_damage
4
-0.065019 1.3025
-0.060009999999999994 1.3025
-0.06599 1.4015
-0.07099899999999999 1.4015
2.9

IMD6d2_damage
4
0.060009999999999994 1.3025
0.065019 1.3025
0.07099899999999999 1.4015
0.06599 1.4015
2.9

IMD6d2
4
-1.06398 1.3025
-0.317019 1.3025
-0.322999 1.4015
-1.06398 1.4015
2.65

IMD6d2
4
-0.18698099999999998 1.3025
-0.065019 1.3025
-0.07099899999999999 1.4015
-0.18100099999999997 1.4015
2.65

IMD6d2
4
0.065019 1.3025
6.88698 1.3025
6.88698 1.4015
0.07099899999999999 1.4015
2.65

IMD6d1
4
-1.06398 1.2925
-0.321424 1.2925
-0.322028 1.3025
-1.06398 1.3025
2.65

IMD6d1
4
-0.18257599999999996 1.2925
-0.069424 1.2925
-0.07002799999999999 1.3025
-0.18197199999999997 1.3025
2.65

IMD6d1
4
0.069424 1.2925
6.88698 1.2925
6.88698 1.3025
0.07002799999999999 1.3025
2.65

IMD6d1
4
-1.06398 1.2745
6.88698 1.2745
6.88698 1.2925
-1.06398 1.2925
2.65

FOXA+FOXB+TOX
4
-1.06398 0.001
6.88698 0.001
6.88698 0.2665
-1.06398 0.2665
4.0

ILD1a
4
-1.06398 0.2665
6.88698 0.2665
6.88698 0.2765
-1.06398 0.2765
7.0

ILD1b1+ILD1b2+ILD1b3
4
-1.06398 0.2765
6.88698 0.2765
6.88698 0.3955
-1.06398 0.3955
4.0

IMD1a
4
-1.06398 0.3955
6.88698 0.3955
6.88698 0.4065
-1.06398 0.4065
5.2

IMD1b
4
-1.06398 0.4065
6.88698 0.4065
6.88698 0.4665
-1.06398 0.4665
2.8

IMD2a
4
-1.06398 0.4665
6.88698 0.4665
6.88698 0.4875
-1.06398 0.4875
5.2

IMD2b
4
-1.06398 0.4875
6.88698 0.4875
6.88698 0.5025
-1.06398 0.5025
4.2

IMD2c
4
-1.06398 0.5025
6.88698 0.5025
6.88698 0.5265
-1.06398 0.5265
3.28

IMD2d1+IMD2d2
4
-1.06398 0.5265
6.88698 0.5265
6.88698 0.6535
-1.06398 0.6535
2.65

IMD3a
4
-1.06398 0.6535
6.88698 0.6535
6.88698 0.6745
-1.06398 0.6745
5.2

IMD3b
4
-1.06398 0.6745
6.88698 0.6745
6.88698 0.6895
-1.06398 0.6895
4.2

IMD3c
4
-1.06398 0.6895
6.88698 0.6895
6.88698 0.7135
-1.06398 0.7135
3.28

IMD3d1+IMD3d2
4
-1.06398 0.7135
6.88698 0.7135
6.88698 0.8405
-1.06398 0.8405
2.65

IMD4a
4
-1.06398 0.8405
6.88698 0.8405
6.88698 0.8615
-1.06398 0.8615
5.2

IMD4b
4
-1.06398 0.8615
6.88698 0.8615
6.88698 0.8765
-1.06398 0.8765
4.2

IMD4c
4
-1.06398 0.8765
6.88698 0.8765
6.88698 0.9005
-1.06398 0.9005
3.28

IMD4d1+IMD4d2
4
-1.06398 0.9005
6.88698 0.9005
6.88698 1.0275
-1.06398 1.0275
2.65

IMD5a
4
-1.06398 1.0275
6.88698 1.0275
6.88698 1.0485
-1.06398 1.0485
5.2

IMD5b
4
-1.06398 1.0485
6.88698 1.0485
6.88698 1.0635
-1.06398 1.0635
4.2

IMD5c
4
-1.06398 1.0635
6.88698 1.0635
6.88698 1.0875
-1.06398 1.0875
3.28

IMD5d1+IMD5d2
4
-1.06398 1.0875
6.88698 1.0875
6.88698 1.2145
-1.06398 1.2145
2.65

IMD6a
4
-1.06398 1.2145
6.88698 1.2145
6.88698 1.2355
-1.06398 1.2355
5.2

IMD6b
4
-1.06398 1.2355
6.88698 1.2355
6.88698 1.2505
-1.06398 1.2505
4.2

IMD6c
4
-1.06398 1.2505
6.88698 1.2505
6.88698 1.2745
-1.06398 1.2745
3.28

IMD7a
4
-1.06398 1.4015
6.88698 1.4015
6.88698 1.4765
-1.06398 1.4765
5.2

IMD7b1+IMD7b2
4
-1.06398 1.4765
6.88698 1.4765
6.88698 2.9765
-1.06398 2.9765
4.2

IMD8a
4
-1.06398 2.9765
6.88698 2.9765
6.88698 3.0515
-1.06398 3.0515
5.2

IMD8b1+IMD8b2
4
-1.06398 3.0515
6.88698 3.0515
6.88698 4.5515
-1.06398 4.5515
4.2

PASS1
4
-1.06398 4.5515
6.88698 4.5515
6.88698 4.6265
-1.06398 4.6265
7.0

PASS2
4
-1.06398 4.6265
6.88698 4.6265
6.88698 5.0265
-1.06398 5.0265
4.2

PASS3
4
-1.06398 5.0265
6.88698 5.0265
6.88698 5.1015
-1.06398 5.1015
7.0

PASS4+PASS5
4
-1.06398 5.1015
6.88698 5.1015
6.88698 6.0515
-1.06398 6.0515
4.2

PASS6
4
-1.06398 6.0515
6.88698 6.0515
6.88698 6.6515
-1.06398 6.6515
7.0

air_Layer
4
-1.06398 6.6515
6.88698 6.6515
6.88698 6.9485
-1.06398 6.9485
1.0


4
-1.06398 0.001
6.88698 0.001
6.88698 6.9485
-1.06398 6.9485

