c1
4
-0.24001000000000003 1.3025
0.24000999999999992 1.3025
0.24598999999999993 1.4015
-0.24599000000000004 1.4015

3
botleft
4
-2.32398 -0.001
0 -0.001
0 0.001
-2.32398 0.001

botright
4
0 -0.001
5.6269800000000005 -0.001
5.6269800000000005 0.001
0 0.001

lEnv
4
-0.85201 1.3025
-0.37199000000000004 1.3025
-0.36601000000000006 1.4015
-0.85799 1.4015


47
IMD6d1_damage
4
-0.861424 1.2925
-0.36257600000000006 1.2925
-0.36197200000000007 1.3025
-0.862028 1.3025
3.1

IMD6d1_damage
4
-0.24942400000000003 1.2925
0.24942399999999992 1.2925
0.2500279999999999 1.3025
-0.25002800000000003 1.3025
3.1

IMD6d2_damage
4
-0.8570190000000001 1.3025
-0.85201 1.3025
-0.85799 1.4015
-0.8629990000000001 1.4015
2.9

IMD6d2_damage
4
-0.37199000000000004 1.3025
-0.36698100000000006 1.3025
-0.36100100000000007 1.4015
-0.36601000000000006 1.4015
2.9

IMD6d2_damage
4
-0.24501900000000004 1.3025
-0.24001000000000003 1.3025
-0.24599000000000004 1.4015
-0.250999 1.4015
2.9

IMD6d2_damage
4
0.24000999999999992 1.3025
0.24501899999999993 1.3025
0.2509989999999999 1.4015
0.24598999999999993 1.4015
2.9

IMD6d2
4
-2.32398 1.3025
-0.8570190000000001 1.3025
-0.8629990000000001 1.4015
-2.32398 1.4015
2.65

IMD6d2
4
-0.36698100000000006 1.3025
-0.24501900000000004 1.3025
-0.250999 1.4015
-0.36100100000000007 1.4015
2.65

IMD6d2
4
0.24501899999999993 1.3025
5.6269800000000005 1.3025
5.6269800000000005 1.4015
0.2509989999999999 1.4015
2.65

IMD6d1
4
-2.32398 1.2925
-0.861424 1.2925
-0.862028 1.3025
-2.32398 1.3025
2.65

IMD6d1
4
-0.36257600000000006 1.2925
-0.24942400000000003 1.2925
-0.25002800000000003 1.3025
-0.36197200000000007 1.3025
2.65

IMD6d1
4
0.24942399999999992 1.2925
5.6269800000000005 1.2925
5.6269800000000005 1.3025
0.2500279999999999 1.3025
2.65

IMD6d1
4
-2.32398 1.2745
5.6269800000000005 1.2745
5.6269800000000005 1.2925
-2.32398 1.2925
2.65

FOXA+FOXB+TOX
4
-2.32398 0.001
5.6269800000000005 0.001
5.6269800000000005 0.2665
-2.32398 0.2665
4.0

ILD1a
4
-2.32398 0.2665
5.6269800000000005 0.2665
5.6269800000000005 0.2765
-2.32398 0.2765
7.0

ILD1b1+ILD1b2+ILD1b3
4
-2.32398 0.2765
5.6269800000000005 0.2765
5.6269800000000005 0.3955
-2.32398 0.3955
4.0

IMD1a
4
-2.32398 0.3955
5.6269800000000005 0.3955
5.6269800000000005 0.4065
-2.32398 0.4065
5.2

IMD1b
4
-2.32398 0.4065
5.6269800000000005 0.4065
5.6269800000000005 0.4665
-2.32398 0.4665
2.8

IMD2a
4
-2.32398 0.4665
5.6269800000000005 0.4665
5.6269800000000005 0.4875
-2.32398 0.4875
5.2

IMD2b
4
-2.32398 0.4875
5.6269800000000005 0.4875
5.6269800000000005 0.5025
-2.32398 0.5025
4.2

IMD2c
4
-2.32398 0.5025
5.6269800000000005 0.5025
5.6269800000000005 0.5265
-2.32398 0.5265
3.28

IMD2d1+IMD2d2
4
-2.32398 0.5265
5.6269800000000005 0.5265
5.6269800000000005 0.6535
-2.32398 0.6535
2.65

IMD3a
4
-2.32398 0.6535
5.6269800000000005 0.6535
5.6269800000000005 0.6745
-2.32398 0.6745
5.2

IMD3b
4
-2.32398 0.6745
5.6269800000000005 0.6745
5.6269800000000005 0.6895
-2.32398 0.6895
4.2

IMD3c
4
-2.32398 0.6895
5.6269800000000005 0.6895
5.6269800000000005 0.7135
-2.32398 0.7135
3.28

IMD3d1+IMD3d2
4
-2.32398 0.7135
5.6269800000000005 0.7135
5.6269800000000005 0.8405
-2.32398 0.8405
2.65

IMD4a
4
-2.32398 0.8405
5.6269800000000005 0.8405
5.6269800000000005 0.8615
-2.32398 0.8615
5.2

IMD4b
4
-2.32398 0.8615
5.6269800000000005 0.8615
5.6269800000000005 0.8765
-2.32398 0.8765
4.2

IMD4c
4
-2.32398 0.8765
5.6269800000000005 0.8765
5.6269800000000005 0.9005
-2.32398 0.9005
3.28

IMD4d1+IMD4d2
4
-2.32398 0.9005
5.6269800000000005 0.9005
5.6269800000000005 1.0275
-2.32398 1.0275
2.65

IMD5a
4
-2.32398 1.0275
5.6269800000000005 1.0275
5.6269800000000005 1.0485
-2.32398 1.0485
5.2

IMD5b
4
-2.32398 1.0485
5.6269800000000005 1.0485
5.6269800000000005 1.0635
-2.32398 1.0635
4.2

IMD5c
4
-2.32398 1.0635
5.6269800000000005 1.0635
5.6269800000000005 1.0875
-2.32398 1.0875
3.28

IMD5d1+IMD5d2
4
-2.32398 1.0875
5.6269800000000005 1.0875
5.6269800000000005 1.2145
-2.32398 1.2145
2.65

IMD6a
4
-2.32398 1.2145
5.6269800000000005 1.2145
5.6269800000000005 1.2355
-2.32398 1.2355
5.2

IMD6b
4
-2.32398 1.2355
5.6269800000000005 1.2355
5.6269800000000005 1.2505
-2.32398 1.2505
4.2

IMD6c
4
-2.32398 1.2505
5.6269800000000005 1.2505
5.6269800000000005 1.2745
-2.32398 1.2745
3.28

IMD7a
4
-2.32398 1.4015
5.6269800000000005 1.4015
5.6269800000000005 1.4765
-2.32398 1.4765
5.2

IMD7b1+IMD7b2
4
-2.32398 1.4765
5.6269800000000005 1.4765
5.6269800000000005 2.9765
-2.32398 2.9765
4.2

IMD8a
4
-2.32398 2.9765
5.6269800000000005 2.9765
5.6269800000000005 3.0515
-2.32398 3.0515
5.2

IMD8b1+IMD8b2
4
-2.32398 3.0515
5.6269800000000005 3.0515
5.6269800000000005 4.5515
-2.32398 4.5515
4.2

PASS1
4
-2.32398 4.5515
5.6269800000000005 4.5515
5.6269800000000005 4.6265
-2.32398 4.6265
7.0

PASS2
4
-2.32398 4.6265
5.6269800000000005 4.6265
5.6269800000000005 5.0265
-2.32398 5.0265
4.2

PASS3
4
-2.32398 5.0265
5.6269800000000005 5.0265
5.6269800000000005 5.1015
-2.32398 5.1015
7.0

PASS4+PASS5
4
-2.32398 5.1015
5.6269800000000005 5.1015
5.6269800000000005 6.0515
-2.32398 6.0515
4.2

PASS6
4
-2.32398 6.0515
5.6269800000000005 6.0515
5.6269800000000005 6.6515
-2.32398 6.6515
7.0

air_Layer
4
-2.32398 6.6515
5.6269800000000005 6.6515
5.6269800000000005 6.9485
-2.32398 6.9485
1.0


4
-2.32398 0.001
5.6269800000000005 0.001
5.6269800000000005 6.9485
-2.32398 6.9485

