c1
4
-0.46501000000000003 0.9285000000000001
0.46501000000000003 0.9285000000000001
0.47099 1.0275
-0.47099 1.0275

3
botleft
4
-4.258979999999999 -0.001
0 -0.001
0 0.001
-4.258979999999999 0.001

botright
4
0 -0.001
6.031980000000001 -0.001
6.031980000000001 0.001
0 0.001

lEnv
4
-1.70701 0.9285000000000001
-0.7769900000000001 0.9285000000000001
-0.7710100000000001 1.0275
-1.71299 1.0275


47
IMD4d1_damage
4
-1.716424 0.9185000000000001
-0.7675760000000001 0.9185000000000001
-0.7669720000000001 0.9285000000000001
-1.717028 0.9285000000000001
3.1

IMD4d1_damage
4
-0.474424 0.9185000000000001
0.474424 0.9185000000000001
0.475028 0.9285000000000001
-0.475028 0.9285000000000001
3.1

IMD4d2_damage
4
-1.712019 0.9285000000000001
-1.70701 0.9285000000000001
-1.71299 1.0275
-1.717999 1.0275
2.9

IMD4d2_damage
4
-0.7769900000000001 0.9285000000000001
-0.771981 0.9285000000000001
-0.766001 1.0275
-0.7710100000000001 1.0275
2.9

IMD4d2_damage
4
-0.470019 0.9285000000000001
-0.46501000000000003 0.9285000000000001
-0.47099 1.0275
-0.475999 1.0275
2.9

IMD4d2_damage
4
0.46501000000000003 0.9285000000000001
0.470019 0.9285000000000001
0.475999 1.0275
0.47099 1.0275
2.9

IMD4d2
4
-4.258979999999999 0.9285000000000001
-1.712019 0.9285000000000001
-1.717999 1.0275
-4.258979999999999 1.0275
2.65

IMD4d2
4
-0.771981 0.9285000000000001
-0.470019 0.9285000000000001
-0.475999 1.0275
-0.766001 1.0275
2.65

IMD4d2
4
0.470019 0.9285000000000001
6.031980000000001 0.9285000000000001
6.031980000000001 1.0275
0.475999 1.0275
2.65

IMD4d1
4
-4.258979999999999 0.9185000000000001
-1.716424 0.9185000000000001
-1.717028 0.9285000000000001
-4.258979999999999 0.9285000000000001
2.65

IMD4d1
4
-0.7675760000000001 0.9185000000000001
-0.474424 0.9185000000000001
-0.475028 0.9285000000000001
-0.7669720000000001 0.9285000000000001
2.65

IMD4d1
4
0.474424 0.9185000000000001
6.031980000000001 0.9185000000000001
6.031980000000001 0.9285000000000001
0.475028 0.9285000000000001
2.65

IMD4d1
4
-4.258979999999999 0.9005
6.031980000000001 0.9005
6.031980000000001 0.9185000000000001
-4.258979999999999 0.9185000000000001
2.65

FOXA+FOXB+TOX
4
-4.258979999999999 0.001
6.031980000000001 0.001
6.031980000000001 0.2665
-4.258979999999999 0.2665
4.0

ILD1a
4
-4.258979999999999 0.2665
6.031980000000001 0.2665
6.031980000000001 0.2765
-4.258979999999999 0.2765
7.0

ILD1b1+ILD1b2+ILD1b3
4
-4.258979999999999 0.2765
6.031980000000001 0.2765
6.031980000000001 0.3955
-4.258979999999999 0.3955
4.0

IMD1a
4
-4.258979999999999 0.3955
6.031980000000001 0.3955
6.031980000000001 0.4065
-4.258979999999999 0.4065
5.2

IMD1b
4
-4.258979999999999 0.4065
6.031980000000001 0.4065
6.031980000000001 0.4665
-4.258979999999999 0.4665
2.8

IMD2a
4
-4.258979999999999 0.4665
6.031980000000001 0.4665
6.031980000000001 0.4875
-4.258979999999999 0.4875
5.2

IMD2b
4
-4.258979999999999 0.4875
6.031980000000001 0.4875
6.031980000000001 0.5025
-4.258979999999999 0.5025
4.2

IMD2c
4
-4.258979999999999 0.5025
6.031980000000001 0.5025
6.031980000000001 0.5265
-4.258979999999999 0.5265
3.28

IMD2d1+IMD2d2
4
-4.258979999999999 0.5265
6.031980000000001 0.5265
6.031980000000001 0.6535
-4.258979999999999 0.6535
2.65

IMD3a
4
-4.258979999999999 0.6535
6.031980000000001 0.6535
6.031980000000001 0.6745
-4.258979999999999 0.6745
5.2

IMD3b
4
-4.258979999999999 0.6745
6.031980000000001 0.6745
6.031980000000001 0.6895
-4.258979999999999 0.6895
4.2

IMD3c
4
-4.258979999999999 0.6895
6.031980000000001 0.6895
6.031980000000001 0.7135
-4.258979999999999 0.7135
3.28

IMD3d1+IMD3d2
4
-4.258979999999999 0.7135
6.031980000000001 0.7135
6.031980000000001 0.8405
-4.258979999999999 0.8405
2.65

IMD4a
4
-4.258979999999999 0.8405
6.031980000000001 0.8405
6.031980000000001 0.8615
-4.258979999999999 0.8615
5.2

IMD4b
4
-4.258979999999999 0.8615
6.031980000000001 0.8615
6.031980000000001 0.8765
-4.258979999999999 0.8765
4.2

IMD4c
4
-4.258979999999999 0.8765
6.031980000000001 0.8765
6.031980000000001 0.9005
-4.258979999999999 0.9005
3.28

IMD5a
4
-4.258979999999999 1.0275
6.031980000000001 1.0275
6.031980000000001 1.0485
-4.258979999999999 1.0485
5.2

IMD5b
4
-4.258979999999999 1.0485
6.031980000000001 1.0485
6.031980000000001 1.0635
-4.258979999999999 1.0635
4.2

IMD5c
4
-4.258979999999999 1.0635
6.031980000000001 1.0635
6.031980000000001 1.0875
-4.258979999999999 1.0875
3.28

IMD5d1+IMD5d2
4
-4.258979999999999 1.0875
6.031980000000001 1.0875
6.031980000000001 1.2145
-4.258979999999999 1.2145
2.65

IMD6a
4
-4.258979999999999 1.2145
6.031980000000001 1.2145
6.031980000000001 1.2355
-4.258979999999999 1.2355
5.2

IMD6b
4
-4.258979999999999 1.2355
6.031980000000001 1.2355
6.031980000000001 1.2505
-4.258979999999999 1.2505
4.2

IMD6c
4
-4.258979999999999 1.2505
6.031980000000001 1.2505
6.031980000000001 1.2745
-4.258979999999999 1.2745
3.28

IMD6d1+IMD6d2
4
-4.258979999999999 1.2745
6.031980000000001 1.2745
6.031980000000001 1.4015
-4.258979999999999 1.4015
2.65

IMD7a
4
-4.258979999999999 1.4015
6.031980000000001 1.4015
6.031980000000001 1.4765
-4.258979999999999 1.4765
5.2

IMD7b1+IMD7b2
4
-4.258979999999999 1.4765
6.031980000000001 1.4765
6.031980000000001 2.9765
-4.258979999999999 2.9765
4.2

IMD8a
4
-4.258979999999999 2.9765
6.031980000000001 2.9765
6.031980000000001 3.0515
-4.258979999999999 3.0515
5.2

IMD8b1+IMD8b2
4
-4.258979999999999 3.0515
6.031980000000001 3.0515
6.031980000000001 4.5515
-4.258979999999999 4.5515
4.2

PASS1
4
-4.258979999999999 4.5515
6.031980000000001 4.5515
6.031980000000001 4.6265
-4.258979999999999 4.6265
7.0

PASS2
4
-4.258979999999999 4.6265
6.031980000000001 4.6265
6.031980000000001 5.0265
-4.258979999999999 5.0265
4.2

PASS3
4
-4.258979999999999 5.0265
6.031980000000001 5.0265
6.031980000000001 5.1015
-4.258979999999999 5.1015
7.0

PASS4+PASS5
4
-4.258979999999999 5.1015
6.031980000000001 5.1015
6.031980000000001 6.0515
-4.258979999999999 6.0515
4.2

PASS6
4
-4.258979999999999 6.0515
6.031980000000001 6.0515
6.031980000000001 6.6515
-4.258979999999999 6.6515
7.0

air_Layer
4
-4.258979999999999 6.6515
6.031980000000001 6.6515
6.031980000000001 6.9485
-4.258979999999999 6.9485
1.0


4
-4.258979999999999 0.001
6.031980000000001 0.001
6.031980000000001 6.9485
-4.258979999999999 6.9485

