c1
4
-0.4650099999999998 0.5545
0.46501000000000003 0.5545
0.47099 0.6535
-0.4709899999999998 0.6535

3
botleft
4
-4.07898 -0.001
0 -0.001
0 0.001
-4.07898 0.001

botright
4
0 -0.001
7.201979999999999 -0.001
7.201979999999999 0.001
0 0.001

lEnv
4
-1.6170099999999996 0.5545
-0.6869899999999998 0.5545
-0.6810099999999998 0.6535
-1.6229899999999997 0.6535


47
IMD2d1_damage
4
-1.6264239999999996 0.5445
-0.6775759999999998 0.5445
-0.6769719999999998 0.5545
-1.6270279999999997 0.5545
3.1

IMD2d1_damage
4
-0.4744239999999998 0.5445
0.474424 0.5445
0.475028 0.5545
-0.4750279999999998 0.5545
3.1

IMD2d2_damage
4
-1.6220189999999997 0.5545
-1.6170099999999996 0.5545
-1.6229899999999997 0.6535
-1.6279989999999998 0.6535
2.9

IMD2d2_damage
4
-0.6869899999999998 0.5545
-0.6819809999999997 0.5545
-0.6760009999999997 0.6535
-0.6810099999999998 0.6535
2.9

IMD2d2_damage
4
-0.4700189999999998 0.5545
-0.4650099999999998 0.5545
-0.4709899999999998 0.6535
-0.4759989999999998 0.6535
2.9

IMD2d2_damage
4
0.46501000000000003 0.5545
0.470019 0.5545
0.475999 0.6535
0.47099 0.6535
2.9

IMD2d2
4
-4.07898 0.5545
-1.6220189999999997 0.5545
-1.6279989999999998 0.6535
-4.07898 0.6535
2.65

IMD2d2
4
-0.6819809999999997 0.5545
-0.4700189999999998 0.5545
-0.4759989999999998 0.6535
-0.6760009999999997 0.6535
2.65

IMD2d2
4
0.470019 0.5545
7.201979999999999 0.5545
7.201979999999999 0.6535
0.475999 0.6535
2.65

IMD2d1
4
-4.07898 0.5445
-1.6264239999999996 0.5445
-1.6270279999999997 0.5545
-4.07898 0.5545
2.65

IMD2d1
4
-0.6775759999999998 0.5445
-0.4744239999999998 0.5445
-0.4750279999999998 0.5545
-0.6769719999999998 0.5545
2.65

IMD2d1
4
0.474424 0.5445
7.201979999999999 0.5445
7.201979999999999 0.5545
0.475028 0.5545
2.65

IMD2d1
4
-4.07898 0.5265
7.201979999999999 0.5265
7.201979999999999 0.5445
-4.07898 0.5445
2.65

FOXA+FOXB+TOX
4
-4.07898 0.001
7.201979999999999 0.001
7.201979999999999 0.2665
-4.07898 0.2665
4.0

ILD1a
4
-4.07898 0.2665
7.201979999999999 0.2665
7.201979999999999 0.2765
-4.07898 0.2765
7.0

ILD1b1+ILD1b2+ILD1b3
4
-4.07898 0.2765
7.201979999999999 0.2765
7.201979999999999 0.3955
-4.07898 0.3955
4.0

IMD1a
4
-4.07898 0.3955
7.201979999999999 0.3955
7.201979999999999 0.4065
-4.07898 0.4065
5.2

IMD1b
4
-4.07898 0.4065
7.201979999999999 0.4065
7.201979999999999 0.4665
-4.07898 0.4665
2.8

IMD2a
4
-4.07898 0.4665
7.201979999999999 0.4665
7.201979999999999 0.4875
-4.07898 0.4875
5.2

IMD2b
4
-4.07898 0.4875
7.201979999999999 0.4875
7.201979999999999 0.5025
-4.07898 0.5025
4.2

IMD2c
4
-4.07898 0.5025
7.201979999999999 0.5025
7.201979999999999 0.5265
-4.07898 0.5265
3.28

IMD3a
4
-4.07898 0.6535
7.201979999999999 0.6535
7.201979999999999 0.6745
-4.07898 0.6745
5.2

IMD3b
4
-4.07898 0.6745
7.201979999999999 0.6745
7.201979999999999 0.6895
-4.07898 0.6895
4.2

IMD3c
4
-4.07898 0.6895
7.201979999999999 0.6895
7.201979999999999 0.7135
-4.07898 0.7135
3.28

IMD3d1+IMD3d2
4
-4.07898 0.7135
7.201979999999999 0.7135
7.201979999999999 0.8405
-4.07898 0.8405
2.65

IMD4a
4
-4.07898 0.8405
7.201979999999999 0.8405
7.201979999999999 0.8615
-4.07898 0.8615
5.2

IMD4b
4
-4.07898 0.8615
7.201979999999999 0.8615
7.201979999999999 0.8765
-4.07898 0.8765
4.2

IMD4c
4
-4.07898 0.8765
7.201979999999999 0.8765
7.201979999999999 0.9005
-4.07898 0.9005
3.28

IMD4d1+IMD4d2
4
-4.07898 0.9005
7.201979999999999 0.9005
7.201979999999999 1.0275
-4.07898 1.0275
2.65

IMD5a
4
-4.07898 1.0275
7.201979999999999 1.0275
7.201979999999999 1.0485
-4.07898 1.0485
5.2

IMD5b
4
-4.07898 1.0485
7.201979999999999 1.0485
7.201979999999999 1.0635
-4.07898 1.0635
4.2

IMD5c
4
-4.07898 1.0635
7.201979999999999 1.0635
7.201979999999999 1.0875
-4.07898 1.0875
3.28

IMD5d1+IMD5d2
4
-4.07898 1.0875
7.201979999999999 1.0875
7.201979999999999 1.2145
-4.07898 1.2145
2.65

IMD6a
4
-4.07898 1.2145
7.201979999999999 1.2145
7.201979999999999 1.2355
-4.07898 1.2355
5.2

IMD6b
4
-4.07898 1.2355
7.201979999999999 1.2355
7.201979999999999 1.2505
-4.07898 1.2505
4.2

IMD6c
4
-4.07898 1.2505
7.201979999999999 1.2505
7.201979999999999 1.2745
-4.07898 1.2745
3.28

IMD6d1+IMD6d2
4
-4.07898 1.2745
7.201979999999999 1.2745
7.201979999999999 1.4015
-4.07898 1.4015
2.65

IMD7a
4
-4.07898 1.4015
7.201979999999999 1.4015
7.201979999999999 1.4765
-4.07898 1.4765
5.2

IMD7b1+IMD7b2
4
-4.07898 1.4765
7.201979999999999 1.4765
7.201979999999999 2.9765
-4.07898 2.9765
4.2

IMD8a
4
-4.07898 2.9765
7.201979999999999 2.9765
7.201979999999999 3.0515
-4.07898 3.0515
5.2

IMD8b1+IMD8b2
4
-4.07898 3.0515
7.201979999999999 3.0515
7.201979999999999 4.5515
-4.07898 4.5515
4.2

PASS1
4
-4.07898 4.5515
7.201979999999999 4.5515
7.201979999999999 4.6265
-4.07898 4.6265
7.0

PASS2
4
-4.07898 4.6265
7.201979999999999 4.6265
7.201979999999999 5.0265
-4.07898 5.0265
4.2

PASS3
4
-4.07898 5.0265
7.201979999999999 5.0265
7.201979999999999 5.1015
-4.07898 5.1015
7.0

PASS4+PASS5
4
-4.07898 5.1015
7.201979999999999 5.1015
7.201979999999999 6.0515
-4.07898 6.0515
4.2

PASS6
4
-4.07898 6.0515
7.201979999999999 6.0515
7.201979999999999 6.6515
-4.07898 6.6515
7.0

air_Layer
4
-4.07898 6.6515
7.201979999999999 6.6515
7.201979999999999 6.9485
-4.07898 6.9485
1.0


4
-4.07898 0.001
7.201979999999999 0.001
7.201979999999999 6.9485
-4.07898 6.9485

