c1
4
-0.19500999999999993 1.3025
0.19501 1.3025
0.20099 1.4015
-0.20098999999999995 1.4015

3
botleft
4
-1.82898 -0.001
0 -0.001
0 0.001
-1.82898 0.001

botright
4
0 -0.001
6.57198 -0.001
6.57198 0.001
0 0.001

lEnv
4
-0.62701 1.3025
-0.23698999999999995 1.3025
-0.23100999999999994 1.4015
-0.6329899999999999 1.4015


47
IMD6d1_damage
4
-0.6364239999999999 1.2925
-0.22757599999999995 1.2925
-0.22697199999999995 1.3025
-0.6370279999999999 1.3025
3.1

IMD6d1_damage
4
-0.20442399999999994 1.2925
0.204424 1.2925
0.205028 1.3025
-0.20502799999999993 1.3025
3.1

IMD6d2_damage
4
-0.632019 1.3025
-0.62701 1.3025
-0.6329899999999999 1.4015
-0.637999 1.4015
2.9

IMD6d2_damage
4
-0.23698999999999995 1.3025
-0.23198099999999994 1.3025
-0.22600099999999992 1.4015
-0.23100999999999994 1.4015
2.9

IMD6d2_damage
4
-0.20001899999999995 1.3025
-0.19500999999999993 1.3025
-0.20098999999999995 1.4015
-0.20599899999999996 1.4015
2.9

IMD6d2_damage
4
0.19501 1.3025
0.200019 1.3025
0.20599900000000002 1.4015
0.20099 1.4015
2.9

IMD6d2
4
-1.82898 1.3025
-0.632019 1.3025
-0.637999 1.4015
-1.82898 1.4015
2.65

IMD6d2
4
-0.23198099999999994 1.3025
-0.20001899999999995 1.3025
-0.20599899999999996 1.4015
-0.22600099999999992 1.4015
2.65

IMD6d2
4
0.200019 1.3025
6.57198 1.3025
6.57198 1.4015
0.20599900000000002 1.4015
2.65

IMD6d1
4
-1.82898 1.2925
-0.6364239999999999 1.2925
-0.6370279999999999 1.3025
-1.82898 1.3025
2.65

IMD6d1
4
-0.22757599999999995 1.2925
-0.20442399999999994 1.2925
-0.20502799999999993 1.3025
-0.22697199999999995 1.3025
2.65

IMD6d1
4
0.204424 1.2925
6.57198 1.2925
6.57198 1.3025
0.205028 1.3025
2.65

IMD6d1
4
-1.82898 1.2745
6.57198 1.2745
6.57198 1.2925
-1.82898 1.2925
2.65

FOXA+FOXB+TOX
4
-1.82898 0.001
6.57198 0.001
6.57198 0.2665
-1.82898 0.2665
4.0

ILD1a
4
-1.82898 0.2665
6.57198 0.2665
6.57198 0.2765
-1.82898 0.2765
7.0

ILD1b1+ILD1b2+ILD1b3
4
-1.82898 0.2765
6.57198 0.2765
6.57198 0.3955
-1.82898 0.3955
4.0

IMD1a
4
-1.82898 0.3955
6.57198 0.3955
6.57198 0.4065
-1.82898 0.4065
5.2

IMD1b
4
-1.82898 0.4065
6.57198 0.4065
6.57198 0.4665
-1.82898 0.4665
2.8

IMD2a
4
-1.82898 0.4665
6.57198 0.4665
6.57198 0.4875
-1.82898 0.4875
5.2

IMD2b
4
-1.82898 0.4875
6.57198 0.4875
6.57198 0.5025
-1.82898 0.5025
4.2

IMD2c
4
-1.82898 0.5025
6.57198 0.5025
6.57198 0.5265
-1.82898 0.5265
3.28

IMD2d1+IMD2d2
4
-1.82898 0.5265
6.57198 0.5265
6.57198 0.6535
-1.82898 0.6535
2.65

IMD3a
4
-1.82898 0.6535
6.57198 0.6535
6.57198 0.6745
-1.82898 0.6745
5.2

IMD3b
4
-1.82898 0.6745
6.57198 0.6745
6.57198 0.6895
-1.82898 0.6895
4.2

IMD3c
4
-1.82898 0.6895
6.57198 0.6895
6.57198 0.7135
-1.82898 0.7135
3.28

IMD3d1+IMD3d2
4
-1.82898 0.7135
6.57198 0.7135
6.57198 0.8405
-1.82898 0.8405
2.65

IMD4a
4
-1.82898 0.8405
6.57198 0.8405
6.57198 0.8615
-1.82898 0.8615
5.2

IMD4b
4
-1.82898 0.8615
6.57198 0.8615
6.57198 0.8765
-1.82898 0.8765
4.2

IMD4c
4
-1.82898 0.8765
6.57198 0.8765
6.57198 0.9005
-1.82898 0.9005
3.28

IMD4d1+IMD4d2
4
-1.82898 0.9005
6.57198 0.9005
6.57198 1.0275
-1.82898 1.0275
2.65

IMD5a
4
-1.82898 1.0275
6.57198 1.0275
6.57198 1.0485
-1.82898 1.0485
5.2

IMD5b
4
-1.82898 1.0485
6.57198 1.0485
6.57198 1.0635
-1.82898 1.0635
4.2

IMD5c
4
-1.82898 1.0635
6.57198 1.0635
6.57198 1.0875
-1.82898 1.0875
3.28

IMD5d1+IMD5d2
4
-1.82898 1.0875
6.57198 1.0875
6.57198 1.2145
-1.82898 1.2145
2.65

IMD6a
4
-1.82898 1.2145
6.57198 1.2145
6.57198 1.2355
-1.82898 1.2355
5.2

IMD6b
4
-1.82898 1.2355
6.57198 1.2355
6.57198 1.2505
-1.82898 1.2505
4.2

IMD6c
4
-1.82898 1.2505
6.57198 1.2505
6.57198 1.2745
-1.82898 1.2745
3.28

IMD7a
4
-1.82898 1.4015
6.57198 1.4015
6.57198 1.4765
-1.82898 1.4765
5.2

IMD7b1+IMD7b2
4
-1.82898 1.4765
6.57198 1.4765
6.57198 2.9765
-1.82898 2.9765
4.2

IMD8a
4
-1.82898 2.9765
6.57198 2.9765
6.57198 3.0515
-1.82898 3.0515
5.2

IMD8b1+IMD8b2
4
-1.82898 3.0515
6.57198 3.0515
6.57198 4.5515
-1.82898 4.5515
4.2

PASS1
4
-1.82898 4.5515
6.57198 4.5515
6.57198 4.6265
-1.82898 4.6265
7.0

PASS2
4
-1.82898 4.6265
6.57198 4.6265
6.57198 5.0265
-1.82898 5.0265
4.2

PASS3
4
-1.82898 5.0265
6.57198 5.0265
6.57198 5.1015
-1.82898 5.1015
7.0

PASS4+PASS5
4
-1.82898 5.1015
6.57198 5.1015
6.57198 6.0515
-1.82898 6.0515
4.2

PASS6
4
-1.82898 6.0515
6.57198 6.0515
6.57198 6.6515
-1.82898 6.6515
7.0

air_Layer
4
-1.82898 6.6515
6.57198 6.6515
6.57198 6.9485
-1.82898 6.9485
1.0


4
-1.82898 0.001
6.57198 0.001
6.57198 6.9485
-1.82898 6.9485

