c1
4
-0.10341999999999996 0.37050000000000005
0.10342000000000001 0.37050000000000005
0.11258000000000001 0.4665
-0.11257999999999996 0.4665

3
botleft
4
-1.56216 -0.001
0 -0.001
0 0.001
-1.56216 0.001

botright
4
0 -0.001
6.30516 -0.001
6.30516 0.001
0 0.001

lEnv
4
-0.53542 0.37050000000000005
-0.3285799999999999 0.37050000000000005
-0.3194199999999999 0.4665
-0.54458 0.4665


42
IMD1b
4
-1.56216 0.40650000000000003
-0.538855 0.40650000000000003
-0.54458 0.4665
-1.56216 0.4665
2.8

IMD1b
4
-0.3251449999999999 0.40650000000000003
-0.10685499999999996 0.40650000000000003
-0.11257999999999996 0.4665
-0.3194199999999999 0.4665
2.8

IMD1b
4
0.10685500000000002 0.40650000000000003
6.30516 0.40650000000000003
6.30516 0.4665
0.11258000000000001 0.4665
2.8

IMD1a
4
-1.56216 0.3955
-0.5378054166666666 0.3955
-0.538855 0.40650000000000003
-1.56216 0.40650000000000003
5.2

IMD1a
4
-0.32619458333333323 0.3955
-0.10580541666666662 0.3955
-0.10685499999999996 0.40650000000000003
-0.3251449999999999 0.40650000000000003
5.2

IMD1a
4
0.10580541666666668 0.3955
6.30516 0.3955
6.30516 0.40650000000000003
0.10685500000000002 0.40650000000000003
5.2

ILD1b3
4
-1.56216 0.37050000000000005
-0.53542 0.37050000000000005
-0.5378054166666666 0.3955
-1.56216 0.3955
4

ILD1b3
4
-0.3285799999999999 0.37050000000000005
-0.10341999999999996 0.37050000000000005
-0.10580541666666662 0.3955
-0.32619458333333323 0.3955
4

ILD1b3
4
0.10342000000000001 0.37050000000000005
6.30516 0.37050000000000005
6.30516 0.3955
0.10580541666666668 0.3955
4

ILD1b1+ILD1b2
4
-1.56216 0.2765
6.30516 0.2765
6.30516 0.37050000000000005
-1.56216 0.37050000000000005
4

FOXA+FOXB+TOX
4
-1.56216 0.001
6.30516 0.001
6.30516 0.2665
-1.56216 0.2665
4.0

ILD1a
4
-1.56216 0.2665
6.30516 0.2665
6.30516 0.2765
-1.56216 0.2765
7.0

IMD2a
4
-1.56216 0.4665
6.30516 0.4665
6.30516 0.4875
-1.56216 0.4875
5.2

IMD2b
4
-1.56216 0.4875
6.30516 0.4875
6.30516 0.5025
-1.56216 0.5025
4.2

IMD2c
4
-1.56216 0.5025
6.30516 0.5025
6.30516 0.5265
-1.56216 0.5265
3.28

IMD2d1+IMD2d2
4
-1.56216 0.5265
6.30516 0.5265
6.30516 0.6535
-1.56216 0.6535
2.65

IMD3a
4
-1.56216 0.6535
6.30516 0.6535
6.30516 0.6745
-1.56216 0.6745
5.2

IMD3b
4
-1.56216 0.6745
6.30516 0.6745
6.30516 0.6895
-1.56216 0.6895
4.2

IMD3c
4
-1.56216 0.6895
6.30516 0.6895
6.30516 0.7135
-1.56216 0.7135
3.28

IMD3d1+IMD3d2
4
-1.56216 0.7135
6.30516 0.7135
6.30516 0.8405
-1.56216 0.8405
2.65

IMD4a
4
-1.56216 0.8405
6.30516 0.8405
6.30516 0.8615
-1.56216 0.8615
5.2

IMD4b
4
-1.56216 0.8615
6.30516 0.8615
6.30516 0.8765
-1.56216 0.8765
4.2

IMD4c
4
-1.56216 0.8765
6.30516 0.8765
6.30516 0.9005
-1.56216 0.9005
3.28

IMD4d1+IMD4d2
4
-1.56216 0.9005
6.30516 0.9005
6.30516 1.0275
-1.56216 1.0275
2.65

IMD5a
4
-1.56216 1.0275
6.30516 1.0275
6.30516 1.0485
-1.56216 1.0485
5.2

IMD5b
4
-1.56216 1.0485
6.30516 1.0485
6.30516 1.0635
-1.56216 1.0635
4.2

IMD5c
4
-1.56216 1.0635
6.30516 1.0635
6.30516 1.0875
-1.56216 1.0875
3.28

IMD5d1+IMD5d2
4
-1.56216 1.0875
6.30516 1.0875
6.30516 1.2145
-1.56216 1.2145
2.65

IMD6a
4
-1.56216 1.2145
6.30516 1.2145
6.30516 1.2355
-1.56216 1.2355
5.2

IMD6b
4
-1.56216 1.2355
6.30516 1.2355
6.30516 1.2505
-1.56216 1.2505
4.2

IMD6c
4
-1.56216 1.2505
6.30516 1.2505
6.30516 1.2745
-1.56216 1.2745
3.28

IMD6d1+IMD6d2
4
-1.56216 1.2745
6.30516 1.2745
6.30516 1.4015
-1.56216 1.4015
2.65

IMD7a
4
-1.56216 1.4015
6.30516 1.4015
6.30516 1.4765
-1.56216 1.4765
5.2

IMD7b1+IMD7b2
4
-1.56216 1.4765
6.30516 1.4765
6.30516 2.9765
-1.56216 2.9765
4.2

IMD8a
4
-1.56216 2.9765
6.30516 2.9765
6.30516 3.0515
-1.56216 3.0515
5.2

IMD8b1+IMD8b2
4
-1.56216 3.0515
6.30516 3.0515
6.30516 4.5515
-1.56216 4.5515
4.2

PASS1
4
-1.56216 4.5515
6.30516 4.5515
6.30516 4.6265
-1.56216 4.6265
7.0

PASS2
4
-1.56216 4.6265
6.30516 4.6265
6.30516 5.0265
-1.56216 5.0265
4.2

PASS3
4
-1.56216 5.0265
6.30516 5.0265
6.30516 5.1015
-1.56216 5.1015
7.0

PASS4+PASS5
4
-1.56216 5.1015
6.30516 5.1015
6.30516 6.0515
-1.56216 6.0515
4.2

PASS6
4
-1.56216 6.0515
6.30516 6.0515
6.30516 6.6515
-1.56216 6.6515
7.0

air_Layer
4
-1.56216 6.6515
6.30516 6.6515
6.30516 6.9485
-1.56216 6.9485
1.0


4
-1.56216 0.001
6.30516 0.001
6.30516 6.9485
-1.56216 6.9485

