c1
4
-0.2850100000000001 1.3025
0.2850099999999999 1.3025
0.29098999999999986 1.4015
-0.2909900000000001 1.4015

3
botleft
4
-2.9989799999999995 -0.001
0 -0.001
0 0.001
-2.9989799999999995 0.001

botright
4
0 -0.001
7.47198 -0.001
7.47198 0.001
0 0.001

lEnv
4
-1.1670099999999999 1.3025
-0.59699 1.3025
-0.59101 1.4015
-1.17299 1.4015


47
IMD6d1_damage
4
-1.176424 1.2925
-0.5875760000000001 1.2925
-0.586972 1.3025
-1.177028 1.3025
3.1

IMD6d1_damage
4
-0.2944240000000001 1.2925
0.29442399999999985 1.2925
0.29502799999999985 1.3025
-0.29502800000000007 1.3025
3.1

IMD6d2_damage
4
-1.172019 1.3025
-1.1670099999999999 1.3025
-1.17299 1.4015
-1.177999 1.4015
2.9

IMD6d2_damage
4
-0.59699 1.3025
-0.591981 1.3025
-0.586001 1.4015
-0.59101 1.4015
2.9

IMD6d2_damage
4
-0.2900190000000001 1.3025
-0.2850100000000001 1.3025
-0.2909900000000001 1.4015
-0.29599900000000007 1.4015
2.9

IMD6d2_damage
4
0.2850099999999999 1.3025
0.29001899999999986 1.3025
0.29599899999999985 1.4015
0.29098999999999986 1.4015
2.9

IMD6d2
4
-2.9989799999999995 1.3025
-1.172019 1.3025
-1.177999 1.4015
-2.9989799999999995 1.4015
2.65

IMD6d2
4
-0.591981 1.3025
-0.2900190000000001 1.3025
-0.29599900000000007 1.4015
-0.586001 1.4015
2.65

IMD6d2
4
0.29001899999999986 1.3025
7.47198 1.3025
7.47198 1.4015
0.29599899999999985 1.4015
2.65

IMD6d1
4
-2.9989799999999995 1.2925
-1.176424 1.2925
-1.177028 1.3025
-2.9989799999999995 1.3025
2.65

IMD6d1
4
-0.5875760000000001 1.2925
-0.2944240000000001 1.2925
-0.29502800000000007 1.3025
-0.586972 1.3025
2.65

IMD6d1
4
0.29442399999999985 1.2925
7.47198 1.2925
7.47198 1.3025
0.29502799999999985 1.3025
2.65

IMD6d1
4
-2.9989799999999995 1.2745
7.47198 1.2745
7.47198 1.2925
-2.9989799999999995 1.2925
2.65

FOXA+FOXB+TOX
4
-2.9989799999999995 0.001
7.47198 0.001
7.47198 0.2665
-2.9989799999999995 0.2665
4.0

ILD1a
4
-2.9989799999999995 0.2665
7.47198 0.2665
7.47198 0.2765
-2.9989799999999995 0.2765
7.0

ILD1b1+ILD1b2+ILD1b3
4
-2.9989799999999995 0.2765
7.47198 0.2765
7.47198 0.3955
-2.9989799999999995 0.3955
4.0

IMD1a
4
-2.9989799999999995 0.3955
7.47198 0.3955
7.47198 0.4065
-2.9989799999999995 0.4065
5.2

IMD1b
4
-2.9989799999999995 0.4065
7.47198 0.4065
7.47198 0.4665
-2.9989799999999995 0.4665
2.8

IMD2a
4
-2.9989799999999995 0.4665
7.47198 0.4665
7.47198 0.4875
-2.9989799999999995 0.4875
5.2

IMD2b
4
-2.9989799999999995 0.4875
7.47198 0.4875
7.47198 0.5025
-2.9989799999999995 0.5025
4.2

IMD2c
4
-2.9989799999999995 0.5025
7.47198 0.5025
7.47198 0.5265
-2.9989799999999995 0.5265
3.28

IMD2d1+IMD2d2
4
-2.9989799999999995 0.5265
7.47198 0.5265
7.47198 0.6535
-2.9989799999999995 0.6535
2.65

IMD3a
4
-2.9989799999999995 0.6535
7.47198 0.6535
7.47198 0.6745
-2.9989799999999995 0.6745
5.2

IMD3b
4
-2.9989799999999995 0.6745
7.47198 0.6745
7.47198 0.6895
-2.9989799999999995 0.6895
4.2

IMD3c
4
-2.9989799999999995 0.6895
7.47198 0.6895
7.47198 0.7135
-2.9989799999999995 0.7135
3.28

IMD3d1+IMD3d2
4
-2.9989799999999995 0.7135
7.47198 0.7135
7.47198 0.8405
-2.9989799999999995 0.8405
2.65

IMD4a
4
-2.9989799999999995 0.8405
7.47198 0.8405
7.47198 0.8615
-2.9989799999999995 0.8615
5.2

IMD4b
4
-2.9989799999999995 0.8615
7.47198 0.8615
7.47198 0.8765
-2.9989799999999995 0.8765
4.2

IMD4c
4
-2.9989799999999995 0.8765
7.47198 0.8765
7.47198 0.9005
-2.9989799999999995 0.9005
3.28

IMD4d1+IMD4d2
4
-2.9989799999999995 0.9005
7.47198 0.9005
7.47198 1.0275
-2.9989799999999995 1.0275
2.65

IMD5a
4
-2.9989799999999995 1.0275
7.47198 1.0275
7.47198 1.0485
-2.9989799999999995 1.0485
5.2

IMD5b
4
-2.9989799999999995 1.0485
7.47198 1.0485
7.47198 1.0635
-2.9989799999999995 1.0635
4.2

IMD5c
4
-2.9989799999999995 1.0635
7.47198 1.0635
7.47198 1.0875
-2.9989799999999995 1.0875
3.28

IMD5d1+IMD5d2
4
-2.9989799999999995 1.0875
7.47198 1.0875
7.47198 1.2145
-2.9989799999999995 1.2145
2.65

IMD6a
4
-2.9989799999999995 1.2145
7.47198 1.2145
7.47198 1.2355
-2.9989799999999995 1.2355
5.2

IMD6b
4
-2.9989799999999995 1.2355
7.47198 1.2355
7.47198 1.2505
-2.9989799999999995 1.2505
4.2

IMD6c
4
-2.9989799999999995 1.2505
7.47198 1.2505
7.47198 1.2745
-2.9989799999999995 1.2745
3.28

IMD7a
4
-2.9989799999999995 1.4015
7.47198 1.4015
7.47198 1.4765
-2.9989799999999995 1.4765
5.2

IMD7b1+IMD7b2
4
-2.9989799999999995 1.4765
7.47198 1.4765
7.47198 2.9765
-2.9989799999999995 2.9765
4.2

IMD8a
4
-2.9989799999999995 2.9765
7.47198 2.9765
7.47198 3.0515
-2.9989799999999995 3.0515
5.2

IMD8b1+IMD8b2
4
-2.9989799999999995 3.0515
7.47198 3.0515
7.47198 4.5515
-2.9989799999999995 4.5515
4.2

PASS1
4
-2.9989799999999995 4.5515
7.47198 4.5515
7.47198 4.6265
-2.9989799999999995 4.6265
7.0

PASS2
4
-2.9989799999999995 4.6265
7.47198 4.6265
7.47198 5.0265
-2.9989799999999995 5.0265
4.2

PASS3
4
-2.9989799999999995 5.0265
7.47198 5.0265
7.47198 5.1015
-2.9989799999999995 5.1015
7.0

PASS4+PASS5
4
-2.9989799999999995 5.1015
7.47198 5.1015
7.47198 6.0515
-2.9989799999999995 6.0515
4.2

PASS6
4
-2.9989799999999995 6.0515
7.47198 6.0515
7.47198 6.6515
-2.9989799999999995 6.6515
7.0

air_Layer
4
-2.9989799999999995 6.6515
7.47198 6.6515
7.47198 6.9485
-2.9989799999999995 6.9485
1.0


4
-2.9989799999999995 0.001
7.47198 0.001
7.47198 6.9485
-2.9989799999999995 6.9485

