c1
4
-0.015009999999999996 1.3025
0.01501000000000001 1.3025
0.02099000000000001 1.4015
-0.020989999999999995 1.4015

3
botleft
4
-0.56898 -0.001
0 -0.001
0 0.001
-0.56898 0.001

botright
4
0 -0.001
5.851979999999999 -0.001
5.851979999999999 0.001
0 0.001

lEnv
4
-0.08700999999999999 1.3025
-0.05698999999999999 1.3025
-0.05100999999999999 1.4015
-0.09298999999999999 1.4015


47
IMD6d1_damage
4
-0.096424 1.2925
-0.04757599999999999 1.2925
-0.04697199999999999 1.3025
-0.09702799999999999 1.3025
3.1

IMD6d1_damage
4
-0.024423999999999994 1.2925
0.024424000000000008 1.2925
0.02502800000000001 1.3025
-0.025027999999999995 1.3025
3.1

IMD6d2_damage
4
-0.09201899999999999 1.3025
-0.08700999999999999 1.3025
-0.09298999999999999 1.4015
-0.09799899999999999 1.4015
2.9

IMD6d2_damage
4
-0.05698999999999999 1.3025
-0.05198099999999999 1.3025
-0.04600099999999999 1.4015
-0.05100999999999999 1.4015
2.9

IMD6d2_damage
4
-0.020018999999999995 1.3025
-0.015009999999999996 1.3025
-0.020989999999999995 1.4015
-0.025998999999999994 1.4015
2.9

IMD6d2_damage
4
0.01501000000000001 1.3025
0.02001900000000001 1.3025
0.025999000000000008 1.4015
0.02099000000000001 1.4015
2.9

IMD6d2
4
-0.56898 1.3025
-0.09201899999999999 1.3025
-0.09799899999999999 1.4015
-0.56898 1.4015
2.65

IMD6d2
4
-0.05198099999999999 1.3025
-0.020018999999999995 1.3025
-0.025998999999999994 1.4015
-0.04600099999999999 1.4015
2.65

IMD6d2
4
0.02001900000000001 1.3025
5.851979999999999 1.3025
5.851979999999999 1.4015
0.025999000000000008 1.4015
2.65

IMD6d1
4
-0.56898 1.2925
-0.096424 1.2925
-0.09702799999999999 1.3025
-0.56898 1.3025
2.65

IMD6d1
4
-0.04757599999999999 1.2925
-0.024423999999999994 1.2925
-0.025027999999999995 1.3025
-0.04697199999999999 1.3025
2.65

IMD6d1
4
0.024424000000000008 1.2925
5.851979999999999 1.2925
5.851979999999999 1.3025
0.02502800000000001 1.3025
2.65

IMD6d1
4
-0.56898 1.2745
5.851979999999999 1.2745
5.851979999999999 1.2925
-0.56898 1.2925
2.65

FOXA+FOXB+TOX
4
-0.56898 0.001
5.851979999999999 0.001
5.851979999999999 0.2665
-0.56898 0.2665
4.0

ILD1a
4
-0.56898 0.2665
5.851979999999999 0.2665
5.851979999999999 0.2765
-0.56898 0.2765
7.0

ILD1b1+ILD1b2+ILD1b3
4
-0.56898 0.2765
5.851979999999999 0.2765
5.851979999999999 0.3955
-0.56898 0.3955
4.0

IMD1a
4
-0.56898 0.3955
5.851979999999999 0.3955
5.851979999999999 0.4065
-0.56898 0.4065
5.2

IMD1b
4
-0.56898 0.4065
5.851979999999999 0.4065
5.851979999999999 0.4665
-0.56898 0.4665
2.8

IMD2a
4
-0.56898 0.4665
5.851979999999999 0.4665
5.851979999999999 0.4875
-0.56898 0.4875
5.2

IMD2b
4
-0.56898 0.4875
5.851979999999999 0.4875
5.851979999999999 0.5025
-0.56898 0.5025
4.2

IMD2c
4
-0.56898 0.5025
5.851979999999999 0.5025
5.851979999999999 0.5265
-0.56898 0.5265
3.28

IMD2d1+IMD2d2
4
-0.56898 0.5265
5.851979999999999 0.5265
5.851979999999999 0.6535
-0.56898 0.6535
2.65

IMD3a
4
-0.56898 0.6535
5.851979999999999 0.6535
5.851979999999999 0.6745
-0.56898 0.6745
5.2

IMD3b
4
-0.56898 0.6745
5.851979999999999 0.6745
5.851979999999999 0.6895
-0.56898 0.6895
4.2

IMD3c
4
-0.56898 0.6895
5.851979999999999 0.6895
5.851979999999999 0.7135
-0.56898 0.7135
3.28

IMD3d1+IMD3d2
4
-0.56898 0.7135
5.851979999999999 0.7135
5.851979999999999 0.8405
-0.56898 0.8405
2.65

IMD4a
4
-0.56898 0.8405
5.851979999999999 0.8405
5.851979999999999 0.8615
-0.56898 0.8615
5.2

IMD4b
4
-0.56898 0.8615
5.851979999999999 0.8615
5.851979999999999 0.8765
-0.56898 0.8765
4.2

IMD4c
4
-0.56898 0.8765
5.851979999999999 0.8765
5.851979999999999 0.9005
-0.56898 0.9005
3.28

IMD4d1+IMD4d2
4
-0.56898 0.9005
5.851979999999999 0.9005
5.851979999999999 1.0275
-0.56898 1.0275
2.65

IMD5a
4
-0.56898 1.0275
5.851979999999999 1.0275
5.851979999999999 1.0485
-0.56898 1.0485
5.2

IMD5b
4
-0.56898 1.0485
5.851979999999999 1.0485
5.851979999999999 1.0635
-0.56898 1.0635
4.2

IMD5c
4
-0.56898 1.0635
5.851979999999999 1.0635
5.851979999999999 1.0875
-0.56898 1.0875
3.28

IMD5d1+IMD5d2
4
-0.56898 1.0875
5.851979999999999 1.0875
5.851979999999999 1.2145
-0.56898 1.2145
2.65

IMD6a
4
-0.56898 1.2145
5.851979999999999 1.2145
5.851979999999999 1.2355
-0.56898 1.2355
5.2

IMD6b
4
-0.56898 1.2355
5.851979999999999 1.2355
5.851979999999999 1.2505
-0.56898 1.2505
4.2

IMD6c
4
-0.56898 1.2505
5.851979999999999 1.2505
5.851979999999999 1.2745
-0.56898 1.2745
3.28

IMD7a
4
-0.56898 1.4015
5.851979999999999 1.4015
5.851979999999999 1.4765
-0.56898 1.4765
5.2

IMD7b1+IMD7b2
4
-0.56898 1.4765
5.851979999999999 1.4765
5.851979999999999 2.9765
-0.56898 2.9765
4.2

IMD8a
4
-0.56898 2.9765
5.851979999999999 2.9765
5.851979999999999 3.0515
-0.56898 3.0515
5.2

IMD8b1+IMD8b2
4
-0.56898 3.0515
5.851979999999999 3.0515
5.851979999999999 4.5515
-0.56898 4.5515
4.2

PASS1
4
-0.56898 4.5515
5.851979999999999 4.5515
5.851979999999999 4.6265
-0.56898 4.6265
7.0

PASS2
4
-0.56898 4.6265
5.851979999999999 4.6265
5.851979999999999 5.0265
-0.56898 5.0265
4.2

PASS3
4
-0.56898 5.0265
5.851979999999999 5.0265
5.851979999999999 5.1015
-0.56898 5.1015
7.0

PASS4+PASS5
4
-0.56898 5.1015
5.851979999999999 5.1015
5.851979999999999 6.0515
-0.56898 6.0515
4.2

PASS6
4
-0.56898 6.0515
5.851979999999999 6.0515
5.851979999999999 6.6515
-0.56898 6.6515
7.0

air_Layer
4
-0.56898 6.6515
5.851979999999999 6.6515
5.851979999999999 6.9485
-0.56898 6.9485
1.0


4
-0.56898 0.001
5.851979999999999 0.001
5.851979999999999 6.9485
-0.56898 6.9485

