c1
4
-0.33001000000000014 0.9285000000000001
0.33001 0.9285000000000001
0.33599 1.0275
-0.3359900000000001 1.0275

3
botleft
4
-3.13398 -0.001
0 -0.001
0 0.001
-3.13398 0.001

botright
4
0 -0.001
7.246980000000001 -0.001
7.246980000000001 0.001
0 0.001

lEnv
4
-1.21201 0.9285000000000001
-0.5519900000000001 0.9285000000000001
-0.5460100000000001 1.0275
-1.2179900000000001 1.0275


47
IMD4d1_damage
4
-1.221424 0.9185000000000001
-0.5425760000000002 0.9185000000000001
-0.5419720000000001 0.9285000000000001
-1.2220280000000001 0.9285000000000001
3.1

IMD4d1_damage
4
-0.3394240000000001 0.9185000000000001
0.339424 0.9185000000000001
0.340028 0.9285000000000001
-0.3400280000000001 0.9285000000000001
3.1

IMD4d2_damage
4
-1.217019 0.9285000000000001
-1.21201 0.9285000000000001
-1.2179900000000001 1.0275
-1.2229990000000002 1.0275
2.9

IMD4d2_damage
4
-0.5519900000000001 0.9285000000000001
-0.546981 0.9285000000000001
-0.5410010000000001 1.0275
-0.5460100000000001 1.0275
2.9

IMD4d2_damage
4
-0.3350190000000001 0.9285000000000001
-0.33001000000000014 0.9285000000000001
-0.3359900000000001 1.0275
-0.3409990000000001 1.0275
2.9

IMD4d2_damage
4
0.33001 0.9285000000000001
0.335019 0.9285000000000001
0.340999 1.0275
0.33599 1.0275
2.9

IMD4d2
4
-3.13398 0.9285000000000001
-1.217019 0.9285000000000001
-1.2229990000000002 1.0275
-3.13398 1.0275
2.65

IMD4d2
4
-0.546981 0.9285000000000001
-0.3350190000000001 0.9285000000000001
-0.3409990000000001 1.0275
-0.5410010000000001 1.0275
2.65

IMD4d2
4
0.335019 0.9285000000000001
7.246980000000001 0.9285000000000001
7.246980000000001 1.0275
0.340999 1.0275
2.65

IMD4d1
4
-3.13398 0.9185000000000001
-1.221424 0.9185000000000001
-1.2220280000000001 0.9285000000000001
-3.13398 0.9285000000000001
2.65

IMD4d1
4
-0.5425760000000002 0.9185000000000001
-0.3394240000000001 0.9185000000000001
-0.3400280000000001 0.9285000000000001
-0.5419720000000001 0.9285000000000001
2.65

IMD4d1
4
0.339424 0.9185000000000001
7.246980000000001 0.9185000000000001
7.246980000000001 0.9285000000000001
0.340028 0.9285000000000001
2.65

IMD4d1
4
-3.13398 0.9005
7.246980000000001 0.9005
7.246980000000001 0.9185000000000001
-3.13398 0.9185000000000001
2.65

FOXA+FOXB+TOX
4
-3.13398 0.001
7.246980000000001 0.001
7.246980000000001 0.2665
-3.13398 0.2665
4.0

ILD1a
4
-3.13398 0.2665
7.246980000000001 0.2665
7.246980000000001 0.2765
-3.13398 0.2765
7.0

ILD1b1+ILD1b2+ILD1b3
4
-3.13398 0.2765
7.246980000000001 0.2765
7.246980000000001 0.3955
-3.13398 0.3955
4.0

IMD1a
4
-3.13398 0.3955
7.246980000000001 0.3955
7.246980000000001 0.4065
-3.13398 0.4065
5.2

IMD1b
4
-3.13398 0.4065
7.246980000000001 0.4065
7.246980000000001 0.4665
-3.13398 0.4665
2.8

IMD2a
4
-3.13398 0.4665
7.246980000000001 0.4665
7.246980000000001 0.4875
-3.13398 0.4875
5.2

IMD2b
4
-3.13398 0.4875
7.246980000000001 0.4875
7.246980000000001 0.5025
-3.13398 0.5025
4.2

IMD2c
4
-3.13398 0.5025
7.246980000000001 0.5025
7.246980000000001 0.5265
-3.13398 0.5265
3.28

IMD2d1+IMD2d2
4
-3.13398 0.5265
7.246980000000001 0.5265
7.246980000000001 0.6535
-3.13398 0.6535
2.65

IMD3a
4
-3.13398 0.6535
7.246980000000001 0.6535
7.246980000000001 0.6745
-3.13398 0.6745
5.2

IMD3b
4
-3.13398 0.6745
7.246980000000001 0.6745
7.246980000000001 0.6895
-3.13398 0.6895
4.2

IMD3c
4
-3.13398 0.6895
7.246980000000001 0.6895
7.246980000000001 0.7135
-3.13398 0.7135
3.28

IMD3d1+IMD3d2
4
-3.13398 0.7135
7.246980000000001 0.7135
7.246980000000001 0.8405
-3.13398 0.8405
2.65

IMD4a
4
-3.13398 0.8405
7.246980000000001 0.8405
7.246980000000001 0.8615
-3.13398 0.8615
5.2

IMD4b
4
-3.13398 0.8615
7.246980000000001 0.8615
7.246980000000001 0.8765
-3.13398 0.8765
4.2

IMD4c
4
-3.13398 0.8765
7.246980000000001 0.8765
7.246980000000001 0.9005
-3.13398 0.9005
3.28

IMD5a
4
-3.13398 1.0275
7.246980000000001 1.0275
7.246980000000001 1.0485
-3.13398 1.0485
5.2

IMD5b
4
-3.13398 1.0485
7.246980000000001 1.0485
7.246980000000001 1.0635
-3.13398 1.0635
4.2

IMD5c
4
-3.13398 1.0635
7.246980000000001 1.0635
7.246980000000001 1.0875
-3.13398 1.0875
3.28

IMD5d1+IMD5d2
4
-3.13398 1.0875
7.246980000000001 1.0875
7.246980000000001 1.2145
-3.13398 1.2145
2.65

IMD6a
4
-3.13398 1.2145
7.246980000000001 1.2145
7.246980000000001 1.2355
-3.13398 1.2355
5.2

IMD6b
4
-3.13398 1.2355
7.246980000000001 1.2355
7.246980000000001 1.2505
-3.13398 1.2505
4.2

IMD6c
4
-3.13398 1.2505
7.246980000000001 1.2505
7.246980000000001 1.2745
-3.13398 1.2745
3.28

IMD6d1+IMD6d2
4
-3.13398 1.2745
7.246980000000001 1.2745
7.246980000000001 1.4015
-3.13398 1.4015
2.65

IMD7a
4
-3.13398 1.4015
7.246980000000001 1.4015
7.246980000000001 1.4765
-3.13398 1.4765
5.2

IMD7b1+IMD7b2
4
-3.13398 1.4765
7.246980000000001 1.4765
7.246980000000001 2.9765
-3.13398 2.9765
4.2

IMD8a
4
-3.13398 2.9765
7.246980000000001 2.9765
7.246980000000001 3.0515
-3.13398 3.0515
5.2

IMD8b1+IMD8b2
4
-3.13398 3.0515
7.246980000000001 3.0515
7.246980000000001 4.5515
-3.13398 4.5515
4.2

PASS1
4
-3.13398 4.5515
7.246980000000001 4.5515
7.246980000000001 4.6265
-3.13398 4.6265
7.0

PASS2
4
-3.13398 4.6265
7.246980000000001 4.6265
7.246980000000001 5.0265
-3.13398 5.0265
4.2

PASS3
4
-3.13398 5.0265
7.246980000000001 5.0265
7.246980000000001 5.1015
-3.13398 5.1015
7.0

PASS4+PASS5
4
-3.13398 5.1015
7.246980000000001 5.1015
7.246980000000001 6.0515
-3.13398 6.0515
4.2

PASS6
4
-3.13398 6.0515
7.246980000000001 6.0515
7.246980000000001 6.6515
-3.13398 6.6515
7.0

air_Layer
4
-3.13398 6.6515
7.246980000000001 6.6515
7.246980000000001 6.9485
-3.13398 6.9485
1.0


4
-3.13398 0.001
7.246980000000001 0.001
7.246980000000001 6.9485
-3.13398 6.9485

