c1
4
-0.33001 1.1155
0.33001 1.1155
0.33599 1.2145
-0.33599 1.2145

3
botleft
4
-3.31398 -0.001
0 -0.001
0 0.001
-3.31398 0.001

botright
4
0 -0.001
7.3369800000000005 -0.001
7.3369800000000005 0.001
0 0.001

lEnv
4
-1.30201 1.1155
-0.64199 1.1155
-0.63601 1.2145
-1.30799 1.2145


47
IMD5d1_damage
4
-1.311424 1.1055
-0.632576 1.1055
-0.631972 1.1155
-1.312028 1.1155
3.1

IMD5d1_damage
4
-0.339424 1.1055
0.339424 1.1055
0.340028 1.1155
-0.340028 1.1155
3.1

IMD5d2_damage
4
-1.307019 1.1155
-1.30201 1.1155
-1.30799 1.2145
-1.312999 1.2145
2.9

IMD5d2_damage
4
-0.64199 1.1155
-0.6369809999999999 1.1155
-0.6310009999999999 1.2145
-0.63601 1.2145
2.9

IMD5d2_damage
4
-0.335019 1.1155
-0.33001 1.1155
-0.33599 1.2145
-0.340999 1.2145
2.9

IMD5d2_damage
4
0.33001 1.1155
0.335019 1.1155
0.340999 1.2145
0.33599 1.2145
2.9

IMD5d2
4
-3.31398 1.1155
-1.307019 1.1155
-1.312999 1.2145
-3.31398 1.2145
2.65

IMD5d2
4
-0.6369809999999999 1.1155
-0.335019 1.1155
-0.340999 1.2145
-0.6310009999999999 1.2145
2.65

IMD5d2
4
0.335019 1.1155
7.3369800000000005 1.1155
7.3369800000000005 1.2145
0.340999 1.2145
2.65

IMD5d1
4
-3.31398 1.1055
-1.311424 1.1055
-1.312028 1.1155
-3.31398 1.1155
2.65

IMD5d1
4
-0.632576 1.1055
-0.339424 1.1055
-0.340028 1.1155
-0.631972 1.1155
2.65

IMD5d1
4
0.339424 1.1055
7.3369800000000005 1.1055
7.3369800000000005 1.1155
0.340028 1.1155
2.65

IMD5d1
4
-3.31398 1.0875
7.3369800000000005 1.0875
7.3369800000000005 1.1055
-3.31398 1.1055
2.65

FOXA+FOXB+TOX
4
-3.31398 0.001
7.3369800000000005 0.001
7.3369800000000005 0.2665
-3.31398 0.2665
4.0

ILD1a
4
-3.31398 0.2665
7.3369800000000005 0.2665
7.3369800000000005 0.2765
-3.31398 0.2765
7.0

ILD1b1+ILD1b2+ILD1b3
4
-3.31398 0.2765
7.3369800000000005 0.2765
7.3369800000000005 0.3955
-3.31398 0.3955
4.0

IMD1a
4
-3.31398 0.3955
7.3369800000000005 0.3955
7.3369800000000005 0.4065
-3.31398 0.4065
5.2

IMD1b
4
-3.31398 0.4065
7.3369800000000005 0.4065
7.3369800000000005 0.4665
-3.31398 0.4665
2.8

IMD2a
4
-3.31398 0.4665
7.3369800000000005 0.4665
7.3369800000000005 0.4875
-3.31398 0.4875
5.2

IMD2b
4
-3.31398 0.4875
7.3369800000000005 0.4875
7.3369800000000005 0.5025
-3.31398 0.5025
4.2

IMD2c
4
-3.31398 0.5025
7.3369800000000005 0.5025
7.3369800000000005 0.5265
-3.31398 0.5265
3.28

IMD2d1+IMD2d2
4
-3.31398 0.5265
7.3369800000000005 0.5265
7.3369800000000005 0.6535
-3.31398 0.6535
2.65

IMD3a
4
-3.31398 0.6535
7.3369800000000005 0.6535
7.3369800000000005 0.6745
-3.31398 0.6745
5.2

IMD3b
4
-3.31398 0.6745
7.3369800000000005 0.6745
7.3369800000000005 0.6895
-3.31398 0.6895
4.2

IMD3c
4
-3.31398 0.6895
7.3369800000000005 0.6895
7.3369800000000005 0.7135
-3.31398 0.7135
3.28

IMD3d1+IMD3d2
4
-3.31398 0.7135
7.3369800000000005 0.7135
7.3369800000000005 0.8405
-3.31398 0.8405
2.65

IMD4a
4
-3.31398 0.8405
7.3369800000000005 0.8405
7.3369800000000005 0.8615
-3.31398 0.8615
5.2

IMD4b
4
-3.31398 0.8615
7.3369800000000005 0.8615
7.3369800000000005 0.8765
-3.31398 0.8765
4.2

IMD4c
4
-3.31398 0.8765
7.3369800000000005 0.8765
7.3369800000000005 0.9005
-3.31398 0.9005
3.28

IMD4d1+IMD4d2
4
-3.31398 0.9005
7.3369800000000005 0.9005
7.3369800000000005 1.0275
-3.31398 1.0275
2.65

IMD5a
4
-3.31398 1.0275
7.3369800000000005 1.0275
7.3369800000000005 1.0485
-3.31398 1.0485
5.2

IMD5b
4
-3.31398 1.0485
7.3369800000000005 1.0485
7.3369800000000005 1.0635
-3.31398 1.0635
4.2

IMD5c
4
-3.31398 1.0635
7.3369800000000005 1.0635
7.3369800000000005 1.0875
-3.31398 1.0875
3.28

IMD6a
4
-3.31398 1.2145
7.3369800000000005 1.2145
7.3369800000000005 1.2355
-3.31398 1.2355
5.2

IMD6b
4
-3.31398 1.2355
7.3369800000000005 1.2355
7.3369800000000005 1.2505
-3.31398 1.2505
4.2

IMD6c
4
-3.31398 1.2505
7.3369800000000005 1.2505
7.3369800000000005 1.2745
-3.31398 1.2745
3.28

IMD6d1+IMD6d2
4
-3.31398 1.2745
7.3369800000000005 1.2745
7.3369800000000005 1.4015
-3.31398 1.4015
2.65

IMD7a
4
-3.31398 1.4015
7.3369800000000005 1.4015
7.3369800000000005 1.4765
-3.31398 1.4765
5.2

IMD7b1+IMD7b2
4
-3.31398 1.4765
7.3369800000000005 1.4765
7.3369800000000005 2.9765
-3.31398 2.9765
4.2

IMD8a
4
-3.31398 2.9765
7.3369800000000005 2.9765
7.3369800000000005 3.0515
-3.31398 3.0515
5.2

IMD8b1+IMD8b2
4
-3.31398 3.0515
7.3369800000000005 3.0515
7.3369800000000005 4.5515
-3.31398 4.5515
4.2

PASS1
4
-3.31398 4.5515
7.3369800000000005 4.5515
7.3369800000000005 4.6265
-3.31398 4.6265
7.0

PASS2
4
-3.31398 4.6265
7.3369800000000005 4.6265
7.3369800000000005 5.0265
-3.31398 5.0265
4.2

PASS3
4
-3.31398 5.0265
7.3369800000000005 5.0265
7.3369800000000005 5.1015
-3.31398 5.1015
7.0

PASS4+PASS5
4
-3.31398 5.1015
7.3369800000000005 5.1015
7.3369800000000005 6.0515
-3.31398 6.0515
4.2

PASS6
4
-3.31398 6.0515
7.3369800000000005 6.0515
7.3369800000000005 6.6515
-3.31398 6.6515
7.0

air_Layer
4
-3.31398 6.6515
7.3369800000000005 6.6515
7.3369800000000005 6.9485
-3.31398 6.9485
1.0


4
-3.31398 0.001
7.3369800000000005 0.001
7.3369800000000005 6.9485
-3.31398 6.9485

