c1
4
-0.24000999999999992 0.5545
0.24000999999999992 0.5545
0.24598999999999993 0.6535
-0.24598999999999993 0.6535

3
botleft
4
-2.50398 -0.001
0 -0.001
0 0.001
-2.50398 0.001

botright
4
0 -0.001
5.89698 -0.001
5.89698 0.001
0 0.001

lEnv
4
-0.9420099999999999 0.5545
-0.4619899999999999 0.5545
-0.4560099999999999 0.6535
-0.9479899999999999 0.6535


47
IMD2d1_damage
4
-0.9514239999999998 0.5445
-0.4525759999999999 0.5445
-0.45197199999999993 0.5545
-0.9520279999999999 0.5545
3.1

IMD2d1_damage
4
-0.24942399999999992 0.5445
0.24942399999999992 0.5445
0.2500279999999999 0.5545
-0.2500279999999999 0.5545
3.1

IMD2d2_damage
4
-0.9470189999999999 0.5545
-0.9420099999999999 0.5545
-0.9479899999999999 0.6535
-0.9529989999999999 0.6535
2.9

IMD2d2_damage
4
-0.4619899999999999 0.5545
-0.4569809999999999 0.5545
-0.45100099999999993 0.6535
-0.4560099999999999 0.6535
2.9

IMD2d2_damage
4
-0.24501899999999993 0.5545
-0.24000999999999992 0.5545
-0.24598999999999993 0.6535
-0.2509989999999999 0.6535
2.9

IMD2d2_damage
4
0.24000999999999992 0.5545
0.24501899999999993 0.5545
0.2509989999999999 0.6535
0.24598999999999993 0.6535
2.9

IMD2d2
4
-2.50398 0.5545
-0.9470189999999999 0.5545
-0.9529989999999999 0.6535
-2.50398 0.6535
2.65

IMD2d2
4
-0.4569809999999999 0.5545
-0.24501899999999993 0.5545
-0.2509989999999999 0.6535
-0.45100099999999993 0.6535
2.65

IMD2d2
4
0.24501899999999993 0.5545
5.89698 0.5545
5.89698 0.6535
0.2509989999999999 0.6535
2.65

IMD2d1
4
-2.50398 0.5445
-0.9514239999999998 0.5445
-0.9520279999999999 0.5545
-2.50398 0.5545
2.65

IMD2d1
4
-0.4525759999999999 0.5445
-0.24942399999999992 0.5445
-0.2500279999999999 0.5545
-0.45197199999999993 0.5545
2.65

IMD2d1
4
0.24942399999999992 0.5445
5.89698 0.5445
5.89698 0.5545
0.2500279999999999 0.5545
2.65

IMD2d1
4
-2.50398 0.5265
5.89698 0.5265
5.89698 0.5445
-2.50398 0.5445
2.65

FOXA+FOXB+TOX
4
-2.50398 0.001
5.89698 0.001
5.89698 0.2665
-2.50398 0.2665
4.0

ILD1a
4
-2.50398 0.2665
5.89698 0.2665
5.89698 0.2765
-2.50398 0.2765
7.0

ILD1b1+ILD1b2+ILD1b3
4
-2.50398 0.2765
5.89698 0.2765
5.89698 0.3955
-2.50398 0.3955
4.0

IMD1a
4
-2.50398 0.3955
5.89698 0.3955
5.89698 0.4065
-2.50398 0.4065
5.2

IMD1b
4
-2.50398 0.4065
5.89698 0.4065
5.89698 0.4665
-2.50398 0.4665
2.8

IMD2a
4
-2.50398 0.4665
5.89698 0.4665
5.89698 0.4875
-2.50398 0.4875
5.2

IMD2b
4
-2.50398 0.4875
5.89698 0.4875
5.89698 0.5025
-2.50398 0.5025
4.2

IMD2c
4
-2.50398 0.5025
5.89698 0.5025
5.89698 0.5265
-2.50398 0.5265
3.28

IMD3a
4
-2.50398 0.6535
5.89698 0.6535
5.89698 0.6745
-2.50398 0.6745
5.2

IMD3b
4
-2.50398 0.6745
5.89698 0.6745
5.89698 0.6895
-2.50398 0.6895
4.2

IMD3c
4
-2.50398 0.6895
5.89698 0.6895
5.89698 0.7135
-2.50398 0.7135
3.28

IMD3d1+IMD3d2
4
-2.50398 0.7135
5.89698 0.7135
5.89698 0.8405
-2.50398 0.8405
2.65

IMD4a
4
-2.50398 0.8405
5.89698 0.8405
5.89698 0.8615
-2.50398 0.8615
5.2

IMD4b
4
-2.50398 0.8615
5.89698 0.8615
5.89698 0.8765
-2.50398 0.8765
4.2

IMD4c
4
-2.50398 0.8765
5.89698 0.8765
5.89698 0.9005
-2.50398 0.9005
3.28

IMD4d1+IMD4d2
4
-2.50398 0.9005
5.89698 0.9005
5.89698 1.0275
-2.50398 1.0275
2.65

IMD5a
4
-2.50398 1.0275
5.89698 1.0275
5.89698 1.0485
-2.50398 1.0485
5.2

IMD5b
4
-2.50398 1.0485
5.89698 1.0485
5.89698 1.0635
-2.50398 1.0635
4.2

IMD5c
4
-2.50398 1.0635
5.89698 1.0635
5.89698 1.0875
-2.50398 1.0875
3.28

IMD5d1+IMD5d2
4
-2.50398 1.0875
5.89698 1.0875
5.89698 1.2145
-2.50398 1.2145
2.65

IMD6a
4
-2.50398 1.2145
5.89698 1.2145
5.89698 1.2355
-2.50398 1.2355
5.2

IMD6b
4
-2.50398 1.2355
5.89698 1.2355
5.89698 1.2505
-2.50398 1.2505
4.2

IMD6c
4
-2.50398 1.2505
5.89698 1.2505
5.89698 1.2745
-2.50398 1.2745
3.28

IMD6d1+IMD6d2
4
-2.50398 1.2745
5.89698 1.2745
5.89698 1.4015
-2.50398 1.4015
2.65

IMD7a
4
-2.50398 1.4015
5.89698 1.4015
5.89698 1.4765
-2.50398 1.4765
5.2

IMD7b1+IMD7b2
4
-2.50398 1.4765
5.89698 1.4765
5.89698 2.9765
-2.50398 2.9765
4.2

IMD8a
4
-2.50398 2.9765
5.89698 2.9765
5.89698 3.0515
-2.50398 3.0515
5.2

IMD8b1+IMD8b2
4
-2.50398 3.0515
5.89698 3.0515
5.89698 4.5515
-2.50398 4.5515
4.2

PASS1
4
-2.50398 4.5515
5.89698 4.5515
5.89698 4.6265
-2.50398 4.6265
7.0

PASS2
4
-2.50398 4.6265
5.89698 4.6265
5.89698 5.0265
-2.50398 5.0265
4.2

PASS3
4
-2.50398 5.0265
5.89698 5.0265
5.89698 5.1015
-2.50398 5.1015
7.0

PASS4+PASS5
4
-2.50398 5.1015
5.89698 5.1015
5.89698 6.0515
-2.50398 6.0515
4.2

PASS6
4
-2.50398 6.0515
5.89698 6.0515
5.89698 6.6515
-2.50398 6.6515
7.0

air_Layer
4
-2.50398 6.6515
5.89698 6.6515
5.89698 6.9485
-2.50398 6.9485
1.0


4
-2.50398 0.001
5.89698 0.001
5.89698 6.9485
-2.50398 6.9485

