c1
4
-0.15001 0.7415
0.15000999999999995 0.7415
0.15598999999999996 0.8405
-0.15599000000000002 0.8405

3
botleft
4
-1.69398 -0.001
0 -0.001
0 0.001
-1.69398 0.001

botright
4
0 -0.001
6.25698 -0.001
6.25698 0.001
0 0.001

lEnv
4
-0.58201 0.7415
-0.28199 0.7415
-0.27601000000000003 0.8405
-0.58799 0.8405


47
IMD3d1_damage
4
-0.591424 0.7315
-0.27257600000000004 0.7315
-0.27197200000000005 0.7415
-0.592028 0.7415
3.1

IMD3d1_damage
4
-0.159424 0.7315
0.15942399999999995 0.7315
0.16002799999999995 0.7415
-0.160028 0.7415
3.1

IMD3d2_damage
4
-0.5870190000000001 0.7415
-0.58201 0.7415
-0.58799 0.8405
-0.592999 0.8405
2.9

IMD3d2_damage
4
-0.28199 0.7415
-0.27698100000000003 0.7415
-0.27100100000000005 0.8405
-0.27601000000000003 0.8405
2.9

IMD3d2_damage
4
-0.15501900000000002 0.7415
-0.15001 0.7415
-0.15599000000000002 0.8405
-0.16099900000000003 0.8405
2.9

IMD3d2_damage
4
0.15000999999999995 0.7415
0.15501899999999996 0.7415
0.16099899999999998 0.8405
0.15598999999999996 0.8405
2.9

IMD3d2
4
-1.69398 0.7415
-0.5870190000000001 0.7415
-0.592999 0.8405
-1.69398 0.8405
2.65

IMD3d2
4
-0.27698100000000003 0.7415
-0.15501900000000002 0.7415
-0.16099900000000003 0.8405
-0.27100100000000005 0.8405
2.65

IMD3d2
4
0.15501899999999996 0.7415
6.25698 0.7415
6.25698 0.8405
0.16099899999999998 0.8405
2.65

IMD3d1
4
-1.69398 0.7315
-0.591424 0.7315
-0.592028 0.7415
-1.69398 0.7415
2.65

IMD3d1
4
-0.27257600000000004 0.7315
-0.159424 0.7315
-0.160028 0.7415
-0.27197200000000005 0.7415
2.65

IMD3d1
4
0.15942399999999995 0.7315
6.25698 0.7315
6.25698 0.7415
0.16002799999999995 0.7415
2.65

IMD3d1
4
-1.69398 0.7135
6.25698 0.7135
6.25698 0.7315
-1.69398 0.7315
2.65

FOXA+FOXB+TOX
4
-1.69398 0.001
6.25698 0.001
6.25698 0.2665
-1.69398 0.2665
4.0

ILD1a
4
-1.69398 0.2665
6.25698 0.2665
6.25698 0.2765
-1.69398 0.2765
7.0

ILD1b1+ILD1b2+ILD1b3
4
-1.69398 0.2765
6.25698 0.2765
6.25698 0.3955
-1.69398 0.3955
4.0

IMD1a
4
-1.69398 0.3955
6.25698 0.3955
6.25698 0.4065
-1.69398 0.4065
5.2

IMD1b
4
-1.69398 0.4065
6.25698 0.4065
6.25698 0.4665
-1.69398 0.4665
2.8

IMD2a
4
-1.69398 0.4665
6.25698 0.4665
6.25698 0.4875
-1.69398 0.4875
5.2

IMD2b
4
-1.69398 0.4875
6.25698 0.4875
6.25698 0.5025
-1.69398 0.5025
4.2

IMD2c
4
-1.69398 0.5025
6.25698 0.5025
6.25698 0.5265
-1.69398 0.5265
3.28

IMD2d1+IMD2d2
4
-1.69398 0.5265
6.25698 0.5265
6.25698 0.6535
-1.69398 0.6535
2.65

IMD3a
4
-1.69398 0.6535
6.25698 0.6535
6.25698 0.6745
-1.69398 0.6745
5.2

IMD3b
4
-1.69398 0.6745
6.25698 0.6745
6.25698 0.6895
-1.69398 0.6895
4.2

IMD3c
4
-1.69398 0.6895
6.25698 0.6895
6.25698 0.7135
-1.69398 0.7135
3.28

IMD4a
4
-1.69398 0.8405
6.25698 0.8405
6.25698 0.8615
-1.69398 0.8615
5.2

IMD4b
4
-1.69398 0.8615
6.25698 0.8615
6.25698 0.8765
-1.69398 0.8765
4.2

IMD4c
4
-1.69398 0.8765
6.25698 0.8765
6.25698 0.9005
-1.69398 0.9005
3.28

IMD4d1+IMD4d2
4
-1.69398 0.9005
6.25698 0.9005
6.25698 1.0275
-1.69398 1.0275
2.65

IMD5a
4
-1.69398 1.0275
6.25698 1.0275
6.25698 1.0485
-1.69398 1.0485
5.2

IMD5b
4
-1.69398 1.0485
6.25698 1.0485
6.25698 1.0635
-1.69398 1.0635
4.2

IMD5c
4
-1.69398 1.0635
6.25698 1.0635
6.25698 1.0875
-1.69398 1.0875
3.28

IMD5d1+IMD5d2
4
-1.69398 1.0875
6.25698 1.0875
6.25698 1.2145
-1.69398 1.2145
2.65

IMD6a
4
-1.69398 1.2145
6.25698 1.2145
6.25698 1.2355
-1.69398 1.2355
5.2

IMD6b
4
-1.69398 1.2355
6.25698 1.2355
6.25698 1.2505
-1.69398 1.2505
4.2

IMD6c
4
-1.69398 1.2505
6.25698 1.2505
6.25698 1.2745
-1.69398 1.2745
3.28

IMD6d1+IMD6d2
4
-1.69398 1.2745
6.25698 1.2745
6.25698 1.4015
-1.69398 1.4015
2.65

IMD7a
4
-1.69398 1.4015
6.25698 1.4015
6.25698 1.4765
-1.69398 1.4765
5.2

IMD7b1+IMD7b2
4
-1.69398 1.4765
6.25698 1.4765
6.25698 2.9765
-1.69398 2.9765
4.2

IMD8a
4
-1.69398 2.9765
6.25698 2.9765
6.25698 3.0515
-1.69398 3.0515
5.2

IMD8b1+IMD8b2
4
-1.69398 3.0515
6.25698 3.0515
6.25698 4.5515
-1.69398 4.5515
4.2

PASS1
4
-1.69398 4.5515
6.25698 4.5515
6.25698 4.6265
-1.69398 4.6265
7.0

PASS2
4
-1.69398 4.6265
6.25698 4.6265
6.25698 5.0265
-1.69398 5.0265
4.2

PASS3
4
-1.69398 5.0265
6.25698 5.0265
6.25698 5.1015
-1.69398 5.1015
7.0

PASS4+PASS5
4
-1.69398 5.1015
6.25698 5.1015
6.25698 6.0515
-1.69398 6.0515
4.2

PASS6
4
-1.69398 6.0515
6.25698 6.0515
6.25698 6.6515
-1.69398 6.6515
7.0

air_Layer
4
-1.69398 6.6515
6.25698 6.6515
6.25698 6.9485
-1.69398 6.9485
1.0


4
-1.69398 0.001
6.25698 0.001
6.25698 6.9485
-1.69398 6.9485

