c1
4
-0.3300099999999999 0.7415
0.33001 0.7415
0.33599 0.8405
-0.3359899999999999 0.8405

3
botleft
4
-2.77398 -0.001
0 -0.001
0 0.001
-2.77398 0.001

botright
4
0 -0.001
7.066980000000002 -0.001
7.066980000000002 0.001
0 0.001

lEnv
4
-1.0320099999999999 0.7415
-0.37198999999999993 0.7415
-0.36600999999999995 0.8405
-1.03799 0.8405


47
IMD3d1_damage
4
-1.041424 0.7315
-0.36257599999999995 0.7315
-0.36197199999999996 0.7415
-1.042028 0.7415
3.1

IMD3d1_damage
4
-0.3394239999999999 0.7315
0.339424 0.7315
0.340028 0.7415
-0.3400279999999999 0.7415
3.1

IMD3d2_damage
4
-1.037019 0.7415
-1.0320099999999999 0.7415
-1.03799 0.8405
-1.042999 0.8405
2.9

IMD3d2_damage
4
-0.37198999999999993 0.7415
-0.36698099999999995 0.7415
-0.36100099999999996 0.8405
-0.36600999999999995 0.8405
2.9

IMD3d2_damage
4
-0.3350189999999999 0.7415
-0.3300099999999999 0.7415
-0.3359899999999999 0.8405
-0.3409989999999999 0.8405
2.9

IMD3d2_damage
4
0.33001 0.7415
0.335019 0.7415
0.340999 0.8405
0.33599 0.8405
2.9

IMD3d2
4
-2.77398 0.7415
-1.037019 0.7415
-1.042999 0.8405
-2.77398 0.8405
2.65

IMD3d2
4
-0.36698099999999995 0.7415
-0.3350189999999999 0.7415
-0.3409989999999999 0.8405
-0.36100099999999996 0.8405
2.65

IMD3d2
4
0.335019 0.7415
7.066980000000002 0.7415
7.066980000000002 0.8405
0.340999 0.8405
2.65

IMD3d1
4
-2.77398 0.7315
-1.041424 0.7315
-1.042028 0.7415
-2.77398 0.7415
2.65

IMD3d1
4
-0.36257599999999995 0.7315
-0.3394239999999999 0.7315
-0.3400279999999999 0.7415
-0.36197199999999996 0.7415
2.65

IMD3d1
4
0.339424 0.7315
7.066980000000002 0.7315
7.066980000000002 0.7415
0.340028 0.7415
2.65

IMD3d1
4
-2.77398 0.7135
7.066980000000002 0.7135
7.066980000000002 0.7315
-2.77398 0.7315
2.65

FOXA+FOXB+TOX
4
-2.77398 0.001
7.066980000000002 0.001
7.066980000000002 0.2665
-2.77398 0.2665
4.0

ILD1a
4
-2.77398 0.2665
7.066980000000002 0.2665
7.066980000000002 0.2765
-2.77398 0.2765
7.0

ILD1b1+ILD1b2+ILD1b3
4
-2.77398 0.2765
7.066980000000002 0.2765
7.066980000000002 0.3955
-2.77398 0.3955
4.0

IMD1a
4
-2.77398 0.3955
7.066980000000002 0.3955
7.066980000000002 0.4065
-2.77398 0.4065
5.2

IMD1b
4
-2.77398 0.4065
7.066980000000002 0.4065
7.066980000000002 0.4665
-2.77398 0.4665
2.8

IMD2a
4
-2.77398 0.4665
7.066980000000002 0.4665
7.066980000000002 0.4875
-2.77398 0.4875
5.2

IMD2b
4
-2.77398 0.4875
7.066980000000002 0.4875
7.066980000000002 0.5025
-2.77398 0.5025
4.2

IMD2c
4
-2.77398 0.5025
7.066980000000002 0.5025
7.066980000000002 0.5265
-2.77398 0.5265
3.28

IMD2d1+IMD2d2
4
-2.77398 0.5265
7.066980000000002 0.5265
7.066980000000002 0.6535
-2.77398 0.6535
2.65

IMD3a
4
-2.77398 0.6535
7.066980000000002 0.6535
7.066980000000002 0.6745
-2.77398 0.6745
5.2

IMD3b
4
-2.77398 0.6745
7.066980000000002 0.6745
7.066980000000002 0.6895
-2.77398 0.6895
4.2

IMD3c
4
-2.77398 0.6895
7.066980000000002 0.6895
7.066980000000002 0.7135
-2.77398 0.7135
3.28

IMD4a
4
-2.77398 0.8405
7.066980000000002 0.8405
7.066980000000002 0.8615
-2.77398 0.8615
5.2

IMD4b
4
-2.77398 0.8615
7.066980000000002 0.8615
7.066980000000002 0.8765
-2.77398 0.8765
4.2

IMD4c
4
-2.77398 0.8765
7.066980000000002 0.8765
7.066980000000002 0.9005
-2.77398 0.9005
3.28

IMD4d1+IMD4d2
4
-2.77398 0.9005
7.066980000000002 0.9005
7.066980000000002 1.0275
-2.77398 1.0275
2.65

IMD5a
4
-2.77398 1.0275
7.066980000000002 1.0275
7.066980000000002 1.0485
-2.77398 1.0485
5.2

IMD5b
4
-2.77398 1.0485
7.066980000000002 1.0485
7.066980000000002 1.0635
-2.77398 1.0635
4.2

IMD5c
4
-2.77398 1.0635
7.066980000000002 1.0635
7.066980000000002 1.0875
-2.77398 1.0875
3.28

IMD5d1+IMD5d2
4
-2.77398 1.0875
7.066980000000002 1.0875
7.066980000000002 1.2145
-2.77398 1.2145
2.65

IMD6a
4
-2.77398 1.2145
7.066980000000002 1.2145
7.066980000000002 1.2355
-2.77398 1.2355
5.2

IMD6b
4
-2.77398 1.2355
7.066980000000002 1.2355
7.066980000000002 1.2505
-2.77398 1.2505
4.2

IMD6c
4
-2.77398 1.2505
7.066980000000002 1.2505
7.066980000000002 1.2745
-2.77398 1.2745
3.28

IMD6d1+IMD6d2
4
-2.77398 1.2745
7.066980000000002 1.2745
7.066980000000002 1.4015
-2.77398 1.4015
2.65

IMD7a
4
-2.77398 1.4015
7.066980000000002 1.4015
7.066980000000002 1.4765
-2.77398 1.4765
5.2

IMD7b1+IMD7b2
4
-2.77398 1.4765
7.066980000000002 1.4765
7.066980000000002 2.9765
-2.77398 2.9765
4.2

IMD8a
4
-2.77398 2.9765
7.066980000000002 2.9765
7.066980000000002 3.0515
-2.77398 3.0515
5.2

IMD8b1+IMD8b2
4
-2.77398 3.0515
7.066980000000002 3.0515
7.066980000000002 4.5515
-2.77398 4.5515
4.2

PASS1
4
-2.77398 4.5515
7.066980000000002 4.5515
7.066980000000002 4.6265
-2.77398 4.6265
7.0

PASS2
4
-2.77398 4.6265
7.066980000000002 4.6265
7.066980000000002 5.0265
-2.77398 5.0265
4.2

PASS3
4
-2.77398 5.0265
7.066980000000002 5.0265
7.066980000000002 5.1015
-2.77398 5.1015
7.0

PASS4+PASS5
4
-2.77398 5.1015
7.066980000000002 5.1015
7.066980000000002 6.0515
-2.77398 6.0515
4.2

PASS6
4
-2.77398 6.0515
7.066980000000002 6.0515
7.066980000000002 6.6515
-2.77398 6.6515
7.0

air_Layer
4
-2.77398 6.6515
7.066980000000002 6.6515
7.066980000000002 6.9485
-2.77398 6.9485
1.0


4
-2.77398 0.001
7.066980000000002 0.001
7.066980000000002 6.9485
-2.77398 6.9485

