c1
4
-0.15000999999999995 0.5545
0.15001000000000006 0.5545
0.15599000000000007 0.6535
-0.15598999999999996 0.6535

3
botleft
4
-2.05398 -0.001
0 -0.001
0 0.001
-2.05398 0.001

botright
4
0 -0.001
6.07698 -0.001
6.07698 0.001
0 0.001

lEnv
4
-0.76201 0.5545
-0.46198999999999996 0.5545
-0.45600999999999997 0.6535
-0.76799 0.6535


47
IMD2d1_damage
4
-0.7714239999999999 0.5445
-0.452576 0.5445
-0.451972 0.5545
-0.7720279999999999 0.5545
3.1

IMD2d1_damage
4
-0.15942399999999995 0.5445
0.15942400000000007 0.5445
0.16002800000000006 0.5545
-0.16002799999999995 0.5545
3.1

IMD2d2_damage
4
-0.767019 0.5545
-0.76201 0.5545
-0.76799 0.6535
-0.772999 0.6535
2.9

IMD2d2_damage
4
-0.46198999999999996 0.5545
-0.45698099999999997 0.5545
-0.451001 0.6535
-0.45600999999999997 0.6535
2.9

IMD2d2_damage
4
-0.15501899999999996 0.5545
-0.15000999999999995 0.5545
-0.15598999999999996 0.6535
-0.16099899999999998 0.6535
2.9

IMD2d2_damage
4
0.15001000000000006 0.5545
0.15501900000000007 0.5545
0.1609990000000001 0.6535
0.15599000000000007 0.6535
2.9

IMD2d2
4
-2.05398 0.5545
-0.767019 0.5545
-0.772999 0.6535
-2.05398 0.6535
2.65

IMD2d2
4
-0.45698099999999997 0.5545
-0.15501899999999996 0.5545
-0.16099899999999998 0.6535
-0.451001 0.6535
2.65

IMD2d2
4
0.15501900000000007 0.5545
6.07698 0.5545
6.07698 0.6535
0.1609990000000001 0.6535
2.65

IMD2d1
4
-2.05398 0.5445
-0.7714239999999999 0.5445
-0.7720279999999999 0.5545
-2.05398 0.5545
2.65

IMD2d1
4
-0.452576 0.5445
-0.15942399999999995 0.5445
-0.16002799999999995 0.5545
-0.451972 0.5545
2.65

IMD2d1
4
0.15942400000000007 0.5445
6.07698 0.5445
6.07698 0.5545
0.16002800000000006 0.5545
2.65

IMD2d1
4
-2.05398 0.5265
6.07698 0.5265
6.07698 0.5445
-2.05398 0.5445
2.65

FOXA+FOXB+TOX
4
-2.05398 0.001
6.07698 0.001
6.07698 0.2665
-2.05398 0.2665
4.0

ILD1a
4
-2.05398 0.2665
6.07698 0.2665
6.07698 0.2765
-2.05398 0.2765
7.0

ILD1b1+ILD1b2+ILD1b3
4
-2.05398 0.2765
6.07698 0.2765
6.07698 0.3955
-2.05398 0.3955
4.0

IMD1a
4
-2.05398 0.3955
6.07698 0.3955
6.07698 0.4065
-2.05398 0.4065
5.2

IMD1b
4
-2.05398 0.4065
6.07698 0.4065
6.07698 0.4665
-2.05398 0.4665
2.8

IMD2a
4
-2.05398 0.4665
6.07698 0.4665
6.07698 0.4875
-2.05398 0.4875
5.2

IMD2b
4
-2.05398 0.4875
6.07698 0.4875
6.07698 0.5025
-2.05398 0.5025
4.2

IMD2c
4
-2.05398 0.5025
6.07698 0.5025
6.07698 0.5265
-2.05398 0.5265
3.28

IMD3a
4
-2.05398 0.6535
6.07698 0.6535
6.07698 0.6745
-2.05398 0.6745
5.2

IMD3b
4
-2.05398 0.6745
6.07698 0.6745
6.07698 0.6895
-2.05398 0.6895
4.2

IMD3c
4
-2.05398 0.6895
6.07698 0.6895
6.07698 0.7135
-2.05398 0.7135
3.28

IMD3d1+IMD3d2
4
-2.05398 0.7135
6.07698 0.7135
6.07698 0.8405
-2.05398 0.8405
2.65

IMD4a
4
-2.05398 0.8405
6.07698 0.8405
6.07698 0.8615
-2.05398 0.8615
5.2

IMD4b
4
-2.05398 0.8615
6.07698 0.8615
6.07698 0.8765
-2.05398 0.8765
4.2

IMD4c
4
-2.05398 0.8765
6.07698 0.8765
6.07698 0.9005
-2.05398 0.9005
3.28

IMD4d1+IMD4d2
4
-2.05398 0.9005
6.07698 0.9005
6.07698 1.0275
-2.05398 1.0275
2.65

IMD5a
4
-2.05398 1.0275
6.07698 1.0275
6.07698 1.0485
-2.05398 1.0485
5.2

IMD5b
4
-2.05398 1.0485
6.07698 1.0485
6.07698 1.0635
-2.05398 1.0635
4.2

IMD5c
4
-2.05398 1.0635
6.07698 1.0635
6.07698 1.0875
-2.05398 1.0875
3.28

IMD5d1+IMD5d2
4
-2.05398 1.0875
6.07698 1.0875
6.07698 1.2145
-2.05398 1.2145
2.65

IMD6a
4
-2.05398 1.2145
6.07698 1.2145
6.07698 1.2355
-2.05398 1.2355
5.2

IMD6b
4
-2.05398 1.2355
6.07698 1.2355
6.07698 1.2505
-2.05398 1.2505
4.2

IMD6c
4
-2.05398 1.2505
6.07698 1.2505
6.07698 1.2745
-2.05398 1.2745
3.28

IMD6d1+IMD6d2
4
-2.05398 1.2745
6.07698 1.2745
6.07698 1.4015
-2.05398 1.4015
2.65

IMD7a
4
-2.05398 1.4015
6.07698 1.4015
6.07698 1.4765
-2.05398 1.4765
5.2

IMD7b1+IMD7b2
4
-2.05398 1.4765
6.07698 1.4765
6.07698 2.9765
-2.05398 2.9765
4.2

IMD8a
4
-2.05398 2.9765
6.07698 2.9765
6.07698 3.0515
-2.05398 3.0515
5.2

IMD8b1+IMD8b2
4
-2.05398 3.0515
6.07698 3.0515
6.07698 4.5515
-2.05398 4.5515
4.2

PASS1
4
-2.05398 4.5515
6.07698 4.5515
6.07698 4.6265
-2.05398 4.6265
7.0

PASS2
4
-2.05398 4.6265
6.07698 4.6265
6.07698 5.0265
-2.05398 5.0265
4.2

PASS3
4
-2.05398 5.0265
6.07698 5.0265
6.07698 5.1015
-2.05398 5.1015
7.0

PASS4+PASS5
4
-2.05398 5.1015
6.07698 5.1015
6.07698 6.0515
-2.05398 6.0515
4.2

PASS6
4
-2.05398 6.0515
6.07698 6.0515
6.07698 6.6515
-2.05398 6.6515
7.0

air_Layer
4
-2.05398 6.6515
6.07698 6.6515
6.07698 6.9485
-2.05398 6.9485
1.0


4
-2.05398 0.001
6.07698 0.001
6.07698 6.9485
-2.05398 6.9485

