c1
4
-0.41841999999999985 0.37050000000000005
0.41841999999999985 0.37050000000000005
0.42757999999999985 0.4665
-0.42757999999999985 0.4665

3
botleft
4
-4.12716 -0.001
0 -0.001
0 0.001
-4.12716 0.001

botright
4
0 -0.001
7.340159999999999 -0.001
7.340159999999999 0.001
0 0.001

lEnv
4
-1.6604199999999998 0.37050000000000005
-0.8235799999999999 0.37050000000000005
-0.8144199999999999 0.4665
-1.6695799999999998 0.4665


42
IMD1b
4
-4.12716 0.40650000000000003
-1.6638549999999999 0.40650000000000003
-1.6695799999999998 0.4665
-4.12716 0.4665
2.8

IMD1b
4
-0.8201449999999999 0.40650000000000003
-0.42185499999999987 0.40650000000000003
-0.42757999999999985 0.4665
-0.8144199999999999 0.4665
2.8

IMD1b
4
0.42185499999999987 0.40650000000000003
7.340159999999999 0.40650000000000003
7.340159999999999 0.4665
0.42757999999999985 0.4665
2.8

IMD1a
4
-4.12716 0.3955
-1.6628054166666666 0.3955
-1.6638549999999999 0.40650000000000003
-4.12716 0.40650000000000003
5.2

IMD1a
4
-0.8211945833333333 0.3955
-0.42080541666666654 0.3955
-0.42185499999999987 0.40650000000000003
-0.8201449999999999 0.40650000000000003
5.2

IMD1a
4
0.42080541666666654 0.3955
7.340159999999999 0.3955
7.340159999999999 0.40650000000000003
0.42185499999999987 0.40650000000000003
5.2

ILD1b3
4
-4.12716 0.37050000000000005
-1.6604199999999998 0.37050000000000005
-1.6628054166666666 0.3955
-4.12716 0.3955
4

ILD1b3
4
-0.8235799999999999 0.37050000000000005
-0.41841999999999985 0.37050000000000005
-0.42080541666666654 0.3955
-0.8211945833333333 0.3955
4

ILD1b3
4
0.41841999999999985 0.37050000000000005
7.340159999999999 0.37050000000000005
7.340159999999999 0.3955
0.42080541666666654 0.3955
4

ILD1b1+ILD1b2
4
-4.12716 0.2765
7.340159999999999 0.2765
7.340159999999999 0.37050000000000005
-4.12716 0.37050000000000005
4

FOXA+FOXB+TOX
4
-4.12716 0.001
7.340159999999999 0.001
7.340159999999999 0.2665
-4.12716 0.2665
4.0

ILD1a
4
-4.12716 0.2665
7.340159999999999 0.2665
7.340159999999999 0.2765
-4.12716 0.2765
7.0

IMD2a
4
-4.12716 0.4665
7.340159999999999 0.4665
7.340159999999999 0.4875
-4.12716 0.4875
5.2

IMD2b
4
-4.12716 0.4875
7.340159999999999 0.4875
7.340159999999999 0.5025
-4.12716 0.5025
4.2

IMD2c
4
-4.12716 0.5025
7.340159999999999 0.5025
7.340159999999999 0.5265
-4.12716 0.5265
3.28

IMD2d1+IMD2d2
4
-4.12716 0.5265
7.340159999999999 0.5265
7.340159999999999 0.6535
-4.12716 0.6535
2.65

IMD3a
4
-4.12716 0.6535
7.340159999999999 0.6535
7.340159999999999 0.6745
-4.12716 0.6745
5.2

IMD3b
4
-4.12716 0.6745
7.340159999999999 0.6745
7.340159999999999 0.6895
-4.12716 0.6895
4.2

IMD3c
4
-4.12716 0.6895
7.340159999999999 0.6895
7.340159999999999 0.7135
-4.12716 0.7135
3.28

IMD3d1+IMD3d2
4
-4.12716 0.7135
7.340159999999999 0.7135
7.340159999999999 0.8405
-4.12716 0.8405
2.65

IMD4a
4
-4.12716 0.8405
7.340159999999999 0.8405
7.340159999999999 0.8615
-4.12716 0.8615
5.2

IMD4b
4
-4.12716 0.8615
7.340159999999999 0.8615
7.340159999999999 0.8765
-4.12716 0.8765
4.2

IMD4c
4
-4.12716 0.8765
7.340159999999999 0.8765
7.340159999999999 0.9005
-4.12716 0.9005
3.28

IMD4d1+IMD4d2
4
-4.12716 0.9005
7.340159999999999 0.9005
7.340159999999999 1.0275
-4.12716 1.0275
2.65

IMD5a
4
-4.12716 1.0275
7.340159999999999 1.0275
7.340159999999999 1.0485
-4.12716 1.0485
5.2

IMD5b
4
-4.12716 1.0485
7.340159999999999 1.0485
7.340159999999999 1.0635
-4.12716 1.0635
4.2

IMD5c
4
-4.12716 1.0635
7.340159999999999 1.0635
7.340159999999999 1.0875
-4.12716 1.0875
3.28

IMD5d1+IMD5d2
4
-4.12716 1.0875
7.340159999999999 1.0875
7.340159999999999 1.2145
-4.12716 1.2145
2.65

IMD6a
4
-4.12716 1.2145
7.340159999999999 1.2145
7.340159999999999 1.2355
-4.12716 1.2355
5.2

IMD6b
4
-4.12716 1.2355
7.340159999999999 1.2355
7.340159999999999 1.2505
-4.12716 1.2505
4.2

IMD6c
4
-4.12716 1.2505
7.340159999999999 1.2505
7.340159999999999 1.2745
-4.12716 1.2745
3.28

IMD6d1+IMD6d2
4
-4.12716 1.2745
7.340159999999999 1.2745
7.340159999999999 1.4015
-4.12716 1.4015
2.65

IMD7a
4
-4.12716 1.4015
7.340159999999999 1.4015
7.340159999999999 1.4765
-4.12716 1.4765
5.2

IMD7b1+IMD7b2
4
-4.12716 1.4765
7.340159999999999 1.4765
7.340159999999999 2.9765
-4.12716 2.9765
4.2

IMD8a
4
-4.12716 2.9765
7.340159999999999 2.9765
7.340159999999999 3.0515
-4.12716 3.0515
5.2

IMD8b1+IMD8b2
4
-4.12716 3.0515
7.340159999999999 3.0515
7.340159999999999 4.5515
-4.12716 4.5515
4.2

PASS1
4
-4.12716 4.5515
7.340159999999999 4.5515
7.340159999999999 4.6265
-4.12716 4.6265
7.0

PASS2
4
-4.12716 4.6265
7.340159999999999 4.6265
7.340159999999999 5.0265
-4.12716 5.0265
4.2

PASS3
4
-4.12716 5.0265
7.340159999999999 5.0265
7.340159999999999 5.1015
-4.12716 5.1015
7.0

PASS4+PASS5
4
-4.12716 5.1015
7.340159999999999 5.1015
7.340159999999999 6.0515
-4.12716 6.0515
4.2

PASS6
4
-4.12716 6.0515
7.340159999999999 6.0515
7.340159999999999 6.6515
-4.12716 6.6515
7.0

air_Layer
4
-4.12716 6.6515
7.340159999999999 6.6515
7.340159999999999 6.9485
-4.12716 6.9485
1.0


4
-4.12716 0.001
7.340159999999999 0.001
7.340159999999999 6.9485
-4.12716 6.9485

