c1
4
-0.37500999999999995 1.1155
0.3750100000000002 1.1155
0.38099000000000016 1.2145
-0.38098999999999994 1.2145

3
botleft
4
-3.62898 -0.001
0 -0.001
0 0.001
-3.62898 0.001

botright
4
0 -0.001
5.94198 -0.001
5.94198 0.001
0 0.001

lEnv
4
-1.43701 1.1155
-0.68699 1.1155
-0.68101 1.2145
-1.44299 1.2145


47
IMD5d1_damage
4
-1.446424 1.1055
-0.6775760000000001 1.1055
-0.676972 1.1155
-1.447028 1.1155
3.1

IMD5d1_damage
4
-0.38442399999999993 1.1055
0.38442400000000015 1.1055
0.38502800000000015 1.1155
-0.3850279999999999 1.1155
3.1

IMD5d2_damage
4
-1.442019 1.1155
-1.43701 1.1155
-1.44299 1.2145
-1.447999 1.2145
2.9

IMD5d2_damage
4
-0.68699 1.1155
-0.681981 1.1155
-0.676001 1.2145
-0.68101 1.2145
2.9

IMD5d2_damage
4
-0.38001899999999994 1.1155
-0.37500999999999995 1.1155
-0.38098999999999994 1.2145
-0.3859989999999999 1.2145
2.9

IMD5d2_damage
4
0.3750100000000002 1.1155
0.38001900000000016 1.1155
0.38599900000000015 1.2145
0.38099000000000016 1.2145
2.9

IMD5d2
4
-3.62898 1.1155
-1.442019 1.1155
-1.447999 1.2145
-3.62898 1.2145
2.65

IMD5d2
4
-0.681981 1.1155
-0.38001899999999994 1.1155
-0.3859989999999999 1.2145
-0.676001 1.2145
2.65

IMD5d2
4
0.38001900000000016 1.1155
5.94198 1.1155
5.94198 1.2145
0.38599900000000015 1.2145
2.65

IMD5d1
4
-3.62898 1.1055
-1.446424 1.1055
-1.447028 1.1155
-3.62898 1.1155
2.65

IMD5d1
4
-0.6775760000000001 1.1055
-0.38442399999999993 1.1055
-0.3850279999999999 1.1155
-0.676972 1.1155
2.65

IMD5d1
4
0.38442400000000015 1.1055
5.94198 1.1055
5.94198 1.1155
0.38502800000000015 1.1155
2.65

IMD5d1
4
-3.62898 1.0875
5.94198 1.0875
5.94198 1.1055
-3.62898 1.1055
2.65

FOXA+FOXB+TOX
4
-3.62898 0.001
5.94198 0.001
5.94198 0.2665
-3.62898 0.2665
4.0

ILD1a
4
-3.62898 0.2665
5.94198 0.2665
5.94198 0.2765
-3.62898 0.2765
7.0

ILD1b1+ILD1b2+ILD1b3
4
-3.62898 0.2765
5.94198 0.2765
5.94198 0.3955
-3.62898 0.3955
4.0

IMD1a
4
-3.62898 0.3955
5.94198 0.3955
5.94198 0.4065
-3.62898 0.4065
5.2

IMD1b
4
-3.62898 0.4065
5.94198 0.4065
5.94198 0.4665
-3.62898 0.4665
2.8

IMD2a
4
-3.62898 0.4665
5.94198 0.4665
5.94198 0.4875
-3.62898 0.4875
5.2

IMD2b
4
-3.62898 0.4875
5.94198 0.4875
5.94198 0.5025
-3.62898 0.5025
4.2

IMD2c
4
-3.62898 0.5025
5.94198 0.5025
5.94198 0.5265
-3.62898 0.5265
3.28

IMD2d1+IMD2d2
4
-3.62898 0.5265
5.94198 0.5265
5.94198 0.6535
-3.62898 0.6535
2.65

IMD3a
4
-3.62898 0.6535
5.94198 0.6535
5.94198 0.6745
-3.62898 0.6745
5.2

IMD3b
4
-3.62898 0.6745
5.94198 0.6745
5.94198 0.6895
-3.62898 0.6895
4.2

IMD3c
4
-3.62898 0.6895
5.94198 0.6895
5.94198 0.7135
-3.62898 0.7135
3.28

IMD3d1+IMD3d2
4
-3.62898 0.7135
5.94198 0.7135
5.94198 0.8405
-3.62898 0.8405
2.65

IMD4a
4
-3.62898 0.8405
5.94198 0.8405
5.94198 0.8615
-3.62898 0.8615
5.2

IMD4b
4
-3.62898 0.8615
5.94198 0.8615
5.94198 0.8765
-3.62898 0.8765
4.2

IMD4c
4
-3.62898 0.8765
5.94198 0.8765
5.94198 0.9005
-3.62898 0.9005
3.28

IMD4d1+IMD4d2
4
-3.62898 0.9005
5.94198 0.9005
5.94198 1.0275
-3.62898 1.0275
2.65

IMD5a
4
-3.62898 1.0275
5.94198 1.0275
5.94198 1.0485
-3.62898 1.0485
5.2

IMD5b
4
-3.62898 1.0485
5.94198 1.0485
5.94198 1.0635
-3.62898 1.0635
4.2

IMD5c
4
-3.62898 1.0635
5.94198 1.0635
5.94198 1.0875
-3.62898 1.0875
3.28

IMD6a
4
-3.62898 1.2145
5.94198 1.2145
5.94198 1.2355
-3.62898 1.2355
5.2

IMD6b
4
-3.62898 1.2355
5.94198 1.2355
5.94198 1.2505
-3.62898 1.2505
4.2

IMD6c
4
-3.62898 1.2505
5.94198 1.2505
5.94198 1.2745
-3.62898 1.2745
3.28

IMD6d1+IMD6d2
4
-3.62898 1.2745
5.94198 1.2745
5.94198 1.4015
-3.62898 1.4015
2.65

IMD7a
4
-3.62898 1.4015
5.94198 1.4015
5.94198 1.4765
-3.62898 1.4765
5.2

IMD7b1+IMD7b2
4
-3.62898 1.4765
5.94198 1.4765
5.94198 2.9765
-3.62898 2.9765
4.2

IMD8a
4
-3.62898 2.9765
5.94198 2.9765
5.94198 3.0515
-3.62898 3.0515
5.2

IMD8b1+IMD8b2
4
-3.62898 3.0515
5.94198 3.0515
5.94198 4.5515
-3.62898 4.5515
4.2

PASS1
4
-3.62898 4.5515
5.94198 4.5515
5.94198 4.6265
-3.62898 4.6265
7.0

PASS2
4
-3.62898 4.6265
5.94198 4.6265
5.94198 5.0265
-3.62898 5.0265
4.2

PASS3
4
-3.62898 5.0265
5.94198 5.0265
5.94198 5.1015
-3.62898 5.1015
7.0

PASS4+PASS5
4
-3.62898 5.1015
5.94198 5.1015
5.94198 6.0515
-3.62898 6.0515
4.2

PASS6
4
-3.62898 6.0515
5.94198 6.0515
5.94198 6.6515
-3.62898 6.6515
7.0

air_Layer
4
-3.62898 6.6515
5.94198 6.6515
5.94198 6.9485
-3.62898 6.9485
1.0


4
-3.62898 0.001
5.94198 0.001
5.94198 6.9485
-3.62898 6.9485

