c1
4
-0.2384199999999999 0.37050000000000005
0.23842000000000013 0.37050000000000005
0.24758000000000013 0.4665
-0.2475799999999999 0.4665

3
botleft
4
-2.68716 -0.001
0 -0.001
0 0.001
-2.68716 0.001

botright
4
0 -0.001
6.5301599999999995 -0.001
6.5301599999999995 0.001
0 0.001

lEnv
4
-1.03042 0.37050000000000005
-0.5535799999999998 0.37050000000000005
-0.5444199999999999 0.4665
-1.03958 0.4665


42
IMD1b
4
-2.68716 0.40650000000000003
-1.033855 0.40650000000000003
-1.03958 0.4665
-2.68716 0.4665
2.8

IMD1b
4
-0.5501449999999999 0.40650000000000003
-0.2418549999999999 0.40650000000000003
-0.2475799999999999 0.4665
-0.5444199999999999 0.4665
2.8

IMD1b
4
0.24185500000000013 0.40650000000000003
6.5301599999999995 0.40650000000000003
6.5301599999999995 0.4665
0.24758000000000013 0.4665
2.8

IMD1a
4
-2.68716 0.3955
-1.0328054166666667 0.3955
-1.033855 0.40650000000000003
-2.68716 0.40650000000000003
5.2

IMD1a
4
-0.5511945833333333 0.3955
-0.24080541666666658 0.3955
-0.2418549999999999 0.40650000000000003
-0.5501449999999999 0.40650000000000003
5.2

IMD1a
4
0.2408054166666668 0.3955
6.5301599999999995 0.3955
6.5301599999999995 0.40650000000000003
0.24185500000000013 0.40650000000000003
5.2

ILD1b3
4
-2.68716 0.37050000000000005
-1.03042 0.37050000000000005
-1.0328054166666667 0.3955
-2.68716 0.3955
4

ILD1b3
4
-0.5535799999999998 0.37050000000000005
-0.2384199999999999 0.37050000000000005
-0.24080541666666658 0.3955
-0.5511945833333333 0.3955
4

ILD1b3
4
0.23842000000000013 0.37050000000000005
6.5301599999999995 0.37050000000000005
6.5301599999999995 0.3955
0.2408054166666668 0.3955
4

ILD1b1+ILD1b2
4
-2.68716 0.2765
6.5301599999999995 0.2765
6.5301599999999995 0.37050000000000005
-2.68716 0.37050000000000005
4

FOXA+FOXB+TOX
4
-2.68716 0.001
6.5301599999999995 0.001
6.5301599999999995 0.2665
-2.68716 0.2665
4.0

ILD1a
4
-2.68716 0.2665
6.5301599999999995 0.2665
6.5301599999999995 0.2765
-2.68716 0.2765
7.0

IMD2a
4
-2.68716 0.4665
6.5301599999999995 0.4665
6.5301599999999995 0.4875
-2.68716 0.4875
5.2

IMD2b
4
-2.68716 0.4875
6.5301599999999995 0.4875
6.5301599999999995 0.5025
-2.68716 0.5025
4.2

IMD2c
4
-2.68716 0.5025
6.5301599999999995 0.5025
6.5301599999999995 0.5265
-2.68716 0.5265
3.28

IMD2d1+IMD2d2
4
-2.68716 0.5265
6.5301599999999995 0.5265
6.5301599999999995 0.6535
-2.68716 0.6535
2.65

IMD3a
4
-2.68716 0.6535
6.5301599999999995 0.6535
6.5301599999999995 0.6745
-2.68716 0.6745
5.2

IMD3b
4
-2.68716 0.6745
6.5301599999999995 0.6745
6.5301599999999995 0.6895
-2.68716 0.6895
4.2

IMD3c
4
-2.68716 0.6895
6.5301599999999995 0.6895
6.5301599999999995 0.7135
-2.68716 0.7135
3.28

IMD3d1+IMD3d2
4
-2.68716 0.7135
6.5301599999999995 0.7135
6.5301599999999995 0.8405
-2.68716 0.8405
2.65

IMD4a
4
-2.68716 0.8405
6.5301599999999995 0.8405
6.5301599999999995 0.8615
-2.68716 0.8615
5.2

IMD4b
4
-2.68716 0.8615
6.5301599999999995 0.8615
6.5301599999999995 0.8765
-2.68716 0.8765
4.2

IMD4c
4
-2.68716 0.8765
6.5301599999999995 0.8765
6.5301599999999995 0.9005
-2.68716 0.9005
3.28

IMD4d1+IMD4d2
4
-2.68716 0.9005
6.5301599999999995 0.9005
6.5301599999999995 1.0275
-2.68716 1.0275
2.65

IMD5a
4
-2.68716 1.0275
6.5301599999999995 1.0275
6.5301599999999995 1.0485
-2.68716 1.0485
5.2

IMD5b
4
-2.68716 1.0485
6.5301599999999995 1.0485
6.5301599999999995 1.0635
-2.68716 1.0635
4.2

IMD5c
4
-2.68716 1.0635
6.5301599999999995 1.0635
6.5301599999999995 1.0875
-2.68716 1.0875
3.28

IMD5d1+IMD5d2
4
-2.68716 1.0875
6.5301599999999995 1.0875
6.5301599999999995 1.2145
-2.68716 1.2145
2.65

IMD6a
4
-2.68716 1.2145
6.5301599999999995 1.2145
6.5301599999999995 1.2355
-2.68716 1.2355
5.2

IMD6b
4
-2.68716 1.2355
6.5301599999999995 1.2355
6.5301599999999995 1.2505
-2.68716 1.2505
4.2

IMD6c
4
-2.68716 1.2505
6.5301599999999995 1.2505
6.5301599999999995 1.2745
-2.68716 1.2745
3.28

IMD6d1+IMD6d2
4
-2.68716 1.2745
6.5301599999999995 1.2745
6.5301599999999995 1.4015
-2.68716 1.4015
2.65

IMD7a
4
-2.68716 1.4015
6.5301599999999995 1.4015
6.5301599999999995 1.4765
-2.68716 1.4765
5.2

IMD7b1+IMD7b2
4
-2.68716 1.4765
6.5301599999999995 1.4765
6.5301599999999995 2.9765
-2.68716 2.9765
4.2

IMD8a
4
-2.68716 2.9765
6.5301599999999995 2.9765
6.5301599999999995 3.0515
-2.68716 3.0515
5.2

IMD8b1+IMD8b2
4
-2.68716 3.0515
6.5301599999999995 3.0515
6.5301599999999995 4.5515
-2.68716 4.5515
4.2

PASS1
4
-2.68716 4.5515
6.5301599999999995 4.5515
6.5301599999999995 4.6265
-2.68716 4.6265
7.0

PASS2
4
-2.68716 4.6265
6.5301599999999995 4.6265
6.5301599999999995 5.0265
-2.68716 5.0265
4.2

PASS3
4
-2.68716 5.0265
6.5301599999999995 5.0265
6.5301599999999995 5.1015
-2.68716 5.1015
7.0

PASS4+PASS5
4
-2.68716 5.1015
6.5301599999999995 5.1015
6.5301599999999995 6.0515
-2.68716 6.0515
4.2

PASS6
4
-2.68716 6.0515
6.5301599999999995 6.0515
6.5301599999999995 6.6515
-2.68716 6.6515
7.0

air_Layer
4
-2.68716 6.6515
6.5301599999999995 6.6515
6.5301599999999995 6.9485
-2.68716 6.9485
1.0


4
-2.68716 0.001
6.5301599999999995 0.001
6.5301599999999995 6.9485
-2.68716 6.9485

