c1
4
-0.01501000000000001 0.9285000000000001
0.01501000000000001 0.9285000000000001
0.02099000000000001 1.0275
-0.02099000000000001 1.0275

3
botleft
4
-1.1089799999999999 -0.001
0 -0.001
0 0.001
-1.1089799999999999 0.001

botright
4
0 -0.001
7.02198 -0.001
7.02198 0.001
0 0.001

lEnv
4
-0.35701000000000005 0.9285000000000001
-0.32699 0.9285000000000001
-0.32101 1.0275
-0.36299000000000003 1.0275


47
IMD4d1_damage
4
-0.366424 0.9185000000000001
-0.317576 0.9185000000000001
-0.31697200000000003 0.9285000000000001
-0.367028 0.9285000000000001
3.1

IMD4d1_damage
4
-0.024424000000000008 0.9185000000000001
0.024424000000000008 0.9185000000000001
0.02502800000000001 0.9285000000000001
-0.02502800000000001 0.9285000000000001
3.1

IMD4d2_damage
4
-0.36201900000000004 0.9285000000000001
-0.35701000000000005 0.9285000000000001
-0.36299000000000003 1.0275
-0.367999 1.0275
2.9

IMD4d2_damage
4
-0.32699 0.9285000000000001
-0.321981 0.9285000000000001
-0.31600100000000003 1.0275
-0.32101 1.0275
2.9

IMD4d2_damage
4
-0.02001900000000001 0.9285000000000001
-0.01501000000000001 0.9285000000000001
-0.02099000000000001 1.0275
-0.025999000000000008 1.0275
2.9

IMD4d2_damage
4
0.01501000000000001 0.9285000000000001
0.02001900000000001 0.9285000000000001
0.025999000000000008 1.0275
0.02099000000000001 1.0275
2.9

IMD4d2
4
-1.1089799999999999 0.9285000000000001
-0.36201900000000004 0.9285000000000001
-0.367999 1.0275
-1.1089799999999999 1.0275
2.65

IMD4d2
4
-0.321981 0.9285000000000001
-0.02001900000000001 0.9285000000000001
-0.025999000000000008 1.0275
-0.31600100000000003 1.0275
2.65

IMD4d2
4
0.02001900000000001 0.9285000000000001
7.02198 0.9285000000000001
7.02198 1.0275
0.025999000000000008 1.0275
2.65

IMD4d1
4
-1.1089799999999999 0.9185000000000001
-0.366424 0.9185000000000001
-0.367028 0.9285000000000001
-1.1089799999999999 0.9285000000000001
2.65

IMD4d1
4
-0.317576 0.9185000000000001
-0.024424000000000008 0.9185000000000001
-0.02502800000000001 0.9285000000000001
-0.31697200000000003 0.9285000000000001
2.65

IMD4d1
4
0.024424000000000008 0.9185000000000001
7.02198 0.9185000000000001
7.02198 0.9285000000000001
0.02502800000000001 0.9285000000000001
2.65

IMD4d1
4
-1.1089799999999999 0.9005
7.02198 0.9005
7.02198 0.9185000000000001
-1.1089799999999999 0.9185000000000001
2.65

FOXA+FOXB+TOX
4
-1.1089799999999999 0.001
7.02198 0.001
7.02198 0.2665
-1.1089799999999999 0.2665
4.0

ILD1a
4
-1.1089799999999999 0.2665
7.02198 0.2665
7.02198 0.2765
-1.1089799999999999 0.2765
7.0

ILD1b1+ILD1b2+ILD1b3
4
-1.1089799999999999 0.2765
7.02198 0.2765
7.02198 0.3955
-1.1089799999999999 0.3955
4.0

IMD1a
4
-1.1089799999999999 0.3955
7.02198 0.3955
7.02198 0.4065
-1.1089799999999999 0.4065
5.2

IMD1b
4
-1.1089799999999999 0.4065
7.02198 0.4065
7.02198 0.4665
-1.1089799999999999 0.4665
2.8

IMD2a
4
-1.1089799999999999 0.4665
7.02198 0.4665
7.02198 0.4875
-1.1089799999999999 0.4875
5.2

IMD2b
4
-1.1089799999999999 0.4875
7.02198 0.4875
7.02198 0.5025
-1.1089799999999999 0.5025
4.2

IMD2c
4
-1.1089799999999999 0.5025
7.02198 0.5025
7.02198 0.5265
-1.1089799999999999 0.5265
3.28

IMD2d1+IMD2d2
4
-1.1089799999999999 0.5265
7.02198 0.5265
7.02198 0.6535
-1.1089799999999999 0.6535
2.65

IMD3a
4
-1.1089799999999999 0.6535
7.02198 0.6535
7.02198 0.6745
-1.1089799999999999 0.6745
5.2

IMD3b
4
-1.1089799999999999 0.6745
7.02198 0.6745
7.02198 0.6895
-1.1089799999999999 0.6895
4.2

IMD3c
4
-1.1089799999999999 0.6895
7.02198 0.6895
7.02198 0.7135
-1.1089799999999999 0.7135
3.28

IMD3d1+IMD3d2
4
-1.1089799999999999 0.7135
7.02198 0.7135
7.02198 0.8405
-1.1089799999999999 0.8405
2.65

IMD4a
4
-1.1089799999999999 0.8405
7.02198 0.8405
7.02198 0.8615
-1.1089799999999999 0.8615
5.2

IMD4b
4
-1.1089799999999999 0.8615
7.02198 0.8615
7.02198 0.8765
-1.1089799999999999 0.8765
4.2

IMD4c
4
-1.1089799999999999 0.8765
7.02198 0.8765
7.02198 0.9005
-1.1089799999999999 0.9005
3.28

IMD5a
4
-1.1089799999999999 1.0275
7.02198 1.0275
7.02198 1.0485
-1.1089799999999999 1.0485
5.2

IMD5b
4
-1.1089799999999999 1.0485
7.02198 1.0485
7.02198 1.0635
-1.1089799999999999 1.0635
4.2

IMD5c
4
-1.1089799999999999 1.0635
7.02198 1.0635
7.02198 1.0875
-1.1089799999999999 1.0875
3.28

IMD5d1+IMD5d2
4
-1.1089799999999999 1.0875
7.02198 1.0875
7.02198 1.2145
-1.1089799999999999 1.2145
2.65

IMD6a
4
-1.1089799999999999 1.2145
7.02198 1.2145
7.02198 1.2355
-1.1089799999999999 1.2355
5.2

IMD6b
4
-1.1089799999999999 1.2355
7.02198 1.2355
7.02198 1.2505
-1.1089799999999999 1.2505
4.2

IMD6c
4
-1.1089799999999999 1.2505
7.02198 1.2505
7.02198 1.2745
-1.1089799999999999 1.2745
3.28

IMD6d1+IMD6d2
4
-1.1089799999999999 1.2745
7.02198 1.2745
7.02198 1.4015
-1.1089799999999999 1.4015
2.65

IMD7a
4
-1.1089799999999999 1.4015
7.02198 1.4015
7.02198 1.4765
-1.1089799999999999 1.4765
5.2

IMD7b1+IMD7b2
4
-1.1089799999999999 1.4765
7.02198 1.4765
7.02198 2.9765
-1.1089799999999999 2.9765
4.2

IMD8a
4
-1.1089799999999999 2.9765
7.02198 2.9765
7.02198 3.0515
-1.1089799999999999 3.0515
5.2

IMD8b1+IMD8b2
4
-1.1089799999999999 3.0515
7.02198 3.0515
7.02198 4.5515
-1.1089799999999999 4.5515
4.2

PASS1
4
-1.1089799999999999 4.5515
7.02198 4.5515
7.02198 4.6265
-1.1089799999999999 4.6265
7.0

PASS2
4
-1.1089799999999999 4.6265
7.02198 4.6265
7.02198 5.0265
-1.1089799999999999 5.0265
4.2

PASS3
4
-1.1089799999999999 5.0265
7.02198 5.0265
7.02198 5.1015
-1.1089799999999999 5.1015
7.0

PASS4+PASS5
4
-1.1089799999999999 5.1015
7.02198 5.1015
7.02198 6.0515
-1.1089799999999999 6.0515
4.2

PASS6
4
-1.1089799999999999 6.0515
7.02198 6.0515
7.02198 6.6515
-1.1089799999999999 6.6515
7.0

air_Layer
4
-1.1089799999999999 6.6515
7.02198 6.6515
7.02198 6.9485
-1.1089799999999999 6.9485
1.0


4
-1.1089799999999999 0.001
7.02198 0.001
7.02198 6.9485
-1.1089799999999999 6.9485

