c1
4
-0.46342 0.37050000000000005
0.46342 0.37050000000000005
0.47258 0.4665
-0.47258 0.4665

3
botleft
4
-3.9021599999999994 -0.001
0 -0.001
0 0.001
-3.9021599999999994 0.001

botright
4
0 -0.001
6.39516 -0.001
6.39516 0.001
0 0.001

lEnv
4
-1.5254199999999998 0.37050000000000005
-0.5985799999999999 0.37050000000000005
-0.5894199999999999 0.4665
-1.5345799999999998 0.4665


42
IMD1b
4
-3.9021599999999994 0.40650000000000003
-1.5288549999999999 0.40650000000000003
-1.5345799999999998 0.4665
-3.9021599999999994 0.4665
2.8

IMD1b
4
-0.5951449999999999 0.40650000000000003
-0.466855 0.40650000000000003
-0.47258 0.4665
-0.5894199999999999 0.4665
2.8

IMD1b
4
0.466855 0.40650000000000003
6.39516 0.40650000000000003
6.39516 0.4665
0.47258 0.4665
2.8

IMD1a
4
-3.9021599999999994 0.3955
-1.5278054166666666 0.3955
-1.5288549999999999 0.40650000000000003
-3.9021599999999994 0.40650000000000003
5.2

IMD1a
4
-0.5961945833333333 0.3955
-0.4658054166666667 0.3955
-0.466855 0.40650000000000003
-0.5951449999999999 0.40650000000000003
5.2

IMD1a
4
0.4658054166666667 0.3955
6.39516 0.3955
6.39516 0.40650000000000003
0.466855 0.40650000000000003
5.2

ILD1b3
4
-3.9021599999999994 0.37050000000000005
-1.5254199999999998 0.37050000000000005
-1.5278054166666666 0.3955
-3.9021599999999994 0.3955
4

ILD1b3
4
-0.5985799999999999 0.37050000000000005
-0.46342 0.37050000000000005
-0.4658054166666667 0.3955
-0.5961945833333333 0.3955
4

ILD1b3
4
0.46342 0.37050000000000005
6.39516 0.37050000000000005
6.39516 0.3955
0.4658054166666667 0.3955
4

ILD1b1+ILD1b2
4
-3.9021599999999994 0.2765
6.39516 0.2765
6.39516 0.37050000000000005
-3.9021599999999994 0.37050000000000005
4

FOXA+FOXB+TOX
4
-3.9021599999999994 0.001
6.39516 0.001
6.39516 0.2665
-3.9021599999999994 0.2665
4.0

ILD1a
4
-3.9021599999999994 0.2665
6.39516 0.2665
6.39516 0.2765
-3.9021599999999994 0.2765
7.0

IMD2a
4
-3.9021599999999994 0.4665
6.39516 0.4665
6.39516 0.4875
-3.9021599999999994 0.4875
5.2

IMD2b
4
-3.9021599999999994 0.4875
6.39516 0.4875
6.39516 0.5025
-3.9021599999999994 0.5025
4.2

IMD2c
4
-3.9021599999999994 0.5025
6.39516 0.5025
6.39516 0.5265
-3.9021599999999994 0.5265
3.28

IMD2d1+IMD2d2
4
-3.9021599999999994 0.5265
6.39516 0.5265
6.39516 0.6535
-3.9021599999999994 0.6535
2.65

IMD3a
4
-3.9021599999999994 0.6535
6.39516 0.6535
6.39516 0.6745
-3.9021599999999994 0.6745
5.2

IMD3b
4
-3.9021599999999994 0.6745
6.39516 0.6745
6.39516 0.6895
-3.9021599999999994 0.6895
4.2

IMD3c
4
-3.9021599999999994 0.6895
6.39516 0.6895
6.39516 0.7135
-3.9021599999999994 0.7135
3.28

IMD3d1+IMD3d2
4
-3.9021599999999994 0.7135
6.39516 0.7135
6.39516 0.8405
-3.9021599999999994 0.8405
2.65

IMD4a
4
-3.9021599999999994 0.8405
6.39516 0.8405
6.39516 0.8615
-3.9021599999999994 0.8615
5.2

IMD4b
4
-3.9021599999999994 0.8615
6.39516 0.8615
6.39516 0.8765
-3.9021599999999994 0.8765
4.2

IMD4c
4
-3.9021599999999994 0.8765
6.39516 0.8765
6.39516 0.9005
-3.9021599999999994 0.9005
3.28

IMD4d1+IMD4d2
4
-3.9021599999999994 0.9005
6.39516 0.9005
6.39516 1.0275
-3.9021599999999994 1.0275
2.65

IMD5a
4
-3.9021599999999994 1.0275
6.39516 1.0275
6.39516 1.0485
-3.9021599999999994 1.0485
5.2

IMD5b
4
-3.9021599999999994 1.0485
6.39516 1.0485
6.39516 1.0635
-3.9021599999999994 1.0635
4.2

IMD5c
4
-3.9021599999999994 1.0635
6.39516 1.0635
6.39516 1.0875
-3.9021599999999994 1.0875
3.28

IMD5d1+IMD5d2
4
-3.9021599999999994 1.0875
6.39516 1.0875
6.39516 1.2145
-3.9021599999999994 1.2145
2.65

IMD6a
4
-3.9021599999999994 1.2145
6.39516 1.2145
6.39516 1.2355
-3.9021599999999994 1.2355
5.2

IMD6b
4
-3.9021599999999994 1.2355
6.39516 1.2355
6.39516 1.2505
-3.9021599999999994 1.2505
4.2

IMD6c
4
-3.9021599999999994 1.2505
6.39516 1.2505
6.39516 1.2745
-3.9021599999999994 1.2745
3.28

IMD6d1+IMD6d2
4
-3.9021599999999994 1.2745
6.39516 1.2745
6.39516 1.4015
-3.9021599999999994 1.4015
2.65

IMD7a
4
-3.9021599999999994 1.4015
6.39516 1.4015
6.39516 1.4765
-3.9021599999999994 1.4765
5.2

IMD7b1+IMD7b2
4
-3.9021599999999994 1.4765
6.39516 1.4765
6.39516 2.9765
-3.9021599999999994 2.9765
4.2

IMD8a
4
-3.9021599999999994 2.9765
6.39516 2.9765
6.39516 3.0515
-3.9021599999999994 3.0515
5.2

IMD8b1+IMD8b2
4
-3.9021599999999994 3.0515
6.39516 3.0515
6.39516 4.5515
-3.9021599999999994 4.5515
4.2

PASS1
4
-3.9021599999999994 4.5515
6.39516 4.5515
6.39516 4.6265
-3.9021599999999994 4.6265
7.0

PASS2
4
-3.9021599999999994 4.6265
6.39516 4.6265
6.39516 5.0265
-3.9021599999999994 5.0265
4.2

PASS3
4
-3.9021599999999994 5.0265
6.39516 5.0265
6.39516 5.1015
-3.9021599999999994 5.1015
7.0

PASS4+PASS5
4
-3.9021599999999994 5.1015
6.39516 5.1015
6.39516 6.0515
-3.9021599999999994 6.0515
4.2

PASS6
4
-3.9021599999999994 6.0515
6.39516 6.0515
6.39516 6.6515
-3.9021599999999994 6.6515
7.0

air_Layer
4
-3.9021599999999994 6.6515
6.39516 6.6515
6.39516 6.9485
-3.9021599999999994 6.9485
1.0


4
-3.9021599999999994 0.001
6.39516 0.001
6.39516 6.9485
-3.9021599999999994 6.9485

