c1
4
-0.19341999999999998 0.37050000000000005
0.19341999999999998 0.37050000000000005
0.20257999999999998 0.4665
-0.20257999999999998 0.4665

3
botleft
4
-2.37216 -0.001
0 -0.001
0 0.001
-2.37216 0.001

botright
4
0 -0.001
6.845159999999999 -0.001
6.845159999999999 0.001
0 0.001

lEnv
4
-0.89542 0.37050000000000005
-0.5085799999999999 0.37050000000000005
-0.4994199999999999 0.4665
-0.9045799999999999 0.4665


42
IMD1b
4
-2.37216 0.40650000000000003
-0.898855 0.40650000000000003
-0.9045799999999999 0.4665
-2.37216 0.4665
2.8

IMD1b
4
-0.505145 0.40650000000000003
-0.19685499999999997 0.40650000000000003
-0.20257999999999998 0.4665
-0.4994199999999999 0.4665
2.8

IMD1b
4
0.19685499999999997 0.40650000000000003
6.845159999999999 0.40650000000000003
6.845159999999999 0.4665
0.20257999999999998 0.4665
2.8

IMD1a
4
-2.37216 0.3955
-0.8978054166666666 0.3955
-0.898855 0.40650000000000003
-2.37216 0.40650000000000003
5.2

IMD1a
4
-0.5061945833333333 0.3955
-0.19580541666666665 0.3955
-0.19685499999999997 0.40650000000000003
-0.505145 0.40650000000000003
5.2

IMD1a
4
0.19580541666666665 0.3955
6.845159999999999 0.3955
6.845159999999999 0.40650000000000003
0.19685499999999997 0.40650000000000003
5.2

ILD1b3
4
-2.37216 0.37050000000000005
-0.89542 0.37050000000000005
-0.8978054166666666 0.3955
-2.37216 0.3955
4

ILD1b3
4
-0.5085799999999999 0.37050000000000005
-0.19341999999999998 0.37050000000000005
-0.19580541666666665 0.3955
-0.5061945833333333 0.3955
4

ILD1b3
4
0.19341999999999998 0.37050000000000005
6.845159999999999 0.37050000000000005
6.845159999999999 0.3955
0.19580541666666665 0.3955
4

ILD1b1+ILD1b2
4
-2.37216 0.2765
6.845159999999999 0.2765
6.845159999999999 0.37050000000000005
-2.37216 0.37050000000000005
4

FOXA+FOXB+TOX
4
-2.37216 0.001
6.845159999999999 0.001
6.845159999999999 0.2665
-2.37216 0.2665
4.0

ILD1a
4
-2.37216 0.2665
6.845159999999999 0.2665
6.845159999999999 0.2765
-2.37216 0.2765
7.0

IMD2a
4
-2.37216 0.4665
6.845159999999999 0.4665
6.845159999999999 0.4875
-2.37216 0.4875
5.2

IMD2b
4
-2.37216 0.4875
6.845159999999999 0.4875
6.845159999999999 0.5025
-2.37216 0.5025
4.2

IMD2c
4
-2.37216 0.5025
6.845159999999999 0.5025
6.845159999999999 0.5265
-2.37216 0.5265
3.28

IMD2d1+IMD2d2
4
-2.37216 0.5265
6.845159999999999 0.5265
6.845159999999999 0.6535
-2.37216 0.6535
2.65

IMD3a
4
-2.37216 0.6535
6.845159999999999 0.6535
6.845159999999999 0.6745
-2.37216 0.6745
5.2

IMD3b
4
-2.37216 0.6745
6.845159999999999 0.6745
6.845159999999999 0.6895
-2.37216 0.6895
4.2

IMD3c
4
-2.37216 0.6895
6.845159999999999 0.6895
6.845159999999999 0.7135
-2.37216 0.7135
3.28

IMD3d1+IMD3d2
4
-2.37216 0.7135
6.845159999999999 0.7135
6.845159999999999 0.8405
-2.37216 0.8405
2.65

IMD4a
4
-2.37216 0.8405
6.845159999999999 0.8405
6.845159999999999 0.8615
-2.37216 0.8615
5.2

IMD4b
4
-2.37216 0.8615
6.845159999999999 0.8615
6.845159999999999 0.8765
-2.37216 0.8765
4.2

IMD4c
4
-2.37216 0.8765
6.845159999999999 0.8765
6.845159999999999 0.9005
-2.37216 0.9005
3.28

IMD4d1+IMD4d2
4
-2.37216 0.9005
6.845159999999999 0.9005
6.845159999999999 1.0275
-2.37216 1.0275
2.65

IMD5a
4
-2.37216 1.0275
6.845159999999999 1.0275
6.845159999999999 1.0485
-2.37216 1.0485
5.2

IMD5b
4
-2.37216 1.0485
6.845159999999999 1.0485
6.845159999999999 1.0635
-2.37216 1.0635
4.2

IMD5c
4
-2.37216 1.0635
6.845159999999999 1.0635
6.845159999999999 1.0875
-2.37216 1.0875
3.28

IMD5d1+IMD5d2
4
-2.37216 1.0875
6.845159999999999 1.0875
6.845159999999999 1.2145
-2.37216 1.2145
2.65

IMD6a
4
-2.37216 1.2145
6.845159999999999 1.2145
6.845159999999999 1.2355
-2.37216 1.2355
5.2

IMD6b
4
-2.37216 1.2355
6.845159999999999 1.2355
6.845159999999999 1.2505
-2.37216 1.2505
4.2

IMD6c
4
-2.37216 1.2505
6.845159999999999 1.2505
6.845159999999999 1.2745
-2.37216 1.2745
3.28

IMD6d1+IMD6d2
4
-2.37216 1.2745
6.845159999999999 1.2745
6.845159999999999 1.4015
-2.37216 1.4015
2.65

IMD7a
4
-2.37216 1.4015
6.845159999999999 1.4015
6.845159999999999 1.4765
-2.37216 1.4765
5.2

IMD7b1+IMD7b2
4
-2.37216 1.4765
6.845159999999999 1.4765
6.845159999999999 2.9765
-2.37216 2.9765
4.2

IMD8a
4
-2.37216 2.9765
6.845159999999999 2.9765
6.845159999999999 3.0515
-2.37216 3.0515
5.2

IMD8b1+IMD8b2
4
-2.37216 3.0515
6.845159999999999 3.0515
6.845159999999999 4.5515
-2.37216 4.5515
4.2

PASS1
4
-2.37216 4.5515
6.845159999999999 4.5515
6.845159999999999 4.6265
-2.37216 4.6265
7.0

PASS2
4
-2.37216 4.6265
6.845159999999999 4.6265
6.845159999999999 5.0265
-2.37216 5.0265
4.2

PASS3
4
-2.37216 5.0265
6.845159999999999 5.0265
6.845159999999999 5.1015
-2.37216 5.1015
7.0

PASS4+PASS5
4
-2.37216 5.1015
6.845159999999999 5.1015
6.845159999999999 6.0515
-2.37216 6.0515
4.2

PASS6
4
-2.37216 6.0515
6.845159999999999 6.0515
6.845159999999999 6.6515
-2.37216 6.6515
7.0

air_Layer
4
-2.37216 6.6515
6.845159999999999 6.6515
6.845159999999999 6.9485
-2.37216 6.9485
1.0


4
-2.37216 0.001
6.845159999999999 0.001
6.845159999999999 6.9485
-2.37216 6.9485

