c1
4
-0.24001000000000003 1.3025
0.24000999999999992 1.3025
0.24598999999999993 1.4015
-0.24599000000000004 1.4015

3
botleft
4
-2.86398 -0.001
0 -0.001
0 0.001
-2.86398 0.001

botright
4
0 -0.001
6.076980000000001 -0.001
6.076980000000001 0.001
0 0.001

lEnv
4
-1.12201 1.3025
-0.6419900000000001 1.3025
-0.6360100000000001 1.4015
-1.12799 1.4015


47
IMD6d1_damage
4
-1.131424 1.2925
-0.6325760000000001 1.2925
-0.6319720000000001 1.3025
-1.132028 1.3025
3.1

IMD6d1_damage
4
-0.24942400000000003 1.2925
0.24942399999999992 1.2925
0.2500279999999999 1.3025
-0.25002800000000003 1.3025
3.1

IMD6d2_damage
4
-1.127019 1.3025
-1.12201 1.3025
-1.12799 1.4015
-1.132999 1.4015
2.9

IMD6d2_damage
4
-0.6419900000000001 1.3025
-0.636981 1.3025
-0.631001 1.4015
-0.6360100000000001 1.4015
2.9

IMD6d2_damage
4
-0.24501900000000004 1.3025
-0.24001000000000003 1.3025
-0.24599000000000004 1.4015
-0.250999 1.4015
2.9

IMD6d2_damage
4
0.24000999999999992 1.3025
0.24501899999999993 1.3025
0.2509989999999999 1.4015
0.24598999999999993 1.4015
2.9

IMD6d2
4
-2.86398 1.3025
-1.127019 1.3025
-1.132999 1.4015
-2.86398 1.4015
2.65

IMD6d2
4
-0.636981 1.3025
-0.24501900000000004 1.3025
-0.250999 1.4015
-0.631001 1.4015
2.65

IMD6d2
4
0.24501899999999993 1.3025
6.076980000000001 1.3025
6.076980000000001 1.4015
0.2509989999999999 1.4015
2.65

IMD6d1
4
-2.86398 1.2925
-1.131424 1.2925
-1.132028 1.3025
-2.86398 1.3025
2.65

IMD6d1
4
-0.6325760000000001 1.2925
-0.24942400000000003 1.2925
-0.25002800000000003 1.3025
-0.6319720000000001 1.3025
2.65

IMD6d1
4
0.24942399999999992 1.2925
6.076980000000001 1.2925
6.076980000000001 1.3025
0.2500279999999999 1.3025
2.65

IMD6d1
4
-2.86398 1.2745
6.076980000000001 1.2745
6.076980000000001 1.2925
-2.86398 1.2925
2.65

FOXA+FOXB+TOX
4
-2.86398 0.001
6.076980000000001 0.001
6.076980000000001 0.2665
-2.86398 0.2665
4.0

ILD1a
4
-2.86398 0.2665
6.076980000000001 0.2665
6.076980000000001 0.2765
-2.86398 0.2765
7.0

ILD1b1+ILD1b2+ILD1b3
4
-2.86398 0.2765
6.076980000000001 0.2765
6.076980000000001 0.3955
-2.86398 0.3955
4.0

IMD1a
4
-2.86398 0.3955
6.076980000000001 0.3955
6.076980000000001 0.4065
-2.86398 0.4065
5.2

IMD1b
4
-2.86398 0.4065
6.076980000000001 0.4065
6.076980000000001 0.4665
-2.86398 0.4665
2.8

IMD2a
4
-2.86398 0.4665
6.076980000000001 0.4665
6.076980000000001 0.4875
-2.86398 0.4875
5.2

IMD2b
4
-2.86398 0.4875
6.076980000000001 0.4875
6.076980000000001 0.5025
-2.86398 0.5025
4.2

IMD2c
4
-2.86398 0.5025
6.076980000000001 0.5025
6.076980000000001 0.5265
-2.86398 0.5265
3.28

IMD2d1+IMD2d2
4
-2.86398 0.5265
6.076980000000001 0.5265
6.076980000000001 0.6535
-2.86398 0.6535
2.65

IMD3a
4
-2.86398 0.6535
6.076980000000001 0.6535
6.076980000000001 0.6745
-2.86398 0.6745
5.2

IMD3b
4
-2.86398 0.6745
6.076980000000001 0.6745
6.076980000000001 0.6895
-2.86398 0.6895
4.2

IMD3c
4
-2.86398 0.6895
6.076980000000001 0.6895
6.076980000000001 0.7135
-2.86398 0.7135
3.28

IMD3d1+IMD3d2
4
-2.86398 0.7135
6.076980000000001 0.7135
6.076980000000001 0.8405
-2.86398 0.8405
2.65

IMD4a
4
-2.86398 0.8405
6.076980000000001 0.8405
6.076980000000001 0.8615
-2.86398 0.8615
5.2

IMD4b
4
-2.86398 0.8615
6.076980000000001 0.8615
6.076980000000001 0.8765
-2.86398 0.8765
4.2

IMD4c
4
-2.86398 0.8765
6.076980000000001 0.8765
6.076980000000001 0.9005
-2.86398 0.9005
3.28

IMD4d1+IMD4d2
4
-2.86398 0.9005
6.076980000000001 0.9005
6.076980000000001 1.0275
-2.86398 1.0275
2.65

IMD5a
4
-2.86398 1.0275
6.076980000000001 1.0275
6.076980000000001 1.0485
-2.86398 1.0485
5.2

IMD5b
4
-2.86398 1.0485
6.076980000000001 1.0485
6.076980000000001 1.0635
-2.86398 1.0635
4.2

IMD5c
4
-2.86398 1.0635
6.076980000000001 1.0635
6.076980000000001 1.0875
-2.86398 1.0875
3.28

IMD5d1+IMD5d2
4
-2.86398 1.0875
6.076980000000001 1.0875
6.076980000000001 1.2145
-2.86398 1.2145
2.65

IMD6a
4
-2.86398 1.2145
6.076980000000001 1.2145
6.076980000000001 1.2355
-2.86398 1.2355
5.2

IMD6b
4
-2.86398 1.2355
6.076980000000001 1.2355
6.076980000000001 1.2505
-2.86398 1.2505
4.2

IMD6c
4
-2.86398 1.2505
6.076980000000001 1.2505
6.076980000000001 1.2745
-2.86398 1.2745
3.28

IMD7a
4
-2.86398 1.4015
6.076980000000001 1.4015
6.076980000000001 1.4765
-2.86398 1.4765
5.2

IMD7b1+IMD7b2
4
-2.86398 1.4765
6.076980000000001 1.4765
6.076980000000001 2.9765
-2.86398 2.9765
4.2

IMD8a
4
-2.86398 2.9765
6.076980000000001 2.9765
6.076980000000001 3.0515
-2.86398 3.0515
5.2

IMD8b1+IMD8b2
4
-2.86398 3.0515
6.076980000000001 3.0515
6.076980000000001 4.5515
-2.86398 4.5515
4.2

PASS1
4
-2.86398 4.5515
6.076980000000001 4.5515
6.076980000000001 4.6265
-2.86398 4.6265
7.0

PASS2
4
-2.86398 4.6265
6.076980000000001 4.6265
6.076980000000001 5.0265
-2.86398 5.0265
4.2

PASS3
4
-2.86398 5.0265
6.076980000000001 5.0265
6.076980000000001 5.1015
-2.86398 5.1015
7.0

PASS4+PASS5
4
-2.86398 5.1015
6.076980000000001 5.1015
6.076980000000001 6.0515
-2.86398 6.0515
4.2

PASS6
4
-2.86398 6.0515
6.076980000000001 6.0515
6.076980000000001 6.6515
-2.86398 6.6515
7.0

air_Layer
4
-2.86398 6.6515
6.076980000000001 6.6515
6.076980000000001 6.9485
-2.86398 6.9485
1.0


4
-2.86398 0.001
6.076980000000001 0.001
6.076980000000001 6.9485
-2.86398 6.9485

