c1
4
-0.46501000000000003 1.3025
0.46501000000000003 1.3025
0.47099 1.4015
-0.47099 1.4015

3
botleft
4
-3.89898 -0.001
0 -0.001
0 0.001
-3.89898 0.001

botright
4
0 -0.001
7.111979999999999 -0.001
7.111979999999999 0.001
0 0.001

lEnv
4
-1.5270099999999998 1.3025
-0.5969899999999999 1.3025
-0.5910099999999999 1.4015
-1.5329899999999999 1.4015


47
IMD6d1_damage
4
-1.5364239999999998 1.2925
-0.587576 1.2925
-0.5869719999999999 1.3025
-1.5370279999999998 1.3025
3.1

IMD6d1_damage
4
-0.474424 1.2925
0.474424 1.2925
0.475028 1.3025
-0.475028 1.3025
3.1

IMD6d2_damage
4
-1.5320189999999998 1.3025
-1.5270099999999998 1.3025
-1.5329899999999999 1.4015
-1.537999 1.4015
2.9

IMD6d2_damage
4
-0.5969899999999999 1.3025
-0.5919809999999999 1.3025
-0.5860009999999999 1.4015
-0.5910099999999999 1.4015
2.9

IMD6d2_damage
4
-0.470019 1.3025
-0.46501000000000003 1.3025
-0.47099 1.4015
-0.475999 1.4015
2.9

IMD6d2_damage
4
0.46501000000000003 1.3025
0.470019 1.3025
0.475999 1.4015
0.47099 1.4015
2.9

IMD6d2
4
-3.89898 1.3025
-1.5320189999999998 1.3025
-1.537999 1.4015
-3.89898 1.4015
2.65

IMD6d2
4
-0.5919809999999999 1.3025
-0.470019 1.3025
-0.475999 1.4015
-0.5860009999999999 1.4015
2.65

IMD6d2
4
0.470019 1.3025
7.111979999999999 1.3025
7.111979999999999 1.4015
0.475999 1.4015
2.65

IMD6d1
4
-3.89898 1.2925
-1.5364239999999998 1.2925
-1.5370279999999998 1.3025
-3.89898 1.3025
2.65

IMD6d1
4
-0.587576 1.2925
-0.474424 1.2925
-0.475028 1.3025
-0.5869719999999999 1.3025
2.65

IMD6d1
4
0.474424 1.2925
7.111979999999999 1.2925
7.111979999999999 1.3025
0.475028 1.3025
2.65

IMD6d1
4
-3.89898 1.2745
7.111979999999999 1.2745
7.111979999999999 1.2925
-3.89898 1.2925
2.65

FOXA+FOXB+TOX
4
-3.89898 0.001
7.111979999999999 0.001
7.111979999999999 0.2665
-3.89898 0.2665
4.0

ILD1a
4
-3.89898 0.2665
7.111979999999999 0.2665
7.111979999999999 0.2765
-3.89898 0.2765
7.0

ILD1b1+ILD1b2+ILD1b3
4
-3.89898 0.2765
7.111979999999999 0.2765
7.111979999999999 0.3955
-3.89898 0.3955
4.0

IMD1a
4
-3.89898 0.3955
7.111979999999999 0.3955
7.111979999999999 0.4065
-3.89898 0.4065
5.2

IMD1b
4
-3.89898 0.4065
7.111979999999999 0.4065
7.111979999999999 0.4665
-3.89898 0.4665
2.8

IMD2a
4
-3.89898 0.4665
7.111979999999999 0.4665
7.111979999999999 0.4875
-3.89898 0.4875
5.2

IMD2b
4
-3.89898 0.4875
7.111979999999999 0.4875
7.111979999999999 0.5025
-3.89898 0.5025
4.2

IMD2c
4
-3.89898 0.5025
7.111979999999999 0.5025
7.111979999999999 0.5265
-3.89898 0.5265
3.28

IMD2d1+IMD2d2
4
-3.89898 0.5265
7.111979999999999 0.5265
7.111979999999999 0.6535
-3.89898 0.6535
2.65

IMD3a
4
-3.89898 0.6535
7.111979999999999 0.6535
7.111979999999999 0.6745
-3.89898 0.6745
5.2

IMD3b
4
-3.89898 0.6745
7.111979999999999 0.6745
7.111979999999999 0.6895
-3.89898 0.6895
4.2

IMD3c
4
-3.89898 0.6895
7.111979999999999 0.6895
7.111979999999999 0.7135
-3.89898 0.7135
3.28

IMD3d1+IMD3d2
4
-3.89898 0.7135
7.111979999999999 0.7135
7.111979999999999 0.8405
-3.89898 0.8405
2.65

IMD4a
4
-3.89898 0.8405
7.111979999999999 0.8405
7.111979999999999 0.8615
-3.89898 0.8615
5.2

IMD4b
4
-3.89898 0.8615
7.111979999999999 0.8615
7.111979999999999 0.8765
-3.89898 0.8765
4.2

IMD4c
4
-3.89898 0.8765
7.111979999999999 0.8765
7.111979999999999 0.9005
-3.89898 0.9005
3.28

IMD4d1+IMD4d2
4
-3.89898 0.9005
7.111979999999999 0.9005
7.111979999999999 1.0275
-3.89898 1.0275
2.65

IMD5a
4
-3.89898 1.0275
7.111979999999999 1.0275
7.111979999999999 1.0485
-3.89898 1.0485
5.2

IMD5b
4
-3.89898 1.0485
7.111979999999999 1.0485
7.111979999999999 1.0635
-3.89898 1.0635
4.2

IMD5c
4
-3.89898 1.0635
7.111979999999999 1.0635
7.111979999999999 1.0875
-3.89898 1.0875
3.28

IMD5d1+IMD5d2
4
-3.89898 1.0875
7.111979999999999 1.0875
7.111979999999999 1.2145
-3.89898 1.2145
2.65

IMD6a
4
-3.89898 1.2145
7.111979999999999 1.2145
7.111979999999999 1.2355
-3.89898 1.2355
5.2

IMD6b
4
-3.89898 1.2355
7.111979999999999 1.2355
7.111979999999999 1.2505
-3.89898 1.2505
4.2

IMD6c
4
-3.89898 1.2505
7.111979999999999 1.2505
7.111979999999999 1.2745
-3.89898 1.2745
3.28

IMD7a
4
-3.89898 1.4015
7.111979999999999 1.4015
7.111979999999999 1.4765
-3.89898 1.4765
5.2

IMD7b1+IMD7b2
4
-3.89898 1.4765
7.111979999999999 1.4765
7.111979999999999 2.9765
-3.89898 2.9765
4.2

IMD8a
4
-3.89898 2.9765
7.111979999999999 2.9765
7.111979999999999 3.0515
-3.89898 3.0515
5.2

IMD8b1+IMD8b2
4
-3.89898 3.0515
7.111979999999999 3.0515
7.111979999999999 4.5515
-3.89898 4.5515
4.2

PASS1
4
-3.89898 4.5515
7.111979999999999 4.5515
7.111979999999999 4.6265
-3.89898 4.6265
7.0

PASS2
4
-3.89898 4.6265
7.111979999999999 4.6265
7.111979999999999 5.0265
-3.89898 5.0265
4.2

PASS3
4
-3.89898 5.0265
7.111979999999999 5.0265
7.111979999999999 5.1015
-3.89898 5.1015
7.0

PASS4+PASS5
4
-3.89898 5.1015
7.111979999999999 5.1015
7.111979999999999 6.0515
-3.89898 6.0515
4.2

PASS6
4
-3.89898 6.0515
7.111979999999999 6.0515
7.111979999999999 6.6515
-3.89898 6.6515
7.0

air_Layer
4
-3.89898 6.6515
7.111979999999999 6.6515
7.111979999999999 6.9485
-3.89898 6.9485
1.0


4
-3.89898 0.001
7.111979999999999 0.001
7.111979999999999 6.9485
-3.89898 6.9485

