c1
4
-0.32842 0.37050000000000005
0.32842 0.37050000000000005
0.33758 0.4665
-0.33758 0.4665

3
botleft
4
-3.49716 -0.001
0 -0.001
0 0.001
-3.49716 0.001

botright
4
0 -0.001
6.350160000000001 -0.001
6.350160000000001 0.001
0 0.001

lEnv
4
-1.39042 0.37050000000000005
-0.73358 0.37050000000000005
-0.7244200000000001 0.4665
-1.39958 0.4665


42
IMD1b
4
-3.49716 0.40650000000000003
-1.393855 0.40650000000000003
-1.39958 0.4665
-3.49716 0.4665
2.8

IMD1b
4
-0.730145 0.40650000000000003
-0.331855 0.40650000000000003
-0.33758 0.4665
-0.7244200000000001 0.4665
2.8

IMD1b
4
0.331855 0.40650000000000003
6.350160000000001 0.40650000000000003
6.350160000000001 0.4665
0.33758 0.4665
2.8

IMD1a
4
-3.49716 0.3955
-1.3928054166666668 0.3955
-1.393855 0.40650000000000003
-3.49716 0.40650000000000003
5.2

IMD1a
4
-0.7311945833333334 0.3955
-0.3308054166666667 0.3955
-0.331855 0.40650000000000003
-0.730145 0.40650000000000003
5.2

IMD1a
4
0.3308054166666667 0.3955
6.350160000000001 0.3955
6.350160000000001 0.40650000000000003
0.331855 0.40650000000000003
5.2

ILD1b3
4
-3.49716 0.37050000000000005
-1.39042 0.37050000000000005
-1.3928054166666668 0.3955
-3.49716 0.3955
4

ILD1b3
4
-0.73358 0.37050000000000005
-0.32842 0.37050000000000005
-0.3308054166666667 0.3955
-0.7311945833333334 0.3955
4

ILD1b3
4
0.32842 0.37050000000000005
6.350160000000001 0.37050000000000005
6.350160000000001 0.3955
0.3308054166666667 0.3955
4

ILD1b1+ILD1b2
4
-3.49716 0.2765
6.350160000000001 0.2765
6.350160000000001 0.37050000000000005
-3.49716 0.37050000000000005
4

FOXA+FOXB+TOX
4
-3.49716 0.001
6.350160000000001 0.001
6.350160000000001 0.2665
-3.49716 0.2665
4.0

ILD1a
4
-3.49716 0.2665
6.350160000000001 0.2665
6.350160000000001 0.2765
-3.49716 0.2765
7.0

IMD2a
4
-3.49716 0.4665
6.350160000000001 0.4665
6.350160000000001 0.4875
-3.49716 0.4875
5.2

IMD2b
4
-3.49716 0.4875
6.350160000000001 0.4875
6.350160000000001 0.5025
-3.49716 0.5025
4.2

IMD2c
4
-3.49716 0.5025
6.350160000000001 0.5025
6.350160000000001 0.5265
-3.49716 0.5265
3.28

IMD2d1+IMD2d2
4
-3.49716 0.5265
6.350160000000001 0.5265
6.350160000000001 0.6535
-3.49716 0.6535
2.65

IMD3a
4
-3.49716 0.6535
6.350160000000001 0.6535
6.350160000000001 0.6745
-3.49716 0.6745
5.2

IMD3b
4
-3.49716 0.6745
6.350160000000001 0.6745
6.350160000000001 0.6895
-3.49716 0.6895
4.2

IMD3c
4
-3.49716 0.6895
6.350160000000001 0.6895
6.350160000000001 0.7135
-3.49716 0.7135
3.28

IMD3d1+IMD3d2
4
-3.49716 0.7135
6.350160000000001 0.7135
6.350160000000001 0.8405
-3.49716 0.8405
2.65

IMD4a
4
-3.49716 0.8405
6.350160000000001 0.8405
6.350160000000001 0.8615
-3.49716 0.8615
5.2

IMD4b
4
-3.49716 0.8615
6.350160000000001 0.8615
6.350160000000001 0.8765
-3.49716 0.8765
4.2

IMD4c
4
-3.49716 0.8765
6.350160000000001 0.8765
6.350160000000001 0.9005
-3.49716 0.9005
3.28

IMD4d1+IMD4d2
4
-3.49716 0.9005
6.350160000000001 0.9005
6.350160000000001 1.0275
-3.49716 1.0275
2.65

IMD5a
4
-3.49716 1.0275
6.350160000000001 1.0275
6.350160000000001 1.0485
-3.49716 1.0485
5.2

IMD5b
4
-3.49716 1.0485
6.350160000000001 1.0485
6.350160000000001 1.0635
-3.49716 1.0635
4.2

IMD5c
4
-3.49716 1.0635
6.350160000000001 1.0635
6.350160000000001 1.0875
-3.49716 1.0875
3.28

IMD5d1+IMD5d2
4
-3.49716 1.0875
6.350160000000001 1.0875
6.350160000000001 1.2145
-3.49716 1.2145
2.65

IMD6a
4
-3.49716 1.2145
6.350160000000001 1.2145
6.350160000000001 1.2355
-3.49716 1.2355
5.2

IMD6b
4
-3.49716 1.2355
6.350160000000001 1.2355
6.350160000000001 1.2505
-3.49716 1.2505
4.2

IMD6c
4
-3.49716 1.2505
6.350160000000001 1.2505
6.350160000000001 1.2745
-3.49716 1.2745
3.28

IMD6d1+IMD6d2
4
-3.49716 1.2745
6.350160000000001 1.2745
6.350160000000001 1.4015
-3.49716 1.4015
2.65

IMD7a
4
-3.49716 1.4015
6.350160000000001 1.4015
6.350160000000001 1.4765
-3.49716 1.4765
5.2

IMD7b1+IMD7b2
4
-3.49716 1.4765
6.350160000000001 1.4765
6.350160000000001 2.9765
-3.49716 2.9765
4.2

IMD8a
4
-3.49716 2.9765
6.350160000000001 2.9765
6.350160000000001 3.0515
-3.49716 3.0515
5.2

IMD8b1+IMD8b2
4
-3.49716 3.0515
6.350160000000001 3.0515
6.350160000000001 4.5515
-3.49716 4.5515
4.2

PASS1
4
-3.49716 4.5515
6.350160000000001 4.5515
6.350160000000001 4.6265
-3.49716 4.6265
7.0

PASS2
4
-3.49716 4.6265
6.350160000000001 4.6265
6.350160000000001 5.0265
-3.49716 5.0265
4.2

PASS3
4
-3.49716 5.0265
6.350160000000001 5.0265
6.350160000000001 5.1015
-3.49716 5.1015
7.0

PASS4+PASS5
4
-3.49716 5.1015
6.350160000000001 5.1015
6.350160000000001 6.0515
-3.49716 6.0515
4.2

PASS6
4
-3.49716 6.0515
6.350160000000001 6.0515
6.350160000000001 6.6515
-3.49716 6.6515
7.0

air_Layer
4
-3.49716 6.6515
6.350160000000001 6.6515
6.350160000000001 6.9485
-3.49716 6.9485
1.0


4
-3.49716 0.001
6.350160000000001 0.001
6.350160000000001 6.9485
-3.49716 6.9485

