c1
4
-0.4200100000000001 0.7415
0.4200099999999999 0.7415
0.42598999999999987 0.8405
-0.4259900000000001 0.8405

3
botleft
4
-3.58398 -0.001
0 -0.001
0 0.001
-3.58398 0.001

botright
4
0 -0.001
7.066979999999999 -0.001
7.066979999999999 0.001
0 0.001

lEnv
4
-1.39201 0.7415
-0.5519900000000001 0.7415
-0.5460100000000001 0.8405
-1.39799 0.8405


47
IMD3d1_damage
4
-1.401424 0.7315
-0.5425760000000002 0.7315
-0.5419720000000001 0.7415
-1.402028 0.7415
3.1

IMD3d1_damage
4
-0.4294240000000001 0.7315
0.42942399999999986 0.7315
0.43002799999999985 0.7415
-0.4300280000000001 0.7415
3.1

IMD3d2_damage
4
-1.397019 0.7415
-1.39201 0.7415
-1.39799 0.8405
-1.402999 0.8405
2.9

IMD3d2_damage
4
-0.5519900000000001 0.7415
-0.546981 0.7415
-0.5410010000000001 0.8405
-0.5460100000000001 0.8405
2.9

IMD3d2_damage
4
-0.4250190000000001 0.7415
-0.4200100000000001 0.7415
-0.4259900000000001 0.8405
-0.4309990000000001 0.8405
2.9

IMD3d2_damage
4
0.4200099999999999 0.7415
0.42501899999999987 0.7415
0.43099899999999985 0.8405
0.42598999999999987 0.8405
2.9

IMD3d2
4
-3.58398 0.7415
-1.397019 0.7415
-1.402999 0.8405
-3.58398 0.8405
2.65

IMD3d2
4
-0.546981 0.7415
-0.4250190000000001 0.7415
-0.4309990000000001 0.8405
-0.5410010000000001 0.8405
2.65

IMD3d2
4
0.42501899999999987 0.7415
7.066979999999999 0.7415
7.066979999999999 0.8405
0.43099899999999985 0.8405
2.65

IMD3d1
4
-3.58398 0.7315
-1.401424 0.7315
-1.402028 0.7415
-3.58398 0.7415
2.65

IMD3d1
4
-0.5425760000000002 0.7315
-0.4294240000000001 0.7315
-0.4300280000000001 0.7415
-0.5419720000000001 0.7415
2.65

IMD3d1
4
0.42942399999999986 0.7315
7.066979999999999 0.7315
7.066979999999999 0.7415
0.43002799999999985 0.7415
2.65

IMD3d1
4
-3.58398 0.7135
7.066979999999999 0.7135
7.066979999999999 0.7315
-3.58398 0.7315
2.65

FOXA+FOXB+TOX
4
-3.58398 0.001
7.066979999999999 0.001
7.066979999999999 0.2665
-3.58398 0.2665
4.0

ILD1a
4
-3.58398 0.2665
7.066979999999999 0.2665
7.066979999999999 0.2765
-3.58398 0.2765
7.0

ILD1b1+ILD1b2+ILD1b3
4
-3.58398 0.2765
7.066979999999999 0.2765
7.066979999999999 0.3955
-3.58398 0.3955
4.0

IMD1a
4
-3.58398 0.3955
7.066979999999999 0.3955
7.066979999999999 0.4065
-3.58398 0.4065
5.2

IMD1b
4
-3.58398 0.4065
7.066979999999999 0.4065
7.066979999999999 0.4665
-3.58398 0.4665
2.8

IMD2a
4
-3.58398 0.4665
7.066979999999999 0.4665
7.066979999999999 0.4875
-3.58398 0.4875
5.2

IMD2b
4
-3.58398 0.4875
7.066979999999999 0.4875
7.066979999999999 0.5025
-3.58398 0.5025
4.2

IMD2c
4
-3.58398 0.5025
7.066979999999999 0.5025
7.066979999999999 0.5265
-3.58398 0.5265
3.28

IMD2d1+IMD2d2
4
-3.58398 0.5265
7.066979999999999 0.5265
7.066979999999999 0.6535
-3.58398 0.6535
2.65

IMD3a
4
-3.58398 0.6535
7.066979999999999 0.6535
7.066979999999999 0.6745
-3.58398 0.6745
5.2

IMD3b
4
-3.58398 0.6745
7.066979999999999 0.6745
7.066979999999999 0.6895
-3.58398 0.6895
4.2

IMD3c
4
-3.58398 0.6895
7.066979999999999 0.6895
7.066979999999999 0.7135
-3.58398 0.7135
3.28

IMD4a
4
-3.58398 0.8405
7.066979999999999 0.8405
7.066979999999999 0.8615
-3.58398 0.8615
5.2

IMD4b
4
-3.58398 0.8615
7.066979999999999 0.8615
7.066979999999999 0.8765
-3.58398 0.8765
4.2

IMD4c
4
-3.58398 0.8765
7.066979999999999 0.8765
7.066979999999999 0.9005
-3.58398 0.9005
3.28

IMD4d1+IMD4d2
4
-3.58398 0.9005
7.066979999999999 0.9005
7.066979999999999 1.0275
-3.58398 1.0275
2.65

IMD5a
4
-3.58398 1.0275
7.066979999999999 1.0275
7.066979999999999 1.0485
-3.58398 1.0485
5.2

IMD5b
4
-3.58398 1.0485
7.066979999999999 1.0485
7.066979999999999 1.0635
-3.58398 1.0635
4.2

IMD5c
4
-3.58398 1.0635
7.066979999999999 1.0635
7.066979999999999 1.0875
-3.58398 1.0875
3.28

IMD5d1+IMD5d2
4
-3.58398 1.0875
7.066979999999999 1.0875
7.066979999999999 1.2145
-3.58398 1.2145
2.65

IMD6a
4
-3.58398 1.2145
7.066979999999999 1.2145
7.066979999999999 1.2355
-3.58398 1.2355
5.2

IMD6b
4
-3.58398 1.2355
7.066979999999999 1.2355
7.066979999999999 1.2505
-3.58398 1.2505
4.2

IMD6c
4
-3.58398 1.2505
7.066979999999999 1.2505
7.066979999999999 1.2745
-3.58398 1.2745
3.28

IMD6d1+IMD6d2
4
-3.58398 1.2745
7.066979999999999 1.2745
7.066979999999999 1.4015
-3.58398 1.4015
2.65

IMD7a
4
-3.58398 1.4015
7.066979999999999 1.4015
7.066979999999999 1.4765
-3.58398 1.4765
5.2

IMD7b1+IMD7b2
4
-3.58398 1.4765
7.066979999999999 1.4765
7.066979999999999 2.9765
-3.58398 2.9765
4.2

IMD8a
4
-3.58398 2.9765
7.066979999999999 2.9765
7.066979999999999 3.0515
-3.58398 3.0515
5.2

IMD8b1+IMD8b2
4
-3.58398 3.0515
7.066979999999999 3.0515
7.066979999999999 4.5515
-3.58398 4.5515
4.2

PASS1
4
-3.58398 4.5515
7.066979999999999 4.5515
7.066979999999999 4.6265
-3.58398 4.6265
7.0

PASS2
4
-3.58398 4.6265
7.066979999999999 4.6265
7.066979999999999 5.0265
-3.58398 5.0265
4.2

PASS3
4
-3.58398 5.0265
7.066979999999999 5.0265
7.066979999999999 5.1015
-3.58398 5.1015
7.0

PASS4+PASS5
4
-3.58398 5.1015
7.066979999999999 5.1015
7.066979999999999 6.0515
-3.58398 6.0515
4.2

PASS6
4
-3.58398 6.0515
7.066979999999999 6.0515
7.066979999999999 6.6515
-3.58398 6.6515
7.0

air_Layer
4
-3.58398 6.6515
7.066979999999999 6.6515
7.066979999999999 6.9485
-3.58398 6.9485
1.0


4
-3.58398 0.001
7.066979999999999 0.001
7.066979999999999 6.9485
-3.58398 6.9485

