	-0.157886			-0.002472				-0.010187		
	-0.167774			-0.003793				-0.007820		
	-0.169142			-0.011172				0.000000		
	-0.094509			-0.002682				-0.009898		
	-0.104047			-0.003959				-0.007712		
	-0.107102			-0.011352				0.000000		
	-0.086354			-0.002734				-0.009822		
	-0.095908			-0.004002				-0.007686		
	-0.099022			-0.011412				0.000000		
	-0.048341			-0.003204				-0.009180		
	-0.056618			-0.004439				-0.007447		
	-0.059501			-0.011830				0.000000		
	-0.034318			-0.003646				-0.008586		
	-0.041775			-0.004830				-0.007257		
	-0.044204			-0.012283				0.000000		
	-0.026832			-0.004042				-0.008098		
	-0.033301			-0.005222				-0.007026		
	-0.036045			-0.012622				0.000000		
	-0.022203			-0.004419				-0.007572		
	-0.027955			-0.005578				-0.006870		
	-0.030958			-0.012993				0.000000		
	-0.016457			-0.005119				-0.006933		
	-0.021585			-0.006307				-0.006410		
	-0.024348			-0.013767				0.000000		
	-0.012097			-0.006074				-0.005934		
	-0.016068			-0.007346				-0.005776		
	-0.018575			-0.014650				0.000000		
	-0.008909			-0.007199				-0.005076		
	-0.011948			-0.008601				-0.005224		
	-0.014075			-0.015802				0.000000		
	-0.007008			-0.008218				-0.004456		
	-0.009545			-0.009776				-0.004689		
	-0.011332			-0.016681				0.000000		
	0.000000			-0.017995				0.000000		
	0.000000			-0.021274				0.000000		
	0.000000			-0.024274				0.000000		
	-0.164354			-0.002096				-0.005508		
	-0.172331			-0.003265				-0.005526		
	-0.176193			-0.009093				0.000000		
	-0.100380			-0.002301				-0.005653		
	-0.108466			-0.003460				-0.005594		
	-0.111816			-0.009404				0.000000		
	-0.092231			-0.002348				-0.005678		
	-0.100317			-0.003506				-0.005606		
	-0.103285			-0.009505				0.000000		
	-0.053234			-0.002818				-0.005830		
	-0.060412			-0.003946				-0.005706		
	-0.063772			-0.010180				0.000000		
	-0.038566			-0.003246				-0.005964		
	-0.044981			-0.004357				-0.005742		
	-0.048155			-0.010636				0.000000		
	-0.030632			-0.003650				-0.005889		
	-0.036572			-0.004772				-0.005722		
	-0.039398			-0.011178				0.000000		
	-0.025462			-0.004032				-0.005821		
	-0.030961			-0.005157				-0.005661		
	-0.034096			-0.011723				0.000000		
	-0.019223			-0.004727				-0.005552		
	-0.023733			-0.005890				-0.005510		
	-0.026881			-0.012544				0.000000		
	-0.014035			-0.005698				-0.005195		
	-0.017842			-0.006921				-0.005224		
	-0.020407			-0.013579				0.000000		
	-0.010382			-0.006848				-0.004596		
	-0.013326			-0.008267				-0.004753		
	-0.015395			-0.014817				0.000000		
	-0.008220			-0.007898				-0.004163		
	-0.010652			-0.009413				-0.004332		
	-0.012162			-0.016036				0.000000		
	0.000000			-0.018050				0.000000		
	0.000000			-0.021313				0.000000		
	0.000000			-0.024250				0.000000		
	-0.169565			-0.001700				-0.001389		
	-0.178150			-0.002660				-0.002017		
	-0.181708			-0.005747				0.000000		
	-0.105815			-0.001880				-0.001504		
	-0.113970			-0.002830				-0.002109		
	-0.115789			-0.006030				0.000000		
	-0.097660			-0.001924				-0.001532		
	-0.105876			-0.002875				-0.002129		
	-0.109386			-0.006167				0.000000		
	-0.058737			-0.002349				-0.001774		
	-0.065792			-0.003308				-0.002339		
	-0.069128			-0.006787				0.000000		
	-0.044087			-0.002745				-0.001994		
	-0.050260			-0.003746				-0.002492		
	-0.053537			-0.007378				0.000000		
	-0.035932			-0.003130				-0.002180		
	-0.041699			-0.004151				-0.002589		
	-0.044389			-0.007903				0.000000		
	-0.030824			-0.003486				-0.002315		
	-0.035739			-0.004541				-0.002706		
	-0.038435			-0.008456				0.000000		
	-0.024127			-0.004164				-0.002533		
	-0.028365			-0.005283				-0.002931		
	-0.031077			-0.009485				0.000000		
	-0.018454			-0.005115				-0.002725		
	-0.022026			-0.006381				-0.003041		
	-0.024361			-0.010767				0.000000		
	-0.014056			-0.006279				-0.002869		
	-0.016978			-0.007698				-0.003052		
	-0.019038			-0.012292				0.000000		
	-0.011537			-0.007339				-0.002655		
	-0.013795			-0.008899				-0.003069		
	-0.015381			-0.013721				0.000000		
	0.000000			-0.018281				0.000000		
	0.000000			-0.021565				0.000000		
	0.000000			-0.024262				0.000000		
	-0.163282			-0.004232				-0.014620		
	-0.171862			-0.005591				-0.010143		
	-0.175404			-0.015050				0.000000		
	-0.099986			-0.004407				-0.013705		
	-0.108475			-0.005748				-0.009840		
	-0.109768			-0.015055				0.000000		
	-0.091804			-0.004452				-0.013507		
	-0.100095			-0.005782				-0.009783		
	-0.102014			-0.015056				0.000000		
	-0.053185			-0.004865				-0.012033		
	-0.060136			-0.006130				-0.009185		
	-0.063717			-0.015265				0.000000		
	-0.038356			-0.005297				-0.010847		
	-0.044586			-0.006511				-0.008730		
	-0.048107			-0.015411				0.000000		
	-0.030610			-0.005686				-0.010136		
	-0.036404			-0.006920				-0.008317		
	-0.039208			-0.015665				0.000000		
	-0.025262			-0.006108				-0.009353		
	-0.030790			-0.007321				-0.007930		
	-0.033403			-0.015935				0.000000		
	-0.019042			-0.006855				-0.008377		
	-0.023719			-0.008094				-0.007268		
	-0.026311			-0.016661				0.000000		
	-0.013963			-0.007932				-0.007081		
	-0.017736			-0.009203				-0.006644		
	-0.020466			-0.017500				0.000000		
	-0.010266			-0.009221				-0.006061		
	-0.013227			-0.010567				-0.005910		
	-0.015545			-0.018627				0.000000		
	-0.008159			-0.010424				-0.005123		
	-0.010626			-0.011833				-0.005200		
	-0.012342			-0.019601				0.000000		
	0.000000			-0.021822				0.000000		
	0.000000			-0.024723				0.000000		
	0.000000			-0.027859				0.000000		
	-0.172628			-0.003683				-0.008505		
	-0.178048			-0.004946				-0.007378		
	-0.182381			-0.012657				0.000000		
	-0.107955			-0.003869				-0.008373		
	-0.113657			-0.005109				-0.007280		
	-0.117668			-0.012826				0.000000		
	-0.099693			-0.003916				-0.008341		
	-0.105796			-0.005156				-0.007319		
	-0.109077			-0.012881				0.000000		
	-0.059277			-0.004358				-0.008059		
	-0.064708			-0.005573				-0.007104		
	-0.066945			-0.013256				0.000000		
	-0.043648			-0.004786				-0.007793		
	-0.049079			-0.005997				-0.006978		
	-0.052071			-0.013726				0.000000		
	-0.034975			-0.005214				-0.007552		
	-0.039881			-0.006411				-0.006829		
	-0.042197			-0.014115				0.000000		
	-0.029375			-0.005623				-0.007228		
	-0.033925			-0.006825				-0.006659		
	-0.036191			-0.014547				0.000000		
	-0.022220			-0.006405				-0.006847		
	-0.026124			-0.007623				-0.006423		
	-0.028769			-0.015235				0.000000		
	-0.016514			-0.007475				-0.006095		
	-0.019560			-0.008803				-0.005949		
	-0.022350			-0.016325				0.000000		
	-0.012150			-0.008827				-0.005475		
	-0.014880			-0.010193				-0.005385		
	-0.016809			-0.017678				0.000000		
	-0.009531			-0.010056				-0.004919		
	-0.011753			-0.011420				-0.004936		
	-0.013649			-0.018784				0.000000		
	0.000000			-0.021801				0.000000		
	0.000000			-0.024773				0.000000		
	0.000000			-0.027799				0.000000		
	-0.180957			-0.003060				-0.002262		
	-0.185783			-0.004166				-0.002811		
	-0.187205			-0.008295				0.000000		
	-0.116146			-0.003250				-0.002336		
	-0.121281			-0.004336				-0.002856		
	-0.123853			-0.008577				0.000000		
	-0.107897			-0.003275				-0.002355		
	-0.112931			-0.004379				-0.002869		
	-0.112596			-0.008671				0.000000		
	-0.067159			-0.003722				-0.002631		
	-0.071566			-0.004828				-0.002995		
	-0.074248			-0.009193				0.000000		
	-0.051119			-0.004151				-0.002807		
	-0.055572			-0.005288				-0.003109		
	-0.058068			-0.009794				0.000000		
	-0.042176			-0.004534				-0.002951		
	-0.046139			-0.005685				-0.003193		
	-0.048954			-0.010305				0.000000		
	-0.036093			-0.004964				-0.003071		
	-0.040054			-0.006113				-0.003267		
	-0.042355			-0.010874				0.000000		
	-0.028684			-0.005734				-0.003068		
	-0.031904			-0.006942				-0.003390		
	-0.034156			-0.011825				0.000000		
	-0.022202			-0.006840				-0.003097		
	-0.024769			-0.008131				-0.003460		
	-0.026917			-0.013088				0.000000		
	-0.016915			-0.008165				-0.003167		
	-0.018901			-0.009506				-0.003608		
	-0.020975			-0.014762				0.000000		
	-0.013712			-0.009394				-0.003121		
	-0.015371			-0.010826				-0.003535		
	-0.017378			-0.016233				0.000000		
	0.000000			-0.022222				0.000000		
	0.000000			-0.025151				0.000000		
	0.000000			-0.027783				0.000000		
	-0.168647			-0.017854				-0.022243		
	-0.175984			-0.018303				-0.015412		
	-0.175788			-0.032721				0.000000		
	-0.104105			-0.018053				-0.020930		
	-0.111295			-0.018434				-0.014880		
	-0.112324			-0.032463				0.000000		
	-0.096033			-0.018090				-0.020488		
	-0.103437			-0.018469				-0.014762		
	-0.104018			-0.032462				0.000000		
	-0.058286			-0.018515				-0.017988		
	-0.065122			-0.018937				-0.013691		
	-0.067324			-0.032394				0.000000		
	-0.042763			-0.018958				-0.016317		
	-0.049845			-0.019415				-0.012861		
	-0.051123			-0.032550				0.000000		
	-0.035696			-0.019495				-0.014984		
	-0.040805			-0.019783				-0.012145		
	-0.043759			-0.032511				0.000000		
	-0.030553			-0.019972				-0.013856		
	-0.035310			-0.020289				-0.011464		
	-0.038449			-0.032747				0.000000		
	-0.023556			-0.020915				-0.012433		
	-0.027850			-0.021161				-0.010559		
	-0.030132			-0.033334				0.000000		
	-0.017958			-0.022301				-0.010502		
	-0.021845			-0.022748				-0.009305		
	-0.024395			-0.034062				0.000000		
	-0.014011			-0.024223				-0.008722		
	-0.016340			-0.024553				-0.008525		
	-0.018994			-0.035128				0.000000		
	-0.011390			-0.026059				-0.007428		
	-0.013712			-0.026301				-0.007215		
	-0.016008			-0.035907				0.000000		
	0.000000			-0.043237				0.000000		
	0.000000			-0.044262				0.000000		
	0.000000			-0.046686				0.000000		
	-0.179877			-0.016738				-0.015988		
	-0.185794			-0.017262				-0.012609		
	-0.184728			-0.029628				0.000000		
	-0.115479			-0.016955				-0.015394		
	-0.120067			-0.017455				-0.012323		
	-0.120087			-0.029594				0.000000		
	-0.106967			-0.017008				-0.015281		
	-0.111982			-0.017503				-0.012257		
	-0.112169			-0.029750				0.000000		
	-0.066752			-0.017555				-0.014136		
	-0.071059			-0.018025				-0.011694		
	-0.074389			-0.029998				0.000000		
	-0.050466			-0.018027				-0.013324		
	-0.055003			-0.018575				-0.011113		
	-0.056997			-0.030299				0.000000		
	-0.041605			-0.018549				-0.012573		
	-0.045652			-0.019012				-0.010600		
	-0.048662			-0.030618				0.000000		
	-0.035599			-0.019112				-0.011693		
	-0.039394			-0.019562				-0.010177		
	-0.042405			-0.030948				0.000000		
	-0.027947			-0.020164				-0.010567		
	-0.031557			-0.020644				-0.009426		
	-0.033192			-0.031610				0.000000		
	-0.021658			-0.021709				-0.009347		
	-0.024286			-0.022143				-0.008651		
	-0.026501			-0.032704				0.000000		
	-0.016636			-0.023792				-0.008207		
	-0.018973			-0.024203				-0.007711		
	-0.020725			-0.033972				0.000000		
	-0.013437			-0.025602				-0.007207		
	-0.015078			-0.025916				-0.007138		
	-0.017341			-0.035093				0.000000		
	0.000000			-0.043520				0.000000		
	0.000000			-0.044451				0.000000		
	0.000000			-0.046504				0.000000		
	-0.194977			-0.015348				-0.006195		
	-0.198432			-0.015926				-0.006292		
	-0.198795			-0.023127				0.000000		
	-0.131621			-0.015594				-0.006228		
	-0.132726			-0.016167				-0.006271		
	-0.135230			-0.023359				0.000000		
	-0.123129			-0.015658				-0.006185		
	-0.123808			-0.016223				-0.006268		
	-0.126583			-0.023298				0.000000		
	-0.080964			-0.016268				-0.006175		
	-0.082912			-0.016829				-0.006260		
	-0.084574			-0.023995				0.000000		
	-0.064336			-0.016886				-0.006149		
	-0.065643			-0.017439				-0.006186		
	-0.067020			-0.024483				0.000000		
	-0.054743			-0.017464				-0.006112		
	-0.055995			-0.018047				-0.006157		
	-0.057411			-0.025127				0.000000		
	-0.048114			-0.018047				-0.006079		
	-0.048449			-0.018576				-0.006222		
	-0.050693			-0.025604				0.000000		
	-0.039230			-0.019178				-0.006029		
	-0.039879			-0.019709				-0.006019		
	-0.041694			-0.026726				0.000000		
	-0.030868			-0.020730				-0.005869		
	-0.032054			-0.021363				-0.005877		
	-0.033004			-0.028115				0.000000		
	-0.024296			-0.022734				-0.005643		
	-0.025169			-0.023349				-0.005767		
	-0.026716			-0.030229				0.000000		
	-0.019966			-0.024522				-0.005451		
	-0.020719			-0.025060				-0.005614		
	-0.021647			-0.031977				0.000000		
	0.000000			-0.044150				0.000000		
	0.000000			-0.044946				0.000000		
	0.000000			-0.046686				0.000000		
	-0.158063			-0.002129				-0.010503		
	-0.168511			-0.003262				-0.008515		
	-0.170131			-0.010946				0.000000		
	-0.094723			-0.002310				-0.010242		
	-0.104193			-0.003419				-0.008414		
	-0.107828			-0.011136				0.000000		
	-0.086613			-0.002359				-0.010204		
	-0.096084			-0.003455				-0.008391		
	-0.099761			-0.011192				0.000000		
	-0.048465			-0.002769				-0.009637		
	-0.056844			-0.003809				-0.008189		
	-0.060425			-0.011594				0.000000		
	-0.034509			-0.003144				-0.009150		
	-0.042041			-0.004141				-0.008044		
	-0.045101			-0.012002				0.000000		
	-0.027091			-0.003491				-0.008681		
	-0.033664			-0.004461				-0.007875		
	-0.037217			-0.012343				0.000000		
	-0.022424			-0.003808				-0.008249		
	-0.028480			-0.004766				-0.007710		
	-0.032099			-0.012575				0.000000		
	-0.016780			-0.004406				-0.007554		
	-0.021989			-0.005343				-0.007286		
	-0.025703			-0.013203				0.000000		
	-0.012520			-0.005192				-0.006613		
	-0.016700			-0.006197				-0.006574		
	-0.019946			-0.013890				0.000000		
	-0.009385			-0.006131				-0.005755		
	-0.012764			-0.007223				-0.005960		
	-0.015404			-0.014831				0.000000		
	-0.007536			-0.006986				-0.005121		
	-0.010340			-0.008188				-0.005394		
	-0.012690			-0.015542				0.000000		
	0.000000			-0.017087				0.000000		
	0.000000			-0.020119				0.000000		
	0.000000			-0.023460				0.000000		
	-0.164436			-0.001844				-0.005966		
	-0.172601			-0.002827				-0.006223		
	-0.177001			-0.008968				0.000000		
	-0.100627			-0.002022				-0.006109		
	-0.108762			-0.002986				-0.006344		
	-0.112709			-0.009266				0.000000		
	-0.092377			-0.002063				-0.006139		
	-0.100505			-0.003029				-0.006340		
	-0.104238			-0.009351				0.000000		
	-0.053479			-0.002472				-0.006375		
	-0.060774			-0.003410				-0.006461		
	-0.064812			-0.009983				0.000000		
	-0.038790			-0.002840				-0.006563		
	-0.045326			-0.003765				-0.006525		
	-0.049304			-0.010379				0.000000		
	-0.030870			-0.003171				-0.006544		
	-0.036912			-0.004084				-0.006505		
	-0.040614			-0.010849				0.000000		
	-0.025787			-0.003490				-0.006501		
	-0.031416			-0.004418				-0.006490		
	-0.035442			-0.011338				0.000000		
	-0.019530			-0.004078				-0.006331		
	-0.024425			-0.005014				-0.006342		
	-0.028284			-0.012028				0.000000		
	-0.014560			-0.004860				-0.005902		
	-0.018521			-0.005861				-0.005982		
	-0.021975			-0.012837				0.000000		
	-0.011058			-0.005810				-0.005269		
	-0.014122			-0.006919				-0.005520		
	-0.017153			-0.013828				0.000000		
	-0.008944			-0.006656				-0.004802		
	-0.011525			-0.007879				-0.005057		
	-0.013928			-0.014790				0.000000		
	0.000000			-0.017166				0.000000		
	0.000000			-0.020149				0.000000		
	0.000000			-0.023467				0.000000		
	-0.170044			-0.001499				-0.001527		
	-0.178869			-0.002283				-0.002248		
	-0.183177			-0.005486				0.000000		
	-0.106317			-0.001652				-0.001650		
	-0.114793			-0.002456				-0.002346		
	-0.117861			-0.005768				0.000000		
	-0.098264			-0.001689				-0.001682		
	-0.106645			-0.002495				-0.002366		
	-0.110284			-0.005837				0.000000		
	-0.059609			-0.002053				-0.001930		
	-0.066748			-0.002857				-0.002579		
	-0.069535			-0.006437				0.000000		
	-0.044818			-0.002384				-0.002230		
	-0.051346			-0.003195				-0.002709		
	-0.055366			-0.006969				0.000000		
	-0.036804			-0.002697				-0.002407		
	-0.042752			-0.003524				-0.002848		
	-0.046395			-0.007392				0.000000		
	-0.031667			-0.002984				-0.002559		
	-0.036955			-0.003841				-0.002972		
	-0.040317			-0.007982				0.000000		
	-0.025231			-0.003564				-0.002712		
	-0.029629			-0.004442				-0.003144		
	-0.033291			-0.008731				0.000000		
	-0.019669			-0.004319				-0.002900		
	-0.023467			-0.005331				-0.003239		
	-0.026671			-0.009798				0.000000		
	-0.015394			-0.005275				-0.002982		
	-0.018386			-0.006458				-0.003391		
	-0.021290			-0.010983				0.000000		
	-0.012773			-0.006118				-0.002897		
	-0.015073			-0.007343				-0.003369		
	-0.017742			-0.012136				0.000000		
	0.000000			-0.017460				0.000000		
	0.000000			-0.020574				0.000000		
	0.000000			-0.023688				0.000000		
	-0.163814			-0.003565				-0.015118		
	-0.172077			-0.004753				-0.011035		
	-0.176903			-0.014670				0.000000		
	-0.100232			-0.003713				-0.014244		
	-0.107996			-0.004866				-0.010786		
	-0.110702			-0.014645				0.000000		
	-0.092148			-0.003749				-0.014076		
	-0.099839			-0.004897				-0.010721		
	-0.102917			-0.014659				0.000000		
	-0.053127			-0.004104				-0.012608		
	-0.060389			-0.005198				-0.010175		
	-0.064923			-0.014838				0.000000		
	-0.038554			-0.004469				-0.011580		
	-0.044955			-0.005525				-0.009734		
	-0.048938			-0.015005				0.000000		
	-0.030799			-0.004816				-0.010674		
	-0.036936			-0.005847				-0.009313		
	-0.040483			-0.015152				0.000000		
	-0.025632			-0.005139				-0.010053		
	-0.031269			-0.006184				-0.008917		
	-0.034732			-0.015355				0.000000		
	-0.019429			-0.005772				-0.009092		
	-0.024429			-0.006777				-0.008320		
	-0.027721			-0.015899				0.000000		
	-0.014517			-0.006645				-0.007883		
	-0.018480			-0.007684				-0.007568		
	-0.021711			-0.016585				0.000000		
	-0.010980			-0.007702				-0.006732		
	-0.014128			-0.008805				-0.006751		
	-0.017388			-0.017333				0.000000		
	-0.008801			-0.008733				-0.005907		
	-0.011582			-0.009834				-0.006039		
	-0.014001			-0.018202				0.000000		
	0.000000			-0.020451				0.000000		
	0.000000			-0.023121				0.000000		
	0.000000			-0.026812				0.000000		
	-0.172789			-0.003153				-0.009163		
	-0.178363			-0.004218				-0.008337		
	-0.183564			-0.012394				0.000000		
	-0.108140			-0.003307				-0.009065		
	-0.114002			-0.004355				-0.008252		
	-0.118878			-0.012535				0.000000		
	-0.099755			-0.003345				-0.009040		
	-0.105834			-0.004389				-0.008221		
	-0.110287			-0.012582				0.000000		
	-0.059605			-0.003718				-0.008802		
	-0.065141			-0.004727				-0.008142		
	-0.068278			-0.012922				0.000000		
	-0.043846			-0.004075				-0.008623		
	-0.049275			-0.005080				-0.007951		
	-0.053433			-0.013293				0.000000		
	-0.035376			-0.004421				-0.008381		
	-0.040559			-0.005422				-0.007810		
	-0.044369			-0.013604				0.000000		
	-0.029778			-0.004757				-0.008146		
	-0.034358			-0.005755				-0.007660		
	-0.037876			-0.013868				0.000000		
	-0.022887			-0.005390				-0.007640		
	-0.026925			-0.006399				-0.007357		
	-0.030641			-0.014454				0.000000		
	-0.017169			-0.006257				-0.006998		
	-0.020549			-0.007328				-0.006825		
	-0.024192			-0.015333				0.000000		
	-0.012882			-0.007352				-0.006290		
	-0.015929			-0.008454				-0.006214		
	-0.018787			-0.016444				0.000000		
	-0.010405			-0.008357				-0.005630		
	-0.012973			-0.009511				-0.005692		
	-0.015409			-0.017291				0.000000		
	0.000000			-0.020521				0.000000		
	0.000000			-0.023173				0.000000		
	0.000000			-0.026810				0.000000		
	-0.181656			-0.002610				-0.002619		
	-0.187021			-0.003537				-0.003122		
	-0.190806			-0.007880				0.000000		
	-0.117004			-0.002755				-0.002707		
	-0.122710			-0.003678				-0.003180		
	-0.125998			-0.008092				0.000000		
	-0.108609			-0.002781				-0.002735		
	-0.113404			-0.003704				-0.003168		
	-0.117843			-0.008151				0.000000		
	-0.068117			-0.003139				-0.002935		
	-0.072669			-0.004047				-0.003311		
	-0.076702			-0.008608				0.000000		
	-0.052219			-0.003489				-0.003028		
	-0.056667			-0.004413				-0.003414		
	-0.060444			-0.009061				0.000000		
	-0.043311			-0.003816				-0.003167		
	-0.047514			-0.004753				-0.003507		
	-0.050906			-0.009549				0.000000		
	-0.037353			-0.004142				-0.003279		
	-0.041224			-0.005088				-0.003582		
	-0.045331			-0.010049				0.000000		
	-0.029765			-0.004757				-0.003450		
	-0.033520			-0.005743				-0.003704		
	-0.036760			-0.010781				0.000000		
	-0.023147			-0.005650				-0.003584		
	-0.026408			-0.006691				-0.003763		
	-0.029677			-0.011917				0.000000		
	-0.018359			-0.006747				-0.003476		
	-0.020687			-0.007810				-0.003830		
	-0.023541			-0.013335				0.000000		
	-0.015130			-0.007748				-0.003403		
	-0.017165			-0.008863				-0.003789		
	-0.019724			-0.014377				0.000000		
	0.000000			-0.020847				0.000000		
	0.000000			-0.023552				0.000000		
	0.000000			-0.026988				0.000000		
	-0.169024			-0.014670				-0.023922		
	-0.177056			-0.015204				-0.017249		
	-0.181162			-0.030433				0.000000		
	-0.104696			-0.014828				-0.022218		
	-0.111972			-0.015296				-0.016768		
	-0.114213			-0.030173				0.000000		
	-0.095757			-0.014903				-0.021934		
	-0.105077			-0.015342				-0.016548		
	-0.105920			-0.030159				0.000000		
	-0.058034			-0.015219				-0.019539		
	-0.065315			-0.015649				-0.015421		
	-0.069004			-0.030068				0.000000		
	-0.044171			-0.015584				-0.017737		
	-0.050747			-0.016018				-0.014488		
	-0.053385			-0.030047				0.000000		
	-0.036438			-0.015948				-0.016436		
	-0.041997			-0.016353				-0.013808		
	-0.045586			-0.029988				0.000000		
	-0.030792			-0.016362				-0.015150		
	-0.036391			-0.016736				-0.013221		
	-0.040377			-0.030024				0.000000		
	-0.024495			-0.017128				-0.013741		
	-0.028990			-0.017499				-0.012086		
	-0.032351			-0.030531				0.000000		
	-0.019455			-0.018300				-0.011636		
	-0.022978			-0.018666				-0.010864		
	-0.026603			-0.030989				0.000000		
	-0.015178			-0.019853				-0.009916		
	-0.018084			-0.020252				-0.009503		
	-0.021256			-0.031746				0.000000		
	-0.012628			-0.021320				-0.008552		
	-0.015204			-0.021770				-0.008297		
	-0.018339			-0.032111				0.000000		
	0.000000			-0.039032				0.000000		
	0.000000			-0.040176				0.000000		
	0.000000			-0.043450				0.000000		
	-0.181178			-0.013738				-0.017768		
	-0.184575			-0.014246				-0.014393		
	-0.187211			-0.027515				0.000000		
	-0.115445			-0.013912				-0.017209		
	-0.121413			-0.014493				-0.014101		
	-0.122242			-0.027468				0.000000		
	-0.107453			-0.013952				-0.017023		
	-0.113053			-0.014531				-0.014031		
	-0.114385			-0.027535				0.000000		
	-0.067757			-0.014361				-0.015854		
	-0.072495			-0.014875				-0.013354		
	-0.075622			-0.027645				0.000000		
	-0.051535			-0.014804				-0.014942		
	-0.056514			-0.015283				-0.012744		
	-0.058979			-0.027618				0.000000		
	-0.042618			-0.015208				-0.014235		
	-0.047117			-0.015710				-0.012155		
	-0.051200			-0.027994				0.000000		
	-0.036661			-0.015644				-0.013403		
	-0.040929			-0.016127				-0.011699		
	-0.044648			-0.028270				0.000000		
	-0.029774			-0.016447				-0.012290		
	-0.033077			-0.016972				-0.010911		
	-0.035770			-0.028794				0.000000		
	-0.023033			-0.017685				-0.010792		
	-0.026207			-0.018210				-0.009985		
	-0.028977			-0.029455				0.000000		
	-0.018129			-0.019354				-0.009383		
	-0.020727			-0.019848				-0.008885		
	-0.023287			-0.030317				0.000000		
	-0.014790			-0.020895				-0.008439		
	-0.016755			-0.021308				-0.008184		
	-0.019975			-0.031140				0.000000		
	0.000000			-0.039013				0.000000		
	0.000000			-0.040238				0.000000		
	0.000000			-0.043418				0.000000		
	-0.198937			-0.012458				-0.006920		
	-0.198958			-0.013052				-0.006864		
	-0.202556			-0.020596				0.000000		
	-0.134585			-0.012693				-0.006884		
	-0.135285			-0.013246				-0.006888		
	-0.139023			-0.020836				0.000000		
	-0.125884			-0.012740				-0.006879		
	-0.128182			-0.013347				-0.006831		
	-0.130109			-0.020813				0.000000		
	-0.084117			-0.013206				-0.006815		
	-0.085057			-0.013742				-0.006799		
	-0.086358			-0.021254				0.000000		
	-0.066850			-0.013673				-0.006928		
	-0.068546			-0.014210				-0.006759		
	-0.071272			-0.021660				0.000000		
	-0.057530			-0.014126				-0.006730		
	-0.058913			-0.014692				-0.006696		
	-0.061738			-0.022191				0.000000		
	-0.050732			-0.014585				-0.006679		
	-0.052074			-0.015179				-0.006640		
	-0.054451			-0.022529				0.000000		
	-0.041614			-0.015491				-0.006643		
	-0.042480			-0.016015				-0.006741		
	-0.045524			-0.023379				0.000000		
	-0.033801			-0.016766				-0.006394		
	-0.034547			-0.017432				-0.006371		
	-0.036583			-0.024515				0.000000		
	-0.026933			-0.018382				-0.006054		
	-0.027866			-0.019043				-0.006175		
	-0.030237			-0.026216				0.000000		
	-0.022353			-0.019974				-0.005920		
	-0.023456			-0.020464				-0.005975		
	-0.024907			-0.027732				0.000000		
	0.000000			-0.040066				0.000000		
	0.000000			-0.040955				0.000000		
	0.000000			-0.043664				0.000000		
	-0.152336			-0.001544				-0.004933		
	-0.157089			-0.002518				-0.003676		
	-0.160023			-0.005791				0.000000		
	-0.088640			-0.001683				-0.004780		
	-0.093354			-0.002636				-0.003588		
	-0.095269			-0.005867				0.000000		
	-0.080607			-0.001716				-0.004746		
	-0.085312			-0.002665				-0.003563		
	-0.088205			-0.005912				0.000000		
	-0.042951			-0.002040				-0.004463		
	-0.047407			-0.002945				-0.003379		
	-0.049978			-0.006113				0.000000		
	-0.029608			-0.002338				-0.004192		
	-0.033568			-0.003222				-0.003160		
	-0.035272			-0.006209				0.000000		
	-0.022575			-0.002623				-0.003934		
	-0.026152			-0.003491				-0.003021		
	-0.028269			-0.006436				0.000000		
	-0.018281			-0.002904				-0.003709		
	-0.021523			-0.003747				-0.002893		
	-0.023751			-0.006642				0.000000		
	-0.013110			-0.003437				-0.003312		
	-0.015938			-0.004259				-0.002641		
	-0.018137			-0.007021				0.000000		
	-0.009087			-0.004158				-0.002801		
	-0.011327			-0.005006				-0.002222		
	-0.013250			-0.007656				0.000000		
	-0.006239			-0.005030				-0.002220		
	-0.007988			-0.005920				-0.001861		
	-0.009551			-0.008441				0.000000		
	-0.004623			-0.005786				-0.001805		
	-0.005939			-0.006738				-0.001546		
	-0.007422			-0.009048				0.000000		
	0.000000			-0.010238				0.000000		
	0.000000			-0.011818				0.000000		
	0.000000			-0.013915				0.000000		
	-0.155524			-0.001388				-0.002574		
	-0.159767			-0.002278				-0.002290		
	-0.160939			-0.004752				0.000000		
	-0.091516			-0.001526				-0.002606		
	-0.095793			-0.002398				-0.002282		
	-0.097908			-0.004905				0.000000		
	-0.083408			-0.001559				-0.002619		
	-0.087575			-0.002432				-0.002281		
	-0.089417			-0.004912				0.000000		
	-0.045437			-0.001876				-0.002627		
	-0.049226			-0.002726				-0.002237		
	-0.051752			-0.005228				0.000000		
	-0.031753			-0.002172				-0.002600		
	-0.035219			-0.003013				-0.002193		
	-0.037275			-0.005429				0.000000		
	-0.024575			-0.002454				-0.002544		
	-0.027787			-0.003288				-0.002143		
	-0.030055			-0.005764				0.000000		
	-0.020056			-0.002732				-0.002489		
	-0.023014			-0.003562				-0.002060		
	-0.024768			-0.005988				0.000000		
	-0.014608			-0.003252				-0.002342		
	-0.017044			-0.004075				-0.001942		
	-0.018880			-0.006466				0.000000		
	-0.010206			-0.003979				-0.002046		
	-0.012177			-0.004826				-0.001749		
	-0.013880			-0.007158				0.000000		
	-0.007110			-0.004854				-0.001726		
	-0.008695			-0.005776				-0.001391		
	-0.010122			-0.007964				0.000000		
	-0.005270			-0.005634				-0.001437		
	-0.006486			-0.006634				-0.001142		
	-0.007746			-0.008745				0.000000		
	0.000000			-0.010235				0.000000		
	0.000000			-0.011813				0.000000		
	0.000000			-0.013911				0.000000		
	-0.158051			-0.001248				-0.000179		
	-0.162916			-0.002026				-0.000209		
	-0.164275			-0.003141				0.000000		
	-0.094208			-0.001376				-0.000190		
	-0.098613			-0.002150				-0.000214		
	-0.100738			-0.003298				0.000000		
	-0.086125			-0.001404				-0.000217		
	-0.090221			-0.002178				-0.000219		
	-0.091598			-0.003370				0.000000		
	-0.048224			-0.001705				-0.000211		
	-0.051805			-0.002472				-0.000227		
	-0.053417			-0.003664				0.000000		
	-0.034502			-0.001987				-0.000225		
	-0.037644			-0.002757				-0.000232		
	-0.038959			-0.003909				0.000000		
	-0.027265			-0.002262				-0.000235		
	-0.030035			-0.003027				-0.000235		
	-0.031629			-0.004307				0.000000		
	-0.022649			-0.002531				-0.000240		
	-0.025216			-0.003305				-0.000236		
	-0.026870			-0.004613				0.000000		
	-0.017046			-0.003046				-0.000251		
	-0.019199			-0.003829				-0.000240		
	-0.020537			-0.005244				0.000000		
	-0.012357			-0.003775				-0.000244		
	-0.014042			-0.004606				-0.000231		
	-0.015337			-0.006041				0.000000		
	-0.008909			-0.004659				-0.000210		
	-0.010142			-0.005557				-0.000206		
	-0.011327			-0.007005				0.000000		
	-0.006774			-0.005463				-0.000171		
	-0.007708			-0.006459				-0.000169		
	-0.008616			-0.008013				0.000000		
	0.000000			-0.010206				0.000000		
	0.000000			-0.011800				0.000000		
	0.000000			-0.013903				0.000000		
	-0.155111			-0.002658				-0.007285		
	-0.159253			-0.003657				-0.004759		
	-0.161751			-0.007541				0.000000		
	-0.091270			-0.002774				-0.006846		
	-0.095646			-0.003752				-0.004561		
	-0.096200			-0.007509				0.000000		
	-0.083127			-0.002804				-0.006789		
	-0.087547			-0.003777				-0.004521		
	-0.088563			-0.007503				0.000000		
	-0.045327			-0.003087				-0.006020		
	-0.049156			-0.004022				-0.004154		
	-0.051237			-0.007668				0.000000		
	-0.031646			-0.003372				-0.005419		
	-0.035082			-0.004287				-0.003851		
	-0.037219			-0.007757				0.000000		
	-0.024491			-0.003661				-0.004943		
	-0.027630			-0.004557				-0.003539		
	-0.029766			-0.007914				0.000000		
	-0.020013			-0.003936				-0.004602		
	-0.022910			-0.004824				-0.003300		
	-0.025001			-0.008052				0.000000		
	-0.014507			-0.004488				-0.003975		
	-0.017046			-0.005338				-0.002924		
	-0.018970			-0.008424				0.000000		
	-0.010197			-0.005265				-0.003250		
	-0.012255			-0.006138				-0.002529		
	-0.014065			-0.008968				0.000000		
	-0.007128			-0.006205				-0.002571		
	-0.008635			-0.007097				-0.002115		
	-0.010275			-0.009687				0.000000		
	-0.005301			-0.007082				-0.002017		
	-0.006481			-0.007995				-0.001724		
	-0.007774			-0.010512				0.000000		
	0.000000			-0.012074				0.000000		
	0.000000			-0.013537				0.000000		
	0.000000			-0.015567				0.000000		
	-0.159697			-0.002422				-0.004047		
	-0.162723			-0.003338				-0.003049		
	-0.164238			-0.006375				0.000000		
	-0.095337			-0.002543				-0.003928		
	-0.098419			-0.003449				-0.002988		
	-0.100542			-0.006457				0.000000		
	-0.087183			-0.002572				-0.003904		
	-0.090204			-0.003480				-0.002974		
	-0.091877			-0.006478				0.000000		
	-0.048582			-0.002864				-0.003668		
	-0.051374			-0.003756				-0.002829		
	-0.053621			-0.006675				0.000000		
	-0.034494			-0.003152				-0.003481		
	-0.037092			-0.004034				-0.002699		
	-0.039008			-0.006829				0.000000		
	-0.026928			-0.003435				-0.003306		
	-0.029347			-0.004307				-0.002583		
	-0.030984			-0.007073				0.000000		
	-0.022125			-0.003719				-0.003139		
	-0.024350			-0.004585				-0.002466		
	-0.026497			-0.007294				0.000000		
	-0.016287			-0.004277				-0.002815		
	-0.018319			-0.005125				-0.002248		
	-0.020137			-0.007656				0.000000		
	-0.011552			-0.005053				-0.002436		
	-0.013196			-0.005944				-0.001903		
	-0.014669			-0.008443				0.000000		
	-0.007984			-0.006024				-0.002038		
	-0.009419			-0.006937				-0.001544		
	-0.010813			-0.009303				0.000000		
	-0.005974			-0.006897				-0.001665		
	-0.007064			-0.007865				-0.001305		
	-0.008293			-0.010115				0.000000		
	0.000000			-0.012076				0.000000		
	0.000000			-0.013548				0.000000		
	0.000000			-0.015563				0.000000		
	-0.164122			-0.002180				-0.000336		
	-0.166628			-0.003008				-0.000291		
	-0.167682			-0.004383				0.000000		
	-0.099374			-0.002293				-0.000308		
	-0.102039			-0.003126				-0.000291		
	-0.102613			-0.004489				0.000000		
	-0.091265			-0.002323				-0.000310		
	-0.093601			-0.003152				-0.000309		
	-0.094725			-0.004524				0.000000		
	-0.052433			-0.002610				-0.000318		
	-0.054717			-0.003445				-0.000305		
	-0.056233			-0.004846				0.000000		
	-0.038028			-0.002896				-0.000325		
	-0.040137			-0.003732				-0.000305		
	-0.041643			-0.005117				0.000000		
	-0.030336			-0.003181				-0.000326		
	-0.032119			-0.004008				-0.000302		
	-0.033740			-0.005435				0.000000		
	-0.025440			-0.003453				-0.000345		
	-0.027017			-0.004295				-0.000313		
	-0.028224			-0.005747				0.000000		
	-0.019274			-0.004005				-0.000328		
	-0.020669			-0.004841				-0.000294		
	-0.021960			-0.006297				0.000000		
	-0.014084			-0.004780				-0.000288		
	-0.015161			-0.005672				-0.000266		
	-0.016276			-0.007168				0.000000		
	-0.010179			-0.005777				-0.000237		
	-0.011076			-0.006718				-0.000221		
	-0.011886			-0.008286				0.000000		
	-0.007756			-0.006681				-0.000179		
	-0.008436			-0.007678				-0.000170		
	-0.009163			-0.009252				0.000000		
	0.000000			-0.012131				0.000000		
	0.000000			-0.013554				0.000000		
	0.000000			-0.015616				0.000000		
	-0.157002			-0.011594				-0.011189		
	-0.161706			-0.012062				-0.006917		
	-0.162749			-0.016350				0.000000		
	-0.092194			-0.011736				-0.010492		
	-0.096945			-0.012183				-0.006570		
	-0.099991			-0.016322				0.000000		
	-0.085053			-0.011748				-0.010327		
	-0.089086			-0.012210				-0.006459		
	-0.090364			-0.016318				0.000000		
	-0.047165			-0.012068				-0.009029		
	-0.051549			-0.012482				-0.005888		
	-0.052220			-0.016221				0.000000		
	-0.033916			-0.012360				-0.008016		
	-0.037299			-0.012780				-0.005353		
	-0.039191			-0.016324				0.000000		
	-0.026568			-0.012678				-0.007158		
	-0.029919			-0.013091				-0.004892		
	-0.031588			-0.016391				0.000000		
	-0.022442			-0.013003				-0.006675		
	-0.024752			-0.013367				-0.004670		
	-0.026429			-0.016533				0.000000		
	-0.016752			-0.013656				-0.005595		
	-0.018790			-0.014026				-0.004090		
	-0.020627			-0.016958				0.000000		
	-0.012299			-0.014645				-0.004478		
	-0.013888			-0.015052				-0.003313		
	-0.015429			-0.017526				0.000000		
	-0.008786			-0.015880				-0.003468		
	-0.010039			-0.016324				-0.002664		
	-0.011398			-0.018443				0.000000		
	-0.006737			-0.017068				-0.002751		
	-0.007720			-0.017534				-0.002083		
	-0.008865			-0.019161				0.000000		
	0.000000			-0.023858				0.000000		
	0.000000			-0.024327				0.000000		
	0.000000			-0.025261				0.000000		
	-0.163149			-0.010997				-0.007243		
	-0.165602			-0.011529				-0.004807		
	-0.166536			-0.014796				0.000000		
	-0.098201			-0.011130				-0.006994		
	-0.100749			-0.011633				-0.004654		
	-0.102737			-0.014860				0.000000		
	-0.090271			-0.011165				-0.006908		
	-0.093231			-0.011694				-0.004605		
	-0.094627			-0.014865				0.000000		
	-0.051813			-0.011520				-0.006291		
	-0.054253			-0.012025				-0.004269		
	-0.054905			-0.014864				0.000000		
	-0.037457			-0.011860				-0.005687		
	-0.039836			-0.012352				-0.003945		
	-0.041057			-0.015209				0.000000		
	-0.029772			-0.012196				-0.005291		
	-0.031665			-0.012707				-0.003671		
	-0.033268			-0.015333				0.000000		
	-0.024979			-0.012560				-0.004911		
	-0.026775			-0.013065				-0.003386		
	-0.028373			-0.015683				0.000000		
	-0.018940			-0.013269				-0.004250		
	-0.020561			-0.013756				-0.002988		
	-0.021691			-0.016050				0.000000		
	-0.013830			-0.014293				-0.003530		
	-0.015235			-0.014764				-0.002514		
	-0.016207			-0.016817				0.000000		
	-0.010111			-0.015623				-0.002780		
	-0.010835			-0.016185				-0.002185		
	-0.011790			-0.017927				0.000000		
	-0.007603			-0.016868				-0.002223		
	-0.008166			-0.017413				-0.001811		
	-0.009388			-0.018724				0.000000		
	0.000000			-0.023896				0.000000		
	0.000000			-0.024318				0.000000		
	0.000000			-0.025256				0.000000		
	-0.170653			-0.010348				-0.000712		
	-0.170954			-0.010908				-0.000609		
	-0.171464			-0.011938				0.000000		
	-0.105842			-0.010513				-0.000625		
	-0.107053			-0.011090				-0.000577		
	-0.107530			-0.012155				0.000000		
	-0.098483			-0.010548				-0.000726		
	-0.097626			-0.011108				-0.000528		
	-0.098208			-0.012087				0.000000		
	-0.059014			-0.010925				-0.000628		
	-0.058969			-0.011470				-0.000552		
	-0.059412			-0.012506				0.000000		
	-0.044005			-0.011319				-0.000571		
	-0.044492			-0.011886				-0.000516		
	-0.044812			-0.012934				0.000000		
	-0.035908			-0.011687				-0.000629		
	-0.035555			-0.012222				-0.000472		
	-0.035943			-0.013207				0.000000		
	-0.030367			-0.012073				-0.000517		
	-0.030848			-0.012624				-0.000394		
	-0.030805			-0.013596				0.000000		
	-0.023677			-0.012806				-0.000487		
	-0.023802			-0.013381				-0.000380		
	-0.023901			-0.014283				0.000000		
	-0.017802			-0.013875				-0.000437		
	-0.017788			-0.014501				-0.000341		
	-0.017623			-0.015421				0.000000		
	-0.013042			-0.015243				-0.000292		
	-0.013081			-0.015901				-0.000256		
	-0.013002			-0.016851				0.000000		
	-0.009852			-0.016571				-0.000280		
	-0.009948			-0.017147				-0.000210		
	-0.009994			-0.018079				0.000000		
	0.000000			-0.023829				0.000000		
	0.000000			-0.024346				0.000000		
	0.000000			-0.025077				0.000000		
