c1
4
-0.44542 0.37050000000000005
0.44542 0.37050000000000005
0.45458 0.4665
-0.45458 0.4665

6
botleft
4
-4.145 -0.001
0 -0.001
0 0.001
-4.145 0.001

botright
4
0 -0.001
7.5649999999999995 -0.001
7.5649999999999995 0.001
0 0.001

lbEnv
4
-1.6604199999999998 0.37050000000000005
-0.7695799999999999 0.37050000000000005
-0.76042 0.4665
-1.6695799999999998 0.4665

ltEnv
4
-0.37951 0.9285000000000001
-0.34048999999999996 0.9285000000000001
-0.33451 1.0275
-0.38549 1.0275

c2left
4
-0.019510000000000013 0.9285000000000001
0 0.9285000000000001
0 1.0275
-0.025490000000000013 1.0275

c2
4
0 0.9285000000000001
0.019510000000000013 0.9285000000000001
0.025490000000000013 1.0275
0 1.0275


54
IMD4d1_damage
4
-0.388924 0.9185000000000001
-0.331076 0.9185000000000001
-0.330472 0.9285000000000001
-0.389528 0.9285000000000001
3.1

IMD4d1_damage
4
-0.028924000000000012 0.9185000000000001
0.028924000000000012 0.9185000000000001
0.029528000000000013 0.9285000000000001
-0.029528000000000013 0.9285000000000001
3.1

IMD4d2_damage
4
-0.384519 0.9285000000000001
-0.37951 0.9285000000000001
-0.38549 1.0275
-0.390499 1.0275
2.9

IMD4d2_damage
4
-0.34048999999999996 0.9285000000000001
-0.335481 0.9285000000000001
-0.329501 1.0275
-0.33451 1.0275
2.9

IMD4d2_damage
4
-0.024519000000000013 0.9285000000000001
-0.019510000000000013 0.9285000000000001
-0.025490000000000013 1.0275
-0.030499000000000012 1.0275
2.9

IMD4d2_damage
4
0.019510000000000013 0.9285000000000001
0.024519000000000013 0.9285000000000001
0.030499000000000012 1.0275
0.025490000000000013 1.0275
2.9

IMD1b
4
-4.145 0.40650000000000003
-1.6638549999999999 0.40650000000000003
-1.6695799999999998 0.4665
-4.145 0.4665
2.8

IMD1b
4
-0.766145 0.40650000000000003
-0.448855 0.40650000000000003
-0.45458 0.4665
-0.76042 0.4665
2.8

IMD1b
4
0.448855 0.40650000000000003
7.5649999999999995 0.40650000000000003
7.5649999999999995 0.4665
0.45458 0.4665
2.8

IMD1a
4
-4.145 0.3955
-1.6628054166666666 0.3955
-1.6638549999999999 0.40650000000000003
-4.145 0.40650000000000003
5.2

IMD1a
4
-0.7671945833333333 0.3955
-0.4478054166666667 0.3955
-0.448855 0.40650000000000003
-0.766145 0.40650000000000003
5.2

IMD1a
4
0.4478054166666667 0.3955
7.5649999999999995 0.3955
7.5649999999999995 0.40650000000000003
0.448855 0.40650000000000003
5.2

ILD1b3
4
-4.145 0.37050000000000005
-1.6604199999999998 0.37050000000000005
-1.6628054166666666 0.3955
-4.145 0.3955
4

ILD1b3
4
-0.7695799999999999 0.37050000000000005
-0.44542 0.37050000000000005
-0.4478054166666667 0.3955
-0.7671945833333333 0.3955
4

ILD1b3
4
0.44542 0.37050000000000005
7.5649999999999995 0.37050000000000005
7.5649999999999995 0.3955
0.4478054166666667 0.3955
4

ILD1b1+ILD1b2
4
-4.145 0.2765
7.5649999999999995 0.2765
7.5649999999999995 0.37050000000000005
-4.145 0.37050000000000005
4

IMD4d2
4
-4.145 0.9285000000000001
-0.384519 0.9285000000000001
-0.390499 1.0275
-4.145 1.0275
2.65

IMD4d2
4
-0.335481 0.9285000000000001
-0.024519000000000013 0.9285000000000001
-0.030499000000000012 1.0275
-0.329501 1.0275
2.65

IMD4d2
4
0.024519000000000013 0.9285000000000001
7.5649999999999995 0.9285000000000001
7.5649999999999995 1.0275
0.030499000000000012 1.0275
2.65

IMD4d1
4
-4.145 0.9185000000000001
-0.388924 0.9185000000000001
-0.389528 0.9285000000000001
-4.145 0.9285000000000001
2.65

IMD4d1
4
-0.331076 0.9185000000000001
-0.028924000000000012 0.9185000000000001
-0.029528000000000013 0.9285000000000001
-0.330472 0.9285000000000001
2.65

IMD4d1
4
0.028924000000000012 0.9185000000000001
7.5649999999999995 0.9185000000000001
7.5649999999999995 0.9285000000000001
0.029528000000000013 0.9285000000000001
2.65

IMD4d1
4
-4.145 0.9005
7.5649999999999995 0.9005
7.5649999999999995 0.9185000000000001
-4.145 0.9185000000000001
2.65

FOXA+FOXB+TOX
4
-4.145 0.001
7.5649999999999995 0.001
7.5649999999999995 0.2665
-4.145 0.2665
4.0

ILD1a
4
-4.145 0.2665
7.5649999999999995 0.2665
7.5649999999999995 0.2765
-4.145 0.2765
7.0

IMD2a
4
-4.145 0.4665
7.5649999999999995 0.4665
7.5649999999999995 0.4875
-4.145 0.4875
5.2

IMD2b
4
-4.145 0.4875
7.5649999999999995 0.4875
7.5649999999999995 0.5025
-4.145 0.5025
4.2

IMD2c
4
-4.145 0.5025
7.5649999999999995 0.5025
7.5649999999999995 0.5265
-4.145 0.5265
3.28

IMD2d1+IMD2d2
4
-4.145 0.5265
7.5649999999999995 0.5265
7.5649999999999995 0.6535
-4.145 0.6535
2.65

IMD3a
4
-4.145 0.6535
7.5649999999999995 0.6535
7.5649999999999995 0.6745
-4.145 0.6745
5.2

IMD3b
4
-4.145 0.6745
7.5649999999999995 0.6745
7.5649999999999995 0.6895
-4.145 0.6895
4.2

IMD3c
4
-4.145 0.6895
7.5649999999999995 0.6895
7.5649999999999995 0.7135
-4.145 0.7135
3.28

IMD3d1+IMD3d2
4
-4.145 0.7135
7.5649999999999995 0.7135
7.5649999999999995 0.8405
-4.145 0.8405
2.65

IMD4a
4
-4.145 0.8405
7.5649999999999995 0.8405
7.5649999999999995 0.8615
-4.145 0.8615
5.2

IMD4b
4
-4.145 0.8615
7.5649999999999995 0.8615
7.5649999999999995 0.8765
-4.145 0.8765
4.2

IMD4c
4
-4.145 0.8765
7.5649999999999995 0.8765
7.5649999999999995 0.9005
-4.145 0.9005
3.28

IMD5a
4
-4.145 1.0275
7.5649999999999995 1.0275
7.5649999999999995 1.0485
-4.145 1.0485
5.2

IMD5b
4
-4.145 1.0485
7.5649999999999995 1.0485
7.5649999999999995 1.0635
-4.145 1.0635
4.2

IMD5c
4
-4.145 1.0635
7.5649999999999995 1.0635
7.5649999999999995 1.0875
-4.145 1.0875
3.28

IMD5d1+IMD5d2
4
-4.145 1.0875
7.5649999999999995 1.0875
7.5649999999999995 1.2145
-4.145 1.2145
2.65

IMD6a
4
-4.145 1.2145
7.5649999999999995 1.2145
7.5649999999999995 1.2355
-4.145 1.2355
5.2

IMD6b
4
-4.145 1.2355
7.5649999999999995 1.2355
7.5649999999999995 1.2505
-4.145 1.2505
4.2

IMD6c
4
-4.145 1.2505
7.5649999999999995 1.2505
7.5649999999999995 1.2745
-4.145 1.2745
3.28

IMD6d1+IMD6d2
4
-4.145 1.2745
7.5649999999999995 1.2745
7.5649999999999995 1.4015
-4.145 1.4015
2.65

IMD7a
4
-4.145 1.4015
7.5649999999999995 1.4015
7.5649999999999995 1.4765
-4.145 1.4765
5.2

IMD7b1+IMD7b2
4
-4.145 1.4765
7.5649999999999995 1.4765
7.5649999999999995 2.9765
-4.145 2.9765
4.2

IMD8a
4
-4.145 2.9765
7.5649999999999995 2.9765
7.5649999999999995 3.0515
-4.145 3.0515
5.2

IMD8b1+IMD8b2
4
-4.145 3.0515
7.5649999999999995 3.0515
7.5649999999999995 4.5515
-4.145 4.5515
4.2

PASS1
4
-4.145 4.5515
7.5649999999999995 4.5515
7.5649999999999995 4.6265
-4.145 4.6265
7.0

PASS2
4
-4.145 4.6265
7.5649999999999995 4.6265
7.5649999999999995 5.0265
-4.145 5.0265
4.2

PASS3
4
-4.145 5.0265
7.5649999999999995 5.0265
7.5649999999999995 5.1015
-4.145 5.1015
7.0

PASS4+PASS5
4
-4.145 5.1015
7.5649999999999995 5.1015
7.5649999999999995 6.0515
-4.145 6.0515
4.2

PASS6
4
-4.145 6.0515
7.5649999999999995 6.0515
7.5649999999999995 6.6515
-4.145 6.6515
7.0

air_Layer
4
-4.145 6.6515
7.5649999999999995 6.6515
7.5649999999999995 6.9485
-4.145 6.9485
1.0


4
-4.145 0.001
7.5649999999999995 0.001
7.5649999999999995 6.9485
-4.145 6.9485

