c2
4
-0.01951 0.9285000000000001
0.01951 0.9285000000000001
0.02549 1.0275
-0.02549 1.0275

6
botleft
4
-5.202500000000001 -0.001
0 -0.001
0 0.001
-5.202500000000001 0.001

botright
4
0 -0.001
5.6075 -0.001
5.6075 0.001
0 0.001

c4
4
0.47548999999999997 0.9285000000000001
0.51451 0.9285000000000001
0.52049 1.0275
0.46951 1.0275

c1left
4
-0.06451000000000001 0.5545
0 0.5545
0 0.6535
-0.07049000000000001 0.6535

c1
4
0 0.5545
0.06451000000000001 0.5545
0.07049000000000001 0.6535
0 0.6535

c3
4
0.5204899999999999 0.5545
0.55951 0.5545
0.5654899999999999 0.6535
0.5145099999999999 0.6535


59
IMD2d1_damage
4
-0.07392400000000002 0.5445
0.07392400000000002 0.5445
0.07452800000000001 0.5545
-0.07452800000000001 0.5545
3.1

IMD2d1_damage
4
0.511076 0.5445
0.5689239999999999 0.5445
0.5695279999999999 0.5545
0.5104719999999999 0.5545
3.1

IMD2d2_damage
4
-0.06951900000000001 0.5545
-0.06451000000000001 0.5545
-0.07049000000000001 0.6535
-0.07549900000000001 0.6535
2.9

IMD2d2_damage
4
0.06451000000000001 0.5545
0.06951900000000001 0.5545
0.07549900000000001 0.6535
0.07049000000000001 0.6535
2.9

IMD2d2_damage
4
0.5154809999999999 0.5545
0.5204899999999999 0.5545
0.5145099999999999 0.6535
0.5095009999999999 0.6535
2.9

IMD2d2_damage
4
0.55951 0.5545
0.564519 0.5545
0.570499 0.6535
0.5654899999999999 0.6535
2.9

IMD4d1_damage
4
-0.028924 0.9185000000000001
0.028924 0.9185000000000001
0.029528 0.9285000000000001
-0.029528 0.9285000000000001
3.1

IMD4d1_damage
4
0.466076 0.9185000000000001
0.523924 0.9185000000000001
0.524528 0.9285000000000001
0.465472 0.9285000000000001
3.1

IMD4d2_damage
4
-0.024519 0.9285000000000001
-0.01951 0.9285000000000001
-0.02549 1.0275
-0.030499 1.0275
2.9

IMD4d2_damage
4
0.01951 0.9285000000000001
0.024519 0.9285000000000001
0.030499 1.0275
0.02549 1.0275
2.9

IMD4d2_damage
4
0.470481 0.9285000000000001
0.47548999999999997 0.9285000000000001
0.46951 1.0275
0.464501 1.0275
2.9

IMD4d2_damage
4
0.51451 0.9285000000000001
0.5195190000000001 0.9285000000000001
0.525499 1.0275
0.52049 1.0275
2.9

IMD2d2
4
-5.202500000000001 0.5545
-0.06951900000000001 0.5545
-0.07549900000000001 0.6535
-5.202500000000001 0.6535
2.65

IMD2d2
4
0.06951900000000001 0.5545
0.5154809999999999 0.5545
0.5095009999999999 0.6535
0.07549900000000001 0.6535
2.65

IMD2d2
4
0.564519 0.5545
5.6075 0.5545
5.6075 0.6535
0.570499 0.6535
2.65

IMD2d1
4
-5.202500000000001 0.5445
-0.07392400000000002 0.5445
-0.07452800000000001 0.5545
-5.202500000000001 0.5545
2.65

IMD2d1
4
0.07392400000000002 0.5445
0.511076 0.5445
0.5104719999999999 0.5545
0.07452800000000001 0.5545
2.65

IMD2d1
4
0.5689239999999999 0.5445
5.6075 0.5445
5.6075 0.5545
0.5695279999999999 0.5545
2.65

IMD2d1
4
-5.202500000000001 0.5265
5.6075 0.5265
5.6075 0.5445
-5.202500000000001 0.5445
2.65

IMD4d2
4
-5.202500000000001 0.9285000000000001
-0.024519 0.9285000000000001
-0.030499 1.0275
-5.202500000000001 1.0275
2.65

IMD4d2
4
0.024519 0.9285000000000001
0.470481 0.9285000000000001
0.464501 1.0275
0.030499 1.0275
2.65

IMD4d2
4
0.5195190000000001 0.9285000000000001
5.6075 0.9285000000000001
5.6075 1.0275
0.525499 1.0275
2.65

IMD4d1
4
-5.202500000000001 0.9185000000000001
-0.028924 0.9185000000000001
-0.029528 0.9285000000000001
-5.202500000000001 0.9285000000000001
2.65

IMD4d1
4
0.028924 0.9185000000000001
0.466076 0.9185000000000001
0.465472 0.9285000000000001
0.029528 0.9285000000000001
2.65

IMD4d1
4
0.523924 0.9185000000000001
5.6075 0.9185000000000001
5.6075 0.9285000000000001
0.524528 0.9285000000000001
2.65

IMD4d1
4
-5.202500000000001 0.9005
5.6075 0.9005
5.6075 0.9185000000000001
-5.202500000000001 0.9185000000000001
2.65

FOXA+FOXB+TOX
4
-5.202500000000001 0.001
5.6075 0.001
5.6075 0.2665
-5.202500000000001 0.2665
4.0

ILD1a
4
-5.202500000000001 0.2665
5.6075 0.2665
5.6075 0.2765
-5.202500000000001 0.2765
7.0

ILD1b1+ILD1b2+ILD1b3
4
-5.202500000000001 0.2765
5.6075 0.2765
5.6075 0.3955
-5.202500000000001 0.3955
4.0

IMD1a
4
-5.202500000000001 0.3955
5.6075 0.3955
5.6075 0.4065
-5.202500000000001 0.4065
5.2

IMD1b
4
-5.202500000000001 0.4065
5.6075 0.4065
5.6075 0.4665
-5.202500000000001 0.4665
2.8

IMD2a
4
-5.202500000000001 0.4665
5.6075 0.4665
5.6075 0.4875
-5.202500000000001 0.4875
5.2

IMD2b
4
-5.202500000000001 0.4875
5.6075 0.4875
5.6075 0.5025
-5.202500000000001 0.5025
4.2

IMD2c
4
-5.202500000000001 0.5025
5.6075 0.5025
5.6075 0.5265
-5.202500000000001 0.5265
3.28

IMD3a
4
-5.202500000000001 0.6535
5.6075 0.6535
5.6075 0.6745
-5.202500000000001 0.6745
5.2

IMD3b
4
-5.202500000000001 0.6745
5.6075 0.6745
5.6075 0.6895
-5.202500000000001 0.6895
4.2

IMD3c
4
-5.202500000000001 0.6895
5.6075 0.6895
5.6075 0.7135
-5.202500000000001 0.7135
3.28

IMD3d1+IMD3d2
4
-5.202500000000001 0.7135
5.6075 0.7135
5.6075 0.8405
-5.202500000000001 0.8405
2.65

IMD4a
4
-5.202500000000001 0.8405
5.6075 0.8405
5.6075 0.8615
-5.202500000000001 0.8615
5.2

IMD4b
4
-5.202500000000001 0.8615
5.6075 0.8615
5.6075 0.8765
-5.202500000000001 0.8765
4.2

IMD4c
4
-5.202500000000001 0.8765
5.6075 0.8765
5.6075 0.9005
-5.202500000000001 0.9005
3.28

IMD5a
4
-5.202500000000001 1.0275
5.6075 1.0275
5.6075 1.0485
-5.202500000000001 1.0485
5.2

IMD5b
4
-5.202500000000001 1.0485
5.6075 1.0485
5.6075 1.0635
-5.202500000000001 1.0635
4.2

IMD5c
4
-5.202500000000001 1.0635
5.6075 1.0635
5.6075 1.0875
-5.202500000000001 1.0875
3.28

IMD5d1+IMD5d2
4
-5.202500000000001 1.0875
5.6075 1.0875
5.6075 1.2145
-5.202500000000001 1.2145
2.65

IMD6a
4
-5.202500000000001 1.2145
5.6075 1.2145
5.6075 1.2355
-5.202500000000001 1.2355
5.2

IMD6b
4
-5.202500000000001 1.2355
5.6075 1.2355
5.6075 1.2505
-5.202500000000001 1.2505
4.2

IMD6c
4
-5.202500000000001 1.2505
5.6075 1.2505
5.6075 1.2745
-5.202500000000001 1.2745
3.28

IMD6d1+IMD6d2
4
-5.202500000000001 1.2745
5.6075 1.2745
5.6075 1.4015
-5.202500000000001 1.4015
2.65

IMD7a
4
-5.202500000000001 1.4015
5.6075 1.4015
5.6075 1.4765
-5.202500000000001 1.4765
5.2

IMD7b1+IMD7b2
4
-5.202500000000001 1.4765
5.6075 1.4765
5.6075 2.9765
-5.202500000000001 2.9765
4.2

IMD8a
4
-5.202500000000001 2.9765
5.6075 2.9765
5.6075 3.0515
-5.202500000000001 3.0515
5.2

IMD8b1+IMD8b2
4
-5.202500000000001 3.0515
5.6075 3.0515
5.6075 4.5515
-5.202500000000001 4.5515
4.2

PASS1
4
-5.202500000000001 4.5515
5.6075 4.5515
5.6075 4.6265
-5.202500000000001 4.6265
7.0

PASS2
4
-5.202500000000001 4.6265
5.6075 4.6265
5.6075 5.0265
-5.202500000000001 5.0265
4.2

PASS3
4
-5.202500000000001 5.0265
5.6075 5.0265
5.6075 5.1015
-5.202500000000001 5.1015
7.0

PASS4+PASS5
4
-5.202500000000001 5.1015
5.6075 5.1015
5.6075 6.0515
-5.202500000000001 6.0515
4.2

PASS6
4
-5.202500000000001 6.0515
5.6075 6.0515
5.6075 6.6515
-5.202500000000001 6.6515
7.0

air_Layer
4
-5.202500000000001 6.6515
5.6075 6.6515
5.6075 6.9485
-5.202500000000001 6.9485
1.0


4
-5.202500000000001 0.001
5.6075 0.001
5.6075 6.9485
-5.202500000000001 6.9485

