c2
4
-0.019510000000000013 0.9285000000000001
0.019510000000000013 0.9285000000000001
0.025490000000000013 1.0275
-0.025490000000000013 1.0275

10
botleft
4
-2.165 -0.001
0 -0.001
0 0.001
-2.165 0.001

botright
4
0 -0.001
3.1055 -0.001
3.1055 0.001
0 0.001

ltEnv
4
-0.37951 0.9285000000000001
-0.34048999999999996 0.9285000000000001
-0.33451 1.0275
-0.38549 1.0275

c4
4
0.06599000000000001 0.9285000000000001
0.10501000000000003 0.9285000000000001
0.11099000000000003 1.0275
0.06001000000000001 1.0275

rtEnv
4
0.4259900000000001 0.9285000000000001
0.46501000000000015 0.9285000000000001
0.47099000000000013 1.0275
0.4200100000000001 1.0275

lbEnv
4
-1.6620099999999998 0.5545
-0.76799 0.5545
-0.76201 0.6535
-1.6679899999999999 0.6535

c1left
4
-0.44701 0.5545
0 0.5545
0 0.6535
-0.45299 0.6535

c1
4
0 0.5545
0.44701 0.5545
0.45299 0.6535
0 0.6535

c3
4
0.4934900000000001 0.5545
1.38751 0.5545
1.3934900000000001 0.6535
0.4875100000000001 0.6535

rbEnv
4
1.70849 0.5545
2.6025099999999997 0.5545
2.6084899999999998 0.6535
1.70251 0.6535


79
IMD2d1_damage
4
-1.6714239999999998 0.5445
-0.758576 0.5445
-0.757972 0.5545
-1.6720279999999998 0.5545
3.1

IMD2d1_damage
4
-0.456424 0.5445
0.456424 0.5445
0.457028 0.5545
-0.457028 0.5545
3.1

IMD2d1_damage
4
0.4840760000000001 0.5445
1.396924 0.5445
1.397528 0.5545
0.4834720000000001 0.5545
3.1

IMD2d1_damage
4
1.699076 0.5445
2.6119239999999997 0.5445
2.6125279999999997 0.5545
1.698472 0.5545
3.1

IMD2d2_damage
4
-1.6670189999999998 0.5545
-1.6620099999999998 0.5545
-1.6679899999999999 0.6535
-1.672999 0.6535
2.9

IMD2d2_damage
4
-0.76799 0.5545
-0.7629809999999999 0.5545
-0.7570009999999999 0.6535
-0.76201 0.6535
2.9

IMD2d2_damage
4
-0.452019 0.5545
-0.44701 0.5545
-0.45299 0.6535
-0.457999 0.6535
2.9

IMD2d2_damage
4
0.44701 0.5545
0.452019 0.5545
0.457999 0.6535
0.45299 0.6535
2.9

IMD2d2_damage
4
0.4884810000000001 0.5545
0.4934900000000001 0.5545
0.4875100000000001 0.6535
0.4825010000000001 0.6535
2.9

IMD2d2_damage
4
1.38751 0.5545
1.392519 0.5545
1.3984990000000002 0.6535
1.3934900000000001 0.6535
2.9

IMD2d2_damage
4
1.703481 0.5545
1.70849 0.5545
1.70251 0.6535
1.697501 0.6535
2.9

IMD2d2_damage
4
2.6025099999999997 0.5545
2.6075189999999995 0.5545
2.6134989999999996 0.6535
2.6084899999999998 0.6535
2.9

IMD4d1_damage
4
-0.388924 0.9185000000000001
-0.331076 0.9185000000000001
-0.330472 0.9285000000000001
-0.389528 0.9285000000000001
3.1

IMD4d1_damage
4
-0.028924000000000012 0.9185000000000001
0.028924000000000012 0.9185000000000001
0.029528000000000013 0.9285000000000001
-0.029528000000000013 0.9285000000000001
3.1

IMD4d1_damage
4
0.05657600000000001 0.9185000000000001
0.11442400000000004 0.9185000000000001
0.11502800000000003 0.9285000000000001
0.05597200000000001 0.9285000000000001
3.1

IMD4d1_damage
4
0.4165760000000001 0.9185000000000001
0.4744240000000001 0.9185000000000001
0.4750280000000001 0.9285000000000001
0.4159720000000001 0.9285000000000001
3.1

IMD4d2_damage
4
-0.384519 0.9285000000000001
-0.37951 0.9285000000000001
-0.38549 1.0275
-0.390499 1.0275
2.9

IMD4d2_damage
4
-0.34048999999999996 0.9285000000000001
-0.335481 0.9285000000000001
-0.329501 1.0275
-0.33451 1.0275
2.9

IMD4d2_damage
4
-0.024519000000000013 0.9285000000000001
-0.019510000000000013 0.9285000000000001
-0.025490000000000013 1.0275
-0.030499000000000012 1.0275
2.9

IMD4d2_damage
4
0.019510000000000013 0.9285000000000001
0.024519000000000013 0.9285000000000001
0.030499000000000012 1.0275
0.025490000000000013 1.0275
2.9

IMD4d2_damage
4
0.06098100000000001 0.9285000000000001
0.06599000000000001 0.9285000000000001
0.06001000000000001 1.0275
0.05500100000000001 1.0275
2.9

IMD4d2_damage
4
0.10501000000000003 0.9285000000000001
0.11001900000000003 0.9285000000000001
0.11599900000000003 1.0275
0.11099000000000003 1.0275
2.9

IMD4d2_damage
4
0.4209810000000001 0.9285000000000001
0.4259900000000001 0.9285000000000001
0.4200100000000001 1.0275
0.4150010000000001 1.0275
2.9

IMD4d2_damage
4
0.46501000000000015 0.9285000000000001
0.47001900000000013 0.9285000000000001
0.4759990000000001 1.0275
0.47099000000000013 1.0275
2.9

IMD2d2
4
-2.165 0.5545
-1.6670189999999998 0.5545
-1.672999 0.6535
-2.165 0.6535
2.65

IMD2d2
4
-0.7629809999999999 0.5545
-0.452019 0.5545
-0.457999 0.6535
-0.7570009999999999 0.6535
2.65

IMD2d2
4
0.452019 0.5545
0.4884810000000001 0.5545
0.4825010000000001 0.6535
0.457999 0.6535
2.65

IMD2d2
4
1.392519 0.5545
1.703481 0.5545
1.697501 0.6535
1.3984990000000002 0.6535
2.65

IMD2d2
4
2.6075189999999995 0.5545
3.1055 0.5545
3.1055 0.6535
2.6134989999999996 0.6535
2.65

IMD2d1
4
-2.165 0.5445
-1.6714239999999998 0.5445
-1.6720279999999998 0.5545
-2.165 0.5545
2.65

IMD2d1
4
-0.758576 0.5445
-0.456424 0.5445
-0.457028 0.5545
-0.757972 0.5545
2.65

IMD2d1
4
0.456424 0.5445
0.4840760000000001 0.5445
0.4834720000000001 0.5545
0.457028 0.5545
2.65

IMD2d1
4
1.396924 0.5445
1.699076 0.5445
1.698472 0.5545
1.397528 0.5545
2.65

IMD2d1
4
2.6119239999999997 0.5445
3.1055 0.5445
3.1055 0.5545
2.6125279999999997 0.5545
2.65

IMD2d1
4
-2.165 0.5265
3.1055 0.5265
3.1055 0.5445
-2.165 0.5445
2.65

IMD4d2
4
-2.165 0.9285000000000001
-0.384519 0.9285000000000001
-0.390499 1.0275
-2.165 1.0275
2.65

IMD4d2
4
-0.335481 0.9285000000000001
-0.024519000000000013 0.9285000000000001
-0.030499000000000012 1.0275
-0.329501 1.0275
2.65

IMD4d2
4
0.024519000000000013 0.9285000000000001
0.06098100000000001 0.9285000000000001
0.05500100000000001 1.0275
0.030499000000000012 1.0275
2.65

IMD4d2
4
0.11001900000000003 0.9285000000000001
0.4209810000000001 0.9285000000000001
0.4150010000000001 1.0275
0.11599900000000003 1.0275
2.65

IMD4d2
4
0.47001900000000013 0.9285000000000001
3.1055 0.9285000000000001
3.1055 1.0275
0.4759990000000001 1.0275
2.65

IMD4d1
4
-2.165 0.9185000000000001
-0.388924 0.9185000000000001
-0.389528 0.9285000000000001
-2.165 0.9285000000000001
2.65

IMD4d1
4
-0.331076 0.9185000000000001
-0.028924000000000012 0.9185000000000001
-0.029528000000000013 0.9285000000000001
-0.330472 0.9285000000000001
2.65

IMD4d1
4
0.028924000000000012 0.9185000000000001
0.05657600000000001 0.9185000000000001
0.05597200000000001 0.9285000000000001
0.029528000000000013 0.9285000000000001
2.65

IMD4d1
4
0.11442400000000004 0.9185000000000001
0.4165760000000001 0.9185000000000001
0.4159720000000001 0.9285000000000001
0.11502800000000003 0.9285000000000001
2.65

IMD4d1
4
0.4744240000000001 0.9185000000000001
3.1055 0.9185000000000001
3.1055 0.9285000000000001
0.4750280000000001 0.9285000000000001
2.65

IMD4d1
4
-2.165 0.9005
3.1055 0.9005
3.1055 0.9185000000000001
-2.165 0.9185000000000001
2.65

FOXA+FOXB+TOX
4
-2.165 0.001
3.1055 0.001
3.1055 0.2665
-2.165 0.2665
4.0

ILD1a
4
-2.165 0.2665
3.1055 0.2665
3.1055 0.2765
-2.165 0.2765
7.0

ILD1b1+ILD1b2+ILD1b3
4
-2.165 0.2765
3.1055 0.2765
3.1055 0.3955
-2.165 0.3955
4.0

IMD1a
4
-2.165 0.3955
3.1055 0.3955
3.1055 0.4065
-2.165 0.4065
5.2

IMD1b
4
-2.165 0.4065
3.1055 0.4065
3.1055 0.4665
-2.165 0.4665
2.8

IMD2a
4
-2.165 0.4665
3.1055 0.4665
3.1055 0.4875
-2.165 0.4875
5.2

IMD2b
4
-2.165 0.4875
3.1055 0.4875
3.1055 0.5025
-2.165 0.5025
4.2

IMD2c
4
-2.165 0.5025
3.1055 0.5025
3.1055 0.5265
-2.165 0.5265
3.28

IMD3a
4
-2.165 0.6535
3.1055 0.6535
3.1055 0.6745
-2.165 0.6745
5.2

IMD3b
4
-2.165 0.6745
3.1055 0.6745
3.1055 0.6895
-2.165 0.6895
4.2

IMD3c
4
-2.165 0.6895
3.1055 0.6895
3.1055 0.7135
-2.165 0.7135
3.28

IMD3d1+IMD3d2
4
-2.165 0.7135
3.1055 0.7135
3.1055 0.8405
-2.165 0.8405
2.65

IMD4a
4
-2.165 0.8405
3.1055 0.8405
3.1055 0.8615
-2.165 0.8615
5.2

IMD4b
4
-2.165 0.8615
3.1055 0.8615
3.1055 0.8765
-2.165 0.8765
4.2

IMD4c
4
-2.165 0.8765
3.1055 0.8765
3.1055 0.9005
-2.165 0.9005
3.28

IMD5a
4
-2.165 1.0275
3.1055 1.0275
3.1055 1.0485
-2.165 1.0485
5.2

IMD5b
4
-2.165 1.0485
3.1055 1.0485
3.1055 1.0635
-2.165 1.0635
4.2

IMD5c
4
-2.165 1.0635
3.1055 1.0635
3.1055 1.0875
-2.165 1.0875
3.28

IMD5d1+IMD5d2
4
-2.165 1.0875
3.1055 1.0875
3.1055 1.2145
-2.165 1.2145
2.65

IMD6a
4
-2.165 1.2145
3.1055 1.2145
3.1055 1.2355
-2.165 1.2355
5.2

IMD6b
4
-2.165 1.2355
3.1055 1.2355
3.1055 1.2505
-2.165 1.2505
4.2

IMD6c
4
-2.165 1.2505
3.1055 1.2505
3.1055 1.2745
-2.165 1.2745
3.28

IMD6d1+IMD6d2
4
-2.165 1.2745
3.1055 1.2745
3.1055 1.4015
-2.165 1.4015
2.65

IMD7a
4
-2.165 1.4015
3.1055 1.4015
3.1055 1.4765
-2.165 1.4765
5.2

IMD7b1+IMD7b2
4
-2.165 1.4765
3.1055 1.4765
3.1055 2.9765
-2.165 2.9765
4.2

IMD8a
4
-2.165 2.9765
3.1055 2.9765
3.1055 3.0515
-2.165 3.0515
5.2

IMD8b1+IMD8b2
4
-2.165 3.0515
3.1055 3.0515
3.1055 4.5515
-2.165 4.5515
4.2

PASS1
4
-2.165 4.5515
3.1055 4.5515
3.1055 4.6265
-2.165 4.6265
7.0

PASS2
4
-2.165 4.6265
3.1055 4.6265
3.1055 5.0265
-2.165 5.0265
4.2

PASS3
4
-2.165 5.0265
3.1055 5.0265
3.1055 5.1015
-2.165 5.1015
7.0

PASS4+PASS5
4
-2.165 5.1015
3.1055 5.1015
3.1055 6.0515
-2.165 6.0515
4.2

PASS6
4
-2.165 6.0515
3.1055 6.0515
3.1055 6.6515
-2.165 6.6515
7.0

air_Layer
4
-2.165 6.6515
3.1055 6.6515
3.1055 6.9485
-2.165 6.9485
1.0


4
-2.165 0.001
3.1055 0.001
3.1055 6.9485
-2.165 6.9485

