c2
4
-0.019510000000000013 1.3025
0.019510000000000013 1.3025
0.025490000000000013 1.4015
-0.025490000000000013 1.4015

10
botleft
4
-2.165 -0.001
0 -0.001
0 0.001
-2.165 0.001

botright
4
0 -0.001
1.5574999999999994 -0.001
1.5574999999999994 0.001
0 0.001

ltEnv
4
-0.37951 1.3025
-0.34048999999999996 1.3025
-0.33451 1.4015
-0.38549 1.4015

c4
4
0.04798999999999999 1.3025
0.08701000000000002 1.3025
0.09299000000000002 1.4015
0.04200999999999999 1.4015

rtEnv
4
0.4079900000000001 1.3025
0.44701000000000013 1.3025
0.4529900000000001 1.4015
0.4020100000000001 1.4015

lbEnv
4
-1.6620099999999998 0.5545
-0.76799 0.5545
-0.76201 0.6535
-1.6679899999999999 0.6535

c1left
4
-0.44701 0.5545
0 0.5545
0 0.6535
-0.45299 0.6535

c1
4
0 0.5545
0.44701 0.5545
0.45299 0.6535
0 0.6535

c3
4
0.47548999999999986 0.5545
0.6045099999999998 0.5545
0.6104899999999998 0.6535
0.46950999999999987 0.6535

rbEnv
4
0.9254899999999996 0.5545
1.0545099999999994 0.5545
1.0604899999999995 0.6535
0.9195099999999996 0.6535


79
IMD2d1_damage
4
-1.6714239999999998 0.5445
-0.758576 0.5445
-0.757972 0.5545
-1.6720279999999998 0.5545
3.1

IMD2d1_damage
4
-0.456424 0.5445
0.456424 0.5445
0.457028 0.5545
-0.457028 0.5545
3.1

IMD2d1_damage
4
0.4660759999999999 0.5445
0.6139239999999997 0.5445
0.6145279999999997 0.5545
0.4654719999999999 0.5545
3.1

IMD2d1_damage
4
0.9160759999999997 0.5445
1.0639239999999994 0.5445
1.0645279999999995 0.5545
0.9154719999999996 0.5545
3.1

IMD2d2_damage
4
-1.6670189999999998 0.5545
-1.6620099999999998 0.5545
-1.6679899999999999 0.6535
-1.672999 0.6535
2.9

IMD2d2_damage
4
-0.76799 0.5545
-0.7629809999999999 0.5545
-0.7570009999999999 0.6535
-0.76201 0.6535
2.9

IMD2d2_damage
4
-0.452019 0.5545
-0.44701 0.5545
-0.45299 0.6535
-0.457999 0.6535
2.9

IMD2d2_damage
4
0.44701 0.5545
0.452019 0.5545
0.457999 0.6535
0.45299 0.6535
2.9

IMD2d2_damage
4
0.47048099999999987 0.5545
0.47548999999999986 0.5545
0.46950999999999987 0.6535
0.4645009999999999 0.6535
2.9

IMD2d2_damage
4
0.6045099999999998 0.5545
0.6095189999999998 0.5545
0.6154989999999998 0.6535
0.6104899999999998 0.6535
2.9

IMD2d2_damage
4
0.9204809999999995 0.5545
0.9254899999999996 0.5545
0.9195099999999996 0.6535
0.9145009999999996 0.6535
2.9

IMD2d2_damage
4
1.0545099999999994 0.5545
1.0595189999999994 0.5545
1.0654989999999995 0.6535
1.0604899999999995 0.6535
2.9

IMD6d1_damage
4
-0.388924 1.2925
-0.331076 1.2925
-0.330472 1.3025
-0.389528 1.3025
3.1

IMD6d1_damage
4
-0.028924000000000012 1.2925
0.028924000000000012 1.2925
0.029528000000000013 1.3025
-0.029528000000000013 1.3025
3.1

IMD6d1_damage
4
0.03857599999999999 1.2925
0.09642400000000002 1.2925
0.09702800000000002 1.3025
0.03797199999999999 1.3025
3.1

IMD6d1_damage
4
0.3985760000000001 1.2925
0.4564240000000001 1.2925
0.4570280000000001 1.3025
0.3979720000000001 1.3025
3.1

IMD6d2_damage
4
-0.384519 1.3025
-0.37951 1.3025
-0.38549 1.4015
-0.390499 1.4015
2.9

IMD6d2_damage
4
-0.34048999999999996 1.3025
-0.335481 1.3025
-0.329501 1.4015
-0.33451 1.4015
2.9

IMD6d2_damage
4
-0.024519000000000013 1.3025
-0.019510000000000013 1.3025
-0.025490000000000013 1.4015
-0.030499000000000012 1.4015
2.9

IMD6d2_damage
4
0.019510000000000013 1.3025
0.024519000000000013 1.3025
0.030499000000000012 1.4015
0.025490000000000013 1.4015
2.9

IMD6d2_damage
4
0.04298099999999999 1.3025
0.04798999999999999 1.3025
0.04200999999999999 1.4015
0.03700099999999999 1.4015
2.9

IMD6d2_damage
4
0.08701000000000002 1.3025
0.09201900000000002 1.3025
0.09799900000000002 1.4015
0.09299000000000002 1.4015
2.9

IMD6d2_damage
4
0.4029810000000001 1.3025
0.4079900000000001 1.3025
0.4020100000000001 1.4015
0.3970010000000001 1.4015
2.9

IMD6d2_damage
4
0.44701000000000013 1.3025
0.4520190000000001 1.3025
0.4579990000000001 1.4015
0.4529900000000001 1.4015
2.9

IMD2d2
4
-2.165 0.5545
-1.6670189999999998 0.5545
-1.672999 0.6535
-2.165 0.6535
2.65

IMD2d2
4
-0.7629809999999999 0.5545
-0.452019 0.5545
-0.457999 0.6535
-0.7570009999999999 0.6535
2.65

IMD2d2
4
0.452019 0.5545
0.47048099999999987 0.5545
0.4645009999999999 0.6535
0.457999 0.6535
2.65

IMD2d2
4
0.6095189999999998 0.5545
0.9204809999999995 0.5545
0.9145009999999996 0.6535
0.6154989999999998 0.6535
2.65

IMD2d2
4
1.0595189999999994 0.5545
1.5574999999999994 0.5545
1.5574999999999994 0.6535
1.0654989999999995 0.6535
2.65

IMD2d1
4
-2.165 0.5445
-1.6714239999999998 0.5445
-1.6720279999999998 0.5545
-2.165 0.5545
2.65

IMD2d1
4
-0.758576 0.5445
-0.456424 0.5445
-0.457028 0.5545
-0.757972 0.5545
2.65

IMD2d1
4
0.456424 0.5445
0.4660759999999999 0.5445
0.4654719999999999 0.5545
0.457028 0.5545
2.65

IMD2d1
4
0.6139239999999997 0.5445
0.9160759999999997 0.5445
0.9154719999999996 0.5545
0.6145279999999997 0.5545
2.65

IMD2d1
4
1.0639239999999994 0.5445
1.5574999999999994 0.5445
1.5574999999999994 0.5545
1.0645279999999995 0.5545
2.65

IMD2d1
4
-2.165 0.5265
1.5574999999999994 0.5265
1.5574999999999994 0.5445
-2.165 0.5445
2.65

IMD6d2
4
-2.165 1.3025
-0.384519 1.3025
-0.390499 1.4015
-2.165 1.4015
2.65

IMD6d2
4
-0.335481 1.3025
-0.024519000000000013 1.3025
-0.030499000000000012 1.4015
-0.329501 1.4015
2.65

IMD6d2
4
0.024519000000000013 1.3025
0.04298099999999999 1.3025
0.03700099999999999 1.4015
0.030499000000000012 1.4015
2.65

IMD6d2
4
0.09201900000000002 1.3025
0.4029810000000001 1.3025
0.3970010000000001 1.4015
0.09799900000000002 1.4015
2.65

IMD6d2
4
0.4520190000000001 1.3025
1.5574999999999994 1.3025
1.5574999999999994 1.4015
0.4579990000000001 1.4015
2.65

IMD6d1
4
-2.165 1.2925
-0.388924 1.2925
-0.389528 1.3025
-2.165 1.3025
2.65

IMD6d1
4
-0.331076 1.2925
-0.028924000000000012 1.2925
-0.029528000000000013 1.3025
-0.330472 1.3025
2.65

IMD6d1
4
0.028924000000000012 1.2925
0.03857599999999999 1.2925
0.03797199999999999 1.3025
0.029528000000000013 1.3025
2.65

IMD6d1
4
0.09642400000000002 1.2925
0.3985760000000001 1.2925
0.3979720000000001 1.3025
0.09702800000000002 1.3025
2.65

IMD6d1
4
0.4564240000000001 1.2925
1.5574999999999994 1.2925
1.5574999999999994 1.3025
0.4570280000000001 1.3025
2.65

IMD6d1
4
-2.165 1.2745
1.5574999999999994 1.2745
1.5574999999999994 1.2925
-2.165 1.2925
2.65

FOXA+FOXB+TOX
4
-2.165 0.001
1.5574999999999994 0.001
1.5574999999999994 0.2665
-2.165 0.2665
4.0

ILD1a
4
-2.165 0.2665
1.5574999999999994 0.2665
1.5574999999999994 0.2765
-2.165 0.2765
7.0

ILD1b1+ILD1b2+ILD1b3
4
-2.165 0.2765
1.5574999999999994 0.2765
1.5574999999999994 0.3955
-2.165 0.3955
4.0

IMD1a
4
-2.165 0.3955
1.5574999999999994 0.3955
1.5574999999999994 0.4065
-2.165 0.4065
5.2

IMD1b
4
-2.165 0.4065
1.5574999999999994 0.4065
1.5574999999999994 0.4665
-2.165 0.4665
2.8

IMD2a
4
-2.165 0.4665
1.5574999999999994 0.4665
1.5574999999999994 0.4875
-2.165 0.4875
5.2

IMD2b
4
-2.165 0.4875
1.5574999999999994 0.4875
1.5574999999999994 0.5025
-2.165 0.5025
4.2

IMD2c
4
-2.165 0.5025
1.5574999999999994 0.5025
1.5574999999999994 0.5265
-2.165 0.5265
3.28

IMD3a
4
-2.165 0.6535
1.5574999999999994 0.6535
1.5574999999999994 0.6745
-2.165 0.6745
5.2

IMD3b
4
-2.165 0.6745
1.5574999999999994 0.6745
1.5574999999999994 0.6895
-2.165 0.6895
4.2

IMD3c
4
-2.165 0.6895
1.5574999999999994 0.6895
1.5574999999999994 0.7135
-2.165 0.7135
3.28

IMD3d1+IMD3d2
4
-2.165 0.7135
1.5574999999999994 0.7135
1.5574999999999994 0.8405
-2.165 0.8405
2.65

IMD4a
4
-2.165 0.8405
1.5574999999999994 0.8405
1.5574999999999994 0.8615
-2.165 0.8615
5.2

IMD4b
4
-2.165 0.8615
1.5574999999999994 0.8615
1.5574999999999994 0.8765
-2.165 0.8765
4.2

IMD4c
4
-2.165 0.8765
1.5574999999999994 0.8765
1.5574999999999994 0.9005
-2.165 0.9005
3.28

IMD4d1+IMD4d2
4
-2.165 0.9005
1.5574999999999994 0.9005
1.5574999999999994 1.0275
-2.165 1.0275
2.65

IMD5a
4
-2.165 1.0275
1.5574999999999994 1.0275
1.5574999999999994 1.0485
-2.165 1.0485
5.2

IMD5b
4
-2.165 1.0485
1.5574999999999994 1.0485
1.5574999999999994 1.0635
-2.165 1.0635
4.2

IMD5c
4
-2.165 1.0635
1.5574999999999994 1.0635
1.5574999999999994 1.0875
-2.165 1.0875
3.28

IMD5d1+IMD5d2
4
-2.165 1.0875
1.5574999999999994 1.0875
1.5574999999999994 1.2145
-2.165 1.2145
2.65

IMD6a
4
-2.165 1.2145
1.5574999999999994 1.2145
1.5574999999999994 1.2355
-2.165 1.2355
5.2

IMD6b
4
-2.165 1.2355
1.5574999999999994 1.2355
1.5574999999999994 1.2505
-2.165 1.2505
4.2

IMD6c
4
-2.165 1.2505
1.5574999999999994 1.2505
1.5574999999999994 1.2745
-2.165 1.2745
3.28

IMD7a
4
-2.165 1.4015
1.5574999999999994 1.4015
1.5574999999999994 1.4765
-2.165 1.4765
5.2

IMD7b1+IMD7b2
4
-2.165 1.4765
1.5574999999999994 1.4765
1.5574999999999994 2.9765
-2.165 2.9765
4.2

IMD8a
4
-2.165 2.9765
1.5574999999999994 2.9765
1.5574999999999994 3.0515
-2.165 3.0515
5.2

IMD8b1+IMD8b2
4
-2.165 3.0515
1.5574999999999994 3.0515
1.5574999999999994 4.5515
-2.165 4.5515
4.2

PASS1
4
-2.165 4.5515
1.5574999999999994 4.5515
1.5574999999999994 4.6265
-2.165 4.6265
7.0

PASS2
4
-2.165 4.6265
1.5574999999999994 4.6265
1.5574999999999994 5.0265
-2.165 5.0265
4.2

PASS3
4
-2.165 5.0265
1.5574999999999994 5.0265
1.5574999999999994 5.1015
-2.165 5.1015
7.0

PASS4+PASS5
4
-2.165 5.1015
1.5574999999999994 5.1015
1.5574999999999994 6.0515
-2.165 6.0515
4.2

PASS6
4
-2.165 6.0515
1.5574999999999994 6.0515
1.5574999999999994 6.6515
-2.165 6.6515
7.0

air_Layer
4
-2.165 6.6515
1.5574999999999994 6.6515
1.5574999999999994 6.9485
-2.165 6.9485
1.0


4
-2.165 0.001
1.5574999999999994 0.001
1.5574999999999994 6.9485
-2.165 6.9485

