c1
4
-0.4454199999999999 0.37050000000000005
0.4454199999999999 0.37050000000000005
0.45457999999999993 0.4665
-0.45457999999999993 0.4665

6
botleft
4
-6.35 -0.001
0 -0.001
0 0.001
-6.35 0.001

botright
4
0 -0.001
5.81 -0.001
5.81 0.001
0 0.001

c3
4
0.54458 0.37050000000000005
0.6704199999999999 0.37050000000000005
0.6795799999999999 0.4665
0.53542 0.4665

c2left
4
-0.01951 1.1155
0 1.1155
0 1.2145
-0.02549 1.2145

c2
4
0 1.1155
0.01951 1.1155
0.02549 1.2145
0 1.2145

c4
4
0.11549000000000001 1.1155
0.15451 1.1155
0.16049000000000002 1.2145
0.10951000000000001 1.2145


54
IMD5d1_damage
4
-0.028924 1.1055
0.028924 1.1055
0.029528 1.1155
-0.029528 1.1155
3.1

IMD5d1_damage
4
0.106076 1.1055
0.16392400000000001 1.1055
0.164528 1.1155
0.10547200000000001 1.1155
3.1

IMD5d2_damage
4
-0.024519 1.1155
-0.01951 1.1155
-0.02549 1.2145
-0.030499 1.2145
2.9

IMD5d2_damage
4
0.01951 1.1155
0.024519 1.1155
0.030499 1.2145
0.02549 1.2145
2.9

IMD5d2_damage
4
0.11048100000000001 1.1155
0.11549000000000001 1.1155
0.10951000000000001 1.2145
0.10450100000000001 1.2145
2.9

IMD5d2_damage
4
0.15451 1.1155
0.15951900000000002 1.1155
0.16549900000000003 1.2145
0.16049000000000002 1.2145
2.9

IMD1b
4
-6.35 0.40650000000000003
-0.44885499999999995 0.40650000000000003
-0.45457999999999993 0.4665
-6.35 0.4665
2.8

IMD1b
4
0.44885499999999995 0.40650000000000003
0.541145 0.40650000000000003
0.53542 0.4665
0.45457999999999993 0.4665
2.8

IMD1b
4
0.6738549999999999 0.40650000000000003
5.81 0.40650000000000003
5.81 0.4665
0.6795799999999999 0.4665
2.8

IMD1a
4
-6.35 0.3955
-0.4478054166666666 0.3955
-0.44885499999999995 0.40650000000000003
-6.35 0.40650000000000003
5.2

IMD1a
4
0.4478054166666666 0.3955
0.5421945833333334 0.3955
0.541145 0.40650000000000003
0.44885499999999995 0.40650000000000003
5.2

IMD1a
4
0.6728054166666665 0.3955
5.81 0.3955
5.81 0.40650000000000003
0.6738549999999999 0.40650000000000003
5.2

ILD1b3
4
-6.35 0.37050000000000005
-0.4454199999999999 0.37050000000000005
-0.4478054166666666 0.3955
-6.35 0.3955
4

ILD1b3
4
0.4454199999999999 0.37050000000000005
0.54458 0.37050000000000005
0.5421945833333334 0.3955
0.4478054166666666 0.3955
4

ILD1b3
4
0.6704199999999999 0.37050000000000005
5.81 0.37050000000000005
5.81 0.3955
0.6728054166666665 0.3955
4

ILD1b1+ILD1b2
4
-6.35 0.2765
5.81 0.2765
5.81 0.37050000000000005
-6.35 0.37050000000000005
4

IMD5d2
4
-6.35 1.1155
-0.024519 1.1155
-0.030499 1.2145
-6.35 1.2145
2.65

IMD5d2
4
0.024519 1.1155
0.11048100000000001 1.1155
0.10450100000000001 1.2145
0.030499 1.2145
2.65

IMD5d2
4
0.15951900000000002 1.1155
5.81 1.1155
5.81 1.2145
0.16549900000000003 1.2145
2.65

IMD5d1
4
-6.35 1.1055
-0.028924 1.1055
-0.029528 1.1155
-6.35 1.1155
2.65

IMD5d1
4
0.028924 1.1055
0.106076 1.1055
0.10547200000000001 1.1155
0.029528 1.1155
2.65

IMD5d1
4
0.16392400000000001 1.1055
5.81 1.1055
5.81 1.1155
0.164528 1.1155
2.65

IMD5d1
4
-6.35 1.0875
5.81 1.0875
5.81 1.1055
-6.35 1.1055
2.65

FOXA+FOXB+TOX
4
-6.35 0.001
5.81 0.001
5.81 0.2665
-6.35 0.2665
4.0

ILD1a
4
-6.35 0.2665
5.81 0.2665
5.81 0.2765
-6.35 0.2765
7.0

IMD2a
4
-6.35 0.4665
5.81 0.4665
5.81 0.4875
-6.35 0.4875
5.2

IMD2b
4
-6.35 0.4875
5.81 0.4875
5.81 0.5025
-6.35 0.5025
4.2

IMD2c
4
-6.35 0.5025
5.81 0.5025
5.81 0.5265
-6.35 0.5265
3.28

IMD2d1+IMD2d2
4
-6.35 0.5265
5.81 0.5265
5.81 0.6535
-6.35 0.6535
2.65

IMD3a
4
-6.35 0.6535
5.81 0.6535
5.81 0.6745
-6.35 0.6745
5.2

IMD3b
4
-6.35 0.6745
5.81 0.6745
5.81 0.6895
-6.35 0.6895
4.2

IMD3c
4
-6.35 0.6895
5.81 0.6895
5.81 0.7135
-6.35 0.7135
3.28

IMD3d1+IMD3d2
4
-6.35 0.7135
5.81 0.7135
5.81 0.8405
-6.35 0.8405
2.65

IMD4a
4
-6.35 0.8405
5.81 0.8405
5.81 0.8615
-6.35 0.8615
5.2

IMD4b
4
-6.35 0.8615
5.81 0.8615
5.81 0.8765
-6.35 0.8765
4.2

IMD4c
4
-6.35 0.8765
5.81 0.8765
5.81 0.9005
-6.35 0.9005
3.28

IMD4d1+IMD4d2
4
-6.35 0.9005
5.81 0.9005
5.81 1.0275
-6.35 1.0275
2.65

IMD5a
4
-6.35 1.0275
5.81 1.0275
5.81 1.0485
-6.35 1.0485
5.2

IMD5b
4
-6.35 1.0485
5.81 1.0485
5.81 1.0635
-6.35 1.0635
4.2

IMD5c
4
-6.35 1.0635
5.81 1.0635
5.81 1.0875
-6.35 1.0875
3.28

IMD6a
4
-6.35 1.2145
5.81 1.2145
5.81 1.2355
-6.35 1.2355
5.2

IMD6b
4
-6.35 1.2355
5.81 1.2355
5.81 1.2505
-6.35 1.2505
4.2

IMD6c
4
-6.35 1.2505
5.81 1.2505
5.81 1.2745
-6.35 1.2745
3.28

IMD6d1+IMD6d2
4
-6.35 1.2745
5.81 1.2745
5.81 1.4015
-6.35 1.4015
2.65

IMD7a
4
-6.35 1.4015
5.81 1.4015
5.81 1.4765
-6.35 1.4765
5.2

IMD7b1+IMD7b2
4
-6.35 1.4765
5.81 1.4765
5.81 2.9765
-6.35 2.9765
4.2

IMD8a
4
-6.35 2.9765
5.81 2.9765
5.81 3.0515
-6.35 3.0515
5.2

IMD8b1+IMD8b2
4
-6.35 3.0515
5.81 3.0515
5.81 4.5515
-6.35 4.5515
4.2

PASS1
4
-6.35 4.5515
5.81 4.5515
5.81 4.6265
-6.35 4.6265
7.0

PASS2
4
-6.35 4.6265
5.81 4.6265
5.81 5.0265
-6.35 5.0265
4.2

PASS3
4
-6.35 5.0265
5.81 5.0265
5.81 5.1015
-6.35 5.1015
7.0

PASS4+PASS5
4
-6.35 5.1015
5.81 5.1015
5.81 6.0515
-6.35 6.0515
4.2

PASS6
4
-6.35 6.0515
5.81 6.0515
5.81 6.6515
-6.35 6.6515
7.0

air_Layer
4
-6.35 6.6515
5.81 6.6515
5.81 6.9485
-6.35 6.9485
1.0


4
-6.35 0.001
5.81 0.001
5.81 6.9485
-6.35 6.9485

