c1
4
-0.44542 0.37050000000000005
0.44542 0.37050000000000005
0.45458 0.4665
-0.45458 0.4665

10
botleft
4
-2.165 -0.001
0 -0.001
0 0.001
-2.165 0.001

botright
4
0 -0.001
3.1549999999999994 -0.001
3.1549999999999994 0.001
0 0.001

lbEnv
4
-1.6604199999999998 0.37050000000000005
-0.7695799999999999 0.37050000000000005
-0.76042 0.4665
-1.6695799999999998 0.4665

c3
4
0.5445799999999997 0.37050000000000005
1.4354199999999997 0.37050000000000005
1.4445799999999998 0.4665
0.5354199999999998 0.4665

rbEnv
4
1.7595799999999997 0.37050000000000005
2.650419999999999 0.37050000000000005
2.659579999999999 0.4665
1.7504199999999996 0.4665

ltEnv
4
-0.37951 0.9285000000000001
-0.34048999999999996 0.9285000000000001
-0.33451 1.0275
-0.38549 1.0275

c2left
4
-0.019510000000000013 0.9285000000000001
0 0.9285000000000001
0 1.0275
-0.025490000000000013 1.0275

c2
4
0 0.9285000000000001
0.019510000000000013 0.9285000000000001
0.025490000000000013 1.0275
0 1.0275

c4
4
0.11549 0.9285000000000001
0.15451 0.9285000000000001
0.16049000000000002 1.0275
0.10951 1.0275

rtEnv
4
0.47548999999999997 0.9285000000000001
0.51451 0.9285000000000001
0.52049 1.0275
0.46951 1.0275


70
IMD4d1_damage
4
-0.388924 0.9185000000000001
-0.331076 0.9185000000000001
-0.330472 0.9285000000000001
-0.389528 0.9285000000000001
3.1

IMD4d1_damage
4
-0.028924000000000012 0.9185000000000001
0.028924000000000012 0.9185000000000001
0.029528000000000013 0.9285000000000001
-0.029528000000000013 0.9285000000000001
3.1

IMD4d1_damage
4
0.10607599999999999 0.9185000000000001
0.16392400000000001 0.9185000000000001
0.164528 0.9285000000000001
0.105472 0.9285000000000001
3.1

IMD4d1_damage
4
0.466076 0.9185000000000001
0.523924 0.9185000000000001
0.524528 0.9285000000000001
0.465472 0.9285000000000001
3.1

IMD4d2_damage
4
-0.384519 0.9285000000000001
-0.37951 0.9285000000000001
-0.38549 1.0275
-0.390499 1.0275
2.9

IMD4d2_damage
4
-0.34048999999999996 0.9285000000000001
-0.335481 0.9285000000000001
-0.329501 1.0275
-0.33451 1.0275
2.9

IMD4d2_damage
4
-0.024519000000000013 0.9285000000000001
-0.019510000000000013 0.9285000000000001
-0.025490000000000013 1.0275
-0.030499000000000012 1.0275
2.9

IMD4d2_damage
4
0.019510000000000013 0.9285000000000001
0.024519000000000013 0.9285000000000001
0.030499000000000012 1.0275
0.025490000000000013 1.0275
2.9

IMD4d2_damage
4
0.110481 0.9285000000000001
0.11549 0.9285000000000001
0.10951 1.0275
0.104501 1.0275
2.9

IMD4d2_damage
4
0.15451 0.9285000000000001
0.15951900000000002 0.9285000000000001
0.16549900000000003 1.0275
0.16049000000000002 1.0275
2.9

IMD4d2_damage
4
0.470481 0.9285000000000001
0.47548999999999997 0.9285000000000001
0.46951 1.0275
0.464501 1.0275
2.9

IMD4d2_damage
4
0.51451 0.9285000000000001
0.5195190000000001 0.9285000000000001
0.525499 1.0275
0.52049 1.0275
2.9

IMD1b
4
-2.165 0.40650000000000003
-1.6638549999999999 0.40650000000000003
-1.6695799999999998 0.4665
-2.165 0.4665
2.8

IMD1b
4
-0.766145 0.40650000000000003
-0.448855 0.40650000000000003
-0.45458 0.4665
-0.76042 0.4665
2.8

IMD1b
4
0.448855 0.40650000000000003
0.5411449999999998 0.40650000000000003
0.5354199999999998 0.4665
0.45458 0.4665
2.8

IMD1b
4
1.4388549999999998 0.40650000000000003
1.7561449999999996 0.40650000000000003
1.7504199999999996 0.4665
1.4445799999999998 0.4665
2.8

IMD1b
4
2.653854999999999 0.40650000000000003
3.1549999999999994 0.40650000000000003
3.1549999999999994 0.4665
2.659579999999999 0.4665
2.8

IMD1a
4
-2.165 0.3955
-1.6628054166666666 0.3955
-1.6638549999999999 0.40650000000000003
-2.165 0.40650000000000003
5.2

IMD1a
4
-0.7671945833333333 0.3955
-0.4478054166666667 0.3955
-0.448855 0.40650000000000003
-0.766145 0.40650000000000003
5.2

IMD1a
4
0.4478054166666667 0.3955
0.5421945833333331 0.3955
0.5411449999999998 0.40650000000000003
0.448855 0.40650000000000003
5.2

IMD1a
4
1.4378054166666665 0.3955
1.757194583333333 0.3955
1.7561449999999996 0.40650000000000003
1.4388549999999998 0.40650000000000003
5.2

IMD1a
4
2.652805416666666 0.3955
3.1549999999999994 0.3955
3.1549999999999994 0.40650000000000003
2.653854999999999 0.40650000000000003
5.2

ILD1b3
4
-2.165 0.37050000000000005
-1.6604199999999998 0.37050000000000005
-1.6628054166666666 0.3955
-2.165 0.3955
4

ILD1b3
4
-0.7695799999999999 0.37050000000000005
-0.44542 0.37050000000000005
-0.4478054166666667 0.3955
-0.7671945833333333 0.3955
4

ILD1b3
4
0.44542 0.37050000000000005
0.5445799999999997 0.37050000000000005
0.5421945833333331 0.3955
0.4478054166666667 0.3955
4

ILD1b3
4
1.4354199999999997 0.37050000000000005
1.7595799999999997 0.37050000000000005
1.757194583333333 0.3955
1.4378054166666665 0.3955
4

ILD1b3
4
2.650419999999999 0.37050000000000005
3.1549999999999994 0.37050000000000005
3.1549999999999994 0.3955
2.652805416666666 0.3955
4

ILD1b1+ILD1b2
4
-2.165 0.2765
3.1549999999999994 0.2765
3.1549999999999994 0.37050000000000005
-2.165 0.37050000000000005
4

IMD4d2
4
-2.165 0.9285000000000001
-0.384519 0.9285000000000001
-0.390499 1.0275
-2.165 1.0275
2.65

IMD4d2
4
-0.335481 0.9285000000000001
-0.024519000000000013 0.9285000000000001
-0.030499000000000012 1.0275
-0.329501 1.0275
2.65

IMD4d2
4
0.024519000000000013 0.9285000000000001
0.110481 0.9285000000000001
0.104501 1.0275
0.030499000000000012 1.0275
2.65

IMD4d2
4
0.15951900000000002 0.9285000000000001
0.470481 0.9285000000000001
0.464501 1.0275
0.16549900000000003 1.0275
2.65

IMD4d2
4
0.5195190000000001 0.9285000000000001
3.1549999999999994 0.9285000000000001
3.1549999999999994 1.0275
0.525499 1.0275
2.65

IMD4d1
4
-2.165 0.9185000000000001
-0.388924 0.9185000000000001
-0.389528 0.9285000000000001
-2.165 0.9285000000000001
2.65

IMD4d1
4
-0.331076 0.9185000000000001
-0.028924000000000012 0.9185000000000001
-0.029528000000000013 0.9285000000000001
-0.330472 0.9285000000000001
2.65

IMD4d1
4
0.028924000000000012 0.9185000000000001
0.10607599999999999 0.9185000000000001
0.105472 0.9285000000000001
0.029528000000000013 0.9285000000000001
2.65

IMD4d1
4
0.16392400000000001 0.9185000000000001
0.466076 0.9185000000000001
0.465472 0.9285000000000001
0.164528 0.9285000000000001
2.65

IMD4d1
4
0.523924 0.9185000000000001
3.1549999999999994 0.9185000000000001
3.1549999999999994 0.9285000000000001
0.524528 0.9285000000000001
2.65

IMD4d1
4
-2.165 0.9005
3.1549999999999994 0.9005
3.1549999999999994 0.9185000000000001
-2.165 0.9185000000000001
2.65

FOXA+FOXB+TOX
4
-2.165 0.001
3.1549999999999994 0.001
3.1549999999999994 0.2665
-2.165 0.2665
4.0

ILD1a
4
-2.165 0.2665
3.1549999999999994 0.2665
3.1549999999999994 0.2765
-2.165 0.2765
7.0

IMD2a
4
-2.165 0.4665
3.1549999999999994 0.4665
3.1549999999999994 0.4875
-2.165 0.4875
5.2

IMD2b
4
-2.165 0.4875
3.1549999999999994 0.4875
3.1549999999999994 0.5025
-2.165 0.5025
4.2

IMD2c
4
-2.165 0.5025
3.1549999999999994 0.5025
3.1549999999999994 0.5265
-2.165 0.5265
3.28

IMD2d1+IMD2d2
4
-2.165 0.5265
3.1549999999999994 0.5265
3.1549999999999994 0.6535
-2.165 0.6535
2.65

IMD3a
4
-2.165 0.6535
3.1549999999999994 0.6535
3.1549999999999994 0.6745
-2.165 0.6745
5.2

IMD3b
4
-2.165 0.6745
3.1549999999999994 0.6745
3.1549999999999994 0.6895
-2.165 0.6895
4.2

IMD3c
4
-2.165 0.6895
3.1549999999999994 0.6895
3.1549999999999994 0.7135
-2.165 0.7135
3.28

IMD3d1+IMD3d2
4
-2.165 0.7135
3.1549999999999994 0.7135
3.1549999999999994 0.8405
-2.165 0.8405
2.65

IMD4a
4
-2.165 0.8405
3.1549999999999994 0.8405
3.1549999999999994 0.8615
-2.165 0.8615
5.2

IMD4b
4
-2.165 0.8615
3.1549999999999994 0.8615
3.1549999999999994 0.8765
-2.165 0.8765
4.2

IMD4c
4
-2.165 0.8765
3.1549999999999994 0.8765
3.1549999999999994 0.9005
-2.165 0.9005
3.28

IMD5a
4
-2.165 1.0275
3.1549999999999994 1.0275
3.1549999999999994 1.0485
-2.165 1.0485
5.2

IMD5b
4
-2.165 1.0485
3.1549999999999994 1.0485
3.1549999999999994 1.0635
-2.165 1.0635
4.2

IMD5c
4
-2.165 1.0635
3.1549999999999994 1.0635
3.1549999999999994 1.0875
-2.165 1.0875
3.28

IMD5d1+IMD5d2
4
-2.165 1.0875
3.1549999999999994 1.0875
3.1549999999999994 1.2145
-2.165 1.2145
2.65

IMD6a
4
-2.165 1.2145
3.1549999999999994 1.2145
3.1549999999999994 1.2355
-2.165 1.2355
5.2

IMD6b
4
-2.165 1.2355
3.1549999999999994 1.2355
3.1549999999999994 1.2505
-2.165 1.2505
4.2

IMD6c
4
-2.165 1.2505
3.1549999999999994 1.2505
3.1549999999999994 1.2745
-2.165 1.2745
3.28

IMD6d1+IMD6d2
4
-2.165 1.2745
3.1549999999999994 1.2745
3.1549999999999994 1.4015
-2.165 1.4015
2.65

IMD7a
4
-2.165 1.4015
3.1549999999999994 1.4015
3.1549999999999994 1.4765
-2.165 1.4765
5.2

IMD7b1+IMD7b2
4
-2.165 1.4765
3.1549999999999994 1.4765
3.1549999999999994 2.9765
-2.165 2.9765
4.2

IMD8a
4
-2.165 2.9765
3.1549999999999994 2.9765
3.1549999999999994 3.0515
-2.165 3.0515
5.2

IMD8b1+IMD8b2
4
-2.165 3.0515
3.1549999999999994 3.0515
3.1549999999999994 4.5515
-2.165 4.5515
4.2

PASS1
4
-2.165 4.5515
3.1549999999999994 4.5515
3.1549999999999994 4.6265
-2.165 4.6265
7.0

PASS2
4
-2.165 4.6265
3.1549999999999994 4.6265
3.1549999999999994 5.0265
-2.165 5.0265
4.2

PASS3
4
-2.165 5.0265
3.1549999999999994 5.0265
3.1549999999999994 5.1015
-2.165 5.1015
7.0

PASS4+PASS5
4
-2.165 5.1015
3.1549999999999994 5.1015
3.1549999999999994 6.0515
-2.165 6.0515
4.2

PASS6
4
-2.165 6.0515
3.1549999999999994 6.0515
3.1549999999999994 6.6515
-2.165 6.6515
7.0

air_Layer
4
-2.165 6.6515
3.1549999999999994 6.6515
3.1549999999999994 6.9485
-2.165 6.9485
1.0


4
-2.165 0.001
3.1549999999999994 0.001
3.1549999999999994 6.9485
-2.165 6.9485

