c2
4
-0.019510000000000013 1.1155
0.019510000000000013 1.1155
0.025490000000000013 1.2145
-0.025490000000000013 1.2145

10
botleft
4
-2.165 -0.001
0 -0.001
0 0.001
-2.165 0.001

botright
4
0 -0.001
1.8049999999999997 -0.001
1.8049999999999997 0.001
0 0.001

ltEnv
4
-0.37951 1.1155
-0.34048999999999996 1.1155
-0.33451 1.2145
-0.38549 1.2145

c4
4
0.29549000000000003 1.1155
0.3345100000000001 1.1155
0.34049000000000007 1.2145
0.28951000000000005 1.2145

rtEnv
4
0.6554900000000001 1.1155
0.6945100000000002 1.1155
0.7004900000000002 1.2145
0.6495100000000001 1.2145

lbEnv
4
-1.6604199999999998 0.37050000000000005
-0.7695799999999999 0.37050000000000005
-0.76042 0.4665
-1.6695799999999998 0.4665

c1left
4
-0.44542 0.37050000000000005
0 0.37050000000000005
0 0.4665
-0.45458 0.4665

c1
4
0 0.37050000000000005
0.44542 0.37050000000000005
0.45458 0.4665
0 0.4665

c3
4
0.7245799999999999 0.37050000000000005
0.8504199999999998 0.37050000000000005
0.8595799999999998 0.4665
0.71542 0.4665

rbEnv
4
1.1745799999999997 0.37050000000000005
1.3004199999999995 0.37050000000000005
1.3095799999999995 0.4665
1.1654199999999997 0.4665


70
IMD5d1_damage
4
-0.388924 1.1055
-0.331076 1.1055
-0.330472 1.1155
-0.389528 1.1155
3.1

IMD5d1_damage
4
-0.028924000000000012 1.1055
0.028924000000000012 1.1055
0.029528000000000013 1.1155
-0.029528000000000013 1.1155
3.1

IMD5d1_damage
4
0.28607600000000005 1.1055
0.34392400000000006 1.1055
0.34452800000000006 1.1155
0.28547200000000006 1.1155
3.1

IMD5d1_damage
4
0.6460760000000002 1.1055
0.7039240000000001 1.1055
0.7045280000000002 1.1155
0.6454720000000002 1.1155
3.1

IMD5d2_damage
4
-0.384519 1.1155
-0.37951 1.1155
-0.38549 1.2145
-0.390499 1.2145
2.9

IMD5d2_damage
4
-0.34048999999999996 1.1155
-0.335481 1.1155
-0.329501 1.2145
-0.33451 1.2145
2.9

IMD5d2_damage
4
-0.024519000000000013 1.1155
-0.019510000000000013 1.1155
-0.025490000000000013 1.2145
-0.030499000000000012 1.2145
2.9

IMD5d2_damage
4
0.019510000000000013 1.1155
0.024519000000000013 1.1155
0.030499000000000012 1.2145
0.025490000000000013 1.2145
2.9

IMD5d2_damage
4
0.29048100000000004 1.1155
0.29549000000000003 1.1155
0.28951000000000005 1.2145
0.28450100000000006 1.2145
2.9

IMD5d2_damage
4
0.3345100000000001 1.1155
0.33951900000000007 1.1155
0.34549900000000006 1.2145
0.34049000000000007 1.2145
2.9

IMD5d2_damage
4
0.6504810000000001 1.1155
0.6554900000000001 1.1155
0.6495100000000001 1.2145
0.6445010000000001 1.2145
2.9

IMD5d2_damage
4
0.6945100000000002 1.1155
0.6995190000000002 1.1155
0.7054990000000002 1.2145
0.7004900000000002 1.2145
2.9

IMD1b
4
-2.165 0.40650000000000003
-1.6638549999999999 0.40650000000000003
-1.6695799999999998 0.4665
-2.165 0.4665
2.8

IMD1b
4
-0.766145 0.40650000000000003
-0.448855 0.40650000000000003
-0.45458 0.4665
-0.76042 0.4665
2.8

IMD1b
4
0.448855 0.40650000000000003
0.7211449999999999 0.40650000000000003
0.71542 0.4665
0.45458 0.4665
2.8

IMD1b
4
0.8538549999999998 0.40650000000000003
1.1711449999999997 0.40650000000000003
1.1654199999999997 0.4665
0.8595799999999998 0.4665
2.8

IMD1b
4
1.3038549999999995 0.40650000000000003
1.8049999999999997 0.40650000000000003
1.8049999999999997 0.4665
1.3095799999999995 0.4665
2.8

IMD1a
4
-2.165 0.3955
-1.6628054166666666 0.3955
-1.6638549999999999 0.40650000000000003
-2.165 0.40650000000000003
5.2

IMD1a
4
-0.7671945833333333 0.3955
-0.4478054166666667 0.3955
-0.448855 0.40650000000000003
-0.766145 0.40650000000000003
5.2

IMD1a
4
0.4478054166666667 0.3955
0.7221945833333333 0.3955
0.7211449999999999 0.40650000000000003
0.448855 0.40650000000000003
5.2

IMD1a
4
0.8528054166666664 0.3955
1.172194583333333 0.3955
1.1711449999999997 0.40650000000000003
0.8538549999999998 0.40650000000000003
5.2

IMD1a
4
1.3028054166666663 0.3955
1.8049999999999997 0.3955
1.8049999999999997 0.40650000000000003
1.3038549999999995 0.40650000000000003
5.2

ILD1b3
4
-2.165 0.37050000000000005
-1.6604199999999998 0.37050000000000005
-1.6628054166666666 0.3955
-2.165 0.3955
4

ILD1b3
4
-0.7695799999999999 0.37050000000000005
-0.44542 0.37050000000000005
-0.4478054166666667 0.3955
-0.7671945833333333 0.3955
4

ILD1b3
4
0.44542 0.37050000000000005
0.7245799999999999 0.37050000000000005
0.7221945833333333 0.3955
0.4478054166666667 0.3955
4

ILD1b3
4
0.8504199999999998 0.37050000000000005
1.1745799999999997 0.37050000000000005
1.172194583333333 0.3955
0.8528054166666664 0.3955
4

ILD1b3
4
1.3004199999999995 0.37050000000000005
1.8049999999999997 0.37050000000000005
1.8049999999999997 0.3955
1.3028054166666663 0.3955
4

ILD1b1+ILD1b2
4
-2.165 0.2765
1.8049999999999997 0.2765
1.8049999999999997 0.37050000000000005
-2.165 0.37050000000000005
4

IMD5d2
4
-2.165 1.1155
-0.384519 1.1155
-0.390499 1.2145
-2.165 1.2145
2.65

IMD5d2
4
-0.335481 1.1155
-0.024519000000000013 1.1155
-0.030499000000000012 1.2145
-0.329501 1.2145
2.65

IMD5d2
4
0.024519000000000013 1.1155
0.29048100000000004 1.1155
0.28450100000000006 1.2145
0.030499000000000012 1.2145
2.65

IMD5d2
4
0.33951900000000007 1.1155
0.6504810000000001 1.1155
0.6445010000000001 1.2145
0.34549900000000006 1.2145
2.65

IMD5d2
4
0.6995190000000002 1.1155
1.8049999999999997 1.1155
1.8049999999999997 1.2145
0.7054990000000002 1.2145
2.65

IMD5d1
4
-2.165 1.1055
-0.388924 1.1055
-0.389528 1.1155
-2.165 1.1155
2.65

IMD5d1
4
-0.331076 1.1055
-0.028924000000000012 1.1055
-0.029528000000000013 1.1155
-0.330472 1.1155
2.65

IMD5d1
4
0.028924000000000012 1.1055
0.28607600000000005 1.1055
0.28547200000000006 1.1155
0.029528000000000013 1.1155
2.65

IMD5d1
4
0.34392400000000006 1.1055
0.6460760000000002 1.1055
0.6454720000000002 1.1155
0.34452800000000006 1.1155
2.65

IMD5d1
4
0.7039240000000001 1.1055
1.8049999999999997 1.1055
1.8049999999999997 1.1155
0.7045280000000002 1.1155
2.65

IMD5d1
4
-2.165 1.0875
1.8049999999999997 1.0875
1.8049999999999997 1.1055
-2.165 1.1055
2.65

FOXA+FOXB+TOX
4
-2.165 0.001
1.8049999999999997 0.001
1.8049999999999997 0.2665
-2.165 0.2665
4.0

ILD1a
4
-2.165 0.2665
1.8049999999999997 0.2665
1.8049999999999997 0.2765
-2.165 0.2765
7.0

IMD2a
4
-2.165 0.4665
1.8049999999999997 0.4665
1.8049999999999997 0.4875
-2.165 0.4875
5.2

IMD2b
4
-2.165 0.4875
1.8049999999999997 0.4875
1.8049999999999997 0.5025
-2.165 0.5025
4.2

IMD2c
4
-2.165 0.5025
1.8049999999999997 0.5025
1.8049999999999997 0.5265
-2.165 0.5265
3.28

IMD2d1+IMD2d2
4
-2.165 0.5265
1.8049999999999997 0.5265
1.8049999999999997 0.6535
-2.165 0.6535
2.65

IMD3a
4
-2.165 0.6535
1.8049999999999997 0.6535
1.8049999999999997 0.6745
-2.165 0.6745
5.2

IMD3b
4
-2.165 0.6745
1.8049999999999997 0.6745
1.8049999999999997 0.6895
-2.165 0.6895
4.2

IMD3c
4
-2.165 0.6895
1.8049999999999997 0.6895
1.8049999999999997 0.7135
-2.165 0.7135
3.28

IMD3d1+IMD3d2
4
-2.165 0.7135
1.8049999999999997 0.7135
1.8049999999999997 0.8405
-2.165 0.8405
2.65

IMD4a
4
-2.165 0.8405
1.8049999999999997 0.8405
1.8049999999999997 0.8615
-2.165 0.8615
5.2

IMD4b
4
-2.165 0.8615
1.8049999999999997 0.8615
1.8049999999999997 0.8765
-2.165 0.8765
4.2

IMD4c
4
-2.165 0.8765
1.8049999999999997 0.8765
1.8049999999999997 0.9005
-2.165 0.9005
3.28

IMD4d1+IMD4d2
4
-2.165 0.9005
1.8049999999999997 0.9005
1.8049999999999997 1.0275
-2.165 1.0275
2.65

IMD5a
4
-2.165 1.0275
1.8049999999999997 1.0275
1.8049999999999997 1.0485
-2.165 1.0485
5.2

IMD5b
4
-2.165 1.0485
1.8049999999999997 1.0485
1.8049999999999997 1.0635
-2.165 1.0635
4.2

IMD5c
4
-2.165 1.0635
1.8049999999999997 1.0635
1.8049999999999997 1.0875
-2.165 1.0875
3.28

IMD6a
4
-2.165 1.2145
1.8049999999999997 1.2145
1.8049999999999997 1.2355
-2.165 1.2355
5.2

IMD6b
4
-2.165 1.2355
1.8049999999999997 1.2355
1.8049999999999997 1.2505
-2.165 1.2505
4.2

IMD6c
4
-2.165 1.2505
1.8049999999999997 1.2505
1.8049999999999997 1.2745
-2.165 1.2745
3.28

IMD6d1+IMD6d2
4
-2.165 1.2745
1.8049999999999997 1.2745
1.8049999999999997 1.4015
-2.165 1.4015
2.65

IMD7a
4
-2.165 1.4015
1.8049999999999997 1.4015
1.8049999999999997 1.4765
-2.165 1.4765
5.2

IMD7b1+IMD7b2
4
-2.165 1.4765
1.8049999999999997 1.4765
1.8049999999999997 2.9765
-2.165 2.9765
4.2

IMD8a
4
-2.165 2.9765
1.8049999999999997 2.9765
1.8049999999999997 3.0515
-2.165 3.0515
5.2

IMD8b1+IMD8b2
4
-2.165 3.0515
1.8049999999999997 3.0515
1.8049999999999997 4.5515
-2.165 4.5515
4.2

PASS1
4
-2.165 4.5515
1.8049999999999997 4.5515
1.8049999999999997 4.6265
-2.165 4.6265
7.0

PASS2
4
-2.165 4.6265
1.8049999999999997 4.6265
1.8049999999999997 5.0265
-2.165 5.0265
4.2

PASS3
4
-2.165 5.0265
1.8049999999999997 5.0265
1.8049999999999997 5.1015
-2.165 5.1015
7.0

PASS4+PASS5
4
-2.165 5.1015
1.8049999999999997 5.1015
1.8049999999999997 6.0515
-2.165 6.0515
4.2

PASS6
4
-2.165 6.0515
1.8049999999999997 6.0515
1.8049999999999997 6.6515
-2.165 6.6515
7.0

air_Layer
4
-2.165 6.6515
1.8049999999999997 6.6515
1.8049999999999997 6.9485
-2.165 6.9485
1.0


4
-2.165 0.001
1.8049999999999997 0.001
1.8049999999999997 6.9485
-2.165 6.9485

