c2
4
-0.019510000000000013 1.3025
0.019510000000000013 1.3025
0.025490000000000013 1.4015
-0.025490000000000013 1.4015

10
botleft
4
-0.8825000000000001 -0.001
0 -0.001
0 0.001
-0.8825000000000001 0.001

botright
4
0 -0.001
0.9680000000000001 -0.001
0.9680000000000001 0.001
0 0.001

ltEnv
4
-0.37951 1.3025
-0.34048999999999996 1.3025
-0.33451 1.4015
-0.38549 1.4015

c4
4
0.06599000000000001 1.3025
0.10501000000000003 1.3025
0.11099000000000003 1.4015
0.06001000000000001 1.4015

rtEnv
4
0.4259900000000001 1.3025
0.46501000000000015 1.3025
0.47099000000000013 1.4015
0.4200100000000001 1.4015

lbEnv
4
-0.37951 0.5545
-0.34048999999999996 0.5545
-0.33451 0.6535
-0.38549 0.6535

c1left
4
-0.019510000000000013 0.5545
0 0.5545
0 0.6535
-0.025490000000000013 0.6535

c1
4
0 0.5545
0.019510000000000013 0.5545
0.025490000000000013 0.6535
0 0.6535

c3
4
0.06599000000000001 0.5545
0.10501000000000003 0.5545
0.11099000000000003 0.6535
0.06001000000000001 0.6535

rbEnv
4
0.4259900000000001 0.5545
0.46501000000000015 0.5545
0.47099000000000013 0.6535
0.4200100000000001 0.6535


79
IMD2d1_damage
4
-0.388924 0.5445
-0.331076 0.5445
-0.330472 0.5545
-0.389528 0.5545
3.1

IMD2d1_damage
4
-0.028924000000000012 0.5445
0.028924000000000012 0.5445
0.029528000000000013 0.5545
-0.029528000000000013 0.5545
3.1

IMD2d1_damage
4
0.05657600000000001 0.5445
0.11442400000000004 0.5445
0.11502800000000003 0.5545
0.05597200000000001 0.5545
3.1

IMD2d1_damage
4
0.4165760000000001 0.5445
0.4744240000000001 0.5445
0.4750280000000001 0.5545
0.4159720000000001 0.5545
3.1

IMD2d2_damage
4
-0.384519 0.5545
-0.37951 0.5545
-0.38549 0.6535
-0.390499 0.6535
2.9

IMD2d2_damage
4
-0.34048999999999996 0.5545
-0.335481 0.5545
-0.329501 0.6535
-0.33451 0.6535
2.9

IMD2d2_damage
4
-0.024519000000000013 0.5545
-0.019510000000000013 0.5545
-0.025490000000000013 0.6535
-0.030499000000000012 0.6535
2.9

IMD2d2_damage
4
0.019510000000000013 0.5545
0.024519000000000013 0.5545
0.030499000000000012 0.6535
0.025490000000000013 0.6535
2.9

IMD2d2_damage
4
0.06098100000000001 0.5545
0.06599000000000001 0.5545
0.06001000000000001 0.6535
0.05500100000000001 0.6535
2.9

IMD2d2_damage
4
0.10501000000000003 0.5545
0.11001900000000003 0.5545
0.11599900000000003 0.6535
0.11099000000000003 0.6535
2.9

IMD2d2_damage
4
0.4209810000000001 0.5545
0.4259900000000001 0.5545
0.4200100000000001 0.6535
0.4150010000000001 0.6535
2.9

IMD2d2_damage
4
0.46501000000000015 0.5545
0.47001900000000013 0.5545
0.4759990000000001 0.6535
0.47099000000000013 0.6535
2.9

IMD6d1_damage
4
-0.388924 1.2925
-0.331076 1.2925
-0.330472 1.3025
-0.389528 1.3025
3.1

IMD6d1_damage
4
-0.028924000000000012 1.2925
0.028924000000000012 1.2925
0.029528000000000013 1.3025
-0.029528000000000013 1.3025
3.1

IMD6d1_damage
4
0.05657600000000001 1.2925
0.11442400000000004 1.2925
0.11502800000000003 1.3025
0.05597200000000001 1.3025
3.1

IMD6d1_damage
4
0.4165760000000001 1.2925
0.4744240000000001 1.2925
0.4750280000000001 1.3025
0.4159720000000001 1.3025
3.1

IMD6d2_damage
4
-0.384519 1.3025
-0.37951 1.3025
-0.38549 1.4015
-0.390499 1.4015
2.9

IMD6d2_damage
4
-0.34048999999999996 1.3025
-0.335481 1.3025
-0.329501 1.4015
-0.33451 1.4015
2.9

IMD6d2_damage
4
-0.024519000000000013 1.3025
-0.019510000000000013 1.3025
-0.025490000000000013 1.4015
-0.030499000000000012 1.4015
2.9

IMD6d2_damage
4
0.019510000000000013 1.3025
0.024519000000000013 1.3025
0.030499000000000012 1.4015
0.025490000000000013 1.4015
2.9

IMD6d2_damage
4
0.06098100000000001 1.3025
0.06599000000000001 1.3025
0.06001000000000001 1.4015
0.05500100000000001 1.4015
2.9

IMD6d2_damage
4
0.10501000000000003 1.3025
0.11001900000000003 1.3025
0.11599900000000003 1.4015
0.11099000000000003 1.4015
2.9

IMD6d2_damage
4
0.4209810000000001 1.3025
0.4259900000000001 1.3025
0.4200100000000001 1.4015
0.4150010000000001 1.4015
2.9

IMD6d2_damage
4
0.46501000000000015 1.3025
0.47001900000000013 1.3025
0.4759990000000001 1.4015
0.47099000000000013 1.4015
2.9

IMD2d2
4
-0.8825000000000001 0.5545
-0.384519 0.5545
-0.390499 0.6535
-0.8825000000000001 0.6535
2.65

IMD2d2
4
-0.335481 0.5545
-0.024519000000000013 0.5545
-0.030499000000000012 0.6535
-0.329501 0.6535
2.65

IMD2d2
4
0.024519000000000013 0.5545
0.06098100000000001 0.5545
0.05500100000000001 0.6535
0.030499000000000012 0.6535
2.65

IMD2d2
4
0.11001900000000003 0.5545
0.4209810000000001 0.5545
0.4150010000000001 0.6535
0.11599900000000003 0.6535
2.65

IMD2d2
4
0.47001900000000013 0.5545
0.9680000000000001 0.5545
0.9680000000000001 0.6535
0.4759990000000001 0.6535
2.65

IMD2d1
4
-0.8825000000000001 0.5445
-0.388924 0.5445
-0.389528 0.5545
-0.8825000000000001 0.5545
2.65

IMD2d1
4
-0.331076 0.5445
-0.028924000000000012 0.5445
-0.029528000000000013 0.5545
-0.330472 0.5545
2.65

IMD2d1
4
0.028924000000000012 0.5445
0.05657600000000001 0.5445
0.05597200000000001 0.5545
0.029528000000000013 0.5545
2.65

IMD2d1
4
0.11442400000000004 0.5445
0.4165760000000001 0.5445
0.4159720000000001 0.5545
0.11502800000000003 0.5545
2.65

IMD2d1
4
0.4744240000000001 0.5445
0.9680000000000001 0.5445
0.9680000000000001 0.5545
0.4750280000000001 0.5545
2.65

IMD2d1
4
-0.8825000000000001 0.5265
0.9680000000000001 0.5265
0.9680000000000001 0.5445
-0.8825000000000001 0.5445
2.65

IMD6d2
4
-0.8825000000000001 1.3025
-0.384519 1.3025
-0.390499 1.4015
-0.8825000000000001 1.4015
2.65

IMD6d2
4
-0.335481 1.3025
-0.024519000000000013 1.3025
-0.030499000000000012 1.4015
-0.329501 1.4015
2.65

IMD6d2
4
0.024519000000000013 1.3025
0.06098100000000001 1.3025
0.05500100000000001 1.4015
0.030499000000000012 1.4015
2.65

IMD6d2
4
0.11001900000000003 1.3025
0.4209810000000001 1.3025
0.4150010000000001 1.4015
0.11599900000000003 1.4015
2.65

IMD6d2
4
0.47001900000000013 1.3025
0.9680000000000001 1.3025
0.9680000000000001 1.4015
0.4759990000000001 1.4015
2.65

IMD6d1
4
-0.8825000000000001 1.2925
-0.388924 1.2925
-0.389528 1.3025
-0.8825000000000001 1.3025
2.65

IMD6d1
4
-0.331076 1.2925
-0.028924000000000012 1.2925
-0.029528000000000013 1.3025
-0.330472 1.3025
2.65

IMD6d1
4
0.028924000000000012 1.2925
0.05657600000000001 1.2925
0.05597200000000001 1.3025
0.029528000000000013 1.3025
2.65

IMD6d1
4
0.11442400000000004 1.2925
0.4165760000000001 1.2925
0.4159720000000001 1.3025
0.11502800000000003 1.3025
2.65

IMD6d1
4
0.4744240000000001 1.2925
0.9680000000000001 1.2925
0.9680000000000001 1.3025
0.4750280000000001 1.3025
2.65

IMD6d1
4
-0.8825000000000001 1.2745
0.9680000000000001 1.2745
0.9680000000000001 1.2925
-0.8825000000000001 1.2925
2.65

FOXA+FOXB+TOX
4
-0.8825000000000001 0.001
0.9680000000000001 0.001
0.9680000000000001 0.2665
-0.8825000000000001 0.2665
4.0

ILD1a
4
-0.8825000000000001 0.2665
0.9680000000000001 0.2665
0.9680000000000001 0.2765
-0.8825000000000001 0.2765
7.0

ILD1b1+ILD1b2+ILD1b3
4
-0.8825000000000001 0.2765
0.9680000000000001 0.2765
0.9680000000000001 0.3955
-0.8825000000000001 0.3955
4.0

IMD1a
4
-0.8825000000000001 0.3955
0.9680000000000001 0.3955
0.9680000000000001 0.4065
-0.8825000000000001 0.4065
5.2

IMD1b
4
-0.8825000000000001 0.4065
0.9680000000000001 0.4065
0.9680000000000001 0.4665
-0.8825000000000001 0.4665
2.8

IMD2a
4
-0.8825000000000001 0.4665
0.9680000000000001 0.4665
0.9680000000000001 0.4875
-0.8825000000000001 0.4875
5.2

IMD2b
4
-0.8825000000000001 0.4875
0.9680000000000001 0.4875
0.9680000000000001 0.5025
-0.8825000000000001 0.5025
4.2

IMD2c
4
-0.8825000000000001 0.5025
0.9680000000000001 0.5025
0.9680000000000001 0.5265
-0.8825000000000001 0.5265
3.28

IMD3a
4
-0.8825000000000001 0.6535
0.9680000000000001 0.6535
0.9680000000000001 0.6745
-0.8825000000000001 0.6745
5.2

IMD3b
4
-0.8825000000000001 0.6745
0.9680000000000001 0.6745
0.9680000000000001 0.6895
-0.8825000000000001 0.6895
4.2

IMD3c
4
-0.8825000000000001 0.6895
0.9680000000000001 0.6895
0.9680000000000001 0.7135
-0.8825000000000001 0.7135
3.28

IMD3d1+IMD3d2
4
-0.8825000000000001 0.7135
0.9680000000000001 0.7135
0.9680000000000001 0.8405
-0.8825000000000001 0.8405
2.65

IMD4a
4
-0.8825000000000001 0.8405
0.9680000000000001 0.8405
0.9680000000000001 0.8615
-0.8825000000000001 0.8615
5.2

IMD4b
4
-0.8825000000000001 0.8615
0.9680000000000001 0.8615
0.9680000000000001 0.8765
-0.8825000000000001 0.8765
4.2

IMD4c
4
-0.8825000000000001 0.8765
0.9680000000000001 0.8765
0.9680000000000001 0.9005
-0.8825000000000001 0.9005
3.28

IMD4d1+IMD4d2
4
-0.8825000000000001 0.9005
0.9680000000000001 0.9005
0.9680000000000001 1.0275
-0.8825000000000001 1.0275
2.65

IMD5a
4
-0.8825000000000001 1.0275
0.9680000000000001 1.0275
0.9680000000000001 1.0485
-0.8825000000000001 1.0485
5.2

IMD5b
4
-0.8825000000000001 1.0485
0.9680000000000001 1.0485
0.9680000000000001 1.0635
-0.8825000000000001 1.0635
4.2

IMD5c
4
-0.8825000000000001 1.0635
0.9680000000000001 1.0635
0.9680000000000001 1.0875
-0.8825000000000001 1.0875
3.28

IMD5d1+IMD5d2
4
-0.8825000000000001 1.0875
0.9680000000000001 1.0875
0.9680000000000001 1.2145
-0.8825000000000001 1.2145
2.65

IMD6a
4
-0.8825000000000001 1.2145
0.9680000000000001 1.2145
0.9680000000000001 1.2355
-0.8825000000000001 1.2355
5.2

IMD6b
4
-0.8825000000000001 1.2355
0.9680000000000001 1.2355
0.9680000000000001 1.2505
-0.8825000000000001 1.2505
4.2

IMD6c
4
-0.8825000000000001 1.2505
0.9680000000000001 1.2505
0.9680000000000001 1.2745
-0.8825000000000001 1.2745
3.28

IMD7a
4
-0.8825000000000001 1.4015
0.9680000000000001 1.4015
0.9680000000000001 1.4765
-0.8825000000000001 1.4765
5.2

IMD7b1+IMD7b2
4
-0.8825000000000001 1.4765
0.9680000000000001 1.4765
0.9680000000000001 2.9765
-0.8825000000000001 2.9765
4.2

IMD8a
4
-0.8825000000000001 2.9765
0.9680000000000001 2.9765
0.9680000000000001 3.0515
-0.8825000000000001 3.0515
5.2

IMD8b1+IMD8b2
4
-0.8825000000000001 3.0515
0.9680000000000001 3.0515
0.9680000000000001 4.5515
-0.8825000000000001 4.5515
4.2

PASS1
4
-0.8825000000000001 4.5515
0.9680000000000001 4.5515
0.9680000000000001 4.6265
-0.8825000000000001 4.6265
7.0

PASS2
4
-0.8825000000000001 4.6265
0.9680000000000001 4.6265
0.9680000000000001 5.0265
-0.8825000000000001 5.0265
4.2

PASS3
4
-0.8825000000000001 5.0265
0.9680000000000001 5.0265
0.9680000000000001 5.1015
-0.8825000000000001 5.1015
7.0

PASS4+PASS5
4
-0.8825000000000001 5.1015
0.9680000000000001 5.1015
0.9680000000000001 6.0515
-0.8825000000000001 6.0515
4.2

PASS6
4
-0.8825000000000001 6.0515
0.9680000000000001 6.0515
0.9680000000000001 6.6515
-0.8825000000000001 6.6515
7.0

air_Layer
4
-0.8825000000000001 6.6515
0.9680000000000001 6.6515
0.9680000000000001 6.9485
-0.8825000000000001 6.9485
1.0


4
-0.8825000000000001 0.001
0.9680000000000001 0.001
0.9680000000000001 6.9485
-0.8825000000000001 6.9485

