c2
4
-0.019510000000000013 1.3025
0.019510000000000013 1.3025
0.025490000000000013 1.4015
-0.025490000000000013 1.4015

10
botleft
4
-2.165 -0.001
0 -0.001
0 0.001
-2.165 0.001

botright
4
0 -0.001
1.6249999999999998 -0.001
1.6249999999999998 0.001
0 0.001

ltEnv
4
-0.37951 1.3025
-0.34048999999999996 1.3025
-0.33451 1.4015
-0.38549 1.4015

c4
4
0.29549000000000003 1.3025
0.3345100000000001 1.3025
0.34049000000000007 1.4015
0.28951000000000005 1.4015

rtEnv
4
0.6554900000000001 1.3025
0.6945100000000002 1.3025
0.7004900000000002 1.4015
0.6495100000000001 1.4015

lbEnv
4
-1.6620099999999998 0.5545
-0.76799 0.5545
-0.76201 0.6535
-1.6679899999999999 0.6535

c1left
4
-0.44701 0.5545
0 0.5545
0 0.6535
-0.45299 0.6535

c1
4
0 0.5545
0.44701 0.5545
0.45299 0.6535
0 0.6535

c3
4
0.7229899999999999 0.5545
0.76201 0.5545
0.76799 0.6535
0.7170099999999999 0.6535

rbEnv
4
1.08299 0.5545
1.1220099999999997 0.5545
1.1279899999999998 0.6535
1.0770099999999998 0.6535


79
IMD2d1_damage
4
-1.6714239999999998 0.5445
-0.758576 0.5445
-0.757972 0.5545
-1.6720279999999998 0.5545
3.1

IMD2d1_damage
4
-0.456424 0.5445
0.456424 0.5445
0.457028 0.5545
-0.457028 0.5545
3.1

IMD2d1_damage
4
0.713576 0.5445
0.7714239999999999 0.5445
0.7720279999999999 0.5545
0.7129719999999999 0.5545
3.1

IMD2d1_damage
4
1.0735759999999999 0.5445
1.1314239999999998 0.5445
1.1320279999999998 0.5545
1.0729719999999998 0.5545
3.1

IMD2d2_damage
4
-1.6670189999999998 0.5545
-1.6620099999999998 0.5545
-1.6679899999999999 0.6535
-1.672999 0.6535
2.9

IMD2d2_damage
4
-0.76799 0.5545
-0.7629809999999999 0.5545
-0.7570009999999999 0.6535
-0.76201 0.6535
2.9

IMD2d2_damage
4
-0.452019 0.5545
-0.44701 0.5545
-0.45299 0.6535
-0.457999 0.6535
2.9

IMD2d2_damage
4
0.44701 0.5545
0.452019 0.5545
0.457999 0.6535
0.45299 0.6535
2.9

IMD2d2_damage
4
0.7179809999999999 0.5545
0.7229899999999999 0.5545
0.7170099999999999 0.6535
0.7120009999999999 0.6535
2.9

IMD2d2_damage
4
0.76201 0.5545
0.767019 0.5545
0.772999 0.6535
0.76799 0.6535
2.9

IMD2d2_damage
4
1.0779809999999999 0.5545
1.08299 0.5545
1.0770099999999998 0.6535
1.0720009999999998 0.6535
2.9

IMD2d2_damage
4
1.1220099999999997 0.5545
1.1270189999999998 0.5545
1.1329989999999999 0.6535
1.1279899999999998 0.6535
2.9

IMD6d1_damage
4
-0.388924 1.2925
-0.331076 1.2925
-0.330472 1.3025
-0.389528 1.3025
3.1

IMD6d1_damage
4
-0.028924000000000012 1.2925
0.028924000000000012 1.2925
0.029528000000000013 1.3025
-0.029528000000000013 1.3025
3.1

IMD6d1_damage
4
0.28607600000000005 1.2925
0.34392400000000006 1.2925
0.34452800000000006 1.3025
0.28547200000000006 1.3025
3.1

IMD6d1_damage
4
0.6460760000000002 1.2925
0.7039240000000001 1.2925
0.7045280000000002 1.3025
0.6454720000000002 1.3025
3.1

IMD6d2_damage
4
-0.384519 1.3025
-0.37951 1.3025
-0.38549 1.4015
-0.390499 1.4015
2.9

IMD6d2_damage
4
-0.34048999999999996 1.3025
-0.335481 1.3025
-0.329501 1.4015
-0.33451 1.4015
2.9

IMD6d2_damage
4
-0.024519000000000013 1.3025
-0.019510000000000013 1.3025
-0.025490000000000013 1.4015
-0.030499000000000012 1.4015
2.9

IMD6d2_damage
4
0.019510000000000013 1.3025
0.024519000000000013 1.3025
0.030499000000000012 1.4015
0.025490000000000013 1.4015
2.9

IMD6d2_damage
4
0.29048100000000004 1.3025
0.29549000000000003 1.3025
0.28951000000000005 1.4015
0.28450100000000006 1.4015
2.9

IMD6d2_damage
4
0.3345100000000001 1.3025
0.33951900000000007 1.3025
0.34549900000000006 1.4015
0.34049000000000007 1.4015
2.9

IMD6d2_damage
4
0.6504810000000001 1.3025
0.6554900000000001 1.3025
0.6495100000000001 1.4015
0.6445010000000001 1.4015
2.9

IMD6d2_damage
4
0.6945100000000002 1.3025
0.6995190000000002 1.3025
0.7054990000000002 1.4015
0.7004900000000002 1.4015
2.9

IMD2d2
4
-2.165 0.5545
-1.6670189999999998 0.5545
-1.672999 0.6535
-2.165 0.6535
2.65

IMD2d2
4
-0.7629809999999999 0.5545
-0.452019 0.5545
-0.457999 0.6535
-0.7570009999999999 0.6535
2.65

IMD2d2
4
0.452019 0.5545
0.7179809999999999 0.5545
0.7120009999999999 0.6535
0.457999 0.6535
2.65

IMD2d2
4
0.767019 0.5545
1.0779809999999999 0.5545
1.0720009999999998 0.6535
0.772999 0.6535
2.65

IMD2d2
4
1.1270189999999998 0.5545
1.6249999999999998 0.5545
1.6249999999999998 0.6535
1.1329989999999999 0.6535
2.65

IMD2d1
4
-2.165 0.5445
-1.6714239999999998 0.5445
-1.6720279999999998 0.5545
-2.165 0.5545
2.65

IMD2d1
4
-0.758576 0.5445
-0.456424 0.5445
-0.457028 0.5545
-0.757972 0.5545
2.65

IMD2d1
4
0.456424 0.5445
0.713576 0.5445
0.7129719999999999 0.5545
0.457028 0.5545
2.65

IMD2d1
4
0.7714239999999999 0.5445
1.0735759999999999 0.5445
1.0729719999999998 0.5545
0.7720279999999999 0.5545
2.65

IMD2d1
4
1.1314239999999998 0.5445
1.6249999999999998 0.5445
1.6249999999999998 0.5545
1.1320279999999998 0.5545
2.65

IMD2d1
4
-2.165 0.5265
1.6249999999999998 0.5265
1.6249999999999998 0.5445
-2.165 0.5445
2.65

IMD6d2
4
-2.165 1.3025
-0.384519 1.3025
-0.390499 1.4015
-2.165 1.4015
2.65

IMD6d2
4
-0.335481 1.3025
-0.024519000000000013 1.3025
-0.030499000000000012 1.4015
-0.329501 1.4015
2.65

IMD6d2
4
0.024519000000000013 1.3025
0.29048100000000004 1.3025
0.28450100000000006 1.4015
0.030499000000000012 1.4015
2.65

IMD6d2
4
0.33951900000000007 1.3025
0.6504810000000001 1.3025
0.6445010000000001 1.4015
0.34549900000000006 1.4015
2.65

IMD6d2
4
0.6995190000000002 1.3025
1.6249999999999998 1.3025
1.6249999999999998 1.4015
0.7054990000000002 1.4015
2.65

IMD6d1
4
-2.165 1.2925
-0.388924 1.2925
-0.389528 1.3025
-2.165 1.3025
2.65

IMD6d1
4
-0.331076 1.2925
-0.028924000000000012 1.2925
-0.029528000000000013 1.3025
-0.330472 1.3025
2.65

IMD6d1
4
0.028924000000000012 1.2925
0.28607600000000005 1.2925
0.28547200000000006 1.3025
0.029528000000000013 1.3025
2.65

IMD6d1
4
0.34392400000000006 1.2925
0.6460760000000002 1.2925
0.6454720000000002 1.3025
0.34452800000000006 1.3025
2.65

IMD6d1
4
0.7039240000000001 1.2925
1.6249999999999998 1.2925
1.6249999999999998 1.3025
0.7045280000000002 1.3025
2.65

IMD6d1
4
-2.165 1.2745
1.6249999999999998 1.2745
1.6249999999999998 1.2925
-2.165 1.2925
2.65

FOXA+FOXB+TOX
4
-2.165 0.001
1.6249999999999998 0.001
1.6249999999999998 0.2665
-2.165 0.2665
4.0

ILD1a
4
-2.165 0.2665
1.6249999999999998 0.2665
1.6249999999999998 0.2765
-2.165 0.2765
7.0

ILD1b1+ILD1b2+ILD1b3
4
-2.165 0.2765
1.6249999999999998 0.2765
1.6249999999999998 0.3955
-2.165 0.3955
4.0

IMD1a
4
-2.165 0.3955
1.6249999999999998 0.3955
1.6249999999999998 0.4065
-2.165 0.4065
5.2

IMD1b
4
-2.165 0.4065
1.6249999999999998 0.4065
1.6249999999999998 0.4665
-2.165 0.4665
2.8

IMD2a
4
-2.165 0.4665
1.6249999999999998 0.4665
1.6249999999999998 0.4875
-2.165 0.4875
5.2

IMD2b
4
-2.165 0.4875
1.6249999999999998 0.4875
1.6249999999999998 0.5025
-2.165 0.5025
4.2

IMD2c
4
-2.165 0.5025
1.6249999999999998 0.5025
1.6249999999999998 0.5265
-2.165 0.5265
3.28

IMD3a
4
-2.165 0.6535
1.6249999999999998 0.6535
1.6249999999999998 0.6745
-2.165 0.6745
5.2

IMD3b
4
-2.165 0.6745
1.6249999999999998 0.6745
1.6249999999999998 0.6895
-2.165 0.6895
4.2

IMD3c
4
-2.165 0.6895
1.6249999999999998 0.6895
1.6249999999999998 0.7135
-2.165 0.7135
3.28

IMD3d1+IMD3d2
4
-2.165 0.7135
1.6249999999999998 0.7135
1.6249999999999998 0.8405
-2.165 0.8405
2.65

IMD4a
4
-2.165 0.8405
1.6249999999999998 0.8405
1.6249999999999998 0.8615
-2.165 0.8615
5.2

IMD4b
4
-2.165 0.8615
1.6249999999999998 0.8615
1.6249999999999998 0.8765
-2.165 0.8765
4.2

IMD4c
4
-2.165 0.8765
1.6249999999999998 0.8765
1.6249999999999998 0.9005
-2.165 0.9005
3.28

IMD4d1+IMD4d2
4
-2.165 0.9005
1.6249999999999998 0.9005
1.6249999999999998 1.0275
-2.165 1.0275
2.65

IMD5a
4
-2.165 1.0275
1.6249999999999998 1.0275
1.6249999999999998 1.0485
-2.165 1.0485
5.2

IMD5b
4
-2.165 1.0485
1.6249999999999998 1.0485
1.6249999999999998 1.0635
-2.165 1.0635
4.2

IMD5c
4
-2.165 1.0635
1.6249999999999998 1.0635
1.6249999999999998 1.0875
-2.165 1.0875
3.28

IMD5d1+IMD5d2
4
-2.165 1.0875
1.6249999999999998 1.0875
1.6249999999999998 1.2145
-2.165 1.2145
2.65

IMD6a
4
-2.165 1.2145
1.6249999999999998 1.2145
1.6249999999999998 1.2355
-2.165 1.2355
5.2

IMD6b
4
-2.165 1.2355
1.6249999999999998 1.2355
1.6249999999999998 1.2505
-2.165 1.2505
4.2

IMD6c
4
-2.165 1.2505
1.6249999999999998 1.2505
1.6249999999999998 1.2745
-2.165 1.2745
3.28

IMD7a
4
-2.165 1.4015
1.6249999999999998 1.4015
1.6249999999999998 1.4765
-2.165 1.4765
5.2

IMD7b1+IMD7b2
4
-2.165 1.4765
1.6249999999999998 1.4765
1.6249999999999998 2.9765
-2.165 2.9765
4.2

IMD8a
4
-2.165 2.9765
1.6249999999999998 2.9765
1.6249999999999998 3.0515
-2.165 3.0515
5.2

IMD8b1+IMD8b2
4
-2.165 3.0515
1.6249999999999998 3.0515
1.6249999999999998 4.5515
-2.165 4.5515
4.2

PASS1
4
-2.165 4.5515
1.6249999999999998 4.5515
1.6249999999999998 4.6265
-2.165 4.6265
7.0

PASS2
4
-2.165 4.6265
1.6249999999999998 4.6265
1.6249999999999998 5.0265
-2.165 5.0265
4.2

PASS3
4
-2.165 5.0265
1.6249999999999998 5.0265
1.6249999999999998 5.1015
-2.165 5.1015
7.0

PASS4+PASS5
4
-2.165 5.1015
1.6249999999999998 5.1015
1.6249999999999998 6.0515
-2.165 6.0515
4.2

PASS6
4
-2.165 6.0515
1.6249999999999998 6.0515
1.6249999999999998 6.6515
-2.165 6.6515
7.0

air_Layer
4
-2.165 6.6515
1.6249999999999998 6.6515
1.6249999999999998 6.9485
-2.165 6.9485
1.0


4
-2.165 0.001
1.6249999999999998 0.001
1.6249999999999998 6.9485
-2.165 6.9485

