c2
4
-0.01951 0.9285000000000001
0.01951 0.9285000000000001
0.02549 1.0275
-0.02549 1.0275

6
botleft
4
-5.0675 -0.001
0 -0.001
0 0.001
-5.0675 0.001

botright
4
0 -0.001
7.0925 -0.001
7.0925 0.001
0 0.001

c4
4
0.29549000000000003 0.9285000000000001
0.3345100000000001 0.9285000000000001
0.34049000000000007 1.0275
0.28951000000000005 1.0275

c1left
4
-0.01951 0.5545
0 0.5545
0 0.6535
-0.02549 0.6535

c1
4
0 0.5545
0.01951 0.5545
0.02549 0.6535
0 0.6535

c3
4
0.29549000000000003 0.5545
1.1895099999999998 0.5545
1.19549 0.6535
0.28951000000000005 0.6535


59
IMD2d1_damage
4
-0.028924 0.5445
0.028924 0.5445
0.029528 0.5545
-0.029528 0.5545
3.1

IMD2d1_damage
4
0.28607600000000005 0.5445
1.1989239999999999 0.5445
1.199528 0.5545
0.28547200000000006 0.5545
3.1

IMD2d2_damage
4
-0.024519 0.5545
-0.01951 0.5545
-0.02549 0.6535
-0.030499 0.6535
2.9

IMD2d2_damage
4
0.01951 0.5545
0.024519 0.5545
0.030499 0.6535
0.02549 0.6535
2.9

IMD2d2_damage
4
0.29048100000000004 0.5545
0.29549000000000003 0.5545
0.28951000000000005 0.6535
0.28450100000000006 0.6535
2.9

IMD2d2_damage
4
1.1895099999999998 0.5545
1.1945189999999999 0.5545
1.200499 0.6535
1.19549 0.6535
2.9

IMD4d1_damage
4
-0.028924 0.9185000000000001
0.028924 0.9185000000000001
0.029528 0.9285000000000001
-0.029528 0.9285000000000001
3.1

IMD4d1_damage
4
0.28607600000000005 0.9185000000000001
0.34392400000000006 0.9185000000000001
0.34452800000000006 0.9285000000000001
0.28547200000000006 0.9285000000000001
3.1

IMD4d2_damage
4
-0.024519 0.9285000000000001
-0.01951 0.9285000000000001
-0.02549 1.0275
-0.030499 1.0275
2.9

IMD4d2_damage
4
0.01951 0.9285000000000001
0.024519 0.9285000000000001
0.030499 1.0275
0.02549 1.0275
2.9

IMD4d2_damage
4
0.29048100000000004 0.9285000000000001
0.29549000000000003 0.9285000000000001
0.28951000000000005 1.0275
0.28450100000000006 1.0275
2.9

IMD4d2_damage
4
0.3345100000000001 0.9285000000000001
0.33951900000000007 0.9285000000000001
0.34549900000000006 1.0275
0.34049000000000007 1.0275
2.9

IMD2d2
4
-5.0675 0.5545
-0.024519 0.5545
-0.030499 0.6535
-5.0675 0.6535
2.65

IMD2d2
4
0.024519 0.5545
0.29048100000000004 0.5545
0.28450100000000006 0.6535
0.030499 0.6535
2.65

IMD2d2
4
1.1945189999999999 0.5545
7.0925 0.5545
7.0925 0.6535
1.200499 0.6535
2.65

IMD2d1
4
-5.0675 0.5445
-0.028924 0.5445
-0.029528 0.5545
-5.0675 0.5545
2.65

IMD2d1
4
0.028924 0.5445
0.28607600000000005 0.5445
0.28547200000000006 0.5545
0.029528 0.5545
2.65

IMD2d1
4
1.1989239999999999 0.5445
7.0925 0.5445
7.0925 0.5545
1.199528 0.5545
2.65

IMD2d1
4
-5.0675 0.5265
7.0925 0.5265
7.0925 0.5445
-5.0675 0.5445
2.65

IMD4d2
4
-5.0675 0.9285000000000001
-0.024519 0.9285000000000001
-0.030499 1.0275
-5.0675 1.0275
2.65

IMD4d2
4
0.024519 0.9285000000000001
0.29048100000000004 0.9285000000000001
0.28450100000000006 1.0275
0.030499 1.0275
2.65

IMD4d2
4
0.33951900000000007 0.9285000000000001
7.0925 0.9285000000000001
7.0925 1.0275
0.34549900000000006 1.0275
2.65

IMD4d1
4
-5.0675 0.9185000000000001
-0.028924 0.9185000000000001
-0.029528 0.9285000000000001
-5.0675 0.9285000000000001
2.65

IMD4d1
4
0.028924 0.9185000000000001
0.28607600000000005 0.9185000000000001
0.28547200000000006 0.9285000000000001
0.029528 0.9285000000000001
2.65

IMD4d1
4
0.34392400000000006 0.9185000000000001
7.0925 0.9185000000000001
7.0925 0.9285000000000001
0.34452800000000006 0.9285000000000001
2.65

IMD4d1
4
-5.0675 0.9005
7.0925 0.9005
7.0925 0.9185000000000001
-5.0675 0.9185000000000001
2.65

FOXA+FOXB+TOX
4
-5.0675 0.001
7.0925 0.001
7.0925 0.2665
-5.0675 0.2665
4.0

ILD1a
4
-5.0675 0.2665
7.0925 0.2665
7.0925 0.2765
-5.0675 0.2765
7.0

ILD1b1+ILD1b2+ILD1b3
4
-5.0675 0.2765
7.0925 0.2765
7.0925 0.3955
-5.0675 0.3955
4.0

IMD1a
4
-5.0675 0.3955
7.0925 0.3955
7.0925 0.4065
-5.0675 0.4065
5.2

IMD1b
4
-5.0675 0.4065
7.0925 0.4065
7.0925 0.4665
-5.0675 0.4665
2.8

IMD2a
4
-5.0675 0.4665
7.0925 0.4665
7.0925 0.4875
-5.0675 0.4875
5.2

IMD2b
4
-5.0675 0.4875
7.0925 0.4875
7.0925 0.5025
-5.0675 0.5025
4.2

IMD2c
4
-5.0675 0.5025
7.0925 0.5025
7.0925 0.5265
-5.0675 0.5265
3.28

IMD3a
4
-5.0675 0.6535
7.0925 0.6535
7.0925 0.6745
-5.0675 0.6745
5.2

IMD3b
4
-5.0675 0.6745
7.0925 0.6745
7.0925 0.6895
-5.0675 0.6895
4.2

IMD3c
4
-5.0675 0.6895
7.0925 0.6895
7.0925 0.7135
-5.0675 0.7135
3.28

IMD3d1+IMD3d2
4
-5.0675 0.7135
7.0925 0.7135
7.0925 0.8405
-5.0675 0.8405
2.65

IMD4a
4
-5.0675 0.8405
7.0925 0.8405
7.0925 0.8615
-5.0675 0.8615
5.2

IMD4b
4
-5.0675 0.8615
7.0925 0.8615
7.0925 0.8765
-5.0675 0.8765
4.2

IMD4c
4
-5.0675 0.8765
7.0925 0.8765
7.0925 0.9005
-5.0675 0.9005
3.28

IMD5a
4
-5.0675 1.0275
7.0925 1.0275
7.0925 1.0485
-5.0675 1.0485
5.2

IMD5b
4
-5.0675 1.0485
7.0925 1.0485
7.0925 1.0635
-5.0675 1.0635
4.2

IMD5c
4
-5.0675 1.0635
7.0925 1.0635
7.0925 1.0875
-5.0675 1.0875
3.28

IMD5d1+IMD5d2
4
-5.0675 1.0875
7.0925 1.0875
7.0925 1.2145
-5.0675 1.2145
2.65

IMD6a
4
-5.0675 1.2145
7.0925 1.2145
7.0925 1.2355
-5.0675 1.2355
5.2

IMD6b
4
-5.0675 1.2355
7.0925 1.2355
7.0925 1.2505
-5.0675 1.2505
4.2

IMD6c
4
-5.0675 1.2505
7.0925 1.2505
7.0925 1.2745
-5.0675 1.2745
3.28

IMD6d1+IMD6d2
4
-5.0675 1.2745
7.0925 1.2745
7.0925 1.4015
-5.0675 1.4015
2.65

IMD7a
4
-5.0675 1.4015
7.0925 1.4015
7.0925 1.4765
-5.0675 1.4765
5.2

IMD7b1+IMD7b2
4
-5.0675 1.4765
7.0925 1.4765
7.0925 2.9765
-5.0675 2.9765
4.2

IMD8a
4
-5.0675 2.9765
7.0925 2.9765
7.0925 3.0515
-5.0675 3.0515
5.2

IMD8b1+IMD8b2
4
-5.0675 3.0515
7.0925 3.0515
7.0925 4.5515
-5.0675 4.5515
4.2

PASS1
4
-5.0675 4.5515
7.0925 4.5515
7.0925 4.6265
-5.0675 4.6265
7.0

PASS2
4
-5.0675 4.6265
7.0925 4.6265
7.0925 5.0265
-5.0675 5.0265
4.2

PASS3
4
-5.0675 5.0265
7.0925 5.0265
7.0925 5.1015
-5.0675 5.1015
7.0

PASS4+PASS5
4
-5.0675 5.1015
7.0925 5.1015
7.0925 6.0515
-5.0675 6.0515
4.2

PASS6
4
-5.0675 6.0515
7.0925 6.0515
7.0925 6.6515
-5.0675 6.6515
7.0

air_Layer
4
-5.0675 6.6515
7.0925 6.6515
7.0925 6.9485
-5.0675 6.9485
1.0


4
-5.0675 0.001
7.0925 0.001
7.0925 6.9485
-5.0675 6.9485

