c1
4
-0.44700999999999996 0.5545
0.44700999999999996 0.5545
0.45298999999999995 0.6535
-0.45298999999999995 0.6535

6
botleft
4
-6.35 -0.001
0 -0.001
0 0.001
-6.35 0.001

botright
4
0 -0.001
5.580500000000001 -0.001
5.580500000000001 0.001
0 0.001

c3
4
0.49348999999999993 0.5545
0.5325099999999999 0.5545
0.5384899999999999 0.6535
0.48750999999999994 0.6535

c2left
4
-0.01951 1.1155
0 1.1155
0 1.2145
-0.02549 1.2145

c2
4
0 1.1155
0.01951 1.1155
0.02549 1.2145
0 1.2145

c4
4
0.06599 1.1155
0.10500999999999999 1.1155
0.11098999999999999 1.2145
0.060009999999999994 1.2145


59
IMD2d1_damage
4
-0.45642399999999994 0.5445
0.45642399999999994 0.5445
0.45702799999999993 0.5545
-0.45702799999999993 0.5545
3.1

IMD2d1_damage
4
0.48407599999999995 0.5445
0.5419239999999999 0.5445
0.5425279999999999 0.5545
0.48347199999999996 0.5545
3.1

IMD2d2_damage
4
-0.45201899999999995 0.5545
-0.44700999999999996 0.5545
-0.45298999999999995 0.6535
-0.45799899999999993 0.6535
2.9

IMD2d2_damage
4
0.44700999999999996 0.5545
0.45201899999999995 0.5545
0.45799899999999993 0.6535
0.45298999999999995 0.6535
2.9

IMD2d2_damage
4
0.48848099999999994 0.5545
0.49348999999999993 0.5545
0.48750999999999994 0.6535
0.48250099999999996 0.6535
2.9

IMD2d2_damage
4
0.5325099999999999 0.5545
0.537519 0.5545
0.543499 0.6535
0.5384899999999999 0.6535
2.9

IMD5d1_damage
4
-0.028924 1.1055
0.028924 1.1055
0.029528 1.1155
-0.029528 1.1155
3.1

IMD5d1_damage
4
0.056575999999999994 1.1055
0.114424 1.1055
0.11502799999999999 1.1155
0.055971999999999994 1.1155
3.1

IMD5d2_damage
4
-0.024519 1.1155
-0.01951 1.1155
-0.02549 1.2145
-0.030499 1.2145
2.9

IMD5d2_damage
4
0.01951 1.1155
0.024519 1.1155
0.030499 1.2145
0.02549 1.2145
2.9

IMD5d2_damage
4
0.060980999999999994 1.1155
0.06599 1.1155
0.060009999999999994 1.2145
0.055000999999999994 1.2145
2.9

IMD5d2_damage
4
0.10500999999999999 1.1155
0.11001899999999999 1.1155
0.11599899999999999 1.2145
0.11098999999999999 1.2145
2.9

IMD2d2
4
-6.35 0.5545
-0.45201899999999995 0.5545
-0.45799899999999993 0.6535
-6.35 0.6535
2.65

IMD2d2
4
0.45201899999999995 0.5545
0.48848099999999994 0.5545
0.48250099999999996 0.6535
0.45799899999999993 0.6535
2.65

IMD2d2
4
0.537519 0.5545
5.580500000000001 0.5545
5.580500000000001 0.6535
0.543499 0.6535
2.65

IMD2d1
4
-6.35 0.5445
-0.45642399999999994 0.5445
-0.45702799999999993 0.5545
-6.35 0.5545
2.65

IMD2d1
4
0.45642399999999994 0.5445
0.48407599999999995 0.5445
0.48347199999999996 0.5545
0.45702799999999993 0.5545
2.65

IMD2d1
4
0.5419239999999999 0.5445
5.580500000000001 0.5445
5.580500000000001 0.5545
0.5425279999999999 0.5545
2.65

IMD2d1
4
-6.35 0.5265
5.580500000000001 0.5265
5.580500000000001 0.5445
-6.35 0.5445
2.65

IMD5d2
4
-6.35 1.1155
-0.024519 1.1155
-0.030499 1.2145
-6.35 1.2145
2.65

IMD5d2
4
0.024519 1.1155
0.060980999999999994 1.1155
0.055000999999999994 1.2145
0.030499 1.2145
2.65

IMD5d2
4
0.11001899999999999 1.1155
5.580500000000001 1.1155
5.580500000000001 1.2145
0.11599899999999999 1.2145
2.65

IMD5d1
4
-6.35 1.1055
-0.028924 1.1055
-0.029528 1.1155
-6.35 1.1155
2.65

IMD5d1
4
0.028924 1.1055
0.056575999999999994 1.1055
0.055971999999999994 1.1155
0.029528 1.1155
2.65

IMD5d1
4
0.114424 1.1055
5.580500000000001 1.1055
5.580500000000001 1.1155
0.11502799999999999 1.1155
2.65

IMD5d1
4
-6.35 1.0875
5.580500000000001 1.0875
5.580500000000001 1.1055
-6.35 1.1055
2.65

FOXA+FOXB+TOX
4
-6.35 0.001
5.580500000000001 0.001
5.580500000000001 0.2665
-6.35 0.2665
4.0

ILD1a
4
-6.35 0.2665
5.580500000000001 0.2665
5.580500000000001 0.2765
-6.35 0.2765
7.0

ILD1b1+ILD1b2+ILD1b3
4
-6.35 0.2765
5.580500000000001 0.2765
5.580500000000001 0.3955
-6.35 0.3955
4.0

IMD1a
4
-6.35 0.3955
5.580500000000001 0.3955
5.580500000000001 0.4065
-6.35 0.4065
5.2

IMD1b
4
-6.35 0.4065
5.580500000000001 0.4065
5.580500000000001 0.4665
-6.35 0.4665
2.8

IMD2a
4
-6.35 0.4665
5.580500000000001 0.4665
5.580500000000001 0.4875
-6.35 0.4875
5.2

IMD2b
4
-6.35 0.4875
5.580500000000001 0.4875
5.580500000000001 0.5025
-6.35 0.5025
4.2

IMD2c
4
-6.35 0.5025
5.580500000000001 0.5025
5.580500000000001 0.5265
-6.35 0.5265
3.28

IMD3a
4
-6.35 0.6535
5.580500000000001 0.6535
5.580500000000001 0.6745
-6.35 0.6745
5.2

IMD3b
4
-6.35 0.6745
5.580500000000001 0.6745
5.580500000000001 0.6895
-6.35 0.6895
4.2

IMD3c
4
-6.35 0.6895
5.580500000000001 0.6895
5.580500000000001 0.7135
-6.35 0.7135
3.28

IMD3d1+IMD3d2
4
-6.35 0.7135
5.580500000000001 0.7135
5.580500000000001 0.8405
-6.35 0.8405
2.65

IMD4a
4
-6.35 0.8405
5.580500000000001 0.8405
5.580500000000001 0.8615
-6.35 0.8615
5.2

IMD4b
4
-6.35 0.8615
5.580500000000001 0.8615
5.580500000000001 0.8765
-6.35 0.8765
4.2

IMD4c
4
-6.35 0.8765
5.580500000000001 0.8765
5.580500000000001 0.9005
-6.35 0.9005
3.28

IMD4d1+IMD4d2
4
-6.35 0.9005
5.580500000000001 0.9005
5.580500000000001 1.0275
-6.35 1.0275
2.65

IMD5a
4
-6.35 1.0275
5.580500000000001 1.0275
5.580500000000001 1.0485
-6.35 1.0485
5.2

IMD5b
4
-6.35 1.0485
5.580500000000001 1.0485
5.580500000000001 1.0635
-6.35 1.0635
4.2

IMD5c
4
-6.35 1.0635
5.580500000000001 1.0635
5.580500000000001 1.0875
-6.35 1.0875
3.28

IMD6a
4
-6.35 1.2145
5.580500000000001 1.2145
5.580500000000001 1.2355
-6.35 1.2355
5.2

IMD6b
4
-6.35 1.2355
5.580500000000001 1.2355
5.580500000000001 1.2505
-6.35 1.2505
4.2

IMD6c
4
-6.35 1.2505
5.580500000000001 1.2505
5.580500000000001 1.2745
-6.35 1.2745
3.28

IMD6d1+IMD6d2
4
-6.35 1.2745
5.580500000000001 1.2745
5.580500000000001 1.4015
-6.35 1.4015
2.65

IMD7a
4
-6.35 1.4015
5.580500000000001 1.4015
5.580500000000001 1.4765
-6.35 1.4765
5.2

IMD7b1+IMD7b2
4
-6.35 1.4765
5.580500000000001 1.4765
5.580500000000001 2.9765
-6.35 2.9765
4.2

IMD8a
4
-6.35 2.9765
5.580500000000001 2.9765
5.580500000000001 3.0515
-6.35 3.0515
5.2

IMD8b1+IMD8b2
4
-6.35 3.0515
5.580500000000001 3.0515
5.580500000000001 4.5515
-6.35 4.5515
4.2

PASS1
4
-6.35 4.5515
5.580500000000001 4.5515
5.580500000000001 4.6265
-6.35 4.6265
7.0

PASS2
4
-6.35 4.6265
5.580500000000001 4.6265
5.580500000000001 5.0265
-6.35 5.0265
4.2

PASS3
4
-6.35 5.0265
5.580500000000001 5.0265
5.580500000000001 5.1015
-6.35 5.1015
7.0

PASS4+PASS5
4
-6.35 5.1015
5.580500000000001 5.1015
5.580500000000001 6.0515
-6.35 6.0515
4.2

PASS6
4
-6.35 6.0515
5.580500000000001 6.0515
5.580500000000001 6.6515
-6.35 6.6515
7.0

air_Layer
4
-6.35 6.6515
5.580500000000001 6.6515
5.580500000000001 6.9485
-6.35 6.9485
1.0


4
-6.35 0.001
5.580500000000001 0.001
5.580500000000001 6.9485
-6.35 6.9485

