c2
4
-0.019510000000000013 1.3025
0.019510000000000013 1.3025
0.025490000000000013 1.4015
-0.025490000000000013 1.4015

10
botleft
4
-2.165 -0.001
0 -0.001
0 0.001
-2.165 0.001

botright
4
0 -0.001
3.245 -0.001
3.245 0.001
0 0.001

ltEnv
4
-0.37951 1.3025
-0.34048999999999996 1.3025
-0.33451 1.4015
-0.38549 1.4015

c4
4
0.20548999999999998 1.3025
0.24450999999999998 1.3025
0.25049 1.4015
0.19950999999999997 1.4015

rtEnv
4
0.56549 1.3025
0.6045100000000001 1.3025
0.6104900000000001 1.4015
0.5595100000000001 1.4015

lbEnv
4
-1.6620099999999998 0.5545
-0.76799 0.5545
-0.76201 0.6535
-1.6679899999999999 0.6535

c1left
4
-0.44701 0.5545
0 0.5545
0 0.6535
-0.45299 0.6535

c1
4
0 0.5545
0.44701 0.5545
0.45299 0.6535
0 0.6535

c3
4
0.63299 0.5545
1.52701 0.5545
1.53299 0.6535
0.6270100000000001 0.6535

rbEnv
4
1.84799 0.5545
2.7420099999999996 0.5545
2.7479899999999997 0.6535
1.84201 0.6535


79
IMD2d1_damage
4
-1.6714239999999998 0.5445
-0.758576 0.5445
-0.757972 0.5545
-1.6720279999999998 0.5545
3.1

IMD2d1_damage
4
-0.456424 0.5445
0.456424 0.5445
0.457028 0.5545
-0.457028 0.5545
3.1

IMD2d1_damage
4
0.6235760000000001 0.5445
1.536424 0.5445
1.537028 0.5545
0.6229720000000001 0.5545
3.1

IMD2d1_damage
4
1.838576 0.5445
2.7514239999999996 0.5445
2.7520279999999997 0.5545
1.837972 0.5545
3.1

IMD2d2_damage
4
-1.6670189999999998 0.5545
-1.6620099999999998 0.5545
-1.6679899999999999 0.6535
-1.672999 0.6535
2.9

IMD2d2_damage
4
-0.76799 0.5545
-0.7629809999999999 0.5545
-0.7570009999999999 0.6535
-0.76201 0.6535
2.9

IMD2d2_damage
4
-0.452019 0.5545
-0.44701 0.5545
-0.45299 0.6535
-0.457999 0.6535
2.9

IMD2d2_damage
4
0.44701 0.5545
0.452019 0.5545
0.457999 0.6535
0.45299 0.6535
2.9

IMD2d2_damage
4
0.627981 0.5545
0.63299 0.5545
0.6270100000000001 0.6535
0.622001 0.6535
2.9

IMD2d2_damage
4
1.52701 0.5545
1.532019 0.5545
1.5379990000000001 0.6535
1.53299 0.6535
2.9

IMD2d2_damage
4
1.842981 0.5545
1.84799 0.5545
1.84201 0.6535
1.8370009999999999 0.6535
2.9

IMD2d2_damage
4
2.7420099999999996 0.5545
2.7470189999999994 0.5545
2.7529989999999995 0.6535
2.7479899999999997 0.6535
2.9

IMD6d1_damage
4
-0.388924 1.2925
-0.331076 1.2925
-0.330472 1.3025
-0.389528 1.3025
3.1

IMD6d1_damage
4
-0.028924000000000012 1.2925
0.028924000000000012 1.2925
0.029528000000000013 1.3025
-0.029528000000000013 1.3025
3.1

IMD6d1_damage
4
0.19607599999999997 1.2925
0.253924 1.2925
0.254528 1.3025
0.19547199999999998 1.3025
3.1

IMD6d1_damage
4
0.5560760000000001 1.2925
0.613924 1.2925
0.6145280000000001 1.3025
0.5554720000000001 1.3025
3.1

IMD6d2_damage
4
-0.384519 1.3025
-0.37951 1.3025
-0.38549 1.4015
-0.390499 1.4015
2.9

IMD6d2_damage
4
-0.34048999999999996 1.3025
-0.335481 1.3025
-0.329501 1.4015
-0.33451 1.4015
2.9

IMD6d2_damage
4
-0.024519000000000013 1.3025
-0.019510000000000013 1.3025
-0.025490000000000013 1.4015
-0.030499000000000012 1.4015
2.9

IMD6d2_damage
4
0.019510000000000013 1.3025
0.024519000000000013 1.3025
0.030499000000000012 1.4015
0.025490000000000013 1.4015
2.9

IMD6d2_damage
4
0.20048099999999996 1.3025
0.20548999999999998 1.3025
0.19950999999999997 1.4015
0.19450099999999995 1.4015
2.9

IMD6d2_damage
4
0.24450999999999998 1.3025
0.249519 1.3025
0.255499 1.4015
0.25049 1.4015
2.9

IMD6d2_damage
4
0.560481 1.3025
0.56549 1.3025
0.5595100000000001 1.4015
0.554501 1.4015
2.9

IMD6d2_damage
4
0.6045100000000001 1.3025
0.6095190000000001 1.3025
0.6154990000000001 1.4015
0.6104900000000001 1.4015
2.9

IMD2d2
4
-2.165 0.5545
-1.6670189999999998 0.5545
-1.672999 0.6535
-2.165 0.6535
2.65

IMD2d2
4
-0.7629809999999999 0.5545
-0.452019 0.5545
-0.457999 0.6535
-0.7570009999999999 0.6535
2.65

IMD2d2
4
0.452019 0.5545
0.627981 0.5545
0.622001 0.6535
0.457999 0.6535
2.65

IMD2d2
4
1.532019 0.5545
1.842981 0.5545
1.8370009999999999 0.6535
1.5379990000000001 0.6535
2.65

IMD2d2
4
2.7470189999999994 0.5545
3.245 0.5545
3.245 0.6535
2.7529989999999995 0.6535
2.65

IMD2d1
4
-2.165 0.5445
-1.6714239999999998 0.5445
-1.6720279999999998 0.5545
-2.165 0.5545
2.65

IMD2d1
4
-0.758576 0.5445
-0.456424 0.5445
-0.457028 0.5545
-0.757972 0.5545
2.65

IMD2d1
4
0.456424 0.5445
0.6235760000000001 0.5445
0.6229720000000001 0.5545
0.457028 0.5545
2.65

IMD2d1
4
1.536424 0.5445
1.838576 0.5445
1.837972 0.5545
1.537028 0.5545
2.65

IMD2d1
4
2.7514239999999996 0.5445
3.245 0.5445
3.245 0.5545
2.7520279999999997 0.5545
2.65

IMD2d1
4
-2.165 0.5265
3.245 0.5265
3.245 0.5445
-2.165 0.5445
2.65

IMD6d2
4
-2.165 1.3025
-0.384519 1.3025
-0.390499 1.4015
-2.165 1.4015
2.65

IMD6d2
4
-0.335481 1.3025
-0.024519000000000013 1.3025
-0.030499000000000012 1.4015
-0.329501 1.4015
2.65

IMD6d2
4
0.024519000000000013 1.3025
0.20048099999999996 1.3025
0.19450099999999995 1.4015
0.030499000000000012 1.4015
2.65

IMD6d2
4
0.249519 1.3025
0.560481 1.3025
0.554501 1.4015
0.255499 1.4015
2.65

IMD6d2
4
0.6095190000000001 1.3025
3.245 1.3025
3.245 1.4015
0.6154990000000001 1.4015
2.65

IMD6d1
4
-2.165 1.2925
-0.388924 1.2925
-0.389528 1.3025
-2.165 1.3025
2.65

IMD6d1
4
-0.331076 1.2925
-0.028924000000000012 1.2925
-0.029528000000000013 1.3025
-0.330472 1.3025
2.65

IMD6d1
4
0.028924000000000012 1.2925
0.19607599999999997 1.2925
0.19547199999999998 1.3025
0.029528000000000013 1.3025
2.65

IMD6d1
4
0.253924 1.2925
0.5560760000000001 1.2925
0.5554720000000001 1.3025
0.254528 1.3025
2.65

IMD6d1
4
0.613924 1.2925
3.245 1.2925
3.245 1.3025
0.6145280000000001 1.3025
2.65

IMD6d1
4
-2.165 1.2745
3.245 1.2745
3.245 1.2925
-2.165 1.2925
2.65

FOXA+FOXB+TOX
4
-2.165 0.001
3.245 0.001
3.245 0.2665
-2.165 0.2665
4.0

ILD1a
4
-2.165 0.2665
3.245 0.2665
3.245 0.2765
-2.165 0.2765
7.0

ILD1b1+ILD1b2+ILD1b3
4
-2.165 0.2765
3.245 0.2765
3.245 0.3955
-2.165 0.3955
4.0

IMD1a
4
-2.165 0.3955
3.245 0.3955
3.245 0.4065
-2.165 0.4065
5.2

IMD1b
4
-2.165 0.4065
3.245 0.4065
3.245 0.4665
-2.165 0.4665
2.8

IMD2a
4
-2.165 0.4665
3.245 0.4665
3.245 0.4875
-2.165 0.4875
5.2

IMD2b
4
-2.165 0.4875
3.245 0.4875
3.245 0.5025
-2.165 0.5025
4.2

IMD2c
4
-2.165 0.5025
3.245 0.5025
3.245 0.5265
-2.165 0.5265
3.28

IMD3a
4
-2.165 0.6535
3.245 0.6535
3.245 0.6745
-2.165 0.6745
5.2

IMD3b
4
-2.165 0.6745
3.245 0.6745
3.245 0.6895
-2.165 0.6895
4.2

IMD3c
4
-2.165 0.6895
3.245 0.6895
3.245 0.7135
-2.165 0.7135
3.28

IMD3d1+IMD3d2
4
-2.165 0.7135
3.245 0.7135
3.245 0.8405
-2.165 0.8405
2.65

IMD4a
4
-2.165 0.8405
3.245 0.8405
3.245 0.8615
-2.165 0.8615
5.2

IMD4b
4
-2.165 0.8615
3.245 0.8615
3.245 0.8765
-2.165 0.8765
4.2

IMD4c
4
-2.165 0.8765
3.245 0.8765
3.245 0.9005
-2.165 0.9005
3.28

IMD4d1+IMD4d2
4
-2.165 0.9005
3.245 0.9005
3.245 1.0275
-2.165 1.0275
2.65

IMD5a
4
-2.165 1.0275
3.245 1.0275
3.245 1.0485
-2.165 1.0485
5.2

IMD5b
4
-2.165 1.0485
3.245 1.0485
3.245 1.0635
-2.165 1.0635
4.2

IMD5c
4
-2.165 1.0635
3.245 1.0635
3.245 1.0875
-2.165 1.0875
3.28

IMD5d1+IMD5d2
4
-2.165 1.0875
3.245 1.0875
3.245 1.2145
-2.165 1.2145
2.65

IMD6a
4
-2.165 1.2145
3.245 1.2145
3.245 1.2355
-2.165 1.2355
5.2

IMD6b
4
-2.165 1.2355
3.245 1.2355
3.245 1.2505
-2.165 1.2505
4.2

IMD6c
4
-2.165 1.2505
3.245 1.2505
3.245 1.2745
-2.165 1.2745
3.28

IMD7a
4
-2.165 1.4015
3.245 1.4015
3.245 1.4765
-2.165 1.4765
5.2

IMD7b1+IMD7b2
4
-2.165 1.4765
3.245 1.4765
3.245 2.9765
-2.165 2.9765
4.2

IMD8a
4
-2.165 2.9765
3.245 2.9765
3.245 3.0515
-2.165 3.0515
5.2

IMD8b1+IMD8b2
4
-2.165 3.0515
3.245 3.0515
3.245 4.5515
-2.165 4.5515
4.2

PASS1
4
-2.165 4.5515
3.245 4.5515
3.245 4.6265
-2.165 4.6265
7.0

PASS2
4
-2.165 4.6265
3.245 4.6265
3.245 5.0265
-2.165 5.0265
4.2

PASS3
4
-2.165 5.0265
3.245 5.0265
3.245 5.1015
-2.165 5.1015
7.0

PASS4+PASS5
4
-2.165 5.1015
3.245 5.1015
3.245 6.0515
-2.165 6.0515
4.2

PASS6
4
-2.165 6.0515
3.245 6.0515
3.245 6.6515
-2.165 6.6515
7.0

air_Layer
4
-2.165 6.6515
3.245 6.6515
3.245 6.9485
-2.165 6.9485
1.0


4
-2.165 0.001
3.245 0.001
3.245 6.9485
-2.165 6.9485

