c1
4
-0.44542 0.37050000000000005
0.44542 0.37050000000000005
0.45458 0.4665
-0.45458 0.4665

10
botleft
4
-2.165 -0.001
0 -0.001
0 0.001
-2.165 0.001

botright
4
0 -0.001
3.1099999999999994 -0.001
3.1099999999999994 0.001
0 0.001

lbEnv
4
-1.6604199999999998 0.37050000000000005
-0.7695799999999999 0.37050000000000005
-0.76042 0.4665
-1.6695799999999998 0.4665

c3
4
0.49957999999999986 0.37050000000000005
1.3904199999999998 0.37050000000000005
1.3995799999999998 0.4665
0.49041999999999986 0.4665

rbEnv
4
1.7145799999999998 0.37050000000000005
2.605419999999999 0.37050000000000005
2.6145799999999992 0.4665
1.7054199999999997 0.4665

ltEnv
4
-0.37951 0.9285000000000001
-0.34048999999999996 0.9285000000000001
-0.33451 1.0275
-0.38549 1.0275

c2left
4
-0.019510000000000013 0.9285000000000001
0 0.9285000000000001
0 1.0275
-0.025490000000000013 1.0275

c2
4
0 0.9285000000000001
0.019510000000000013 0.9285000000000001
0.025490000000000013 1.0275
0 1.0275

c4
4
0.07049000000000001 0.9285000000000001
0.10950999999999998 0.9285000000000001
0.11548999999999998 1.0275
0.06451000000000001 1.0275

rtEnv
4
0.43049000000000004 0.9285000000000001
0.4695100000000001 0.9285000000000001
0.4754900000000001 1.0275
0.42451000000000005 1.0275


70
IMD4d1_damage
4
-0.388924 0.9185000000000001
-0.331076 0.9185000000000001
-0.330472 0.9285000000000001
-0.389528 0.9285000000000001
3.1

IMD4d1_damage
4
-0.028924000000000012 0.9185000000000001
0.028924000000000012 0.9185000000000001
0.029528000000000013 0.9285000000000001
-0.029528000000000013 0.9285000000000001
3.1

IMD4d1_damage
4
0.06107600000000001 0.9185000000000001
0.11892399999999999 0.9185000000000001
0.11952799999999998 0.9285000000000001
0.06047200000000001 0.9285000000000001
3.1

IMD4d1_damage
4
0.42107600000000006 0.9185000000000001
0.47892400000000007 0.9185000000000001
0.47952800000000007 0.9285000000000001
0.42047200000000007 0.9285000000000001
3.1

IMD4d2_damage
4
-0.384519 0.9285000000000001
-0.37951 0.9285000000000001
-0.38549 1.0275
-0.390499 1.0275
2.9

IMD4d2_damage
4
-0.34048999999999996 0.9285000000000001
-0.335481 0.9285000000000001
-0.329501 1.0275
-0.33451 1.0275
2.9

IMD4d2_damage
4
-0.024519000000000013 0.9285000000000001
-0.019510000000000013 0.9285000000000001
-0.025490000000000013 1.0275
-0.030499000000000012 1.0275
2.9

IMD4d2_damage
4
0.019510000000000013 0.9285000000000001
0.024519000000000013 0.9285000000000001
0.030499000000000012 1.0275
0.025490000000000013 1.0275
2.9

IMD4d2_damage
4
0.06548100000000001 0.9285000000000001
0.07049000000000001 0.9285000000000001
0.06451000000000001 1.0275
0.05950100000000001 1.0275
2.9

IMD4d2_damage
4
0.10950999999999998 0.9285000000000001
0.11451899999999998 0.9285000000000001
0.12049899999999998 1.0275
0.11548999999999998 1.0275
2.9

IMD4d2_damage
4
0.42548100000000005 0.9285000000000001
0.43049000000000004 0.9285000000000001
0.42451000000000005 1.0275
0.41950100000000007 1.0275
2.9

IMD4d2_damage
4
0.4695100000000001 0.9285000000000001
0.4745190000000001 0.9285000000000001
0.48049900000000006 1.0275
0.4754900000000001 1.0275
2.9

IMD1b
4
-2.165 0.40650000000000003
-1.6638549999999999 0.40650000000000003
-1.6695799999999998 0.4665
-2.165 0.4665
2.8

IMD1b
4
-0.766145 0.40650000000000003
-0.448855 0.40650000000000003
-0.45458 0.4665
-0.76042 0.4665
2.8

IMD1b
4
0.448855 0.40650000000000003
0.49614499999999984 0.40650000000000003
0.49041999999999986 0.4665
0.45458 0.4665
2.8

IMD1b
4
1.3938549999999998 0.40650000000000003
1.7111449999999997 0.40650000000000003
1.7054199999999997 0.4665
1.3995799999999998 0.4665
2.8

IMD1b
4
2.6088549999999993 0.40650000000000003
3.1099999999999994 0.40650000000000003
3.1099999999999994 0.4665
2.6145799999999992 0.4665
2.8

IMD1a
4
-2.165 0.3955
-1.6628054166666666 0.3955
-1.6638549999999999 0.40650000000000003
-2.165 0.40650000000000003
5.2

IMD1a
4
-0.7671945833333333 0.3955
-0.4478054166666667 0.3955
-0.448855 0.40650000000000003
-0.766145 0.40650000000000003
5.2

IMD1a
4
0.4478054166666667 0.3955
0.49719458333333316 0.3955
0.49614499999999984 0.40650000000000003
0.448855 0.40650000000000003
5.2

IMD1a
4
1.3928054166666666 0.3955
1.712194583333333 0.3955
1.7111449999999997 0.40650000000000003
1.3938549999999998 0.40650000000000003
5.2

IMD1a
4
2.607805416666666 0.3955
3.1099999999999994 0.3955
3.1099999999999994 0.40650000000000003
2.6088549999999993 0.40650000000000003
5.2

ILD1b3
4
-2.165 0.37050000000000005
-1.6604199999999998 0.37050000000000005
-1.6628054166666666 0.3955
-2.165 0.3955
4

ILD1b3
4
-0.7695799999999999 0.37050000000000005
-0.44542 0.37050000000000005
-0.4478054166666667 0.3955
-0.7671945833333333 0.3955
4

ILD1b3
4
0.44542 0.37050000000000005
0.49957999999999986 0.37050000000000005
0.49719458333333316 0.3955
0.4478054166666667 0.3955
4

ILD1b3
4
1.3904199999999998 0.37050000000000005
1.7145799999999998 0.37050000000000005
1.712194583333333 0.3955
1.3928054166666666 0.3955
4

ILD1b3
4
2.605419999999999 0.37050000000000005
3.1099999999999994 0.37050000000000005
3.1099999999999994 0.3955
2.607805416666666 0.3955
4

ILD1b1+ILD1b2
4
-2.165 0.2765
3.1099999999999994 0.2765
3.1099999999999994 0.37050000000000005
-2.165 0.37050000000000005
4

IMD4d2
4
-2.165 0.9285000000000001
-0.384519 0.9285000000000001
-0.390499 1.0275
-2.165 1.0275
2.65

IMD4d2
4
-0.335481 0.9285000000000001
-0.024519000000000013 0.9285000000000001
-0.030499000000000012 1.0275
-0.329501 1.0275
2.65

IMD4d2
4
0.024519000000000013 0.9285000000000001
0.06548100000000001 0.9285000000000001
0.05950100000000001 1.0275
0.030499000000000012 1.0275
2.65

IMD4d2
4
0.11451899999999998 0.9285000000000001
0.42548100000000005 0.9285000000000001
0.41950100000000007 1.0275
0.12049899999999998 1.0275
2.65

IMD4d2
4
0.4745190000000001 0.9285000000000001
3.1099999999999994 0.9285000000000001
3.1099999999999994 1.0275
0.48049900000000006 1.0275
2.65

IMD4d1
4
-2.165 0.9185000000000001
-0.388924 0.9185000000000001
-0.389528 0.9285000000000001
-2.165 0.9285000000000001
2.65

IMD4d1
4
-0.331076 0.9185000000000001
-0.028924000000000012 0.9185000000000001
-0.029528000000000013 0.9285000000000001
-0.330472 0.9285000000000001
2.65

IMD4d1
4
0.028924000000000012 0.9185000000000001
0.06107600000000001 0.9185000000000001
0.06047200000000001 0.9285000000000001
0.029528000000000013 0.9285000000000001
2.65

IMD4d1
4
0.11892399999999999 0.9185000000000001
0.42107600000000006 0.9185000000000001
0.42047200000000007 0.9285000000000001
0.11952799999999998 0.9285000000000001
2.65

IMD4d1
4
0.47892400000000007 0.9185000000000001
3.1099999999999994 0.9185000000000001
3.1099999999999994 0.9285000000000001
0.47952800000000007 0.9285000000000001
2.65

IMD4d1
4
-2.165 0.9005
3.1099999999999994 0.9005
3.1099999999999994 0.9185000000000001
-2.165 0.9185000000000001
2.65

FOXA+FOXB+TOX
4
-2.165 0.001
3.1099999999999994 0.001
3.1099999999999994 0.2665
-2.165 0.2665
4.0

ILD1a
4
-2.165 0.2665
3.1099999999999994 0.2665
3.1099999999999994 0.2765
-2.165 0.2765
7.0

IMD2a
4
-2.165 0.4665
3.1099999999999994 0.4665
3.1099999999999994 0.4875
-2.165 0.4875
5.2

IMD2b
4
-2.165 0.4875
3.1099999999999994 0.4875
3.1099999999999994 0.5025
-2.165 0.5025
4.2

IMD2c
4
-2.165 0.5025
3.1099999999999994 0.5025
3.1099999999999994 0.5265
-2.165 0.5265
3.28

IMD2d1+IMD2d2
4
-2.165 0.5265
3.1099999999999994 0.5265
3.1099999999999994 0.6535
-2.165 0.6535
2.65

IMD3a
4
-2.165 0.6535
3.1099999999999994 0.6535
3.1099999999999994 0.6745
-2.165 0.6745
5.2

IMD3b
4
-2.165 0.6745
3.1099999999999994 0.6745
3.1099999999999994 0.6895
-2.165 0.6895
4.2

IMD3c
4
-2.165 0.6895
3.1099999999999994 0.6895
3.1099999999999994 0.7135
-2.165 0.7135
3.28

IMD3d1+IMD3d2
4
-2.165 0.7135
3.1099999999999994 0.7135
3.1099999999999994 0.8405
-2.165 0.8405
2.65

IMD4a
4
-2.165 0.8405
3.1099999999999994 0.8405
3.1099999999999994 0.8615
-2.165 0.8615
5.2

IMD4b
4
-2.165 0.8615
3.1099999999999994 0.8615
3.1099999999999994 0.8765
-2.165 0.8765
4.2

IMD4c
4
-2.165 0.8765
3.1099999999999994 0.8765
3.1099999999999994 0.9005
-2.165 0.9005
3.28

IMD5a
4
-2.165 1.0275
3.1099999999999994 1.0275
3.1099999999999994 1.0485
-2.165 1.0485
5.2

IMD5b
4
-2.165 1.0485
3.1099999999999994 1.0485
3.1099999999999994 1.0635
-2.165 1.0635
4.2

IMD5c
4
-2.165 1.0635
3.1099999999999994 1.0635
3.1099999999999994 1.0875
-2.165 1.0875
3.28

IMD5d1+IMD5d2
4
-2.165 1.0875
3.1099999999999994 1.0875
3.1099999999999994 1.2145
-2.165 1.2145
2.65

IMD6a
4
-2.165 1.2145
3.1099999999999994 1.2145
3.1099999999999994 1.2355
-2.165 1.2355
5.2

IMD6b
4
-2.165 1.2355
3.1099999999999994 1.2355
3.1099999999999994 1.2505
-2.165 1.2505
4.2

IMD6c
4
-2.165 1.2505
3.1099999999999994 1.2505
3.1099999999999994 1.2745
-2.165 1.2745
3.28

IMD6d1+IMD6d2
4
-2.165 1.2745
3.1099999999999994 1.2745
3.1099999999999994 1.4015
-2.165 1.4015
2.65

IMD7a
4
-2.165 1.4015
3.1099999999999994 1.4015
3.1099999999999994 1.4765
-2.165 1.4765
5.2

IMD7b1+IMD7b2
4
-2.165 1.4765
3.1099999999999994 1.4765
3.1099999999999994 2.9765
-2.165 2.9765
4.2

IMD8a
4
-2.165 2.9765
3.1099999999999994 2.9765
3.1099999999999994 3.0515
-2.165 3.0515
5.2

IMD8b1+IMD8b2
4
-2.165 3.0515
3.1099999999999994 3.0515
3.1099999999999994 4.5515
-2.165 4.5515
4.2

PASS1
4
-2.165 4.5515
3.1099999999999994 4.5515
3.1099999999999994 4.6265
-2.165 4.6265
7.0

PASS2
4
-2.165 4.6265
3.1099999999999994 4.6265
3.1099999999999994 5.0265
-2.165 5.0265
4.2

PASS3
4
-2.165 5.0265
3.1099999999999994 5.0265
3.1099999999999994 5.1015
-2.165 5.1015
7.0

PASS4+PASS5
4
-2.165 5.1015
3.1099999999999994 5.1015
3.1099999999999994 6.0515
-2.165 6.0515
4.2

PASS6
4
-2.165 6.0515
3.1099999999999994 6.0515
3.1099999999999994 6.6515
-2.165 6.6515
7.0

air_Layer
4
-2.165 6.6515
3.1099999999999994 6.6515
3.1099999999999994 6.9485
-2.165 6.9485
1.0


4
-2.165 0.001
3.1099999999999994 0.001
3.1099999999999994 6.9485
-2.165 6.9485

