c2
4
-0.019510000000000013 0.9285000000000001
0.019510000000000013 0.9285000000000001
0.025490000000000013 1.0275
-0.025490000000000013 1.0275

10
botleft
4
-0.8825000000000001 -0.001
0 -0.001
0 0.001
-0.8825000000000001 0.001

botright
4
0 -0.001
1.1075 -0.001
1.1075 0.001
0 0.001

ltEnv
4
-0.37951 0.9285000000000001
-0.34048999999999996 0.9285000000000001
-0.33451 1.0275
-0.38549 1.0275

c4
4
0.20548999999999998 0.9285000000000001
0.24450999999999998 0.9285000000000001
0.25049 1.0275
0.19950999999999997 1.0275

rtEnv
4
0.56549 0.9285000000000001
0.6045100000000001 0.9285000000000001
0.6104900000000001 1.0275
0.5595100000000001 1.0275

lbEnv
4
-0.37792 0.37050000000000005
-0.34208 0.37050000000000005
-0.33292 0.4665
-0.38708 0.4665

c1left
4
-0.01791999999999999 0.37050000000000005
0 0.37050000000000005
0 0.4665
-0.027079999999999993 0.4665

c1
4
0 0.37050000000000005
0.01791999999999999 0.37050000000000005
0.027079999999999993 0.4665
0 0.4665

c3
4
0.20708 0.37050000000000005
0.24291999999999997 0.37050000000000005
0.25207999999999997 0.4665
0.19791999999999998 0.4665

rbEnv
4
0.5670799999999999 0.37050000000000005
0.60292 0.37050000000000005
0.61208 0.4665
0.55792 0.4665


70
IMD4d1_damage
4
-0.388924 0.9185000000000001
-0.331076 0.9185000000000001
-0.330472 0.9285000000000001
-0.389528 0.9285000000000001
3.1

IMD4d1_damage
4
-0.028924000000000012 0.9185000000000001
0.028924000000000012 0.9185000000000001
0.029528000000000013 0.9285000000000001
-0.029528000000000013 0.9285000000000001
3.1

IMD4d1_damage
4
0.19607599999999997 0.9185000000000001
0.253924 0.9185000000000001
0.254528 0.9285000000000001
0.19547199999999998 0.9285000000000001
3.1

IMD4d1_damage
4
0.5560760000000001 0.9185000000000001
0.613924 0.9185000000000001
0.6145280000000001 0.9285000000000001
0.5554720000000001 0.9285000000000001
3.1

IMD4d2_damage
4
-0.384519 0.9285000000000001
-0.37951 0.9285000000000001
-0.38549 1.0275
-0.390499 1.0275
2.9

IMD4d2_damage
4
-0.34048999999999996 0.9285000000000001
-0.335481 0.9285000000000001
-0.329501 1.0275
-0.33451 1.0275
2.9

IMD4d2_damage
4
-0.024519000000000013 0.9285000000000001
-0.019510000000000013 0.9285000000000001
-0.025490000000000013 1.0275
-0.030499000000000012 1.0275
2.9

IMD4d2_damage
4
0.019510000000000013 0.9285000000000001
0.024519000000000013 0.9285000000000001
0.030499000000000012 1.0275
0.025490000000000013 1.0275
2.9

IMD4d2_damage
4
0.20048099999999996 0.9285000000000001
0.20548999999999998 0.9285000000000001
0.19950999999999997 1.0275
0.19450099999999995 1.0275
2.9

IMD4d2_damage
4
0.24450999999999998 0.9285000000000001
0.249519 0.9285000000000001
0.255499 1.0275
0.25049 1.0275
2.9

IMD4d2_damage
4
0.560481 0.9285000000000001
0.56549 0.9285000000000001
0.5595100000000001 1.0275
0.554501 1.0275
2.9

IMD4d2_damage
4
0.6045100000000001 0.9285000000000001
0.6095190000000001 0.9285000000000001
0.6154990000000001 1.0275
0.6104900000000001 1.0275
2.9

IMD1b
4
-0.8825000000000001 0.40650000000000003
-0.381355 0.40650000000000003
-0.38708 0.4665
-0.8825000000000001 0.4665
2.8

IMD1b
4
-0.338645 0.40650000000000003
-0.021354999999999992 0.40650000000000003
-0.027079999999999993 0.4665
-0.33292 0.4665
2.8

IMD1b
4
0.021354999999999992 0.40650000000000003
0.203645 0.40650000000000003
0.19791999999999998 0.4665
0.027079999999999993 0.4665
2.8

IMD1b
4
0.24635499999999996 0.40650000000000003
0.563645 0.40650000000000003
0.55792 0.4665
0.25207999999999997 0.4665
2.8

IMD1b
4
0.606355 0.40650000000000003
1.1075 0.40650000000000003
1.1075 0.4665
0.61208 0.4665
2.8

IMD1a
4
-0.8825000000000001 0.3955
-0.3803054166666667 0.3955
-0.381355 0.40650000000000003
-0.8825000000000001 0.40650000000000003
5.2

IMD1a
4
-0.3396945833333333 0.3955
-0.02030541666666666 0.3955
-0.021354999999999992 0.40650000000000003
-0.338645 0.40650000000000003
5.2

IMD1a
4
0.02030541666666666 0.3955
0.20469458333333332 0.3955
0.203645 0.40650000000000003
0.021354999999999992 0.40650000000000003
5.2

IMD1a
4
0.24530541666666664 0.3955
0.5646945833333333 0.3955
0.563645 0.40650000000000003
0.24635499999999996 0.40650000000000003
5.2

IMD1a
4
0.6053054166666666 0.3955
1.1075 0.3955
1.1075 0.40650000000000003
0.606355 0.40650000000000003
5.2

ILD1b3
4
-0.8825000000000001 0.37050000000000005
-0.37792 0.37050000000000005
-0.3803054166666667 0.3955
-0.8825000000000001 0.3955
4

ILD1b3
4
-0.34208 0.37050000000000005
-0.01791999999999999 0.37050000000000005
-0.02030541666666666 0.3955
-0.3396945833333333 0.3955
4

ILD1b3
4
0.01791999999999999 0.37050000000000005
0.20708 0.37050000000000005
0.20469458333333332 0.3955
0.02030541666666666 0.3955
4

ILD1b3
4
0.24291999999999997 0.37050000000000005
0.5670799999999999 0.37050000000000005
0.5646945833333333 0.3955
0.24530541666666664 0.3955
4

ILD1b3
4
0.60292 0.37050000000000005
1.1075 0.37050000000000005
1.1075 0.3955
0.6053054166666666 0.3955
4

ILD1b1+ILD1b2
4
-0.8825000000000001 0.2765
1.1075 0.2765
1.1075 0.37050000000000005
-0.8825000000000001 0.37050000000000005
4

IMD4d2
4
-0.8825000000000001 0.9285000000000001
-0.384519 0.9285000000000001
-0.390499 1.0275
-0.8825000000000001 1.0275
2.65

IMD4d2
4
-0.335481 0.9285000000000001
-0.024519000000000013 0.9285000000000001
-0.030499000000000012 1.0275
-0.329501 1.0275
2.65

IMD4d2
4
0.024519000000000013 0.9285000000000001
0.20048099999999996 0.9285000000000001
0.19450099999999995 1.0275
0.030499000000000012 1.0275
2.65

IMD4d2
4
0.249519 0.9285000000000001
0.560481 0.9285000000000001
0.554501 1.0275
0.255499 1.0275
2.65

IMD4d2
4
0.6095190000000001 0.9285000000000001
1.1075 0.9285000000000001
1.1075 1.0275
0.6154990000000001 1.0275
2.65

IMD4d1
4
-0.8825000000000001 0.9185000000000001
-0.388924 0.9185000000000001
-0.389528 0.9285000000000001
-0.8825000000000001 0.9285000000000001
2.65

IMD4d1
4
-0.331076 0.9185000000000001
-0.028924000000000012 0.9185000000000001
-0.029528000000000013 0.9285000000000001
-0.330472 0.9285000000000001
2.65

IMD4d1
4
0.028924000000000012 0.9185000000000001
0.19607599999999997 0.9185000000000001
0.19547199999999998 0.9285000000000001
0.029528000000000013 0.9285000000000001
2.65

IMD4d1
4
0.253924 0.9185000000000001
0.5560760000000001 0.9185000000000001
0.5554720000000001 0.9285000000000001
0.254528 0.9285000000000001
2.65

IMD4d1
4
0.613924 0.9185000000000001
1.1075 0.9185000000000001
1.1075 0.9285000000000001
0.6145280000000001 0.9285000000000001
2.65

IMD4d1
4
-0.8825000000000001 0.9005
1.1075 0.9005
1.1075 0.9185000000000001
-0.8825000000000001 0.9185000000000001
2.65

FOXA+FOXB+TOX
4
-0.8825000000000001 0.001
1.1075 0.001
1.1075 0.2665
-0.8825000000000001 0.2665
4.0

ILD1a
4
-0.8825000000000001 0.2665
1.1075 0.2665
1.1075 0.2765
-0.8825000000000001 0.2765
7.0

IMD2a
4
-0.8825000000000001 0.4665
1.1075 0.4665
1.1075 0.4875
-0.8825000000000001 0.4875
5.2

IMD2b
4
-0.8825000000000001 0.4875
1.1075 0.4875
1.1075 0.5025
-0.8825000000000001 0.5025
4.2

IMD2c
4
-0.8825000000000001 0.5025
1.1075 0.5025
1.1075 0.5265
-0.8825000000000001 0.5265
3.28

IMD2d1+IMD2d2
4
-0.8825000000000001 0.5265
1.1075 0.5265
1.1075 0.6535
-0.8825000000000001 0.6535
2.65

IMD3a
4
-0.8825000000000001 0.6535
1.1075 0.6535
1.1075 0.6745
-0.8825000000000001 0.6745
5.2

IMD3b
4
-0.8825000000000001 0.6745
1.1075 0.6745
1.1075 0.6895
-0.8825000000000001 0.6895
4.2

IMD3c
4
-0.8825000000000001 0.6895
1.1075 0.6895
1.1075 0.7135
-0.8825000000000001 0.7135
3.28

IMD3d1+IMD3d2
4
-0.8825000000000001 0.7135
1.1075 0.7135
1.1075 0.8405
-0.8825000000000001 0.8405
2.65

IMD4a
4
-0.8825000000000001 0.8405
1.1075 0.8405
1.1075 0.8615
-0.8825000000000001 0.8615
5.2

IMD4b
4
-0.8825000000000001 0.8615
1.1075 0.8615
1.1075 0.8765
-0.8825000000000001 0.8765
4.2

IMD4c
4
-0.8825000000000001 0.8765
1.1075 0.8765
1.1075 0.9005
-0.8825000000000001 0.9005
3.28

IMD5a
4
-0.8825000000000001 1.0275
1.1075 1.0275
1.1075 1.0485
-0.8825000000000001 1.0485
5.2

IMD5b
4
-0.8825000000000001 1.0485
1.1075 1.0485
1.1075 1.0635
-0.8825000000000001 1.0635
4.2

IMD5c
4
-0.8825000000000001 1.0635
1.1075 1.0635
1.1075 1.0875
-0.8825000000000001 1.0875
3.28

IMD5d1+IMD5d2
4
-0.8825000000000001 1.0875
1.1075 1.0875
1.1075 1.2145
-0.8825000000000001 1.2145
2.65

IMD6a
4
-0.8825000000000001 1.2145
1.1075 1.2145
1.1075 1.2355
-0.8825000000000001 1.2355
5.2

IMD6b
4
-0.8825000000000001 1.2355
1.1075 1.2355
1.1075 1.2505
-0.8825000000000001 1.2505
4.2

IMD6c
4
-0.8825000000000001 1.2505
1.1075 1.2505
1.1075 1.2745
-0.8825000000000001 1.2745
3.28

IMD6d1+IMD6d2
4
-0.8825000000000001 1.2745
1.1075 1.2745
1.1075 1.4015
-0.8825000000000001 1.4015
2.65

IMD7a
4
-0.8825000000000001 1.4015
1.1075 1.4015
1.1075 1.4765
-0.8825000000000001 1.4765
5.2

IMD7b1+IMD7b2
4
-0.8825000000000001 1.4765
1.1075 1.4765
1.1075 2.9765
-0.8825000000000001 2.9765
4.2

IMD8a
4
-0.8825000000000001 2.9765
1.1075 2.9765
1.1075 3.0515
-0.8825000000000001 3.0515
5.2

IMD8b1+IMD8b2
4
-0.8825000000000001 3.0515
1.1075 3.0515
1.1075 4.5515
-0.8825000000000001 4.5515
4.2

PASS1
4
-0.8825000000000001 4.5515
1.1075 4.5515
1.1075 4.6265
-0.8825000000000001 4.6265
7.0

PASS2
4
-0.8825000000000001 4.6265
1.1075 4.6265
1.1075 5.0265
-0.8825000000000001 5.0265
4.2

PASS3
4
-0.8825000000000001 5.0265
1.1075 5.0265
1.1075 5.1015
-0.8825000000000001 5.1015
7.0

PASS4+PASS5
4
-0.8825000000000001 5.1015
1.1075 5.1015
1.1075 6.0515
-0.8825000000000001 6.0515
4.2

PASS6
4
-0.8825000000000001 6.0515
1.1075 6.0515
1.1075 6.6515
-0.8825000000000001 6.6515
7.0

air_Layer
4
-0.8825000000000001 6.6515
1.1075 6.6515
1.1075 6.9485
-0.8825000000000001 6.9485
1.0


4
-0.8825000000000001 0.001
1.1075 0.001
1.1075 6.9485
-0.8825000000000001 6.9485

