c2
4
-0.01951 1.3025
0.01951 1.3025
0.02549 1.4015
-0.02549 1.4015

6
botleft
4
-5.0675 -0.001
0 -0.001
0 0.001
-5.0675 0.001

botright
4
0 -0.001
6.845 -0.001
6.845 0.001
0 0.001

c4
4
0.047990000000000005 1.3025
0.08701 1.3025
0.09299 1.4015
0.042010000000000006 1.4015

c1left
4
-0.01951 0.5545
0 0.5545
0 0.6535
-0.02549 0.6535

c1
4
0 0.5545
0.01951 0.5545
0.02549 0.6535
0 0.6535

c3
4
0.047990000000000005 0.5545
0.9420099999999999 0.5545
0.9479899999999999 0.6535
0.042010000000000006 0.6535


59
IMD2d1_damage
4
-0.028924 0.5445
0.028924 0.5445
0.029528 0.5545
-0.029528 0.5545
3.1

IMD2d1_damage
4
0.038576000000000006 0.5445
0.9514239999999998 0.5445
0.9520279999999999 0.5545
0.037972000000000006 0.5545
3.1

IMD2d2_damage
4
-0.024519 0.5545
-0.01951 0.5545
-0.02549 0.6535
-0.030499 0.6535
2.9

IMD2d2_damage
4
0.01951 0.5545
0.024519 0.5545
0.030499 0.6535
0.02549 0.6535
2.9

IMD2d2_damage
4
0.042981000000000005 0.5545
0.047990000000000005 0.5545
0.042010000000000006 0.6535
0.037001000000000006 0.6535
2.9

IMD2d2_damage
4
0.9420099999999999 0.5545
0.9470189999999999 0.5545
0.9529989999999999 0.6535
0.9479899999999999 0.6535
2.9

IMD6d1_damage
4
-0.028924 1.2925
0.028924 1.2925
0.029528 1.3025
-0.029528 1.3025
3.1

IMD6d1_damage
4
0.038576000000000006 1.2925
0.09642400000000001 1.2925
0.097028 1.3025
0.037972000000000006 1.3025
3.1

IMD6d2_damage
4
-0.024519 1.3025
-0.01951 1.3025
-0.02549 1.4015
-0.030499 1.4015
2.9

IMD6d2_damage
4
0.01951 1.3025
0.024519 1.3025
0.030499 1.4015
0.02549 1.4015
2.9

IMD6d2_damage
4
0.042981000000000005 1.3025
0.047990000000000005 1.3025
0.042010000000000006 1.4015
0.037001000000000006 1.4015
2.9

IMD6d2_damage
4
0.08701 1.3025
0.092019 1.3025
0.097999 1.4015
0.09299 1.4015
2.9

IMD2d2
4
-5.0675 0.5545
-0.024519 0.5545
-0.030499 0.6535
-5.0675 0.6535
2.65

IMD2d2
4
0.024519 0.5545
0.042981000000000005 0.5545
0.037001000000000006 0.6535
0.030499 0.6535
2.65

IMD2d2
4
0.9470189999999999 0.5545
6.845 0.5545
6.845 0.6535
0.9529989999999999 0.6535
2.65

IMD2d1
4
-5.0675 0.5445
-0.028924 0.5445
-0.029528 0.5545
-5.0675 0.5545
2.65

IMD2d1
4
0.028924 0.5445
0.038576000000000006 0.5445
0.037972000000000006 0.5545
0.029528 0.5545
2.65

IMD2d1
4
0.9514239999999998 0.5445
6.845 0.5445
6.845 0.5545
0.9520279999999999 0.5545
2.65

IMD2d1
4
-5.0675 0.5265
6.845 0.5265
6.845 0.5445
-5.0675 0.5445
2.65

IMD6d2
4
-5.0675 1.3025
-0.024519 1.3025
-0.030499 1.4015
-5.0675 1.4015
2.65

IMD6d2
4
0.024519 1.3025
0.042981000000000005 1.3025
0.037001000000000006 1.4015
0.030499 1.4015
2.65

IMD6d2
4
0.092019 1.3025
6.845 1.3025
6.845 1.4015
0.097999 1.4015
2.65

IMD6d1
4
-5.0675 1.2925
-0.028924 1.2925
-0.029528 1.3025
-5.0675 1.3025
2.65

IMD6d1
4
0.028924 1.2925
0.038576000000000006 1.2925
0.037972000000000006 1.3025
0.029528 1.3025
2.65

IMD6d1
4
0.09642400000000001 1.2925
6.845 1.2925
6.845 1.3025
0.097028 1.3025
2.65

IMD6d1
4
-5.0675 1.2745
6.845 1.2745
6.845 1.2925
-5.0675 1.2925
2.65

FOXA+FOXB+TOX
4
-5.0675 0.001
6.845 0.001
6.845 0.2665
-5.0675 0.2665
4.0

ILD1a
4
-5.0675 0.2665
6.845 0.2665
6.845 0.2765
-5.0675 0.2765
7.0

ILD1b1+ILD1b2+ILD1b3
4
-5.0675 0.2765
6.845 0.2765
6.845 0.3955
-5.0675 0.3955
4.0

IMD1a
4
-5.0675 0.3955
6.845 0.3955
6.845 0.4065
-5.0675 0.4065
5.2

IMD1b
4
-5.0675 0.4065
6.845 0.4065
6.845 0.4665
-5.0675 0.4665
2.8

IMD2a
4
-5.0675 0.4665
6.845 0.4665
6.845 0.4875
-5.0675 0.4875
5.2

IMD2b
4
-5.0675 0.4875
6.845 0.4875
6.845 0.5025
-5.0675 0.5025
4.2

IMD2c
4
-5.0675 0.5025
6.845 0.5025
6.845 0.5265
-5.0675 0.5265
3.28

IMD3a
4
-5.0675 0.6535
6.845 0.6535
6.845 0.6745
-5.0675 0.6745
5.2

IMD3b
4
-5.0675 0.6745
6.845 0.6745
6.845 0.6895
-5.0675 0.6895
4.2

IMD3c
4
-5.0675 0.6895
6.845 0.6895
6.845 0.7135
-5.0675 0.7135
3.28

IMD3d1+IMD3d2
4
-5.0675 0.7135
6.845 0.7135
6.845 0.8405
-5.0675 0.8405
2.65

IMD4a
4
-5.0675 0.8405
6.845 0.8405
6.845 0.8615
-5.0675 0.8615
5.2

IMD4b
4
-5.0675 0.8615
6.845 0.8615
6.845 0.8765
-5.0675 0.8765
4.2

IMD4c
4
-5.0675 0.8765
6.845 0.8765
6.845 0.9005
-5.0675 0.9005
3.28

IMD4d1+IMD4d2
4
-5.0675 0.9005
6.845 0.9005
6.845 1.0275
-5.0675 1.0275
2.65

IMD5a
4
-5.0675 1.0275
6.845 1.0275
6.845 1.0485
-5.0675 1.0485
5.2

IMD5b
4
-5.0675 1.0485
6.845 1.0485
6.845 1.0635
-5.0675 1.0635
4.2

IMD5c
4
-5.0675 1.0635
6.845 1.0635
6.845 1.0875
-5.0675 1.0875
3.28

IMD5d1+IMD5d2
4
-5.0675 1.0875
6.845 1.0875
6.845 1.2145
-5.0675 1.2145
2.65

IMD6a
4
-5.0675 1.2145
6.845 1.2145
6.845 1.2355
-5.0675 1.2355
5.2

IMD6b
4
-5.0675 1.2355
6.845 1.2355
6.845 1.2505
-5.0675 1.2505
4.2

IMD6c
4
-5.0675 1.2505
6.845 1.2505
6.845 1.2745
-5.0675 1.2745
3.28

IMD7a
4
-5.0675 1.4015
6.845 1.4015
6.845 1.4765
-5.0675 1.4765
5.2

IMD7b1+IMD7b2
4
-5.0675 1.4765
6.845 1.4765
6.845 2.9765
-5.0675 2.9765
4.2

IMD8a
4
-5.0675 2.9765
6.845 2.9765
6.845 3.0515
-5.0675 3.0515
5.2

IMD8b1+IMD8b2
4
-5.0675 3.0515
6.845 3.0515
6.845 4.5515
-5.0675 4.5515
4.2

PASS1
4
-5.0675 4.5515
6.845 4.5515
6.845 4.6265
-5.0675 4.6265
7.0

PASS2
4
-5.0675 4.6265
6.845 4.6265
6.845 5.0265
-5.0675 5.0265
4.2

PASS3
4
-5.0675 5.0265
6.845 5.0265
6.845 5.1015
-5.0675 5.1015
7.0

PASS4+PASS5
4
-5.0675 5.1015
6.845 5.1015
6.845 6.0515
-5.0675 6.0515
4.2

PASS6
4
-5.0675 6.0515
6.845 6.0515
6.845 6.6515
-5.0675 6.6515
7.0

air_Layer
4
-5.0675 6.6515
6.845 6.6515
6.845 6.9485
-5.0675 6.9485
1.0


4
-5.0675 0.001
6.845 0.001
6.845 6.9485
-5.0675 6.9485

