c2
4
-0.019510000000000013 1.3025
0.019510000000000013 1.3025
0.025490000000000013 1.4015
-0.025490000000000013 1.4015

10
botleft
4
-1.0175 -0.001
0 -0.001
0 0.001
-1.0175 0.001

botright
4
0 -0.001
3.1325 -0.001
3.1325 0.001
0 0.001

ltEnv
4
-0.37951 1.3025
-0.34048999999999996 1.3025
-0.33451 1.4015
-0.38549 1.4015

c4
4
0.47548999999999997 1.3025
0.51451 1.3025
0.52049 1.4015
0.46951 1.4015

rtEnv
4
0.8354900000000001 1.3025
0.8745100000000001 1.3025
0.8804900000000001 1.4015
0.8295100000000001 1.4015

lbEnv
4
-0.51292 0.37050000000000005
-0.38708 0.37050000000000005
-0.37792 0.4665
-0.52208 0.4665

c1left
4
-0.06291999999999998 0.37050000000000005
0 0.37050000000000005
0 0.4665
-0.07207999999999998 0.4665

c1
4
0 0.37050000000000005
0.06292000000000003 0.37050000000000005
0.07208000000000003 0.4665
0 0.4665

c3
4
0.5220799999999999 0.37050000000000005
1.4129199999999997 0.37050000000000005
1.4220799999999998 0.4665
0.5129199999999999 0.4665

rbEnv
4
1.7370799999999997 0.37050000000000005
2.6279199999999996 0.37050000000000005
2.6370799999999996 0.4665
1.7279199999999997 0.4665


70
IMD6d1_damage
4
-0.388924 1.2925
-0.331076 1.2925
-0.330472 1.3025
-0.389528 1.3025
3.1

IMD6d1_damage
4
-0.028924000000000012 1.2925
0.028924000000000012 1.2925
0.029528000000000013 1.3025
-0.029528000000000013 1.3025
3.1

IMD6d1_damage
4
0.466076 1.2925
0.523924 1.2925
0.524528 1.3025
0.465472 1.3025
3.1

IMD6d1_damage
4
0.8260760000000001 1.2925
0.883924 1.2925
0.8845280000000001 1.3025
0.8254720000000001 1.3025
3.1

IMD6d2_damage
4
-0.384519 1.3025
-0.37951 1.3025
-0.38549 1.4015
-0.390499 1.4015
2.9

IMD6d2_damage
4
-0.34048999999999996 1.3025
-0.335481 1.3025
-0.329501 1.4015
-0.33451 1.4015
2.9

IMD6d2_damage
4
-0.024519000000000013 1.3025
-0.019510000000000013 1.3025
-0.025490000000000013 1.4015
-0.030499000000000012 1.4015
2.9

IMD6d2_damage
4
0.019510000000000013 1.3025
0.024519000000000013 1.3025
0.030499000000000012 1.4015
0.025490000000000013 1.4015
2.9

IMD6d2_damage
4
0.470481 1.3025
0.47548999999999997 1.3025
0.46951 1.4015
0.464501 1.4015
2.9

IMD6d2_damage
4
0.51451 1.3025
0.5195190000000001 1.3025
0.525499 1.4015
0.52049 1.4015
2.9

IMD6d2_damage
4
0.830481 1.3025
0.8354900000000001 1.3025
0.8295100000000001 1.4015
0.824501 1.4015
2.9

IMD6d2_damage
4
0.8745100000000001 1.3025
0.8795190000000002 1.3025
0.8854990000000001 1.4015
0.8804900000000001 1.4015
2.9

IMD1b
4
-1.0175 0.40650000000000003
-0.516355 0.40650000000000003
-0.52208 0.4665
-1.0175 0.4665
2.8

IMD1b
4
-0.38364499999999996 0.40650000000000003
-0.06635499999999998 0.40650000000000003
-0.07207999999999998 0.4665
-0.37792 0.4665
2.8

IMD1b
4
0.06635500000000004 0.40650000000000003
0.5186449999999999 0.40650000000000003
0.5129199999999999 0.4665
0.07208000000000003 0.4665
2.8

IMD1b
4
1.4163549999999998 0.40650000000000003
1.7336449999999997 0.40650000000000003
1.7279199999999997 0.4665
1.4220799999999998 0.4665
2.8

IMD1b
4
2.6313549999999997 0.40650000000000003
3.1325 0.40650000000000003
3.1325 0.4665
2.6370799999999996 0.4665
2.8

IMD1a
4
-1.0175 0.3955
-0.5153054166666666 0.3955
-0.516355 0.40650000000000003
-1.0175 0.40650000000000003
5.2

IMD1a
4
-0.3846945833333333 0.3955
-0.06530541666666664 0.3955
-0.06635499999999998 0.40650000000000003
-0.38364499999999996 0.40650000000000003
5.2

IMD1a
4
0.0653054166666667 0.3955
0.5196945833333333 0.3955
0.5186449999999999 0.40650000000000003
0.06635500000000004 0.40650000000000003
5.2

IMD1a
4
1.4153054166666665 0.3955
1.734694583333333 0.3955
1.7336449999999997 0.40650000000000003
1.4163549999999998 0.40650000000000003
5.2

IMD1a
4
2.6303054166666664 0.3955
3.1325 0.3955
3.1325 0.40650000000000003
2.6313549999999997 0.40650000000000003
5.2

ILD1b3
4
-1.0175 0.37050000000000005
-0.51292 0.37050000000000005
-0.5153054166666666 0.3955
-1.0175 0.3955
4

ILD1b3
4
-0.38708 0.37050000000000005
-0.06291999999999998 0.37050000000000005
-0.06530541666666664 0.3955
-0.3846945833333333 0.3955
4

ILD1b3
4
0.06292000000000003 0.37050000000000005
0.5220799999999999 0.37050000000000005
0.5196945833333333 0.3955
0.0653054166666667 0.3955
4

ILD1b3
4
1.4129199999999997 0.37050000000000005
1.7370799999999997 0.37050000000000005
1.734694583333333 0.3955
1.4153054166666665 0.3955
4

ILD1b3
4
2.6279199999999996 0.37050000000000005
3.1325 0.37050000000000005
3.1325 0.3955
2.6303054166666664 0.3955
4

ILD1b1+ILD1b2
4
-1.0175 0.2765
3.1325 0.2765
3.1325 0.37050000000000005
-1.0175 0.37050000000000005
4

IMD6d2
4
-1.0175 1.3025
-0.384519 1.3025
-0.390499 1.4015
-1.0175 1.4015
2.65

IMD6d2
4
-0.335481 1.3025
-0.024519000000000013 1.3025
-0.030499000000000012 1.4015
-0.329501 1.4015
2.65

IMD6d2
4
0.024519000000000013 1.3025
0.470481 1.3025
0.464501 1.4015
0.030499000000000012 1.4015
2.65

IMD6d2
4
0.5195190000000001 1.3025
0.830481 1.3025
0.824501 1.4015
0.525499 1.4015
2.65

IMD6d2
4
0.8795190000000002 1.3025
3.1325 1.3025
3.1325 1.4015
0.8854990000000001 1.4015
2.65

IMD6d1
4
-1.0175 1.2925
-0.388924 1.2925
-0.389528 1.3025
-1.0175 1.3025
2.65

IMD6d1
4
-0.331076 1.2925
-0.028924000000000012 1.2925
-0.029528000000000013 1.3025
-0.330472 1.3025
2.65

IMD6d1
4
0.028924000000000012 1.2925
0.466076 1.2925
0.465472 1.3025
0.029528000000000013 1.3025
2.65

IMD6d1
4
0.523924 1.2925
0.8260760000000001 1.2925
0.8254720000000001 1.3025
0.524528 1.3025
2.65

IMD6d1
4
0.883924 1.2925
3.1325 1.2925
3.1325 1.3025
0.8845280000000001 1.3025
2.65

IMD6d1
4
-1.0175 1.2745
3.1325 1.2745
3.1325 1.2925
-1.0175 1.2925
2.65

FOXA+FOXB+TOX
4
-1.0175 0.001
3.1325 0.001
3.1325 0.2665
-1.0175 0.2665
4.0

ILD1a
4
-1.0175 0.2665
3.1325 0.2665
3.1325 0.2765
-1.0175 0.2765
7.0

IMD2a
4
-1.0175 0.4665
3.1325 0.4665
3.1325 0.4875
-1.0175 0.4875
5.2

IMD2b
4
-1.0175 0.4875
3.1325 0.4875
3.1325 0.5025
-1.0175 0.5025
4.2

IMD2c
4
-1.0175 0.5025
3.1325 0.5025
3.1325 0.5265
-1.0175 0.5265
3.28

IMD2d1+IMD2d2
4
-1.0175 0.5265
3.1325 0.5265
3.1325 0.6535
-1.0175 0.6535
2.65

IMD3a
4
-1.0175 0.6535
3.1325 0.6535
3.1325 0.6745
-1.0175 0.6745
5.2

IMD3b
4
-1.0175 0.6745
3.1325 0.6745
3.1325 0.6895
-1.0175 0.6895
4.2

IMD3c
4
-1.0175 0.6895
3.1325 0.6895
3.1325 0.7135
-1.0175 0.7135
3.28

IMD3d1+IMD3d2
4
-1.0175 0.7135
3.1325 0.7135
3.1325 0.8405
-1.0175 0.8405
2.65

IMD4a
4
-1.0175 0.8405
3.1325 0.8405
3.1325 0.8615
-1.0175 0.8615
5.2

IMD4b
4
-1.0175 0.8615
3.1325 0.8615
3.1325 0.8765
-1.0175 0.8765
4.2

IMD4c
4
-1.0175 0.8765
3.1325 0.8765
3.1325 0.9005
-1.0175 0.9005
3.28

IMD4d1+IMD4d2
4
-1.0175 0.9005
3.1325 0.9005
3.1325 1.0275
-1.0175 1.0275
2.65

IMD5a
4
-1.0175 1.0275
3.1325 1.0275
3.1325 1.0485
-1.0175 1.0485
5.2

IMD5b
4
-1.0175 1.0485
3.1325 1.0485
3.1325 1.0635
-1.0175 1.0635
4.2

IMD5c
4
-1.0175 1.0635
3.1325 1.0635
3.1325 1.0875
-1.0175 1.0875
3.28

IMD5d1+IMD5d2
4
-1.0175 1.0875
3.1325 1.0875
3.1325 1.2145
-1.0175 1.2145
2.65

IMD6a
4
-1.0175 1.2145
3.1325 1.2145
3.1325 1.2355
-1.0175 1.2355
5.2

IMD6b
4
-1.0175 1.2355
3.1325 1.2355
3.1325 1.2505
-1.0175 1.2505
4.2

IMD6c
4
-1.0175 1.2505
3.1325 1.2505
3.1325 1.2745
-1.0175 1.2745
3.28

IMD7a
4
-1.0175 1.4015
3.1325 1.4015
3.1325 1.4765
-1.0175 1.4765
5.2

IMD7b1+IMD7b2
4
-1.0175 1.4765
3.1325 1.4765
3.1325 2.9765
-1.0175 2.9765
4.2

IMD8a
4
-1.0175 2.9765
3.1325 2.9765
3.1325 3.0515
-1.0175 3.0515
5.2

IMD8b1+IMD8b2
4
-1.0175 3.0515
3.1325 3.0515
3.1325 4.5515
-1.0175 4.5515
4.2

PASS1
4
-1.0175 4.5515
3.1325 4.5515
3.1325 4.6265
-1.0175 4.6265
7.0

PASS2
4
-1.0175 4.6265
3.1325 4.6265
3.1325 5.0265
-1.0175 5.0265
4.2

PASS3
4
-1.0175 5.0265
3.1325 5.0265
3.1325 5.1015
-1.0175 5.1015
7.0

PASS4+PASS5
4
-1.0175 5.1015
3.1325 5.1015
3.1325 6.0515
-1.0175 6.0515
4.2

PASS6
4
-1.0175 6.0515
3.1325 6.0515
3.1325 6.6515
-1.0175 6.6515
7.0

air_Layer
4
-1.0175 6.6515
3.1325 6.6515
3.1325 6.9485
-1.0175 6.9485
1.0


4
-1.0175 0.001
3.1325 0.001
3.1325 6.9485
-1.0175 6.9485

