c1
4
-0.06451000000000005 0.5545
0.06450999999999994 0.5545
0.07048999999999994 0.6535
-0.07049000000000005 0.6535

10
botleft
4
-1.0175 -0.001
0 -0.001
0 0.001
-1.0175 0.001

botright
4
0 -0.001
2.723 -0.001
2.723 0.001
0 0.001

lbEnv
4
-0.5145100000000001 0.5545
-0.3854900000000001 0.5545
-0.3795100000000001 0.6535
-0.5204900000000001 0.6535

c3
4
0.11098999999999994 0.5545
1.0050099999999997 0.5545
1.0109899999999998 0.6535
0.10500999999999994 0.6535

rbEnv
4
1.32599 0.5545
2.22001 0.5545
2.22599 0.6535
1.32001 0.6535

ltEnv
4
-0.37951 1.1155
-0.34048999999999996 1.1155
-0.33451 1.2145
-0.38549 1.2145

c2left
4
-0.019510000000000013 1.1155
0 1.1155
0 1.2145
-0.025490000000000013 1.2145

c2
4
0 1.1155
0.019510000000000013 1.1155
0.025490000000000013 1.2145
0 1.2145

c4
4
0.06599000000000001 1.1155
0.10501000000000003 1.1155
0.11099000000000003 1.2145
0.06001000000000001 1.2145

rtEnv
4
0.4259900000000001 1.1155
0.46501000000000015 1.1155
0.47099000000000013 1.2145
0.4200100000000001 1.2145


79
IMD2d1_damage
4
-0.5239240000000001 0.5445
-0.37607600000000013 0.5445
-0.37547200000000014 0.5545
-0.5245280000000001 0.5545
3.1

IMD2d1_damage
4
-0.07392400000000006 0.5445
0.07392399999999995 0.5445
0.07452799999999994 0.5545
-0.07452800000000005 0.5545
3.1

IMD2d1_damage
4
0.10157599999999993 0.5445
1.0144239999999998 0.5445
1.0150279999999998 0.5545
0.10097199999999994 0.5545
3.1

IMD2d1_damage
4
1.316576 0.5445
2.229424 0.5445
2.230028 0.5545
1.315972 0.5545
3.1

IMD2d2_damage
4
-0.5195190000000002 0.5545
-0.5145100000000001 0.5545
-0.5204900000000001 0.6535
-0.5254990000000002 0.6535
2.9

IMD2d2_damage
4
-0.3854900000000001 0.5545
-0.3804810000000001 0.5545
-0.37450100000000014 0.6535
-0.3795100000000001 0.6535
2.9

IMD2d2_damage
4
-0.06951900000000005 0.5545
-0.06451000000000005 0.5545
-0.07049000000000005 0.6535
-0.07549900000000005 0.6535
2.9

IMD2d2_damage
4
0.06450999999999994 0.5545
0.06951899999999994 0.5545
0.07549899999999994 0.6535
0.07048999999999994 0.6535
2.9

IMD2d2_damage
4
0.10598099999999994 0.5545
0.11098999999999994 0.5545
0.10500999999999994 0.6535
0.10000099999999994 0.6535
2.9

IMD2d2_damage
4
1.0050099999999997 0.5545
1.0100189999999998 0.5545
1.0159989999999999 0.6535
1.0109899999999998 0.6535
2.9

IMD2d2_damage
4
1.320981 0.5545
1.32599 0.5545
1.32001 0.6535
1.3150009999999999 0.6535
2.9

IMD2d2_damage
4
2.22001 0.5545
2.2250189999999996 0.5545
2.2309989999999997 0.6535
2.22599 0.6535
2.9

IMD5d1_damage
4
-0.388924 1.1055
-0.331076 1.1055
-0.330472 1.1155
-0.389528 1.1155
3.1

IMD5d1_damage
4
-0.028924000000000012 1.1055
0.028924000000000012 1.1055
0.029528000000000013 1.1155
-0.029528000000000013 1.1155
3.1

IMD5d1_damage
4
0.05657600000000001 1.1055
0.11442400000000004 1.1055
0.11502800000000003 1.1155
0.05597200000000001 1.1155
3.1

IMD5d1_damage
4
0.4165760000000001 1.1055
0.4744240000000001 1.1055
0.4750280000000001 1.1155
0.4159720000000001 1.1155
3.1

IMD5d2_damage
4
-0.384519 1.1155
-0.37951 1.1155
-0.38549 1.2145
-0.390499 1.2145
2.9

IMD5d2_damage
4
-0.34048999999999996 1.1155
-0.335481 1.1155
-0.329501 1.2145
-0.33451 1.2145
2.9

IMD5d2_damage
4
-0.024519000000000013 1.1155
-0.019510000000000013 1.1155
-0.025490000000000013 1.2145
-0.030499000000000012 1.2145
2.9

IMD5d2_damage
4
0.019510000000000013 1.1155
0.024519000000000013 1.1155
0.030499000000000012 1.2145
0.025490000000000013 1.2145
2.9

IMD5d2_damage
4
0.06098100000000001 1.1155
0.06599000000000001 1.1155
0.06001000000000001 1.2145
0.05500100000000001 1.2145
2.9

IMD5d2_damage
4
0.10501000000000003 1.1155
0.11001900000000003 1.1155
0.11599900000000003 1.2145
0.11099000000000003 1.2145
2.9

IMD5d2_damage
4
0.4209810000000001 1.1155
0.4259900000000001 1.1155
0.4200100000000001 1.2145
0.4150010000000001 1.2145
2.9

IMD5d2_damage
4
0.46501000000000015 1.1155
0.47001900000000013 1.1155
0.4759990000000001 1.2145
0.47099000000000013 1.2145
2.9

IMD2d2
4
-1.0175 0.5545
-0.5195190000000002 0.5545
-0.5254990000000002 0.6535
-1.0175 0.6535
2.65

IMD2d2
4
-0.3804810000000001 0.5545
-0.06951900000000005 0.5545
-0.07549900000000005 0.6535
-0.37450100000000014 0.6535
2.65

IMD2d2
4
0.06951899999999994 0.5545
0.10598099999999994 0.5545
0.10000099999999994 0.6535
0.07549899999999994 0.6535
2.65

IMD2d2
4
1.0100189999999998 0.5545
1.320981 0.5545
1.3150009999999999 0.6535
1.0159989999999999 0.6535
2.65

IMD2d2
4
2.2250189999999996 0.5545
2.723 0.5545
2.723 0.6535
2.2309989999999997 0.6535
2.65

IMD2d1
4
-1.0175 0.5445
-0.5239240000000001 0.5445
-0.5245280000000001 0.5545
-1.0175 0.5545
2.65

IMD2d1
4
-0.37607600000000013 0.5445
-0.07392400000000006 0.5445
-0.07452800000000005 0.5545
-0.37547200000000014 0.5545
2.65

IMD2d1
4
0.07392399999999995 0.5445
0.10157599999999993 0.5445
0.10097199999999994 0.5545
0.07452799999999994 0.5545
2.65

IMD2d1
4
1.0144239999999998 0.5445
1.316576 0.5445
1.315972 0.5545
1.0150279999999998 0.5545
2.65

IMD2d1
4
2.229424 0.5445
2.723 0.5445
2.723 0.5545
2.230028 0.5545
2.65

IMD2d1
4
-1.0175 0.5265
2.723 0.5265
2.723 0.5445
-1.0175 0.5445
2.65

IMD5d2
4
-1.0175 1.1155
-0.384519 1.1155
-0.390499 1.2145
-1.0175 1.2145
2.65

IMD5d2
4
-0.335481 1.1155
-0.024519000000000013 1.1155
-0.030499000000000012 1.2145
-0.329501 1.2145
2.65

IMD5d2
4
0.024519000000000013 1.1155
0.06098100000000001 1.1155
0.05500100000000001 1.2145
0.030499000000000012 1.2145
2.65

IMD5d2
4
0.11001900000000003 1.1155
0.4209810000000001 1.1155
0.4150010000000001 1.2145
0.11599900000000003 1.2145
2.65

IMD5d2
4
0.47001900000000013 1.1155
2.723 1.1155
2.723 1.2145
0.4759990000000001 1.2145
2.65

IMD5d1
4
-1.0175 1.1055
-0.388924 1.1055
-0.389528 1.1155
-1.0175 1.1155
2.65

IMD5d1
4
-0.331076 1.1055
-0.028924000000000012 1.1055
-0.029528000000000013 1.1155
-0.330472 1.1155
2.65

IMD5d1
4
0.028924000000000012 1.1055
0.05657600000000001 1.1055
0.05597200000000001 1.1155
0.029528000000000013 1.1155
2.65

IMD5d1
4
0.11442400000000004 1.1055
0.4165760000000001 1.1055
0.4159720000000001 1.1155
0.11502800000000003 1.1155
2.65

IMD5d1
4
0.4744240000000001 1.1055
2.723 1.1055
2.723 1.1155
0.4750280000000001 1.1155
2.65

IMD5d1
4
-1.0175 1.0875
2.723 1.0875
2.723 1.1055
-1.0175 1.1055
2.65

FOXA+FOXB+TOX
4
-1.0175 0.001
2.723 0.001
2.723 0.2665
-1.0175 0.2665
4.0

ILD1a
4
-1.0175 0.2665
2.723 0.2665
2.723 0.2765
-1.0175 0.2765
7.0

ILD1b1+ILD1b2+ILD1b3
4
-1.0175 0.2765
2.723 0.2765
2.723 0.3955
-1.0175 0.3955
4.0

IMD1a
4
-1.0175 0.3955
2.723 0.3955
2.723 0.4065
-1.0175 0.4065
5.2

IMD1b
4
-1.0175 0.4065
2.723 0.4065
2.723 0.4665
-1.0175 0.4665
2.8

IMD2a
4
-1.0175 0.4665
2.723 0.4665
2.723 0.4875
-1.0175 0.4875
5.2

IMD2b
4
-1.0175 0.4875
2.723 0.4875
2.723 0.5025
-1.0175 0.5025
4.2

IMD2c
4
-1.0175 0.5025
2.723 0.5025
2.723 0.5265
-1.0175 0.5265
3.28

IMD3a
4
-1.0175 0.6535
2.723 0.6535
2.723 0.6745
-1.0175 0.6745
5.2

IMD3b
4
-1.0175 0.6745
2.723 0.6745
2.723 0.6895
-1.0175 0.6895
4.2

IMD3c
4
-1.0175 0.6895
2.723 0.6895
2.723 0.7135
-1.0175 0.7135
3.28

IMD3d1+IMD3d2
4
-1.0175 0.7135
2.723 0.7135
2.723 0.8405
-1.0175 0.8405
2.65

IMD4a
4
-1.0175 0.8405
2.723 0.8405
2.723 0.8615
-1.0175 0.8615
5.2

IMD4b
4
-1.0175 0.8615
2.723 0.8615
2.723 0.8765
-1.0175 0.8765
4.2

IMD4c
4
-1.0175 0.8765
2.723 0.8765
2.723 0.9005
-1.0175 0.9005
3.28

IMD4d1+IMD4d2
4
-1.0175 0.9005
2.723 0.9005
2.723 1.0275
-1.0175 1.0275
2.65

IMD5a
4
-1.0175 1.0275
2.723 1.0275
2.723 1.0485
-1.0175 1.0485
5.2

IMD5b
4
-1.0175 1.0485
2.723 1.0485
2.723 1.0635
-1.0175 1.0635
4.2

IMD5c
4
-1.0175 1.0635
2.723 1.0635
2.723 1.0875
-1.0175 1.0875
3.28

IMD6a
4
-1.0175 1.2145
2.723 1.2145
2.723 1.2355
-1.0175 1.2355
5.2

IMD6b
4
-1.0175 1.2355
2.723 1.2355
2.723 1.2505
-1.0175 1.2505
4.2

IMD6c
4
-1.0175 1.2505
2.723 1.2505
2.723 1.2745
-1.0175 1.2745
3.28

IMD6d1+IMD6d2
4
-1.0175 1.2745
2.723 1.2745
2.723 1.4015
-1.0175 1.4015
2.65

IMD7a
4
-1.0175 1.4015
2.723 1.4015
2.723 1.4765
-1.0175 1.4765
5.2

IMD7b1+IMD7b2
4
-1.0175 1.4765
2.723 1.4765
2.723 2.9765
-1.0175 2.9765
4.2

IMD8a
4
-1.0175 2.9765
2.723 2.9765
2.723 3.0515
-1.0175 3.0515
5.2

IMD8b1+IMD8b2
4
-1.0175 3.0515
2.723 3.0515
2.723 4.5515
-1.0175 4.5515
4.2

PASS1
4
-1.0175 4.5515
2.723 4.5515
2.723 4.6265
-1.0175 4.6265
7.0

PASS2
4
-1.0175 4.6265
2.723 4.6265
2.723 5.0265
-1.0175 5.0265
4.2

PASS3
4
-1.0175 5.0265
2.723 5.0265
2.723 5.1015
-1.0175 5.1015
7.0

PASS4+PASS5
4
-1.0175 5.1015
2.723 5.1015
2.723 6.0515
-1.0175 6.0515
4.2

PASS6
4
-1.0175 6.0515
2.723 6.0515
2.723 6.6515
-1.0175 6.6515
7.0

air_Layer
4
-1.0175 6.6515
2.723 6.6515
2.723 6.9485
-1.0175 6.9485
1.0


4
-1.0175 0.001
2.723 0.001
2.723 6.9485
-1.0175 6.9485

