c2
4
-0.019510000000000013 1.3025
0.019510000000000013 1.3025
0.025490000000000013 1.4015
-0.025490000000000013 1.4015

10
botleft
4
-1.0175 -0.001
0 -0.001
0 0.001
-1.0175 0.001

botright
4
0 -0.001
1.4225000000000003 -0.001
1.4225000000000003 0.001
0 0.001

ltEnv
4
-0.37951 1.3025
-0.34048999999999996 1.3025
-0.33451 1.4015
-0.38549 1.4015

c4
4
0.29549000000000003 1.3025
0.3345100000000001 1.3025
0.34049000000000007 1.4015
0.28951000000000005 1.4015

rtEnv
4
0.6554900000000001 1.3025
0.6945100000000002 1.3025
0.7004900000000002 1.4015
0.6495100000000001 1.4015

lbEnv
4
-0.51292 0.37050000000000005
-0.38708 0.37050000000000005
-0.37792 0.4665
-0.52208 0.4665

c1left
4
-0.06291999999999998 0.37050000000000005
0 0.37050000000000005
0 0.4665
-0.07207999999999998 0.4665

c1
4
0 0.37050000000000005
0.06292000000000003 0.37050000000000005
0.07208000000000003 0.4665
0 0.4665

c3
4
0.34208 0.37050000000000005
0.46792000000000006 0.37050000000000005
0.47708000000000006 0.4665
0.33292 0.4665

rbEnv
4
0.7920800000000001 0.37050000000000005
0.9179200000000003 0.37050000000000005
0.9270800000000002 0.4665
0.7829200000000002 0.4665


70
IMD6d1_damage
4
-0.388924 1.2925
-0.331076 1.2925
-0.330472 1.3025
-0.389528 1.3025
3.1

IMD6d1_damage
4
-0.028924000000000012 1.2925
0.028924000000000012 1.2925
0.029528000000000013 1.3025
-0.029528000000000013 1.3025
3.1

IMD6d1_damage
4
0.28607600000000005 1.2925
0.34392400000000006 1.2925
0.34452800000000006 1.3025
0.28547200000000006 1.3025
3.1

IMD6d1_damage
4
0.6460760000000002 1.2925
0.7039240000000001 1.2925
0.7045280000000002 1.3025
0.6454720000000002 1.3025
3.1

IMD6d2_damage
4
-0.384519 1.3025
-0.37951 1.3025
-0.38549 1.4015
-0.390499 1.4015
2.9

IMD6d2_damage
4
-0.34048999999999996 1.3025
-0.335481 1.3025
-0.329501 1.4015
-0.33451 1.4015
2.9

IMD6d2_damage
4
-0.024519000000000013 1.3025
-0.019510000000000013 1.3025
-0.025490000000000013 1.4015
-0.030499000000000012 1.4015
2.9

IMD6d2_damage
4
0.019510000000000013 1.3025
0.024519000000000013 1.3025
0.030499000000000012 1.4015
0.025490000000000013 1.4015
2.9

IMD6d2_damage
4
0.29048100000000004 1.3025
0.29549000000000003 1.3025
0.28951000000000005 1.4015
0.28450100000000006 1.4015
2.9

IMD6d2_damage
4
0.3345100000000001 1.3025
0.33951900000000007 1.3025
0.34549900000000006 1.4015
0.34049000000000007 1.4015
2.9

IMD6d2_damage
4
0.6504810000000001 1.3025
0.6554900000000001 1.3025
0.6495100000000001 1.4015
0.6445010000000001 1.4015
2.9

IMD6d2_damage
4
0.6945100000000002 1.3025
0.6995190000000002 1.3025
0.7054990000000002 1.4015
0.7004900000000002 1.4015
2.9

IMD1b
4
-1.0175 0.40650000000000003
-0.516355 0.40650000000000003
-0.52208 0.4665
-1.0175 0.4665
2.8

IMD1b
4
-0.38364499999999996 0.40650000000000003
-0.06635499999999998 0.40650000000000003
-0.07207999999999998 0.4665
-0.37792 0.4665
2.8

IMD1b
4
0.06635500000000004 0.40650000000000003
0.338645 0.40650000000000003
0.33292 0.4665
0.07208000000000003 0.4665
2.8

IMD1b
4
0.4713550000000001 0.40650000000000003
0.7886450000000002 0.40650000000000003
0.7829200000000002 0.4665
0.47708000000000006 0.4665
2.8

IMD1b
4
0.9213550000000003 0.40650000000000003
1.4225000000000003 0.40650000000000003
1.4225000000000003 0.4665
0.9270800000000002 0.4665
2.8

IMD1a
4
-1.0175 0.3955
-0.5153054166666666 0.3955
-0.516355 0.40650000000000003
-1.0175 0.40650000000000003
5.2

IMD1a
4
-0.3846945833333333 0.3955
-0.06530541666666664 0.3955
-0.06635499999999998 0.40650000000000003
-0.38364499999999996 0.40650000000000003
5.2

IMD1a
4
0.0653054166666667 0.3955
0.3396945833333333 0.3955
0.338645 0.40650000000000003
0.06635500000000004 0.40650000000000003
5.2

IMD1a
4
0.47030541666666675 0.3955
0.7896945833333335 0.3955
0.7886450000000002 0.40650000000000003
0.4713550000000001 0.40650000000000003
5.2

IMD1a
4
0.9203054166666669 0.3955
1.4225000000000003 0.3955
1.4225000000000003 0.40650000000000003
0.9213550000000003 0.40650000000000003
5.2

ILD1b3
4
-1.0175 0.37050000000000005
-0.51292 0.37050000000000005
-0.5153054166666666 0.3955
-1.0175 0.3955
4

ILD1b3
4
-0.38708 0.37050000000000005
-0.06291999999999998 0.37050000000000005
-0.06530541666666664 0.3955
-0.3846945833333333 0.3955
4

ILD1b3
4
0.06292000000000003 0.37050000000000005
0.34208 0.37050000000000005
0.3396945833333333 0.3955
0.0653054166666667 0.3955
4

ILD1b3
4
0.46792000000000006 0.37050000000000005
0.7920800000000001 0.37050000000000005
0.7896945833333335 0.3955
0.47030541666666675 0.3955
4

ILD1b3
4
0.9179200000000003 0.37050000000000005
1.4225000000000003 0.37050000000000005
1.4225000000000003 0.3955
0.9203054166666669 0.3955
4

ILD1b1+ILD1b2
4
-1.0175 0.2765
1.4225000000000003 0.2765
1.4225000000000003 0.37050000000000005
-1.0175 0.37050000000000005
4

IMD6d2
4
-1.0175 1.3025
-0.384519 1.3025
-0.390499 1.4015
-1.0175 1.4015
2.65

IMD6d2
4
-0.335481 1.3025
-0.024519000000000013 1.3025
-0.030499000000000012 1.4015
-0.329501 1.4015
2.65

IMD6d2
4
0.024519000000000013 1.3025
0.29048100000000004 1.3025
0.28450100000000006 1.4015
0.030499000000000012 1.4015
2.65

IMD6d2
4
0.33951900000000007 1.3025
0.6504810000000001 1.3025
0.6445010000000001 1.4015
0.34549900000000006 1.4015
2.65

IMD6d2
4
0.6995190000000002 1.3025
1.4225000000000003 1.3025
1.4225000000000003 1.4015
0.7054990000000002 1.4015
2.65

IMD6d1
4
-1.0175 1.2925
-0.388924 1.2925
-0.389528 1.3025
-1.0175 1.3025
2.65

IMD6d1
4
-0.331076 1.2925
-0.028924000000000012 1.2925
-0.029528000000000013 1.3025
-0.330472 1.3025
2.65

IMD6d1
4
0.028924000000000012 1.2925
0.28607600000000005 1.2925
0.28547200000000006 1.3025
0.029528000000000013 1.3025
2.65

IMD6d1
4
0.34392400000000006 1.2925
0.6460760000000002 1.2925
0.6454720000000002 1.3025
0.34452800000000006 1.3025
2.65

IMD6d1
4
0.7039240000000001 1.2925
1.4225000000000003 1.2925
1.4225000000000003 1.3025
0.7045280000000002 1.3025
2.65

IMD6d1
4
-1.0175 1.2745
1.4225000000000003 1.2745
1.4225000000000003 1.2925
-1.0175 1.2925
2.65

FOXA+FOXB+TOX
4
-1.0175 0.001
1.4225000000000003 0.001
1.4225000000000003 0.2665
-1.0175 0.2665
4.0

ILD1a
4
-1.0175 0.2665
1.4225000000000003 0.2665
1.4225000000000003 0.2765
-1.0175 0.2765
7.0

IMD2a
4
-1.0175 0.4665
1.4225000000000003 0.4665
1.4225000000000003 0.4875
-1.0175 0.4875
5.2

IMD2b
4
-1.0175 0.4875
1.4225000000000003 0.4875
1.4225000000000003 0.5025
-1.0175 0.5025
4.2

IMD2c
4
-1.0175 0.5025
1.4225000000000003 0.5025
1.4225000000000003 0.5265
-1.0175 0.5265
3.28

IMD2d1+IMD2d2
4
-1.0175 0.5265
1.4225000000000003 0.5265
1.4225000000000003 0.6535
-1.0175 0.6535
2.65

IMD3a
4
-1.0175 0.6535
1.4225000000000003 0.6535
1.4225000000000003 0.6745
-1.0175 0.6745
5.2

IMD3b
4
-1.0175 0.6745
1.4225000000000003 0.6745
1.4225000000000003 0.6895
-1.0175 0.6895
4.2

IMD3c
4
-1.0175 0.6895
1.4225000000000003 0.6895
1.4225000000000003 0.7135
-1.0175 0.7135
3.28

IMD3d1+IMD3d2
4
-1.0175 0.7135
1.4225000000000003 0.7135
1.4225000000000003 0.8405
-1.0175 0.8405
2.65

IMD4a
4
-1.0175 0.8405
1.4225000000000003 0.8405
1.4225000000000003 0.8615
-1.0175 0.8615
5.2

IMD4b
4
-1.0175 0.8615
1.4225000000000003 0.8615
1.4225000000000003 0.8765
-1.0175 0.8765
4.2

IMD4c
4
-1.0175 0.8765
1.4225000000000003 0.8765
1.4225000000000003 0.9005
-1.0175 0.9005
3.28

IMD4d1+IMD4d2
4
-1.0175 0.9005
1.4225000000000003 0.9005
1.4225000000000003 1.0275
-1.0175 1.0275
2.65

IMD5a
4
-1.0175 1.0275
1.4225000000000003 1.0275
1.4225000000000003 1.0485
-1.0175 1.0485
5.2

IMD5b
4
-1.0175 1.0485
1.4225000000000003 1.0485
1.4225000000000003 1.0635
-1.0175 1.0635
4.2

IMD5c
4
-1.0175 1.0635
1.4225000000000003 1.0635
1.4225000000000003 1.0875
-1.0175 1.0875
3.28

IMD5d1+IMD5d2
4
-1.0175 1.0875
1.4225000000000003 1.0875
1.4225000000000003 1.2145
-1.0175 1.2145
2.65

IMD6a
4
-1.0175 1.2145
1.4225000000000003 1.2145
1.4225000000000003 1.2355
-1.0175 1.2355
5.2

IMD6b
4
-1.0175 1.2355
1.4225000000000003 1.2355
1.4225000000000003 1.2505
-1.0175 1.2505
4.2

IMD6c
4
-1.0175 1.2505
1.4225000000000003 1.2505
1.4225000000000003 1.2745
-1.0175 1.2745
3.28

IMD7a
4
-1.0175 1.4015
1.4225000000000003 1.4015
1.4225000000000003 1.4765
-1.0175 1.4765
5.2

IMD7b1+IMD7b2
4
-1.0175 1.4765
1.4225000000000003 1.4765
1.4225000000000003 2.9765
-1.0175 2.9765
4.2

IMD8a
4
-1.0175 2.9765
1.4225000000000003 2.9765
1.4225000000000003 3.0515
-1.0175 3.0515
5.2

IMD8b1+IMD8b2
4
-1.0175 3.0515
1.4225000000000003 3.0515
1.4225000000000003 4.5515
-1.0175 4.5515
4.2

PASS1
4
-1.0175 4.5515
1.4225000000000003 4.5515
1.4225000000000003 4.6265
-1.0175 4.6265
7.0

PASS2
4
-1.0175 4.6265
1.4225000000000003 4.6265
1.4225000000000003 5.0265
-1.0175 5.0265
4.2

PASS3
4
-1.0175 5.0265
1.4225000000000003 5.0265
1.4225000000000003 5.1015
-1.0175 5.1015
7.0

PASS4+PASS5
4
-1.0175 5.1015
1.4225000000000003 5.1015
1.4225000000000003 6.0515
-1.0175 6.0515
4.2

PASS6
4
-1.0175 6.0515
1.4225000000000003 6.0515
1.4225000000000003 6.6515
-1.0175 6.6515
7.0

air_Layer
4
-1.0175 6.6515
1.4225000000000003 6.6515
1.4225000000000003 6.9485
-1.0175 6.9485
1.0


4
-1.0175 0.001
1.4225000000000003 0.001
1.4225000000000003 6.9485
-1.0175 6.9485

