c2
4
-0.01951 1.3025
0.01951 1.3025
0.02549 1.4015
-0.02549 1.4015

6
botleft
4
-5.0675 -0.001
0 -0.001
0 0.001
-5.0675 0.001

botright
4
0 -0.001
6.9125 -0.001
6.9125 0.001
0 0.001

c4
4
0.11549000000000001 1.3025
0.15451 1.3025
0.16049000000000002 1.4015
0.10951000000000001 1.4015

c1left
4
-0.01792 0.37050000000000005
0 0.37050000000000005
0 0.4665
-0.02708 0.4665

c1
4
0 0.37050000000000005
0.01792 0.37050000000000005
0.02708 0.4665
0 0.4665

c3
4
0.11708000000000002 0.37050000000000005
1.0079199999999997 0.37050000000000005
1.0170799999999998 0.4665
0.10792000000000002 0.4665


54
IMD6d1_damage
4
-0.028924 1.2925
0.028924 1.2925
0.029528 1.3025
-0.029528 1.3025
3.1

IMD6d1_damage
4
0.106076 1.2925
0.16392400000000001 1.2925
0.164528 1.3025
0.10547200000000001 1.3025
3.1

IMD6d2_damage
4
-0.024519 1.3025
-0.01951 1.3025
-0.02549 1.4015
-0.030499 1.4015
2.9

IMD6d2_damage
4
0.01951 1.3025
0.024519 1.3025
0.030499 1.4015
0.02549 1.4015
2.9

IMD6d2_damage
4
0.11048100000000001 1.3025
0.11549000000000001 1.3025
0.10951000000000001 1.4015
0.10450100000000001 1.4015
2.9

IMD6d2_damage
4
0.15451 1.3025
0.15951900000000002 1.3025
0.16549900000000003 1.4015
0.16049000000000002 1.4015
2.9

IMD1b
4
-5.0675 0.40650000000000003
-0.021355 0.40650000000000003
-0.02708 0.4665
-5.0675 0.4665
2.8

IMD1b
4
0.021355 0.40650000000000003
0.11364500000000001 0.40650000000000003
0.10792000000000002 0.4665
0.02708 0.4665
2.8

IMD1b
4
1.0113549999999998 0.40650000000000003
6.9125 0.40650000000000003
6.9125 0.4665
1.0170799999999998 0.4665
2.8

IMD1a
4
-5.0675 0.3955
-0.020305416666666666 0.3955
-0.021355 0.40650000000000003
-5.0675 0.40650000000000003
5.2

IMD1a
4
0.020305416666666666 0.3955
0.11469458333333335 0.3955
0.11364500000000001 0.40650000000000003
0.021355 0.40650000000000003
5.2

IMD1a
4
1.0103054166666665 0.3955
6.9125 0.3955
6.9125 0.40650000000000003
1.0113549999999998 0.40650000000000003
5.2

ILD1b3
4
-5.0675 0.37050000000000005
-0.01792 0.37050000000000005
-0.020305416666666666 0.3955
-5.0675 0.3955
4

ILD1b3
4
0.01792 0.37050000000000005
0.11708000000000002 0.37050000000000005
0.11469458333333335 0.3955
0.020305416666666666 0.3955
4

ILD1b3
4
1.0079199999999997 0.37050000000000005
6.9125 0.37050000000000005
6.9125 0.3955
1.0103054166666665 0.3955
4

ILD1b1+ILD1b2
4
-5.0675 0.2765
6.9125 0.2765
6.9125 0.37050000000000005
-5.0675 0.37050000000000005
4

IMD6d2
4
-5.0675 1.3025
-0.024519 1.3025
-0.030499 1.4015
-5.0675 1.4015
2.65

IMD6d2
4
0.024519 1.3025
0.11048100000000001 1.3025
0.10450100000000001 1.4015
0.030499 1.4015
2.65

IMD6d2
4
0.15951900000000002 1.3025
6.9125 1.3025
6.9125 1.4015
0.16549900000000003 1.4015
2.65

IMD6d1
4
-5.0675 1.2925
-0.028924 1.2925
-0.029528 1.3025
-5.0675 1.3025
2.65

IMD6d1
4
0.028924 1.2925
0.106076 1.2925
0.10547200000000001 1.3025
0.029528 1.3025
2.65

IMD6d1
4
0.16392400000000001 1.2925
6.9125 1.2925
6.9125 1.3025
0.164528 1.3025
2.65

IMD6d1
4
-5.0675 1.2745
6.9125 1.2745
6.9125 1.2925
-5.0675 1.2925
2.65

FOXA+FOXB+TOX
4
-5.0675 0.001
6.9125 0.001
6.9125 0.2665
-5.0675 0.2665
4.0

ILD1a
4
-5.0675 0.2665
6.9125 0.2665
6.9125 0.2765
-5.0675 0.2765
7.0

IMD2a
4
-5.0675 0.4665
6.9125 0.4665
6.9125 0.4875
-5.0675 0.4875
5.2

IMD2b
4
-5.0675 0.4875
6.9125 0.4875
6.9125 0.5025
-5.0675 0.5025
4.2

IMD2c
4
-5.0675 0.5025
6.9125 0.5025
6.9125 0.5265
-5.0675 0.5265
3.28

IMD2d1+IMD2d2
4
-5.0675 0.5265
6.9125 0.5265
6.9125 0.6535
-5.0675 0.6535
2.65

IMD3a
4
-5.0675 0.6535
6.9125 0.6535
6.9125 0.6745
-5.0675 0.6745
5.2

IMD3b
4
-5.0675 0.6745
6.9125 0.6745
6.9125 0.6895
-5.0675 0.6895
4.2

IMD3c
4
-5.0675 0.6895
6.9125 0.6895
6.9125 0.7135
-5.0675 0.7135
3.28

IMD3d1+IMD3d2
4
-5.0675 0.7135
6.9125 0.7135
6.9125 0.8405
-5.0675 0.8405
2.65

IMD4a
4
-5.0675 0.8405
6.9125 0.8405
6.9125 0.8615
-5.0675 0.8615
5.2

IMD4b
4
-5.0675 0.8615
6.9125 0.8615
6.9125 0.8765
-5.0675 0.8765
4.2

IMD4c
4
-5.0675 0.8765
6.9125 0.8765
6.9125 0.9005
-5.0675 0.9005
3.28

IMD4d1+IMD4d2
4
-5.0675 0.9005
6.9125 0.9005
6.9125 1.0275
-5.0675 1.0275
2.65

IMD5a
4
-5.0675 1.0275
6.9125 1.0275
6.9125 1.0485
-5.0675 1.0485
5.2

IMD5b
4
-5.0675 1.0485
6.9125 1.0485
6.9125 1.0635
-5.0675 1.0635
4.2

IMD5c
4
-5.0675 1.0635
6.9125 1.0635
6.9125 1.0875
-5.0675 1.0875
3.28

IMD5d1+IMD5d2
4
-5.0675 1.0875
6.9125 1.0875
6.9125 1.2145
-5.0675 1.2145
2.65

IMD6a
4
-5.0675 1.2145
6.9125 1.2145
6.9125 1.2355
-5.0675 1.2355
5.2

IMD6b
4
-5.0675 1.2355
6.9125 1.2355
6.9125 1.2505
-5.0675 1.2505
4.2

IMD6c
4
-5.0675 1.2505
6.9125 1.2505
6.9125 1.2745
-5.0675 1.2745
3.28

IMD7a
4
-5.0675 1.4015
6.9125 1.4015
6.9125 1.4765
-5.0675 1.4765
5.2

IMD7b1+IMD7b2
4
-5.0675 1.4765
6.9125 1.4765
6.9125 2.9765
-5.0675 2.9765
4.2

IMD8a
4
-5.0675 2.9765
6.9125 2.9765
6.9125 3.0515
-5.0675 3.0515
5.2

IMD8b1+IMD8b2
4
-5.0675 3.0515
6.9125 3.0515
6.9125 4.5515
-5.0675 4.5515
4.2

PASS1
4
-5.0675 4.5515
6.9125 4.5515
6.9125 4.6265
-5.0675 4.6265
7.0

PASS2
4
-5.0675 4.6265
6.9125 4.6265
6.9125 5.0265
-5.0675 5.0265
4.2

PASS3
4
-5.0675 5.0265
6.9125 5.0265
6.9125 5.1015
-5.0675 5.1015
7.0

PASS4+PASS5
4
-5.0675 5.1015
6.9125 5.1015
6.9125 6.0515
-5.0675 6.0515
4.2

PASS6
4
-5.0675 6.0515
6.9125 6.0515
6.9125 6.6515
-5.0675 6.6515
7.0

air_Layer
4
-5.0675 6.6515
6.9125 6.6515
6.9125 6.9485
-5.0675 6.9485
1.0


4
-5.0675 0.001
6.9125 0.001
6.9125 6.9485
-5.0675 6.9485

