c1
4
-0.01791999999999999 0.37050000000000005
0.01791999999999999 0.37050000000000005
0.027079999999999993 0.4665
-0.027079999999999993 0.4665

10
botleft
4
-0.8825000000000001 -0.001
0 -0.001
0 0.001
-0.8825000000000001 0.001

botright
4
0 -0.001
0.9725 -0.001
0.9725 0.001
0 0.001

lbEnv
4
-0.37792 0.37050000000000005
-0.34208 0.37050000000000005
-0.33292 0.4665
-0.38708 0.4665

c3
4
0.07207999999999998 0.37050000000000005
0.10791999999999996 0.37050000000000005
0.11707999999999996 0.4665
0.06291999999999998 0.4665

rbEnv
4
0.43207999999999996 0.37050000000000005
0.46791999999999995 0.37050000000000005
0.47707999999999995 0.4665
0.42291999999999996 0.4665

ltEnv
4
-0.37951 1.3025
-0.34048999999999996 1.3025
-0.33451 1.4015
-0.38549 1.4015

c2left
4
-0.019510000000000013 1.3025
0 1.3025
0 1.4015
-0.025490000000000013 1.4015

c2
4
0 1.3025
0.019510000000000013 1.3025
0.025490000000000013 1.4015
0 1.4015

c4
4
0.07049000000000001 1.3025
0.10950999999999998 1.3025
0.11548999999999998 1.4015
0.06451000000000001 1.4015

rtEnv
4
0.43049000000000004 1.3025
0.4695100000000001 1.3025
0.4754900000000001 1.4015
0.42451000000000005 1.4015


70
IMD6d1_damage
4
-0.388924 1.2925
-0.331076 1.2925
-0.330472 1.3025
-0.389528 1.3025
3.1

IMD6d1_damage
4
-0.028924000000000012 1.2925
0.028924000000000012 1.2925
0.029528000000000013 1.3025
-0.029528000000000013 1.3025
3.1

IMD6d1_damage
4
0.06107600000000001 1.2925
0.11892399999999999 1.2925
0.11952799999999998 1.3025
0.06047200000000001 1.3025
3.1

IMD6d1_damage
4
0.42107600000000006 1.2925
0.47892400000000007 1.2925
0.47952800000000007 1.3025
0.42047200000000007 1.3025
3.1

IMD6d2_damage
4
-0.384519 1.3025
-0.37951 1.3025
-0.38549 1.4015
-0.390499 1.4015
2.9

IMD6d2_damage
4
-0.34048999999999996 1.3025
-0.335481 1.3025
-0.329501 1.4015
-0.33451 1.4015
2.9

IMD6d2_damage
4
-0.024519000000000013 1.3025
-0.019510000000000013 1.3025
-0.025490000000000013 1.4015
-0.030499000000000012 1.4015
2.9

IMD6d2_damage
4
0.019510000000000013 1.3025
0.024519000000000013 1.3025
0.030499000000000012 1.4015
0.025490000000000013 1.4015
2.9

IMD6d2_damage
4
0.06548100000000001 1.3025
0.07049000000000001 1.3025
0.06451000000000001 1.4015
0.05950100000000001 1.4015
2.9

IMD6d2_damage
4
0.10950999999999998 1.3025
0.11451899999999998 1.3025
0.12049899999999998 1.4015
0.11548999999999998 1.4015
2.9

IMD6d2_damage
4
0.42548100000000005 1.3025
0.43049000000000004 1.3025
0.42451000000000005 1.4015
0.41950100000000007 1.4015
2.9

IMD6d2_damage
4
0.4695100000000001 1.3025
0.4745190000000001 1.3025
0.48049900000000006 1.4015
0.4754900000000001 1.4015
2.9

IMD1b
4
-0.8825000000000001 0.40650000000000003
-0.381355 0.40650000000000003
-0.38708 0.4665
-0.8825000000000001 0.4665
2.8

IMD1b
4
-0.338645 0.40650000000000003
-0.021354999999999992 0.40650000000000003
-0.027079999999999993 0.4665
-0.33292 0.4665
2.8

IMD1b
4
0.021354999999999992 0.40650000000000003
0.06864499999999997 0.40650000000000003
0.06291999999999998 0.4665
0.027079999999999993 0.4665
2.8

IMD1b
4
0.11135499999999997 0.40650000000000003
0.42864499999999994 0.40650000000000003
0.42291999999999996 0.4665
0.11707999999999996 0.4665
2.8

IMD1b
4
0.47135499999999997 0.40650000000000003
0.9725 0.40650000000000003
0.9725 0.4665
0.47707999999999995 0.4665
2.8

IMD1a
4
-0.8825000000000001 0.3955
-0.3803054166666667 0.3955
-0.381355 0.40650000000000003
-0.8825000000000001 0.40650000000000003
5.2

IMD1a
4
-0.3396945833333333 0.3955
-0.02030541666666666 0.3955
-0.021354999999999992 0.40650000000000003
-0.338645 0.40650000000000003
5.2

IMD1a
4
0.02030541666666666 0.3955
0.06969458333333331 0.3955
0.06864499999999997 0.40650000000000003
0.021354999999999992 0.40650000000000003
5.2

IMD1a
4
0.11030541666666663 0.3955
0.42969458333333327 0.3955
0.42864499999999994 0.40650000000000003
0.11135499999999997 0.40650000000000003
5.2

IMD1a
4
0.47030541666666664 0.3955
0.9725 0.3955
0.9725 0.40650000000000003
0.47135499999999997 0.40650000000000003
5.2

ILD1b3
4
-0.8825000000000001 0.37050000000000005
-0.37792 0.37050000000000005
-0.3803054166666667 0.3955
-0.8825000000000001 0.3955
4

ILD1b3
4
-0.34208 0.37050000000000005
-0.01791999999999999 0.37050000000000005
-0.02030541666666666 0.3955
-0.3396945833333333 0.3955
4

ILD1b3
4
0.01791999999999999 0.37050000000000005
0.07207999999999998 0.37050000000000005
0.06969458333333331 0.3955
0.02030541666666666 0.3955
4

ILD1b3
4
0.10791999999999996 0.37050000000000005
0.43207999999999996 0.37050000000000005
0.42969458333333327 0.3955
0.11030541666666663 0.3955
4

ILD1b3
4
0.46791999999999995 0.37050000000000005
0.9725 0.37050000000000005
0.9725 0.3955
0.47030541666666664 0.3955
4

ILD1b1+ILD1b2
4
-0.8825000000000001 0.2765
0.9725 0.2765
0.9725 0.37050000000000005
-0.8825000000000001 0.37050000000000005
4

IMD6d2
4
-0.8825000000000001 1.3025
-0.384519 1.3025
-0.390499 1.4015
-0.8825000000000001 1.4015
2.65

IMD6d2
4
-0.335481 1.3025
-0.024519000000000013 1.3025
-0.030499000000000012 1.4015
-0.329501 1.4015
2.65

IMD6d2
4
0.024519000000000013 1.3025
0.06548100000000001 1.3025
0.05950100000000001 1.4015
0.030499000000000012 1.4015
2.65

IMD6d2
4
0.11451899999999998 1.3025
0.42548100000000005 1.3025
0.41950100000000007 1.4015
0.12049899999999998 1.4015
2.65

IMD6d2
4
0.4745190000000001 1.3025
0.9725 1.3025
0.9725 1.4015
0.48049900000000006 1.4015
2.65

IMD6d1
4
-0.8825000000000001 1.2925
-0.388924 1.2925
-0.389528 1.3025
-0.8825000000000001 1.3025
2.65

IMD6d1
4
-0.331076 1.2925
-0.028924000000000012 1.2925
-0.029528000000000013 1.3025
-0.330472 1.3025
2.65

IMD6d1
4
0.028924000000000012 1.2925
0.06107600000000001 1.2925
0.06047200000000001 1.3025
0.029528000000000013 1.3025
2.65

IMD6d1
4
0.11892399999999999 1.2925
0.42107600000000006 1.2925
0.42047200000000007 1.3025
0.11952799999999998 1.3025
2.65

IMD6d1
4
0.47892400000000007 1.2925
0.9725 1.2925
0.9725 1.3025
0.47952800000000007 1.3025
2.65

IMD6d1
4
-0.8825000000000001 1.2745
0.9725 1.2745
0.9725 1.2925
-0.8825000000000001 1.2925
2.65

FOXA+FOXB+TOX
4
-0.8825000000000001 0.001
0.9725 0.001
0.9725 0.2665
-0.8825000000000001 0.2665
4.0

ILD1a
4
-0.8825000000000001 0.2665
0.9725 0.2665
0.9725 0.2765
-0.8825000000000001 0.2765
7.0

IMD2a
4
-0.8825000000000001 0.4665
0.9725 0.4665
0.9725 0.4875
-0.8825000000000001 0.4875
5.2

IMD2b
4
-0.8825000000000001 0.4875
0.9725 0.4875
0.9725 0.5025
-0.8825000000000001 0.5025
4.2

IMD2c
4
-0.8825000000000001 0.5025
0.9725 0.5025
0.9725 0.5265
-0.8825000000000001 0.5265
3.28

IMD2d1+IMD2d2
4
-0.8825000000000001 0.5265
0.9725 0.5265
0.9725 0.6535
-0.8825000000000001 0.6535
2.65

IMD3a
4
-0.8825000000000001 0.6535
0.9725 0.6535
0.9725 0.6745
-0.8825000000000001 0.6745
5.2

IMD3b
4
-0.8825000000000001 0.6745
0.9725 0.6745
0.9725 0.6895
-0.8825000000000001 0.6895
4.2

IMD3c
4
-0.8825000000000001 0.6895
0.9725 0.6895
0.9725 0.7135
-0.8825000000000001 0.7135
3.28

IMD3d1+IMD3d2
4
-0.8825000000000001 0.7135
0.9725 0.7135
0.9725 0.8405
-0.8825000000000001 0.8405
2.65

IMD4a
4
-0.8825000000000001 0.8405
0.9725 0.8405
0.9725 0.8615
-0.8825000000000001 0.8615
5.2

IMD4b
4
-0.8825000000000001 0.8615
0.9725 0.8615
0.9725 0.8765
-0.8825000000000001 0.8765
4.2

IMD4c
4
-0.8825000000000001 0.8765
0.9725 0.8765
0.9725 0.9005
-0.8825000000000001 0.9005
3.28

IMD4d1+IMD4d2
4
-0.8825000000000001 0.9005
0.9725 0.9005
0.9725 1.0275
-0.8825000000000001 1.0275
2.65

IMD5a
4
-0.8825000000000001 1.0275
0.9725 1.0275
0.9725 1.0485
-0.8825000000000001 1.0485
5.2

IMD5b
4
-0.8825000000000001 1.0485
0.9725 1.0485
0.9725 1.0635
-0.8825000000000001 1.0635
4.2

IMD5c
4
-0.8825000000000001 1.0635
0.9725 1.0635
0.9725 1.0875
-0.8825000000000001 1.0875
3.28

IMD5d1+IMD5d2
4
-0.8825000000000001 1.0875
0.9725 1.0875
0.9725 1.2145
-0.8825000000000001 1.2145
2.65

IMD6a
4
-0.8825000000000001 1.2145
0.9725 1.2145
0.9725 1.2355
-0.8825000000000001 1.2355
5.2

IMD6b
4
-0.8825000000000001 1.2355
0.9725 1.2355
0.9725 1.2505
-0.8825000000000001 1.2505
4.2

IMD6c
4
-0.8825000000000001 1.2505
0.9725 1.2505
0.9725 1.2745
-0.8825000000000001 1.2745
3.28

IMD7a
4
-0.8825000000000001 1.4015
0.9725 1.4015
0.9725 1.4765
-0.8825000000000001 1.4765
5.2

IMD7b1+IMD7b2
4
-0.8825000000000001 1.4765
0.9725 1.4765
0.9725 2.9765
-0.8825000000000001 2.9765
4.2

IMD8a
4
-0.8825000000000001 2.9765
0.9725 2.9765
0.9725 3.0515
-0.8825000000000001 3.0515
5.2

IMD8b1+IMD8b2
4
-0.8825000000000001 3.0515
0.9725 3.0515
0.9725 4.5515
-0.8825000000000001 4.5515
4.2

PASS1
4
-0.8825000000000001 4.5515
0.9725 4.5515
0.9725 4.6265
-0.8825000000000001 4.6265
7.0

PASS2
4
-0.8825000000000001 4.6265
0.9725 4.6265
0.9725 5.0265
-0.8825000000000001 5.0265
4.2

PASS3
4
-0.8825000000000001 5.0265
0.9725 5.0265
0.9725 5.1015
-0.8825000000000001 5.1015
7.0

PASS4+PASS5
4
-0.8825000000000001 5.1015
0.9725 5.1015
0.9725 6.0515
-0.8825000000000001 6.0515
4.2

PASS6
4
-0.8825000000000001 6.0515
0.9725 6.0515
0.9725 6.6515
-0.8825000000000001 6.6515
7.0

air_Layer
4
-0.8825000000000001 6.6515
0.9725 6.6515
0.9725 6.9485
-0.8825000000000001 6.9485
1.0


4
-0.8825000000000001 0.001
0.9725 0.001
0.9725 6.9485
-0.8825000000000001 6.9485

