c2
4
-0.019510000000000013 1.1155
0.019510000000000013 1.1155
0.025490000000000013 1.2145
-0.025490000000000013 1.2145

10
botleft
4
-2.165 -0.001
0 -0.001
0 0.001
-2.165 0.001

botright
4
0 -0.001
1.805 -0.001
1.805 0.001
0 0.001

ltEnv
4
-0.37951 1.1155
-0.34048999999999996 1.1155
-0.33451 1.2145
-0.38549 1.2145

c4
4
0.47548999999999997 1.1155
0.51451 1.1155
0.52049 1.2145
0.46951 1.2145

rtEnv
4
0.8354900000000001 1.1155
0.8745100000000001 1.1155
0.8804900000000001 1.2145
0.8295100000000001 1.2145

lbEnv
4
-1.6620099999999998 0.5545
-0.76799 0.5545
-0.76201 0.6535
-1.6679899999999999 0.6535

c1left
4
-0.44701 0.5545
0 0.5545
0 0.6535
-0.45299 0.6535

c1
4
0 0.5545
0.44701 0.5545
0.45299 0.6535
0 0.6535

c3
4
0.9029900000000001 0.5545
0.9420100000000001 0.5545
0.9479900000000001 0.6535
0.8970100000000001 0.6535

rbEnv
4
1.26299 0.5545
1.30201 0.5545
1.30799 0.6535
1.25701 0.6535


79
IMD2d1_damage
4
-1.6714239999999998 0.5445
-0.758576 0.5445
-0.757972 0.5545
-1.6720279999999998 0.5545
3.1

IMD2d1_damage
4
-0.456424 0.5445
0.456424 0.5445
0.457028 0.5545
-0.457028 0.5545
3.1

IMD2d1_damage
4
0.8935760000000001 0.5445
0.951424 0.5445
0.9520280000000001 0.5545
0.8929720000000001 0.5545
3.1

IMD2d1_damage
4
1.253576 0.5445
1.311424 0.5445
1.312028 0.5545
1.252972 0.5545
3.1

IMD2d2_damage
4
-1.6670189999999998 0.5545
-1.6620099999999998 0.5545
-1.6679899999999999 0.6535
-1.672999 0.6535
2.9

IMD2d2_damage
4
-0.76799 0.5545
-0.7629809999999999 0.5545
-0.7570009999999999 0.6535
-0.76201 0.6535
2.9

IMD2d2_damage
4
-0.452019 0.5545
-0.44701 0.5545
-0.45299 0.6535
-0.457999 0.6535
2.9

IMD2d2_damage
4
0.44701 0.5545
0.452019 0.5545
0.457999 0.6535
0.45299 0.6535
2.9

IMD2d2_damage
4
0.897981 0.5545
0.9029900000000001 0.5545
0.8970100000000001 0.6535
0.892001 0.6535
2.9

IMD2d2_damage
4
0.9420100000000001 0.5545
0.9470190000000002 0.5545
0.9529990000000002 0.6535
0.9479900000000001 0.6535
2.9

IMD2d2_damage
4
1.257981 0.5545
1.26299 0.5545
1.25701 0.6535
1.252001 0.6535
2.9

IMD2d2_damage
4
1.30201 0.5545
1.307019 0.5545
1.312999 0.6535
1.30799 0.6535
2.9

IMD5d1_damage
4
-0.388924 1.1055
-0.331076 1.1055
-0.330472 1.1155
-0.389528 1.1155
3.1

IMD5d1_damage
4
-0.028924000000000012 1.1055
0.028924000000000012 1.1055
0.029528000000000013 1.1155
-0.029528000000000013 1.1155
3.1

IMD5d1_damage
4
0.466076 1.1055
0.523924 1.1055
0.524528 1.1155
0.465472 1.1155
3.1

IMD5d1_damage
4
0.8260760000000001 1.1055
0.883924 1.1055
0.8845280000000001 1.1155
0.8254720000000001 1.1155
3.1

IMD5d2_damage
4
-0.384519 1.1155
-0.37951 1.1155
-0.38549 1.2145
-0.390499 1.2145
2.9

IMD5d2_damage
4
-0.34048999999999996 1.1155
-0.335481 1.1155
-0.329501 1.2145
-0.33451 1.2145
2.9

IMD5d2_damage
4
-0.024519000000000013 1.1155
-0.019510000000000013 1.1155
-0.025490000000000013 1.2145
-0.030499000000000012 1.2145
2.9

IMD5d2_damage
4
0.019510000000000013 1.1155
0.024519000000000013 1.1155
0.030499000000000012 1.2145
0.025490000000000013 1.2145
2.9

IMD5d2_damage
4
0.470481 1.1155
0.47548999999999997 1.1155
0.46951 1.2145
0.464501 1.2145
2.9

IMD5d2_damage
4
0.51451 1.1155
0.5195190000000001 1.1155
0.525499 1.2145
0.52049 1.2145
2.9

IMD5d2_damage
4
0.830481 1.1155
0.8354900000000001 1.1155
0.8295100000000001 1.2145
0.824501 1.2145
2.9

IMD5d2_damage
4
0.8745100000000001 1.1155
0.8795190000000002 1.1155
0.8854990000000001 1.2145
0.8804900000000001 1.2145
2.9

IMD2d2
4
-2.165 0.5545
-1.6670189999999998 0.5545
-1.672999 0.6535
-2.165 0.6535
2.65

IMD2d2
4
-0.7629809999999999 0.5545
-0.452019 0.5545
-0.457999 0.6535
-0.7570009999999999 0.6535
2.65

IMD2d2
4
0.452019 0.5545
0.897981 0.5545
0.892001 0.6535
0.457999 0.6535
2.65

IMD2d2
4
0.9470190000000002 0.5545
1.257981 0.5545
1.252001 0.6535
0.9529990000000002 0.6535
2.65

IMD2d2
4
1.307019 0.5545
1.805 0.5545
1.805 0.6535
1.312999 0.6535
2.65

IMD2d1
4
-2.165 0.5445
-1.6714239999999998 0.5445
-1.6720279999999998 0.5545
-2.165 0.5545
2.65

IMD2d1
4
-0.758576 0.5445
-0.456424 0.5445
-0.457028 0.5545
-0.757972 0.5545
2.65

IMD2d1
4
0.456424 0.5445
0.8935760000000001 0.5445
0.8929720000000001 0.5545
0.457028 0.5545
2.65

IMD2d1
4
0.951424 0.5445
1.253576 0.5445
1.252972 0.5545
0.9520280000000001 0.5545
2.65

IMD2d1
4
1.311424 0.5445
1.805 0.5445
1.805 0.5545
1.312028 0.5545
2.65

IMD2d1
4
-2.165 0.5265
1.805 0.5265
1.805 0.5445
-2.165 0.5445
2.65

IMD5d2
4
-2.165 1.1155
-0.384519 1.1155
-0.390499 1.2145
-2.165 1.2145
2.65

IMD5d2
4
-0.335481 1.1155
-0.024519000000000013 1.1155
-0.030499000000000012 1.2145
-0.329501 1.2145
2.65

IMD5d2
4
0.024519000000000013 1.1155
0.470481 1.1155
0.464501 1.2145
0.030499000000000012 1.2145
2.65

IMD5d2
4
0.5195190000000001 1.1155
0.830481 1.1155
0.824501 1.2145
0.525499 1.2145
2.65

IMD5d2
4
0.8795190000000002 1.1155
1.805 1.1155
1.805 1.2145
0.8854990000000001 1.2145
2.65

IMD5d1
4
-2.165 1.1055
-0.388924 1.1055
-0.389528 1.1155
-2.165 1.1155
2.65

IMD5d1
4
-0.331076 1.1055
-0.028924000000000012 1.1055
-0.029528000000000013 1.1155
-0.330472 1.1155
2.65

IMD5d1
4
0.028924000000000012 1.1055
0.466076 1.1055
0.465472 1.1155
0.029528000000000013 1.1155
2.65

IMD5d1
4
0.523924 1.1055
0.8260760000000001 1.1055
0.8254720000000001 1.1155
0.524528 1.1155
2.65

IMD5d1
4
0.883924 1.1055
1.805 1.1055
1.805 1.1155
0.8845280000000001 1.1155
2.65

IMD5d1
4
-2.165 1.0875
1.805 1.0875
1.805 1.1055
-2.165 1.1055
2.65

FOXA+FOXB+TOX
4
-2.165 0.001
1.805 0.001
1.805 0.2665
-2.165 0.2665
4.0

ILD1a
4
-2.165 0.2665
1.805 0.2665
1.805 0.2765
-2.165 0.2765
7.0

ILD1b1+ILD1b2+ILD1b3
4
-2.165 0.2765
1.805 0.2765
1.805 0.3955
-2.165 0.3955
4.0

IMD1a
4
-2.165 0.3955
1.805 0.3955
1.805 0.4065
-2.165 0.4065
5.2

IMD1b
4
-2.165 0.4065
1.805 0.4065
1.805 0.4665
-2.165 0.4665
2.8

IMD2a
4
-2.165 0.4665
1.805 0.4665
1.805 0.4875
-2.165 0.4875
5.2

IMD2b
4
-2.165 0.4875
1.805 0.4875
1.805 0.5025
-2.165 0.5025
4.2

IMD2c
4
-2.165 0.5025
1.805 0.5025
1.805 0.5265
-2.165 0.5265
3.28

IMD3a
4
-2.165 0.6535
1.805 0.6535
1.805 0.6745
-2.165 0.6745
5.2

IMD3b
4
-2.165 0.6745
1.805 0.6745
1.805 0.6895
-2.165 0.6895
4.2

IMD3c
4
-2.165 0.6895
1.805 0.6895
1.805 0.7135
-2.165 0.7135
3.28

IMD3d1+IMD3d2
4
-2.165 0.7135
1.805 0.7135
1.805 0.8405
-2.165 0.8405
2.65

IMD4a
4
-2.165 0.8405
1.805 0.8405
1.805 0.8615
-2.165 0.8615
5.2

IMD4b
4
-2.165 0.8615
1.805 0.8615
1.805 0.8765
-2.165 0.8765
4.2

IMD4c
4
-2.165 0.8765
1.805 0.8765
1.805 0.9005
-2.165 0.9005
3.28

IMD4d1+IMD4d2
4
-2.165 0.9005
1.805 0.9005
1.805 1.0275
-2.165 1.0275
2.65

IMD5a
4
-2.165 1.0275
1.805 1.0275
1.805 1.0485
-2.165 1.0485
5.2

IMD5b
4
-2.165 1.0485
1.805 1.0485
1.805 1.0635
-2.165 1.0635
4.2

IMD5c
4
-2.165 1.0635
1.805 1.0635
1.805 1.0875
-2.165 1.0875
3.28

IMD6a
4
-2.165 1.2145
1.805 1.2145
1.805 1.2355
-2.165 1.2355
5.2

IMD6b
4
-2.165 1.2355
1.805 1.2355
1.805 1.2505
-2.165 1.2505
4.2

IMD6c
4
-2.165 1.2505
1.805 1.2505
1.805 1.2745
-2.165 1.2745
3.28

IMD6d1+IMD6d2
4
-2.165 1.2745
1.805 1.2745
1.805 1.4015
-2.165 1.4015
2.65

IMD7a
4
-2.165 1.4015
1.805 1.4015
1.805 1.4765
-2.165 1.4765
5.2

IMD7b1+IMD7b2
4
-2.165 1.4765
1.805 1.4765
1.805 2.9765
-2.165 2.9765
4.2

IMD8a
4
-2.165 2.9765
1.805 2.9765
1.805 3.0515
-2.165 3.0515
5.2

IMD8b1+IMD8b2
4
-2.165 3.0515
1.805 3.0515
1.805 4.5515
-2.165 4.5515
4.2

PASS1
4
-2.165 4.5515
1.805 4.5515
1.805 4.6265
-2.165 4.6265
7.0

PASS2
4
-2.165 4.6265
1.805 4.6265
1.805 5.0265
-2.165 5.0265
4.2

PASS3
4
-2.165 5.0265
1.805 5.0265
1.805 5.1015
-2.165 5.1015
7.0

PASS4+PASS5
4
-2.165 5.1015
1.805 5.1015
1.805 6.0515
-2.165 6.0515
4.2

PASS6
4
-2.165 6.0515
1.805 6.0515
1.805 6.6515
-2.165 6.6515
7.0

air_Layer
4
-2.165 6.6515
1.805 6.6515
1.805 6.9485
-2.165 6.9485
1.0


4
-2.165 0.001
1.805 0.001
1.805 6.9485
-2.165 6.9485

