c2
4
-0.019510000000000013 1.1155
0.019510000000000013 1.1155
0.025490000000000013 1.2145
-0.025490000000000013 1.2145

10
botleft
4
-0.8825000000000001 -0.001
0 -0.001
0 0.001
-0.8825000000000001 0.001

botright
4
0 -0.001
2.6825 -0.001
2.6825 0.001
0 0.001

ltEnv
4
-0.37951 1.1155
-0.34048999999999996 1.1155
-0.33451 1.2145
-0.38549 1.2145

c4
4
0.07049000000000001 1.1155
0.10950999999999998 1.1155
0.11548999999999998 1.2145
0.06451000000000001 1.2145

rtEnv
4
0.43049000000000004 1.1155
0.4695100000000001 1.1155
0.4754900000000001 1.2145
0.42451000000000005 1.2145

lbEnv
4
-0.37951 0.5545
-0.34048999999999996 0.5545
-0.33451 0.6535
-0.38549 0.6535

c1left
4
-0.019510000000000013 0.5545
0 0.5545
0 0.6535
-0.025490000000000013 0.6535

c1
4
0 0.5545
0.019510000000000013 0.5545
0.025490000000000013 0.6535
0 0.6535

c3
4
0.07049000000000001 0.5545
0.96451 0.5545
0.97049 0.6535
0.06451000000000001 0.6535

rbEnv
4
1.2854900000000002 0.5545
2.17951 0.5545
2.18549 0.6535
1.2795100000000001 0.6535


79
IMD2d1_damage
4
-0.388924 0.5445
-0.331076 0.5445
-0.330472 0.5545
-0.389528 0.5545
3.1

IMD2d1_damage
4
-0.028924000000000012 0.5445
0.028924000000000012 0.5445
0.029528000000000013 0.5545
-0.029528000000000013 0.5545
3.1

IMD2d1_damage
4
0.06107600000000001 0.5445
0.9739239999999999 0.5445
0.974528 0.5545
0.06047200000000001 0.5545
3.1

IMD2d1_damage
4
1.2760760000000002 0.5445
2.188924 0.5445
2.189528 0.5545
1.2754720000000002 0.5545
3.1

IMD2d2_damage
4
-0.384519 0.5545
-0.37951 0.5545
-0.38549 0.6535
-0.390499 0.6535
2.9

IMD2d2_damage
4
-0.34048999999999996 0.5545
-0.335481 0.5545
-0.329501 0.6535
-0.33451 0.6535
2.9

IMD2d2_damage
4
-0.024519000000000013 0.5545
-0.019510000000000013 0.5545
-0.025490000000000013 0.6535
-0.030499000000000012 0.6535
2.9

IMD2d2_damage
4
0.019510000000000013 0.5545
0.024519000000000013 0.5545
0.030499000000000012 0.6535
0.025490000000000013 0.6535
2.9

IMD2d2_damage
4
0.06548100000000001 0.5545
0.07049000000000001 0.5545
0.06451000000000001 0.6535
0.05950100000000001 0.6535
2.9

IMD2d2_damage
4
0.96451 0.5545
0.969519 0.5545
0.975499 0.6535
0.97049 0.6535
2.9

IMD2d2_damage
4
1.2804810000000002 0.5545
1.2854900000000002 0.5545
1.2795100000000001 0.6535
1.274501 0.6535
2.9

IMD2d2_damage
4
2.17951 0.5545
2.184519 0.5545
2.190499 0.6535
2.18549 0.6535
2.9

IMD5d1_damage
4
-0.388924 1.1055
-0.331076 1.1055
-0.330472 1.1155
-0.389528 1.1155
3.1

IMD5d1_damage
4
-0.028924000000000012 1.1055
0.028924000000000012 1.1055
0.029528000000000013 1.1155
-0.029528000000000013 1.1155
3.1

IMD5d1_damage
4
0.06107600000000001 1.1055
0.11892399999999999 1.1055
0.11952799999999998 1.1155
0.06047200000000001 1.1155
3.1

IMD5d1_damage
4
0.42107600000000006 1.1055
0.47892400000000007 1.1055
0.47952800000000007 1.1155
0.42047200000000007 1.1155
3.1

IMD5d2_damage
4
-0.384519 1.1155
-0.37951 1.1155
-0.38549 1.2145
-0.390499 1.2145
2.9

IMD5d2_damage
4
-0.34048999999999996 1.1155
-0.335481 1.1155
-0.329501 1.2145
-0.33451 1.2145
2.9

IMD5d2_damage
4
-0.024519000000000013 1.1155
-0.019510000000000013 1.1155
-0.025490000000000013 1.2145
-0.030499000000000012 1.2145
2.9

IMD5d2_damage
4
0.019510000000000013 1.1155
0.024519000000000013 1.1155
0.030499000000000012 1.2145
0.025490000000000013 1.2145
2.9

IMD5d2_damage
4
0.06548100000000001 1.1155
0.07049000000000001 1.1155
0.06451000000000001 1.2145
0.05950100000000001 1.2145
2.9

IMD5d2_damage
4
0.10950999999999998 1.1155
0.11451899999999998 1.1155
0.12049899999999998 1.2145
0.11548999999999998 1.2145
2.9

IMD5d2_damage
4
0.42548100000000005 1.1155
0.43049000000000004 1.1155
0.42451000000000005 1.2145
0.41950100000000007 1.2145
2.9

IMD5d2_damage
4
0.4695100000000001 1.1155
0.4745190000000001 1.1155
0.48049900000000006 1.2145
0.4754900000000001 1.2145
2.9

IMD2d2
4
-0.8825000000000001 0.5545
-0.384519 0.5545
-0.390499 0.6535
-0.8825000000000001 0.6535
2.65

IMD2d2
4
-0.335481 0.5545
-0.024519000000000013 0.5545
-0.030499000000000012 0.6535
-0.329501 0.6535
2.65

IMD2d2
4
0.024519000000000013 0.5545
0.06548100000000001 0.5545
0.05950100000000001 0.6535
0.030499000000000012 0.6535
2.65

IMD2d2
4
0.969519 0.5545
1.2804810000000002 0.5545
1.274501 0.6535
0.975499 0.6535
2.65

IMD2d2
4
2.184519 0.5545
2.6825 0.5545
2.6825 0.6535
2.190499 0.6535
2.65

IMD2d1
4
-0.8825000000000001 0.5445
-0.388924 0.5445
-0.389528 0.5545
-0.8825000000000001 0.5545
2.65

IMD2d1
4
-0.331076 0.5445
-0.028924000000000012 0.5445
-0.029528000000000013 0.5545
-0.330472 0.5545
2.65

IMD2d1
4
0.028924000000000012 0.5445
0.06107600000000001 0.5445
0.06047200000000001 0.5545
0.029528000000000013 0.5545
2.65

IMD2d1
4
0.9739239999999999 0.5445
1.2760760000000002 0.5445
1.2754720000000002 0.5545
0.974528 0.5545
2.65

IMD2d1
4
2.188924 0.5445
2.6825 0.5445
2.6825 0.5545
2.189528 0.5545
2.65

IMD2d1
4
-0.8825000000000001 0.5265
2.6825 0.5265
2.6825 0.5445
-0.8825000000000001 0.5445
2.65

IMD5d2
4
-0.8825000000000001 1.1155
-0.384519 1.1155
-0.390499 1.2145
-0.8825000000000001 1.2145
2.65

IMD5d2
4
-0.335481 1.1155
-0.024519000000000013 1.1155
-0.030499000000000012 1.2145
-0.329501 1.2145
2.65

IMD5d2
4
0.024519000000000013 1.1155
0.06548100000000001 1.1155
0.05950100000000001 1.2145
0.030499000000000012 1.2145
2.65

IMD5d2
4
0.11451899999999998 1.1155
0.42548100000000005 1.1155
0.41950100000000007 1.2145
0.12049899999999998 1.2145
2.65

IMD5d2
4
0.4745190000000001 1.1155
2.6825 1.1155
2.6825 1.2145
0.48049900000000006 1.2145
2.65

IMD5d1
4
-0.8825000000000001 1.1055
-0.388924 1.1055
-0.389528 1.1155
-0.8825000000000001 1.1155
2.65

IMD5d1
4
-0.331076 1.1055
-0.028924000000000012 1.1055
-0.029528000000000013 1.1155
-0.330472 1.1155
2.65

IMD5d1
4
0.028924000000000012 1.1055
0.06107600000000001 1.1055
0.06047200000000001 1.1155
0.029528000000000013 1.1155
2.65

IMD5d1
4
0.11892399999999999 1.1055
0.42107600000000006 1.1055
0.42047200000000007 1.1155
0.11952799999999998 1.1155
2.65

IMD5d1
4
0.47892400000000007 1.1055
2.6825 1.1055
2.6825 1.1155
0.47952800000000007 1.1155
2.65

IMD5d1
4
-0.8825000000000001 1.0875
2.6825 1.0875
2.6825 1.1055
-0.8825000000000001 1.1055
2.65

FOXA+FOXB+TOX
4
-0.8825000000000001 0.001
2.6825 0.001
2.6825 0.2665
-0.8825000000000001 0.2665
4.0

ILD1a
4
-0.8825000000000001 0.2665
2.6825 0.2665
2.6825 0.2765
-0.8825000000000001 0.2765
7.0

ILD1b1+ILD1b2+ILD1b3
4
-0.8825000000000001 0.2765
2.6825 0.2765
2.6825 0.3955
-0.8825000000000001 0.3955
4.0

IMD1a
4
-0.8825000000000001 0.3955
2.6825 0.3955
2.6825 0.4065
-0.8825000000000001 0.4065
5.2

IMD1b
4
-0.8825000000000001 0.4065
2.6825 0.4065
2.6825 0.4665
-0.8825000000000001 0.4665
2.8

IMD2a
4
-0.8825000000000001 0.4665
2.6825 0.4665
2.6825 0.4875
-0.8825000000000001 0.4875
5.2

IMD2b
4
-0.8825000000000001 0.4875
2.6825 0.4875
2.6825 0.5025
-0.8825000000000001 0.5025
4.2

IMD2c
4
-0.8825000000000001 0.5025
2.6825 0.5025
2.6825 0.5265
-0.8825000000000001 0.5265
3.28

IMD3a
4
-0.8825000000000001 0.6535
2.6825 0.6535
2.6825 0.6745
-0.8825000000000001 0.6745
5.2

IMD3b
4
-0.8825000000000001 0.6745
2.6825 0.6745
2.6825 0.6895
-0.8825000000000001 0.6895
4.2

IMD3c
4
-0.8825000000000001 0.6895
2.6825 0.6895
2.6825 0.7135
-0.8825000000000001 0.7135
3.28

IMD3d1+IMD3d2
4
-0.8825000000000001 0.7135
2.6825 0.7135
2.6825 0.8405
-0.8825000000000001 0.8405
2.65

IMD4a
4
-0.8825000000000001 0.8405
2.6825 0.8405
2.6825 0.8615
-0.8825000000000001 0.8615
5.2

IMD4b
4
-0.8825000000000001 0.8615
2.6825 0.8615
2.6825 0.8765
-0.8825000000000001 0.8765
4.2

IMD4c
4
-0.8825000000000001 0.8765
2.6825 0.8765
2.6825 0.9005
-0.8825000000000001 0.9005
3.28

IMD4d1+IMD4d2
4
-0.8825000000000001 0.9005
2.6825 0.9005
2.6825 1.0275
-0.8825000000000001 1.0275
2.65

IMD5a
4
-0.8825000000000001 1.0275
2.6825 1.0275
2.6825 1.0485
-0.8825000000000001 1.0485
5.2

IMD5b
4
-0.8825000000000001 1.0485
2.6825 1.0485
2.6825 1.0635
-0.8825000000000001 1.0635
4.2

IMD5c
4
-0.8825000000000001 1.0635
2.6825 1.0635
2.6825 1.0875
-0.8825000000000001 1.0875
3.28

IMD6a
4
-0.8825000000000001 1.2145
2.6825 1.2145
2.6825 1.2355
-0.8825000000000001 1.2355
5.2

IMD6b
4
-0.8825000000000001 1.2355
2.6825 1.2355
2.6825 1.2505
-0.8825000000000001 1.2505
4.2

IMD6c
4
-0.8825000000000001 1.2505
2.6825 1.2505
2.6825 1.2745
-0.8825000000000001 1.2745
3.28

IMD6d1+IMD6d2
4
-0.8825000000000001 1.2745
2.6825 1.2745
2.6825 1.4015
-0.8825000000000001 1.4015
2.65

IMD7a
4
-0.8825000000000001 1.4015
2.6825 1.4015
2.6825 1.4765
-0.8825000000000001 1.4765
5.2

IMD7b1+IMD7b2
4
-0.8825000000000001 1.4765
2.6825 1.4765
2.6825 2.9765
-0.8825000000000001 2.9765
4.2

IMD8a
4
-0.8825000000000001 2.9765
2.6825 2.9765
2.6825 3.0515
-0.8825000000000001 3.0515
5.2

IMD8b1+IMD8b2
4
-0.8825000000000001 3.0515
2.6825 3.0515
2.6825 4.5515
-0.8825000000000001 4.5515
4.2

PASS1
4
-0.8825000000000001 4.5515
2.6825 4.5515
2.6825 4.6265
-0.8825000000000001 4.6265
7.0

PASS2
4
-0.8825000000000001 4.6265
2.6825 4.6265
2.6825 5.0265
-0.8825000000000001 5.0265
4.2

PASS3
4
-0.8825000000000001 5.0265
2.6825 5.0265
2.6825 5.1015
-0.8825000000000001 5.1015
7.0

PASS4+PASS5
4
-0.8825000000000001 5.1015
2.6825 5.1015
2.6825 6.0515
-0.8825000000000001 6.0515
4.2

PASS6
4
-0.8825000000000001 6.0515
2.6825 6.0515
2.6825 6.6515
-0.8825000000000001 6.6515
7.0

air_Layer
4
-0.8825000000000001 6.6515
2.6825 6.6515
2.6825 6.9485
-0.8825000000000001 6.9485
1.0


4
-0.8825000000000001 0.001
2.6825 0.001
2.6825 6.9485
-0.8825000000000001 6.9485

