c2
4
-0.01951 1.1155
0.01951 1.1155
0.02549 1.2145
-0.02549 1.2145

4
botleft
4
-5.2025 -0.001
0 -0.001
0 0.001
-5.2025 0.001

botright
4
0 -0.001
9.657499999999999 -0.001
9.657499999999999 0.001
0 0.001

c1left
4
-0.06292 0.37050000000000005
0 0.37050000000000005
0 0.4665
-0.07208 0.4665

c1
4
0 0.37050000000000005
0.06292 0.37050000000000005
0.07208 0.4665
0 0.4665


46
IMD5d1_damage
4
-0.028924 1.1055
0.028924 1.1055
0.029528 1.1155
-0.029528 1.1155
3.1

IMD5d2_damage
4
-0.024519 1.1155
-0.01951 1.1155
-0.02549 1.2145
-0.030499 1.2145
2.9

IMD5d2_damage
4
0.01951 1.1155
0.024519 1.1155
0.030499 1.2145
0.02549 1.2145
2.9

IMD1b
4
-5.2025 0.40650000000000003
-0.06635500000000001 0.40650000000000003
-0.07208 0.4665
-5.2025 0.4665
2.8

IMD1b
4
0.06635500000000001 0.40650000000000003
9.657499999999999 0.40650000000000003
9.657499999999999 0.4665
0.07208 0.4665
2.8

IMD1a
4
-5.2025 0.3955
-0.06530541666666667 0.3955
-0.06635500000000001 0.40650000000000003
-5.2025 0.40650000000000003
5.2

IMD1a
4
0.06530541666666667 0.3955
9.657499999999999 0.3955
9.657499999999999 0.40650000000000003
0.06635500000000001 0.40650000000000003
5.2

ILD1b3
4
-5.2025 0.37050000000000005
-0.06292 0.37050000000000005
-0.06530541666666667 0.3955
-5.2025 0.3955
4

ILD1b3
4
0.06292 0.37050000000000005
9.657499999999999 0.37050000000000005
9.657499999999999 0.3955
0.06530541666666667 0.3955
4

ILD1b1+ILD1b2
4
-5.2025 0.2765
9.657499999999999 0.2765
9.657499999999999 0.37050000000000005
-5.2025 0.37050000000000005
4

IMD5d2
4
-5.2025 1.1155
-0.024519 1.1155
-0.030499 1.2145
-5.2025 1.2145
2.65

IMD5d2
4
0.024519 1.1155
9.657499999999999 1.1155
9.657499999999999 1.2145
0.030499 1.2145
2.65

IMD5d1
4
-5.2025 1.1055
-0.028924 1.1055
-0.029528 1.1155
-5.2025 1.1155
2.65

IMD5d1
4
0.028924 1.1055
9.657499999999999 1.1055
9.657499999999999 1.1155
0.029528 1.1155
2.65

IMD5d1
4
-5.2025 1.0875
9.657499999999999 1.0875
9.657499999999999 1.1055
-5.2025 1.1055
2.65

FOXA+FOXB+TOX
4
-5.2025 0.001
9.657499999999999 0.001
9.657499999999999 0.2665
-5.2025 0.2665
4.0

ILD1a
4
-5.2025 0.2665
9.657499999999999 0.2665
9.657499999999999 0.2765
-5.2025 0.2765
7.0

IMD2a
4
-5.2025 0.4665
9.657499999999999 0.4665
9.657499999999999 0.4875
-5.2025 0.4875
5.2

IMD2b
4
-5.2025 0.4875
9.657499999999999 0.4875
9.657499999999999 0.5025
-5.2025 0.5025
4.2

IMD2c
4
-5.2025 0.5025
9.657499999999999 0.5025
9.657499999999999 0.5265
-5.2025 0.5265
3.28

IMD2d1+IMD2d2
4
-5.2025 0.5265
9.657499999999999 0.5265
9.657499999999999 0.6535
-5.2025 0.6535
2.65

IMD3a
4
-5.2025 0.6535
9.657499999999999 0.6535
9.657499999999999 0.6745
-5.2025 0.6745
5.2

IMD3b
4
-5.2025 0.6745
9.657499999999999 0.6745
9.657499999999999 0.6895
-5.2025 0.6895
4.2

IMD3c
4
-5.2025 0.6895
9.657499999999999 0.6895
9.657499999999999 0.7135
-5.2025 0.7135
3.28

IMD3d1+IMD3d2
4
-5.2025 0.7135
9.657499999999999 0.7135
9.657499999999999 0.8405
-5.2025 0.8405
2.65

IMD4a
4
-5.2025 0.8405
9.657499999999999 0.8405
9.657499999999999 0.8615
-5.2025 0.8615
5.2

IMD4b
4
-5.2025 0.8615
9.657499999999999 0.8615
9.657499999999999 0.8765
-5.2025 0.8765
4.2

IMD4c
4
-5.2025 0.8765
9.657499999999999 0.8765
9.657499999999999 0.9005
-5.2025 0.9005
3.28

IMD4d1+IMD4d2
4
-5.2025 0.9005
9.657499999999999 0.9005
9.657499999999999 1.0275
-5.2025 1.0275
2.65

IMD5a
4
-5.2025 1.0275
9.657499999999999 1.0275
9.657499999999999 1.0485
-5.2025 1.0485
5.2

IMD5b
4
-5.2025 1.0485
9.657499999999999 1.0485
9.657499999999999 1.0635
-5.2025 1.0635
4.2

IMD5c
4
-5.2025 1.0635
9.657499999999999 1.0635
9.657499999999999 1.0875
-5.2025 1.0875
3.28

IMD6a
4
-5.2025 1.2145
9.657499999999999 1.2145
9.657499999999999 1.2355
-5.2025 1.2355
5.2

IMD6b
4
-5.2025 1.2355
9.657499999999999 1.2355
9.657499999999999 1.2505
-5.2025 1.2505
4.2

IMD6c
4
-5.2025 1.2505
9.657499999999999 1.2505
9.657499999999999 1.2745
-5.2025 1.2745
3.28

IMD6d1+IMD6d2
4
-5.2025 1.2745
9.657499999999999 1.2745
9.657499999999999 1.4015
-5.2025 1.4015
2.65

IMD7a
4
-5.2025 1.4015
9.657499999999999 1.4015
9.657499999999999 1.4765
-5.2025 1.4765
5.2

IMD7b1+IMD7b2
4
-5.2025 1.4765
9.657499999999999 1.4765
9.657499999999999 2.9765
-5.2025 2.9765
4.2

IMD8a
4
-5.2025 2.9765
9.657499999999999 2.9765
9.657499999999999 3.0515
-5.2025 3.0515
5.2

IMD8b1+IMD8b2
4
-5.2025 3.0515
9.657499999999999 3.0515
9.657499999999999 4.5515
-5.2025 4.5515
4.2

PASS1
4
-5.2025 4.5515
9.657499999999999 4.5515
9.657499999999999 4.6265
-5.2025 4.6265
7.0

PASS2
4
-5.2025 4.6265
9.657499999999999 4.6265
9.657499999999999 5.0265
-5.2025 5.0265
4.2

PASS3
4
-5.2025 5.0265
9.657499999999999 5.0265
9.657499999999999 5.1015
-5.2025 5.1015
7.0

PASS4+PASS5
4
-5.2025 5.1015
9.657499999999999 5.1015
9.657499999999999 6.0515
-5.2025 6.0515
4.2

PASS6
4
-5.2025 6.0515
9.657499999999999 6.0515
9.657499999999999 6.6515
-5.2025 6.6515
7.0

air_Layer
4
-5.2025 6.6515
9.657499999999999 6.6515
9.657499999999999 6.9485
-5.2025 6.9485
1.0


4
-5.2025 0.001
9.657499999999999 0.001
9.657499999999999 6.9485
-5.2025 6.9485

