c1
4
-0.01792 0.37050000000000005
0.01792 0.37050000000000005
0.02708 0.4665
-0.02708 0.4665

6
botleft
4
-5.0675 -0.001
0 -0.001
0 0.001
-5.0675 0.001

botright
4
0 -0.001
7.2725 -0.001
7.2725 0.001
0 0.001

c3
4
0.47707999999999995 0.37050000000000005
1.3679199999999998 0.37050000000000005
1.3770799999999999 0.4665
0.46791999999999995 0.4665

c2left
4
-0.01951 0.9285000000000001
0 0.9285000000000001
0 1.0275
-0.02549 1.0275

c2
4
0 0.9285000000000001
0.01951 0.9285000000000001
0.02549 1.0275
0 1.0275

c4
4
0.47548999999999997 0.9285000000000001
0.51451 0.9285000000000001
0.52049 1.0275
0.46951 1.0275


54
IMD4d1_damage
4
-0.028924 0.9185000000000001
0.028924 0.9185000000000001
0.029528 0.9285000000000001
-0.029528 0.9285000000000001
3.1

IMD4d1_damage
4
0.466076 0.9185000000000001
0.523924 0.9185000000000001
0.524528 0.9285000000000001
0.465472 0.9285000000000001
3.1

IMD4d2_damage
4
-0.024519 0.9285000000000001
-0.01951 0.9285000000000001
-0.02549 1.0275
-0.030499 1.0275
2.9

IMD4d2_damage
4
0.01951 0.9285000000000001
0.024519 0.9285000000000001
0.030499 1.0275
0.02549 1.0275
2.9

IMD4d2_damage
4
0.470481 0.9285000000000001
0.47548999999999997 0.9285000000000001
0.46951 1.0275
0.464501 1.0275
2.9

IMD4d2_damage
4
0.51451 0.9285000000000001
0.5195190000000001 0.9285000000000001
0.525499 1.0275
0.52049 1.0275
2.9

IMD1b
4
-5.0675 0.40650000000000003
-0.021355 0.40650000000000003
-0.02708 0.4665
-5.0675 0.4665
2.8

IMD1b
4
0.021355 0.40650000000000003
0.4736449999999999 0.40650000000000003
0.46791999999999995 0.4665
0.02708 0.4665
2.8

IMD1b
4
1.3713549999999999 0.40650000000000003
7.2725 0.40650000000000003
7.2725 0.4665
1.3770799999999999 0.4665
2.8

IMD1a
4
-5.0675 0.3955
-0.020305416666666666 0.3955
-0.021355 0.40650000000000003
-5.0675 0.40650000000000003
5.2

IMD1a
4
0.020305416666666666 0.3955
0.47469458333333325 0.3955
0.4736449999999999 0.40650000000000003
0.021355 0.40650000000000003
5.2

IMD1a
4
1.3703054166666666 0.3955
7.2725 0.3955
7.2725 0.40650000000000003
1.3713549999999999 0.40650000000000003
5.2

ILD1b3
4
-5.0675 0.37050000000000005
-0.01792 0.37050000000000005
-0.020305416666666666 0.3955
-5.0675 0.3955
4

ILD1b3
4
0.01792 0.37050000000000005
0.47707999999999995 0.37050000000000005
0.47469458333333325 0.3955
0.020305416666666666 0.3955
4

ILD1b3
4
1.3679199999999998 0.37050000000000005
7.2725 0.37050000000000005
7.2725 0.3955
1.3703054166666666 0.3955
4

ILD1b1+ILD1b2
4
-5.0675 0.2765
7.2725 0.2765
7.2725 0.37050000000000005
-5.0675 0.37050000000000005
4

IMD4d2
4
-5.0675 0.9285000000000001
-0.024519 0.9285000000000001
-0.030499 1.0275
-5.0675 1.0275
2.65

IMD4d2
4
0.024519 0.9285000000000001
0.470481 0.9285000000000001
0.464501 1.0275
0.030499 1.0275
2.65

IMD4d2
4
0.5195190000000001 0.9285000000000001
7.2725 0.9285000000000001
7.2725 1.0275
0.525499 1.0275
2.65

IMD4d1
4
-5.0675 0.9185000000000001
-0.028924 0.9185000000000001
-0.029528 0.9285000000000001
-5.0675 0.9285000000000001
2.65

IMD4d1
4
0.028924 0.9185000000000001
0.466076 0.9185000000000001
0.465472 0.9285000000000001
0.029528 0.9285000000000001
2.65

IMD4d1
4
0.523924 0.9185000000000001
7.2725 0.9185000000000001
7.2725 0.9285000000000001
0.524528 0.9285000000000001
2.65

IMD4d1
4
-5.0675 0.9005
7.2725 0.9005
7.2725 0.9185000000000001
-5.0675 0.9185000000000001
2.65

FOXA+FOXB+TOX
4
-5.0675 0.001
7.2725 0.001
7.2725 0.2665
-5.0675 0.2665
4.0

ILD1a
4
-5.0675 0.2665
7.2725 0.2665
7.2725 0.2765
-5.0675 0.2765
7.0

IMD2a
4
-5.0675 0.4665
7.2725 0.4665
7.2725 0.4875
-5.0675 0.4875
5.2

IMD2b
4
-5.0675 0.4875
7.2725 0.4875
7.2725 0.5025
-5.0675 0.5025
4.2

IMD2c
4
-5.0675 0.5025
7.2725 0.5025
7.2725 0.5265
-5.0675 0.5265
3.28

IMD2d1+IMD2d2
4
-5.0675 0.5265
7.2725 0.5265
7.2725 0.6535
-5.0675 0.6535
2.65

IMD3a
4
-5.0675 0.6535
7.2725 0.6535
7.2725 0.6745
-5.0675 0.6745
5.2

IMD3b
4
-5.0675 0.6745
7.2725 0.6745
7.2725 0.6895
-5.0675 0.6895
4.2

IMD3c
4
-5.0675 0.6895
7.2725 0.6895
7.2725 0.7135
-5.0675 0.7135
3.28

IMD3d1+IMD3d2
4
-5.0675 0.7135
7.2725 0.7135
7.2725 0.8405
-5.0675 0.8405
2.65

IMD4a
4
-5.0675 0.8405
7.2725 0.8405
7.2725 0.8615
-5.0675 0.8615
5.2

IMD4b
4
-5.0675 0.8615
7.2725 0.8615
7.2725 0.8765
-5.0675 0.8765
4.2

IMD4c
4
-5.0675 0.8765
7.2725 0.8765
7.2725 0.9005
-5.0675 0.9005
3.28

IMD5a
4
-5.0675 1.0275
7.2725 1.0275
7.2725 1.0485
-5.0675 1.0485
5.2

IMD5b
4
-5.0675 1.0485
7.2725 1.0485
7.2725 1.0635
-5.0675 1.0635
4.2

IMD5c
4
-5.0675 1.0635
7.2725 1.0635
7.2725 1.0875
-5.0675 1.0875
3.28

IMD5d1+IMD5d2
4
-5.0675 1.0875
7.2725 1.0875
7.2725 1.2145
-5.0675 1.2145
2.65

IMD6a
4
-5.0675 1.2145
7.2725 1.2145
7.2725 1.2355
-5.0675 1.2355
5.2

IMD6b
4
-5.0675 1.2355
7.2725 1.2355
7.2725 1.2505
-5.0675 1.2505
4.2

IMD6c
4
-5.0675 1.2505
7.2725 1.2505
7.2725 1.2745
-5.0675 1.2745
3.28

IMD6d1+IMD6d2
4
-5.0675 1.2745
7.2725 1.2745
7.2725 1.4015
-5.0675 1.4015
2.65

IMD7a
4
-5.0675 1.4015
7.2725 1.4015
7.2725 1.4765
-5.0675 1.4765
5.2

IMD7b1+IMD7b2
4
-5.0675 1.4765
7.2725 1.4765
7.2725 2.9765
-5.0675 2.9765
4.2

IMD8a
4
-5.0675 2.9765
7.2725 2.9765
7.2725 3.0515
-5.0675 3.0515
5.2

IMD8b1+IMD8b2
4
-5.0675 3.0515
7.2725 3.0515
7.2725 4.5515
-5.0675 4.5515
4.2

PASS1
4
-5.0675 4.5515
7.2725 4.5515
7.2725 4.6265
-5.0675 4.6265
7.0

PASS2
4
-5.0675 4.6265
7.2725 4.6265
7.2725 5.0265
-5.0675 5.0265
4.2

PASS3
4
-5.0675 5.0265
7.2725 5.0265
7.2725 5.1015
-5.0675 5.1015
7.0

PASS4+PASS5
4
-5.0675 5.1015
7.2725 5.1015
7.2725 6.0515
-5.0675 6.0515
4.2

PASS6
4
-5.0675 6.0515
7.2725 6.0515
7.2725 6.6515
-5.0675 6.6515
7.0

air_Layer
4
-5.0675 6.6515
7.2725 6.6515
7.2725 6.9485
-5.0675 6.9485
1.0


4
-5.0675 0.001
7.2725 0.001
7.2725 6.9485
-5.0675 6.9485

