c1
4
-0.01791999999999999 0.37050000000000005
0.01791999999999999 0.37050000000000005
0.027079999999999993 0.4665
-0.027079999999999993 0.4665

10
botleft
4
-0.8825000000000001 -0.001
0 -0.001
0 0.001
-0.8825000000000001 0.001

botright
4
0 -0.001
1.3775 -0.001
1.3775 0.001
0 0.001

lbEnv
4
-0.37792 0.37050000000000005
-0.34208 0.37050000000000005
-0.33292 0.4665
-0.38708 0.4665

c3
4
0.29708000000000007 0.37050000000000005
0.42292000000000013 0.37050000000000005
0.43208000000000013 0.4665
0.28792000000000006 0.4665

rbEnv
4
0.74708 0.37050000000000005
0.8729200000000001 0.37050000000000005
0.8820800000000001 0.4665
0.73792 0.4665

ltEnv
4
-0.37951 0.9285000000000001
-0.34048999999999996 0.9285000000000001
-0.33451 1.0275
-0.38549 1.0275

c2left
4
-0.019510000000000013 0.9285000000000001
0 0.9285000000000001
0 1.0275
-0.025490000000000013 1.0275

c2
4
0 0.9285000000000001
0.019510000000000013 0.9285000000000001
0.025490000000000013 1.0275
0 1.0275

c4
4
0.29549000000000003 0.9285000000000001
0.3345100000000001 0.9285000000000001
0.34049000000000007 1.0275
0.28951000000000005 1.0275

rtEnv
4
0.6554900000000001 0.9285000000000001
0.6945100000000002 0.9285000000000001
0.7004900000000002 1.0275
0.6495100000000001 1.0275


70
IMD4d1_damage
4
-0.388924 0.9185000000000001
-0.331076 0.9185000000000001
-0.330472 0.9285000000000001
-0.389528 0.9285000000000001
3.1

IMD4d1_damage
4
-0.028924000000000012 0.9185000000000001
0.028924000000000012 0.9185000000000001
0.029528000000000013 0.9285000000000001
-0.029528000000000013 0.9285000000000001
3.1

IMD4d1_damage
4
0.28607600000000005 0.9185000000000001
0.34392400000000006 0.9185000000000001
0.34452800000000006 0.9285000000000001
0.28547200000000006 0.9285000000000001
3.1

IMD4d1_damage
4
0.6460760000000002 0.9185000000000001
0.7039240000000001 0.9185000000000001
0.7045280000000002 0.9285000000000001
0.6454720000000002 0.9285000000000001
3.1

IMD4d2_damage
4
-0.384519 0.9285000000000001
-0.37951 0.9285000000000001
-0.38549 1.0275
-0.390499 1.0275
2.9

IMD4d2_damage
4
-0.34048999999999996 0.9285000000000001
-0.335481 0.9285000000000001
-0.329501 1.0275
-0.33451 1.0275
2.9

IMD4d2_damage
4
-0.024519000000000013 0.9285000000000001
-0.019510000000000013 0.9285000000000001
-0.025490000000000013 1.0275
-0.030499000000000012 1.0275
2.9

IMD4d2_damage
4
0.019510000000000013 0.9285000000000001
0.024519000000000013 0.9285000000000001
0.030499000000000012 1.0275
0.025490000000000013 1.0275
2.9

IMD4d2_damage
4
0.29048100000000004 0.9285000000000001
0.29549000000000003 0.9285000000000001
0.28951000000000005 1.0275
0.28450100000000006 1.0275
2.9

IMD4d2_damage
4
0.3345100000000001 0.9285000000000001
0.33951900000000007 0.9285000000000001
0.34549900000000006 1.0275
0.34049000000000007 1.0275
2.9

IMD4d2_damage
4
0.6504810000000001 0.9285000000000001
0.6554900000000001 0.9285000000000001
0.6495100000000001 1.0275
0.6445010000000001 1.0275
2.9

IMD4d2_damage
4
0.6945100000000002 0.9285000000000001
0.6995190000000002 0.9285000000000001
0.7054990000000002 1.0275
0.7004900000000002 1.0275
2.9

IMD1b
4
-0.8825000000000001 0.40650000000000003
-0.381355 0.40650000000000003
-0.38708 0.4665
-0.8825000000000001 0.4665
2.8

IMD1b
4
-0.338645 0.40650000000000003
-0.021354999999999992 0.40650000000000003
-0.027079999999999993 0.4665
-0.33292 0.4665
2.8

IMD1b
4
0.021354999999999992 0.40650000000000003
0.29364500000000004 0.40650000000000003
0.28792000000000006 0.4665
0.027079999999999993 0.4665
2.8

IMD1b
4
0.42635500000000015 0.40650000000000003
0.743645 0.40650000000000003
0.73792 0.4665
0.43208000000000013 0.4665
2.8

IMD1b
4
0.8763550000000001 0.40650000000000003
1.3775 0.40650000000000003
1.3775 0.4665
0.8820800000000001 0.4665
2.8

IMD1a
4
-0.8825000000000001 0.3955
-0.3803054166666667 0.3955
-0.381355 0.40650000000000003
-0.8825000000000001 0.40650000000000003
5.2

IMD1a
4
-0.3396945833333333 0.3955
-0.02030541666666666 0.3955
-0.021354999999999992 0.40650000000000003
-0.338645 0.40650000000000003
5.2

IMD1a
4
0.02030541666666666 0.3955
0.29469458333333337 0.3955
0.29364500000000004 0.40650000000000003
0.021354999999999992 0.40650000000000003
5.2

IMD1a
4
0.4253054166666668 0.3955
0.7446945833333334 0.3955
0.743645 0.40650000000000003
0.42635500000000015 0.40650000000000003
5.2

IMD1a
4
0.8753054166666667 0.3955
1.3775 0.3955
1.3775 0.40650000000000003
0.8763550000000001 0.40650000000000003
5.2

ILD1b3
4
-0.8825000000000001 0.37050000000000005
-0.37792 0.37050000000000005
-0.3803054166666667 0.3955
-0.8825000000000001 0.3955
4

ILD1b3
4
-0.34208 0.37050000000000005
-0.01791999999999999 0.37050000000000005
-0.02030541666666666 0.3955
-0.3396945833333333 0.3955
4

ILD1b3
4
0.01791999999999999 0.37050000000000005
0.29708000000000007 0.37050000000000005
0.29469458333333337 0.3955
0.02030541666666666 0.3955
4

ILD1b3
4
0.42292000000000013 0.37050000000000005
0.74708 0.37050000000000005
0.7446945833333334 0.3955
0.4253054166666668 0.3955
4

ILD1b3
4
0.8729200000000001 0.37050000000000005
1.3775 0.37050000000000005
1.3775 0.3955
0.8753054166666667 0.3955
4

ILD1b1+ILD1b2
4
-0.8825000000000001 0.2765
1.3775 0.2765
1.3775 0.37050000000000005
-0.8825000000000001 0.37050000000000005
4

IMD4d2
4
-0.8825000000000001 0.9285000000000001
-0.384519 0.9285000000000001
-0.390499 1.0275
-0.8825000000000001 1.0275
2.65

IMD4d2
4
-0.335481 0.9285000000000001
-0.024519000000000013 0.9285000000000001
-0.030499000000000012 1.0275
-0.329501 1.0275
2.65

IMD4d2
4
0.024519000000000013 0.9285000000000001
0.29048100000000004 0.9285000000000001
0.28450100000000006 1.0275
0.030499000000000012 1.0275
2.65

IMD4d2
4
0.33951900000000007 0.9285000000000001
0.6504810000000001 0.9285000000000001
0.6445010000000001 1.0275
0.34549900000000006 1.0275
2.65

IMD4d2
4
0.6995190000000002 0.9285000000000001
1.3775 0.9285000000000001
1.3775 1.0275
0.7054990000000002 1.0275
2.65

IMD4d1
4
-0.8825000000000001 0.9185000000000001
-0.388924 0.9185000000000001
-0.389528 0.9285000000000001
-0.8825000000000001 0.9285000000000001
2.65

IMD4d1
4
-0.331076 0.9185000000000001
-0.028924000000000012 0.9185000000000001
-0.029528000000000013 0.9285000000000001
-0.330472 0.9285000000000001
2.65

IMD4d1
4
0.028924000000000012 0.9185000000000001
0.28607600000000005 0.9185000000000001
0.28547200000000006 0.9285000000000001
0.029528000000000013 0.9285000000000001
2.65

IMD4d1
4
0.34392400000000006 0.9185000000000001
0.6460760000000002 0.9185000000000001
0.6454720000000002 0.9285000000000001
0.34452800000000006 0.9285000000000001
2.65

IMD4d1
4
0.7039240000000001 0.9185000000000001
1.3775 0.9185000000000001
1.3775 0.9285000000000001
0.7045280000000002 0.9285000000000001
2.65

IMD4d1
4
-0.8825000000000001 0.9005
1.3775 0.9005
1.3775 0.9185000000000001
-0.8825000000000001 0.9185000000000001
2.65

FOXA+FOXB+TOX
4
-0.8825000000000001 0.001
1.3775 0.001
1.3775 0.2665
-0.8825000000000001 0.2665
4.0

ILD1a
4
-0.8825000000000001 0.2665
1.3775 0.2665
1.3775 0.2765
-0.8825000000000001 0.2765
7.0

IMD2a
4
-0.8825000000000001 0.4665
1.3775 0.4665
1.3775 0.4875
-0.8825000000000001 0.4875
5.2

IMD2b
4
-0.8825000000000001 0.4875
1.3775 0.4875
1.3775 0.5025
-0.8825000000000001 0.5025
4.2

IMD2c
4
-0.8825000000000001 0.5025
1.3775 0.5025
1.3775 0.5265
-0.8825000000000001 0.5265
3.28

IMD2d1+IMD2d2
4
-0.8825000000000001 0.5265
1.3775 0.5265
1.3775 0.6535
-0.8825000000000001 0.6535
2.65

IMD3a
4
-0.8825000000000001 0.6535
1.3775 0.6535
1.3775 0.6745
-0.8825000000000001 0.6745
5.2

IMD3b
4
-0.8825000000000001 0.6745
1.3775 0.6745
1.3775 0.6895
-0.8825000000000001 0.6895
4.2

IMD3c
4
-0.8825000000000001 0.6895
1.3775 0.6895
1.3775 0.7135
-0.8825000000000001 0.7135
3.28

IMD3d1+IMD3d2
4
-0.8825000000000001 0.7135
1.3775 0.7135
1.3775 0.8405
-0.8825000000000001 0.8405
2.65

IMD4a
4
-0.8825000000000001 0.8405
1.3775 0.8405
1.3775 0.8615
-0.8825000000000001 0.8615
5.2

IMD4b
4
-0.8825000000000001 0.8615
1.3775 0.8615
1.3775 0.8765
-0.8825000000000001 0.8765
4.2

IMD4c
4
-0.8825000000000001 0.8765
1.3775 0.8765
1.3775 0.9005
-0.8825000000000001 0.9005
3.28

IMD5a
4
-0.8825000000000001 1.0275
1.3775 1.0275
1.3775 1.0485
-0.8825000000000001 1.0485
5.2

IMD5b
4
-0.8825000000000001 1.0485
1.3775 1.0485
1.3775 1.0635
-0.8825000000000001 1.0635
4.2

IMD5c
4
-0.8825000000000001 1.0635
1.3775 1.0635
1.3775 1.0875
-0.8825000000000001 1.0875
3.28

IMD5d1+IMD5d2
4
-0.8825000000000001 1.0875
1.3775 1.0875
1.3775 1.2145
-0.8825000000000001 1.2145
2.65

IMD6a
4
-0.8825000000000001 1.2145
1.3775 1.2145
1.3775 1.2355
-0.8825000000000001 1.2355
5.2

IMD6b
4
-0.8825000000000001 1.2355
1.3775 1.2355
1.3775 1.2505
-0.8825000000000001 1.2505
4.2

IMD6c
4
-0.8825000000000001 1.2505
1.3775 1.2505
1.3775 1.2745
-0.8825000000000001 1.2745
3.28

IMD6d1+IMD6d2
4
-0.8825000000000001 1.2745
1.3775 1.2745
1.3775 1.4015
-0.8825000000000001 1.4015
2.65

IMD7a
4
-0.8825000000000001 1.4015
1.3775 1.4015
1.3775 1.4765
-0.8825000000000001 1.4765
5.2

IMD7b1+IMD7b2
4
-0.8825000000000001 1.4765
1.3775 1.4765
1.3775 2.9765
-0.8825000000000001 2.9765
4.2

IMD8a
4
-0.8825000000000001 2.9765
1.3775 2.9765
1.3775 3.0515
-0.8825000000000001 3.0515
5.2

IMD8b1+IMD8b2
4
-0.8825000000000001 3.0515
1.3775 3.0515
1.3775 4.5515
-0.8825000000000001 4.5515
4.2

PASS1
4
-0.8825000000000001 4.5515
1.3775 4.5515
1.3775 4.6265
-0.8825000000000001 4.6265
7.0

PASS2
4
-0.8825000000000001 4.6265
1.3775 4.6265
1.3775 5.0265
-0.8825000000000001 5.0265
4.2

PASS3
4
-0.8825000000000001 5.0265
1.3775 5.0265
1.3775 5.1015
-0.8825000000000001 5.1015
7.0

PASS4+PASS5
4
-0.8825000000000001 5.1015
1.3775 5.1015
1.3775 6.0515
-0.8825000000000001 6.0515
4.2

PASS6
4
-0.8825000000000001 6.0515
1.3775 6.0515
1.3775 6.6515
-0.8825000000000001 6.6515
7.0

air_Layer
4
-0.8825000000000001 6.6515
1.3775 6.6515
1.3775 6.9485
-0.8825000000000001 6.9485
1.0


4
-0.8825000000000001 0.001
1.3775 0.001
1.3775 6.9485
-0.8825000000000001 6.9485

