c2
4
-0.01951 0.9285000000000001
0.01951 0.9285000000000001
0.02549 1.0275
-0.02549 1.0275

6
botleft
4
-5.2025 -0.001
0 -0.001
0 0.001
-5.2025 0.001

botright
4
0 -0.001
5.2475000000000005 -0.001
5.2475000000000005 0.001
0 0.001

c4
4
0.11549000000000001 0.9285000000000001
0.15451 0.9285000000000001
0.16049000000000002 1.0275
0.10951000000000001 1.0275

c1left
4
-0.06292 0.37050000000000005
0 0.37050000000000005
0 0.4665
-0.07208 0.4665

c1
4
0 0.37050000000000005
0.06292 0.37050000000000005
0.07208 0.4665
0 0.4665

c3
4
0.16208 0.37050000000000005
0.19792 0.37050000000000005
0.20708000000000001 0.4665
0.15292 0.4665


54
IMD4d1_damage
4
-0.028924 0.9185000000000001
0.028924 0.9185000000000001
0.029528 0.9285000000000001
-0.029528 0.9285000000000001
3.1

IMD4d1_damage
4
0.106076 0.9185000000000001
0.16392400000000001 0.9185000000000001
0.164528 0.9285000000000001
0.10547200000000001 0.9285000000000001
3.1

IMD4d2_damage
4
-0.024519 0.9285000000000001
-0.01951 0.9285000000000001
-0.02549 1.0275
-0.030499 1.0275
2.9

IMD4d2_damage
4
0.01951 0.9285000000000001
0.024519 0.9285000000000001
0.030499 1.0275
0.02549 1.0275
2.9

IMD4d2_damage
4
0.11048100000000001 0.9285000000000001
0.11549000000000001 0.9285000000000001
0.10951000000000001 1.0275
0.10450100000000001 1.0275
2.9

IMD4d2_damage
4
0.15451 0.9285000000000001
0.15951900000000002 0.9285000000000001
0.16549900000000003 1.0275
0.16049000000000002 1.0275
2.9

IMD1b
4
-5.2025 0.40650000000000003
-0.06635500000000001 0.40650000000000003
-0.07208 0.4665
-5.2025 0.4665
2.8

IMD1b
4
0.06635500000000001 0.40650000000000003
0.158645 0.40650000000000003
0.15292 0.4665
0.07208 0.4665
2.8

IMD1b
4
0.201355 0.40650000000000003
5.2475000000000005 0.40650000000000003
5.2475000000000005 0.4665
0.20708000000000001 0.4665
2.8

IMD1a
4
-5.2025 0.3955
-0.06530541666666667 0.3955
-0.06635500000000001 0.40650000000000003
-5.2025 0.40650000000000003
5.2

IMD1a
4
0.06530541666666667 0.3955
0.15969458333333333 0.3955
0.158645 0.40650000000000003
0.06635500000000001 0.40650000000000003
5.2

IMD1a
4
0.20030541666666668 0.3955
5.2475000000000005 0.3955
5.2475000000000005 0.40650000000000003
0.201355 0.40650000000000003
5.2

ILD1b3
4
-5.2025 0.37050000000000005
-0.06292 0.37050000000000005
-0.06530541666666667 0.3955
-5.2025 0.3955
4

ILD1b3
4
0.06292 0.37050000000000005
0.16208 0.37050000000000005
0.15969458333333333 0.3955
0.06530541666666667 0.3955
4

ILD1b3
4
0.19792 0.37050000000000005
5.2475000000000005 0.37050000000000005
5.2475000000000005 0.3955
0.20030541666666668 0.3955
4

ILD1b1+ILD1b2
4
-5.2025 0.2765
5.2475000000000005 0.2765
5.2475000000000005 0.37050000000000005
-5.2025 0.37050000000000005
4

IMD4d2
4
-5.2025 0.9285000000000001
-0.024519 0.9285000000000001
-0.030499 1.0275
-5.2025 1.0275
2.65

IMD4d2
4
0.024519 0.9285000000000001
0.11048100000000001 0.9285000000000001
0.10450100000000001 1.0275
0.030499 1.0275
2.65

IMD4d2
4
0.15951900000000002 0.9285000000000001
5.2475000000000005 0.9285000000000001
5.2475000000000005 1.0275
0.16549900000000003 1.0275
2.65

IMD4d1
4
-5.2025 0.9185000000000001
-0.028924 0.9185000000000001
-0.029528 0.9285000000000001
-5.2025 0.9285000000000001
2.65

IMD4d1
4
0.028924 0.9185000000000001
0.106076 0.9185000000000001
0.10547200000000001 0.9285000000000001
0.029528 0.9285000000000001
2.65

IMD4d1
4
0.16392400000000001 0.9185000000000001
5.2475000000000005 0.9185000000000001
5.2475000000000005 0.9285000000000001
0.164528 0.9285000000000001
2.65

IMD4d1
4
-5.2025 0.9005
5.2475000000000005 0.9005
5.2475000000000005 0.9185000000000001
-5.2025 0.9185000000000001
2.65

FOXA+FOXB+TOX
4
-5.2025 0.001
5.2475000000000005 0.001
5.2475000000000005 0.2665
-5.2025 0.2665
4.0

ILD1a
4
-5.2025 0.2665
5.2475000000000005 0.2665
5.2475000000000005 0.2765
-5.2025 0.2765
7.0

IMD2a
4
-5.2025 0.4665
5.2475000000000005 0.4665
5.2475000000000005 0.4875
-5.2025 0.4875
5.2

IMD2b
4
-5.2025 0.4875
5.2475000000000005 0.4875
5.2475000000000005 0.5025
-5.2025 0.5025
4.2

IMD2c
4
-5.2025 0.5025
5.2475000000000005 0.5025
5.2475000000000005 0.5265
-5.2025 0.5265
3.28

IMD2d1+IMD2d2
4
-5.2025 0.5265
5.2475000000000005 0.5265
5.2475000000000005 0.6535
-5.2025 0.6535
2.65

IMD3a
4
-5.2025 0.6535
5.2475000000000005 0.6535
5.2475000000000005 0.6745
-5.2025 0.6745
5.2

IMD3b
4
-5.2025 0.6745
5.2475000000000005 0.6745
5.2475000000000005 0.6895
-5.2025 0.6895
4.2

IMD3c
4
-5.2025 0.6895
5.2475000000000005 0.6895
5.2475000000000005 0.7135
-5.2025 0.7135
3.28

IMD3d1+IMD3d2
4
-5.2025 0.7135
5.2475000000000005 0.7135
5.2475000000000005 0.8405
-5.2025 0.8405
2.65

IMD4a
4
-5.2025 0.8405
5.2475000000000005 0.8405
5.2475000000000005 0.8615
-5.2025 0.8615
5.2

IMD4b
4
-5.2025 0.8615
5.2475000000000005 0.8615
5.2475000000000005 0.8765
-5.2025 0.8765
4.2

IMD4c
4
-5.2025 0.8765
5.2475000000000005 0.8765
5.2475000000000005 0.9005
-5.2025 0.9005
3.28

IMD5a
4
-5.2025 1.0275
5.2475000000000005 1.0275
5.2475000000000005 1.0485
-5.2025 1.0485
5.2

IMD5b
4
-5.2025 1.0485
5.2475000000000005 1.0485
5.2475000000000005 1.0635
-5.2025 1.0635
4.2

IMD5c
4
-5.2025 1.0635
5.2475000000000005 1.0635
5.2475000000000005 1.0875
-5.2025 1.0875
3.28

IMD5d1+IMD5d2
4
-5.2025 1.0875
5.2475000000000005 1.0875
5.2475000000000005 1.2145
-5.2025 1.2145
2.65

IMD6a
4
-5.2025 1.2145
5.2475000000000005 1.2145
5.2475000000000005 1.2355
-5.2025 1.2355
5.2

IMD6b
4
-5.2025 1.2355
5.2475000000000005 1.2355
5.2475000000000005 1.2505
-5.2025 1.2505
4.2

IMD6c
4
-5.2025 1.2505
5.2475000000000005 1.2505
5.2475000000000005 1.2745
-5.2025 1.2745
3.28

IMD6d1+IMD6d2
4
-5.2025 1.2745
5.2475000000000005 1.2745
5.2475000000000005 1.4015
-5.2025 1.4015
2.65

IMD7a
4
-5.2025 1.4015
5.2475000000000005 1.4015
5.2475000000000005 1.4765
-5.2025 1.4765
5.2

IMD7b1+IMD7b2
4
-5.2025 1.4765
5.2475000000000005 1.4765
5.2475000000000005 2.9765
-5.2025 2.9765
4.2

IMD8a
4
-5.2025 2.9765
5.2475000000000005 2.9765
5.2475000000000005 3.0515
-5.2025 3.0515
5.2

IMD8b1+IMD8b2
4
-5.2025 3.0515
5.2475000000000005 3.0515
5.2475000000000005 4.5515
-5.2025 4.5515
4.2

PASS1
4
-5.2025 4.5515
5.2475000000000005 4.5515
5.2475000000000005 4.6265
-5.2025 4.6265
7.0

PASS2
4
-5.2025 4.6265
5.2475000000000005 4.6265
5.2475000000000005 5.0265
-5.2025 5.0265
4.2

PASS3
4
-5.2025 5.0265
5.2475000000000005 5.0265
5.2475000000000005 5.1015
-5.2025 5.1015
7.0

PASS4+PASS5
4
-5.2025 5.1015
5.2475000000000005 5.1015
5.2475000000000005 6.0515
-5.2025 6.0515
4.2

PASS6
4
-5.2025 6.0515
5.2475000000000005 6.0515
5.2475000000000005 6.6515
-5.2025 6.6515
7.0

air_Layer
4
-5.2025 6.6515
5.2475000000000005 6.6515
5.2475000000000005 6.9485
-5.2025 6.9485
1.0


4
-5.2025 0.001
5.2475000000000005 0.001
5.2475000000000005 6.9485
-5.2025 6.9485

