c2
4
-0.01951 1.3025
0.01951 1.3025
0.02549 1.4015
-0.02549 1.4015

6
botleft
4
-6.35 -0.001
0 -0.001
0 0.001
-6.35 0.001

botright
4
0 -0.001
7.699999999999999 -0.001
7.699999999999999 0.001
0 0.001

c4
4
0.47548999999999997 1.3025
0.51451 1.3025
0.52049 1.4015
0.46951 1.4015

c1left
4
-0.4454199999999999 0.37050000000000005
0 0.37050000000000005
0 0.4665
-0.45457999999999993 0.4665

c1
4
0 0.37050000000000005
0.4454199999999999 0.37050000000000005
0.45457999999999993 0.4665
0 0.4665

c3
4
0.9045799999999998 0.37050000000000005
1.7954199999999996 0.37050000000000005
1.8045799999999996 0.4665
0.8954199999999999 0.4665


54
IMD6d1_damage
4
-0.028924 1.2925
0.028924 1.2925
0.029528 1.3025
-0.029528 1.3025
3.1

IMD6d1_damage
4
0.466076 1.2925
0.523924 1.2925
0.524528 1.3025
0.465472 1.3025
3.1

IMD6d2_damage
4
-0.024519 1.3025
-0.01951 1.3025
-0.02549 1.4015
-0.030499 1.4015
2.9

IMD6d2_damage
4
0.01951 1.3025
0.024519 1.3025
0.030499 1.4015
0.02549 1.4015
2.9

IMD6d2_damage
4
0.470481 1.3025
0.47548999999999997 1.3025
0.46951 1.4015
0.464501 1.4015
2.9

IMD6d2_damage
4
0.51451 1.3025
0.5195190000000001 1.3025
0.525499 1.4015
0.52049 1.4015
2.9

IMD1b
4
-6.35 0.40650000000000003
-0.44885499999999995 0.40650000000000003
-0.45457999999999993 0.4665
-6.35 0.4665
2.8

IMD1b
4
0.44885499999999995 0.40650000000000003
0.9011449999999999 0.40650000000000003
0.8954199999999999 0.4665
0.45457999999999993 0.4665
2.8

IMD1b
4
1.7988549999999996 0.40650000000000003
7.699999999999999 0.40650000000000003
7.699999999999999 0.4665
1.8045799999999996 0.4665
2.8

IMD1a
4
-6.35 0.3955
-0.4478054166666666 0.3955
-0.44885499999999995 0.40650000000000003
-6.35 0.40650000000000003
5.2

IMD1a
4
0.4478054166666666 0.3955
0.9021945833333332 0.3955
0.9011449999999999 0.40650000000000003
0.44885499999999995 0.40650000000000003
5.2

IMD1a
4
1.7978054166666664 0.3955
7.699999999999999 0.3955
7.699999999999999 0.40650000000000003
1.7988549999999996 0.40650000000000003
5.2

ILD1b3
4
-6.35 0.37050000000000005
-0.4454199999999999 0.37050000000000005
-0.4478054166666666 0.3955
-6.35 0.3955
4

ILD1b3
4
0.4454199999999999 0.37050000000000005
0.9045799999999998 0.37050000000000005
0.9021945833333332 0.3955
0.4478054166666666 0.3955
4

ILD1b3
4
1.7954199999999996 0.37050000000000005
7.699999999999999 0.37050000000000005
7.699999999999999 0.3955
1.7978054166666664 0.3955
4

ILD1b1+ILD1b2
4
-6.35 0.2765
7.699999999999999 0.2765
7.699999999999999 0.37050000000000005
-6.35 0.37050000000000005
4

IMD6d2
4
-6.35 1.3025
-0.024519 1.3025
-0.030499 1.4015
-6.35 1.4015
2.65

IMD6d2
4
0.024519 1.3025
0.470481 1.3025
0.464501 1.4015
0.030499 1.4015
2.65

IMD6d2
4
0.5195190000000001 1.3025
7.699999999999999 1.3025
7.699999999999999 1.4015
0.525499 1.4015
2.65

IMD6d1
4
-6.35 1.2925
-0.028924 1.2925
-0.029528 1.3025
-6.35 1.3025
2.65

IMD6d1
4
0.028924 1.2925
0.466076 1.2925
0.465472 1.3025
0.029528 1.3025
2.65

IMD6d1
4
0.523924 1.2925
7.699999999999999 1.2925
7.699999999999999 1.3025
0.524528 1.3025
2.65

IMD6d1
4
-6.35 1.2745
7.699999999999999 1.2745
7.699999999999999 1.2925
-6.35 1.2925
2.65

FOXA+FOXB+TOX
4
-6.35 0.001
7.699999999999999 0.001
7.699999999999999 0.2665
-6.35 0.2665
4.0

ILD1a
4
-6.35 0.2665
7.699999999999999 0.2665
7.699999999999999 0.2765
-6.35 0.2765
7.0

IMD2a
4
-6.35 0.4665
7.699999999999999 0.4665
7.699999999999999 0.4875
-6.35 0.4875
5.2

IMD2b
4
-6.35 0.4875
7.699999999999999 0.4875
7.699999999999999 0.5025
-6.35 0.5025
4.2

IMD2c
4
-6.35 0.5025
7.699999999999999 0.5025
7.699999999999999 0.5265
-6.35 0.5265
3.28

IMD2d1+IMD2d2
4
-6.35 0.5265
7.699999999999999 0.5265
7.699999999999999 0.6535
-6.35 0.6535
2.65

IMD3a
4
-6.35 0.6535
7.699999999999999 0.6535
7.699999999999999 0.6745
-6.35 0.6745
5.2

IMD3b
4
-6.35 0.6745
7.699999999999999 0.6745
7.699999999999999 0.6895
-6.35 0.6895
4.2

IMD3c
4
-6.35 0.6895
7.699999999999999 0.6895
7.699999999999999 0.7135
-6.35 0.7135
3.28

IMD3d1+IMD3d2
4
-6.35 0.7135
7.699999999999999 0.7135
7.699999999999999 0.8405
-6.35 0.8405
2.65

IMD4a
4
-6.35 0.8405
7.699999999999999 0.8405
7.699999999999999 0.8615
-6.35 0.8615
5.2

IMD4b
4
-6.35 0.8615
7.699999999999999 0.8615
7.699999999999999 0.8765
-6.35 0.8765
4.2

IMD4c
4
-6.35 0.8765
7.699999999999999 0.8765
7.699999999999999 0.9005
-6.35 0.9005
3.28

IMD4d1+IMD4d2
4
-6.35 0.9005
7.699999999999999 0.9005
7.699999999999999 1.0275
-6.35 1.0275
2.65

IMD5a
4
-6.35 1.0275
7.699999999999999 1.0275
7.699999999999999 1.0485
-6.35 1.0485
5.2

IMD5b
4
-6.35 1.0485
7.699999999999999 1.0485
7.699999999999999 1.0635
-6.35 1.0635
4.2

IMD5c
4
-6.35 1.0635
7.699999999999999 1.0635
7.699999999999999 1.0875
-6.35 1.0875
3.28

IMD5d1+IMD5d2
4
-6.35 1.0875
7.699999999999999 1.0875
7.699999999999999 1.2145
-6.35 1.2145
2.65

IMD6a
4
-6.35 1.2145
7.699999999999999 1.2145
7.699999999999999 1.2355
-6.35 1.2355
5.2

IMD6b
4
-6.35 1.2355
7.699999999999999 1.2355
7.699999999999999 1.2505
-6.35 1.2505
4.2

IMD6c
4
-6.35 1.2505
7.699999999999999 1.2505
7.699999999999999 1.2745
-6.35 1.2745
3.28

IMD7a
4
-6.35 1.4015
7.699999999999999 1.4015
7.699999999999999 1.4765
-6.35 1.4765
5.2

IMD7b1+IMD7b2
4
-6.35 1.4765
7.699999999999999 1.4765
7.699999999999999 2.9765
-6.35 2.9765
4.2

IMD8a
4
-6.35 2.9765
7.699999999999999 2.9765
7.699999999999999 3.0515
-6.35 3.0515
5.2

IMD8b1+IMD8b2
4
-6.35 3.0515
7.699999999999999 3.0515
7.699999999999999 4.5515
-6.35 4.5515
4.2

PASS1
4
-6.35 4.5515
7.699999999999999 4.5515
7.699999999999999 4.6265
-6.35 4.6265
7.0

PASS2
4
-6.35 4.6265
7.699999999999999 4.6265
7.699999999999999 5.0265
-6.35 5.0265
4.2

PASS3
4
-6.35 5.0265
7.699999999999999 5.0265
7.699999999999999 5.1015
-6.35 5.1015
7.0

PASS4+PASS5
4
-6.35 5.1015
7.699999999999999 5.1015
7.699999999999999 6.0515
-6.35 6.0515
4.2

PASS6
4
-6.35 6.0515
7.699999999999999 6.0515
7.699999999999999 6.6515
-6.35 6.6515
7.0

air_Layer
4
-6.35 6.6515
7.699999999999999 6.6515
7.699999999999999 6.9485
-6.35 6.9485
1.0


4
-6.35 0.001
7.699999999999999 0.001
7.699999999999999 6.9485
-6.35 6.9485

