c1
4
-0.06291999999999998 0.37050000000000005
0.06292000000000003 0.37050000000000005
0.07208000000000003 0.4665
-0.07207999999999998 0.4665

10
botleft
4
-1.0175 -0.001
0 -0.001
0 0.001
-1.0175 0.001

botright
4
0 -0.001
1.0625 -0.001
1.0625 0.001
0 0.001

lbEnv
4
-0.51292 0.37050000000000005
-0.38708 0.37050000000000005
-0.37792 0.4665
-0.52208 0.4665

c3
4
0.16208000000000006 0.37050000000000005
0.19792000000000004 0.37050000000000005
0.20708000000000004 0.4665
0.15292000000000006 0.4665

rbEnv
4
0.5220800000000001 0.37050000000000005
0.5579200000000002 0.37050000000000005
0.5670800000000001 0.4665
0.5129200000000002 0.4665

ltEnv
4
-0.37951 1.3025
-0.34048999999999996 1.3025
-0.33451 1.4015
-0.38549 1.4015

c2left
4
-0.019510000000000013 1.3025
0 1.3025
0 1.4015
-0.025490000000000013 1.4015

c2
4
0 1.3025
0.019510000000000013 1.3025
0.025490000000000013 1.4015
0 1.4015

c4
4
0.11549 1.3025
0.15451 1.3025
0.16049000000000002 1.4015
0.10951 1.4015

rtEnv
4
0.47548999999999997 1.3025
0.51451 1.3025
0.52049 1.4015
0.46951 1.4015


70
IMD6d1_damage
4
-0.388924 1.2925
-0.331076 1.2925
-0.330472 1.3025
-0.389528 1.3025
3.1

IMD6d1_damage
4
-0.028924000000000012 1.2925
0.028924000000000012 1.2925
0.029528000000000013 1.3025
-0.029528000000000013 1.3025
3.1

IMD6d1_damage
4
0.10607599999999999 1.2925
0.16392400000000001 1.2925
0.164528 1.3025
0.105472 1.3025
3.1

IMD6d1_damage
4
0.466076 1.2925
0.523924 1.2925
0.524528 1.3025
0.465472 1.3025
3.1

IMD6d2_damage
4
-0.384519 1.3025
-0.37951 1.3025
-0.38549 1.4015
-0.390499 1.4015
2.9

IMD6d2_damage
4
-0.34048999999999996 1.3025
-0.335481 1.3025
-0.329501 1.4015
-0.33451 1.4015
2.9

IMD6d2_damage
4
-0.024519000000000013 1.3025
-0.019510000000000013 1.3025
-0.025490000000000013 1.4015
-0.030499000000000012 1.4015
2.9

IMD6d2_damage
4
0.019510000000000013 1.3025
0.024519000000000013 1.3025
0.030499000000000012 1.4015
0.025490000000000013 1.4015
2.9

IMD6d2_damage
4
0.110481 1.3025
0.11549 1.3025
0.10951 1.4015
0.104501 1.4015
2.9

IMD6d2_damage
4
0.15451 1.3025
0.15951900000000002 1.3025
0.16549900000000003 1.4015
0.16049000000000002 1.4015
2.9

IMD6d2_damage
4
0.470481 1.3025
0.47548999999999997 1.3025
0.46951 1.4015
0.464501 1.4015
2.9

IMD6d2_damage
4
0.51451 1.3025
0.5195190000000001 1.3025
0.525499 1.4015
0.52049 1.4015
2.9

IMD1b
4
-1.0175 0.40650000000000003
-0.516355 0.40650000000000003
-0.52208 0.4665
-1.0175 0.4665
2.8

IMD1b
4
-0.38364499999999996 0.40650000000000003
-0.06635499999999998 0.40650000000000003
-0.07207999999999998 0.4665
-0.37792 0.4665
2.8

IMD1b
4
0.06635500000000004 0.40650000000000003
0.15864500000000006 0.40650000000000003
0.15292000000000006 0.4665
0.07208000000000003 0.4665
2.8

IMD1b
4
0.20135500000000003 0.40650000000000003
0.5186450000000001 0.40650000000000003
0.5129200000000002 0.4665
0.20708000000000004 0.4665
2.8

IMD1b
4
0.5613550000000002 0.40650000000000003
1.0625 0.40650000000000003
1.0625 0.4665
0.5670800000000001 0.4665
2.8

IMD1a
4
-1.0175 0.3955
-0.5153054166666666 0.3955
-0.516355 0.40650000000000003
-1.0175 0.40650000000000003
5.2

IMD1a
4
-0.3846945833333333 0.3955
-0.06530541666666664 0.3955
-0.06635499999999998 0.40650000000000003
-0.38364499999999996 0.40650000000000003
5.2

IMD1a
4
0.0653054166666667 0.3955
0.1596945833333334 0.3955
0.15864500000000006 0.40650000000000003
0.06635500000000004 0.40650000000000003
5.2

IMD1a
4
0.2003054166666667 0.3955
0.5196945833333335 0.3955
0.5186450000000001 0.40650000000000003
0.20135500000000003 0.40650000000000003
5.2

IMD1a
4
0.5603054166666668 0.3955
1.0625 0.3955
1.0625 0.40650000000000003
0.5613550000000002 0.40650000000000003
5.2

ILD1b3
4
-1.0175 0.37050000000000005
-0.51292 0.37050000000000005
-0.5153054166666666 0.3955
-1.0175 0.3955
4

ILD1b3
4
-0.38708 0.37050000000000005
-0.06291999999999998 0.37050000000000005
-0.06530541666666664 0.3955
-0.3846945833333333 0.3955
4

ILD1b3
4
0.06292000000000003 0.37050000000000005
0.16208000000000006 0.37050000000000005
0.1596945833333334 0.3955
0.0653054166666667 0.3955
4

ILD1b3
4
0.19792000000000004 0.37050000000000005
0.5220800000000001 0.37050000000000005
0.5196945833333335 0.3955
0.2003054166666667 0.3955
4

ILD1b3
4
0.5579200000000002 0.37050000000000005
1.0625 0.37050000000000005
1.0625 0.3955
0.5603054166666668 0.3955
4

ILD1b1+ILD1b2
4
-1.0175 0.2765
1.0625 0.2765
1.0625 0.37050000000000005
-1.0175 0.37050000000000005
4

IMD6d2
4
-1.0175 1.3025
-0.384519 1.3025
-0.390499 1.4015
-1.0175 1.4015
2.65

IMD6d2
4
-0.335481 1.3025
-0.024519000000000013 1.3025
-0.030499000000000012 1.4015
-0.329501 1.4015
2.65

IMD6d2
4
0.024519000000000013 1.3025
0.110481 1.3025
0.104501 1.4015
0.030499000000000012 1.4015
2.65

IMD6d2
4
0.15951900000000002 1.3025
0.470481 1.3025
0.464501 1.4015
0.16549900000000003 1.4015
2.65

IMD6d2
4
0.5195190000000001 1.3025
1.0625 1.3025
1.0625 1.4015
0.525499 1.4015
2.65

IMD6d1
4
-1.0175 1.2925
-0.388924 1.2925
-0.389528 1.3025
-1.0175 1.3025
2.65

IMD6d1
4
-0.331076 1.2925
-0.028924000000000012 1.2925
-0.029528000000000013 1.3025
-0.330472 1.3025
2.65

IMD6d1
4
0.028924000000000012 1.2925
0.10607599999999999 1.2925
0.105472 1.3025
0.029528000000000013 1.3025
2.65

IMD6d1
4
0.16392400000000001 1.2925
0.466076 1.2925
0.465472 1.3025
0.164528 1.3025
2.65

IMD6d1
4
0.523924 1.2925
1.0625 1.2925
1.0625 1.3025
0.524528 1.3025
2.65

IMD6d1
4
-1.0175 1.2745
1.0625 1.2745
1.0625 1.2925
-1.0175 1.2925
2.65

FOXA+FOXB+TOX
4
-1.0175 0.001
1.0625 0.001
1.0625 0.2665
-1.0175 0.2665
4.0

ILD1a
4
-1.0175 0.2665
1.0625 0.2665
1.0625 0.2765
-1.0175 0.2765
7.0

IMD2a
4
-1.0175 0.4665
1.0625 0.4665
1.0625 0.4875
-1.0175 0.4875
5.2

IMD2b
4
-1.0175 0.4875
1.0625 0.4875
1.0625 0.5025
-1.0175 0.5025
4.2

IMD2c
4
-1.0175 0.5025
1.0625 0.5025
1.0625 0.5265
-1.0175 0.5265
3.28

IMD2d1+IMD2d2
4
-1.0175 0.5265
1.0625 0.5265
1.0625 0.6535
-1.0175 0.6535
2.65

IMD3a
4
-1.0175 0.6535
1.0625 0.6535
1.0625 0.6745
-1.0175 0.6745
5.2

IMD3b
4
-1.0175 0.6745
1.0625 0.6745
1.0625 0.6895
-1.0175 0.6895
4.2

IMD3c
4
-1.0175 0.6895
1.0625 0.6895
1.0625 0.7135
-1.0175 0.7135
3.28

IMD3d1+IMD3d2
4
-1.0175 0.7135
1.0625 0.7135
1.0625 0.8405
-1.0175 0.8405
2.65

IMD4a
4
-1.0175 0.8405
1.0625 0.8405
1.0625 0.8615
-1.0175 0.8615
5.2

IMD4b
4
-1.0175 0.8615
1.0625 0.8615
1.0625 0.8765
-1.0175 0.8765
4.2

IMD4c
4
-1.0175 0.8765
1.0625 0.8765
1.0625 0.9005
-1.0175 0.9005
3.28

IMD4d1+IMD4d2
4
-1.0175 0.9005
1.0625 0.9005
1.0625 1.0275
-1.0175 1.0275
2.65

IMD5a
4
-1.0175 1.0275
1.0625 1.0275
1.0625 1.0485
-1.0175 1.0485
5.2

IMD5b
4
-1.0175 1.0485
1.0625 1.0485
1.0625 1.0635
-1.0175 1.0635
4.2

IMD5c
4
-1.0175 1.0635
1.0625 1.0635
1.0625 1.0875
-1.0175 1.0875
3.28

IMD5d1+IMD5d2
4
-1.0175 1.0875
1.0625 1.0875
1.0625 1.2145
-1.0175 1.2145
2.65

IMD6a
4
-1.0175 1.2145
1.0625 1.2145
1.0625 1.2355
-1.0175 1.2355
5.2

IMD6b
4
-1.0175 1.2355
1.0625 1.2355
1.0625 1.2505
-1.0175 1.2505
4.2

IMD6c
4
-1.0175 1.2505
1.0625 1.2505
1.0625 1.2745
-1.0175 1.2745
3.28

IMD7a
4
-1.0175 1.4015
1.0625 1.4015
1.0625 1.4765
-1.0175 1.4765
5.2

IMD7b1+IMD7b2
4
-1.0175 1.4765
1.0625 1.4765
1.0625 2.9765
-1.0175 2.9765
4.2

IMD8a
4
-1.0175 2.9765
1.0625 2.9765
1.0625 3.0515
-1.0175 3.0515
5.2

IMD8b1+IMD8b2
4
-1.0175 3.0515
1.0625 3.0515
1.0625 4.5515
-1.0175 4.5515
4.2

PASS1
4
-1.0175 4.5515
1.0625 4.5515
1.0625 4.6265
-1.0175 4.6265
7.0

PASS2
4
-1.0175 4.6265
1.0625 4.6265
1.0625 5.0265
-1.0175 5.0265
4.2

PASS3
4
-1.0175 5.0265
1.0625 5.0265
1.0625 5.1015
-1.0175 5.1015
7.0

PASS4+PASS5
4
-1.0175 5.1015
1.0625 5.1015
1.0625 6.0515
-1.0175 6.0515
4.2

PASS6
4
-1.0175 6.0515
1.0625 6.0515
1.0625 6.6515
-1.0175 6.6515
7.0

air_Layer
4
-1.0175 6.6515
1.0625 6.6515
1.0625 6.9485
-1.0175 6.9485
1.0


4
-1.0175 0.001
1.0625 0.001
1.0625 6.9485
-1.0175 6.9485

