c1
4
-0.44701 0.5545
0.44701 0.5545
0.45299 0.6535
-0.45299 0.6535

7
botleft
4
-1.8949999999999998 -0.001
0 -0.001
0 0.001
-1.8949999999999998 0.001

botright
4
0 -0.001
1.8949999999999994 -0.001
1.8949999999999994 0.001
0 0.001

lEnv
4
-1.3920099999999997 0.5545
-0.49798999999999993 0.5545
-0.49200999999999995 0.6535
-1.3979899999999998 0.6535

c2
4
1.08299 0.5545
1.2120099999999996 0.5545
1.2179899999999997 0.6535
1.0770099999999998 0.6535

rEnv
4
1.2629899999999996 0.5545
1.3920099999999993 0.5545
1.3979899999999994 0.6535
1.2570099999999995 0.6535

topleft
4
-1.8949999999999998 0.9285000000000001
0 0.9285000000000001
0 1.0275
-1.8949999999999998 1.0275

topright
4
0 0.9285000000000001
1.8949999999999994 0.9285000000000001
1.8949999999999994 1.0275
0 1.0275


40
IMD2d1_damage
4
-1.4014239999999998 0.5445
-0.48857599999999995 0.5445
-0.48797199999999996 0.5545
-1.4020279999999998 0.5545
3.1

IMD2d1_damage
4
-0.456424 0.5445
0.456424 0.5445
0.457028 0.5545
-0.457028 0.5545
3.1

IMD2d1_damage
4
1.0735759999999999 0.5445
1.2214239999999996 0.5445
1.2220279999999997 0.5545
1.0729719999999998 0.5545
3.1

IMD2d1_damage
4
1.2535759999999996 0.5445
1.4014239999999993 0.5445
1.4020279999999994 0.5545
1.2529719999999995 0.5545
3.1

IMD2d2_damage
4
-1.3970189999999998 0.5545
-1.3920099999999997 0.5545
-1.3979899999999998 0.6535
-1.4029989999999999 0.6535
2.9

IMD2d2_damage
4
-0.49798999999999993 0.5545
-0.49298099999999995 0.5545
-0.48700099999999996 0.6535
-0.49200999999999995 0.6535
2.9

IMD2d2_damage
4
-0.452019 0.5545
-0.44701 0.5545
-0.45299 0.6535
-0.457999 0.6535
2.9

IMD2d2_damage
4
0.44701 0.5545
0.452019 0.5545
0.457999 0.6535
0.45299 0.6535
2.9

IMD2d2_damage
4
1.0779809999999999 0.5545
1.08299 0.5545
1.0770099999999998 0.6535
1.0720009999999998 0.6535
2.9

IMD2d2_damage
4
1.2120099999999996 0.5545
1.2170189999999996 0.5545
1.2229989999999997 0.6535
1.2179899999999997 0.6535
2.9

IMD2d2_damage
4
1.2579809999999996 0.5545
1.2629899999999996 0.5545
1.2570099999999995 0.6535
1.2520009999999995 0.6535
2.9

IMD2d2_damage
4
1.3920099999999993 0.5545
1.3970189999999993 0.5545
1.4029989999999994 0.6535
1.3979899999999994 0.6535
2.9

IMD4d1_damage
4
-1.8949999999999998 0.9185000000000001
1.8949999999999994 0.9185000000000001
1.8949999999999994 0.9285000000000001
-1.8949999999999998 0.9285000000000001
3.1

IMD2d2
4
-1.8949999999999998 0.5545
-1.3970189999999998 0.5545
-1.4029989999999999 0.6535
-1.8949999999999998 0.6535
2.65

IMD2d2
4
-0.49298099999999995 0.5545
-0.452019 0.5545
-0.457999 0.6535
-0.48700099999999996 0.6535
2.65

IMD2d2
4
0.452019 0.5545
1.0779809999999999 0.5545
1.0720009999999998 0.6535
0.457999 0.6535
2.65

IMD2d2
4
1.2170189999999996 0.5545
1.2579809999999996 0.5545
1.2520009999999995 0.6535
1.2229989999999997 0.6535
2.65

IMD2d2
4
1.3970189999999993 0.5545
1.8949999999999994 0.5545
1.8949999999999994 0.6535
1.4029989999999994 0.6535
2.65

IMD2d1
4
-1.8949999999999998 0.5445
-1.4014239999999998 0.5445
-1.4020279999999998 0.5545
-1.8949999999999998 0.5545
2.65

IMD2d1
4
-0.48857599999999995 0.5445
-0.456424 0.5445
-0.457028 0.5545
-0.48797199999999996 0.5545
2.65

IMD2d1
4
0.456424 0.5445
1.0735759999999999 0.5445
1.0729719999999998 0.5545
0.457028 0.5545
2.65

IMD2d1
4
1.2214239999999996 0.5445
1.2535759999999996 0.5445
1.2529719999999995 0.5545
1.2220279999999997 0.5545
2.65

IMD2d1
4
1.4014239999999993 0.5445
1.8949999999999994 0.5445
1.8949999999999994 0.5545
1.4020279999999994 0.5545
2.65

IMD2d1
4
-1.8949999999999998 0.5265
1.8949999999999994 0.5265
1.8949999999999994 0.5445
-1.8949999999999998 0.5445
2.65

IMD4d1
4
-1.8949999999999998 0.9005
1.8949999999999994 0.9005
1.8949999999999994 0.9185000000000001
-1.8949999999999998 0.9185000000000001
2.65

FOXA+FOXB+TOX
4
-1.8949999999999998 0.001
1.8949999999999994 0.001
1.8949999999999994 0.2665
-1.8949999999999998 0.2665
4.0

ILD1a
4
-1.8949999999999998 0.2665
1.8949999999999994 0.2665
1.8949999999999994 0.2765
-1.8949999999999998 0.2765
7.0

ILD1b1+ILD1b2+ILD1b3
4
-1.8949999999999998 0.2765
1.8949999999999994 0.2765
1.8949999999999994 0.3955
-1.8949999999999998 0.3955
4.0

IMD1a
4
-1.8949999999999998 0.3955
1.8949999999999994 0.3955
1.8949999999999994 0.4065
-1.8949999999999998 0.4065
5.2

IMD1b
4
-1.8949999999999998 0.4065
1.8949999999999994 0.4065
1.8949999999999994 0.4665
-1.8949999999999998 0.4665
2.8

IMD2a
4
-1.8949999999999998 0.4665
1.8949999999999994 0.4665
1.8949999999999994 0.4875
-1.8949999999999998 0.4875
5.2

IMD2b
4
-1.8949999999999998 0.4875
1.8949999999999994 0.4875
1.8949999999999994 0.5025
-1.8949999999999998 0.5025
4.2

IMD2c
4
-1.8949999999999998 0.5025
1.8949999999999994 0.5025
1.8949999999999994 0.5265
-1.8949999999999998 0.5265
3.28

IMD3a
4
-1.8949999999999998 0.6535
1.8949999999999994 0.6535
1.8949999999999994 0.6745
-1.8949999999999998 0.6745
5.2

IMD3b
4
-1.8949999999999998 0.6745
1.8949999999999994 0.6745
1.8949999999999994 0.6895
-1.8949999999999998 0.6895
4.2

IMD3c
4
-1.8949999999999998 0.6895
1.8949999999999994 0.6895
1.8949999999999994 0.7135
-1.8949999999999998 0.7135
3.28

IMD3d1+IMD3d2
4
-1.8949999999999998 0.7135
1.8949999999999994 0.7135
1.8949999999999994 0.8405
-1.8949999999999998 0.8405
2.65

IMD4a
4
-1.8949999999999998 0.8405
1.8949999999999994 0.8405
1.8949999999999994 0.8615
-1.8949999999999998 0.8615
5.2

IMD4b
4
-1.8949999999999998 0.8615
1.8949999999999994 0.8615
1.8949999999999994 0.8765
-1.8949999999999998 0.8765
4.2

IMD4c
4
-1.8949999999999998 0.8765
1.8949999999999994 0.8765
1.8949999999999994 0.9005
-1.8949999999999998 0.9005
3.28


4
-1.8949999999999998 0.001
1.8949999999999994 0.001
1.8949999999999994 0.9285000000000001
-1.8949999999999998 0.9285000000000001

