botcenter
4
0 -0.001
0.08549999999999999 -0.001
0.08549999999999999 0.001
0 0.001

7
c1
4
-0.01951 0.5545
0.01951 0.5545
0.02549 0.6535
-0.02549 0.6535

c2
4
0.06599 0.5545
0.10500999999999999 0.5545
0.11098999999999999 0.6535
0.060009999999999994 0.6535

topleft
4
-5.0675 0.9285000000000001
0 0.9285000000000001
0 1.0275
-5.0675 1.0275

topcenter
4
0 0.9285000000000001
0.08549999999999999 0.9285000000000001
0.08549999999999999 1.0275
0 1.0275

topright
4
0.08549999999999999 0.9285000000000001
5.1530000000000005 0.9285000000000001
5.1530000000000005 1.0275
0.08549999999999999 1.0275

botleft
4
-5.0675 -0.001
0 -0.001
0 0.001
-5.0675 0.001

botright
4
0.08549999999999999 -0.001
5.1530000000000005 -0.001
5.1530000000000005 0.001
0.08549999999999999 0.001


30
IMD2d1_damage
4
-0.028924 0.5445
0.028924 0.5445
0.029528 0.5545
-0.029528 0.5545
3.1

IMD2d1_damage
4
0.056575999999999994 0.5445
0.114424 0.5445
0.11502799999999999 0.5545
0.055971999999999994 0.5545
3.1

IMD2d2_damage
4
-0.024519 0.5545
-0.01951 0.5545
-0.02549 0.6535
-0.030499 0.6535
2.9

IMD2d2_damage
4
0.01951 0.5545
0.024519 0.5545
0.030499 0.6535
0.02549 0.6535
2.9

IMD2d2_damage
4
0.060980999999999994 0.5545
0.06599 0.5545
0.060009999999999994 0.6535
0.055000999999999994 0.6535
2.9

IMD2d2_damage
4
0.10500999999999999 0.5545
0.11001899999999999 0.5545
0.11599899999999999 0.6535
0.11098999999999999 0.6535
2.9

IMD4d1_damage
4
-5.0675 0.9185000000000001
5.1530000000000005 0.9185000000000001
5.1530000000000005 0.9285000000000001
-5.0675 0.9285000000000001
3.1

IMD2d2
4
-5.0675 0.5545
-0.024519 0.5545
-0.030499 0.6535
-5.0675 0.6535
2.65

IMD2d2
4
0.024519 0.5545
0.060980999999999994 0.5545
0.055000999999999994 0.6535
0.030499 0.6535
2.65

IMD2d2
4
0.11001899999999999 0.5545
5.1530000000000005 0.5545
5.1530000000000005 0.6535
0.11599899999999999 0.6535
2.65

IMD2d1
4
-5.0675 0.5445
-0.028924 0.5445
-0.029528 0.5545
-5.0675 0.5545
2.65

IMD2d1
4
0.028924 0.5445
0.056575999999999994 0.5445
0.055971999999999994 0.5545
0.029528 0.5545
2.65

IMD2d1
4
0.114424 0.5445
5.1530000000000005 0.5445
5.1530000000000005 0.5545
0.11502799999999999 0.5545
2.65

IMD2d1
4
-5.0675 0.5265
5.1530000000000005 0.5265
5.1530000000000005 0.5445
-5.0675 0.5445
2.65

IMD4d1
4
-5.0675 0.9005
5.1530000000000005 0.9005
5.1530000000000005 0.9185000000000001
-5.0675 0.9185000000000001
2.65

FOXA+FOXB+TOX
4
-5.0675 0.001
5.1530000000000005 0.001
5.1530000000000005 0.2665
-5.0675 0.2665
4.0

ILD1a
4
-5.0675 0.2665
5.1530000000000005 0.2665
5.1530000000000005 0.2765
-5.0675 0.2765
7.0

ILD1b1+ILD1b2+ILD1b3
4
-5.0675 0.2765
5.1530000000000005 0.2765
5.1530000000000005 0.3955
-5.0675 0.3955
4.0

IMD1a
4
-5.0675 0.3955
5.1530000000000005 0.3955
5.1530000000000005 0.4065
-5.0675 0.4065
5.2

IMD1b
4
-5.0675 0.4065
5.1530000000000005 0.4065
5.1530000000000005 0.4665
-5.0675 0.4665
2.8

IMD2a
4
-5.0675 0.4665
5.1530000000000005 0.4665
5.1530000000000005 0.4875
-5.0675 0.4875
5.2

IMD2b
4
-5.0675 0.4875
5.1530000000000005 0.4875
5.1530000000000005 0.5025
-5.0675 0.5025
4.2

IMD2c
4
-5.0675 0.5025
5.1530000000000005 0.5025
5.1530000000000005 0.5265
-5.0675 0.5265
3.28

IMD3a
4
-5.0675 0.6535
5.1530000000000005 0.6535
5.1530000000000005 0.6745
-5.0675 0.6745
5.2

IMD3b
4
-5.0675 0.6745
5.1530000000000005 0.6745
5.1530000000000005 0.6895
-5.0675 0.6895
4.2

IMD3c
4
-5.0675 0.6895
5.1530000000000005 0.6895
5.1530000000000005 0.7135
-5.0675 0.7135
3.28

IMD3d1+IMD3d2
4
-5.0675 0.7135
5.1530000000000005 0.7135
5.1530000000000005 0.8405
-5.0675 0.8405
2.65

IMD4a
4
-5.0675 0.8405
5.1530000000000005 0.8405
5.1530000000000005 0.8615
-5.0675 0.8615
5.2

IMD4b
4
-5.0675 0.8615
5.1530000000000005 0.8615
5.1530000000000005 0.8765
-5.0675 0.8765
4.2

IMD4c
4
-5.0675 0.8765
5.1530000000000005 0.8765
5.1530000000000005 0.9005
-5.0675 0.9005
3.28


4
-5.0675 0.001
5.1530000000000005 0.001
5.1530000000000005 0.9285000000000001
-5.0675 0.9285000000000001

