botcenter
4
0 -0.001
0.6074999999999999 -0.001
0.6074999999999999 0.001
0 0.001

7
c1
4
-0.06451000000000001 0.5545
0.06451000000000001 0.5545
0.07049000000000001 0.6535
-0.07049000000000001 0.6535

c2
4
0.16049000000000005 0.5545
1.0545099999999998 0.5545
1.06049 0.6535
0.15451000000000004 0.6535

topleft
4
-5.202500000000001 0.9285000000000001
0 0.9285000000000001
0 1.0275
-5.202500000000001 1.0275

topcenter
4
0 0.9285000000000001
0.6074999999999999 0.9285000000000001
0.6074999999999999 1.0275
0 1.0275

topright
4
0.6074999999999999 0.9285000000000001
6.9575 0.9285000000000001
6.9575 1.0275
0.6074999999999999 1.0275

botleft
4
-5.202500000000001 -0.001
0 -0.001
0 0.001
-5.202500000000001 0.001

botright
4
0.6074999999999999 -0.001
6.9575 -0.001
6.9575 0.001
0.6074999999999999 0.001


30
IMD2d1_damage
4
-0.07392400000000002 0.5445
0.07392400000000002 0.5445
0.07452800000000001 0.5545
-0.07452800000000001 0.5545
3.1

IMD2d1_damage
4
0.15107600000000004 0.5445
1.0639239999999999 0.5445
1.064528 0.5545
0.15047200000000005 0.5545
3.1

IMD2d2_damage
4
-0.06951900000000001 0.5545
-0.06451000000000001 0.5545
-0.07049000000000001 0.6535
-0.07549900000000001 0.6535
2.9

IMD2d2_damage
4
0.06451000000000001 0.5545
0.06951900000000001 0.5545
0.07549900000000001 0.6535
0.07049000000000001 0.6535
2.9

IMD2d2_damage
4
0.15548100000000004 0.5545
0.16049000000000005 0.5545
0.15451000000000004 0.6535
0.14950100000000002 0.6535
2.9

IMD2d2_damage
4
1.0545099999999998 0.5545
1.0595189999999999 0.5545
1.065499 0.6535
1.06049 0.6535
2.9

IMD4d1_damage
4
-5.202500000000001 0.9185000000000001
6.9575 0.9185000000000001
6.9575 0.9285000000000001
-5.202500000000001 0.9285000000000001
3.1

IMD2d2
4
-5.202500000000001 0.5545
-0.06951900000000001 0.5545
-0.07549900000000001 0.6535
-5.202500000000001 0.6535
2.65

IMD2d2
4
0.06951900000000001 0.5545
0.15548100000000004 0.5545
0.14950100000000002 0.6535
0.07549900000000001 0.6535
2.65

IMD2d2
4
1.0595189999999999 0.5545
6.9575 0.5545
6.9575 0.6535
1.065499 0.6535
2.65

IMD2d1
4
-5.202500000000001 0.5445
-0.07392400000000002 0.5445
-0.07452800000000001 0.5545
-5.202500000000001 0.5545
2.65

IMD2d1
4
0.07392400000000002 0.5445
0.15107600000000004 0.5445
0.15047200000000005 0.5545
0.07452800000000001 0.5545
2.65

IMD2d1
4
1.0639239999999999 0.5445
6.9575 0.5445
6.9575 0.5545
1.064528 0.5545
2.65

IMD2d1
4
-5.202500000000001 0.5265
6.9575 0.5265
6.9575 0.5445
-5.202500000000001 0.5445
2.65

IMD4d1
4
-5.202500000000001 0.9005
6.9575 0.9005
6.9575 0.9185000000000001
-5.202500000000001 0.9185000000000001
2.65

FOXA+FOXB+TOX
4
-5.202500000000001 0.001
6.9575 0.001
6.9575 0.2665
-5.202500000000001 0.2665
4.0

ILD1a
4
-5.202500000000001 0.2665
6.9575 0.2665
6.9575 0.2765
-5.202500000000001 0.2765
7.0

ILD1b1+ILD1b2+ILD1b3
4
-5.202500000000001 0.2765
6.9575 0.2765
6.9575 0.3955
-5.202500000000001 0.3955
4.0

IMD1a
4
-5.202500000000001 0.3955
6.9575 0.3955
6.9575 0.4065
-5.202500000000001 0.4065
5.2

IMD1b
4
-5.202500000000001 0.4065
6.9575 0.4065
6.9575 0.4665
-5.202500000000001 0.4665
2.8

IMD2a
4
-5.202500000000001 0.4665
6.9575 0.4665
6.9575 0.4875
-5.202500000000001 0.4875
5.2

IMD2b
4
-5.202500000000001 0.4875
6.9575 0.4875
6.9575 0.5025
-5.202500000000001 0.5025
4.2

IMD2c
4
-5.202500000000001 0.5025
6.9575 0.5025
6.9575 0.5265
-5.202500000000001 0.5265
3.28

IMD3a
4
-5.202500000000001 0.6535
6.9575 0.6535
6.9575 0.6745
-5.202500000000001 0.6745
5.2

IMD3b
4
-5.202500000000001 0.6745
6.9575 0.6745
6.9575 0.6895
-5.202500000000001 0.6895
4.2

IMD3c
4
-5.202500000000001 0.6895
6.9575 0.6895
6.9575 0.7135
-5.202500000000001 0.7135
3.28

IMD3d1+IMD3d2
4
-5.202500000000001 0.7135
6.9575 0.7135
6.9575 0.8405
-5.202500000000001 0.8405
2.65

IMD4a
4
-5.202500000000001 0.8405
6.9575 0.8405
6.9575 0.8615
-5.202500000000001 0.8615
5.2

IMD4b
4
-5.202500000000001 0.8615
6.9575 0.8615
6.9575 0.8765
-5.202500000000001 0.8765
4.2

IMD4c
4
-5.202500000000001 0.8765
6.9575 0.8765
6.9575 0.9005
-5.202500000000001 0.9005
3.28


4
-5.202500000000001 0.001
6.9575 0.001
6.9575 0.9285000000000001
-5.202500000000001 0.9285000000000001

