botcenter
4
0 -0.001
5.855 -0.001
5.855 0.001
0 0.001

5
lEnv
4
-1.6620099999999998 0.5545
-0.76799 0.5545
-0.76201 0.6535
-1.6679899999999999 0.6535

c1
4
-0.44701 0.5545
0.44701 0.5545
0.45299 0.6535
-0.45299 0.6535

topleft
4
-3.875 1.3025
0 1.3025
0 1.4015
-3.875 1.4015

topcenter
4
0 1.3025
5.855 1.3025
5.855 1.4015
0 1.4015

botleft
4
-3.875 -0.001
0 -0.001
0 0.001
-3.875 0.001


39
IMD2d1_damage
4
-1.6714239999999998 0.5445
-0.758576 0.5445
-0.757972 0.5545
-1.6720279999999998 0.5545
3.1

IMD2d1_damage
4
-0.456424 0.5445
0.456424 0.5445
0.457028 0.5545
-0.457028 0.5545
3.1

IMD2d2_damage
4
-1.6670189999999998 0.5545
-1.6620099999999998 0.5545
-1.6679899999999999 0.6535
-1.672999 0.6535
2.9

IMD2d2_damage
4
-0.76799 0.5545
-0.7629809999999999 0.5545
-0.7570009999999999 0.6535
-0.76201 0.6535
2.9

IMD2d2_damage
4
-0.452019 0.5545
-0.44701 0.5545
-0.45299 0.6535
-0.457999 0.6535
2.9

IMD2d2_damage
4
0.44701 0.5545
0.452019 0.5545
0.457999 0.6535
0.45299 0.6535
2.9

IMD6d1_damage
4
-3.875 1.2925
1.9800000000000004 1.2925
1.9800000000000004 1.3025
-3.875 1.3025
3.1

IMD2d2
4
-3.875 0.5545
-1.6670189999999998 0.5545
-1.672999 0.6535
-3.875 0.6535
2.65

IMD2d2
4
-0.7629809999999999 0.5545
-0.452019 0.5545
-0.457999 0.6535
-0.7570009999999999 0.6535
2.65

IMD2d2
4
0.452019 0.5545
5.855 0.5545
5.855 0.6535
0.457999 0.6535
2.65

IMD2d1
4
-3.875 0.5445
-1.6714239999999998 0.5445
-1.6720279999999998 0.5545
-3.875 0.5545
2.65

IMD2d1
4
-0.758576 0.5445
-0.456424 0.5445
-0.457028 0.5545
-0.757972 0.5545
2.65

IMD2d1
4
0.456424 0.5445
5.855 0.5445
5.855 0.5545
0.457028 0.5545
2.65

IMD2d1
4
-3.875 0.5265
5.855 0.5265
5.855 0.5445
-3.875 0.5445
2.65

IMD6d1
4
-3.875 1.2745
1.9800000000000004 1.2745
1.9800000000000004 1.2925
-3.875 1.2925
2.65

IMD6d1
4
1.9800000000000004 1.2925
5.855 1.2925
5.855 1.3025
1.9800000000000004 1.3025
2.65

FOXA+FOXB+TOX
4
-3.875 0.001
5.855 0.001
5.855 0.2665
-3.875 0.2665
4.0

ILD1a
4
-3.875 0.2665
5.855 0.2665
5.855 0.2765
-3.875 0.2765
7.0

ILD1b1+ILD1b2+ILD1b3
4
-3.875 0.2765
5.855 0.2765
5.855 0.3955
-3.875 0.3955
4.0

IMD1a
4
-3.875 0.3955
5.855 0.3955
5.855 0.4065
-3.875 0.4065
5.2

IMD1b
4
-3.875 0.4065
5.855 0.4065
5.855 0.4665
-3.875 0.4665
2.8

IMD2a
4
-3.875 0.4665
5.855 0.4665
5.855 0.4875
-3.875 0.4875
5.2

IMD2b
4
-3.875 0.4875
5.855 0.4875
5.855 0.5025
-3.875 0.5025
4.2

IMD2c
4
-3.875 0.5025
5.855 0.5025
5.855 0.5265
-3.875 0.5265
3.28

IMD3a
4
-3.875 0.6535
5.855 0.6535
5.855 0.6745
-3.875 0.6745
5.2

IMD3b
4
-3.875 0.6745
5.855 0.6745
5.855 0.6895
-3.875 0.6895
4.2

IMD3c
4
-3.875 0.6895
5.855 0.6895
5.855 0.7135
-3.875 0.7135
3.28

IMD3d1+IMD3d2
4
-3.875 0.7135
5.855 0.7135
5.855 0.8405
-3.875 0.8405
2.65

IMD4a
4
-3.875 0.8405
5.855 0.8405
5.855 0.8615
-3.875 0.8615
5.2

IMD4b
4
-3.875 0.8615
5.855 0.8615
5.855 0.8765
-3.875 0.8765
4.2

IMD4c
4
-3.875 0.8765
5.855 0.8765
5.855 0.9005
-3.875 0.9005
3.28

IMD4d1+IMD4d2
4
-3.875 0.9005
5.855 0.9005
5.855 1.0275
-3.875 1.0275
2.65

IMD5a
4
-3.875 1.0275
5.855 1.0275
5.855 1.0485
-3.875 1.0485
5.2

IMD5b
4
-3.875 1.0485
5.855 1.0485
5.855 1.0635
-3.875 1.0635
4.2

IMD5c
4
-3.875 1.0635
5.855 1.0635
5.855 1.0875
-3.875 1.0875
3.28

IMD5d1+IMD5d2
4
-3.875 1.0875
5.855 1.0875
5.855 1.2145
-3.875 1.2145
2.65

IMD6a
4
-3.875 1.2145
5.855 1.2145
5.855 1.2355
-3.875 1.2355
5.2

IMD6b
4
-3.875 1.2355
5.855 1.2355
5.855 1.2505
-3.875 1.2505
4.2

IMD6c
4
-3.875 1.2505
5.855 1.2505
5.855 1.2745
-3.875 1.2745
3.28


4
-3.875 0.001
5.855 0.001
5.855 1.3025
-3.875 1.3025

