c1
4
-0.06451000000000001 0.5545
0.06451000000000001 0.5545
0.07049000000000001 0.6535
-0.07049000000000001 0.6535

5
botleft
4
-5.202500000000001 -0.001
0 -0.001
0 0.001
-5.202500000000001 0.001

botright
4
0 -0.001
5.3825 -0.001
5.3825 0.001
0 0.001

c2
4
0.29549 0.5545
0.33451000000000003 0.5545
0.34049 0.6535
0.28951 0.6535

topleft
4
-5.202500000000001 0.9285000000000001
0 0.9285000000000001
0 1.0275
-5.202500000000001 1.0275

topright
4
0 0.9285000000000001
5.3825 0.9285000000000001
5.3825 1.0275
0 1.0275


30
IMD2d1_damage
4
-0.07392400000000002 0.5445
0.07392400000000002 0.5445
0.07452800000000001 0.5545
-0.07452800000000001 0.5545
3.1

IMD2d1_damage
4
0.286076 0.5445
0.343924 0.5445
0.344528 0.5545
0.285472 0.5545
3.1

IMD2d2_damage
4
-0.06951900000000001 0.5545
-0.06451000000000001 0.5545
-0.07049000000000001 0.6535
-0.07549900000000001 0.6535
2.9

IMD2d2_damage
4
0.06451000000000001 0.5545
0.06951900000000001 0.5545
0.07549900000000001 0.6535
0.07049000000000001 0.6535
2.9

IMD2d2_damage
4
0.290481 0.5545
0.29549 0.5545
0.28951 0.6535
0.284501 0.6535
2.9

IMD2d2_damage
4
0.33451000000000003 0.5545
0.339519 0.5545
0.345499 0.6535
0.34049 0.6535
2.9

IMD4d1_damage
4
-5.202500000000001 0.9185000000000001
5.3825 0.9185000000000001
5.3825 0.9285000000000001
-5.202500000000001 0.9285000000000001
3.1

IMD2d2
4
-5.202500000000001 0.5545
-0.06951900000000001 0.5545
-0.07549900000000001 0.6535
-5.202500000000001 0.6535
2.65

IMD2d2
4
0.06951900000000001 0.5545
0.290481 0.5545
0.284501 0.6535
0.07549900000000001 0.6535
2.65

IMD2d2
4
0.339519 0.5545
5.3825 0.5545
5.3825 0.6535
0.345499 0.6535
2.65

IMD2d1
4
-5.202500000000001 0.5445
-0.07392400000000002 0.5445
-0.07452800000000001 0.5545
-5.202500000000001 0.5545
2.65

IMD2d1
4
0.07392400000000002 0.5445
0.286076 0.5445
0.285472 0.5545
0.07452800000000001 0.5545
2.65

IMD2d1
4
0.343924 0.5445
5.3825 0.5445
5.3825 0.5545
0.344528 0.5545
2.65

IMD2d1
4
-5.202500000000001 0.5265
5.3825 0.5265
5.3825 0.5445
-5.202500000000001 0.5445
2.65

IMD4d1
4
-5.202500000000001 0.9005
5.3825 0.9005
5.3825 0.9185000000000001
-5.202500000000001 0.9185000000000001
2.65

FOXA+FOXB+TOX
4
-5.202500000000001 0.001
5.3825 0.001
5.3825 0.2665
-5.202500000000001 0.2665
4.0

ILD1a
4
-5.202500000000001 0.2665
5.3825 0.2665
5.3825 0.2765
-5.202500000000001 0.2765
7.0

ILD1b1+ILD1b2+ILD1b3
4
-5.202500000000001 0.2765
5.3825 0.2765
5.3825 0.3955
-5.202500000000001 0.3955
4.0

IMD1a
4
-5.202500000000001 0.3955
5.3825 0.3955
5.3825 0.4065
-5.202500000000001 0.4065
5.2

IMD1b
4
-5.202500000000001 0.4065
5.3825 0.4065
5.3825 0.4665
-5.202500000000001 0.4665
2.8

IMD2a
4
-5.202500000000001 0.4665
5.3825 0.4665
5.3825 0.4875
-5.202500000000001 0.4875
5.2

IMD2b
4
-5.202500000000001 0.4875
5.3825 0.4875
5.3825 0.5025
-5.202500000000001 0.5025
4.2

IMD2c
4
-5.202500000000001 0.5025
5.3825 0.5025
5.3825 0.5265
-5.202500000000001 0.5265
3.28

IMD3a
4
-5.202500000000001 0.6535
5.3825 0.6535
5.3825 0.6745
-5.202500000000001 0.6745
5.2

IMD3b
4
-5.202500000000001 0.6745
5.3825 0.6745
5.3825 0.6895
-5.202500000000001 0.6895
4.2

IMD3c
4
-5.202500000000001 0.6895
5.3825 0.6895
5.3825 0.7135
-5.202500000000001 0.7135
3.28

IMD3d1+IMD3d2
4
-5.202500000000001 0.7135
5.3825 0.7135
5.3825 0.8405
-5.202500000000001 0.8405
2.65

IMD4a
4
-5.202500000000001 0.8405
5.3825 0.8405
5.3825 0.8615
-5.202500000000001 0.8615
5.2

IMD4b
4
-5.202500000000001 0.8615
5.3825 0.8615
5.3825 0.8765
-5.202500000000001 0.8765
4.2

IMD4c
4
-5.202500000000001 0.8765
5.3825 0.8765
5.3825 0.9005
-5.202500000000001 0.9005
3.28


4
-5.202500000000001 0.001
5.3825 0.001
5.3825 0.9285000000000001
-5.202500000000001 0.9285000000000001

