c1
4
-0.06451000000000003 0.5545
0.06451 0.5545
0.07049 0.6535
-0.07049000000000002 0.6535

7
botleft
4
-0.7475 -0.001
0 -0.001
0 0.001
-0.7475 0.001

botright
4
0 -0.001
1.1075 -0.001
1.1075 0.001
0 0.001

lEnv
4
-0.24451000000000003 0.5545
-0.11549000000000002 0.5545
-0.10951000000000002 0.6535
-0.25049000000000005 0.6535

c2
4
0.29549 0.5545
0.42451 0.5545
0.43049 0.6535
0.28951 0.6535

rEnv
4
0.4754899999999999 0.5545
0.60451 0.5545
0.61049 0.6535
0.4695099999999999 0.6535

topleft
4
-0.7475 0.9285000000000001
0 0.9285000000000001
0 1.0275
-0.7475 1.0275

topright
4
0 0.9285000000000001
1.1075 0.9285000000000001
1.1075 1.0275
0 1.0275


40
IMD2d1_damage
4
-0.25392400000000004 0.5445
-0.10607600000000002 0.5445
-0.10547200000000002 0.5545
-0.25452800000000003 0.5545
3.1

IMD2d1_damage
4
-0.07392400000000003 0.5445
0.073924 0.5445
0.074528 0.5545
-0.07452800000000002 0.5545
3.1

IMD2d1_damage
4
0.286076 0.5445
0.433924 0.5445
0.43452799999999997 0.5545
0.285472 0.5545
3.1

IMD2d1_damage
4
0.46607599999999993 0.5445
0.6139239999999999 0.5445
0.614528 0.5545
0.46547199999999994 0.5545
3.1

IMD2d2_damage
4
-0.24951900000000005 0.5545
-0.24451000000000003 0.5545
-0.25049000000000005 0.6535
-0.25549900000000003 0.6535
2.9

IMD2d2_damage
4
-0.11549000000000002 0.5545
-0.11048100000000002 0.5545
-0.10450100000000002 0.6535
-0.10951000000000002 0.6535
2.9

IMD2d2_damage
4
-0.06951900000000003 0.5545
-0.06451000000000003 0.5545
-0.07049000000000002 0.6535
-0.07549900000000002 0.6535
2.9

IMD2d2_damage
4
0.06451 0.5545
0.069519 0.5545
0.075499 0.6535
0.07049 0.6535
2.9

IMD2d2_damage
4
0.290481 0.5545
0.29549 0.5545
0.28951 0.6535
0.284501 0.6535
2.9

IMD2d2_damage
4
0.42451 0.5545
0.429519 0.5545
0.43549899999999997 0.6535
0.43049 0.6535
2.9

IMD2d2_damage
4
0.4704809999999999 0.5545
0.4754899999999999 0.5545
0.4695099999999999 0.6535
0.46450099999999994 0.6535
2.9

IMD2d2_damage
4
0.60451 0.5545
0.609519 0.5545
0.615499 0.6535
0.61049 0.6535
2.9

IMD4d1_damage
4
-0.7475 0.9185000000000001
1.1075 0.9185000000000001
1.1075 0.9285000000000001
-0.7475 0.9285000000000001
3.1

IMD2d2
4
-0.7475 0.5545
-0.24951900000000005 0.5545
-0.25549900000000003 0.6535
-0.7475 0.6535
2.65

IMD2d2
4
-0.11048100000000002 0.5545
-0.06951900000000003 0.5545
-0.07549900000000002 0.6535
-0.10450100000000002 0.6535
2.65

IMD2d2
4
0.069519 0.5545
0.290481 0.5545
0.284501 0.6535
0.075499 0.6535
2.65

IMD2d2
4
0.429519 0.5545
0.4704809999999999 0.5545
0.46450099999999994 0.6535
0.43549899999999997 0.6535
2.65

IMD2d2
4
0.609519 0.5545
1.1075 0.5545
1.1075 0.6535
0.615499 0.6535
2.65

IMD2d1
4
-0.7475 0.5445
-0.25392400000000004 0.5445
-0.25452800000000003 0.5545
-0.7475 0.5545
2.65

IMD2d1
4
-0.10607600000000002 0.5445
-0.07392400000000003 0.5445
-0.07452800000000002 0.5545
-0.10547200000000002 0.5545
2.65

IMD2d1
4
0.073924 0.5445
0.286076 0.5445
0.285472 0.5545
0.074528 0.5545
2.65

IMD2d1
4
0.433924 0.5445
0.46607599999999993 0.5445
0.46547199999999994 0.5545
0.43452799999999997 0.5545
2.65

IMD2d1
4
0.6139239999999999 0.5445
1.1075 0.5445
1.1075 0.5545
0.614528 0.5545
2.65

IMD2d1
4
-0.7475 0.5265
1.1075 0.5265
1.1075 0.5445
-0.7475 0.5445
2.65

IMD4d1
4
-0.7475 0.9005
1.1075 0.9005
1.1075 0.9185000000000001
-0.7475 0.9185000000000001
2.65

FOXA+FOXB+TOX
4
-0.7475 0.001
1.1075 0.001
1.1075 0.2665
-0.7475 0.2665
4.0

ILD1a
4
-0.7475 0.2665
1.1075 0.2665
1.1075 0.2765
-0.7475 0.2765
7.0

ILD1b1+ILD1b2+ILD1b3
4
-0.7475 0.2765
1.1075 0.2765
1.1075 0.3955
-0.7475 0.3955
4.0

IMD1a
4
-0.7475 0.3955
1.1075 0.3955
1.1075 0.4065
-0.7475 0.4065
5.2

IMD1b
4
-0.7475 0.4065
1.1075 0.4065
1.1075 0.4665
-0.7475 0.4665
2.8

IMD2a
4
-0.7475 0.4665
1.1075 0.4665
1.1075 0.4875
-0.7475 0.4875
5.2

IMD2b
4
-0.7475 0.4875
1.1075 0.4875
1.1075 0.5025
-0.7475 0.5025
4.2

IMD2c
4
-0.7475 0.5025
1.1075 0.5025
1.1075 0.5265
-0.7475 0.5265
3.28

IMD3a
4
-0.7475 0.6535
1.1075 0.6535
1.1075 0.6745
-0.7475 0.6745
5.2

IMD3b
4
-0.7475 0.6745
1.1075 0.6745
1.1075 0.6895
-0.7475 0.6895
4.2

IMD3c
4
-0.7475 0.6895
1.1075 0.6895
1.1075 0.7135
-0.7475 0.7135
3.28

IMD3d1+IMD3d2
4
-0.7475 0.7135
1.1075 0.7135
1.1075 0.8405
-0.7475 0.8405
2.65

IMD4a
4
-0.7475 0.8405
1.1075 0.8405
1.1075 0.8615
-0.7475 0.8615
5.2

IMD4b
4
-0.7475 0.8615
1.1075 0.8615
1.1075 0.8765
-0.7475 0.8765
4.2

IMD4c
4
-0.7475 0.8765
1.1075 0.8765
1.1075 0.9005
-0.7475 0.9005
3.28


4
-0.7475 0.001
1.1075 0.001
1.1075 0.9285000000000001
-0.7475 0.9285000000000001

