c1
4
-0.019510000000000013 0.5545
0.019510000000000013 0.5545
0.025490000000000013 0.6535
-0.025490000000000013 0.6535

7
botleft
4
-0.8825000000000001 -0.001
0 -0.001
0 0.001
-0.8825000000000001 0.001

botright
4
0 -0.001
1.1480000000000001 -0.001
1.1480000000000001 0.001
0 0.001

lEnv
4
-0.37951 0.5545
-0.34048999999999996 0.5545
-0.33451 0.6535
-0.38549 0.6535

c2
4
0.06599000000000001 0.5545
0.19501 0.5545
0.20099 0.6535
0.06001000000000001 0.6535

rEnv
4
0.51599 0.5545
0.6450100000000001 0.5545
0.6509900000000001 0.6535
0.51001 0.6535

topleft
4
-0.8825000000000001 1.1155
0 1.1155
0 1.2145
-0.8825000000000001 1.2145

topright
4
0 1.1155
1.1480000000000001 1.1155
1.1480000000000001 1.2145
0 1.2145


44
IMD2d1_damage
4
-0.388924 0.5445
-0.331076 0.5445
-0.330472 0.5545
-0.389528 0.5545
3.1

IMD2d1_damage
4
-0.028924000000000012 0.5445
0.028924000000000012 0.5445
0.029528000000000013 0.5545
-0.029528000000000013 0.5545
3.1

IMD2d1_damage
4
0.05657600000000001 0.5445
0.204424 0.5445
0.205028 0.5545
0.05597200000000001 0.5545
3.1

IMD2d1_damage
4
0.506576 0.5445
0.654424 0.5445
0.655028 0.5545
0.505972 0.5545
3.1

IMD2d2_damage
4
-0.384519 0.5545
-0.37951 0.5545
-0.38549 0.6535
-0.390499 0.6535
2.9

IMD2d2_damage
4
-0.34048999999999996 0.5545
-0.335481 0.5545
-0.329501 0.6535
-0.33451 0.6535
2.9

IMD2d2_damage
4
-0.024519000000000013 0.5545
-0.019510000000000013 0.5545
-0.025490000000000013 0.6535
-0.030499000000000012 0.6535
2.9

IMD2d2_damage
4
0.019510000000000013 0.5545
0.024519000000000013 0.5545
0.030499000000000012 0.6535
0.025490000000000013 0.6535
2.9

IMD2d2_damage
4
0.06098100000000001 0.5545
0.06599000000000001 0.5545
0.06001000000000001 0.6535
0.05500100000000001 0.6535
2.9

IMD2d2_damage
4
0.19501 0.5545
0.200019 0.5545
0.20599900000000002 0.6535
0.20099 0.6535
2.9

IMD2d2_damage
4
0.5109809999999999 0.5545
0.51599 0.5545
0.51001 0.6535
0.5050009999999999 0.6535
2.9

IMD2d2_damage
4
0.6450100000000001 0.5545
0.6500190000000001 0.5545
0.6559990000000001 0.6535
0.6509900000000001 0.6535
2.9

IMD5d1_damage
4
-0.8825000000000001 1.1055
1.1480000000000001 1.1055
1.1480000000000001 1.1155
-0.8825000000000001 1.1155
3.1

IMD2d2
4
-0.8825000000000001 0.5545
-0.384519 0.5545
-0.390499 0.6535
-0.8825000000000001 0.6535
2.65

IMD2d2
4
-0.335481 0.5545
-0.024519000000000013 0.5545
-0.030499000000000012 0.6535
-0.329501 0.6535
2.65

IMD2d2
4
0.024519000000000013 0.5545
0.06098100000000001 0.5545
0.05500100000000001 0.6535
0.030499000000000012 0.6535
2.65

IMD2d2
4
0.200019 0.5545
0.5109809999999999 0.5545
0.5050009999999999 0.6535
0.20599900000000002 0.6535
2.65

IMD2d2
4
0.6500190000000001 0.5545
1.1480000000000001 0.5545
1.1480000000000001 0.6535
0.6559990000000001 0.6535
2.65

IMD2d1
4
-0.8825000000000001 0.5445
-0.388924 0.5445
-0.389528 0.5545
-0.8825000000000001 0.5545
2.65

IMD2d1
4
-0.331076 0.5445
-0.028924000000000012 0.5445
-0.029528000000000013 0.5545
-0.330472 0.5545
2.65

IMD2d1
4
0.028924000000000012 0.5445
0.05657600000000001 0.5445
0.05597200000000001 0.5545
0.029528000000000013 0.5545
2.65

IMD2d1
4
0.204424 0.5445
0.506576 0.5445
0.505972 0.5545
0.205028 0.5545
2.65

IMD2d1
4
0.654424 0.5445
1.1480000000000001 0.5445
1.1480000000000001 0.5545
0.655028 0.5545
2.65

IMD2d1
4
-0.8825000000000001 0.5265
1.1480000000000001 0.5265
1.1480000000000001 0.5445
-0.8825000000000001 0.5445
2.65

IMD5d1
4
-0.8825000000000001 1.0875
1.1480000000000001 1.0875
1.1480000000000001 1.1055
-0.8825000000000001 1.1055
2.65

FOXA+FOXB+TOX
4
-0.8825000000000001 0.001
1.1480000000000001 0.001
1.1480000000000001 0.2665
-0.8825000000000001 0.2665
4.0

ILD1a
4
-0.8825000000000001 0.2665
1.1480000000000001 0.2665
1.1480000000000001 0.2765
-0.8825000000000001 0.2765
7.0

ILD1b1+ILD1b2+ILD1b3
4
-0.8825000000000001 0.2765
1.1480000000000001 0.2765
1.1480000000000001 0.3955
-0.8825000000000001 0.3955
4.0

IMD1a
4
-0.8825000000000001 0.3955
1.1480000000000001 0.3955
1.1480000000000001 0.4065
-0.8825000000000001 0.4065
5.2

IMD1b
4
-0.8825000000000001 0.4065
1.1480000000000001 0.4065
1.1480000000000001 0.4665
-0.8825000000000001 0.4665
2.8

IMD2a
4
-0.8825000000000001 0.4665
1.1480000000000001 0.4665
1.1480000000000001 0.4875
-0.8825000000000001 0.4875
5.2

IMD2b
4
-0.8825000000000001 0.4875
1.1480000000000001 0.4875
1.1480000000000001 0.5025
-0.8825000000000001 0.5025
4.2

IMD2c
4
-0.8825000000000001 0.5025
1.1480000000000001 0.5025
1.1480000000000001 0.5265
-0.8825000000000001 0.5265
3.28

IMD3a
4
-0.8825000000000001 0.6535
1.1480000000000001 0.6535
1.1480000000000001 0.6745
-0.8825000000000001 0.6745
5.2

IMD3b
4
-0.8825000000000001 0.6745
1.1480000000000001 0.6745
1.1480000000000001 0.6895
-0.8825000000000001 0.6895
4.2

IMD3c
4
-0.8825000000000001 0.6895
1.1480000000000001 0.6895
1.1480000000000001 0.7135
-0.8825000000000001 0.7135
3.28

IMD3d1+IMD3d2
4
-0.8825000000000001 0.7135
1.1480000000000001 0.7135
1.1480000000000001 0.8405
-0.8825000000000001 0.8405
2.65

IMD4a
4
-0.8825000000000001 0.8405
1.1480000000000001 0.8405
1.1480000000000001 0.8615
-0.8825000000000001 0.8615
5.2

IMD4b
4
-0.8825000000000001 0.8615
1.1480000000000001 0.8615
1.1480000000000001 0.8765
-0.8825000000000001 0.8765
4.2

IMD4c
4
-0.8825000000000001 0.8765
1.1480000000000001 0.8765
1.1480000000000001 0.9005
-0.8825000000000001 0.9005
3.28

IMD4d1+IMD4d2
4
-0.8825000000000001 0.9005
1.1480000000000001 0.9005
1.1480000000000001 1.0275
-0.8825000000000001 1.0275
2.65

IMD5a
4
-0.8825000000000001 1.0275
1.1480000000000001 1.0275
1.1480000000000001 1.0485
-0.8825000000000001 1.0485
5.2

IMD5b
4
-0.8825000000000001 1.0485
1.1480000000000001 1.0485
1.1480000000000001 1.0635
-0.8825000000000001 1.0635
4.2

IMD5c
4
-0.8825000000000001 1.0635
1.1480000000000001 1.0635
1.1480000000000001 1.0875
-0.8825000000000001 1.0875
3.28


4
-0.8825000000000001 0.001
1.1480000000000001 0.001
1.1480000000000001 1.1155
-0.8825000000000001 1.1155

