c1
4
-0.44701 0.5545
0.44701 0.5545
0.45299 0.6535
-0.45299 0.6535

7
botleft
4
-2.165 -0.001
0 -0.001
0 0.001
-2.165 0.001

botright
4
0 -0.001
3.1055 -0.001
3.1055 0.001
0 0.001

lEnv
4
-1.6620099999999998 0.5545
-0.76799 0.5545
-0.76201 0.6535
-1.6679899999999999 0.6535

c2
4
0.4934900000000001 0.5545
1.38751 0.5545
1.3934900000000001 0.6535
0.4875100000000001 0.6535

rEnv
4
1.70849 0.5545
2.6025099999999997 0.5545
2.6084899999999998 0.6535
1.70251 0.6535

topleft
4
-2.165 0.9285000000000001
0 0.9285000000000001
0 1.0275
-2.165 1.0275

topright
4
0 0.9285000000000001
3.1055 0.9285000000000001
3.1055 1.0275
0 1.0275


40
IMD2d1_damage
4
-1.6714239999999998 0.5445
-0.758576 0.5445
-0.757972 0.5545
-1.6720279999999998 0.5545
3.1

IMD2d1_damage
4
-0.456424 0.5445
0.456424 0.5445
0.457028 0.5545
-0.457028 0.5545
3.1

IMD2d1_damage
4
0.4840760000000001 0.5445
1.396924 0.5445
1.397528 0.5545
0.4834720000000001 0.5545
3.1

IMD2d1_damage
4
1.699076 0.5445
2.6119239999999997 0.5445
2.6125279999999997 0.5545
1.698472 0.5545
3.1

IMD2d2_damage
4
-1.6670189999999998 0.5545
-1.6620099999999998 0.5545
-1.6679899999999999 0.6535
-1.672999 0.6535
2.9

IMD2d2_damage
4
-0.76799 0.5545
-0.7629809999999999 0.5545
-0.7570009999999999 0.6535
-0.76201 0.6535
2.9

IMD2d2_damage
4
-0.452019 0.5545
-0.44701 0.5545
-0.45299 0.6535
-0.457999 0.6535
2.9

IMD2d2_damage
4
0.44701 0.5545
0.452019 0.5545
0.457999 0.6535
0.45299 0.6535
2.9

IMD2d2_damage
4
0.4884810000000001 0.5545
0.4934900000000001 0.5545
0.4875100000000001 0.6535
0.4825010000000001 0.6535
2.9

IMD2d2_damage
4
1.38751 0.5545
1.392519 0.5545
1.3984990000000002 0.6535
1.3934900000000001 0.6535
2.9

IMD2d2_damage
4
1.703481 0.5545
1.70849 0.5545
1.70251 0.6535
1.697501 0.6535
2.9

IMD2d2_damage
4
2.6025099999999997 0.5545
2.6075189999999995 0.5545
2.6134989999999996 0.6535
2.6084899999999998 0.6535
2.9

IMD4d1_damage
4
-2.165 0.9185000000000001
3.1055 0.9185000000000001
3.1055 0.9285000000000001
-2.165 0.9285000000000001
3.1

IMD2d2
4
-2.165 0.5545
-1.6670189999999998 0.5545
-1.672999 0.6535
-2.165 0.6535
2.65

IMD2d2
4
-0.7629809999999999 0.5545
-0.452019 0.5545
-0.457999 0.6535
-0.7570009999999999 0.6535
2.65

IMD2d2
4
0.452019 0.5545
0.4884810000000001 0.5545
0.4825010000000001 0.6535
0.457999 0.6535
2.65

IMD2d2
4
1.392519 0.5545
1.703481 0.5545
1.697501 0.6535
1.3984990000000002 0.6535
2.65

IMD2d2
4
2.6075189999999995 0.5545
3.1055 0.5545
3.1055 0.6535
2.6134989999999996 0.6535
2.65

IMD2d1
4
-2.165 0.5445
-1.6714239999999998 0.5445
-1.6720279999999998 0.5545
-2.165 0.5545
2.65

IMD2d1
4
-0.758576 0.5445
-0.456424 0.5445
-0.457028 0.5545
-0.757972 0.5545
2.65

IMD2d1
4
0.456424 0.5445
0.4840760000000001 0.5445
0.4834720000000001 0.5545
0.457028 0.5545
2.65

IMD2d1
4
1.396924 0.5445
1.699076 0.5445
1.698472 0.5545
1.397528 0.5545
2.65

IMD2d1
4
2.6119239999999997 0.5445
3.1055 0.5445
3.1055 0.5545
2.6125279999999997 0.5545
2.65

IMD2d1
4
-2.165 0.5265
3.1055 0.5265
3.1055 0.5445
-2.165 0.5445
2.65

IMD4d1
4
-2.165 0.9005
3.1055 0.9005
3.1055 0.9185000000000001
-2.165 0.9185000000000001
2.65

FOXA+FOXB+TOX
4
-2.165 0.001
3.1055 0.001
3.1055 0.2665
-2.165 0.2665
4.0

ILD1a
4
-2.165 0.2665
3.1055 0.2665
3.1055 0.2765
-2.165 0.2765
7.0

ILD1b1+ILD1b2+ILD1b3
4
-2.165 0.2765
3.1055 0.2765
3.1055 0.3955
-2.165 0.3955
4.0

IMD1a
4
-2.165 0.3955
3.1055 0.3955
3.1055 0.4065
-2.165 0.4065
5.2

IMD1b
4
-2.165 0.4065
3.1055 0.4065
3.1055 0.4665
-2.165 0.4665
2.8

IMD2a
4
-2.165 0.4665
3.1055 0.4665
3.1055 0.4875
-2.165 0.4875
5.2

IMD2b
4
-2.165 0.4875
3.1055 0.4875
3.1055 0.5025
-2.165 0.5025
4.2

IMD2c
4
-2.165 0.5025
3.1055 0.5025
3.1055 0.5265
-2.165 0.5265
3.28

IMD3a
4
-2.165 0.6535
3.1055 0.6535
3.1055 0.6745
-2.165 0.6745
5.2

IMD3b
4
-2.165 0.6745
3.1055 0.6745
3.1055 0.6895
-2.165 0.6895
4.2

IMD3c
4
-2.165 0.6895
3.1055 0.6895
3.1055 0.7135
-2.165 0.7135
3.28

IMD3d1+IMD3d2
4
-2.165 0.7135
3.1055 0.7135
3.1055 0.8405
-2.165 0.8405
2.65

IMD4a
4
-2.165 0.8405
3.1055 0.8405
3.1055 0.8615
-2.165 0.8615
5.2

IMD4b
4
-2.165 0.8615
3.1055 0.8615
3.1055 0.8765
-2.165 0.8765
4.2

IMD4c
4
-2.165 0.8765
3.1055 0.8765
3.1055 0.9005
-2.165 0.9005
3.28


4
-2.165 0.001
3.1055 0.001
3.1055 0.9285000000000001
-2.165 0.9285000000000001

