c1
4
-0.01951 0.5545
0.01951 0.5545
0.02549 0.6535
-0.02549 0.6535

7
botleft
4
-0.6125 -0.001
0 -0.001
0 0.001
-0.6125 0.001

botright
4
0 -0.001
0.7925000000000001 -0.001
0.7925000000000001 0.001
0 0.001

lEnv
4
-0.10951 0.5545
-0.07049 0.5545
-0.06451 0.6535
-0.11549 0.6535

c2
4
0.16049000000000005 0.5545
0.19951000000000005 0.5545
0.20549000000000006 0.6535
0.15451000000000004 0.6535

rEnv
4
0.25049000000000005 0.5545
0.28951000000000005 0.5545
0.29549000000000003 0.6535
0.24451000000000006 0.6535

topleft
4
-0.6125 1.1155
0 1.1155
0 1.2145
-0.6125 1.2145

topright
4
0 1.1155
0.7925000000000001 1.1155
0.7925000000000001 1.2145
0 1.2145


44
IMD2d1_damage
4
-0.118924 0.5445
-0.061076 0.5445
-0.060472 0.5545
-0.119528 0.5545
3.1

IMD2d1_damage
4
-0.028924 0.5445
0.028924 0.5445
0.029528 0.5545
-0.029528 0.5545
3.1

IMD2d1_damage
4
0.15107600000000004 0.5445
0.20892400000000005 0.5445
0.20952800000000005 0.5545
0.15047200000000005 0.5545
3.1

IMD2d1_damage
4
0.24107600000000007 0.5445
0.298924 0.5445
0.299528 0.5545
0.24047200000000007 0.5545
3.1

IMD2d2_damage
4
-0.114519 0.5545
-0.10951 0.5545
-0.11549 0.6535
-0.120499 0.6535
2.9

IMD2d2_damage
4
-0.07049 0.5545
-0.065481 0.5545
-0.059501 0.6535
-0.06451 0.6535
2.9

IMD2d2_damage
4
-0.024519 0.5545
-0.01951 0.5545
-0.02549 0.6535
-0.030499 0.6535
2.9

IMD2d2_damage
4
0.01951 0.5545
0.024519 0.5545
0.030499 0.6535
0.02549 0.6535
2.9

IMD2d2_damage
4
0.15548100000000004 0.5545
0.16049000000000005 0.5545
0.15451000000000004 0.6535
0.14950100000000002 0.6535
2.9

IMD2d2_damage
4
0.19951000000000005 0.5545
0.20451900000000006 0.5545
0.21049900000000007 0.6535
0.20549000000000006 0.6535
2.9

IMD2d2_damage
4
0.24548100000000003 0.5545
0.25049000000000005 0.5545
0.24451000000000006 0.6535
0.23950100000000005 0.6535
2.9

IMD2d2_damage
4
0.28951000000000005 0.5545
0.29451900000000003 0.5545
0.300499 0.6535
0.29549000000000003 0.6535
2.9

IMD5d1_damage
4
-0.6125 1.1055
0.7925000000000001 1.1055
0.7925000000000001 1.1155
-0.6125 1.1155
3.1

IMD2d2
4
-0.6125 0.5545
-0.114519 0.5545
-0.120499 0.6535
-0.6125 0.6535
2.65

IMD2d2
4
-0.065481 0.5545
-0.024519 0.5545
-0.030499 0.6535
-0.059501 0.6535
2.65

IMD2d2
4
0.024519 0.5545
0.15548100000000004 0.5545
0.14950100000000002 0.6535
0.030499 0.6535
2.65

IMD2d2
4
0.20451900000000006 0.5545
0.24548100000000003 0.5545
0.23950100000000005 0.6535
0.21049900000000007 0.6535
2.65

IMD2d2
4
0.29451900000000003 0.5545
0.7925000000000001 0.5545
0.7925000000000001 0.6535
0.300499 0.6535
2.65

IMD2d1
4
-0.6125 0.5445
-0.118924 0.5445
-0.119528 0.5545
-0.6125 0.5545
2.65

IMD2d1
4
-0.061076 0.5445
-0.028924 0.5445
-0.029528 0.5545
-0.060472 0.5545
2.65

IMD2d1
4
0.028924 0.5445
0.15107600000000004 0.5445
0.15047200000000005 0.5545
0.029528 0.5545
2.65

IMD2d1
4
0.20892400000000005 0.5445
0.24107600000000007 0.5445
0.24047200000000007 0.5545
0.20952800000000005 0.5545
2.65

IMD2d1
4
0.298924 0.5445
0.7925000000000001 0.5445
0.7925000000000001 0.5545
0.299528 0.5545
2.65

IMD2d1
4
-0.6125 0.5265
0.7925000000000001 0.5265
0.7925000000000001 0.5445
-0.6125 0.5445
2.65

IMD5d1
4
-0.6125 1.0875
0.7925000000000001 1.0875
0.7925000000000001 1.1055
-0.6125 1.1055
2.65

FOXA+FOXB+TOX
4
-0.6125 0.001
0.7925000000000001 0.001
0.7925000000000001 0.2665
-0.6125 0.2665
4.0

ILD1a
4
-0.6125 0.2665
0.7925000000000001 0.2665
0.7925000000000001 0.2765
-0.6125 0.2765
7.0

ILD1b1+ILD1b2+ILD1b3
4
-0.6125 0.2765
0.7925000000000001 0.2765
0.7925000000000001 0.3955
-0.6125 0.3955
4.0

IMD1a
4
-0.6125 0.3955
0.7925000000000001 0.3955
0.7925000000000001 0.4065
-0.6125 0.4065
5.2

IMD1b
4
-0.6125 0.4065
0.7925000000000001 0.4065
0.7925000000000001 0.4665
-0.6125 0.4665
2.8

IMD2a
4
-0.6125 0.4665
0.7925000000000001 0.4665
0.7925000000000001 0.4875
-0.6125 0.4875
5.2

IMD2b
4
-0.6125 0.4875
0.7925000000000001 0.4875
0.7925000000000001 0.5025
-0.6125 0.5025
4.2

IMD2c
4
-0.6125 0.5025
0.7925000000000001 0.5025
0.7925000000000001 0.5265
-0.6125 0.5265
3.28

IMD3a
4
-0.6125 0.6535
0.7925000000000001 0.6535
0.7925000000000001 0.6745
-0.6125 0.6745
5.2

IMD3b
4
-0.6125 0.6745
0.7925000000000001 0.6745
0.7925000000000001 0.6895
-0.6125 0.6895
4.2

IMD3c
4
-0.6125 0.6895
0.7925000000000001 0.6895
0.7925000000000001 0.7135
-0.6125 0.7135
3.28

IMD3d1+IMD3d2
4
-0.6125 0.7135
0.7925000000000001 0.7135
0.7925000000000001 0.8405
-0.6125 0.8405
2.65

IMD4a
4
-0.6125 0.8405
0.7925000000000001 0.8405
0.7925000000000001 0.8615
-0.6125 0.8615
5.2

IMD4b
4
-0.6125 0.8615
0.7925000000000001 0.8615
0.7925000000000001 0.8765
-0.6125 0.8765
4.2

IMD4c
4
-0.6125 0.8765
0.7925000000000001 0.8765
0.7925000000000001 0.9005
-0.6125 0.9005
3.28

IMD4d1+IMD4d2
4
-0.6125 0.9005
0.7925000000000001 0.9005
0.7925000000000001 1.0275
-0.6125 1.0275
2.65

IMD5a
4
-0.6125 1.0275
0.7925000000000001 1.0275
0.7925000000000001 1.0485
-0.6125 1.0485
5.2

IMD5b
4
-0.6125 1.0485
0.7925000000000001 1.0485
0.7925000000000001 1.0635
-0.6125 1.0635
4.2

IMD5c
4
-0.6125 1.0635
0.7925000000000001 1.0635
0.7925000000000001 1.0875
-0.6125 1.0875
3.28


4
-0.6125 0.001
0.7925000000000001 0.001
0.7925000000000001 1.1155
-0.6125 1.1155

