c1
4
-0.44701 0.5545
0.44701 0.5545
0.45299 0.6535
-0.45299 0.6535

7
botleft
4
-2.165 -0.001
0 -0.001
0 0.001
-2.165 0.001

botright
4
0 -0.001
1.5574999999999994 -0.001
1.5574999999999994 0.001
0 0.001

lEnv
4
-1.6620099999999998 0.5545
-0.76799 0.5545
-0.76201 0.6535
-1.6679899999999999 0.6535

c2
4
0.47548999999999986 0.5545
0.6045099999999998 0.5545
0.6104899999999998 0.6535
0.46950999999999987 0.6535

rEnv
4
0.9254899999999996 0.5545
1.0545099999999994 0.5545
1.0604899999999995 0.6535
0.9195099999999996 0.6535

topleft
4
-2.165 1.3025
0 1.3025
0 1.4015
-2.165 1.4015

topright
4
0 1.3025
1.5574999999999994 1.3025
1.5574999999999994 1.4015
0 1.4015


48
IMD2d1_damage
4
-1.6714239999999998 0.5445
-0.758576 0.5445
-0.757972 0.5545
-1.6720279999999998 0.5545
3.1

IMD2d1_damage
4
-0.456424 0.5445
0.456424 0.5445
0.457028 0.5545
-0.457028 0.5545
3.1

IMD2d1_damage
4
0.4660759999999999 0.5445
0.6139239999999997 0.5445
0.6145279999999997 0.5545
0.4654719999999999 0.5545
3.1

IMD2d1_damage
4
0.9160759999999997 0.5445
1.0639239999999994 0.5445
1.0645279999999995 0.5545
0.9154719999999996 0.5545
3.1

IMD2d2_damage
4
-1.6670189999999998 0.5545
-1.6620099999999998 0.5545
-1.6679899999999999 0.6535
-1.672999 0.6535
2.9

IMD2d2_damage
4
-0.76799 0.5545
-0.7629809999999999 0.5545
-0.7570009999999999 0.6535
-0.76201 0.6535
2.9

IMD2d2_damage
4
-0.452019 0.5545
-0.44701 0.5545
-0.45299 0.6535
-0.457999 0.6535
2.9

IMD2d2_damage
4
0.44701 0.5545
0.452019 0.5545
0.457999 0.6535
0.45299 0.6535
2.9

IMD2d2_damage
4
0.47048099999999987 0.5545
0.47548999999999986 0.5545
0.46950999999999987 0.6535
0.4645009999999999 0.6535
2.9

IMD2d2_damage
4
0.6045099999999998 0.5545
0.6095189999999998 0.5545
0.6154989999999998 0.6535
0.6104899999999998 0.6535
2.9

IMD2d2_damage
4
0.9204809999999995 0.5545
0.9254899999999996 0.5545
0.9195099999999996 0.6535
0.9145009999999996 0.6535
2.9

IMD2d2_damage
4
1.0545099999999994 0.5545
1.0595189999999994 0.5545
1.0654989999999995 0.6535
1.0604899999999995 0.6535
2.9

IMD6d1_damage
4
-2.165 1.2925
1.5574999999999994 1.2925
1.5574999999999994 1.3025
-2.165 1.3025
3.1

IMD2d2
4
-2.165 0.5545
-1.6670189999999998 0.5545
-1.672999 0.6535
-2.165 0.6535
2.65

IMD2d2
4
-0.7629809999999999 0.5545
-0.452019 0.5545
-0.457999 0.6535
-0.7570009999999999 0.6535
2.65

IMD2d2
4
0.452019 0.5545
0.47048099999999987 0.5545
0.4645009999999999 0.6535
0.457999 0.6535
2.65

IMD2d2
4
0.6095189999999998 0.5545
0.9204809999999995 0.5545
0.9145009999999996 0.6535
0.6154989999999998 0.6535
2.65

IMD2d2
4
1.0595189999999994 0.5545
1.5574999999999994 0.5545
1.5574999999999994 0.6535
1.0654989999999995 0.6535
2.65

IMD2d1
4
-2.165 0.5445
-1.6714239999999998 0.5445
-1.6720279999999998 0.5545
-2.165 0.5545
2.65

IMD2d1
4
-0.758576 0.5445
-0.456424 0.5445
-0.457028 0.5545
-0.757972 0.5545
2.65

IMD2d1
4
0.456424 0.5445
0.4660759999999999 0.5445
0.4654719999999999 0.5545
0.457028 0.5545
2.65

IMD2d1
4
0.6139239999999997 0.5445
0.9160759999999997 0.5445
0.9154719999999996 0.5545
0.6145279999999997 0.5545
2.65

IMD2d1
4
1.0639239999999994 0.5445
1.5574999999999994 0.5445
1.5574999999999994 0.5545
1.0645279999999995 0.5545
2.65

IMD2d1
4
-2.165 0.5265
1.5574999999999994 0.5265
1.5574999999999994 0.5445
-2.165 0.5445
2.65

IMD6d1
4
-2.165 1.2745
1.5574999999999994 1.2745
1.5574999999999994 1.2925
-2.165 1.2925
2.65

FOXA+FOXB+TOX
4
-2.165 0.001
1.5574999999999994 0.001
1.5574999999999994 0.2665
-2.165 0.2665
4.0

ILD1a
4
-2.165 0.2665
1.5574999999999994 0.2665
1.5574999999999994 0.2765
-2.165 0.2765
7.0

ILD1b1+ILD1b2+ILD1b3
4
-2.165 0.2765
1.5574999999999994 0.2765
1.5574999999999994 0.3955
-2.165 0.3955
4.0

IMD1a
4
-2.165 0.3955
1.5574999999999994 0.3955
1.5574999999999994 0.4065
-2.165 0.4065
5.2

IMD1b
4
-2.165 0.4065
1.5574999999999994 0.4065
1.5574999999999994 0.4665
-2.165 0.4665
2.8

IMD2a
4
-2.165 0.4665
1.5574999999999994 0.4665
1.5574999999999994 0.4875
-2.165 0.4875
5.2

IMD2b
4
-2.165 0.4875
1.5574999999999994 0.4875
1.5574999999999994 0.5025
-2.165 0.5025
4.2

IMD2c
4
-2.165 0.5025
1.5574999999999994 0.5025
1.5574999999999994 0.5265
-2.165 0.5265
3.28

IMD3a
4
-2.165 0.6535
1.5574999999999994 0.6535
1.5574999999999994 0.6745
-2.165 0.6745
5.2

IMD3b
4
-2.165 0.6745
1.5574999999999994 0.6745
1.5574999999999994 0.6895
-2.165 0.6895
4.2

IMD3c
4
-2.165 0.6895
1.5574999999999994 0.6895
1.5574999999999994 0.7135
-2.165 0.7135
3.28

IMD3d1+IMD3d2
4
-2.165 0.7135
1.5574999999999994 0.7135
1.5574999999999994 0.8405
-2.165 0.8405
2.65

IMD4a
4
-2.165 0.8405
1.5574999999999994 0.8405
1.5574999999999994 0.8615
-2.165 0.8615
5.2

IMD4b
4
-2.165 0.8615
1.5574999999999994 0.8615
1.5574999999999994 0.8765
-2.165 0.8765
4.2

IMD4c
4
-2.165 0.8765
1.5574999999999994 0.8765
1.5574999999999994 0.9005
-2.165 0.9005
3.28

IMD4d1+IMD4d2
4
-2.165 0.9005
1.5574999999999994 0.9005
1.5574999999999994 1.0275
-2.165 1.0275
2.65

IMD5a
4
-2.165 1.0275
1.5574999999999994 1.0275
1.5574999999999994 1.0485
-2.165 1.0485
5.2

IMD5b
4
-2.165 1.0485
1.5574999999999994 1.0485
1.5574999999999994 1.0635
-2.165 1.0635
4.2

IMD5c
4
-2.165 1.0635
1.5574999999999994 1.0635
1.5574999999999994 1.0875
-2.165 1.0875
3.28

IMD5d1+IMD5d2
4
-2.165 1.0875
1.5574999999999994 1.0875
1.5574999999999994 1.2145
-2.165 1.2145
2.65

IMD6a
4
-2.165 1.2145
1.5574999999999994 1.2145
1.5574999999999994 1.2355
-2.165 1.2355
5.2

IMD6b
4
-2.165 1.2355
1.5574999999999994 1.2355
1.5574999999999994 1.2505
-2.165 1.2505
4.2

IMD6c
4
-2.165 1.2505
1.5574999999999994 1.2505
1.5574999999999994 1.2745
-2.165 1.2745
3.28


4
-2.165 0.001
1.5574999999999994 0.001
1.5574999999999994 1.3025
-2.165 1.3025

