c1
4
-0.019510000000000013 0.5545
0.019510000000000013 0.5545
0.025490000000000013 0.6535
-0.025490000000000013 0.6535

7
botleft
4
-0.8825000000000001 -0.001
0 -0.001
0 0.001
-0.8825000000000001 0.001

botright
4
0 -0.001
2.8175 -0.001
2.8175 0.001
0 0.001

lEnv
4
-0.37951 0.5545
-0.34048999999999996 0.5545
-0.33451 0.6535
-0.38549 0.6535

c2
4
0.20548999999999998 0.5545
1.09951 0.5545
1.10549 0.6535
0.19950999999999997 0.6535

rEnv
4
1.42049 0.5545
2.31451 0.5545
2.32049 0.6535
1.41451 0.6535

topleft
4
-0.8825000000000001 0.9285000000000001
0 0.9285000000000001
0 1.0275
-0.8825000000000001 1.0275

topright
4
0 0.9285000000000001
2.8175 0.9285000000000001
2.8175 1.0275
0 1.0275


40
IMD2d1_damage
4
-0.388924 0.5445
-0.331076 0.5445
-0.330472 0.5545
-0.389528 0.5545
3.1

IMD2d1_damage
4
-0.028924000000000012 0.5445
0.028924000000000012 0.5445
0.029528000000000013 0.5545
-0.029528000000000013 0.5545
3.1

IMD2d1_damage
4
0.19607599999999997 0.5445
1.108924 0.5445
1.109528 0.5545
0.19547199999999998 0.5545
3.1

IMD2d1_damage
4
1.411076 0.5445
2.323924 0.5445
2.324528 0.5545
1.410472 0.5545
3.1

IMD2d2_damage
4
-0.384519 0.5545
-0.37951 0.5545
-0.38549 0.6535
-0.390499 0.6535
2.9

IMD2d2_damage
4
-0.34048999999999996 0.5545
-0.335481 0.5545
-0.329501 0.6535
-0.33451 0.6535
2.9

IMD2d2_damage
4
-0.024519000000000013 0.5545
-0.019510000000000013 0.5545
-0.025490000000000013 0.6535
-0.030499000000000012 0.6535
2.9

IMD2d2_damage
4
0.019510000000000013 0.5545
0.024519000000000013 0.5545
0.030499000000000012 0.6535
0.025490000000000013 0.6535
2.9

IMD2d2_damage
4
0.20048099999999996 0.5545
0.20548999999999998 0.5545
0.19950999999999997 0.6535
0.19450099999999995 0.6535
2.9

IMD2d2_damage
4
1.09951 0.5545
1.104519 0.5545
1.1104990000000001 0.6535
1.10549 0.6535
2.9

IMD2d2_damage
4
1.415481 0.5545
1.42049 0.5545
1.41451 0.6535
1.409501 0.6535
2.9

IMD2d2_damage
4
2.31451 0.5545
2.3195189999999997 0.5545
2.3254989999999998 0.6535
2.32049 0.6535
2.9

IMD4d1_damage
4
-0.8825000000000001 0.9185000000000001
2.8175 0.9185000000000001
2.8175 0.9285000000000001
-0.8825000000000001 0.9285000000000001
3.1

IMD2d2
4
-0.8825000000000001 0.5545
-0.384519 0.5545
-0.390499 0.6535
-0.8825000000000001 0.6535
2.65

IMD2d2
4
-0.335481 0.5545
-0.024519000000000013 0.5545
-0.030499000000000012 0.6535
-0.329501 0.6535
2.65

IMD2d2
4
0.024519000000000013 0.5545
0.20048099999999996 0.5545
0.19450099999999995 0.6535
0.030499000000000012 0.6535
2.65

IMD2d2
4
1.104519 0.5545
1.415481 0.5545
1.409501 0.6535
1.1104990000000001 0.6535
2.65

IMD2d2
4
2.3195189999999997 0.5545
2.8175 0.5545
2.8175 0.6535
2.3254989999999998 0.6535
2.65

IMD2d1
4
-0.8825000000000001 0.5445
-0.388924 0.5445
-0.389528 0.5545
-0.8825000000000001 0.5545
2.65

IMD2d1
4
-0.331076 0.5445
-0.028924000000000012 0.5445
-0.029528000000000013 0.5545
-0.330472 0.5545
2.65

IMD2d1
4
0.028924000000000012 0.5445
0.19607599999999997 0.5445
0.19547199999999998 0.5545
0.029528000000000013 0.5545
2.65

IMD2d1
4
1.108924 0.5445
1.411076 0.5445
1.410472 0.5545
1.109528 0.5545
2.65

IMD2d1
4
2.323924 0.5445
2.8175 0.5445
2.8175 0.5545
2.324528 0.5545
2.65

IMD2d1
4
-0.8825000000000001 0.5265
2.8175 0.5265
2.8175 0.5445
-0.8825000000000001 0.5445
2.65

IMD4d1
4
-0.8825000000000001 0.9005
2.8175 0.9005
2.8175 0.9185000000000001
-0.8825000000000001 0.9185000000000001
2.65

FOXA+FOXB+TOX
4
-0.8825000000000001 0.001
2.8175 0.001
2.8175 0.2665
-0.8825000000000001 0.2665
4.0

ILD1a
4
-0.8825000000000001 0.2665
2.8175 0.2665
2.8175 0.2765
-0.8825000000000001 0.2765
7.0

ILD1b1+ILD1b2+ILD1b3
4
-0.8825000000000001 0.2765
2.8175 0.2765
2.8175 0.3955
-0.8825000000000001 0.3955
4.0

IMD1a
4
-0.8825000000000001 0.3955
2.8175 0.3955
2.8175 0.4065
-0.8825000000000001 0.4065
5.2

IMD1b
4
-0.8825000000000001 0.4065
2.8175 0.4065
2.8175 0.4665
-0.8825000000000001 0.4665
2.8

IMD2a
4
-0.8825000000000001 0.4665
2.8175 0.4665
2.8175 0.4875
-0.8825000000000001 0.4875
5.2

IMD2b
4
-0.8825000000000001 0.4875
2.8175 0.4875
2.8175 0.5025
-0.8825000000000001 0.5025
4.2

IMD2c
4
-0.8825000000000001 0.5025
2.8175 0.5025
2.8175 0.5265
-0.8825000000000001 0.5265
3.28

IMD3a
4
-0.8825000000000001 0.6535
2.8175 0.6535
2.8175 0.6745
-0.8825000000000001 0.6745
5.2

IMD3b
4
-0.8825000000000001 0.6745
2.8175 0.6745
2.8175 0.6895
-0.8825000000000001 0.6895
4.2

IMD3c
4
-0.8825000000000001 0.6895
2.8175 0.6895
2.8175 0.7135
-0.8825000000000001 0.7135
3.28

IMD3d1+IMD3d2
4
-0.8825000000000001 0.7135
2.8175 0.7135
2.8175 0.8405
-0.8825000000000001 0.8405
2.65

IMD4a
4
-0.8825000000000001 0.8405
2.8175 0.8405
2.8175 0.8615
-0.8825000000000001 0.8615
5.2

IMD4b
4
-0.8825000000000001 0.8615
2.8175 0.8615
2.8175 0.8765
-0.8825000000000001 0.8765
4.2

IMD4c
4
-0.8825000000000001 0.8765
2.8175 0.8765
2.8175 0.9005
-0.8825000000000001 0.9005
3.28


4
-0.8825000000000001 0.001
2.8175 0.001
2.8175 0.9285000000000001
-0.8825000000000001 0.9285000000000001

