c1
4
-0.01951 0.5545
0.01951 0.5545
0.02549 0.6535
-0.02549 0.6535

7
botleft
4
-0.6125 -0.001
0 -0.001
0 0.001
-0.6125 0.001

botright
4
0 -0.001
1.1075 -0.001
1.1075 0.001
0 0.001

lEnv
4
-0.10951 0.5545
-0.07049 0.5545
-0.06451 0.6535
-0.11549 0.6535

c2
4
0.47548999999999997 0.5545
0.51451 0.5545
0.52049 0.6535
0.46951 0.6535

rEnv
4
0.56549 0.5545
0.6045100000000001 0.5545
0.6104900000000001 0.6535
0.5595100000000001 0.6535

topleft
4
-0.6125 1.3025
0 1.3025
0 1.4015
-0.6125 1.4015

topright
4
0 1.3025
1.1075 1.3025
1.1075 1.4015
0 1.4015


48
IMD2d1_damage
4
-0.118924 0.5445
-0.061076 0.5445
-0.060472 0.5545
-0.119528 0.5545
3.1

IMD2d1_damage
4
-0.028924 0.5445
0.028924 0.5445
0.029528 0.5545
-0.029528 0.5545
3.1

IMD2d1_damage
4
0.466076 0.5445
0.523924 0.5445
0.524528 0.5545
0.465472 0.5545
3.1

IMD2d1_damage
4
0.5560760000000001 0.5445
0.613924 0.5445
0.6145280000000001 0.5545
0.5554720000000001 0.5545
3.1

IMD2d2_damage
4
-0.114519 0.5545
-0.10951 0.5545
-0.11549 0.6535
-0.120499 0.6535
2.9

IMD2d2_damage
4
-0.07049 0.5545
-0.065481 0.5545
-0.059501 0.6535
-0.06451 0.6535
2.9

IMD2d2_damage
4
-0.024519 0.5545
-0.01951 0.5545
-0.02549 0.6535
-0.030499 0.6535
2.9

IMD2d2_damage
4
0.01951 0.5545
0.024519 0.5545
0.030499 0.6535
0.02549 0.6535
2.9

IMD2d2_damage
4
0.470481 0.5545
0.47548999999999997 0.5545
0.46951 0.6535
0.464501 0.6535
2.9

IMD2d2_damage
4
0.51451 0.5545
0.5195190000000001 0.5545
0.525499 0.6535
0.52049 0.6535
2.9

IMD2d2_damage
4
0.560481 0.5545
0.56549 0.5545
0.5595100000000001 0.6535
0.554501 0.6535
2.9

IMD2d2_damage
4
0.6045100000000001 0.5545
0.6095190000000001 0.5545
0.6154990000000001 0.6535
0.6104900000000001 0.6535
2.9

IMD6d1_damage
4
-0.6125 1.2925
1.1075 1.2925
1.1075 1.3025
-0.6125 1.3025
3.1

IMD2d2
4
-0.6125 0.5545
-0.114519 0.5545
-0.120499 0.6535
-0.6125 0.6535
2.65

IMD2d2
4
-0.065481 0.5545
-0.024519 0.5545
-0.030499 0.6535
-0.059501 0.6535
2.65

IMD2d2
4
0.024519 0.5545
0.470481 0.5545
0.464501 0.6535
0.030499 0.6535
2.65

IMD2d2
4
0.5195190000000001 0.5545
0.560481 0.5545
0.554501 0.6535
0.525499 0.6535
2.65

IMD2d2
4
0.6095190000000001 0.5545
1.1075 0.5545
1.1075 0.6535
0.6154990000000001 0.6535
2.65

IMD2d1
4
-0.6125 0.5445
-0.118924 0.5445
-0.119528 0.5545
-0.6125 0.5545
2.65

IMD2d1
4
-0.061076 0.5445
-0.028924 0.5445
-0.029528 0.5545
-0.060472 0.5545
2.65

IMD2d1
4
0.028924 0.5445
0.466076 0.5445
0.465472 0.5545
0.029528 0.5545
2.65

IMD2d1
4
0.523924 0.5445
0.5560760000000001 0.5445
0.5554720000000001 0.5545
0.524528 0.5545
2.65

IMD2d1
4
0.613924 0.5445
1.1075 0.5445
1.1075 0.5545
0.6145280000000001 0.5545
2.65

IMD2d1
4
-0.6125 0.5265
1.1075 0.5265
1.1075 0.5445
-0.6125 0.5445
2.65

IMD6d1
4
-0.6125 1.2745
1.1075 1.2745
1.1075 1.2925
-0.6125 1.2925
2.65

FOXA+FOXB+TOX
4
-0.6125 0.001
1.1075 0.001
1.1075 0.2665
-0.6125 0.2665
4.0

ILD1a
4
-0.6125 0.2665
1.1075 0.2665
1.1075 0.2765
-0.6125 0.2765
7.0

ILD1b1+ILD1b2+ILD1b3
4
-0.6125 0.2765
1.1075 0.2765
1.1075 0.3955
-0.6125 0.3955
4.0

IMD1a
4
-0.6125 0.3955
1.1075 0.3955
1.1075 0.4065
-0.6125 0.4065
5.2

IMD1b
4
-0.6125 0.4065
1.1075 0.4065
1.1075 0.4665
-0.6125 0.4665
2.8

IMD2a
4
-0.6125 0.4665
1.1075 0.4665
1.1075 0.4875
-0.6125 0.4875
5.2

IMD2b
4
-0.6125 0.4875
1.1075 0.4875
1.1075 0.5025
-0.6125 0.5025
4.2

IMD2c
4
-0.6125 0.5025
1.1075 0.5025
1.1075 0.5265
-0.6125 0.5265
3.28

IMD3a
4
-0.6125 0.6535
1.1075 0.6535
1.1075 0.6745
-0.6125 0.6745
5.2

IMD3b
4
-0.6125 0.6745
1.1075 0.6745
1.1075 0.6895
-0.6125 0.6895
4.2

IMD3c
4
-0.6125 0.6895
1.1075 0.6895
1.1075 0.7135
-0.6125 0.7135
3.28

IMD3d1+IMD3d2
4
-0.6125 0.7135
1.1075 0.7135
1.1075 0.8405
-0.6125 0.8405
2.65

IMD4a
4
-0.6125 0.8405
1.1075 0.8405
1.1075 0.8615
-0.6125 0.8615
5.2

IMD4b
4
-0.6125 0.8615
1.1075 0.8615
1.1075 0.8765
-0.6125 0.8765
4.2

IMD4c
4
-0.6125 0.8765
1.1075 0.8765
1.1075 0.9005
-0.6125 0.9005
3.28

IMD4d1+IMD4d2
4
-0.6125 0.9005
1.1075 0.9005
1.1075 1.0275
-0.6125 1.0275
2.65

IMD5a
4
-0.6125 1.0275
1.1075 1.0275
1.1075 1.0485
-0.6125 1.0485
5.2

IMD5b
4
-0.6125 1.0485
1.1075 1.0485
1.1075 1.0635
-0.6125 1.0635
4.2

IMD5c
4
-0.6125 1.0635
1.1075 1.0635
1.1075 1.0875
-0.6125 1.0875
3.28

IMD5d1+IMD5d2
4
-0.6125 1.0875
1.1075 1.0875
1.1075 1.2145
-0.6125 1.2145
2.65

IMD6a
4
-0.6125 1.2145
1.1075 1.2145
1.1075 1.2355
-0.6125 1.2355
5.2

IMD6b
4
-0.6125 1.2355
1.1075 1.2355
1.1075 1.2505
-0.6125 1.2505
4.2

IMD6c
4
-0.6125 1.2505
1.1075 1.2505
1.1075 1.2745
-0.6125 1.2745
3.28


4
-0.6125 0.001
1.1075 0.001
1.1075 1.3025
-0.6125 1.3025

