c1
4
-0.44701 0.5545
0.44701 0.5545
0.45299 0.6535
-0.45299 0.6535

7
botleft
4
-2.165 -0.001
0 -0.001
0 0.001
-2.165 0.001

botright
4
0 -0.001
1.9849999999999997 -0.001
1.9849999999999997 0.001
0 0.001

lEnv
4
-1.6620099999999998 0.5545
-0.76799 0.5545
-0.76201 0.6535
-1.6679899999999999 0.6535

c2
4
0.9029900000000001 0.5545
1.0320099999999999 0.5545
1.03799 0.6535
0.8970100000000001 0.6535

rEnv
4
1.35299 0.5545
1.4820099999999996 0.5545
1.4879899999999997 0.6535
1.3470099999999998 0.6535

topleft
4
-2.165 1.3025
0 1.3025
0 1.4015
-2.165 1.4015

topright
4
0 1.3025
1.9849999999999997 1.3025
1.9849999999999997 1.4015
0 1.4015


48
IMD2d1_damage
4
-1.6714239999999998 0.5445
-0.758576 0.5445
-0.757972 0.5545
-1.6720279999999998 0.5545
3.1

IMD2d1_damage
4
-0.456424 0.5445
0.456424 0.5445
0.457028 0.5545
-0.457028 0.5545
3.1

IMD2d1_damage
4
0.8935760000000001 0.5445
1.041424 0.5445
1.042028 0.5545
0.8929720000000001 0.5545
3.1

IMD2d1_damage
4
1.3435759999999999 0.5445
1.4914239999999996 0.5445
1.4920279999999997 0.5545
1.3429719999999998 0.5545
3.1

IMD2d2_damage
4
-1.6670189999999998 0.5545
-1.6620099999999998 0.5545
-1.6679899999999999 0.6535
-1.672999 0.6535
2.9

IMD2d2_damage
4
-0.76799 0.5545
-0.7629809999999999 0.5545
-0.7570009999999999 0.6535
-0.76201 0.6535
2.9

IMD2d2_damage
4
-0.452019 0.5545
-0.44701 0.5545
-0.45299 0.6535
-0.457999 0.6535
2.9

IMD2d2_damage
4
0.44701 0.5545
0.452019 0.5545
0.457999 0.6535
0.45299 0.6535
2.9

IMD2d2_damage
4
0.897981 0.5545
0.9029900000000001 0.5545
0.8970100000000001 0.6535
0.892001 0.6535
2.9

IMD2d2_damage
4
1.0320099999999999 0.5545
1.037019 0.5545
1.042999 0.6535
1.03799 0.6535
2.9

IMD2d2_damage
4
1.3479809999999999 0.5545
1.35299 0.5545
1.3470099999999998 0.6535
1.3420009999999998 0.6535
2.9

IMD2d2_damage
4
1.4820099999999996 0.5545
1.4870189999999996 0.5545
1.4929989999999997 0.6535
1.4879899999999997 0.6535
2.9

IMD6d1_damage
4
-2.165 1.2925
1.9849999999999997 1.2925
1.9849999999999997 1.3025
-2.165 1.3025
3.1

IMD2d2
4
-2.165 0.5545
-1.6670189999999998 0.5545
-1.672999 0.6535
-2.165 0.6535
2.65

IMD2d2
4
-0.7629809999999999 0.5545
-0.452019 0.5545
-0.457999 0.6535
-0.7570009999999999 0.6535
2.65

IMD2d2
4
0.452019 0.5545
0.897981 0.5545
0.892001 0.6535
0.457999 0.6535
2.65

IMD2d2
4
1.037019 0.5545
1.3479809999999999 0.5545
1.3420009999999998 0.6535
1.042999 0.6535
2.65

IMD2d2
4
1.4870189999999996 0.5545
1.9849999999999997 0.5545
1.9849999999999997 0.6535
1.4929989999999997 0.6535
2.65

IMD2d1
4
-2.165 0.5445
-1.6714239999999998 0.5445
-1.6720279999999998 0.5545
-2.165 0.5545
2.65

IMD2d1
4
-0.758576 0.5445
-0.456424 0.5445
-0.457028 0.5545
-0.757972 0.5545
2.65

IMD2d1
4
0.456424 0.5445
0.8935760000000001 0.5445
0.8929720000000001 0.5545
0.457028 0.5545
2.65

IMD2d1
4
1.041424 0.5445
1.3435759999999999 0.5445
1.3429719999999998 0.5545
1.042028 0.5545
2.65

IMD2d1
4
1.4914239999999996 0.5445
1.9849999999999997 0.5445
1.9849999999999997 0.5545
1.4920279999999997 0.5545
2.65

IMD2d1
4
-2.165 0.5265
1.9849999999999997 0.5265
1.9849999999999997 0.5445
-2.165 0.5445
2.65

IMD6d1
4
-2.165 1.2745
1.9849999999999997 1.2745
1.9849999999999997 1.2925
-2.165 1.2925
2.65

FOXA+FOXB+TOX
4
-2.165 0.001
1.9849999999999997 0.001
1.9849999999999997 0.2665
-2.165 0.2665
4.0

ILD1a
4
-2.165 0.2665
1.9849999999999997 0.2665
1.9849999999999997 0.2765
-2.165 0.2765
7.0

ILD1b1+ILD1b2+ILD1b3
4
-2.165 0.2765
1.9849999999999997 0.2765
1.9849999999999997 0.3955
-2.165 0.3955
4.0

IMD1a
4
-2.165 0.3955
1.9849999999999997 0.3955
1.9849999999999997 0.4065
-2.165 0.4065
5.2

IMD1b
4
-2.165 0.4065
1.9849999999999997 0.4065
1.9849999999999997 0.4665
-2.165 0.4665
2.8

IMD2a
4
-2.165 0.4665
1.9849999999999997 0.4665
1.9849999999999997 0.4875
-2.165 0.4875
5.2

IMD2b
4
-2.165 0.4875
1.9849999999999997 0.4875
1.9849999999999997 0.5025
-2.165 0.5025
4.2

IMD2c
4
-2.165 0.5025
1.9849999999999997 0.5025
1.9849999999999997 0.5265
-2.165 0.5265
3.28

IMD3a
4
-2.165 0.6535
1.9849999999999997 0.6535
1.9849999999999997 0.6745
-2.165 0.6745
5.2

IMD3b
4
-2.165 0.6745
1.9849999999999997 0.6745
1.9849999999999997 0.6895
-2.165 0.6895
4.2

IMD3c
4
-2.165 0.6895
1.9849999999999997 0.6895
1.9849999999999997 0.7135
-2.165 0.7135
3.28

IMD3d1+IMD3d2
4
-2.165 0.7135
1.9849999999999997 0.7135
1.9849999999999997 0.8405
-2.165 0.8405
2.65

IMD4a
4
-2.165 0.8405
1.9849999999999997 0.8405
1.9849999999999997 0.8615
-2.165 0.8615
5.2

IMD4b
4
-2.165 0.8615
1.9849999999999997 0.8615
1.9849999999999997 0.8765
-2.165 0.8765
4.2

IMD4c
4
-2.165 0.8765
1.9849999999999997 0.8765
1.9849999999999997 0.9005
-2.165 0.9005
3.28

IMD4d1+IMD4d2
4
-2.165 0.9005
1.9849999999999997 0.9005
1.9849999999999997 1.0275
-2.165 1.0275
2.65

IMD5a
4
-2.165 1.0275
1.9849999999999997 1.0275
1.9849999999999997 1.0485
-2.165 1.0485
5.2

IMD5b
4
-2.165 1.0485
1.9849999999999997 1.0485
1.9849999999999997 1.0635
-2.165 1.0635
4.2

IMD5c
4
-2.165 1.0635
1.9849999999999997 1.0635
1.9849999999999997 1.0875
-2.165 1.0875
3.28

IMD5d1+IMD5d2
4
-2.165 1.0875
1.9849999999999997 1.0875
1.9849999999999997 1.2145
-2.165 1.2145
2.65

IMD6a
4
-2.165 1.2145
1.9849999999999997 1.2145
1.9849999999999997 1.2355
-2.165 1.2355
5.2

IMD6b
4
-2.165 1.2355
1.9849999999999997 1.2355
1.9849999999999997 1.2505
-2.165 1.2505
4.2

IMD6c
4
-2.165 1.2505
1.9849999999999997 1.2505
1.9849999999999997 1.2745
-2.165 1.2745
3.28


4
-2.165 0.001
1.9849999999999997 0.001
1.9849999999999997 1.3025
-2.165 1.3025

