botcenter
4
0 -0.001
0.8325 -0.001
0.8325 0.001
0 0.001

9
lEnv
4
-0.24451000000000003 0.5545
-0.11549000000000002 0.5545
-0.10951000000000002 0.6535
-0.25049000000000005 0.6535

c1
4
-0.06451000000000003 0.5545
0.06451 0.5545
0.07049 0.6535
-0.07049000000000002 0.6535

c2
4
0.38549000000000005 0.5545
1.2795099999999997 0.5545
1.2854899999999998 0.6535
0.37951000000000007 0.6535

rEnv
4
1.33049 0.5545
2.2245099999999995 0.5545
2.2304899999999996 0.6535
1.3245099999999999 0.6535

topleft
4
-0.7475 1.1155
0 1.1155
0 1.2145
-0.7475 1.2145

topcenter
4
0 1.1155
0.8325 1.1155
0.8325 1.2145
0 1.2145

topright
4
0.8325 1.1155
2.7274999999999996 1.1155
2.7274999999999996 1.2145
0.8325 1.2145

botleft
4
-0.7475 -0.001
0 -0.001
0 0.001
-0.7475 0.001

botright
4
0.8325 -0.001
2.7274999999999996 -0.001
2.7274999999999996 0.001
0.8325 0.001


44
IMD2d1_damage
4
-0.25392400000000004 0.5445
-0.10607600000000002 0.5445
-0.10547200000000002 0.5545
-0.25452800000000003 0.5545
3.1

IMD2d1_damage
4
-0.07392400000000003 0.5445
0.073924 0.5445
0.074528 0.5545
-0.07452800000000002 0.5545
3.1

IMD2d1_damage
4
0.3760760000000001 0.5445
1.2889239999999997 0.5445
1.2895279999999998 0.5545
0.3754720000000001 0.5545
3.1

IMD2d1_damage
4
1.321076 0.5445
2.2339239999999996 0.5445
2.2345279999999996 0.5545
1.3204719999999999 0.5545
3.1

IMD2d2_damage
4
-0.24951900000000005 0.5545
-0.24451000000000003 0.5545
-0.25049000000000005 0.6535
-0.25549900000000003 0.6535
2.9

IMD2d2_damage
4
-0.11549000000000002 0.5545
-0.11048100000000002 0.5545
-0.10450100000000002 0.6535
-0.10951000000000002 0.6535
2.9

IMD2d2_damage
4
-0.06951900000000003 0.5545
-0.06451000000000003 0.5545
-0.07049000000000002 0.6535
-0.07549900000000002 0.6535
2.9

IMD2d2_damage
4
0.06451 0.5545
0.069519 0.5545
0.075499 0.6535
0.07049 0.6535
2.9

IMD2d2_damage
4
0.38048100000000007 0.5545
0.38549000000000005 0.5545
0.37951000000000007 0.6535
0.3745010000000001 0.6535
2.9

IMD2d2_damage
4
1.2795099999999997 0.5545
1.2845189999999997 0.5545
1.2904989999999998 0.6535
1.2854899999999998 0.6535
2.9

IMD2d2_damage
4
1.325481 0.5545
1.33049 0.5545
1.3245099999999999 0.6535
1.3195009999999998 0.6535
2.9

IMD2d2_damage
4
2.2245099999999995 0.5545
2.2295189999999994 0.5545
2.2354989999999995 0.6535
2.2304899999999996 0.6535
2.9

IMD5d1_damage
4
-0.7475 1.1055
2.7274999999999996 1.1055
2.7274999999999996 1.1155
-0.7475 1.1155
3.1

IMD2d2
4
-0.7475 0.5545
-0.24951900000000005 0.5545
-0.25549900000000003 0.6535
-0.7475 0.6535
2.65

IMD2d2
4
-0.11048100000000002 0.5545
-0.06951900000000003 0.5545
-0.07549900000000002 0.6535
-0.10450100000000002 0.6535
2.65

IMD2d2
4
0.069519 0.5545
0.38048100000000007 0.5545
0.3745010000000001 0.6535
0.075499 0.6535
2.65

IMD2d2
4
1.2845189999999997 0.5545
1.325481 0.5545
1.3195009999999998 0.6535
1.2904989999999998 0.6535
2.65

IMD2d2
4
2.2295189999999994 0.5545
2.7274999999999996 0.5545
2.7274999999999996 0.6535
2.2354989999999995 0.6535
2.65

IMD2d1
4
-0.7475 0.5445
-0.25392400000000004 0.5445
-0.25452800000000003 0.5545
-0.7475 0.5545
2.65

IMD2d1
4
-0.10607600000000002 0.5445
-0.07392400000000003 0.5445
-0.07452800000000002 0.5545
-0.10547200000000002 0.5545
2.65

IMD2d1
4
0.073924 0.5445
0.3760760000000001 0.5445
0.3754720000000001 0.5545
0.074528 0.5545
2.65

IMD2d1
4
1.2889239999999997 0.5445
1.321076 0.5445
1.3204719999999999 0.5545
1.2895279999999998 0.5545
2.65

IMD2d1
4
2.2339239999999996 0.5445
2.7274999999999996 0.5445
2.7274999999999996 0.5545
2.2345279999999996 0.5545
2.65

IMD2d1
4
-0.7475 0.5265
2.7274999999999996 0.5265
2.7274999999999996 0.5445
-0.7475 0.5445
2.65

IMD5d1
4
-0.7475 1.0875
2.7274999999999996 1.0875
2.7274999999999996 1.1055
-0.7475 1.1055
2.65

FOXA+FOXB+TOX
4
-0.7475 0.001
2.7274999999999996 0.001
2.7274999999999996 0.2665
-0.7475 0.2665
4.0

ILD1a
4
-0.7475 0.2665
2.7274999999999996 0.2665
2.7274999999999996 0.2765
-0.7475 0.2765
7.0

ILD1b1+ILD1b2+ILD1b3
4
-0.7475 0.2765
2.7274999999999996 0.2765
2.7274999999999996 0.3955
-0.7475 0.3955
4.0

IMD1a
4
-0.7475 0.3955
2.7274999999999996 0.3955
2.7274999999999996 0.4065
-0.7475 0.4065
5.2

IMD1b
4
-0.7475 0.4065
2.7274999999999996 0.4065
2.7274999999999996 0.4665
-0.7475 0.4665
2.8

IMD2a
4
-0.7475 0.4665
2.7274999999999996 0.4665
2.7274999999999996 0.4875
-0.7475 0.4875
5.2

IMD2b
4
-0.7475 0.4875
2.7274999999999996 0.4875
2.7274999999999996 0.5025
-0.7475 0.5025
4.2

IMD2c
4
-0.7475 0.5025
2.7274999999999996 0.5025
2.7274999999999996 0.5265
-0.7475 0.5265
3.28

IMD3a
4
-0.7475 0.6535
2.7274999999999996 0.6535
2.7274999999999996 0.6745
-0.7475 0.6745
5.2

IMD3b
4
-0.7475 0.6745
2.7274999999999996 0.6745
2.7274999999999996 0.6895
-0.7475 0.6895
4.2

IMD3c
4
-0.7475 0.6895
2.7274999999999996 0.6895
2.7274999999999996 0.7135
-0.7475 0.7135
3.28

IMD3d1+IMD3d2
4
-0.7475 0.7135
2.7274999999999996 0.7135
2.7274999999999996 0.8405
-0.7475 0.8405
2.65

IMD4a
4
-0.7475 0.8405
2.7274999999999996 0.8405
2.7274999999999996 0.8615
-0.7475 0.8615
5.2

IMD4b
4
-0.7475 0.8615
2.7274999999999996 0.8615
2.7274999999999996 0.8765
-0.7475 0.8765
4.2

IMD4c
4
-0.7475 0.8765
2.7274999999999996 0.8765
2.7274999999999996 0.9005
-0.7475 0.9005
3.28

IMD4d1+IMD4d2
4
-0.7475 0.9005
2.7274999999999996 0.9005
2.7274999999999996 1.0275
-0.7475 1.0275
2.65

IMD5a
4
-0.7475 1.0275
2.7274999999999996 1.0275
2.7274999999999996 1.0485
-0.7475 1.0485
5.2

IMD5b
4
-0.7475 1.0485
2.7274999999999996 1.0485
2.7274999999999996 1.0635
-0.7475 1.0635
4.2

IMD5c
4
-0.7475 1.0635
2.7274999999999996 1.0635
2.7274999999999996 1.0875
-0.7475 1.0875
3.28


4
-0.7475 0.001
2.7274999999999996 0.001
2.7274999999999996 1.1155
-0.7475 1.1155

