botcenter
4
0 -0.001
1.3275 -0.001
1.3275 0.001
0 0.001

9
lEnv
4
-0.5145100000000001 0.5545
-0.3854900000000001 0.5545
-0.3795100000000001 0.6535
-0.5204900000000001 0.6535

c1
4
-0.06451000000000005 0.5545
0.06450999999999994 0.5545
0.07048999999999994 0.6535
-0.07049000000000005 0.6535

c2
4
0.8804899999999999 0.5545
1.7745099999999998 0.5545
1.78049 0.6535
0.8745099999999999 0.6535

rEnv
4
2.09549 0.5545
2.9895099999999997 0.5545
2.9954899999999998 0.6535
2.0895099999999998 0.6535

topleft
4
-1.0175 1.3025
0 1.3025
0 1.4015
-1.0175 1.4015

topcenter
4
0 1.3025
1.3275 1.3025
1.3275 1.4015
0 1.4015

topright
4
1.3275 1.3025
3.4925 1.3025
3.4925 1.4015
1.3275 1.4015

botleft
4
-1.0175 -0.001
0 -0.001
0 0.001
-1.0175 0.001

botright
4
1.3275 -0.001
3.4925 -0.001
3.4925 0.001
1.3275 0.001


48
IMD2d1_damage
4
-0.5239240000000001 0.5445
-0.37607600000000013 0.5445
-0.37547200000000014 0.5545
-0.5245280000000001 0.5545
3.1

IMD2d1_damage
4
-0.07392400000000006 0.5445
0.07392399999999995 0.5445
0.07452799999999994 0.5545
-0.07452800000000005 0.5545
3.1

IMD2d1_damage
4
0.871076 0.5445
1.7839239999999998 0.5445
1.784528 0.5545
0.8704719999999999 0.5545
3.1

IMD2d1_damage
4
2.086076 0.5445
2.9989239999999997 0.5445
2.9995279999999998 0.5545
2.0854719999999998 0.5545
3.1

IMD2d2_damage
4
-0.5195190000000002 0.5545
-0.5145100000000001 0.5545
-0.5204900000000001 0.6535
-0.5254990000000002 0.6535
2.9

IMD2d2_damage
4
-0.3854900000000001 0.5545
-0.3804810000000001 0.5545
-0.37450100000000014 0.6535
-0.3795100000000001 0.6535
2.9

IMD2d2_damage
4
-0.06951900000000005 0.5545
-0.06451000000000005 0.5545
-0.07049000000000005 0.6535
-0.07549900000000005 0.6535
2.9

IMD2d2_damage
4
0.06450999999999994 0.5545
0.06951899999999994 0.5545
0.07549899999999994 0.6535
0.07048999999999994 0.6535
2.9

IMD2d2_damage
4
0.8754809999999998 0.5545
0.8804899999999999 0.5545
0.8745099999999999 0.6535
0.8695009999999999 0.6535
2.9

IMD2d2_damage
4
1.7745099999999998 0.5545
1.7795189999999999 0.5545
1.785499 0.6535
1.78049 0.6535
2.9

IMD2d2_damage
4
2.090481 0.5545
2.09549 0.5545
2.0895099999999998 0.6535
2.084501 0.6535
2.9

IMD2d2_damage
4
2.9895099999999997 0.5545
2.9945189999999995 0.5545
3.0004989999999996 0.6535
2.9954899999999998 0.6535
2.9

IMD6d1_damage
4
-1.0175 1.2925
3.4925 1.2925
3.4925 1.3025
-1.0175 1.3025
3.1

IMD2d2
4
-1.0175 0.5545
-0.5195190000000002 0.5545
-0.5254990000000002 0.6535
-1.0175 0.6535
2.65

IMD2d2
4
-0.3804810000000001 0.5545
-0.06951900000000005 0.5545
-0.07549900000000005 0.6535
-0.37450100000000014 0.6535
2.65

IMD2d2
4
0.06951899999999994 0.5545
0.8754809999999998 0.5545
0.8695009999999999 0.6535
0.07549899999999994 0.6535
2.65

IMD2d2
4
1.7795189999999999 0.5545
2.090481 0.5545
2.084501 0.6535
1.785499 0.6535
2.65

IMD2d2
4
2.9945189999999995 0.5545
3.4925 0.5545
3.4925 0.6535
3.0004989999999996 0.6535
2.65

IMD2d1
4
-1.0175 0.5445
-0.5239240000000001 0.5445
-0.5245280000000001 0.5545
-1.0175 0.5545
2.65

IMD2d1
4
-0.37607600000000013 0.5445
-0.07392400000000006 0.5445
-0.07452800000000005 0.5545
-0.37547200000000014 0.5545
2.65

IMD2d1
4
0.07392399999999995 0.5445
0.871076 0.5445
0.8704719999999999 0.5545
0.07452799999999994 0.5545
2.65

IMD2d1
4
1.7839239999999998 0.5445
2.086076 0.5445
2.0854719999999998 0.5545
1.784528 0.5545
2.65

IMD2d1
4
2.9989239999999997 0.5445
3.4925 0.5445
3.4925 0.5545
2.9995279999999998 0.5545
2.65

IMD2d1
4
-1.0175 0.5265
3.4925 0.5265
3.4925 0.5445
-1.0175 0.5445
2.65

IMD6d1
4
-1.0175 1.2745
3.4925 1.2745
3.4925 1.2925
-1.0175 1.2925
2.65

FOXA+FOXB+TOX
4
-1.0175 0.001
3.4925 0.001
3.4925 0.2665
-1.0175 0.2665
4.0

ILD1a
4
-1.0175 0.2665
3.4925 0.2665
3.4925 0.2765
-1.0175 0.2765
7.0

ILD1b1+ILD1b2+ILD1b3
4
-1.0175 0.2765
3.4925 0.2765
3.4925 0.3955
-1.0175 0.3955
4.0

IMD1a
4
-1.0175 0.3955
3.4925 0.3955
3.4925 0.4065
-1.0175 0.4065
5.2

IMD1b
4
-1.0175 0.4065
3.4925 0.4065
3.4925 0.4665
-1.0175 0.4665
2.8

IMD2a
4
-1.0175 0.4665
3.4925 0.4665
3.4925 0.4875
-1.0175 0.4875
5.2

IMD2b
4
-1.0175 0.4875
3.4925 0.4875
3.4925 0.5025
-1.0175 0.5025
4.2

IMD2c
4
-1.0175 0.5025
3.4925 0.5025
3.4925 0.5265
-1.0175 0.5265
3.28

IMD3a
4
-1.0175 0.6535
3.4925 0.6535
3.4925 0.6745
-1.0175 0.6745
5.2

IMD3b
4
-1.0175 0.6745
3.4925 0.6745
3.4925 0.6895
-1.0175 0.6895
4.2

IMD3c
4
-1.0175 0.6895
3.4925 0.6895
3.4925 0.7135
-1.0175 0.7135
3.28

IMD3d1+IMD3d2
4
-1.0175 0.7135
3.4925 0.7135
3.4925 0.8405
-1.0175 0.8405
2.65

IMD4a
4
-1.0175 0.8405
3.4925 0.8405
3.4925 0.8615
-1.0175 0.8615
5.2

IMD4b
4
-1.0175 0.8615
3.4925 0.8615
3.4925 0.8765
-1.0175 0.8765
4.2

IMD4c
4
-1.0175 0.8765
3.4925 0.8765
3.4925 0.9005
-1.0175 0.9005
3.28

IMD4d1+IMD4d2
4
-1.0175 0.9005
3.4925 0.9005
3.4925 1.0275
-1.0175 1.0275
2.65

IMD5a
4
-1.0175 1.0275
3.4925 1.0275
3.4925 1.0485
-1.0175 1.0485
5.2

IMD5b
4
-1.0175 1.0485
3.4925 1.0485
3.4925 1.0635
-1.0175 1.0635
4.2

IMD5c
4
-1.0175 1.0635
3.4925 1.0635
3.4925 1.0875
-1.0175 1.0875
3.28

IMD5d1+IMD5d2
4
-1.0175 1.0875
3.4925 1.0875
3.4925 1.2145
-1.0175 1.2145
2.65

IMD6a
4
-1.0175 1.2145
3.4925 1.2145
3.4925 1.2355
-1.0175 1.2355
5.2

IMD6b
4
-1.0175 1.2355
3.4925 1.2355
3.4925 1.2505
-1.0175 1.2505
4.2

IMD6c
4
-1.0175 1.2505
3.4925 1.2505
3.4925 1.2745
-1.0175 1.2745
3.28


4
-1.0175 0.001
3.4925 0.001
3.4925 1.3025
-1.0175 1.3025

