c1
4
-0.019510000000000013 0.5545
0.019510000000000013 0.5545
0.025490000000000013 0.6535
-0.025490000000000013 0.6535

7
botleft
4
-0.8825000000000001 -0.001
0 -0.001
0 0.001
-0.8825000000000001 0.001

botright
4
0 -0.001
1.13 -0.001
1.13 0.001
0 0.001

lEnv
4
-0.37951 0.5545
-0.34048999999999996 0.5545
-0.33451 0.6535
-0.38549 0.6535

c2
4
0.04798999999999999 0.5545
0.17700999999999997 0.5545
0.18298999999999999 0.6535
0.04200999999999999 0.6535

rEnv
4
0.49798999999999993 0.5545
0.6270100000000001 0.5545
0.63299 0.6535
0.49200999999999995 0.6535

topleft
4
-0.8825000000000001 1.1155
0 1.1155
0 1.2145
-0.8825000000000001 1.2145

topright
4
0 1.1155
1.13 1.1155
1.13 1.2145
0 1.2145


44
IMD2d1_damage
4
-0.388924 0.5445
-0.331076 0.5445
-0.330472 0.5545
-0.389528 0.5545
3.1

IMD2d1_damage
4
-0.028924000000000012 0.5445
0.028924000000000012 0.5445
0.029528000000000013 0.5545
-0.029528000000000013 0.5545
3.1

IMD2d1_damage
4
0.03857599999999999 0.5445
0.18642399999999998 0.5445
0.18702799999999997 0.5545
0.03797199999999999 0.5545
3.1

IMD2d1_damage
4
0.48857599999999995 0.5445
0.636424 0.5445
0.637028 0.5545
0.48797199999999996 0.5545
3.1

IMD2d2_damage
4
-0.384519 0.5545
-0.37951 0.5545
-0.38549 0.6535
-0.390499 0.6535
2.9

IMD2d2_damage
4
-0.34048999999999996 0.5545
-0.335481 0.5545
-0.329501 0.6535
-0.33451 0.6535
2.9

IMD2d2_damage
4
-0.024519000000000013 0.5545
-0.019510000000000013 0.5545
-0.025490000000000013 0.6535
-0.030499000000000012 0.6535
2.9

IMD2d2_damage
4
0.019510000000000013 0.5545
0.024519000000000013 0.5545
0.030499000000000012 0.6535
0.025490000000000013 0.6535
2.9

IMD2d2_damage
4
0.04298099999999999 0.5545
0.04798999999999999 0.5545
0.04200999999999999 0.6535
0.03700099999999999 0.6535
2.9

IMD2d2_damage
4
0.17700999999999997 0.5545
0.182019 0.5545
0.187999 0.6535
0.18298999999999999 0.6535
2.9

IMD2d2_damage
4
0.49298099999999995 0.5545
0.49798999999999993 0.5545
0.49200999999999995 0.6535
0.48700099999999996 0.6535
2.9

IMD2d2_damage
4
0.6270100000000001 0.5545
0.6320190000000001 0.5545
0.6379990000000001 0.6535
0.63299 0.6535
2.9

IMD5d1_damage
4
-0.8825000000000001 1.1055
1.13 1.1055
1.13 1.1155
-0.8825000000000001 1.1155
3.1

IMD2d2
4
-0.8825000000000001 0.5545
-0.384519 0.5545
-0.390499 0.6535
-0.8825000000000001 0.6535
2.65

IMD2d2
4
-0.335481 0.5545
-0.024519000000000013 0.5545
-0.030499000000000012 0.6535
-0.329501 0.6535
2.65

IMD2d2
4
0.024519000000000013 0.5545
0.04298099999999999 0.5545
0.03700099999999999 0.6535
0.030499000000000012 0.6535
2.65

IMD2d2
4
0.182019 0.5545
0.49298099999999995 0.5545
0.48700099999999996 0.6535
0.187999 0.6535
2.65

IMD2d2
4
0.6320190000000001 0.5545
1.13 0.5545
1.13 0.6535
0.6379990000000001 0.6535
2.65

IMD2d1
4
-0.8825000000000001 0.5445
-0.388924 0.5445
-0.389528 0.5545
-0.8825000000000001 0.5545
2.65

IMD2d1
4
-0.331076 0.5445
-0.028924000000000012 0.5445
-0.029528000000000013 0.5545
-0.330472 0.5545
2.65

IMD2d1
4
0.028924000000000012 0.5445
0.03857599999999999 0.5445
0.03797199999999999 0.5545
0.029528000000000013 0.5545
2.65

IMD2d1
4
0.18642399999999998 0.5445
0.48857599999999995 0.5445
0.48797199999999996 0.5545
0.18702799999999997 0.5545
2.65

IMD2d1
4
0.636424 0.5445
1.13 0.5445
1.13 0.5545
0.637028 0.5545
2.65

IMD2d1
4
-0.8825000000000001 0.5265
1.13 0.5265
1.13 0.5445
-0.8825000000000001 0.5445
2.65

IMD5d1
4
-0.8825000000000001 1.0875
1.13 1.0875
1.13 1.1055
-0.8825000000000001 1.1055
2.65

FOXA+FOXB+TOX
4
-0.8825000000000001 0.001
1.13 0.001
1.13 0.2665
-0.8825000000000001 0.2665
4.0

ILD1a
4
-0.8825000000000001 0.2665
1.13 0.2665
1.13 0.2765
-0.8825000000000001 0.2765
7.0

ILD1b1+ILD1b2+ILD1b3
4
-0.8825000000000001 0.2765
1.13 0.2765
1.13 0.3955
-0.8825000000000001 0.3955
4.0

IMD1a
4
-0.8825000000000001 0.3955
1.13 0.3955
1.13 0.4065
-0.8825000000000001 0.4065
5.2

IMD1b
4
-0.8825000000000001 0.4065
1.13 0.4065
1.13 0.4665
-0.8825000000000001 0.4665
2.8

IMD2a
4
-0.8825000000000001 0.4665
1.13 0.4665
1.13 0.4875
-0.8825000000000001 0.4875
5.2

IMD2b
4
-0.8825000000000001 0.4875
1.13 0.4875
1.13 0.5025
-0.8825000000000001 0.5025
4.2

IMD2c
4
-0.8825000000000001 0.5025
1.13 0.5025
1.13 0.5265
-0.8825000000000001 0.5265
3.28

IMD3a
4
-0.8825000000000001 0.6535
1.13 0.6535
1.13 0.6745
-0.8825000000000001 0.6745
5.2

IMD3b
4
-0.8825000000000001 0.6745
1.13 0.6745
1.13 0.6895
-0.8825000000000001 0.6895
4.2

IMD3c
4
-0.8825000000000001 0.6895
1.13 0.6895
1.13 0.7135
-0.8825000000000001 0.7135
3.28

IMD3d1+IMD3d2
4
-0.8825000000000001 0.7135
1.13 0.7135
1.13 0.8405
-0.8825000000000001 0.8405
2.65

IMD4a
4
-0.8825000000000001 0.8405
1.13 0.8405
1.13 0.8615
-0.8825000000000001 0.8615
5.2

IMD4b
4
-0.8825000000000001 0.8615
1.13 0.8615
1.13 0.8765
-0.8825000000000001 0.8765
4.2

IMD4c
4
-0.8825000000000001 0.8765
1.13 0.8765
1.13 0.9005
-0.8825000000000001 0.9005
3.28

IMD4d1+IMD4d2
4
-0.8825000000000001 0.9005
1.13 0.9005
1.13 1.0275
-0.8825000000000001 1.0275
2.65

IMD5a
4
-0.8825000000000001 1.0275
1.13 1.0275
1.13 1.0485
-0.8825000000000001 1.0485
5.2

IMD5b
4
-0.8825000000000001 1.0485
1.13 1.0485
1.13 1.0635
-0.8825000000000001 1.0635
4.2

IMD5c
4
-0.8825000000000001 1.0635
1.13 1.0635
1.13 1.0875
-0.8825000000000001 1.0875
3.28


4
-0.8825000000000001 0.001
1.13 0.001
1.13 1.1155
-0.8825000000000001 1.1155

