c1
4
-0.06451000000000003 0.5545
0.06451 0.5545
0.07049 0.6535
-0.07049000000000002 0.6535

7
botleft
4
-0.7475 -0.001
0 -0.001
0 0.001
-0.7475 0.001

botright
4
0 -0.001
3.2224999999999997 -0.001
3.2224999999999997 0.001
0 0.001

lEnv
4
-0.24451000000000003 0.5545
-0.11549000000000002 0.5545
-0.10951000000000002 0.6535
-0.25049000000000005 0.6535

c2
4
0.8804899999999999 0.5545
1.7745099999999998 0.5545
1.78049 0.6535
0.8745099999999999 0.6535

rEnv
4
1.8254899999999998 0.5545
2.7195099999999996 0.5545
2.7254899999999997 0.6535
1.8195099999999997 0.6535

topleft
4
-0.7475 0.9285000000000001
0 0.9285000000000001
0 1.0275
-0.7475 1.0275

topright
4
0 0.9285000000000001
3.2224999999999997 0.9285000000000001
3.2224999999999997 1.0275
0 1.0275


40
IMD2d1_damage
4
-0.25392400000000004 0.5445
-0.10607600000000002 0.5445
-0.10547200000000002 0.5545
-0.25452800000000003 0.5545
3.1

IMD2d1_damage
4
-0.07392400000000003 0.5445
0.073924 0.5445
0.074528 0.5545
-0.07452800000000002 0.5545
3.1

IMD2d1_damage
4
0.871076 0.5445
1.7839239999999998 0.5445
1.784528 0.5545
0.8704719999999999 0.5545
3.1

IMD2d1_damage
4
1.8160759999999998 0.5445
2.7289239999999997 0.5445
2.7295279999999997 0.5545
1.8154719999999998 0.5545
3.1

IMD2d2_damage
4
-0.24951900000000005 0.5545
-0.24451000000000003 0.5545
-0.25049000000000005 0.6535
-0.25549900000000003 0.6535
2.9

IMD2d2_damage
4
-0.11549000000000002 0.5545
-0.11048100000000002 0.5545
-0.10450100000000002 0.6535
-0.10951000000000002 0.6535
2.9

IMD2d2_damage
4
-0.06951900000000003 0.5545
-0.06451000000000003 0.5545
-0.07049000000000002 0.6535
-0.07549900000000002 0.6535
2.9

IMD2d2_damage
4
0.06451 0.5545
0.069519 0.5545
0.075499 0.6535
0.07049 0.6535
2.9

IMD2d2_damage
4
0.8754809999999998 0.5545
0.8804899999999999 0.5545
0.8745099999999999 0.6535
0.8695009999999999 0.6535
2.9

IMD2d2_damage
4
1.7745099999999998 0.5545
1.7795189999999999 0.5545
1.785499 0.6535
1.78049 0.6535
2.9

IMD2d2_damage
4
1.8204809999999998 0.5545
1.8254899999999998 0.5545
1.8195099999999997 0.6535
1.8145009999999997 0.6535
2.9

IMD2d2_damage
4
2.7195099999999996 0.5545
2.7245189999999995 0.5545
2.7304989999999996 0.6535
2.7254899999999997 0.6535
2.9

IMD4d1_damage
4
-0.7475 0.9185000000000001
3.2224999999999997 0.9185000000000001
3.2224999999999997 0.9285000000000001
-0.7475 0.9285000000000001
3.1

IMD2d2
4
-0.7475 0.5545
-0.24951900000000005 0.5545
-0.25549900000000003 0.6535
-0.7475 0.6535
2.65

IMD2d2
4
-0.11048100000000002 0.5545
-0.06951900000000003 0.5545
-0.07549900000000002 0.6535
-0.10450100000000002 0.6535
2.65

IMD2d2
4
0.069519 0.5545
0.8754809999999998 0.5545
0.8695009999999999 0.6535
0.075499 0.6535
2.65

IMD2d2
4
1.7795189999999999 0.5545
1.8204809999999998 0.5545
1.8145009999999997 0.6535
1.785499 0.6535
2.65

IMD2d2
4
2.7245189999999995 0.5545
3.2224999999999997 0.5545
3.2224999999999997 0.6535
2.7304989999999996 0.6535
2.65

IMD2d1
4
-0.7475 0.5445
-0.25392400000000004 0.5445
-0.25452800000000003 0.5545
-0.7475 0.5545
2.65

IMD2d1
4
-0.10607600000000002 0.5445
-0.07392400000000003 0.5445
-0.07452800000000002 0.5545
-0.10547200000000002 0.5545
2.65

IMD2d1
4
0.073924 0.5445
0.871076 0.5445
0.8704719999999999 0.5545
0.074528 0.5545
2.65

IMD2d1
4
1.7839239999999998 0.5445
1.8160759999999998 0.5445
1.8154719999999998 0.5545
1.784528 0.5545
2.65

IMD2d1
4
2.7289239999999997 0.5445
3.2224999999999997 0.5445
3.2224999999999997 0.5545
2.7295279999999997 0.5545
2.65

IMD2d1
4
-0.7475 0.5265
3.2224999999999997 0.5265
3.2224999999999997 0.5445
-0.7475 0.5445
2.65

IMD4d1
4
-0.7475 0.9005
3.2224999999999997 0.9005
3.2224999999999997 0.9185000000000001
-0.7475 0.9185000000000001
2.65

FOXA+FOXB+TOX
4
-0.7475 0.001
3.2224999999999997 0.001
3.2224999999999997 0.2665
-0.7475 0.2665
4.0

ILD1a
4
-0.7475 0.2665
3.2224999999999997 0.2665
3.2224999999999997 0.2765
-0.7475 0.2765
7.0

ILD1b1+ILD1b2+ILD1b3
4
-0.7475 0.2765
3.2224999999999997 0.2765
3.2224999999999997 0.3955
-0.7475 0.3955
4.0

IMD1a
4
-0.7475 0.3955
3.2224999999999997 0.3955
3.2224999999999997 0.4065
-0.7475 0.4065
5.2

IMD1b
4
-0.7475 0.4065
3.2224999999999997 0.4065
3.2224999999999997 0.4665
-0.7475 0.4665
2.8

IMD2a
4
-0.7475 0.4665
3.2224999999999997 0.4665
3.2224999999999997 0.4875
-0.7475 0.4875
5.2

IMD2b
4
-0.7475 0.4875
3.2224999999999997 0.4875
3.2224999999999997 0.5025
-0.7475 0.5025
4.2

IMD2c
4
-0.7475 0.5025
3.2224999999999997 0.5025
3.2224999999999997 0.5265
-0.7475 0.5265
3.28

IMD3a
4
-0.7475 0.6535
3.2224999999999997 0.6535
3.2224999999999997 0.6745
-0.7475 0.6745
5.2

IMD3b
4
-0.7475 0.6745
3.2224999999999997 0.6745
3.2224999999999997 0.6895
-0.7475 0.6895
4.2

IMD3c
4
-0.7475 0.6895
3.2224999999999997 0.6895
3.2224999999999997 0.7135
-0.7475 0.7135
3.28

IMD3d1+IMD3d2
4
-0.7475 0.7135
3.2224999999999997 0.7135
3.2224999999999997 0.8405
-0.7475 0.8405
2.65

IMD4a
4
-0.7475 0.8405
3.2224999999999997 0.8405
3.2224999999999997 0.8615
-0.7475 0.8615
5.2

IMD4b
4
-0.7475 0.8615
3.2224999999999997 0.8615
3.2224999999999997 0.8765
-0.7475 0.8765
4.2

IMD4c
4
-0.7475 0.8765
3.2224999999999997 0.8765
3.2224999999999997 0.9005
-0.7475 0.9005
3.28


4
-0.7475 0.001
3.2224999999999997 0.001
3.2224999999999997 0.9285000000000001
-0.7475 0.9285000000000001

