botcenter
4
0 -0.001
1.3275 -0.001
1.3275 0.001
0 0.001

7
c1
4
-0.06451000000000001 0.5545
0.06451000000000001 0.5545
0.07049000000000001 0.6535
-0.07049000000000001 0.6535

c2
4
0.8804899999999999 0.5545
1.7745099999999998 0.5545
1.78049 0.6535
0.8745099999999999 0.6535

topleft
4
-5.202500000000001 1.1155
0 1.1155
0 1.2145
-5.202500000000001 1.2145

topcenter
4
0 1.1155
1.3275 1.1155
1.3275 1.2145
0 1.2145

topright
4
1.3275 1.1155
7.677499999999999 1.1155
7.677499999999999 1.2145
1.3275 1.2145

botleft
4
-5.202500000000001 -0.001
0 -0.001
0 0.001
-5.202500000000001 0.001

botright
4
1.3275 -0.001
7.677499999999999 -0.001
7.677499999999999 0.001
1.3275 0.001


34
IMD2d1_damage
4
-0.07392400000000002 0.5445
0.07392400000000002 0.5445
0.07452800000000001 0.5545
-0.07452800000000001 0.5545
3.1

IMD2d1_damage
4
0.871076 0.5445
1.7839239999999998 0.5445
1.784528 0.5545
0.8704719999999999 0.5545
3.1

IMD2d2_damage
4
-0.06951900000000001 0.5545
-0.06451000000000001 0.5545
-0.07049000000000001 0.6535
-0.07549900000000001 0.6535
2.9

IMD2d2_damage
4
0.06451000000000001 0.5545
0.06951900000000001 0.5545
0.07549900000000001 0.6535
0.07049000000000001 0.6535
2.9

IMD2d2_damage
4
0.8754809999999998 0.5545
0.8804899999999999 0.5545
0.8745099999999999 0.6535
0.8695009999999999 0.6535
2.9

IMD2d2_damage
4
1.7745099999999998 0.5545
1.7795189999999999 0.5545
1.785499 0.6535
1.78049 0.6535
2.9

IMD5d1_damage
4
-5.202500000000001 1.1055
7.677499999999999 1.1055
7.677499999999999 1.1155
-5.202500000000001 1.1155
3.1

IMD2d2
4
-5.202500000000001 0.5545
-0.06951900000000001 0.5545
-0.07549900000000001 0.6535
-5.202500000000001 0.6535
2.65

IMD2d2
4
0.06951900000000001 0.5545
0.8754809999999998 0.5545
0.8695009999999999 0.6535
0.07549900000000001 0.6535
2.65

IMD2d2
4
1.7795189999999999 0.5545
7.677499999999999 0.5545
7.677499999999999 0.6535
1.785499 0.6535
2.65

IMD2d1
4
-5.202500000000001 0.5445
-0.07392400000000002 0.5445
-0.07452800000000001 0.5545
-5.202500000000001 0.5545
2.65

IMD2d1
4
0.07392400000000002 0.5445
0.871076 0.5445
0.8704719999999999 0.5545
0.07452800000000001 0.5545
2.65

IMD2d1
4
1.7839239999999998 0.5445
7.677499999999999 0.5445
7.677499999999999 0.5545
1.784528 0.5545
2.65

IMD2d1
4
-5.202500000000001 0.5265
7.677499999999999 0.5265
7.677499999999999 0.5445
-5.202500000000001 0.5445
2.65

IMD5d1
4
-5.202500000000001 1.0875
7.677499999999999 1.0875
7.677499999999999 1.1055
-5.202500000000001 1.1055
2.65

FOXA+FOXB+TOX
4
-5.202500000000001 0.001
7.677499999999999 0.001
7.677499999999999 0.2665
-5.202500000000001 0.2665
4.0

ILD1a
4
-5.202500000000001 0.2665
7.677499999999999 0.2665
7.677499999999999 0.2765
-5.202500000000001 0.2765
7.0

ILD1b1+ILD1b2+ILD1b3
4
-5.202500000000001 0.2765
7.677499999999999 0.2765
7.677499999999999 0.3955
-5.202500000000001 0.3955
4.0

IMD1a
4
-5.202500000000001 0.3955
7.677499999999999 0.3955
7.677499999999999 0.4065
-5.202500000000001 0.4065
5.2

IMD1b
4
-5.202500000000001 0.4065
7.677499999999999 0.4065
7.677499999999999 0.4665
-5.202500000000001 0.4665
2.8

IMD2a
4
-5.202500000000001 0.4665
7.677499999999999 0.4665
7.677499999999999 0.4875
-5.202500000000001 0.4875
5.2

IMD2b
4
-5.202500000000001 0.4875
7.677499999999999 0.4875
7.677499999999999 0.5025
-5.202500000000001 0.5025
4.2

IMD2c
4
-5.202500000000001 0.5025
7.677499999999999 0.5025
7.677499999999999 0.5265
-5.202500000000001 0.5265
3.28

IMD3a
4
-5.202500000000001 0.6535
7.677499999999999 0.6535
7.677499999999999 0.6745
-5.202500000000001 0.6745
5.2

IMD3b
4
-5.202500000000001 0.6745
7.677499999999999 0.6745
7.677499999999999 0.6895
-5.202500000000001 0.6895
4.2

IMD3c
4
-5.202500000000001 0.6895
7.677499999999999 0.6895
7.677499999999999 0.7135
-5.202500000000001 0.7135
3.28

IMD3d1+IMD3d2
4
-5.202500000000001 0.7135
7.677499999999999 0.7135
7.677499999999999 0.8405
-5.202500000000001 0.8405
2.65

IMD4a
4
-5.202500000000001 0.8405
7.677499999999999 0.8405
7.677499999999999 0.8615
-5.202500000000001 0.8615
5.2

IMD4b
4
-5.202500000000001 0.8615
7.677499999999999 0.8615
7.677499999999999 0.8765
-5.202500000000001 0.8765
4.2

IMD4c
4
-5.202500000000001 0.8765
7.677499999999999 0.8765
7.677499999999999 0.9005
-5.202500000000001 0.9005
3.28

IMD4d1+IMD4d2
4
-5.202500000000001 0.9005
7.677499999999999 0.9005
7.677499999999999 1.0275
-5.202500000000001 1.0275
2.65

IMD5a
4
-5.202500000000001 1.0275
7.677499999999999 1.0275
7.677499999999999 1.0485
-5.202500000000001 1.0485
5.2

IMD5b
4
-5.202500000000001 1.0485
7.677499999999999 1.0485
7.677499999999999 1.0635
-5.202500000000001 1.0635
4.2

IMD5c
4
-5.202500000000001 1.0635
7.677499999999999 1.0635
7.677499999999999 1.0875
-5.202500000000001 1.0875
3.28


4
-5.202500000000001 0.001
7.677499999999999 0.001
7.677499999999999 1.1155
-5.202500000000001 1.1155

