c1
4
-0.01951 0.5545
0.01951 0.5545
0.02549 0.6535
-0.02549 0.6535

5
botleft
4
-5.0675 -0.001
0 -0.001
0 0.001
-5.0675 0.001

botright
4
0 -0.001
5.742500000000001 -0.001
5.742500000000001 0.001
0 0.001

c2
4
0.65549 0.5545
0.6945100000000001 0.5545
0.7004900000000001 0.6535
0.64951 0.6535

topleft
4
-5.0675 1.1155
0 1.1155
0 1.2145
-5.0675 1.2145

topright
4
0 1.1155
5.742500000000001 1.1155
5.742500000000001 1.2145
0 1.2145


34
IMD2d1_damage
4
-0.028924 0.5445
0.028924 0.5445
0.029528 0.5545
-0.029528 0.5545
3.1

IMD2d1_damage
4
0.6460760000000001 0.5445
0.703924 0.5445
0.704528 0.5545
0.645472 0.5545
3.1

IMD2d2_damage
4
-0.024519 0.5545
-0.01951 0.5545
-0.02549 0.6535
-0.030499 0.6535
2.9

IMD2d2_damage
4
0.01951 0.5545
0.024519 0.5545
0.030499 0.6535
0.02549 0.6535
2.9

IMD2d2_damage
4
0.650481 0.5545
0.65549 0.5545
0.64951 0.6535
0.644501 0.6535
2.9

IMD2d2_damage
4
0.6945100000000001 0.5545
0.6995190000000001 0.5545
0.7054990000000001 0.6535
0.7004900000000001 0.6535
2.9

IMD5d1_damage
4
-5.0675 1.1055
5.742500000000001 1.1055
5.742500000000001 1.1155
-5.0675 1.1155
3.1

IMD2d2
4
-5.0675 0.5545
-0.024519 0.5545
-0.030499 0.6535
-5.0675 0.6535
2.65

IMD2d2
4
0.024519 0.5545
0.650481 0.5545
0.644501 0.6535
0.030499 0.6535
2.65

IMD2d2
4
0.6995190000000001 0.5545
5.742500000000001 0.5545
5.742500000000001 0.6535
0.7054990000000001 0.6535
2.65

IMD2d1
4
-5.0675 0.5445
-0.028924 0.5445
-0.029528 0.5545
-5.0675 0.5545
2.65

IMD2d1
4
0.028924 0.5445
0.6460760000000001 0.5445
0.645472 0.5545
0.029528 0.5545
2.65

IMD2d1
4
0.703924 0.5445
5.742500000000001 0.5445
5.742500000000001 0.5545
0.704528 0.5545
2.65

IMD2d1
4
-5.0675 0.5265
5.742500000000001 0.5265
5.742500000000001 0.5445
-5.0675 0.5445
2.65

IMD5d1
4
-5.0675 1.0875
5.742500000000001 1.0875
5.742500000000001 1.1055
-5.0675 1.1055
2.65

FOXA+FOXB+TOX
4
-5.0675 0.001
5.742500000000001 0.001
5.742500000000001 0.2665
-5.0675 0.2665
4.0

ILD1a
4
-5.0675 0.2665
5.742500000000001 0.2665
5.742500000000001 0.2765
-5.0675 0.2765
7.0

ILD1b1+ILD1b2+ILD1b3
4
-5.0675 0.2765
5.742500000000001 0.2765
5.742500000000001 0.3955
-5.0675 0.3955
4.0

IMD1a
4
-5.0675 0.3955
5.742500000000001 0.3955
5.742500000000001 0.4065
-5.0675 0.4065
5.2

IMD1b
4
-5.0675 0.4065
5.742500000000001 0.4065
5.742500000000001 0.4665
-5.0675 0.4665
2.8

IMD2a
4
-5.0675 0.4665
5.742500000000001 0.4665
5.742500000000001 0.4875
-5.0675 0.4875
5.2

IMD2b
4
-5.0675 0.4875
5.742500000000001 0.4875
5.742500000000001 0.5025
-5.0675 0.5025
4.2

IMD2c
4
-5.0675 0.5025
5.742500000000001 0.5025
5.742500000000001 0.5265
-5.0675 0.5265
3.28

IMD3a
4
-5.0675 0.6535
5.742500000000001 0.6535
5.742500000000001 0.6745
-5.0675 0.6745
5.2

IMD3b
4
-5.0675 0.6745
5.742500000000001 0.6745
5.742500000000001 0.6895
-5.0675 0.6895
4.2

IMD3c
4
-5.0675 0.6895
5.742500000000001 0.6895
5.742500000000001 0.7135
-5.0675 0.7135
3.28

IMD3d1+IMD3d2
4
-5.0675 0.7135
5.742500000000001 0.7135
5.742500000000001 0.8405
-5.0675 0.8405
2.65

IMD4a
4
-5.0675 0.8405
5.742500000000001 0.8405
5.742500000000001 0.8615
-5.0675 0.8615
5.2

IMD4b
4
-5.0675 0.8615
5.742500000000001 0.8615
5.742500000000001 0.8765
-5.0675 0.8765
4.2

IMD4c
4
-5.0675 0.8765
5.742500000000001 0.8765
5.742500000000001 0.9005
-5.0675 0.9005
3.28

IMD4d1+IMD4d2
4
-5.0675 0.9005
5.742500000000001 0.9005
5.742500000000001 1.0275
-5.0675 1.0275
2.65

IMD5a
4
-5.0675 1.0275
5.742500000000001 1.0275
5.742500000000001 1.0485
-5.0675 1.0485
5.2

IMD5b
4
-5.0675 1.0485
5.742500000000001 1.0485
5.742500000000001 1.0635
-5.0675 1.0635
4.2

IMD5c
4
-5.0675 1.0635
5.742500000000001 1.0635
5.742500000000001 1.0875
-5.0675 1.0875
3.28


4
-5.0675 0.001
5.742500000000001 0.001
5.742500000000001 1.1155
-5.0675 1.1155

