botcenter
4
0 -0.001
0.7424999999999999 -0.001
0.7424999999999999 0.001
0 0.001

9
lEnv
4
-1.6620099999999998 0.5545
-0.76799 0.5545
-0.76201 0.6535
-1.6679899999999999 0.6535

c1
4
-0.44701 0.5545
0.44701 0.5545
0.45299 0.6535
-0.45299 0.6535

c2
4
0.67799 0.5545
0.8070099999999999 0.5545
0.8129899999999999 0.6535
0.67201 0.6535

rEnv
4
1.1279899999999998 0.5545
1.2570099999999995 0.5545
1.2629899999999996 0.6535
1.1220099999999997 0.6535

topleft
4
-2.165 0.9285000000000001
0 0.9285000000000001
0 1.0275
-2.165 1.0275

topcenter
4
0 0.9285000000000001
0.7424999999999999 0.9285000000000001
0.7424999999999999 1.0275
0 1.0275

topright
4
0.7424999999999999 0.9285000000000001
1.7599999999999996 0.9285000000000001
1.7599999999999996 1.0275
0.7424999999999999 1.0275

botleft
4
-2.165 -0.001
0 -0.001
0 0.001
-2.165 0.001

botright
4
0.7424999999999999 -0.001
1.7599999999999996 -0.001
1.7599999999999996 0.001
0.7424999999999999 0.001


40
IMD2d1_damage
4
-1.6714239999999998 0.5445
-0.758576 0.5445
-0.757972 0.5545
-1.6720279999999998 0.5545
3.1

IMD2d1_damage
4
-0.456424 0.5445
0.456424 0.5445
0.457028 0.5545
-0.457028 0.5545
3.1

IMD2d1_damage
4
0.6685760000000001 0.5445
0.8164239999999998 0.5445
0.8170279999999999 0.5545
0.667972 0.5545
3.1

IMD2d1_damage
4
1.1185759999999998 0.5445
1.2664239999999996 0.5445
1.2670279999999996 0.5545
1.1179719999999997 0.5545
3.1

IMD2d2_damage
4
-1.6670189999999998 0.5545
-1.6620099999999998 0.5545
-1.6679899999999999 0.6535
-1.672999 0.6535
2.9

IMD2d2_damage
4
-0.76799 0.5545
-0.7629809999999999 0.5545
-0.7570009999999999 0.6535
-0.76201 0.6535
2.9

IMD2d2_damage
4
-0.452019 0.5545
-0.44701 0.5545
-0.45299 0.6535
-0.457999 0.6535
2.9

IMD2d2_damage
4
0.44701 0.5545
0.452019 0.5545
0.457999 0.6535
0.45299 0.6535
2.9

IMD2d2_damage
4
0.6729809999999999 0.5545
0.67799 0.5545
0.67201 0.6535
0.667001 0.6535
2.9

IMD2d2_damage
4
0.8070099999999999 0.5545
0.8120189999999999 0.5545
0.8179989999999999 0.6535
0.8129899999999999 0.6535
2.9

IMD2d2_damage
4
1.1229809999999998 0.5545
1.1279899999999998 0.5545
1.1220099999999997 0.6535
1.1170009999999997 0.6535
2.9

IMD2d2_damage
4
1.2570099999999995 0.5545
1.2620189999999996 0.5545
1.2679989999999997 0.6535
1.2629899999999996 0.6535
2.9

IMD4d1_damage
4
-2.165 0.9185000000000001
1.7599999999999996 0.9185000000000001
1.7599999999999996 0.9285000000000001
-2.165 0.9285000000000001
3.1

IMD2d2
4
-2.165 0.5545
-1.6670189999999998 0.5545
-1.672999 0.6535
-2.165 0.6535
2.65

IMD2d2
4
-0.7629809999999999 0.5545
-0.452019 0.5545
-0.457999 0.6535
-0.7570009999999999 0.6535
2.65

IMD2d2
4
0.452019 0.5545
0.6729809999999999 0.5545
0.667001 0.6535
0.457999 0.6535
2.65

IMD2d2
4
0.8120189999999999 0.5545
1.1229809999999998 0.5545
1.1170009999999997 0.6535
0.8179989999999999 0.6535
2.65

IMD2d2
4
1.2620189999999996 0.5545
1.7599999999999996 0.5545
1.7599999999999996 0.6535
1.2679989999999997 0.6535
2.65

IMD2d1
4
-2.165 0.5445
-1.6714239999999998 0.5445
-1.6720279999999998 0.5545
-2.165 0.5545
2.65

IMD2d1
4
-0.758576 0.5445
-0.456424 0.5445
-0.457028 0.5545
-0.757972 0.5545
2.65

IMD2d1
4
0.456424 0.5445
0.6685760000000001 0.5445
0.667972 0.5545
0.457028 0.5545
2.65

IMD2d1
4
0.8164239999999998 0.5445
1.1185759999999998 0.5445
1.1179719999999997 0.5545
0.8170279999999999 0.5545
2.65

IMD2d1
4
1.2664239999999996 0.5445
1.7599999999999996 0.5445
1.7599999999999996 0.5545
1.2670279999999996 0.5545
2.65

IMD2d1
4
-2.165 0.5265
1.7599999999999996 0.5265
1.7599999999999996 0.5445
-2.165 0.5445
2.65

IMD4d1
4
-2.165 0.9005
1.7599999999999996 0.9005
1.7599999999999996 0.9185000000000001
-2.165 0.9185000000000001
2.65

FOXA+FOXB+TOX
4
-2.165 0.001
1.7599999999999996 0.001
1.7599999999999996 0.2665
-2.165 0.2665
4.0

ILD1a
4
-2.165 0.2665
1.7599999999999996 0.2665
1.7599999999999996 0.2765
-2.165 0.2765
7.0

ILD1b1+ILD1b2+ILD1b3
4
-2.165 0.2765
1.7599999999999996 0.2765
1.7599999999999996 0.3955
-2.165 0.3955
4.0

IMD1a
4
-2.165 0.3955
1.7599999999999996 0.3955
1.7599999999999996 0.4065
-2.165 0.4065
5.2

IMD1b
4
-2.165 0.4065
1.7599999999999996 0.4065
1.7599999999999996 0.4665
-2.165 0.4665
2.8

IMD2a
4
-2.165 0.4665
1.7599999999999996 0.4665
1.7599999999999996 0.4875
-2.165 0.4875
5.2

IMD2b
4
-2.165 0.4875
1.7599999999999996 0.4875
1.7599999999999996 0.5025
-2.165 0.5025
4.2

IMD2c
4
-2.165 0.5025
1.7599999999999996 0.5025
1.7599999999999996 0.5265
-2.165 0.5265
3.28

IMD3a
4
-2.165 0.6535
1.7599999999999996 0.6535
1.7599999999999996 0.6745
-2.165 0.6745
5.2

IMD3b
4
-2.165 0.6745
1.7599999999999996 0.6745
1.7599999999999996 0.6895
-2.165 0.6895
4.2

IMD3c
4
-2.165 0.6895
1.7599999999999996 0.6895
1.7599999999999996 0.7135
-2.165 0.7135
3.28

IMD3d1+IMD3d2
4
-2.165 0.7135
1.7599999999999996 0.7135
1.7599999999999996 0.8405
-2.165 0.8405
2.65

IMD4a
4
-2.165 0.8405
1.7599999999999996 0.8405
1.7599999999999996 0.8615
-2.165 0.8615
5.2

IMD4b
4
-2.165 0.8615
1.7599999999999996 0.8615
1.7599999999999996 0.8765
-2.165 0.8765
4.2

IMD4c
4
-2.165 0.8765
1.7599999999999996 0.8765
1.7599999999999996 0.9005
-2.165 0.9005
3.28


4
-2.165 0.001
1.7599999999999996 0.001
1.7599999999999996 0.9285000000000001
-2.165 0.9285000000000001

