botcenter
4
0 -0.001
1.2825 -0.001
1.2825 0.001
0 0.001

9
lEnv
4
-0.10951 0.5545
-0.07049 0.5545
-0.06451 0.6535
-0.11549 0.6535

c1
4
-0.01951 0.5545
0.01951 0.5545
0.02549 0.6535
-0.02549 0.6535

c2
4
0.83549 0.5545
1.7295099999999997 0.5545
1.7354899999999998 0.6535
0.82951 0.6535

rEnv
4
1.78049 0.5545
2.6745099999999997 0.5545
2.68049 0.6535
1.7745099999999998 0.6535

topleft
4
-0.6125 1.1155
0 1.1155
0 1.2145
-0.6125 1.2145

topcenter
4
0 1.1155
1.2825 1.1155
1.2825 1.2145
0 1.2145

topright
4
1.2825 1.1155
3.1774999999999998 1.1155
3.1774999999999998 1.2145
1.2825 1.2145

botleft
4
-0.6125 -0.001
0 -0.001
0 0.001
-0.6125 0.001

botright
4
1.2825 -0.001
3.1774999999999998 -0.001
3.1774999999999998 0.001
1.2825 0.001


44
IMD2d1_damage
4
-0.118924 0.5445
-0.061076 0.5445
-0.060472 0.5545
-0.119528 0.5545
3.1

IMD2d1_damage
4
-0.028924 0.5445
0.028924 0.5445
0.029528 0.5545
-0.029528 0.5545
3.1

IMD2d1_damage
4
0.826076 0.5445
1.7389239999999997 0.5445
1.7395279999999997 0.5545
0.825472 0.5545
3.1

IMD2d1_damage
4
1.7710759999999999 0.5445
2.6839239999999998 0.5445
2.684528 0.5545
1.7704719999999998 0.5545
3.1

IMD2d2_damage
4
-0.114519 0.5545
-0.10951 0.5545
-0.11549 0.6535
-0.120499 0.6535
2.9

IMD2d2_damage
4
-0.07049 0.5545
-0.065481 0.5545
-0.059501 0.6535
-0.06451 0.6535
2.9

IMD2d2_damage
4
-0.024519 0.5545
-0.01951 0.5545
-0.02549 0.6535
-0.030499 0.6535
2.9

IMD2d2_damage
4
0.01951 0.5545
0.024519 0.5545
0.030499 0.6535
0.02549 0.6535
2.9

IMD2d2_damage
4
0.8304809999999999 0.5545
0.83549 0.5545
0.82951 0.6535
0.8245009999999999 0.6535
2.9

IMD2d2_damage
4
1.7295099999999997 0.5545
1.7345189999999997 0.5545
1.7404989999999998 0.6535
1.7354899999999998 0.6535
2.9

IMD2d2_damage
4
1.7754809999999999 0.5545
1.78049 0.5545
1.7745099999999998 0.6535
1.7695009999999998 0.6535
2.9

IMD2d2_damage
4
2.6745099999999997 0.5545
2.6795189999999995 0.5545
2.6854989999999996 0.6535
2.68049 0.6535
2.9

IMD5d1_damage
4
-0.6125 1.1055
3.1774999999999998 1.1055
3.1774999999999998 1.1155
-0.6125 1.1155
3.1

IMD2d2
4
-0.6125 0.5545
-0.114519 0.5545
-0.120499 0.6535
-0.6125 0.6535
2.65

IMD2d2
4
-0.065481 0.5545
-0.024519 0.5545
-0.030499 0.6535
-0.059501 0.6535
2.65

IMD2d2
4
0.024519 0.5545
0.8304809999999999 0.5545
0.8245009999999999 0.6535
0.030499 0.6535
2.65

IMD2d2
4
1.7345189999999997 0.5545
1.7754809999999999 0.5545
1.7695009999999998 0.6535
1.7404989999999998 0.6535
2.65

IMD2d2
4
2.6795189999999995 0.5545
3.1774999999999998 0.5545
3.1774999999999998 0.6535
2.6854989999999996 0.6535
2.65

IMD2d1
4
-0.6125 0.5445
-0.118924 0.5445
-0.119528 0.5545
-0.6125 0.5545
2.65

IMD2d1
4
-0.061076 0.5445
-0.028924 0.5445
-0.029528 0.5545
-0.060472 0.5545
2.65

IMD2d1
4
0.028924 0.5445
0.826076 0.5445
0.825472 0.5545
0.029528 0.5545
2.65

IMD2d1
4
1.7389239999999997 0.5445
1.7710759999999999 0.5445
1.7704719999999998 0.5545
1.7395279999999997 0.5545
2.65

IMD2d1
4
2.6839239999999998 0.5445
3.1774999999999998 0.5445
3.1774999999999998 0.5545
2.684528 0.5545
2.65

IMD2d1
4
-0.6125 0.5265
3.1774999999999998 0.5265
3.1774999999999998 0.5445
-0.6125 0.5445
2.65

IMD5d1
4
-0.6125 1.0875
3.1774999999999998 1.0875
3.1774999999999998 1.1055
-0.6125 1.1055
2.65

FOXA+FOXB+TOX
4
-0.6125 0.001
3.1774999999999998 0.001
3.1774999999999998 0.2665
-0.6125 0.2665
4.0

ILD1a
4
-0.6125 0.2665
3.1774999999999998 0.2665
3.1774999999999998 0.2765
-0.6125 0.2765
7.0

ILD1b1+ILD1b2+ILD1b3
4
-0.6125 0.2765
3.1774999999999998 0.2765
3.1774999999999998 0.3955
-0.6125 0.3955
4.0

IMD1a
4
-0.6125 0.3955
3.1774999999999998 0.3955
3.1774999999999998 0.4065
-0.6125 0.4065
5.2

IMD1b
4
-0.6125 0.4065
3.1774999999999998 0.4065
3.1774999999999998 0.4665
-0.6125 0.4665
2.8

IMD2a
4
-0.6125 0.4665
3.1774999999999998 0.4665
3.1774999999999998 0.4875
-0.6125 0.4875
5.2

IMD2b
4
-0.6125 0.4875
3.1774999999999998 0.4875
3.1774999999999998 0.5025
-0.6125 0.5025
4.2

IMD2c
4
-0.6125 0.5025
3.1774999999999998 0.5025
3.1774999999999998 0.5265
-0.6125 0.5265
3.28

IMD3a
4
-0.6125 0.6535
3.1774999999999998 0.6535
3.1774999999999998 0.6745
-0.6125 0.6745
5.2

IMD3b
4
-0.6125 0.6745
3.1774999999999998 0.6745
3.1774999999999998 0.6895
-0.6125 0.6895
4.2

IMD3c
4
-0.6125 0.6895
3.1774999999999998 0.6895
3.1774999999999998 0.7135
-0.6125 0.7135
3.28

IMD3d1+IMD3d2
4
-0.6125 0.7135
3.1774999999999998 0.7135
3.1774999999999998 0.8405
-0.6125 0.8405
2.65

IMD4a
4
-0.6125 0.8405
3.1774999999999998 0.8405
3.1774999999999998 0.8615
-0.6125 0.8615
5.2

IMD4b
4
-0.6125 0.8615
3.1774999999999998 0.8615
3.1774999999999998 0.8765
-0.6125 0.8765
4.2

IMD4c
4
-0.6125 0.8765
3.1774999999999998 0.8765
3.1774999999999998 0.9005
-0.6125 0.9005
3.28

IMD4d1+IMD4d2
4
-0.6125 0.9005
3.1774999999999998 0.9005
3.1774999999999998 1.0275
-0.6125 1.0275
2.65

IMD5a
4
-0.6125 1.0275
3.1774999999999998 1.0275
3.1774999999999998 1.0485
-0.6125 1.0485
5.2

IMD5b
4
-0.6125 1.0485
3.1774999999999998 1.0485
3.1774999999999998 1.0635
-0.6125 1.0635
4.2

IMD5c
4
-0.6125 1.0635
3.1774999999999998 1.0635
3.1774999999999998 1.0875
-0.6125 1.0875
3.28


4
-0.6125 0.001
3.1774999999999998 0.001
3.1774999999999998 1.1155
-0.6125 1.1155

