c1
4
-0.06451000000000003 0.5545
0.06451 0.5545
0.07049 0.6535
-0.07049000000000002 0.6535

7
botleft
4
-0.7475 -0.001
0 -0.001
0 0.001
-0.7475 0.001

botright
4
0 -0.001
1.0625 -0.001
1.0625 0.001
0 0.001

lEnv
4
-0.24451000000000003 0.5545
-0.11549000000000002 0.5545
-0.10951000000000002 0.6535
-0.25049000000000005 0.6535

c2
4
0.25048999999999993 0.5545
0.37950999999999996 0.5545
0.38548999999999994 0.6535
0.24450999999999995 0.6535

rEnv
4
0.43049 0.5545
0.5595100000000001 0.5545
0.56549 0.6535
0.42451 0.6535

topleft
4
-0.7475 1.1155
0 1.1155
0 1.2145
-0.7475 1.2145

topright
4
0 1.1155
1.0625 1.1155
1.0625 1.2145
0 1.2145


44
IMD2d1_damage
4
-0.25392400000000004 0.5445
-0.10607600000000002 0.5445
-0.10547200000000002 0.5545
-0.25452800000000003 0.5545
3.1

IMD2d1_damage
4
-0.07392400000000003 0.5445
0.073924 0.5445
0.074528 0.5545
-0.07452800000000002 0.5545
3.1

IMD2d1_damage
4
0.24107599999999996 0.5445
0.38892399999999994 0.5445
0.38952799999999993 0.5545
0.24047199999999996 0.5545
3.1

IMD2d1_damage
4
0.421076 0.5445
0.568924 0.5445
0.569528 0.5545
0.420472 0.5545
3.1

IMD2d2_damage
4
-0.24951900000000005 0.5545
-0.24451000000000003 0.5545
-0.25049000000000005 0.6535
-0.25549900000000003 0.6535
2.9

IMD2d2_damage
4
-0.11549000000000002 0.5545
-0.11048100000000002 0.5545
-0.10450100000000002 0.6535
-0.10951000000000002 0.6535
2.9

IMD2d2_damage
4
-0.06951900000000003 0.5545
-0.06451000000000003 0.5545
-0.07049000000000002 0.6535
-0.07549900000000002 0.6535
2.9

IMD2d2_damage
4
0.06451 0.5545
0.069519 0.5545
0.075499 0.6535
0.07049 0.6535
2.9

IMD2d2_damage
4
0.24548099999999992 0.5545
0.25048999999999993 0.5545
0.24450999999999995 0.6535
0.23950099999999994 0.6535
2.9

IMD2d2_damage
4
0.37950999999999996 0.5545
0.38451899999999994 0.5545
0.39049899999999993 0.6535
0.38548999999999994 0.6535
2.9

IMD2d2_damage
4
0.425481 0.5545
0.43049 0.5545
0.42451 0.6535
0.419501 0.6535
2.9

IMD2d2_damage
4
0.5595100000000001 0.5545
0.5645190000000001 0.5545
0.5704990000000001 0.6535
0.56549 0.6535
2.9

IMD5d1_damage
4
-0.7475 1.1055
1.0625 1.1055
1.0625 1.1155
-0.7475 1.1155
3.1

IMD2d2
4
-0.7475 0.5545
-0.24951900000000005 0.5545
-0.25549900000000003 0.6535
-0.7475 0.6535
2.65

IMD2d2
4
-0.11048100000000002 0.5545
-0.06951900000000003 0.5545
-0.07549900000000002 0.6535
-0.10450100000000002 0.6535
2.65

IMD2d2
4
0.069519 0.5545
0.24548099999999992 0.5545
0.23950099999999994 0.6535
0.075499 0.6535
2.65

IMD2d2
4
0.38451899999999994 0.5545
0.425481 0.5545
0.419501 0.6535
0.39049899999999993 0.6535
2.65

IMD2d2
4
0.5645190000000001 0.5545
1.0625 0.5545
1.0625 0.6535
0.5704990000000001 0.6535
2.65

IMD2d1
4
-0.7475 0.5445
-0.25392400000000004 0.5445
-0.25452800000000003 0.5545
-0.7475 0.5545
2.65

IMD2d1
4
-0.10607600000000002 0.5445
-0.07392400000000003 0.5445
-0.07452800000000002 0.5545
-0.10547200000000002 0.5545
2.65

IMD2d1
4
0.073924 0.5445
0.24107599999999996 0.5445
0.24047199999999996 0.5545
0.074528 0.5545
2.65

IMD2d1
4
0.38892399999999994 0.5445
0.421076 0.5445
0.420472 0.5545
0.38952799999999993 0.5545
2.65

IMD2d1
4
0.568924 0.5445
1.0625 0.5445
1.0625 0.5545
0.569528 0.5545
2.65

IMD2d1
4
-0.7475 0.5265
1.0625 0.5265
1.0625 0.5445
-0.7475 0.5445
2.65

IMD5d1
4
-0.7475 1.0875
1.0625 1.0875
1.0625 1.1055
-0.7475 1.1055
2.65

FOXA+FOXB+TOX
4
-0.7475 0.001
1.0625 0.001
1.0625 0.2665
-0.7475 0.2665
4.0

ILD1a
4
-0.7475 0.2665
1.0625 0.2665
1.0625 0.2765
-0.7475 0.2765
7.0

ILD1b1+ILD1b2+ILD1b3
4
-0.7475 0.2765
1.0625 0.2765
1.0625 0.3955
-0.7475 0.3955
4.0

IMD1a
4
-0.7475 0.3955
1.0625 0.3955
1.0625 0.4065
-0.7475 0.4065
5.2

IMD1b
4
-0.7475 0.4065
1.0625 0.4065
1.0625 0.4665
-0.7475 0.4665
2.8

IMD2a
4
-0.7475 0.4665
1.0625 0.4665
1.0625 0.4875
-0.7475 0.4875
5.2

IMD2b
4
-0.7475 0.4875
1.0625 0.4875
1.0625 0.5025
-0.7475 0.5025
4.2

IMD2c
4
-0.7475 0.5025
1.0625 0.5025
1.0625 0.5265
-0.7475 0.5265
3.28

IMD3a
4
-0.7475 0.6535
1.0625 0.6535
1.0625 0.6745
-0.7475 0.6745
5.2

IMD3b
4
-0.7475 0.6745
1.0625 0.6745
1.0625 0.6895
-0.7475 0.6895
4.2

IMD3c
4
-0.7475 0.6895
1.0625 0.6895
1.0625 0.7135
-0.7475 0.7135
3.28

IMD3d1+IMD3d2
4
-0.7475 0.7135
1.0625 0.7135
1.0625 0.8405
-0.7475 0.8405
2.65

IMD4a
4
-0.7475 0.8405
1.0625 0.8405
1.0625 0.8615
-0.7475 0.8615
5.2

IMD4b
4
-0.7475 0.8615
1.0625 0.8615
1.0625 0.8765
-0.7475 0.8765
4.2

IMD4c
4
-0.7475 0.8765
1.0625 0.8765
1.0625 0.9005
-0.7475 0.9005
3.28

IMD4d1+IMD4d2
4
-0.7475 0.9005
1.0625 0.9005
1.0625 1.0275
-0.7475 1.0275
2.65

IMD5a
4
-0.7475 1.0275
1.0625 1.0275
1.0625 1.0485
-0.7475 1.0485
5.2

IMD5b
4
-0.7475 1.0485
1.0625 1.0485
1.0625 1.0635
-0.7475 1.0635
4.2

IMD5c
4
-0.7475 1.0635
1.0625 1.0635
1.0625 1.0875
-0.7475 1.0875
3.28


4
-0.7475 0.001
1.0625 0.001
1.0625 1.1155
-0.7475 1.1155

