c1
4
-0.06451000000000003 0.5545
0.06451 0.5545
0.07049 0.6535
-0.07049000000000002 0.6535

7
botleft
4
-0.7475 -0.001
0 -0.001
0 0.001
-0.7475 0.001

botright
4
0 -0.001
1.5125 -0.001
1.5125 0.001
0 0.001

lEnv
4
-0.24451000000000003 0.5545
-0.11549000000000002 0.5545
-0.10951000000000002 0.6535
-0.25049000000000005 0.6535

c2
4
0.8804899999999999 0.5545
0.9195099999999999 0.5545
0.9254899999999999 0.6535
0.8745099999999999 0.6535

rEnv
4
0.97049 0.5545
1.00951 0.5545
1.01549 0.6535
0.96451 0.6535

topleft
4
-0.7475 1.3025
0 1.3025
0 1.4015
-0.7475 1.4015

topright
4
0 1.3025
1.5125 1.3025
1.5125 1.4015
0 1.4015


48
IMD2d1_damage
4
-0.25392400000000004 0.5445
-0.10607600000000002 0.5445
-0.10547200000000002 0.5545
-0.25452800000000003 0.5545
3.1

IMD2d1_damage
4
-0.07392400000000003 0.5445
0.073924 0.5445
0.074528 0.5545
-0.07452800000000002 0.5545
3.1

IMD2d1_damage
4
0.871076 0.5445
0.9289239999999999 0.5445
0.9295279999999999 0.5545
0.8704719999999999 0.5545
3.1

IMD2d1_damage
4
0.961076 0.5445
1.018924 0.5445
1.019528 0.5545
0.960472 0.5545
3.1

IMD2d2_damage
4
-0.24951900000000005 0.5545
-0.24451000000000003 0.5545
-0.25049000000000005 0.6535
-0.25549900000000003 0.6535
2.9

IMD2d2_damage
4
-0.11549000000000002 0.5545
-0.11048100000000002 0.5545
-0.10450100000000002 0.6535
-0.10951000000000002 0.6535
2.9

IMD2d2_damage
4
-0.06951900000000003 0.5545
-0.06451000000000003 0.5545
-0.07049000000000002 0.6535
-0.07549900000000002 0.6535
2.9

IMD2d2_damage
4
0.06451 0.5545
0.069519 0.5545
0.075499 0.6535
0.07049 0.6535
2.9

IMD2d2_damage
4
0.8754809999999998 0.5545
0.8804899999999999 0.5545
0.8745099999999999 0.6535
0.8695009999999999 0.6535
2.9

IMD2d2_damage
4
0.9195099999999999 0.5545
0.924519 0.5545
0.930499 0.6535
0.9254899999999999 0.6535
2.9

IMD2d2_damage
4
0.9654809999999999 0.5545
0.97049 0.5545
0.96451 0.6535
0.9595009999999999 0.6535
2.9

IMD2d2_damage
4
1.00951 0.5545
1.014519 0.5545
1.020499 0.6535
1.01549 0.6535
2.9

IMD6d1_damage
4
-0.7475 1.2925
1.5125 1.2925
1.5125 1.3025
-0.7475 1.3025
3.1

IMD2d2
4
-0.7475 0.5545
-0.24951900000000005 0.5545
-0.25549900000000003 0.6535
-0.7475 0.6535
2.65

IMD2d2
4
-0.11048100000000002 0.5545
-0.06951900000000003 0.5545
-0.07549900000000002 0.6535
-0.10450100000000002 0.6535
2.65

IMD2d2
4
0.069519 0.5545
0.8754809999999998 0.5545
0.8695009999999999 0.6535
0.075499 0.6535
2.65

IMD2d2
4
0.924519 0.5545
0.9654809999999999 0.5545
0.9595009999999999 0.6535
0.930499 0.6535
2.65

IMD2d2
4
1.014519 0.5545
1.5125 0.5545
1.5125 0.6535
1.020499 0.6535
2.65

IMD2d1
4
-0.7475 0.5445
-0.25392400000000004 0.5445
-0.25452800000000003 0.5545
-0.7475 0.5545
2.65

IMD2d1
4
-0.10607600000000002 0.5445
-0.07392400000000003 0.5445
-0.07452800000000002 0.5545
-0.10547200000000002 0.5545
2.65

IMD2d1
4
0.073924 0.5445
0.871076 0.5445
0.8704719999999999 0.5545
0.074528 0.5545
2.65

IMD2d1
4
0.9289239999999999 0.5445
0.961076 0.5445
0.960472 0.5545
0.9295279999999999 0.5545
2.65

IMD2d1
4
1.018924 0.5445
1.5125 0.5445
1.5125 0.5545
1.019528 0.5545
2.65

IMD2d1
4
-0.7475 0.5265
1.5125 0.5265
1.5125 0.5445
-0.7475 0.5445
2.65

IMD6d1
4
-0.7475 1.2745
1.5125 1.2745
1.5125 1.2925
-0.7475 1.2925
2.65

FOXA+FOXB+TOX
4
-0.7475 0.001
1.5125 0.001
1.5125 0.2665
-0.7475 0.2665
4.0

ILD1a
4
-0.7475 0.2665
1.5125 0.2665
1.5125 0.2765
-0.7475 0.2765
7.0

ILD1b1+ILD1b2+ILD1b3
4
-0.7475 0.2765
1.5125 0.2765
1.5125 0.3955
-0.7475 0.3955
4.0

IMD1a
4
-0.7475 0.3955
1.5125 0.3955
1.5125 0.4065
-0.7475 0.4065
5.2

IMD1b
4
-0.7475 0.4065
1.5125 0.4065
1.5125 0.4665
-0.7475 0.4665
2.8

IMD2a
4
-0.7475 0.4665
1.5125 0.4665
1.5125 0.4875
-0.7475 0.4875
5.2

IMD2b
4
-0.7475 0.4875
1.5125 0.4875
1.5125 0.5025
-0.7475 0.5025
4.2

IMD2c
4
-0.7475 0.5025
1.5125 0.5025
1.5125 0.5265
-0.7475 0.5265
3.28

IMD3a
4
-0.7475 0.6535
1.5125 0.6535
1.5125 0.6745
-0.7475 0.6745
5.2

IMD3b
4
-0.7475 0.6745
1.5125 0.6745
1.5125 0.6895
-0.7475 0.6895
4.2

IMD3c
4
-0.7475 0.6895
1.5125 0.6895
1.5125 0.7135
-0.7475 0.7135
3.28

IMD3d1+IMD3d2
4
-0.7475 0.7135
1.5125 0.7135
1.5125 0.8405
-0.7475 0.8405
2.65

IMD4a
4
-0.7475 0.8405
1.5125 0.8405
1.5125 0.8615
-0.7475 0.8615
5.2

IMD4b
4
-0.7475 0.8615
1.5125 0.8615
1.5125 0.8765
-0.7475 0.8765
4.2

IMD4c
4
-0.7475 0.8765
1.5125 0.8765
1.5125 0.9005
-0.7475 0.9005
3.28

IMD4d1+IMD4d2
4
-0.7475 0.9005
1.5125 0.9005
1.5125 1.0275
-0.7475 1.0275
2.65

IMD5a
4
-0.7475 1.0275
1.5125 1.0275
1.5125 1.0485
-0.7475 1.0485
5.2

IMD5b
4
-0.7475 1.0485
1.5125 1.0485
1.5125 1.0635
-0.7475 1.0635
4.2

IMD5c
4
-0.7475 1.0635
1.5125 1.0635
1.5125 1.0875
-0.7475 1.0875
3.28

IMD5d1+IMD5d2
4
-0.7475 1.0875
1.5125 1.0875
1.5125 1.2145
-0.7475 1.2145
2.65

IMD6a
4
-0.7475 1.2145
1.5125 1.2145
1.5125 1.2355
-0.7475 1.2355
5.2

IMD6b
4
-0.7475 1.2355
1.5125 1.2355
1.5125 1.2505
-0.7475 1.2505
4.2

IMD6c
4
-0.7475 1.2505
1.5125 1.2505
1.5125 1.2745
-0.7475 1.2745
3.28


4
-0.7475 0.001
1.5125 0.001
1.5125 1.3025
-0.7475 1.3025

