botcenter
4
0 -0.001
0.54 -0.001
0.54 0.001
0 0.001

9
lEnv
4
-0.10951 0.5545
-0.07049 0.5545
-0.06451 0.6535
-0.11549 0.6535

c1
4
-0.01951 0.5545
0.01951 0.5545
0.02549 0.6535
-0.02549 0.6535

c2
4
0.47548999999999997 0.5545
0.60451 0.5545
0.61049 0.6535
0.46951 0.6535

rEnv
4
0.6554899999999999 0.5545
0.7845099999999999 0.5545
0.7904899999999999 0.6535
0.6495099999999999 0.6535

topleft
4
-0.6125 0.9285000000000001
0 0.9285000000000001
0 1.0275
-0.6125 1.0275

topcenter
4
0 0.9285000000000001
0.54 0.9285000000000001
0.54 1.0275
0 1.0275

topright
4
0.54 0.9285000000000001
1.2874999999999999 0.9285000000000001
1.2874999999999999 1.0275
0.54 1.0275

botleft
4
-0.6125 -0.001
0 -0.001
0 0.001
-0.6125 0.001

botright
4
0.54 -0.001
1.2874999999999999 -0.001
1.2874999999999999 0.001
0.54 0.001


40
IMD2d1_damage
4
-0.118924 0.5445
-0.061076 0.5445
-0.060472 0.5545
-0.119528 0.5545
3.1

IMD2d1_damage
4
-0.028924 0.5445
0.028924 0.5445
0.029528 0.5545
-0.029528 0.5545
3.1

IMD2d1_damage
4
0.466076 0.5445
0.6139239999999999 0.5445
0.614528 0.5545
0.465472 0.5545
3.1

IMD2d1_damage
4
0.646076 0.5445
0.7939239999999999 0.5445
0.7945279999999999 0.5545
0.6454719999999999 0.5545
3.1

IMD2d2_damage
4
-0.114519 0.5545
-0.10951 0.5545
-0.11549 0.6535
-0.120499 0.6535
2.9

IMD2d2_damage
4
-0.07049 0.5545
-0.065481 0.5545
-0.059501 0.6535
-0.06451 0.6535
2.9

IMD2d2_damage
4
-0.024519 0.5545
-0.01951 0.5545
-0.02549 0.6535
-0.030499 0.6535
2.9

IMD2d2_damage
4
0.01951 0.5545
0.024519 0.5545
0.030499 0.6535
0.02549 0.6535
2.9

IMD2d2_damage
4
0.470481 0.5545
0.47548999999999997 0.5545
0.46951 0.6535
0.464501 0.6535
2.9

IMD2d2_damage
4
0.60451 0.5545
0.609519 0.5545
0.615499 0.6535
0.61049 0.6535
2.9

IMD2d2_damage
4
0.6504809999999999 0.5545
0.6554899999999999 0.5545
0.6495099999999999 0.6535
0.6445009999999999 0.6535
2.9

IMD2d2_damage
4
0.7845099999999999 0.5545
0.789519 0.5545
0.795499 0.6535
0.7904899999999999 0.6535
2.9

IMD4d1_damage
4
-0.6125 0.9185000000000001
1.2874999999999999 0.9185000000000001
1.2874999999999999 0.9285000000000001
-0.6125 0.9285000000000001
3.1

IMD2d2
4
-0.6125 0.5545
-0.114519 0.5545
-0.120499 0.6535
-0.6125 0.6535
2.65

IMD2d2
4
-0.065481 0.5545
-0.024519 0.5545
-0.030499 0.6535
-0.059501 0.6535
2.65

IMD2d2
4
0.024519 0.5545
0.470481 0.5545
0.464501 0.6535
0.030499 0.6535
2.65

IMD2d2
4
0.609519 0.5545
0.6504809999999999 0.5545
0.6445009999999999 0.6535
0.615499 0.6535
2.65

IMD2d2
4
0.789519 0.5545
1.2874999999999999 0.5545
1.2874999999999999 0.6535
0.795499 0.6535
2.65

IMD2d1
4
-0.6125 0.5445
-0.118924 0.5445
-0.119528 0.5545
-0.6125 0.5545
2.65

IMD2d1
4
-0.061076 0.5445
-0.028924 0.5445
-0.029528 0.5545
-0.060472 0.5545
2.65

IMD2d1
4
0.028924 0.5445
0.466076 0.5445
0.465472 0.5545
0.029528 0.5545
2.65

IMD2d1
4
0.6139239999999999 0.5445
0.646076 0.5445
0.6454719999999999 0.5545
0.614528 0.5545
2.65

IMD2d1
4
0.7939239999999999 0.5445
1.2874999999999999 0.5445
1.2874999999999999 0.5545
0.7945279999999999 0.5545
2.65

IMD2d1
4
-0.6125 0.5265
1.2874999999999999 0.5265
1.2874999999999999 0.5445
-0.6125 0.5445
2.65

IMD4d1
4
-0.6125 0.9005
1.2874999999999999 0.9005
1.2874999999999999 0.9185000000000001
-0.6125 0.9185000000000001
2.65

FOXA+FOXB+TOX
4
-0.6125 0.001
1.2874999999999999 0.001
1.2874999999999999 0.2665
-0.6125 0.2665
4.0

ILD1a
4
-0.6125 0.2665
1.2874999999999999 0.2665
1.2874999999999999 0.2765
-0.6125 0.2765
7.0

ILD1b1+ILD1b2+ILD1b3
4
-0.6125 0.2765
1.2874999999999999 0.2765
1.2874999999999999 0.3955
-0.6125 0.3955
4.0

IMD1a
4
-0.6125 0.3955
1.2874999999999999 0.3955
1.2874999999999999 0.4065
-0.6125 0.4065
5.2

IMD1b
4
-0.6125 0.4065
1.2874999999999999 0.4065
1.2874999999999999 0.4665
-0.6125 0.4665
2.8

IMD2a
4
-0.6125 0.4665
1.2874999999999999 0.4665
1.2874999999999999 0.4875
-0.6125 0.4875
5.2

IMD2b
4
-0.6125 0.4875
1.2874999999999999 0.4875
1.2874999999999999 0.5025
-0.6125 0.5025
4.2

IMD2c
4
-0.6125 0.5025
1.2874999999999999 0.5025
1.2874999999999999 0.5265
-0.6125 0.5265
3.28

IMD3a
4
-0.6125 0.6535
1.2874999999999999 0.6535
1.2874999999999999 0.6745
-0.6125 0.6745
5.2

IMD3b
4
-0.6125 0.6745
1.2874999999999999 0.6745
1.2874999999999999 0.6895
-0.6125 0.6895
4.2

IMD3c
4
-0.6125 0.6895
1.2874999999999999 0.6895
1.2874999999999999 0.7135
-0.6125 0.7135
3.28

IMD3d1+IMD3d2
4
-0.6125 0.7135
1.2874999999999999 0.7135
1.2874999999999999 0.8405
-0.6125 0.8405
2.65

IMD4a
4
-0.6125 0.8405
1.2874999999999999 0.8405
1.2874999999999999 0.8615
-0.6125 0.8615
5.2

IMD4b
4
-0.6125 0.8615
1.2874999999999999 0.8615
1.2874999999999999 0.8765
-0.6125 0.8765
4.2

IMD4c
4
-0.6125 0.8765
1.2874999999999999 0.8765
1.2874999999999999 0.9005
-0.6125 0.9005
3.28


4
-0.6125 0.001
1.2874999999999999 0.001
1.2874999999999999 0.9285000000000001
-0.6125 0.9285000000000001

