botcenter
4
0 -0.001
10.219999999999999 -0.001
10.219999999999999 0.001
0 0.001

4
c1
4
-0.44700999999999996 0.5545
0.44700999999999996 0.5545
0.45298999999999995 0.6535
-0.45298999999999995 0.6535

topleft
4
-6.35 0.9285000000000001
0 0.9285000000000001
0 1.0275
-6.35 1.0275

topcenter
4
0 0.9285000000000001
10.219999999999999 0.9285000000000001
10.219999999999999 1.0275
0 1.0275

botleft
4
-6.35 -0.001
0 -0.001
0 0.001
-6.35 0.001


26
IMD2d1_damage
4
-0.45642399999999994 0.5445
0.45642399999999994 0.5445
0.45702799999999993 0.5545
-0.45702799999999993 0.5545
3.1

IMD2d2_damage
4
-0.45201899999999995 0.5545
-0.44700999999999996 0.5545
-0.45298999999999995 0.6535
-0.45799899999999993 0.6535
2.9

IMD2d2_damage
4
0.44700999999999996 0.5545
0.45201899999999995 0.5545
0.45799899999999993 0.6535
0.45298999999999995 0.6535
2.9

IMD4d1_damage
4
-6.35 0.9185000000000001
3.869999999999999 0.9185000000000001
3.869999999999999 0.9285000000000001
-6.35 0.9285000000000001
3.1

IMD2d2
4
-6.35 0.5545
-0.45201899999999995 0.5545
-0.45799899999999993 0.6535
-6.35 0.6535
2.65

IMD2d2
4
0.45201899999999995 0.5545
10.219999999999999 0.5545
10.219999999999999 0.6535
0.45799899999999993 0.6535
2.65

IMD2d1
4
-6.35 0.5445
-0.45642399999999994 0.5445
-0.45702799999999993 0.5545
-6.35 0.5545
2.65

IMD2d1
4
0.45642399999999994 0.5445
10.219999999999999 0.5445
10.219999999999999 0.5545
0.45702799999999993 0.5545
2.65

IMD2d1
4
-6.35 0.5265
10.219999999999999 0.5265
10.219999999999999 0.5445
-6.35 0.5445
2.65

IMD4d1
4
-6.35 0.9005
3.869999999999999 0.9005
3.869999999999999 0.9185000000000001
-6.35 0.9185000000000001
2.65

IMD4d1
4
3.869999999999999 0.9185000000000001
10.219999999999999 0.9185000000000001
10.219999999999999 0.9285000000000001
3.869999999999999 0.9285000000000001
2.65

FOXA+FOXB+TOX
4
-6.35 0.001
10.219999999999999 0.001
10.219999999999999 0.2665
-6.35 0.2665
4.0

ILD1a
4
-6.35 0.2665
10.219999999999999 0.2665
10.219999999999999 0.2765
-6.35 0.2765
7.0

ILD1b1+ILD1b2+ILD1b3
4
-6.35 0.2765
10.219999999999999 0.2765
10.219999999999999 0.3955
-6.35 0.3955
4.0

IMD1a
4
-6.35 0.3955
10.219999999999999 0.3955
10.219999999999999 0.4065
-6.35 0.4065
5.2

IMD1b
4
-6.35 0.4065
10.219999999999999 0.4065
10.219999999999999 0.4665
-6.35 0.4665
2.8

IMD2a
4
-6.35 0.4665
10.219999999999999 0.4665
10.219999999999999 0.4875
-6.35 0.4875
5.2

IMD2b
4
-6.35 0.4875
10.219999999999999 0.4875
10.219999999999999 0.5025
-6.35 0.5025
4.2

IMD2c
4
-6.35 0.5025
10.219999999999999 0.5025
10.219999999999999 0.5265
-6.35 0.5265
3.28

IMD3a
4
-6.35 0.6535
10.219999999999999 0.6535
10.219999999999999 0.6745
-6.35 0.6745
5.2

IMD3b
4
-6.35 0.6745
10.219999999999999 0.6745
10.219999999999999 0.6895
-6.35 0.6895
4.2

IMD3c
4
-6.35 0.6895
10.219999999999999 0.6895
10.219999999999999 0.7135
-6.35 0.7135
3.28

IMD3d1+IMD3d2
4
-6.35 0.7135
10.219999999999999 0.7135
10.219999999999999 0.8405
-6.35 0.8405
2.65

IMD4a
4
-6.35 0.8405
10.219999999999999 0.8405
10.219999999999999 0.8615
-6.35 0.8615
5.2

IMD4b
4
-6.35 0.8615
10.219999999999999 0.8615
10.219999999999999 0.8765
-6.35 0.8765
4.2

IMD4c
4
-6.35 0.8765
10.219999999999999 0.8765
10.219999999999999 0.9005
-6.35 0.9005
3.28


4
-6.35 0.001
10.219999999999999 0.001
10.219999999999999 0.9285000000000001
-6.35 0.9285000000000001

