botcenter
4
0 -0.001
0.135 -0.001
0.135 0.001
0 0.001

9
lEnv
4
-0.37951 0.5545
-0.34048999999999996 0.5545
-0.33451 0.6535
-0.38549 0.6535

c1
4
-0.019510000000000013 0.5545
0.019510000000000013 0.5545
0.025490000000000013 0.6535
-0.025490000000000013 0.6535

c2
4
0.11549 0.5545
0.15451 0.5545
0.16049000000000002 0.6535
0.10951 0.6535

rEnv
4
0.47548999999999997 0.5545
0.51451 0.5545
0.52049 0.6535
0.46951 0.6535

topleft
4
-0.8825000000000001 1.1155
0 1.1155
0 1.2145
-0.8825000000000001 1.2145

topcenter
4
0 1.1155
0.135 1.1155
0.135 1.2145
0 1.2145

topright
4
0.135 1.1155
1.0175 1.1155
1.0175 1.2145
0.135 1.2145

botleft
4
-0.8825000000000001 -0.001
0 -0.001
0 0.001
-0.8825000000000001 0.001

botright
4
0.135 -0.001
1.0175 -0.001
1.0175 0.001
0.135 0.001


44
IMD2d1_damage
4
-0.388924 0.5445
-0.331076 0.5445
-0.330472 0.5545
-0.389528 0.5545
3.1

IMD2d1_damage
4
-0.028924000000000012 0.5445
0.028924000000000012 0.5445
0.029528000000000013 0.5545
-0.029528000000000013 0.5545
3.1

IMD2d1_damage
4
0.10607599999999999 0.5445
0.16392400000000001 0.5445
0.164528 0.5545
0.105472 0.5545
3.1

IMD2d1_damage
4
0.466076 0.5445
0.523924 0.5445
0.524528 0.5545
0.465472 0.5545
3.1

IMD2d2_damage
4
-0.384519 0.5545
-0.37951 0.5545
-0.38549 0.6535
-0.390499 0.6535
2.9

IMD2d2_damage
4
-0.34048999999999996 0.5545
-0.335481 0.5545
-0.329501 0.6535
-0.33451 0.6535
2.9

IMD2d2_damage
4
-0.024519000000000013 0.5545
-0.019510000000000013 0.5545
-0.025490000000000013 0.6535
-0.030499000000000012 0.6535
2.9

IMD2d2_damage
4
0.019510000000000013 0.5545
0.024519000000000013 0.5545
0.030499000000000012 0.6535
0.025490000000000013 0.6535
2.9

IMD2d2_damage
4
0.110481 0.5545
0.11549 0.5545
0.10951 0.6535
0.104501 0.6535
2.9

IMD2d2_damage
4
0.15451 0.5545
0.15951900000000002 0.5545
0.16549900000000003 0.6535
0.16049000000000002 0.6535
2.9

IMD2d2_damage
4
0.470481 0.5545
0.47548999999999997 0.5545
0.46951 0.6535
0.464501 0.6535
2.9

IMD2d2_damage
4
0.51451 0.5545
0.5195190000000001 0.5545
0.525499 0.6535
0.52049 0.6535
2.9

IMD5d1_damage
4
-0.8825000000000001 1.1055
1.0175 1.1055
1.0175 1.1155
-0.8825000000000001 1.1155
3.1

IMD2d2
4
-0.8825000000000001 0.5545
-0.384519 0.5545
-0.390499 0.6535
-0.8825000000000001 0.6535
2.65

IMD2d2
4
-0.335481 0.5545
-0.024519000000000013 0.5545
-0.030499000000000012 0.6535
-0.329501 0.6535
2.65

IMD2d2
4
0.024519000000000013 0.5545
0.110481 0.5545
0.104501 0.6535
0.030499000000000012 0.6535
2.65

IMD2d2
4
0.15951900000000002 0.5545
0.470481 0.5545
0.464501 0.6535
0.16549900000000003 0.6535
2.65

IMD2d2
4
0.5195190000000001 0.5545
1.0175 0.5545
1.0175 0.6535
0.525499 0.6535
2.65

IMD2d1
4
-0.8825000000000001 0.5445
-0.388924 0.5445
-0.389528 0.5545
-0.8825000000000001 0.5545
2.65

IMD2d1
4
-0.331076 0.5445
-0.028924000000000012 0.5445
-0.029528000000000013 0.5545
-0.330472 0.5545
2.65

IMD2d1
4
0.028924000000000012 0.5445
0.10607599999999999 0.5445
0.105472 0.5545
0.029528000000000013 0.5545
2.65

IMD2d1
4
0.16392400000000001 0.5445
0.466076 0.5445
0.465472 0.5545
0.164528 0.5545
2.65

IMD2d1
4
0.523924 0.5445
1.0175 0.5445
1.0175 0.5545
0.524528 0.5545
2.65

IMD2d1
4
-0.8825000000000001 0.5265
1.0175 0.5265
1.0175 0.5445
-0.8825000000000001 0.5445
2.65

IMD5d1
4
-0.8825000000000001 1.0875
1.0175 1.0875
1.0175 1.1055
-0.8825000000000001 1.1055
2.65

FOXA+FOXB+TOX
4
-0.8825000000000001 0.001
1.0175 0.001
1.0175 0.2665
-0.8825000000000001 0.2665
4.0

ILD1a
4
-0.8825000000000001 0.2665
1.0175 0.2665
1.0175 0.2765
-0.8825000000000001 0.2765
7.0

ILD1b1+ILD1b2+ILD1b3
4
-0.8825000000000001 0.2765
1.0175 0.2765
1.0175 0.3955
-0.8825000000000001 0.3955
4.0

IMD1a
4
-0.8825000000000001 0.3955
1.0175 0.3955
1.0175 0.4065
-0.8825000000000001 0.4065
5.2

IMD1b
4
-0.8825000000000001 0.4065
1.0175 0.4065
1.0175 0.4665
-0.8825000000000001 0.4665
2.8

IMD2a
4
-0.8825000000000001 0.4665
1.0175 0.4665
1.0175 0.4875
-0.8825000000000001 0.4875
5.2

IMD2b
4
-0.8825000000000001 0.4875
1.0175 0.4875
1.0175 0.5025
-0.8825000000000001 0.5025
4.2

IMD2c
4
-0.8825000000000001 0.5025
1.0175 0.5025
1.0175 0.5265
-0.8825000000000001 0.5265
3.28

IMD3a
4
-0.8825000000000001 0.6535
1.0175 0.6535
1.0175 0.6745
-0.8825000000000001 0.6745
5.2

IMD3b
4
-0.8825000000000001 0.6745
1.0175 0.6745
1.0175 0.6895
-0.8825000000000001 0.6895
4.2

IMD3c
4
-0.8825000000000001 0.6895
1.0175 0.6895
1.0175 0.7135
-0.8825000000000001 0.7135
3.28

IMD3d1+IMD3d2
4
-0.8825000000000001 0.7135
1.0175 0.7135
1.0175 0.8405
-0.8825000000000001 0.8405
2.65

IMD4a
4
-0.8825000000000001 0.8405
1.0175 0.8405
1.0175 0.8615
-0.8825000000000001 0.8615
5.2

IMD4b
4
-0.8825000000000001 0.8615
1.0175 0.8615
1.0175 0.8765
-0.8825000000000001 0.8765
4.2

IMD4c
4
-0.8825000000000001 0.8765
1.0175 0.8765
1.0175 0.9005
-0.8825000000000001 0.9005
3.28

IMD4d1+IMD4d2
4
-0.8825000000000001 0.9005
1.0175 0.9005
1.0175 1.0275
-0.8825000000000001 1.0275
2.65

IMD5a
4
-0.8825000000000001 1.0275
1.0175 1.0275
1.0175 1.0485
-0.8825000000000001 1.0485
5.2

IMD5b
4
-0.8825000000000001 1.0485
1.0175 1.0485
1.0175 1.0635
-0.8825000000000001 1.0635
4.2

IMD5c
4
-0.8825000000000001 1.0635
1.0175 1.0635
1.0175 1.0875
-0.8825000000000001 1.0875
3.28


4
-0.8825000000000001 0.001
1.0175 0.001
1.0175 1.1155
-0.8825000000000001 1.1155

