botcenter
4
0 -0.001
0.5399999999999999 -0.001
0.5399999999999999 0.001
0 0.001

9
lEnv
4
-0.24451000000000003 0.5545
-0.11549000000000002 0.5545
-0.10951000000000002 0.6535
-0.25049000000000005 0.6535

c1
4
-0.06451000000000003 0.5545
0.06451 0.5545
0.07049 0.6535
-0.07049000000000002 0.6535

c2
4
0.09298999999999998 0.5545
0.9870099999999998 0.5545
0.9929899999999998 0.6535
0.08700999999999998 0.6535

rEnv
4
1.03799 0.5545
1.9320099999999996 0.5545
1.9379899999999997 0.6535
1.0320099999999999 0.6535

topleft
4
-0.7475 1.3025
0 1.3025
0 1.4015
-0.7475 1.4015

topcenter
4
0 1.3025
0.5399999999999999 1.3025
0.5399999999999999 1.4015
0 1.4015

topright
4
0.5399999999999999 1.3025
2.4349999999999996 1.3025
2.4349999999999996 1.4015
0.5399999999999999 1.4015

botleft
4
-0.7475 -0.001
0 -0.001
0 0.001
-0.7475 0.001

botright
4
0.5399999999999999 -0.001
2.4349999999999996 -0.001
2.4349999999999996 0.001
0.5399999999999999 0.001


48
IMD2d1_damage
4
-0.25392400000000004 0.5445
-0.10607600000000002 0.5445
-0.10547200000000002 0.5545
-0.25452800000000003 0.5545
3.1

IMD2d1_damage
4
-0.07392400000000003 0.5445
0.073924 0.5445
0.074528 0.5545
-0.07452800000000002 0.5545
3.1

IMD2d1_damage
4
0.08357599999999997 0.5445
0.9964239999999998 0.5445
0.9970279999999998 0.5545
0.08297199999999998 0.5545
3.1

IMD2d1_damage
4
1.028576 0.5445
1.9414239999999996 0.5445
1.9420279999999996 0.5545
1.0279719999999999 0.5545
3.1

IMD2d2_damage
4
-0.24951900000000005 0.5545
-0.24451000000000003 0.5545
-0.25049000000000005 0.6535
-0.25549900000000003 0.6535
2.9

IMD2d2_damage
4
-0.11549000000000002 0.5545
-0.11048100000000002 0.5545
-0.10450100000000002 0.6535
-0.10951000000000002 0.6535
2.9

IMD2d2_damage
4
-0.06951900000000003 0.5545
-0.06451000000000003 0.5545
-0.07049000000000002 0.6535
-0.07549900000000002 0.6535
2.9

IMD2d2_damage
4
0.06451 0.5545
0.069519 0.5545
0.075499 0.6535
0.07049 0.6535
2.9

IMD2d2_damage
4
0.08798099999999998 0.5545
0.09298999999999998 0.5545
0.08700999999999998 0.6535
0.08200099999999998 0.6535
2.9

IMD2d2_damage
4
0.9870099999999998 0.5545
0.9920189999999999 0.5545
0.9979989999999999 0.6535
0.9929899999999998 0.6535
2.9

IMD2d2_damage
4
1.032981 0.5545
1.03799 0.5545
1.0320099999999999 0.6535
1.0270009999999998 0.6535
2.9

IMD2d2_damage
4
1.9320099999999996 0.5545
1.9370189999999996 0.5545
1.9429989999999997 0.6535
1.9379899999999997 0.6535
2.9

IMD6d1_damage
4
-0.7475 1.2925
2.4349999999999996 1.2925
2.4349999999999996 1.3025
-0.7475 1.3025
3.1

IMD2d2
4
-0.7475 0.5545
-0.24951900000000005 0.5545
-0.25549900000000003 0.6535
-0.7475 0.6535
2.65

IMD2d2
4
-0.11048100000000002 0.5545
-0.06951900000000003 0.5545
-0.07549900000000002 0.6535
-0.10450100000000002 0.6535
2.65

IMD2d2
4
0.069519 0.5545
0.08798099999999998 0.5545
0.08200099999999998 0.6535
0.075499 0.6535
2.65

IMD2d2
4
0.9920189999999999 0.5545
1.032981 0.5545
1.0270009999999998 0.6535
0.9979989999999999 0.6535
2.65

IMD2d2
4
1.9370189999999996 0.5545
2.4349999999999996 0.5545
2.4349999999999996 0.6535
1.9429989999999997 0.6535
2.65

IMD2d1
4
-0.7475 0.5445
-0.25392400000000004 0.5445
-0.25452800000000003 0.5545
-0.7475 0.5545
2.65

IMD2d1
4
-0.10607600000000002 0.5445
-0.07392400000000003 0.5445
-0.07452800000000002 0.5545
-0.10547200000000002 0.5545
2.65

IMD2d1
4
0.073924 0.5445
0.08357599999999997 0.5445
0.08297199999999998 0.5545
0.074528 0.5545
2.65

IMD2d1
4
0.9964239999999998 0.5445
1.028576 0.5445
1.0279719999999999 0.5545
0.9970279999999998 0.5545
2.65

IMD2d1
4
1.9414239999999996 0.5445
2.4349999999999996 0.5445
2.4349999999999996 0.5545
1.9420279999999996 0.5545
2.65

IMD2d1
4
-0.7475 0.5265
2.4349999999999996 0.5265
2.4349999999999996 0.5445
-0.7475 0.5445
2.65

IMD6d1
4
-0.7475 1.2745
2.4349999999999996 1.2745
2.4349999999999996 1.2925
-0.7475 1.2925
2.65

FOXA+FOXB+TOX
4
-0.7475 0.001
2.4349999999999996 0.001
2.4349999999999996 0.2665
-0.7475 0.2665
4.0

ILD1a
4
-0.7475 0.2665
2.4349999999999996 0.2665
2.4349999999999996 0.2765
-0.7475 0.2765
7.0

ILD1b1+ILD1b2+ILD1b3
4
-0.7475 0.2765
2.4349999999999996 0.2765
2.4349999999999996 0.3955
-0.7475 0.3955
4.0

IMD1a
4
-0.7475 0.3955
2.4349999999999996 0.3955
2.4349999999999996 0.4065
-0.7475 0.4065
5.2

IMD1b
4
-0.7475 0.4065
2.4349999999999996 0.4065
2.4349999999999996 0.4665
-0.7475 0.4665
2.8

IMD2a
4
-0.7475 0.4665
2.4349999999999996 0.4665
2.4349999999999996 0.4875
-0.7475 0.4875
5.2

IMD2b
4
-0.7475 0.4875
2.4349999999999996 0.4875
2.4349999999999996 0.5025
-0.7475 0.5025
4.2

IMD2c
4
-0.7475 0.5025
2.4349999999999996 0.5025
2.4349999999999996 0.5265
-0.7475 0.5265
3.28

IMD3a
4
-0.7475 0.6535
2.4349999999999996 0.6535
2.4349999999999996 0.6745
-0.7475 0.6745
5.2

IMD3b
4
-0.7475 0.6745
2.4349999999999996 0.6745
2.4349999999999996 0.6895
-0.7475 0.6895
4.2

IMD3c
4
-0.7475 0.6895
2.4349999999999996 0.6895
2.4349999999999996 0.7135
-0.7475 0.7135
3.28

IMD3d1+IMD3d2
4
-0.7475 0.7135
2.4349999999999996 0.7135
2.4349999999999996 0.8405
-0.7475 0.8405
2.65

IMD4a
4
-0.7475 0.8405
2.4349999999999996 0.8405
2.4349999999999996 0.8615
-0.7475 0.8615
5.2

IMD4b
4
-0.7475 0.8615
2.4349999999999996 0.8615
2.4349999999999996 0.8765
-0.7475 0.8765
4.2

IMD4c
4
-0.7475 0.8765
2.4349999999999996 0.8765
2.4349999999999996 0.9005
-0.7475 0.9005
3.28

IMD4d1+IMD4d2
4
-0.7475 0.9005
2.4349999999999996 0.9005
2.4349999999999996 1.0275
-0.7475 1.0275
2.65

IMD5a
4
-0.7475 1.0275
2.4349999999999996 1.0275
2.4349999999999996 1.0485
-0.7475 1.0485
5.2

IMD5b
4
-0.7475 1.0485
2.4349999999999996 1.0485
2.4349999999999996 1.0635
-0.7475 1.0635
4.2

IMD5c
4
-0.7475 1.0635
2.4349999999999996 1.0635
2.4349999999999996 1.0875
-0.7475 1.0875
3.28

IMD5d1+IMD5d2
4
-0.7475 1.0875
2.4349999999999996 1.0875
2.4349999999999996 1.2145
-0.7475 1.2145
2.65

IMD6a
4
-0.7475 1.2145
2.4349999999999996 1.2145
2.4349999999999996 1.2355
-0.7475 1.2355
5.2

IMD6b
4
-0.7475 1.2355
2.4349999999999996 1.2355
2.4349999999999996 1.2505
-0.7475 1.2505
4.2

IMD6c
4
-0.7475 1.2505
2.4349999999999996 1.2505
2.4349999999999996 1.2745
-0.7475 1.2745
3.28


4
-0.7475 0.001
2.4349999999999996 0.001
2.4349999999999996 1.3025
-0.7475 1.3025

