c1
4
-0.06451000000000001 0.5545
0.06451000000000001 0.5545
0.07049000000000001 0.6535
-0.07049000000000001 0.6535

5
botleft
4
-5.202500000000001 -0.001
0 -0.001
0 0.001
-5.202500000000001 0.001

botright
4
0 -0.001
5.6075 -0.001
5.6075 0.001
0 0.001

c2
4
0.5204899999999999 0.5545
0.55951 0.5545
0.5654899999999999 0.6535
0.5145099999999999 0.6535

topleft
4
-5.202500000000001 0.9285000000000001
0 0.9285000000000001
0 1.0275
-5.202500000000001 1.0275

topright
4
0 0.9285000000000001
5.6075 0.9285000000000001
5.6075 1.0275
0 1.0275


30
IMD2d1_damage
4
-0.07392400000000002 0.5445
0.07392400000000002 0.5445
0.07452800000000001 0.5545
-0.07452800000000001 0.5545
3.1

IMD2d1_damage
4
0.511076 0.5445
0.5689239999999999 0.5445
0.5695279999999999 0.5545
0.5104719999999999 0.5545
3.1

IMD2d2_damage
4
-0.06951900000000001 0.5545
-0.06451000000000001 0.5545
-0.07049000000000001 0.6535
-0.07549900000000001 0.6535
2.9

IMD2d2_damage
4
0.06451000000000001 0.5545
0.06951900000000001 0.5545
0.07549900000000001 0.6535
0.07049000000000001 0.6535
2.9

IMD2d2_damage
4
0.5154809999999999 0.5545
0.5204899999999999 0.5545
0.5145099999999999 0.6535
0.5095009999999999 0.6535
2.9

IMD2d2_damage
4
0.55951 0.5545
0.564519 0.5545
0.570499 0.6535
0.5654899999999999 0.6535
2.9

IMD4d1_damage
4
-5.202500000000001 0.9185000000000001
5.6075 0.9185000000000001
5.6075 0.9285000000000001
-5.202500000000001 0.9285000000000001
3.1

IMD2d2
4
-5.202500000000001 0.5545
-0.06951900000000001 0.5545
-0.07549900000000001 0.6535
-5.202500000000001 0.6535
2.65

IMD2d2
4
0.06951900000000001 0.5545
0.5154809999999999 0.5545
0.5095009999999999 0.6535
0.07549900000000001 0.6535
2.65

IMD2d2
4
0.564519 0.5545
5.6075 0.5545
5.6075 0.6535
0.570499 0.6535
2.65

IMD2d1
4
-5.202500000000001 0.5445
-0.07392400000000002 0.5445
-0.07452800000000001 0.5545
-5.202500000000001 0.5545
2.65

IMD2d1
4
0.07392400000000002 0.5445
0.511076 0.5445
0.5104719999999999 0.5545
0.07452800000000001 0.5545
2.65

IMD2d1
4
0.5689239999999999 0.5445
5.6075 0.5445
5.6075 0.5545
0.5695279999999999 0.5545
2.65

IMD2d1
4
-5.202500000000001 0.5265
5.6075 0.5265
5.6075 0.5445
-5.202500000000001 0.5445
2.65

IMD4d1
4
-5.202500000000001 0.9005
5.6075 0.9005
5.6075 0.9185000000000001
-5.202500000000001 0.9185000000000001
2.65

FOXA+FOXB+TOX
4
-5.202500000000001 0.001
5.6075 0.001
5.6075 0.2665
-5.202500000000001 0.2665
4.0

ILD1a
4
-5.202500000000001 0.2665
5.6075 0.2665
5.6075 0.2765
-5.202500000000001 0.2765
7.0

ILD1b1+ILD1b2+ILD1b3
4
-5.202500000000001 0.2765
5.6075 0.2765
5.6075 0.3955
-5.202500000000001 0.3955
4.0

IMD1a
4
-5.202500000000001 0.3955
5.6075 0.3955
5.6075 0.4065
-5.202500000000001 0.4065
5.2

IMD1b
4
-5.202500000000001 0.4065
5.6075 0.4065
5.6075 0.4665
-5.202500000000001 0.4665
2.8

IMD2a
4
-5.202500000000001 0.4665
5.6075 0.4665
5.6075 0.4875
-5.202500000000001 0.4875
5.2

IMD2b
4
-5.202500000000001 0.4875
5.6075 0.4875
5.6075 0.5025
-5.202500000000001 0.5025
4.2

IMD2c
4
-5.202500000000001 0.5025
5.6075 0.5025
5.6075 0.5265
-5.202500000000001 0.5265
3.28

IMD3a
4
-5.202500000000001 0.6535
5.6075 0.6535
5.6075 0.6745
-5.202500000000001 0.6745
5.2

IMD3b
4
-5.202500000000001 0.6745
5.6075 0.6745
5.6075 0.6895
-5.202500000000001 0.6895
4.2

IMD3c
4
-5.202500000000001 0.6895
5.6075 0.6895
5.6075 0.7135
-5.202500000000001 0.7135
3.28

IMD3d1+IMD3d2
4
-5.202500000000001 0.7135
5.6075 0.7135
5.6075 0.8405
-5.202500000000001 0.8405
2.65

IMD4a
4
-5.202500000000001 0.8405
5.6075 0.8405
5.6075 0.8615
-5.202500000000001 0.8615
5.2

IMD4b
4
-5.202500000000001 0.8615
5.6075 0.8615
5.6075 0.8765
-5.202500000000001 0.8765
4.2

IMD4c
4
-5.202500000000001 0.8765
5.6075 0.8765
5.6075 0.9005
-5.202500000000001 0.9005
3.28


4
-5.202500000000001 0.001
5.6075 0.001
5.6075 0.9285000000000001
-5.202500000000001 0.9285000000000001

