c1
8
-0.52 2.665
0.52 2.665
0.522353 2.715
0.524706 2.765
0.56 3.515
-0.56 3.515
-0.524706 2.765
-0.522353 2.715

8
botleft
4
-2.48 -0.001
0 -0.001
0 0.001
-2.48 0.001

botright
4
0 -0.001
10.76 -0.001
10.76 0.001
0 0.001

d1
4
0.18874 1.88
0.26126 1.88
0.27874 2.07
0.17126 2.07

d2
4
1.44874 1.88
1.70126 1.88
1.71874 2.07
1.43126 2.07

d2Env
4
1.98874 1.88
2.06126 1.88
2.07874 2.07
1.97126 2.07

c1Env
8
-1.96 2.665
-1.64 2.665
-1.637647 2.715
-1.635294 2.765
-1.6 3.515
-2 3.515
-1.964706 2.765
-1.962353 2.715

c2
8
7.76 2.665
8.8 2.665
8.802353 2.715
8.804706 2.765
8.84 3.515
7.72 3.515
7.755294 2.765
7.757647 2.715

c2Env
8
9.92 2.665
10.24 2.665
10.242353 2.715
10.244706 2.765
10.28 3.515
9.88 3.515
9.915294 2.765
9.917647 2.715


69
DIE1
5
-2.48 0.001
0 0.001
10.76 0.001
10.76 0.157
-2.48 0.157
3

DIE2
4
-2.48 0.157
10.76 0.157
10.76 0.185
-2.48 0.185
3

DIE3
4
-2.48 0.185
10.76 0.185
10.76 0.25
-2.48 0.25
3

DIE4
4
-2.48 0.25
10.76 0.25
10.76 0.2514
-2.48 0.2514
4

DIE6
4
-2.48 0.2514
10.76 0.2514
10.76 0.2654
-2.48 0.2654
5

DIE7
4
-2.48 0.2654
10.76 0.2654
10.76 0.307
-2.48 0.307
4

DIE8
4
-2.48 0.307
10.76 0.307
10.76 0.375
-2.48 0.375
4

DIE9
4
-2.48 0.375
10.76 0.375
10.76 0.4
-2.48 0.4
4

DIE10
4
-2.48 0.4
10.76 0.4
10.76 0.418
-2.48 0.418
4

DIE11
4
-2.48 0.418
10.76 0.418
10.76 0.465
-2.48 0.465
2

DIE12
4
-2.48 0.465
10.76 0.465
10.76 0.49
-2.48 0.49
5

DIE13
4
-2.48 0.49
10.76 0.49
10.76 0.513
-2.48 0.513
4

DIE14
4
-2.48 0.513
10.76 0.513
10.76 0.55
-2.48 0.55
2

DIE15
4
-2.48 0.55
10.76 0.55
10.76 0.64
-2.48 0.64
2

DIE16
4
-2.48 0.64
10.76 0.64
10.76 0.665
-2.48 0.665
5

DIE17
4
-2.48 0.665
10.76 0.665
10.76 0.688
-2.48 0.688
4

DIE18
4
-2.48 0.688
10.76 0.688
10.76 0.725
-2.48 0.725
2

DIE19
4
-2.48 0.725
10.76 0.725
10.76 0.815
-2.48 0.815
2

DIE20
4
-2.48 0.815
10.76 0.815
10.76 0.84
-2.48 0.84
5

DIE21
4
-2.48 0.84
10.76 0.84
10.76 0.863
-2.48 0.863
4

DIE22
4
-2.48 0.863
10.76 0.863
10.76 0.9
-2.48 0.9
2

DIE23
4
-2.48 0.9
10.76 0.9
10.76 0.99
-2.48 0.99
2

DIE24
4
-2.48 0.99
10.76 0.99
10.76 1.015
-2.48 1.015
5

DIE25
4
-2.48 1.015
10.76 1.015
10.76 1.038
-2.48 1.038
4

DIE26
4
-2.48 1.038
10.76 1.038
10.76 1.075
-2.48 1.075
2

DIE27
4
-2.48 1.075
10.76 1.075
10.76 1.165
-2.48 1.165
2

DIE28
4
-2.48 1.165
10.76 1.165
10.76 1.19
-2.48 1.19
5

DIE29
4
-2.48 1.19
10.76 1.19
10.76 1.213
-2.48 1.213
4

DIE30
4
-2.48 1.213
10.76 1.213
10.76 1.25
-2.48 1.25
2

DIE31
4
-2.48 1.25
10.76 1.25
10.76 1.34
-2.48 1.34
2

DIE32
4
-2.48 1.34
10.76 1.34
10.76 1.39
-2.48 1.39
5

DIE33
4
-2.48 1.39
10.76 1.39
10.76 1.42
-2.48 1.42
4

DIE34
4
-2.48 1.42
10.76 1.42
10.76 1.515
-2.48 1.515
2

DIE35
4
-2.48 1.515
10.76 1.515
10.76 1.705
-2.48 1.705
2

DIE36
4
-2.48 1.705
10.76 1.705
10.76 1.755
-2.48 1.755
5

DIE37
4
-2.48 1.755
10.76 1.755
10.76 1.785
-2.48 1.785
4

DIE38
10
-2.48 1.785
10.76 1.785
10.76 1.88
2.06126 1.88
1.98874 1.88
1.70126 1.88
1.44874 1.88
0.26126 1.88
0.18874 1.88
-2.48 1.88
2

DIE39
4
-2.48 1.88
0.18874 1.88
0.17126 2.07
-2.48 2.07
2

DIE39
4
0.26126 1.88
1.44874 1.88
1.43126 2.07
0.27874 2.07
2

DIE39
4
1.70126 1.88
1.98874 1.88
1.97126 2.07
1.71874 2.07
2

DIE39
4
2.06126 1.88
10.76 1.88
10.76 2.07
2.07874 2.07
2

DIE40
10
-2.48 2.07
0.17126 2.07
0.27874 2.07
1.43126 2.07
1.71874 2.07
1.97126 2.07
2.07874 2.07
10.76 2.07
10.76 2.125
-2.48 2.125
5

DIE41
12
-2.48 2.125
10.76 2.125
10.76 2.665
10.24 2.665
9.92 2.665
8.8 2.665
7.76 2.665
0.52 2.665
-0.52 2.665
-1.64 2.665
-1.96 2.665
-2.48 2.665
4

DIE42
4
-2.48 2.665
-1.96 2.665
-1.962353 2.715
-2.48 2.715
4

DIE42
4
-1.64 2.665
-0.52 2.665
-0.522353 2.715
-1.637647 2.715
4

DIE42
4
0.52 2.665
7.76 2.665
7.757647 2.715
0.522353 2.715
4

DIE42
4
8.8 2.665
9.92 2.665
9.917647 2.715
8.802353 2.715
4

DIE42
4
10.24 2.665
10.76 2.665
10.76 2.715
10.242353 2.715
4

DIE43
4
-2.48 2.715
-1.962353 2.715
-1.964706 2.765
-2.48 2.765
7

DIE43
4
-1.637647 2.715
-0.522353 2.715
-0.524706 2.765
-1.635294 2.765
7

DIE43
4
0.522353 2.715
7.757647 2.715
7.755294 2.765
0.524706 2.765
7

DIE43
4
8.802353 2.715
9.917647 2.715
9.915294 2.765
8.804706 2.765
7

DIE43
4
10.242353 2.715
10.76 2.715
10.76 2.765
10.244706 2.765
7

DIE44
4
-2.48 2.765
-1.964706 2.765
-2 3.515
-2.48 3.515
4

DIE44
4
-1.635294 2.765
-0.524706 2.765
-0.56 3.515
-1.6 3.515
4

DIE44
4
0.524706 2.765
7.755294 2.765
7.72 3.515
0.56 3.515
4

DIE44
4
8.804706 2.765
9.915294 2.765
9.88 3.515
8.84 3.515
4

DIE44
4
10.244706 2.765
10.76 2.765
10.76 3.515
10.28 3.515
4

DIE45
12
-2.48 3.515
-2 3.515
-1.6 3.515
-0.56 3.515
0.56 3.515
7.72 3.515
8.84 3.515
9.88 3.515
10.28 3.515
10.76 3.515
10.76 3.57
-2.48 3.57
5

DIE46
4
-2.48 3.57
10.76 3.57
10.76 4.11
-2.48 4.11
4

DIE47
4
-2.48 4.11
10.76 4.11
10.76 4.16
-2.48 4.16
4

DIE48
4
-2.48 4.16
10.76 4.16
10.76 4.21
-2.48 4.21
7

DIE49
4
-2.48 4.21
10.76 4.21
10.76 4.96
-2.48 4.96
4

DIE50
4
-2.48 4.96
10.76 4.96
10.76 5.035
-2.48 5.035
7

DIE51
4
-2.48 5.035
10.76 5.035
10.76 5.735
-2.48 5.735
4

DIE52
4
-2.48 5.735
10.76 5.735
10.76 8.535
-2.48 8.535
4

DIE53
4
-2.48 8.535
10.76 8.535
10.76 9.735
-2.48 9.735
4

DIE54
4
-2.48 9.735
10.76 9.735
10.76 10.435
-2.48 10.435
7

air_Layer
4
-2.48 10.435
10.76 10.435
10.76 13.675
-2.48 13.675
1


4
-2.48 0.001
10.76 0.001
10.76 13.675
-2.48 13.675

