c1
8
-0.16 2.665
0.16 2.665
0.162353 2.715
0.164706 2.765
0.2 3.515
-0.2 3.515
-0.164706 2.765
-0.162353 2.715

8
botleft
4
-1.4 -0.001
0 -0.001
0 0.001
-1.4 0.001

botright
4
0 -0.001
5.36 -0.001
5.36 0.001
0 0.001

d1
4
0.00874 1.88
0.08126 1.88
0.09874 2.07
-0.00874 2.07

d2
4
1.08874 1.88
1.16126 1.88
1.17874 2.07
1.07126 2.07

d2Env
4
1.26874 1.88
1.34126 1.88
1.35874 2.07
1.25126 2.07

c1Env
8
-0.88 2.665
-0.56 2.665
-0.557647 2.715
-0.555294 2.765
-0.52 3.515
-0.92 3.515
-0.884706 2.765
-0.882353 2.715

c2
8
3.8 2.665
4.12 2.665
4.122353 2.715
4.124706 2.765
4.16 3.515
3.76 3.515
3.795294 2.765
3.797647 2.715

c2Env
8
4.52 2.665
4.84 2.665
4.842353 2.715
4.844706 2.765
4.88 3.515
4.48 3.515
4.515294 2.765
4.517647 2.715


69
DIE1
5
-1.4 0.001
0 0.001
5.36 0.001
5.36 0.157
-1.4 0.157
3

DIE2
4
-1.4 0.157
5.36 0.157
5.36 0.185
-1.4 0.185
3

DIE3
4
-1.4 0.185
5.36 0.185
5.36 0.25
-1.4 0.25
3

DIE4
4
-1.4 0.25
5.36 0.25
5.36 0.2514
-1.4 0.2514
4

DIE6
4
-1.4 0.2514
5.36 0.2514
5.36 0.2654
-1.4 0.2654
5

DIE7
4
-1.4 0.2654
5.36 0.2654
5.36 0.307
-1.4 0.307
4

DIE8
4
-1.4 0.307
5.36 0.307
5.36 0.375
-1.4 0.375
4

DIE9
4
-1.4 0.375
5.36 0.375
5.36 0.4
-1.4 0.4
4

DIE10
4
-1.4 0.4
5.36 0.4
5.36 0.418
-1.4 0.418
4

DIE11
4
-1.4 0.418
5.36 0.418
5.36 0.465
-1.4 0.465
2

DIE12
4
-1.4 0.465
5.36 0.465
5.36 0.49
-1.4 0.49
5

DIE13
4
-1.4 0.49
5.36 0.49
5.36 0.513
-1.4 0.513
4

DIE14
4
-1.4 0.513
5.36 0.513
5.36 0.55
-1.4 0.55
2

DIE15
4
-1.4 0.55
5.36 0.55
5.36 0.64
-1.4 0.64
2

DIE16
4
-1.4 0.64
5.36 0.64
5.36 0.665
-1.4 0.665
5

DIE17
4
-1.4 0.665
5.36 0.665
5.36 0.688
-1.4 0.688
4

DIE18
4
-1.4 0.688
5.36 0.688
5.36 0.725
-1.4 0.725
2

DIE19
4
-1.4 0.725
5.36 0.725
5.36 0.815
-1.4 0.815
2

DIE20
4
-1.4 0.815
5.36 0.815
5.36 0.84
-1.4 0.84
5

DIE21
4
-1.4 0.84
5.36 0.84
5.36 0.863
-1.4 0.863
4

DIE22
4
-1.4 0.863
5.36 0.863
5.36 0.9
-1.4 0.9
2

DIE23
4
-1.4 0.9
5.36 0.9
5.36 0.99
-1.4 0.99
2

DIE24
4
-1.4 0.99
5.36 0.99
5.36 1.015
-1.4 1.015
5

DIE25
4
-1.4 1.015
5.36 1.015
5.36 1.038
-1.4 1.038
4

DIE26
4
-1.4 1.038
5.36 1.038
5.36 1.075
-1.4 1.075
2

DIE27
4
-1.4 1.075
5.36 1.075
5.36 1.165
-1.4 1.165
2

DIE28
4
-1.4 1.165
5.36 1.165
5.36 1.19
-1.4 1.19
5

DIE29
4
-1.4 1.19
5.36 1.19
5.36 1.213
-1.4 1.213
4

DIE30
4
-1.4 1.213
5.36 1.213
5.36 1.25
-1.4 1.25
2

DIE31
4
-1.4 1.25
5.36 1.25
5.36 1.34
-1.4 1.34
2

DIE32
4
-1.4 1.34
5.36 1.34
5.36 1.39
-1.4 1.39
5

DIE33
4
-1.4 1.39
5.36 1.39
5.36 1.42
-1.4 1.42
4

DIE34
4
-1.4 1.42
5.36 1.42
5.36 1.515
-1.4 1.515
2

DIE35
4
-1.4 1.515
5.36 1.515
5.36 1.705
-1.4 1.705
2

DIE36
4
-1.4 1.705
5.36 1.705
5.36 1.755
-1.4 1.755
5

DIE37
4
-1.4 1.755
5.36 1.755
5.36 1.785
-1.4 1.785
4

DIE38
10
-1.4 1.785
5.36 1.785
5.36 1.88
1.34126 1.88
1.26874 1.88
1.16126 1.88
1.08874 1.88
0.08126 1.88
0.00874 1.88
-1.4 1.88
2

DIE39
4
-1.4 1.88
0.00874 1.88
-0.00874 2.07
-1.4 2.07
2

DIE39
4
0.08126 1.88
1.08874 1.88
1.07126 2.07
0.09874 2.07
2

DIE39
4
1.16126 1.88
1.26874 1.88
1.25126 2.07
1.17874 2.07
2

DIE39
4
1.34126 1.88
5.36 1.88
5.36 2.07
1.35874 2.07
2

DIE40
10
-1.4 2.07
-0.00874 2.07
0.09874 2.07
1.07126 2.07
1.17874 2.07
1.25126 2.07
1.35874 2.07
5.36 2.07
5.36 2.125
-1.4 2.125
5

DIE41
12
-1.4 2.125
5.36 2.125
5.36 2.665
4.84 2.665
4.52 2.665
4.12 2.665
3.8 2.665
0.16 2.665
-0.16 2.665
-0.56 2.665
-0.88 2.665
-1.4 2.665
4

DIE42
4
-1.4 2.665
-0.88 2.665
-0.882353 2.715
-1.4 2.715
4

DIE42
4
-0.56 2.665
-0.16 2.665
-0.162353 2.715
-0.557647 2.715
4

DIE42
4
0.16 2.665
3.8 2.665
3.797647 2.715
0.162353 2.715
4

DIE42
4
4.12 2.665
4.52 2.665
4.517647 2.715
4.122353 2.715
4

DIE42
4
4.84 2.665
5.36 2.665
5.36 2.715
4.842353 2.715
4

DIE43
4
-1.4 2.715
-0.882353 2.715
-0.884706 2.765
-1.4 2.765
7

DIE43
4
-0.557647 2.715
-0.162353 2.715
-0.164706 2.765
-0.555294 2.765
7

DIE43
4
0.162353 2.715
3.797647 2.715
3.795294 2.765
0.164706 2.765
7

DIE43
4
4.122353 2.715
4.517647 2.715
4.515294 2.765
4.124706 2.765
7

DIE43
4
4.842353 2.715
5.36 2.715
5.36 2.765
4.844706 2.765
7

DIE44
4
-1.4 2.765
-0.884706 2.765
-0.92 3.515
-1.4 3.515
4

DIE44
4
-0.555294 2.765
-0.164706 2.765
-0.2 3.515
-0.52 3.515
4

DIE44
4
0.164706 2.765
3.795294 2.765
3.76 3.515
0.2 3.515
4

DIE44
4
4.124706 2.765
4.515294 2.765
4.48 3.515
4.16 3.515
4

DIE44
4
4.844706 2.765
5.36 2.765
5.36 3.515
4.88 3.515
4

DIE45
12
-1.4 3.515
-0.92 3.515
-0.52 3.515
-0.2 3.515
0.2 3.515
3.76 3.515
4.16 3.515
4.48 3.515
4.88 3.515
5.36 3.515
5.36 3.57
-1.4 3.57
5

DIE46
4
-1.4 3.57
5.36 3.57
5.36 4.11
-1.4 4.11
4

DIE47
4
-1.4 4.11
5.36 4.11
5.36 4.16
-1.4 4.16
4

DIE48
4
-1.4 4.16
5.36 4.16
5.36 4.21
-1.4 4.21
7

DIE49
4
-1.4 4.21
5.36 4.21
5.36 4.96
-1.4 4.96
4

DIE50
4
-1.4 4.96
5.36 4.96
5.36 5.035
-1.4 5.035
7

DIE51
4
-1.4 5.035
5.36 5.035
5.36 5.735
-1.4 5.735
4

DIE52
4
-1.4 5.735
5.36 5.735
5.36 8.535
-1.4 8.535
4

DIE53
4
-1.4 8.535
5.36 8.535
5.36 9.735
-1.4 9.735
4

DIE54
4
-1.4 9.735
5.36 9.735
5.36 10.435
-1.4 10.435
7

air_Layer
4
-1.4 10.435
5.36 10.435
5.36 12.985
-1.4 12.985
1


4
-1.4 0.001
5.36 0.001
5.36 12.985
-1.4 12.985

