c1
8
-0.16 2.665
0.16 2.665
0.162353 2.715
0.164706 2.765
0.2 3.515
-0.2 3.515
-0.164706 2.765
-0.162353 2.715

8
botleft
4
-2.12 -0.001
0 -0.001
0 0.001
-2.12 0.001

botright
4
0 -0.001
3.56 -0.001
3.56 0.001
0 0.001

d1
4
-0.17126 1.88
-0.09874 1.88
-0.08126 2.07
-0.18874 2.07

d2
4
0.45874 1.88
0.53126 1.88
0.54874 2.07
0.44126 2.07

d2Env
4
0.81874 1.88
0.89126 1.88
0.90874 2.07
0.80126 2.07

c1Env
8
-1.6 2.665
-1.28 2.665
-1.277647 2.715
-1.275294 2.765
-1.24 3.515
-1.64 3.515
-1.604706 2.765
-1.602353 2.715

c2
8
1.28 2.665
1.6 2.665
1.602353 2.715
1.604706 2.765
1.64 3.515
1.24 3.515
1.275294 2.765
1.277647 2.715

c2Env
8
2.72 2.665
3.04 2.665
3.042353 2.715
3.044706 2.765
3.08 3.515
2.68 3.515
2.715294 2.765
2.717647 2.715


69
DIE1
5
-2.12 0.001
0 0.001
3.56 0.001
3.56 0.157
-2.12 0.157
3

DIE2
4
-2.12 0.157
3.56 0.157
3.56 0.185
-2.12 0.185
3

DIE3
4
-2.12 0.185
3.56 0.185
3.56 0.25
-2.12 0.25
3

DIE4
4
-2.12 0.25
3.56 0.25
3.56 0.2514
-2.12 0.2514
4

DIE6
4
-2.12 0.2514
3.56 0.2514
3.56 0.2654
-2.12 0.2654
5

DIE7
4
-2.12 0.2654
3.56 0.2654
3.56 0.307
-2.12 0.307
4

DIE8
4
-2.12 0.307
3.56 0.307
3.56 0.375
-2.12 0.375
4

DIE9
4
-2.12 0.375
3.56 0.375
3.56 0.4
-2.12 0.4
4

DIE10
4
-2.12 0.4
3.56 0.4
3.56 0.418
-2.12 0.418
4

DIE11
4
-2.12 0.418
3.56 0.418
3.56 0.465
-2.12 0.465
2

DIE12
4
-2.12 0.465
3.56 0.465
3.56 0.49
-2.12 0.49
5

DIE13
4
-2.12 0.49
3.56 0.49
3.56 0.513
-2.12 0.513
4

DIE14
4
-2.12 0.513
3.56 0.513
3.56 0.55
-2.12 0.55
2

DIE15
4
-2.12 0.55
3.56 0.55
3.56 0.64
-2.12 0.64
2

DIE16
4
-2.12 0.64
3.56 0.64
3.56 0.665
-2.12 0.665
5

DIE17
4
-2.12 0.665
3.56 0.665
3.56 0.688
-2.12 0.688
4

DIE18
4
-2.12 0.688
3.56 0.688
3.56 0.725
-2.12 0.725
2

DIE19
4
-2.12 0.725
3.56 0.725
3.56 0.815
-2.12 0.815
2

DIE20
4
-2.12 0.815
3.56 0.815
3.56 0.84
-2.12 0.84
5

DIE21
4
-2.12 0.84
3.56 0.84
3.56 0.863
-2.12 0.863
4

DIE22
4
-2.12 0.863
3.56 0.863
3.56 0.9
-2.12 0.9
2

DIE23
4
-2.12 0.9
3.56 0.9
3.56 0.99
-2.12 0.99
2

DIE24
4
-2.12 0.99
3.56 0.99
3.56 1.015
-2.12 1.015
5

DIE25
4
-2.12 1.015
3.56 1.015
3.56 1.038
-2.12 1.038
4

DIE26
4
-2.12 1.038
3.56 1.038
3.56 1.075
-2.12 1.075
2

DIE27
4
-2.12 1.075
3.56 1.075
3.56 1.165
-2.12 1.165
2

DIE28
4
-2.12 1.165
3.56 1.165
3.56 1.19
-2.12 1.19
5

DIE29
4
-2.12 1.19
3.56 1.19
3.56 1.213
-2.12 1.213
4

DIE30
4
-2.12 1.213
3.56 1.213
3.56 1.25
-2.12 1.25
2

DIE31
4
-2.12 1.25
3.56 1.25
3.56 1.34
-2.12 1.34
2

DIE32
4
-2.12 1.34
3.56 1.34
3.56 1.39
-2.12 1.39
5

DIE33
4
-2.12 1.39
3.56 1.39
3.56 1.42
-2.12 1.42
4

DIE34
4
-2.12 1.42
3.56 1.42
3.56 1.515
-2.12 1.515
2

DIE35
4
-2.12 1.515
3.56 1.515
3.56 1.705
-2.12 1.705
2

DIE36
4
-2.12 1.705
3.56 1.705
3.56 1.755
-2.12 1.755
5

DIE37
4
-2.12 1.755
3.56 1.755
3.56 1.785
-2.12 1.785
4

DIE38
10
-2.12 1.785
3.56 1.785
3.56 1.88
0.89126 1.88
0.81874 1.88
0.53126 1.88
0.45874 1.88
-0.09874 1.88
-0.17126 1.88
-2.12 1.88
2

DIE39
4
-2.12 1.88
-0.17126 1.88
-0.18874 2.07
-2.12 2.07
2

DIE39
4
-0.09874 1.88
0.45874 1.88
0.44126 2.07
-0.08126 2.07
2

DIE39
4
0.53126 1.88
0.81874 1.88
0.80126 2.07
0.54874 2.07
2

DIE39
4
0.89126 1.88
3.56 1.88
3.56 2.07
0.90874 2.07
2

DIE40
10
-2.12 2.07
-0.18874 2.07
-0.08126 2.07
0.44126 2.07
0.54874 2.07
0.80126 2.07
0.90874 2.07
3.56 2.07
3.56 2.125
-2.12 2.125
5

DIE41
12
-2.12 2.125
3.56 2.125
3.56 2.665
3.04 2.665
2.72 2.665
1.6 2.665
1.28 2.665
0.16 2.665
-0.16 2.665
-1.28 2.665
-1.6 2.665
-2.12 2.665
4

DIE42
4
-2.12 2.665
-1.6 2.665
-1.602353 2.715
-2.12 2.715
4

DIE42
4
-1.28 2.665
-0.16 2.665
-0.162353 2.715
-1.277647 2.715
4

DIE42
4
0.16 2.665
1.28 2.665
1.277647 2.715
0.162353 2.715
4

DIE42
4
1.6 2.665
2.72 2.665
2.717647 2.715
1.602353 2.715
4

DIE42
4
3.04 2.665
3.56 2.665
3.56 2.715
3.042353 2.715
4

DIE43
4
-2.12 2.715
-1.602353 2.715
-1.604706 2.765
-2.12 2.765
7

DIE43
4
-1.277647 2.715
-0.162353 2.715
-0.164706 2.765
-1.275294 2.765
7

DIE43
4
0.162353 2.715
1.277647 2.715
1.275294 2.765
0.164706 2.765
7

DIE43
4
1.602353 2.715
2.717647 2.715
2.715294 2.765
1.604706 2.765
7

DIE43
4
3.042353 2.715
3.56 2.715
3.56 2.765
3.044706 2.765
7

DIE44
4
-2.12 2.765
-1.604706 2.765
-1.64 3.515
-2.12 3.515
4

DIE44
4
-1.275294 2.765
-0.164706 2.765
-0.2 3.515
-1.24 3.515
4

DIE44
4
0.164706 2.765
1.275294 2.765
1.24 3.515
0.2 3.515
4

DIE44
4
1.604706 2.765
2.715294 2.765
2.68 3.515
1.64 3.515
4

DIE44
4
3.044706 2.765
3.56 2.765
3.56 3.515
3.08 3.515
4

DIE45
12
-2.12 3.515
-1.64 3.515
-1.24 3.515
-0.2 3.515
0.2 3.515
1.24 3.515
1.64 3.515
2.68 3.515
3.08 3.515
3.56 3.515
3.56 3.57
-2.12 3.57
5

DIE46
4
-2.12 3.57
3.56 3.57
3.56 4.11
-2.12 4.11
4

DIE47
4
-2.12 4.11
3.56 4.11
3.56 4.16
-2.12 4.16
4

DIE48
4
-2.12 4.16
3.56 4.16
3.56 4.21
-2.12 4.21
7

DIE49
4
-2.12 4.21
3.56 4.21
3.56 4.96
-2.12 4.96
4

DIE50
4
-2.12 4.96
3.56 4.96
3.56 5.035
-2.12 5.035
7

DIE51
4
-2.12 5.035
3.56 5.035
3.56 5.735
-2.12 5.735
4

DIE52
4
-2.12 5.735
3.56 5.735
3.56 8.535
-2.12 8.535
4

DIE53
4
-2.12 8.535
3.56 8.535
3.56 9.735
-2.12 9.735
4

DIE54
4
-2.12 9.735
3.56 9.735
3.56 10.435
-2.12 10.435
7

air_Layer
4
-2.12 10.435
3.56 10.435
3.56 12.985
-2.12 12.985
1


4
-2.12 0.001
3.56 0.001
3.56 12.985
-2.12 12.985

