c1
8
-0.52 2.665
0.52 2.665
0.522353 2.715
0.524706 2.765
0.56 3.515
-0.56 3.515
-0.524706 2.765
-0.522353 2.715

8
botleft
4
-1.76 -0.001
0 -0.001
0 0.001
-1.76 0.001

botright
4
0 -0.001
6.44 -0.001
6.44 0.001
0 0.001

d1
4
0.36874 1.88
0.44126 1.88
0.45874 2.07
0.35126 2.07

d2
4
0.81874 1.88
1.07126 1.88
1.08874 2.07
0.80126 2.07

d2Env
4
1.17874 1.88
1.25126 1.88
1.26874 2.07
1.16126 2.07

c1Env
8
-1.24 2.665
-0.92 2.665
-0.917647 2.715
-0.915294 2.765
-0.88 3.515
-1.28 3.515
-1.244706 2.765
-1.242353 2.715

c2
8
4.16 2.665
5.2 2.665
5.202353 2.715
5.204706 2.765
5.24 3.515
4.12 3.515
4.155294 2.765
4.157647 2.715

c2Env
8
5.6 2.665
5.92 2.665
5.922353 2.715
5.924706 2.765
5.96 3.515
5.56 3.515
5.595294 2.765
5.597647 2.715


69
DIE1
6
-1.76 0.001
0 0.001
6.44 0.001
6.4401 0.001
6.4401 0.157
-1.76 0.157
3

DIE2
4
-1.76 0.157
6.4401 0.157
6.4401 0.185
-1.76 0.185
3

DIE3
4
-1.76 0.185
6.4401 0.185
6.4401 0.25
-1.76 0.25
3

DIE4
4
-1.76 0.25
6.4401 0.25
6.4401 0.2514
-1.76 0.2514
4

DIE6
4
-1.76 0.2514
6.4401 0.2514
6.4401 0.2654
-1.76 0.2654
5

DIE7
4
-1.76 0.2654
6.4401 0.2654
6.4401 0.307
-1.76 0.307
4

DIE8
4
-1.76 0.307
6.4401 0.307
6.4401 0.375
-1.76 0.375
4

DIE9
4
-1.76 0.375
6.4401 0.375
6.4401 0.4
-1.76 0.4
4

DIE10
4
-1.76 0.4
6.4401 0.4
6.4401 0.418
-1.76 0.418
4

DIE11
4
-1.76 0.418
6.4401 0.418
6.4401 0.465
-1.76 0.465
2

DIE12
4
-1.76 0.465
6.4401 0.465
6.4401 0.49
-1.76 0.49
5

DIE13
4
-1.76 0.49
6.4401 0.49
6.4401 0.513
-1.76 0.513
4

DIE14
4
-1.76 0.513
6.4401 0.513
6.4401 0.55
-1.76 0.55
2

DIE15
4
-1.76 0.55
6.4401 0.55
6.4401 0.64
-1.76 0.64
2

DIE16
4
-1.76 0.64
6.4401 0.64
6.4401 0.665
-1.76 0.665
5

DIE17
4
-1.76 0.665
6.4401 0.665
6.4401 0.688
-1.76 0.688
4

DIE18
4
-1.76 0.688
6.4401 0.688
6.4401 0.725
-1.76 0.725
2

DIE19
4
-1.76 0.725
6.4401 0.725
6.4401 0.815
-1.76 0.815
2

DIE20
4
-1.76 0.815
6.4401 0.815
6.4401 0.84
-1.76 0.84
5

DIE21
4
-1.76 0.84
6.4401 0.84
6.4401 0.863
-1.76 0.863
4

DIE22
4
-1.76 0.863
6.4401 0.863
6.4401 0.9
-1.76 0.9
2

DIE23
4
-1.76 0.9
6.4401 0.9
6.4401 0.99
-1.76 0.99
2

DIE24
4
-1.76 0.99
6.4401 0.99
6.4401 1.015
-1.76 1.015
5

DIE25
4
-1.76 1.015
6.4401 1.015
6.4401 1.038
-1.76 1.038
4

DIE26
4
-1.76 1.038
6.4401 1.038
6.4401 1.075
-1.76 1.075
2

DIE27
4
-1.76 1.075
6.4401 1.075
6.4401 1.165
-1.76 1.165
2

DIE28
4
-1.76 1.165
6.4401 1.165
6.4401 1.19
-1.76 1.19
5

DIE29
4
-1.76 1.19
6.4401 1.19
6.4401 1.213
-1.76 1.213
4

DIE30
4
-1.76 1.213
6.4401 1.213
6.4401 1.25
-1.76 1.25
2

DIE31
4
-1.76 1.25
6.4401 1.25
6.4401 1.34
-1.76 1.34
2

DIE32
4
-1.76 1.34
6.4401 1.34
6.4401 1.39
-1.76 1.39
5

DIE33
4
-1.76 1.39
6.4401 1.39
6.4401 1.42
-1.76 1.42
4

DIE34
4
-1.76 1.42
6.4401 1.42
6.4401 1.515
-1.76 1.515
2

DIE35
4
-1.76 1.515
6.4401 1.515
6.4401 1.705
-1.76 1.705
2

DIE36
4
-1.76 1.705
6.4401 1.705
6.4401 1.755
-1.76 1.755
5

DIE37
4
-1.76 1.755
6.4401 1.755
6.4401 1.785
-1.76 1.785
4

DIE38
10
-1.76 1.785
6.4401 1.785
6.4401 1.88
1.25126 1.88
1.17874 1.88
1.07126 1.88
0.81874 1.88
0.44126 1.88
0.36874 1.88
-1.76 1.88
2

DIE39
4
-1.76 1.88
0.36874 1.88
0.35126 2.07
-1.76 2.07
2

DIE39
4
0.44126 1.88
0.81874 1.88
0.80126 2.07
0.45874 2.07
2

DIE39
4
1.07126 1.88
1.17874 1.88
1.16126 2.07
1.08874 2.07
2

DIE39
4
1.25126 1.88
6.4401 1.88
6.4401 2.07
1.26874 2.07
2

DIE40
10
-1.76 2.07
0.35126 2.07
0.45874 2.07
0.80126 2.07
1.08874 2.07
1.16126 2.07
1.26874 2.07
6.4401 2.07
6.4401 2.125
-1.76 2.125
5

DIE41
12
-1.76 2.125
6.4401 2.125
6.4401 2.665
5.92 2.665
5.6 2.665
5.2 2.665
4.16 2.665
0.52 2.665
-0.52 2.665
-0.92 2.665
-1.24 2.665
-1.76 2.665
4

DIE42
4
-1.76 2.665
-1.24 2.665
-1.242353 2.715
-1.76 2.715
4

DIE42
4
-0.92 2.665
-0.52 2.665
-0.522353 2.715
-0.917647 2.715
4

DIE42
4
0.52 2.665
4.16 2.665
4.157647 2.715
0.522353 2.715
4

DIE42
4
5.2 2.665
5.6 2.665
5.597647 2.715
5.202353 2.715
4

DIE42
4
5.92 2.665
6.4401 2.665
6.4401 2.715
5.922353 2.715
4

DIE43
4
-1.76 2.715
-1.242353 2.715
-1.244706 2.765
-1.76 2.765
7

DIE43
4
-0.917647 2.715
-0.522353 2.715
-0.524706 2.765
-0.915294 2.765
7

DIE43
4
0.522353 2.715
4.157647 2.715
4.155294 2.765
0.524706 2.765
7

DIE43
4
5.202353 2.715
5.597647 2.715
5.595294 2.765
5.204706 2.765
7

DIE43
4
5.922353 2.715
6.4401 2.715
6.4401 2.765
5.924706 2.765
7

DIE44
4
-1.76 2.765
-1.244706 2.765
-1.28 3.515
-1.76 3.515
4

DIE44
4
-0.915294 2.765
-0.524706 2.765
-0.56 3.515
-0.88 3.515
4

DIE44
4
0.524706 2.765
4.155294 2.765
4.12 3.515
0.56 3.515
4

DIE44
4
5.204706 2.765
5.595294 2.765
5.56 3.515
5.24 3.515
4

DIE44
4
5.924706 2.765
6.4401 2.765
6.4401 3.515
5.96 3.515
4

DIE45
12
-1.76 3.515
-1.28 3.515
-0.88 3.515
-0.56 3.515
0.56 3.515
4.12 3.515
5.24 3.515
5.56 3.515
5.96 3.515
6.4401 3.515
6.4401 3.57
-1.76 3.57
5

DIE46
4
-1.76 3.57
6.4401 3.57
6.4401 4.11
-1.76 4.11
4

DIE47
4
-1.76 4.11
6.4401 4.11
6.4401 4.16
-1.76 4.16
4

DIE48
4
-1.76 4.16
6.4401 4.16
6.4401 4.21
-1.76 4.21
7

DIE49
4
-1.76 4.21
6.4401 4.21
6.4401 4.96
-1.76 4.96
4

DIE50
4
-1.76 4.96
6.4401 4.96
6.4401 5.035
-1.76 5.035
7

DIE51
4
-1.76 5.035
6.4401 5.035
6.4401 5.735
-1.76 5.735
4

DIE52
4
-1.76 5.735
6.4401 5.735
6.4401 8.535
-1.76 8.535
4

DIE53
4
-1.76 8.535
6.4401 8.535
6.4401 9.735
-1.76 9.735
4

DIE54
4
-1.76 9.735
6.4401 9.735
6.4401 10.435
-1.76 10.435
7

air_Layer
4
-1.76 10.435
6.4401 10.435
6.4401 13.675
-1.76 13.675
1


4
-1.76 0.001
6.4401 0.001
6.4401 13.675
-1.76 13.675

