c1
8
-0.52 2.665
0.52 2.665
0.522353 2.715
0.524706 2.765
0.56 3.515
-0.56 3.515
-0.524706 2.765
-0.522353 2.715

8
botleft
4
-2.48 -0.001
0 -0.001
0 0.001
-2.48 0.001

botright
4
0 -0.001
3.92 -0.001
3.92 0.001
0 0.001

d1
4
0.18874 1.88
0.26126 1.88
0.27874 2.07
0.17126 2.07

d2
4
0.63874 1.88
0.89126 1.88
0.90874 2.07
0.62126 2.07

d2Env
4
1.17874 1.88
1.25126 1.88
1.26874 2.07
1.16126 2.07

c1Env
8
-1.96 2.665
-1.64 2.665
-1.637647 2.715
-1.635294 2.765
-1.6 3.515
-2 3.515
-1.964706 2.765
-1.962353 2.715

c2
8
0.92 2.665
1.96 2.665
1.962353 2.715
1.964706 2.765
2 3.515
0.88 3.515
0.915294 2.765
0.917647 2.715

c2Env
8
3.08 2.665
3.4 2.665
3.402353 2.715
3.404706 2.765
3.44 3.515
3.04 3.515
3.075294 2.765
3.077647 2.715


69
DIE1
5
-2.48 0.001
0 0.001
3.92 0.001
3.92 0.157
-2.48 0.157
3

DIE2
4
-2.48 0.157
3.92 0.157
3.92 0.185
-2.48 0.185
3

DIE3
4
-2.48 0.185
3.92 0.185
3.92 0.25
-2.48 0.25
3

DIE4
4
-2.48 0.25
3.92 0.25
3.92 0.2514
-2.48 0.2514
4

DIE6
4
-2.48 0.2514
3.92 0.2514
3.92 0.2654
-2.48 0.2654
5

DIE7
4
-2.48 0.2654
3.92 0.2654
3.92 0.307
-2.48 0.307
4

DIE8
4
-2.48 0.307
3.92 0.307
3.92 0.375
-2.48 0.375
4

DIE9
4
-2.48 0.375
3.92 0.375
3.92 0.4
-2.48 0.4
4

DIE10
4
-2.48 0.4
3.92 0.4
3.92 0.418
-2.48 0.418
4

DIE11
4
-2.48 0.418
3.92 0.418
3.92 0.465
-2.48 0.465
2

DIE12
4
-2.48 0.465
3.92 0.465
3.92 0.49
-2.48 0.49
5

DIE13
4
-2.48 0.49
3.92 0.49
3.92 0.513
-2.48 0.513
4

DIE14
4
-2.48 0.513
3.92 0.513
3.92 0.55
-2.48 0.55
2

DIE15
4
-2.48 0.55
3.92 0.55
3.92 0.64
-2.48 0.64
2

DIE16
4
-2.48 0.64
3.92 0.64
3.92 0.665
-2.48 0.665
5

DIE17
4
-2.48 0.665
3.92 0.665
3.92 0.688
-2.48 0.688
4

DIE18
4
-2.48 0.688
3.92 0.688
3.92 0.725
-2.48 0.725
2

DIE19
4
-2.48 0.725
3.92 0.725
3.92 0.815
-2.48 0.815
2

DIE20
4
-2.48 0.815
3.92 0.815
3.92 0.84
-2.48 0.84
5

DIE21
4
-2.48 0.84
3.92 0.84
3.92 0.863
-2.48 0.863
4

DIE22
4
-2.48 0.863
3.92 0.863
3.92 0.9
-2.48 0.9
2

DIE23
4
-2.48 0.9
3.92 0.9
3.92 0.99
-2.48 0.99
2

DIE24
4
-2.48 0.99
3.92 0.99
3.92 1.015
-2.48 1.015
5

DIE25
4
-2.48 1.015
3.92 1.015
3.92 1.038
-2.48 1.038
4

DIE26
4
-2.48 1.038
3.92 1.038
3.92 1.075
-2.48 1.075
2

DIE27
4
-2.48 1.075
3.92 1.075
3.92 1.165
-2.48 1.165
2

DIE28
4
-2.48 1.165
3.92 1.165
3.92 1.19
-2.48 1.19
5

DIE29
4
-2.48 1.19
3.92 1.19
3.92 1.213
-2.48 1.213
4

DIE30
4
-2.48 1.213
3.92 1.213
3.92 1.25
-2.48 1.25
2

DIE31
4
-2.48 1.25
3.92 1.25
3.92 1.34
-2.48 1.34
2

DIE32
4
-2.48 1.34
3.92 1.34
3.92 1.39
-2.48 1.39
5

DIE33
4
-2.48 1.39
3.92 1.39
3.92 1.42
-2.48 1.42
4

DIE34
4
-2.48 1.42
3.92 1.42
3.92 1.515
-2.48 1.515
2

DIE35
4
-2.48 1.515
3.92 1.515
3.92 1.705
-2.48 1.705
2

DIE36
4
-2.48 1.705
3.92 1.705
3.92 1.755
-2.48 1.755
5

DIE37
4
-2.48 1.755
3.92 1.755
3.92 1.785
-2.48 1.785
4

DIE38
10
-2.48 1.785
3.92 1.785
3.92 1.88
1.25126 1.88
1.17874 1.88
0.89126 1.88
0.63874 1.88
0.26126 1.88
0.18874 1.88
-2.48 1.88
2

DIE39
4
-2.48 1.88
0.18874 1.88
0.17126 2.07
-2.48 2.07
2

DIE39
4
0.26126 1.88
0.63874 1.88
0.62126 2.07
0.27874 2.07
2

DIE39
4
0.89126 1.88
1.17874 1.88
1.16126 2.07
0.90874 2.07
2

DIE39
4
1.25126 1.88
3.92 1.88
3.92 2.07
1.26874 2.07
2

DIE40
10
-2.48 2.07
0.17126 2.07
0.27874 2.07
0.62126 2.07
0.90874 2.07
1.16126 2.07
1.26874 2.07
3.92 2.07
3.92 2.125
-2.48 2.125
5

DIE41
12
-2.48 2.125
3.92 2.125
3.92 2.665
3.4 2.665
3.08 2.665
1.96 2.665
0.92 2.665
0.52 2.665
-0.52 2.665
-1.64 2.665
-1.96 2.665
-2.48 2.665
4

DIE42
4
-2.48 2.665
-1.96 2.665
-1.962353 2.715
-2.48 2.715
4

DIE42
4
-1.64 2.665
-0.52 2.665
-0.522353 2.715
-1.637647 2.715
4

DIE42
4
0.52 2.665
0.92 2.665
0.917647 2.715
0.522353 2.715
4

DIE42
4
1.96 2.665
3.08 2.665
3.077647 2.715
1.962353 2.715
4

DIE42
4
3.4 2.665
3.92 2.665
3.92 2.715
3.402353 2.715
4

DIE43
4
-2.48 2.715
-1.962353 2.715
-1.964706 2.765
-2.48 2.765
7

DIE43
4
-1.637647 2.715
-0.522353 2.715
-0.524706 2.765
-1.635294 2.765
7

DIE43
4
0.522353 2.715
0.917647 2.715
0.915294 2.765
0.524706 2.765
7

DIE43
4
1.962353 2.715
3.077647 2.715
3.075294 2.765
1.964706 2.765
7

DIE43
4
3.402353 2.715
3.92 2.715
3.92 2.765
3.404706 2.765
7

DIE44
4
-2.48 2.765
-1.964706 2.765
-2 3.515
-2.48 3.515
4

DIE44
4
-1.635294 2.765
-0.524706 2.765
-0.56 3.515
-1.6 3.515
4

DIE44
4
0.524706 2.765
0.915294 2.765
0.88 3.515
0.56 3.515
4

DIE44
4
1.964706 2.765
3.075294 2.765
3.04 3.515
2 3.515
4

DIE44
4
3.404706 2.765
3.92 2.765
3.92 3.515
3.44 3.515
4

DIE45
12
-2.48 3.515
-2 3.515
-1.6 3.515
-0.56 3.515
0.56 3.515
0.88 3.515
2 3.515
3.04 3.515
3.44 3.515
3.92 3.515
3.92 3.57
-2.48 3.57
5

DIE46
4
-2.48 3.57
3.92 3.57
3.92 4.11
-2.48 4.11
4

DIE47
4
-2.48 4.11
3.92 4.11
3.92 4.16
-2.48 4.16
4

DIE48
4
-2.48 4.16
3.92 4.16
3.92 4.21
-2.48 4.21
7

DIE49
4
-2.48 4.21
3.92 4.21
3.92 4.96
-2.48 4.96
4

DIE50
4
-2.48 4.96
3.92 4.96
3.92 5.035
-2.48 5.035
7

DIE51
4
-2.48 5.035
3.92 5.035
3.92 5.735
-2.48 5.735
4

DIE52
4
-2.48 5.735
3.92 5.735
3.92 8.535
-2.48 8.535
4

DIE53
4
-2.48 8.535
3.92 8.535
3.92 9.735
-2.48 9.735
4

DIE54
4
-2.48 9.735
3.92 9.735
3.92 10.435
-2.48 10.435
7

air_Layer
4
-2.48 10.435
3.92 10.435
3.92 13.675
-2.48 13.675
1


4
-2.48 0.001
3.92 0.001
3.92 13.675
-2.48 13.675

