c1
4
-0.03626 1.88
0.03626 1.88
0.05374 2.07
-0.05374 2.07

8
botleft
4
-1.895 -0.001
0 -0.001
0 0.001
-1.895 0.001

botright
4
0 -0.001
2.615 -0.001
2.615 0.001
0 0.001

c1Env
4
-0.21626 1.88
-0.14374 1.88
-0.12626 2.07
-0.23374 2.07

c2
4
1.85374 1.88
1.92626 1.88
1.94374 2.07
1.83626 2.07

c2Env
4
2.03374 1.88
2.10626 1.88
2.12374 2.07
2.01626 2.07

d1
8
-0.655 2.665
-0.335 2.665
-0.332647 2.715
-0.330294 2.765
-0.295 3.515
-0.695 3.515
-0.659706 2.765
-0.657353 2.715

d2
8
0.425 2.665
0.745 2.665
0.747353 2.715
0.749706 2.765
0.785 3.515
0.385 3.515
0.420294 2.765
0.422647 2.715

d2Env
8
1.145 2.665
1.465 2.665
1.467353 2.715
1.469706 2.765
1.505 3.515
1.105 3.515
1.140294 2.765
1.142647 2.715


67
DIE1
5
-1.895 0.001
0 0.001
2.615 0.001
2.615 0.157
-1.895 0.157
3

DIE2
4
-1.895 0.157
2.615 0.157
2.615 0.185
-1.895 0.185
3

DIE3
4
-1.895 0.185
2.615 0.185
2.615 0.25
-1.895 0.25
3

DIE4
4
-1.895 0.25
2.615 0.25
2.615 0.2514
-1.895 0.2514
4

DIE6
4
-1.895 0.2514
2.615 0.2514
2.615 0.2654
-1.895 0.2654
5

DIE7
4
-1.895 0.2654
2.615 0.2654
2.615 0.307
-1.895 0.307
4

DIE8
4
-1.895 0.307
2.615 0.307
2.615 0.375
-1.895 0.375
4

DIE9
4
-1.895 0.375
2.615 0.375
2.615 0.4
-1.895 0.4
4

DIE10
4
-1.895 0.4
2.615 0.4
2.615 0.418
-1.895 0.418
4

DIE11
4
-1.895 0.418
2.615 0.418
2.615 0.465
-1.895 0.465
2

DIE12
4
-1.895 0.465
2.615 0.465
2.615 0.49
-1.895 0.49
5

DIE13
4
-1.895 0.49
2.615 0.49
2.615 0.513
-1.895 0.513
4

DIE14
4
-1.895 0.513
2.615 0.513
2.615 0.55
-1.895 0.55
2

DIE15
4
-1.895 0.55
2.615 0.55
2.615 0.64
-1.895 0.64
2

DIE16
4
-1.895 0.64
2.615 0.64
2.615 0.665
-1.895 0.665
5

DIE17
4
-1.895 0.665
2.615 0.665
2.615 0.688
-1.895 0.688
4

DIE18
4
-1.895 0.688
2.615 0.688
2.615 0.725
-1.895 0.725
2

DIE19
4
-1.895 0.725
2.615 0.725
2.615 0.815
-1.895 0.815
2

DIE20
4
-1.895 0.815
2.615 0.815
2.615 0.84
-1.895 0.84
5

DIE21
4
-1.895 0.84
2.615 0.84
2.615 0.863
-1.895 0.863
4

DIE22
4
-1.895 0.863
2.615 0.863
2.615 0.9
-1.895 0.9
2

DIE23
4
-1.895 0.9
2.615 0.9
2.615 0.99
-1.895 0.99
2

DIE24
4
-1.895 0.99
2.615 0.99
2.615 1.015
-1.895 1.015
5

DIE25
4
-1.895 1.015
2.615 1.015
2.615 1.038
-1.895 1.038
4

DIE26
4
-1.895 1.038
2.615 1.038
2.615 1.075
-1.895 1.075
2

DIE27
4
-1.895 1.075
2.615 1.075
2.615 1.165
-1.895 1.165
2

DIE28
4
-1.895 1.165
2.615 1.165
2.615 1.19
-1.895 1.19
5

DIE29
4
-1.895 1.19
2.615 1.19
2.615 1.213
-1.895 1.213
4

DIE30
4
-1.895 1.213
2.615 1.213
2.615 1.25
-1.895 1.25
2

DIE31
4
-1.895 1.25
2.615 1.25
2.615 1.34
-1.895 1.34
2

DIE32
4
-1.895 1.34
2.615 1.34
2.615 1.39
-1.895 1.39
5

DIE33
4
-1.895 1.39
2.615 1.39
2.615 1.42
-1.895 1.42
4

DIE34
4
-1.895 1.42
2.615 1.42
2.615 1.515
-1.895 1.515
2

DIE35
4
-1.895 1.515
2.615 1.515
2.615 1.705
-1.895 1.705
2

DIE36
4
-1.895 1.705
2.615 1.705
2.615 1.755
-1.895 1.755
5

DIE37
4
-1.895 1.755
2.615 1.755
2.615 1.785
-1.895 1.785
4

DIE38
12
-1.895 1.785
2.615 1.785
2.615 1.88
2.10626 1.88
2.03374 1.88
1.92626 1.88
1.85374 1.88
0.03626 1.88
-0.03626 1.88
-0.14374 1.88
-0.21626 1.88
-1.895 1.88
2

DIE39
4
-1.895 1.88
-0.21626 1.88
-0.23374 2.07
-1.895 2.07
2

DIE39
4
-0.14374 1.88
-0.03626 1.88
-0.05374 2.07
-0.12626 2.07
2

DIE39
4
0.03626 1.88
1.85374 1.88
1.83626 2.07
0.05374 2.07
2

DIE39
4
1.92626 1.88
2.03374 1.88
2.01626 2.07
1.94374 2.07
2

DIE39
4
2.10626 1.88
2.615 1.88
2.615 2.07
2.12374 2.07
2

DIE40
12
-1.895 2.07
-0.23374 2.07
-0.12626 2.07
-0.05374 2.07
0.05374 2.07
1.83626 2.07
1.94374 2.07
2.01626 2.07
2.12374 2.07
2.615 2.07
2.615 2.125
-1.895 2.125
5

DIE41
10
-1.895 2.125
2.615 2.125
2.615 2.665
1.465 2.665
1.145 2.665
0.745 2.665
0.425 2.665
-0.335 2.665
-0.655 2.665
-1.895 2.665
4

DIE42
4
-1.895 2.665
-0.655 2.665
-0.657353 2.715
-1.895 2.715
4

DIE42
4
-0.335 2.665
0.425 2.665
0.422647 2.715
-0.332647 2.715
4

DIE42
4
0.745 2.665
1.145 2.665
1.142647 2.715
0.747353 2.715
4

DIE42
4
1.465 2.665
2.615 2.665
2.615 2.715
1.467353 2.715
4

DIE43
4
-1.895 2.715
-0.657353 2.715
-0.659706 2.765
-1.895 2.765
7

DIE43
4
-0.332647 2.715
0.422647 2.715
0.420294 2.765
-0.330294 2.765
7

DIE43
4
0.747353 2.715
1.142647 2.715
1.140294 2.765
0.749706 2.765
7

DIE43
4
1.467353 2.715
2.615 2.715
2.615 2.765
1.469706 2.765
7

DIE44
4
-1.895 2.765
-0.659706 2.765
-0.695 3.515
-1.895 3.515
4

DIE44
4
-0.330294 2.765
0.420294 2.765
0.385 3.515
-0.295 3.515
4

DIE44
4
0.749706 2.765
1.140294 2.765
1.105 3.515
0.785 3.515
4

DIE44
4
1.469706 2.765
2.615 2.765
2.615 3.515
1.505 3.515
4

DIE45
10
-1.895 3.515
-0.695 3.515
-0.295 3.515
0.385 3.515
0.785 3.515
1.105 3.515
1.505 3.515
2.615 3.515
2.615 3.57
-1.895 3.57
5

DIE46
4
-1.895 3.57
2.615 3.57
2.615 4.11
-1.895 4.11
4

DIE47
4
-1.895 4.11
2.615 4.11
2.615 4.16
-1.895 4.16
4

DIE48
4
-1.895 4.16
2.615 4.16
2.615 4.21
-1.895 4.21
7

DIE49
4
-1.895 4.21
2.615 4.21
2.615 4.96
-1.895 4.96
4

DIE50
4
-1.895 4.96
2.615 4.96
2.615 5.035
-1.895 5.035
7

DIE51
4
-1.895 5.035
2.615 5.035
2.615 5.735
-1.895 5.735
4

DIE52
4
-1.895 5.735
2.615 5.735
2.615 8.535
-1.895 8.535
4

DIE53
4
-1.895 8.535
2.615 8.535
2.615 9.735
-1.895 9.735
4

DIE54
4
-1.895 9.735
2.615 9.735
2.615 10.435
-1.895 10.435
7

air_Layer
4
-1.895 10.435
2.615 10.435
2.615 11.005
-1.895 11.005
1


4
-1.895 0.001
2.615 0.001
2.615 11.005
-1.895 11.005

