c1
4
-0.03626 1.88
0.03626 1.88
0.05374 2.07
-0.05374 2.07

8
botleft
4
-3.335 -0.001
0 -0.001
0 0.001
-3.335 0.001

botright
4
0 -0.001
2.795 -0.001
2.795 0.001
0 0.001

c1Env
4
-0.39626 1.88
-0.32374 1.88
-0.30626 2.07
-0.41374 2.07

c2
4
1.85374 1.88
1.92626 1.88
1.94374 2.07
1.83626 2.07

c2Env
4
2.21374 1.88
2.28626 1.88
2.30374 2.07
2.19626 2.07

d1
8
-1.375 2.665
-1.055 2.665
-1.052647 2.715
-1.050294 2.765
-1.015 3.515
-1.415 3.515
-1.379706 2.765
-1.377353 2.715

d2
8
0.425 2.665
0.745 2.665
0.747353 2.715
0.749706 2.765
0.785 3.515
0.385 3.515
0.420294 2.765
0.422647 2.715

d2Env
8
1.865 2.665
2.185 2.665
2.187353 2.715
2.189706 2.765
2.225 3.515
1.825 3.515
1.860294 2.765
1.862647 2.715


67
DIE1
5
-3.335 0.001
0 0.001
2.795 0.001
2.795 0.157
-3.335 0.157
3

DIE2
4
-3.335 0.157
2.795 0.157
2.795 0.185
-3.335 0.185
3

DIE3
4
-3.335 0.185
2.795 0.185
2.795 0.25
-3.335 0.25
3

DIE4
4
-3.335 0.25
2.795 0.25
2.795 0.2514
-3.335 0.2514
4

DIE6
4
-3.335 0.2514
2.795 0.2514
2.795 0.2654
-3.335 0.2654
5

DIE7
4
-3.335 0.2654
2.795 0.2654
2.795 0.307
-3.335 0.307
4

DIE8
4
-3.335 0.307
2.795 0.307
2.795 0.375
-3.335 0.375
4

DIE9
4
-3.335 0.375
2.795 0.375
2.795 0.4
-3.335 0.4
4

DIE10
4
-3.335 0.4
2.795 0.4
2.795 0.418
-3.335 0.418
4

DIE11
4
-3.335 0.418
2.795 0.418
2.795 0.465
-3.335 0.465
2

DIE12
4
-3.335 0.465
2.795 0.465
2.795 0.49
-3.335 0.49
5

DIE13
4
-3.335 0.49
2.795 0.49
2.795 0.513
-3.335 0.513
4

DIE14
4
-3.335 0.513
2.795 0.513
2.795 0.55
-3.335 0.55
2

DIE15
4
-3.335 0.55
2.795 0.55
2.795 0.64
-3.335 0.64
2

DIE16
4
-3.335 0.64
2.795 0.64
2.795 0.665
-3.335 0.665
5

DIE17
4
-3.335 0.665
2.795 0.665
2.795 0.688
-3.335 0.688
4

DIE18
4
-3.335 0.688
2.795 0.688
2.795 0.725
-3.335 0.725
2

DIE19
4
-3.335 0.725
2.795 0.725
2.795 0.815
-3.335 0.815
2

DIE20
4
-3.335 0.815
2.795 0.815
2.795 0.84
-3.335 0.84
5

DIE21
4
-3.335 0.84
2.795 0.84
2.795 0.863
-3.335 0.863
4

DIE22
4
-3.335 0.863
2.795 0.863
2.795 0.9
-3.335 0.9
2

DIE23
4
-3.335 0.9
2.795 0.9
2.795 0.99
-3.335 0.99
2

DIE24
4
-3.335 0.99
2.795 0.99
2.795 1.015
-3.335 1.015
5

DIE25
4
-3.335 1.015
2.795 1.015
2.795 1.038
-3.335 1.038
4

DIE26
4
-3.335 1.038
2.795 1.038
2.795 1.075
-3.335 1.075
2

DIE27
4
-3.335 1.075
2.795 1.075
2.795 1.165
-3.335 1.165
2

DIE28
4
-3.335 1.165
2.795 1.165
2.795 1.19
-3.335 1.19
5

DIE29
4
-3.335 1.19
2.795 1.19
2.795 1.213
-3.335 1.213
4

DIE30
4
-3.335 1.213
2.795 1.213
2.795 1.25
-3.335 1.25
2

DIE31
4
-3.335 1.25
2.795 1.25
2.795 1.34
-3.335 1.34
2

DIE32
4
-3.335 1.34
2.795 1.34
2.795 1.39
-3.335 1.39
5

DIE33
4
-3.335 1.39
2.795 1.39
2.795 1.42
-3.335 1.42
4

DIE34
4
-3.335 1.42
2.795 1.42
2.795 1.515
-3.335 1.515
2

DIE35
4
-3.335 1.515
2.795 1.515
2.795 1.705
-3.335 1.705
2

DIE36
4
-3.335 1.705
2.795 1.705
2.795 1.755
-3.335 1.755
5

DIE37
4
-3.335 1.755
2.795 1.755
2.795 1.785
-3.335 1.785
4

DIE38
12
-3.335 1.785
2.795 1.785
2.795 1.88
2.28626 1.88
2.21374 1.88
1.92626 1.88
1.85374 1.88
0.03626 1.88
-0.03626 1.88
-0.32374 1.88
-0.39626 1.88
-3.335 1.88
2

DIE39
4
-3.335 1.88
-0.39626 1.88
-0.41374 2.07
-3.335 2.07
2

DIE39
4
-0.32374 1.88
-0.03626 1.88
-0.05374 2.07
-0.30626 2.07
2

DIE39
4
0.03626 1.88
1.85374 1.88
1.83626 2.07
0.05374 2.07
2

DIE39
4
1.92626 1.88
2.21374 1.88
2.19626 2.07
1.94374 2.07
2

DIE39
4
2.28626 1.88
2.795 1.88
2.795 2.07
2.30374 2.07
2

DIE40
12
-3.335 2.07
-0.41374 2.07
-0.30626 2.07
-0.05374 2.07
0.05374 2.07
1.83626 2.07
1.94374 2.07
2.19626 2.07
2.30374 2.07
2.795 2.07
2.795 2.125
-3.335 2.125
5

DIE41
10
-3.335 2.125
2.795 2.125
2.795 2.665
2.185 2.665
1.865 2.665
0.745 2.665
0.425 2.665
-1.055 2.665
-1.375 2.665
-3.335 2.665
4

DIE42
4
-3.335 2.665
-1.375 2.665
-1.377353 2.715
-3.335 2.715
4

DIE42
4
-1.055 2.665
0.425 2.665
0.422647 2.715
-1.052647 2.715
4

DIE42
4
0.745 2.665
1.865 2.665
1.862647 2.715
0.747353 2.715
4

DIE42
4
2.185 2.665
2.795 2.665
2.795 2.715
2.187353 2.715
4

DIE43
4
-3.335 2.715
-1.377353 2.715
-1.379706 2.765
-3.335 2.765
7

DIE43
4
-1.052647 2.715
0.422647 2.715
0.420294 2.765
-1.050294 2.765
7

DIE43
4
0.747353 2.715
1.862647 2.715
1.860294 2.765
0.749706 2.765
7

DIE43
4
2.187353 2.715
2.795 2.715
2.795 2.765
2.189706 2.765
7

DIE44
4
-3.335 2.765
-1.379706 2.765
-1.415 3.515
-3.335 3.515
4

DIE44
4
-1.050294 2.765
0.420294 2.765
0.385 3.515
-1.015 3.515
4

DIE44
4
0.749706 2.765
1.860294 2.765
1.825 3.515
0.785 3.515
4

DIE44
4
2.189706 2.765
2.795 2.765
2.795 3.515
2.225 3.515
4

DIE45
10
-3.335 3.515
-1.415 3.515
-1.015 3.515
0.385 3.515
0.785 3.515
1.825 3.515
2.225 3.515
2.795 3.515
2.795 3.57
-3.335 3.57
5

DIE46
4
-3.335 3.57
2.795 3.57
2.795 4.11
-3.335 4.11
4

DIE47
4
-3.335 4.11
2.795 4.11
2.795 4.16
-3.335 4.16
4

DIE48
4
-3.335 4.16
2.795 4.16
2.795 4.21
-3.335 4.21
7

DIE49
4
-3.335 4.21
2.795 4.21
2.795 4.96
-3.335 4.96
4

DIE50
4
-3.335 4.96
2.795 4.96
2.795 5.035
-3.335 5.035
7

DIE51
4
-3.335 5.035
2.795 5.035
2.795 5.735
-3.335 5.735
4

DIE52
4
-3.335 5.735
2.795 5.735
2.795 8.535
-3.335 8.535
4

DIE53
4
-3.335 8.535
2.795 8.535
2.795 9.735
-3.335 9.735
4

DIE54
4
-3.335 9.735
2.795 9.735
2.795 10.435
-3.335 10.435
7

air_Layer
4
-3.335 10.435
2.795 10.435
2.795 11.005
-3.335 11.005
1


4
-3.335 0.001
2.795 0.001
2.795 11.005
-3.335 11.005

