c1
4
-0.12626 1.88
0.12626 1.88
0.14374 2.07
-0.14374 2.07

8
botleft
4
-1.805 -0.001
0 -0.001
0 0.001
-1.805 0.001

botright
4
0 -0.001
2.795 -0.001
2.795 0.001
0 0.001

c1Env
4
-0.30626 1.88
-0.23374 1.88
-0.21626 2.07
-0.32374 2.07

c2
4
1.04374 1.88
1.29626 1.88
1.31374 2.07
1.02626 2.07

c2Env
4
1.40374 1.88
1.47626 1.88
1.49374 2.07
1.38626 2.07

d1
8
-0.565 2.665
-0.245 2.665
-0.242647 2.715
-0.240294 2.765
-0.205 3.515
-0.605 3.515
-0.569706 2.765
-0.567353 2.715

d2
8
1.235 2.665
2.275 2.665
2.277353 2.715
2.279706 2.765
2.315 3.515
1.195 3.515
1.230294 2.765
1.232647 2.715

d2Env
6
2.675 2.665
2.795 2.665
2.795 3.515
2.635 3.515
2.670294 2.765
2.672647 2.715


64
DIE1
5
-1.805 0.001
0 0.001
2.795 0.001
2.795 0.157
-1.805 0.157
3

DIE2
4
-1.805 0.157
2.795 0.157
2.795 0.185
-1.805 0.185
3

DIE3
4
-1.805 0.185
2.795 0.185
2.795 0.25
-1.805 0.25
3

DIE4
4
-1.805 0.25
2.795 0.25
2.795 0.2514
-1.805 0.2514
4

DIE6
4
-1.805 0.2514
2.795 0.2514
2.795 0.2654
-1.805 0.2654
5

DIE7
4
-1.805 0.2654
2.795 0.2654
2.795 0.307
-1.805 0.307
4

DIE8
4
-1.805 0.307
2.795 0.307
2.795 0.375
-1.805 0.375
4

DIE9
4
-1.805 0.375
2.795 0.375
2.795 0.4
-1.805 0.4
4

DIE10
4
-1.805 0.4
2.795 0.4
2.795 0.418
-1.805 0.418
4

DIE11
4
-1.805 0.418
2.795 0.418
2.795 0.465
-1.805 0.465
2

DIE12
4
-1.805 0.465
2.795 0.465
2.795 0.49
-1.805 0.49
5

DIE13
4
-1.805 0.49
2.795 0.49
2.795 0.513
-1.805 0.513
4

DIE14
4
-1.805 0.513
2.795 0.513
2.795 0.55
-1.805 0.55
2

DIE15
4
-1.805 0.55
2.795 0.55
2.795 0.64
-1.805 0.64
2

DIE16
4
-1.805 0.64
2.795 0.64
2.795 0.665
-1.805 0.665
5

DIE17
4
-1.805 0.665
2.795 0.665
2.795 0.688
-1.805 0.688
4

DIE18
4
-1.805 0.688
2.795 0.688
2.795 0.725
-1.805 0.725
2

DIE19
4
-1.805 0.725
2.795 0.725
2.795 0.815
-1.805 0.815
2

DIE20
4
-1.805 0.815
2.795 0.815
2.795 0.84
-1.805 0.84
5

DIE21
4
-1.805 0.84
2.795 0.84
2.795 0.863
-1.805 0.863
4

DIE22
4
-1.805 0.863
2.795 0.863
2.795 0.9
-1.805 0.9
2

DIE23
4
-1.805 0.9
2.795 0.9
2.795 0.99
-1.805 0.99
2

DIE24
4
-1.805 0.99
2.795 0.99
2.795 1.015
-1.805 1.015
5

DIE25
4
-1.805 1.015
2.795 1.015
2.795 1.038
-1.805 1.038
4

DIE26
4
-1.805 1.038
2.795 1.038
2.795 1.075
-1.805 1.075
2

DIE27
4
-1.805 1.075
2.795 1.075
2.795 1.165
-1.805 1.165
2

DIE28
4
-1.805 1.165
2.795 1.165
2.795 1.19
-1.805 1.19
5

DIE29
4
-1.805 1.19
2.795 1.19
2.795 1.213
-1.805 1.213
4

DIE30
4
-1.805 1.213
2.795 1.213
2.795 1.25
-1.805 1.25
2

DIE31
4
-1.805 1.25
2.795 1.25
2.795 1.34
-1.805 1.34
2

DIE32
4
-1.805 1.34
2.795 1.34
2.795 1.39
-1.805 1.39
5

DIE33
4
-1.805 1.39
2.795 1.39
2.795 1.42
-1.805 1.42
4

DIE34
4
-1.805 1.42
2.795 1.42
2.795 1.515
-1.805 1.515
2

DIE35
4
-1.805 1.515
2.795 1.515
2.795 1.705
-1.805 1.705
2

DIE36
4
-1.805 1.705
2.795 1.705
2.795 1.755
-1.805 1.755
5

DIE37
4
-1.805 1.755
2.795 1.755
2.795 1.785
-1.805 1.785
4

DIE38
12
-1.805 1.785
2.795 1.785
2.795 1.88
1.47626 1.88
1.40374 1.88
1.29626 1.88
1.04374 1.88
0.12626 1.88
-0.12626 1.88
-0.23374 1.88
-0.30626 1.88
-1.805 1.88
2

DIE39
4
-1.805 1.88
-0.30626 1.88
-0.32374 2.07
-1.805 2.07
2

DIE39
4
-0.23374 1.88
-0.12626 1.88
-0.14374 2.07
-0.21626 2.07
2

DIE39
4
0.12626 1.88
1.04374 1.88
1.02626 2.07
0.14374 2.07
2

DIE39
4
1.29626 1.88
1.40374 1.88
1.38626 2.07
1.31374 2.07
2

DIE39
4
1.47626 1.88
2.795 1.88
2.795 2.07
1.49374 2.07
2

DIE40
12
-1.805 2.07
-0.32374 2.07
-0.21626 2.07
-0.14374 2.07
0.14374 2.07
1.02626 2.07
1.31374 2.07
1.38626 2.07
1.49374 2.07
2.795 2.07
2.795 2.125
-1.805 2.125
5

DIE41
9
-1.805 2.125
2.795 2.125
2.795 2.665
2.675 2.665
2.275 2.665
1.235 2.665
-0.245 2.665
-0.565 2.665
-1.805 2.665
4

DIE42
4
-1.805 2.665
-0.565 2.665
-0.567353 2.715
-1.805 2.715
4

DIE42
4
-0.245 2.665
1.235 2.665
1.232647 2.715
-0.242647 2.715
4

DIE42
4
2.275 2.665
2.675 2.665
2.672647 2.715
2.277353 2.715
4

DIE43
4
-1.805 2.715
-0.567353 2.715
-0.569706 2.765
-1.805 2.765
7

DIE43
4
-0.242647 2.715
1.232647 2.715
1.230294 2.765
-0.240294 2.765
7

DIE43
4
2.277353 2.715
2.672647 2.715
2.670294 2.765
2.279706 2.765
7

DIE44
4
-1.805 2.765
-0.569706 2.765
-0.605 3.515
-1.805 3.515
4

DIE44
4
-0.240294 2.765
1.230294 2.765
1.195 3.515
-0.205 3.515
4

DIE44
4
2.279706 2.765
2.670294 2.765
2.635 3.515
2.315 3.515
4

DIE45
9
-1.805 3.515
-0.605 3.515
-0.205 3.515
1.195 3.515
2.315 3.515
2.635 3.515
2.795 3.515
2.795 3.57
-1.805 3.57
5

DIE46
4
-1.805 3.57
2.795 3.57
2.795 4.11
-1.805 4.11
4

DIE47
4
-1.805 4.11
2.795 4.11
2.795 4.16
-1.805 4.16
4

DIE48
4
-1.805 4.16
2.795 4.16
2.795 4.21
-1.805 4.21
7

DIE49
4
-1.805 4.21
2.795 4.21
2.795 4.96
-1.805 4.96
4

DIE50
4
-1.805 4.96
2.795 4.96
2.795 5.035
-1.805 5.035
7

DIE51
4
-1.805 5.035
2.795 5.035
2.795 5.735
-1.805 5.735
4

DIE52
4
-1.805 5.735
2.795 5.735
2.795 8.535
-1.805 8.535
4

DIE53
4
-1.805 8.535
2.795 8.535
2.795 9.735
-1.805 9.735
4

DIE54
4
-1.805 9.735
2.795 9.735
2.795 10.435
-1.805 10.435
7

air_Layer
4
-1.805 10.435
2.795 10.435
2.795 11.245
-1.805 11.245
1


4
-1.805 0.001
2.795 0.001
2.795 11.245
-1.805 11.245

