c1
4
-0.12626 1.88
0.12626 1.88
0.14374 2.07
-0.14374 2.07

7
botleft
4
-3.245 -0.001
0 -0.001
0 0.001
-3.245 0.001

botright
4
0 -0.001
2.165 -0.001
2.165 0.001
0 0.001

c1Env
4
-0.48626 1.88
-0.41374 1.88
-0.39626 2.07
-0.50374 2.07

c2
4
1.04374 1.88
1.29626 1.88
1.31374 2.07
1.02626 2.07

c2Env
4
1.58374 1.88
1.65626 1.88
1.67374 2.07
1.56626 2.07

d1
8
-1.285 2.665
-0.965 2.665
-0.962647 2.715
-0.960294 2.765
-0.925 3.515
-1.325 3.515
-1.289706 2.765
-1.287353 2.715

d2
8
0.515 2.665
1.555 2.665
1.557353 2.715
1.559706 2.765
1.595 3.515
0.475 3.515
0.510294 2.765
0.512647 2.715


64
DIE1
5
-3.245 0.001
0 0.001
2.165 0.001
2.165 0.157
-3.245 0.157
3

DIE2
4
-3.245 0.157
2.165 0.157
2.165 0.185
-3.245 0.185
3

DIE3
4
-3.245 0.185
2.165 0.185
2.165 0.25
-3.245 0.25
3

DIE4
4
-3.245 0.25
2.165 0.25
2.165 0.2514
-3.245 0.2514
4

DIE6
4
-3.245 0.2514
2.165 0.2514
2.165 0.2654
-3.245 0.2654
5

DIE7
4
-3.245 0.2654
2.165 0.2654
2.165 0.307
-3.245 0.307
4

DIE8
4
-3.245 0.307
2.165 0.307
2.165 0.375
-3.245 0.375
4

DIE9
4
-3.245 0.375
2.165 0.375
2.165 0.4
-3.245 0.4
4

DIE10
4
-3.245 0.4
2.165 0.4
2.165 0.418
-3.245 0.418
4

DIE11
4
-3.245 0.418
2.165 0.418
2.165 0.465
-3.245 0.465
2

DIE12
4
-3.245 0.465
2.165 0.465
2.165 0.49
-3.245 0.49
5

DIE13
4
-3.245 0.49
2.165 0.49
2.165 0.513
-3.245 0.513
4

DIE14
4
-3.245 0.513
2.165 0.513
2.165 0.55
-3.245 0.55
2

DIE15
4
-3.245 0.55
2.165 0.55
2.165 0.64
-3.245 0.64
2

DIE16
4
-3.245 0.64
2.165 0.64
2.165 0.665
-3.245 0.665
5

DIE17
4
-3.245 0.665
2.165 0.665
2.165 0.688
-3.245 0.688
4

DIE18
4
-3.245 0.688
2.165 0.688
2.165 0.725
-3.245 0.725
2

DIE19
4
-3.245 0.725
2.165 0.725
2.165 0.815
-3.245 0.815
2

DIE20
4
-3.245 0.815
2.165 0.815
2.165 0.84
-3.245 0.84
5

DIE21
4
-3.245 0.84
2.165 0.84
2.165 0.863
-3.245 0.863
4

DIE22
4
-3.245 0.863
2.165 0.863
2.165 0.9
-3.245 0.9
2

DIE23
4
-3.245 0.9
2.165 0.9
2.165 0.99
-3.245 0.99
2

DIE24
4
-3.245 0.99
2.165 0.99
2.165 1.015
-3.245 1.015
5

DIE25
4
-3.245 1.015
2.165 1.015
2.165 1.038
-3.245 1.038
4

DIE26
4
-3.245 1.038
2.165 1.038
2.165 1.075
-3.245 1.075
2

DIE27
4
-3.245 1.075
2.165 1.075
2.165 1.165
-3.245 1.165
2

DIE28
4
-3.245 1.165
2.165 1.165
2.165 1.19
-3.245 1.19
5

DIE29
4
-3.245 1.19
2.165 1.19
2.165 1.213
-3.245 1.213
4

DIE30
4
-3.245 1.213
2.165 1.213
2.165 1.25
-3.245 1.25
2

DIE31
4
-3.245 1.25
2.165 1.25
2.165 1.34
-3.245 1.34
2

DIE32
4
-3.245 1.34
2.165 1.34
2.165 1.39
-3.245 1.39
5

DIE33
4
-3.245 1.39
2.165 1.39
2.165 1.42
-3.245 1.42
4

DIE34
4
-3.245 1.42
2.165 1.42
2.165 1.515
-3.245 1.515
2

DIE35
4
-3.245 1.515
2.165 1.515
2.165 1.705
-3.245 1.705
2

DIE36
4
-3.245 1.705
2.165 1.705
2.165 1.755
-3.245 1.755
5

DIE37
4
-3.245 1.755
2.165 1.755
2.165 1.785
-3.245 1.785
4

DIE38
12
-3.245 1.785
2.165 1.785
2.165 1.88
1.65626 1.88
1.58374 1.88
1.29626 1.88
1.04374 1.88
0.12626 1.88
-0.12626 1.88
-0.41374 1.88
-0.48626 1.88
-3.245 1.88
2

DIE39
4
-3.245 1.88
-0.48626 1.88
-0.50374 2.07
-3.245 2.07
2

DIE39
4
-0.41374 1.88
-0.12626 1.88
-0.14374 2.07
-0.39626 2.07
2

DIE39
4
0.12626 1.88
1.04374 1.88
1.02626 2.07
0.14374 2.07
2

DIE39
4
1.29626 1.88
1.58374 1.88
1.56626 2.07
1.31374 2.07
2

DIE39
4
1.65626 1.88
2.165 1.88
2.165 2.07
1.67374 2.07
2

DIE40
12
-3.245 2.07
-0.50374 2.07
-0.39626 2.07
-0.14374 2.07
0.14374 2.07
1.02626 2.07
1.31374 2.07
1.56626 2.07
1.67374 2.07
2.165 2.07
2.165 2.125
-3.245 2.125
5

DIE41
8
-3.245 2.125
2.165 2.125
2.165 2.665
1.555 2.665
0.515 2.665
-0.965 2.665
-1.285 2.665
-3.245 2.665
4

DIE42
4
-3.245 2.665
-1.285 2.665
-1.287353 2.715
-3.245 2.715
4

DIE42
4
-0.965 2.665
0.515 2.665
0.512647 2.715
-0.962647 2.715
4

DIE42
4
1.555 2.665
2.165 2.665
2.165 2.715
1.557353 2.715
4

DIE43
4
-3.245 2.715
-1.287353 2.715
-1.289706 2.765
-3.245 2.765
7

DIE43
4
-0.962647 2.715
0.512647 2.715
0.510294 2.765
-0.960294 2.765
7

DIE43
4
1.557353 2.715
2.165 2.715
2.165 2.765
1.559706 2.765
7

DIE44
4
-3.245 2.765
-1.289706 2.765
-1.325 3.515
-3.245 3.515
4

DIE44
4
-0.960294 2.765
0.510294 2.765
0.475 3.515
-0.925 3.515
4

DIE44
4
1.559706 2.765
2.165 2.765
2.165 3.515
1.595 3.515
4

DIE45
8
-3.245 3.515
-1.325 3.515
-0.925 3.515
0.475 3.515
1.595 3.515
2.165 3.515
2.165 3.57
-3.245 3.57
5

DIE46
4
-3.245 3.57
2.165 3.57
2.165 4.11
-3.245 4.11
4

DIE47
4
-3.245 4.11
2.165 4.11
2.165 4.16
-3.245 4.16
4

DIE48
4
-3.245 4.16
2.165 4.16
2.165 4.21
-3.245 4.21
7

DIE49
4
-3.245 4.21
2.165 4.21
2.165 4.96
-3.245 4.96
4

DIE50
4
-3.245 4.96
2.165 4.96
2.165 5.035
-3.245 5.035
7

DIE51
4
-3.245 5.035
2.165 5.035
2.165 5.735
-3.245 5.735
4

DIE52
4
-3.245 5.735
2.165 5.735
2.165 8.535
-3.245 8.535
4

DIE53
4
-3.245 8.535
2.165 8.535
2.165 9.735
-3.245 9.735
4

DIE54
4
-3.245 9.735
2.165 9.735
2.165 10.435
-3.245 10.435
7

air_Layer
4
-3.245 10.435
2.165 10.435
2.165 11.245
-3.245 11.245
1


4
-3.245 0.001
2.165 0.001
2.165 11.245
-3.245 11.245

