c1
4
-0.03626 1.88
0.03626 1.88
0.05374 2.07
-0.05374 2.07

7
botleft
4
-3.335 -0.001
0 -0.001
0 0.001
-3.335 0.001

botright
4
0 -0.001
1.985 -0.001
1.985 0.001
0 0.001

c1Env
4
-0.39626 1.88
-0.32374 1.88
-0.30626 2.07
-0.41374 2.07

c2
4
0.14374 1.88
0.21626 1.88
0.23374 2.07
0.12626 2.07

c2Env
4
0.50374 1.88
0.57626 1.88
0.59374 2.07
0.48626 2.07

d1
8
-1.375 2.665
-1.055 2.665
-1.052647 2.715
-1.050294 2.765
-1.015 3.515
-1.415 3.515
-1.379706 2.765
-1.377353 2.715

d2
8
1.145 2.665
1.465 2.665
1.467353 2.715
1.469706 2.765
1.505 3.515
1.105 3.515
1.140294 2.765
1.142647 2.715


64
DIE1
5
-3.335 0.001
0 0.001
1.985 0.001
1.985 0.157
-3.335 0.157
3

DIE2
4
-3.335 0.157
1.985 0.157
1.985 0.185
-3.335 0.185
3

DIE3
4
-3.335 0.185
1.985 0.185
1.985 0.25
-3.335 0.25
3

DIE4
4
-3.335 0.25
1.985 0.25
1.985 0.2514
-3.335 0.2514
4

DIE6
4
-3.335 0.2514
1.985 0.2514
1.985 0.2654
-3.335 0.2654
5

DIE7
4
-3.335 0.2654
1.985 0.2654
1.985 0.307
-3.335 0.307
4

DIE8
4
-3.335 0.307
1.985 0.307
1.985 0.375
-3.335 0.375
4

DIE9
4
-3.335 0.375
1.985 0.375
1.985 0.4
-3.335 0.4
4

DIE10
4
-3.335 0.4
1.985 0.4
1.985 0.418
-3.335 0.418
4

DIE11
4
-3.335 0.418
1.985 0.418
1.985 0.465
-3.335 0.465
2

DIE12
4
-3.335 0.465
1.985 0.465
1.985 0.49
-3.335 0.49
5

DIE13
4
-3.335 0.49
1.985 0.49
1.985 0.513
-3.335 0.513
4

DIE14
4
-3.335 0.513
1.985 0.513
1.985 0.55
-3.335 0.55
2

DIE15
4
-3.335 0.55
1.985 0.55
1.985 0.64
-3.335 0.64
2

DIE16
4
-3.335 0.64
1.985 0.64
1.985 0.665
-3.335 0.665
5

DIE17
4
-3.335 0.665
1.985 0.665
1.985 0.688
-3.335 0.688
4

DIE18
4
-3.335 0.688
1.985 0.688
1.985 0.725
-3.335 0.725
2

DIE19
4
-3.335 0.725
1.985 0.725
1.985 0.815
-3.335 0.815
2

DIE20
4
-3.335 0.815
1.985 0.815
1.985 0.84
-3.335 0.84
5

DIE21
4
-3.335 0.84
1.985 0.84
1.985 0.863
-3.335 0.863
4

DIE22
4
-3.335 0.863
1.985 0.863
1.985 0.9
-3.335 0.9
2

DIE23
4
-3.335 0.9
1.985 0.9
1.985 0.99
-3.335 0.99
2

DIE24
4
-3.335 0.99
1.985 0.99
1.985 1.015
-3.335 1.015
5

DIE25
4
-3.335 1.015
1.985 1.015
1.985 1.038
-3.335 1.038
4

DIE26
4
-3.335 1.038
1.985 1.038
1.985 1.075
-3.335 1.075
2

DIE27
4
-3.335 1.075
1.985 1.075
1.985 1.165
-3.335 1.165
2

DIE28
4
-3.335 1.165
1.985 1.165
1.985 1.19
-3.335 1.19
5

DIE29
4
-3.335 1.19
1.985 1.19
1.985 1.213
-3.335 1.213
4

DIE30
4
-3.335 1.213
1.985 1.213
1.985 1.25
-3.335 1.25
2

DIE31
4
-3.335 1.25
1.985 1.25
1.985 1.34
-3.335 1.34
2

DIE32
4
-3.335 1.34
1.985 1.34
1.985 1.39
-3.335 1.39
5

DIE33
4
-3.335 1.39
1.985 1.39
1.985 1.42
-3.335 1.42
4

DIE34
4
-3.335 1.42
1.985 1.42
1.985 1.515
-3.335 1.515
2

DIE35
4
-3.335 1.515
1.985 1.515
1.985 1.705
-3.335 1.705
2

DIE36
4
-3.335 1.705
1.985 1.705
1.985 1.755
-3.335 1.755
5

DIE37
4
-3.335 1.755
1.985 1.755
1.985 1.785
-3.335 1.785
4

DIE38
12
-3.335 1.785
1.985 1.785
1.985 1.88
0.57626 1.88
0.50374 1.88
0.21626 1.88
0.14374 1.88
0.03626 1.88
-0.03626 1.88
-0.32374 1.88
-0.39626 1.88
-3.335 1.88
2

DIE39
4
-3.335 1.88
-0.39626 1.88
-0.41374 2.07
-3.335 2.07
2

DIE39
4
-0.32374 1.88
-0.03626 1.88
-0.05374 2.07
-0.30626 2.07
2

DIE39
4
0.03626 1.88
0.14374 1.88
0.12626 2.07
0.05374 2.07
2

DIE39
4
0.21626 1.88
0.50374 1.88
0.48626 2.07
0.23374 2.07
2

DIE39
4
0.57626 1.88
1.985 1.88
1.985 2.07
0.59374 2.07
2

DIE40
12
-3.335 2.07
-0.41374 2.07
-0.30626 2.07
-0.05374 2.07
0.05374 2.07
0.12626 2.07
0.23374 2.07
0.48626 2.07
0.59374 2.07
1.985 2.07
1.985 2.125
-3.335 2.125
5

DIE41
8
-3.335 2.125
1.985 2.125
1.985 2.665
1.465 2.665
1.145 2.665
-1.055 2.665
-1.375 2.665
-3.335 2.665
4

DIE42
4
-3.335 2.665
-1.375 2.665
-1.377353 2.715
-3.335 2.715
4

DIE42
4
-1.055 2.665
1.145 2.665
1.142647 2.715
-1.052647 2.715
4

DIE42
4
1.465 2.665
1.985 2.665
1.985 2.715
1.467353 2.715
4

DIE43
4
-3.335 2.715
-1.377353 2.715
-1.379706 2.765
-3.335 2.765
7

DIE43
4
-1.052647 2.715
1.142647 2.715
1.140294 2.765
-1.050294 2.765
7

DIE43
4
1.467353 2.715
1.985 2.715
1.985 2.765
1.469706 2.765
7

DIE44
4
-3.335 2.765
-1.379706 2.765
-1.415 3.515
-3.335 3.515
4

DIE44
4
-1.050294 2.765
1.140294 2.765
1.105 3.515
-1.015 3.515
4

DIE44
4
1.469706 2.765
1.985 2.765
1.985 3.515
1.505 3.515
4

DIE45
8
-3.335 3.515
-1.415 3.515
-1.015 3.515
1.105 3.515
1.505 3.515
1.985 3.515
1.985 3.57
-3.335 3.57
5

DIE46
4
-3.335 3.57
1.985 3.57
1.985 4.11
-3.335 4.11
4

DIE47
4
-3.335 4.11
1.985 4.11
1.985 4.16
-3.335 4.16
4

DIE48
4
-3.335 4.16
1.985 4.16
1.985 4.21
-3.335 4.21
7

DIE49
4
-3.335 4.21
1.985 4.21
1.985 4.96
-3.335 4.96
4

DIE50
4
-3.335 4.96
1.985 4.96
1.985 5.035
-3.335 5.035
7

DIE51
4
-3.335 5.035
1.985 5.035
1.985 5.735
-3.335 5.735
4

DIE52
4
-3.335 5.735
1.985 5.735
1.985 8.535
-3.335 8.535
4

DIE53
4
-3.335 8.535
1.985 8.535
1.985 9.735
-3.335 9.735
4

DIE54
4
-3.335 9.735
1.985 9.735
1.985 10.435
-3.335 10.435
7

air_Layer
4
-3.335 10.435
1.985 10.435
1.985 11.005
-3.335 11.005
1


4
-3.335 0.001
1.985 0.001
1.985 11.005
-3.335 11.005

