1		0.00000000		0.00000000		-0.03413690		0.00000000		0.00000000		
2		0.00000000		0.00000000		-0.03403620		0.00000000		0.00000000		
3		0.00000000		0.00000000		-0.03398700		0.00000000		0.00000000		
4		0.00000000		0.00000000		-0.03397420		0.00000000		0.00000000		
5		0.00000000		0.00000000		-0.03396820		0.00000000		0.00000000		
6		0.00000000		0.00000000		-0.03401210		0.00000000		0.00000000		
7		0.00000000		0.00000000		-0.03399840		0.00000000		0.00000000		
8		0.00000000		0.00000000		-0.03415180		0.00000000		0.00000000		
9		0.00000000		0.00000000		-0.03414090		0.00000000		0.00000000		
10		0.00000000		0.00000000		-0.03417920		0.00000000		0.00000000		
11		0.00000000		0.00000000		-0.03419270		0.00000000		0.00000000		
12		0.00000000		0.00000000		-0.04135640		0.00000000		0.00000000		
13		0.00000000		0.00000000		-0.04115870		0.00000000		0.00000000		
14		0.00000000		0.00000000		-0.04121800		0.00000000		0.00000000		
15		0.00000000		0.00000000		-0.04130190		0.00000000		0.00000000		
16		0.00000000		0.00000000		-0.04129770		0.00000000		0.00000000		
17		0.00000000		0.00000000		-0.04139390		0.00000000		0.00000000		
18		0.00000000		0.00000000		-0.04128230		0.00000000		0.00000000		
19		0.00000000		0.00000000		-0.04126210		0.00000000		0.00000000		
20		0.00000000		0.00000000		-0.04126030		0.00000000		0.00000000		
21		0.00000000		0.00000000		-0.04137300		0.00000000		0.00000000		
22		0.00000000		0.00000000		-0.04138760		0.00000000		0.00000000		
23		0.00000000		0.00000000		-0.04695280		0.00000000		0.00000000		
24		0.00000000		0.00000000		-0.04705440		0.00000000		0.00000000		
25		0.00000000		0.00000000		-0.04707400		0.00000000		0.00000000		
26		0.00000000		0.00000000		-0.04708620		0.00000000		0.00000000		
27		0.00000000		0.00000000		-0.04708280		0.00000000		0.00000000		
28		0.00000000		0.00000000		-0.04711240		0.00000000		0.00000000		
29		0.00000000		0.00000000		-0.04713950		0.00000000		0.00000000		
30		0.00000000		0.00000000		-0.04696350		0.00000000		0.00000000		
31		0.00000000		0.00000000		-0.04694980		0.00000000		0.00000000		
32		0.00000000		0.00000000		-0.04695280		0.00000000		0.00000000		
33		0.00000000		0.00000000		-0.04705520		0.00000000		0.00000000		
34		0.00000000		0.00000000		-0.05271340		0.00000000		0.00000000		
35		0.00000000		0.00000000		-0.05278300		0.00000000		0.00000000		
36		0.00000000		0.00000000		-0.05286340		0.00000000		0.00000000		
37		0.00000000		0.00000000		-0.05286950		0.00000000		0.00000000		
38		0.00000000		0.00000000		-0.05286510		0.00000000		0.00000000		
39		0.00000000		0.00000000		-0.05286700		0.00000000		0.00000000		
40		0.00000000		0.00000000		-0.05290610		0.00000000		0.00000000		
41		0.00000000		0.00000000		-0.05293320		0.00000000		0.00000000		
42		0.00000000		0.00000000		-0.05297580		0.00000000		0.00000000		
43		0.00000000		0.00000000		-0.05283950		0.00000000		0.00000000		
44		0.00000000		0.00000000		-0.05283000		0.00000000		0.00000000		
45		0.00000000		0.00000000		-0.05848280		0.00000000		0.00000000		
46		0.00000000		0.00000000		-0.05847540		0.00000000		0.00000000		
47		0.00000000		0.00000000		-0.05828960		0.00000000		0.00000000		
48		0.00000000		0.00000000		-0.05822860		0.00000000		0.00000000		
49		0.00000000		0.00000000		-0.05813730		0.00000000		0.00000000		
50		0.00000000		0.00000000		-0.05817160		0.00000000		0.00000000		
51		0.00000000		0.00000000		-0.05816070		0.00000000		0.00000000		
52		0.00000000		0.00000000		-0.05817880		0.00000000		0.00000000		
53		0.00000000		0.00000000		-0.05823240		0.00000000		0.00000000		
54		0.00000000		0.00000000		-0.05828530		0.00000000		0.00000000		
55		0.00000000		0.00000000		-0.05832440		0.00000000		0.00000000		
56		0.00000000		0.00000000		-0.06354330		0.00000000		0.00000000		
57		0.00000000		0.00000000		-0.06356030		0.00000000		0.00000000		
58		0.00000000		0.00000000		-0.06361520		0.00000000		0.00000000		
59		0.00000000		0.00000000		-0.06363420		0.00000000		0.00000000		
60		0.00000000		0.00000000		-0.06371470		0.00000000		0.00000000		
61		0.00000000		0.00000000		-0.06374970		0.00000000		0.00000000		
62		0.00000000		0.00000000		-0.06378860		0.00000000		0.00000000		
63		0.00000000		0.00000000		-0.06370450		0.00000000		0.00000000		
64		0.00000000		0.00000000		-0.06375000		0.00000000		0.00000000		
65		0.00000000		0.00000000		-0.06378820		0.00000000		0.00000000		
66		0.00000000		0.00000000		-0.06333450		0.00000000		0.00000000		
67		0.00000000		0.00000000		-0.06836530		0.00000000		0.00000000		
68		0.00000000		0.00000000		-0.06846710		0.00000000		0.00000000		
69		0.00000000		0.00000000		-0.06853230		0.00000000		0.00000000		
70		0.00000000		0.00000000		-0.06852950		0.00000000		0.00000000		
71		0.00000000		0.00000000		-0.06858920		0.00000000		0.00000000		
72		0.00000000		0.00000000		-0.06862050		0.00000000		0.00000000		
73		0.00000000		0.00000000		-0.06870490		0.00000000		0.00000000		
74		0.00000000		0.00000000		-0.06856970		0.00000000		0.00000000		
75		0.00000000		0.00000000		-0.06877880		0.00000000		0.00000000		
76		0.00000000		0.00000000		-0.06878200		0.00000000		0.00000000		
77		0.00000000		0.00000000		-0.06859360		0.00000000		0.00000000		
78		0.00000000		0.00000000		-0.07321250		0.00000000		0.00000000		
79		0.00000000		0.00000000		-0.07325070		0.00000000		0.00000000		
80		0.00000000		0.00000000		-0.07328580		0.00000000		0.00000000		
81		0.00000000		0.00000000		-0.07344880		0.00000000		0.00000000		
82		0.00000000		0.00000000		-0.07350230		0.00000000		0.00000000		
83		0.00000000		0.00000000		-0.07352530		0.00000000		0.00000000		
84		0.00000000		0.00000000		-0.07358790		0.00000000		0.00000000		
85		0.00000000		0.00000000		-0.07369640		0.00000000		0.00000000		
86		0.00000000		0.00000000		-0.07372570		0.00000000		0.00000000		
87		0.00000000		0.00000000		-0.07375080		0.00000000		0.00000000		
88		0.00000000		0.00000000		-0.07379960		0.00000000		0.00000000		
89		0.00000000		0.00000000		-0.07822290		0.00000000		0.00000000		
90		0.00000000		0.00000000		-0.07805380		0.00000000		0.00000000		
91		0.00000000		0.00000000		-0.07807930		0.00000000		0.00000000		
92		0.00000000		0.00000000		-0.07813390		0.00000000		0.00000000		
93		0.00000000		0.00000000		-0.07818040		0.00000000		0.00000000		
94		0.00000000		0.00000000		-0.07838780		0.00000000		0.00000000		
95		0.00000000		0.00000000		-0.07847810		0.00000000		0.00000000		
96		0.00000000		0.00000000		-0.07848080		0.00000000		0.00000000		
97		0.00000000		0.00000000		-0.07848810		0.00000000		0.00000000		
98		0.00000000		0.00000000		-0.07856050		0.00000000		0.00000000		
99		0.00000000		0.00000000		-0.07863570		0.00000000		0.00000000		
100		0.00000000		0.00000000		-0.08361480		0.00000000		0.00000000		
101		0.00000000		0.00000000		-0.08330960		0.00000000		0.00000000		
102		0.00000000		0.00000000		-0.08369070		0.00000000		0.00000000		
103		0.00000000		0.00000000		-0.08375270		0.00000000		0.00000000		
104		0.00000000		0.00000000		-0.08380590		0.00000000		0.00000000		
105		0.00000000		0.00000000		-0.08303050		0.00000000		0.00000000		
106		0.00000000		0.00000000		-0.08327650		0.00000000		0.00000000		
107		0.00000000		0.00000000		-0.08332090		0.00000000		0.00000000		
108		0.00000000		0.00000000		-0.08336560		0.00000000		0.00000000		
109		0.00000000		0.00000000		-0.08335240		0.00000000		0.00000000		
110		0.00000000		0.00000000		-0.08343790		0.00000000		0.00000000		
111		0.00000000		0.00000000		-0.08846200		0.00000000		0.00000000		
112		0.00000000		0.00000000		-0.08851340		0.00000000		0.00000000		
113		0.00000000		0.00000000		-0.08842490		0.00000000		0.00000000		
114		0.00000000		0.00000000		-0.08846200		0.00000000		0.00000000		
115		0.00000000		0.00000000		-0.08859640		0.00000000		0.00000000		
116		0.00000000		0.00000000		-0.08866370		0.00000000		0.00000000		
117		0.00000000		0.00000000		-0.08868340		0.00000000		0.00000000		
118		0.00000000		0.00000000		-0.08813850		0.00000000		0.00000000		
119		0.00000000		0.00000000		-0.08814110		0.00000000		0.00000000		
120		0.00000000		0.00000000		-0.08823460		0.00000000		0.00000000		
121		0.00000000		0.00000000		-0.08825280		0.00000000		0.00000000		
122		0.00000000		0.00000000		-0.02749810		0.00000000		0.00000000		
123		0.00000000		0.00000000		-0.02768630		0.00000000		0.00000000		
124		0.00000000		0.00000000		-0.02770600		0.00000000		0.00000000		
125		0.00000000		0.00000000		-0.02765170		0.00000000		0.00000000		
126		0.00000000		0.00000000		-0.02762800		0.00000000		0.00000000		
127		0.00000000		0.00000000		-0.02776270		0.00000000		0.00000000		
128		0.00000000		0.00000000		-0.02777330		0.00000000		0.00000000		
129		0.00000000		0.00000000		-0.02777390		0.00000000		0.00000000		
130		0.00000000		0.00000000		-0.02771750		0.00000000		0.00000000		
131		0.00000000		0.00000000		-0.02762240		0.00000000		0.00000000		
132		0.00000000		0.00000000		-0.02768540		0.00000000		0.00000000		
133		0.00000000		0.00000000		-0.03293180		0.00000000		0.00000000		
134		0.00000000		0.00000000		-0.03288640		0.00000000		0.00000000		
135		0.00000000		0.00000000		-0.03289500		0.00000000		0.00000000		
136		0.00000000		0.00000000		-0.03290500		0.00000000		0.00000000		
137		0.00000000		0.00000000		-0.03290380		0.00000000		0.00000000		
138		0.00000000		0.00000000		-0.03291070		0.00000000		0.00000000		
139		0.00000000		0.00000000		-0.03288220		0.00000000		0.00000000		
140		0.00000000		0.00000000		-0.03288800		0.00000000		0.00000000		
141		0.00000000		0.00000000		-0.03303090		0.00000000		0.00000000		
142		0.00000000		0.00000000		-0.03287150		0.00000000		0.00000000		
143		0.00000000		0.00000000		-0.03299800		0.00000000		0.00000000		
144		0.00000000		0.00000000		-0.03687050		0.00000000		0.00000000		
145		0.00000000		0.00000000		-0.03689580		0.00000000		0.00000000		
146		0.00000000		0.00000000		-0.03685980		0.00000000		0.00000000		
147		0.00000000		0.00000000		-0.03685110		0.00000000		0.00000000		
148		0.00000000		0.00000000		-0.03681900		0.00000000		0.00000000		
149		0.00000000		0.00000000		-0.03694730		0.00000000		0.00000000		
150		0.00000000		0.00000000		-0.03708530		0.00000000		0.00000000		
151		0.00000000		0.00000000		-0.03704000		0.00000000		0.00000000		
152		0.00000000		0.00000000		-0.03704480		0.00000000		0.00000000		
153		0.00000000		0.00000000		-0.03704080		0.00000000		0.00000000		
154		0.00000000		0.00000000		-0.03710540		0.00000000		0.00000000		
155		0.00000000		0.00000000		-0.04058410		0.00000000		0.00000000		
156		0.00000000		0.00000000		-0.04057770		0.00000000		0.00000000		
157		0.00000000		0.00000000		-0.04082510		0.00000000		0.00000000		
158		0.00000000		0.00000000		-0.04081200		0.00000000		0.00000000		
159		0.00000000		0.00000000		-0.04066420		0.00000000		0.00000000		
160		0.00000000		0.00000000		-0.04065170		0.00000000		0.00000000		
161		0.00000000		0.00000000		-0.04066900		0.00000000		0.00000000		
162		0.00000000		0.00000000		-0.04069980		0.00000000		0.00000000		
163		0.00000000		0.00000000		-0.04069820		0.00000000		0.00000000		
164		0.00000000		0.00000000		-0.04070020		0.00000000		0.00000000		
165		0.00000000		0.00000000		-0.04067250		0.00000000		0.00000000		
166		0.00000000		0.00000000		-0.04406980		0.00000000		0.00000000		
167		0.00000000		0.00000000		-0.04409230		0.00000000		0.00000000		
168		0.00000000		0.00000000		-0.04408440		0.00000000		0.00000000		
169		0.00000000		0.00000000		-0.04412400		0.00000000		0.00000000		
170		0.00000000		0.00000000		-0.04409110		0.00000000		0.00000000		
171		0.00000000		0.00000000		-0.04424160		0.00000000		0.00000000		
172		0.00000000		0.00000000		-0.04427680		0.00000000		0.00000000		
173		0.00000000		0.00000000		-0.04426630		0.00000000		0.00000000		
174		0.00000000		0.00000000		-0.04431360		0.00000000		0.00000000		
175		0.00000000		0.00000000		-0.04433140		0.00000000		0.00000000		
176		0.00000000		0.00000000		-0.04432700		0.00000000		0.00000000		
177		0.00000000		0.00000000		-0.04763460		0.00000000		0.00000000		
178		0.00000000		0.00000000		-0.04782110		0.00000000		0.00000000		
179		0.00000000		0.00000000		-0.04771390		0.00000000		0.00000000		
180		0.00000000		0.00000000		-0.04775710		0.00000000		0.00000000		
181		0.00000000		0.00000000		-0.04780620		0.00000000		0.00000000		
182		0.00000000		0.00000000		-0.04777170		0.00000000		0.00000000		
183		0.00000000		0.00000000		-0.04786990		0.00000000		0.00000000		
184		0.00000000		0.00000000		-0.04783210		0.00000000		0.00000000		
185		0.00000000		0.00000000		-0.04785810		0.00000000		0.00000000		
186		0.00000000		0.00000000		-0.04789650		0.00000000		0.00000000		
187		0.00000000		0.00000000		-0.04795280		0.00000000		0.00000000		
188		0.00000000		0.00000000		-0.05110480		0.00000000		0.00000000		
189		0.00000000		0.00000000		-0.05117630		0.00000000		0.00000000		
190		0.00000000		0.00000000		-0.05121110		0.00000000		0.00000000		
191		0.00000000		0.00000000		-0.05118160		0.00000000		0.00000000		
192		0.00000000		0.00000000		-0.05114320		0.00000000		0.00000000		
193		0.00000000		0.00000000		-0.05118700		0.00000000		0.00000000		
194		0.00000000		0.00000000		-0.05114740		0.00000000		0.00000000		
195		0.00000000		0.00000000		-0.05112710		0.00000000		0.00000000		
196		0.00000000		0.00000000		-0.05112350		0.00000000		0.00000000		
197		0.00000000		0.00000000		-0.05117080		0.00000000		0.00000000		
198		0.00000000		0.00000000		-0.05121760		0.00000000		0.00000000		
199		0.00000000		0.00000000		-0.05455830		0.00000000		0.00000000		
200		0.00000000		0.00000000		-0.05450790		0.00000000		0.00000000		
201		0.00000000		0.00000000		-0.05459350		0.00000000		0.00000000		
202		0.00000000		0.00000000		-0.05461260		0.00000000		0.00000000		
203		0.00000000		0.00000000		-0.05462300		0.00000000		0.00000000		
204		0.00000000		0.00000000		-0.05465190		0.00000000		0.00000000		
205		0.00000000		0.00000000		-0.05448150		0.00000000		0.00000000		
206		0.00000000		0.00000000		-0.05444450		0.00000000		0.00000000		
207		0.00000000		0.00000000		-0.05435700		0.00000000		0.00000000		
208		0.00000000		0.00000000		-0.05442960		0.00000000		0.00000000		
209		0.00000000		0.00000000		-0.05442840		0.00000000		0.00000000		
210		0.00000000		0.00000000		-0.05815860		0.00000000		0.00000000		
211		0.00000000		0.00000000		-0.05791590		0.00000000		0.00000000		
212		0.00000000		0.00000000		-0.05794680		0.00000000		0.00000000		
213		0.00000000		0.00000000		-0.05786480		0.00000000		0.00000000		
214		0.00000000		0.00000000		-0.05778710		0.00000000		0.00000000		
215		0.00000000		0.00000000		-0.05783620		0.00000000		0.00000000		
216		0.00000000		0.00000000		-0.05785810		0.00000000		0.00000000		
217		0.00000000		0.00000000		-0.05810190		0.00000000		0.00000000		
218		0.00000000		0.00000000		-0.05797130		0.00000000		0.00000000		
219		0.00000000		0.00000000		-0.05785020		0.00000000		0.00000000		
220		0.00000000		0.00000000		-0.05798260		0.00000000		0.00000000		
221		0.00000000		0.00000000		-0.06122630		0.00000000		0.00000000		
222		0.00000000		0.00000000		-0.06124330		0.00000000		0.00000000		
223		0.00000000		0.00000000		-0.06135650		0.00000000		0.00000000		
224		0.00000000		0.00000000		-0.06128640		0.00000000		0.00000000		
225		0.00000000		0.00000000		-0.06131290		0.00000000		0.00000000		
226		0.00000000		0.00000000		-0.06123330		0.00000000		0.00000000		
227		0.00000000		0.00000000		-0.06114260		0.00000000		0.00000000		
228		0.00000000		0.00000000		-0.06118040		0.00000000		0.00000000		
229		0.00000000		0.00000000		-0.06123260		0.00000000		0.00000000		
230		0.00000000		0.00000000		-0.06125570		0.00000000		0.00000000		
231		0.00000000		0.00000000		-0.06120750		0.00000000		0.00000000		
232		0.00000000		0.00000000		-0.06448450		0.00000000		0.00000000		
233		0.00000000		0.00000000		-0.06448070		0.00000000		0.00000000		
234		0.00000000		0.00000000		-0.06456460		0.00000000		0.00000000		
235		0.00000000		0.00000000		-0.06456740		0.00000000		0.00000000		
236		0.00000000		0.00000000		-0.06460590		0.00000000		0.00000000		
237		0.00000000		0.00000000		-0.06456970		0.00000000		0.00000000		
238		0.00000000		0.00000000		-0.06435120		0.00000000		0.00000000		
239		0.00000000		0.00000000		-0.06439790		0.00000000		0.00000000		
240		0.00000000		0.00000000		-0.06438170		0.00000000		0.00000000		
241		0.00000000		0.00000000		-0.06445060		0.00000000		0.00000000		
242		0.00000000		0.00000000		-0.06449310		0.00000000		0.00000000		
243		0.00000000		0.00000000		-0.02505210		0.00000000		0.00000000		
244		0.00000000		0.00000000		-0.02512770		0.00000000		0.00000000		
245		0.00000000		0.00000000		-0.02510150		0.00000000		0.00000000		
246		0.00000000		0.00000000		-0.02511200		0.00000000		0.00000000		
247		0.00000000		0.00000000		-0.02508520		0.00000000		0.00000000		
248		0.00000000		0.00000000		-0.02505240		0.00000000		0.00000000		
249		0.00000000		0.00000000		-0.02519600		0.00000000		0.00000000		
250		0.00000000		0.00000000		-0.02520420		0.00000000		0.00000000		
251		0.00000000		0.00000000		-0.02519370		0.00000000		0.00000000		
252		0.00000000		0.00000000		-0.02518250		0.00000000		0.00000000		
253		0.00000000		0.00000000		-0.02505270		0.00000000		0.00000000		
254		0.00000000		0.00000000		-0.02926590		0.00000000		0.00000000		
255		0.00000000		0.00000000		-0.02933740		0.00000000		0.00000000		
256		0.00000000		0.00000000		-0.02931920		0.00000000		0.00000000		
257		0.00000000		0.00000000		-0.02935920		0.00000000		0.00000000		
258		0.00000000		0.00000000		-0.02938260		0.00000000		0.00000000		
259		0.00000000		0.00000000		-0.02939850		0.00000000		0.00000000		
260		0.00000000		0.00000000		-0.02943540		0.00000000		0.00000000		
261		0.00000000		0.00000000		-0.02943010		0.00000000		0.00000000		
262		0.00000000		0.00000000		-0.02941460		0.00000000		0.00000000		
263		0.00000000		0.00000000		-0.02938720		0.00000000		0.00000000		
264		0.00000000		0.00000000		-0.02939040		0.00000000		0.00000000		
265		0.00000000		0.00000000		-0.03272800		0.00000000		0.00000000		
266		0.00000000		0.00000000		-0.03268840		0.00000000		0.00000000		
267		0.00000000		0.00000000		-0.03270740		0.00000000		0.00000000		
268		0.00000000		0.00000000		-0.03269200		0.00000000		0.00000000		
269		0.00000000		0.00000000		-0.03266910		0.00000000		0.00000000		
270		0.00000000		0.00000000		-0.03258950		0.00000000		0.00000000		
271		0.00000000		0.00000000		-0.03257370		0.00000000		0.00000000		
272		0.00000000		0.00000000		-0.03257810		0.00000000		0.00000000		
273		0.00000000		0.00000000		-0.03259570		0.00000000		0.00000000		
274		0.00000000		0.00000000		-0.03254620		0.00000000		0.00000000		
275		0.00000000		0.00000000		-0.03259590		0.00000000		0.00000000		
276		0.00000000		0.00000000		-0.03531120		0.00000000		0.00000000		
277		0.00000000		0.00000000		-0.03532660		0.00000000		0.00000000		
278		0.00000000		0.00000000		-0.03534740		0.00000000		0.00000000		
279		0.00000000		0.00000000		-0.03536890		0.00000000		0.00000000		
280		0.00000000		0.00000000		-0.03548180		0.00000000		0.00000000		
281		0.00000000		0.00000000		-0.03544110		0.00000000		0.00000000		
282		0.00000000		0.00000000		-0.03547020		0.00000000		0.00000000		
283		0.00000000		0.00000000		-0.03545510		0.00000000		0.00000000		
284		0.00000000		0.00000000		-0.03551040		0.00000000		0.00000000		
285		0.00000000		0.00000000		-0.03551290		0.00000000		0.00000000		
286		0.00000000		0.00000000		-0.03549630		0.00000000		0.00000000		
287		0.00000000		0.00000000		-0.03827320		0.00000000		0.00000000		
288		0.00000000		0.00000000		-0.03813790		0.00000000		0.00000000		
289		0.00000000		0.00000000		-0.03818330		0.00000000		0.00000000		
290		0.00000000		0.00000000		-0.03820750		0.00000000		0.00000000		
291		0.00000000		0.00000000		-0.03818730		0.00000000		0.00000000		
292		0.00000000		0.00000000		-0.03819640		0.00000000		0.00000000		
293		0.00000000		0.00000000		-0.03829410		0.00000000		0.00000000		
294		0.00000000		0.00000000		-0.03815990		0.00000000		0.00000000		
295		0.00000000		0.00000000		-0.03810660		0.00000000		0.00000000		
296		0.00000000		0.00000000		-0.03810430		0.00000000		0.00000000		
297		0.00000000		0.00000000		-0.03809130		0.00000000		0.00000000		
298		0.00000000		0.00000000		-0.04075540		0.00000000		0.00000000		
299		0.00000000		0.00000000		-0.04070750		0.00000000		0.00000000		
300		0.00000000		0.00000000		-0.04081860		0.00000000		0.00000000		
301		0.00000000		0.00000000		-0.04086520		0.00000000		0.00000000		
302		0.00000000		0.00000000		-0.04086260		0.00000000		0.00000000		
303		0.00000000		0.00000000		-0.04089480		0.00000000		0.00000000		
304		0.00000000		0.00000000		-0.04089800		0.00000000		0.00000000		
305		0.00000000		0.00000000		-0.04080550		0.00000000		0.00000000		
306		0.00000000		0.00000000		-0.04072240		0.00000000		0.00000000		
307		0.00000000		0.00000000		-0.04077050		0.00000000		0.00000000		
308		0.00000000		0.00000000		-0.04075160		0.00000000		0.00000000		
309		0.00000000		0.00000000		-0.04344530		0.00000000		0.00000000		
310		0.00000000		0.00000000		-0.04337140		0.00000000		0.00000000		
311		0.00000000		0.00000000		-0.04343400		0.00000000		0.00000000		
312		0.00000000		0.00000000		-0.04337320		0.00000000		0.00000000		
313		0.00000000		0.00000000		-0.04344150		0.00000000		0.00000000		
314		0.00000000		0.00000000		-0.04348210		0.00000000		0.00000000		
315		0.00000000		0.00000000		-0.04348590		0.00000000		0.00000000		
316		0.00000000		0.00000000		-0.04347580		0.00000000		0.00000000		
317		0.00000000		0.00000000		-0.04352440		0.00000000		0.00000000		
318		0.00000000		0.00000000		-0.04348030		0.00000000		0.00000000		
319		0.00000000		0.00000000		-0.04347950		0.00000000		0.00000000		
320		0.00000000		0.00000000		-0.04587480		0.00000000		0.00000000		
321		0.00000000		0.00000000		-0.04591650		0.00000000		0.00000000		
322		0.00000000		0.00000000		-0.04590860		0.00000000		0.00000000		
323		0.00000000		0.00000000		-0.04590980		0.00000000		0.00000000		
324		0.00000000		0.00000000		-0.04600120		0.00000000		0.00000000		
325		0.00000000		0.00000000		-0.04596950		0.00000000		0.00000000		
326		0.00000000		0.00000000		-0.04595590		0.00000000		0.00000000		
327		0.00000000		0.00000000		-0.04599890		0.00000000		0.00000000		
328		0.00000000		0.00000000		-0.04602630		0.00000000		0.00000000		
329		0.00000000		0.00000000		-0.04601180		0.00000000		0.00000000		
330		0.00000000		0.00000000		-0.04598240		0.00000000		0.00000000		
331		0.00000000		0.00000000		-0.04838180		0.00000000		0.00000000		
332		0.00000000		0.00000000		-0.04846650		0.00000000		0.00000000		
333		0.00000000		0.00000000		-0.04847910		0.00000000		0.00000000		
334		0.00000000		0.00000000		-0.04832460		0.00000000		0.00000000		
335		0.00000000		0.00000000		-0.04836530		0.00000000		0.00000000		
336		0.00000000		0.00000000		-0.04835750		0.00000000		0.00000000		
337		0.00000000		0.00000000		-0.04841370		0.00000000		0.00000000		
338		0.00000000		0.00000000		-0.04831970		0.00000000		0.00000000		
339		0.00000000		0.00000000		-0.04833070		0.00000000		0.00000000		
340		0.00000000		0.00000000		-0.04837260		0.00000000		0.00000000		
341		0.00000000		0.00000000		-0.04842540		0.00000000		0.00000000		
342		0.00000000		0.00000000		-0.05058430		0.00000000		0.00000000		
343		0.00000000		0.00000000		-0.05063790		0.00000000		0.00000000		
344		0.00000000		0.00000000		-0.05081670		0.00000000		0.00000000		
345		0.00000000		0.00000000		-0.05079160		0.00000000		0.00000000		
346		0.00000000		0.00000000		-0.05089570		0.00000000		0.00000000		
347		0.00000000		0.00000000		-0.05074780		0.00000000		0.00000000		
348		0.00000000		0.00000000		-0.05068820		0.00000000		0.00000000		
349		0.00000000		0.00000000		-0.05087960		0.00000000		0.00000000		
350		0.00000000		0.00000000		-0.05078890		0.00000000		0.00000000		
351		0.00000000		0.00000000		-0.05082210		0.00000000		0.00000000		
352		0.00000000		0.00000000		-0.05082260		0.00000000		0.00000000		
353		0.00000000		0.00000000		-0.05317760		0.00000000		0.00000000		
354		0.00000000		0.00000000		-0.05315180		0.00000000		0.00000000		
355		0.00000000		0.00000000		-0.05310960		0.00000000		0.00000000		
356		0.00000000		0.00000000		-0.05324910		0.00000000		0.00000000		
357		0.00000000		0.00000000		-0.05333330		0.00000000		0.00000000		
358		0.00000000		0.00000000		-0.05338690		0.00000000		0.00000000		
359		0.00000000		0.00000000		-0.05343780		0.00000000		0.00000000		
360		0.00000000		0.00000000		-0.05320730		0.00000000		0.00000000		
361		0.00000000		0.00000000		-0.05320410		0.00000000		0.00000000		
362		0.00000000		0.00000000		-0.05324060		0.00000000		0.00000000		
363		0.00000000		0.00000000		-0.05310690		0.00000000		0.00000000		
364		0.00000000		0.00000000		-0.02382100		0.00000000		0.00000000		
365		0.00000000		0.00000000		-0.02383490		0.00000000		0.00000000		
366		0.00000000		0.00000000		-0.02382640		0.00000000		0.00000000		
367		0.00000000		0.00000000		-0.02379460		0.00000000		0.00000000		
368		0.00000000		0.00000000		-0.02380760		0.00000000		0.00000000		
369		0.00000000		0.00000000		-0.02380470		0.00000000		0.00000000		
370		0.00000000		0.00000000		-0.02382580		0.00000000		0.00000000		
371		0.00000000		0.00000000		-0.02382000		0.00000000		0.00000000		
372		0.00000000		0.00000000		-0.02382210		0.00000000		0.00000000		
373		0.00000000		0.00000000		-0.02384040		0.00000000		0.00000000		
374		0.00000000		0.00000000		-0.02383270		0.00000000		0.00000000		
375		0.00000000		0.00000000		-0.02748390		0.00000000		0.00000000		
376		0.00000000		0.00000000		-0.02749240		0.00000000		0.00000000		
377		0.00000000		0.00000000		-0.02756970		0.00000000		0.00000000		
378		0.00000000		0.00000000		-0.02758380		0.00000000		0.00000000		
379		0.00000000		0.00000000		-0.02759080		0.00000000		0.00000000		
380		0.00000000		0.00000000		-0.02758510		0.00000000		0.00000000		
381		0.00000000		0.00000000		-0.02757480		0.00000000		0.00000000		
382		0.00000000		0.00000000		-0.02757880		0.00000000		0.00000000		
383		0.00000000		0.00000000		-0.02749150		0.00000000		0.00000000		
384		0.00000000		0.00000000		-0.02749740		0.00000000		0.00000000		
385		0.00000000		0.00000000		-0.02749020		0.00000000		0.00000000		
386		0.00000000		0.00000000		-0.03041170		0.00000000		0.00000000		
387		0.00000000		0.00000000		-0.03038560		0.00000000		0.00000000		
388		0.00000000		0.00000000		-0.03041670		0.00000000		0.00000000		
389		0.00000000		0.00000000		-0.03037970		0.00000000		0.00000000		
390		0.00000000		0.00000000		-0.03041740		0.00000000		0.00000000		
391		0.00000000		0.00000000		-0.03036240		0.00000000		0.00000000		
392		0.00000000		0.00000000		-0.03038140		0.00000000		0.00000000		
393		0.00000000		0.00000000		-0.03040460		0.00000000		0.00000000		
394		0.00000000		0.00000000		-0.03045050		0.00000000		0.00000000		
395		0.00000000		0.00000000		-0.03041660		0.00000000		0.00000000		
396		0.00000000		0.00000000		-0.03058300		0.00000000		0.00000000		
397		0.00000000		0.00000000		-0.03275570		0.00000000		0.00000000		
398		0.00000000		0.00000000		-0.03276770		0.00000000		0.00000000		
399		0.00000000		0.00000000		-0.03282260		0.00000000		0.00000000		
400		0.00000000		0.00000000		-0.03281810		0.00000000		0.00000000		
401		0.00000000		0.00000000		-0.03286270		0.00000000		0.00000000		
402		0.00000000		0.00000000		-0.03284730		0.00000000		0.00000000		
403		0.00000000		0.00000000		-0.03279560		0.00000000		0.00000000		
404		0.00000000		0.00000000		-0.03282660		0.00000000		0.00000000		
405		0.00000000		0.00000000		-0.03278640		0.00000000		0.00000000		
406		0.00000000		0.00000000		-0.03282880		0.00000000		0.00000000		
407		0.00000000		0.00000000		-0.03284580		0.00000000		0.00000000		
408		0.00000000		0.00000000		-0.03503770		0.00000000		0.00000000		
409		0.00000000		0.00000000		-0.03499040		0.00000000		0.00000000		
410		0.00000000		0.00000000		-0.03509460		0.00000000		0.00000000		
411		0.00000000		0.00000000		-0.03501610		0.00000000		0.00000000		
412		0.00000000		0.00000000		-0.03506050		0.00000000		0.00000000		
413		0.00000000		0.00000000		-0.03507450		0.00000000		0.00000000		
414		0.00000000		0.00000000		-0.03510610		0.00000000		0.00000000		
415		0.00000000		0.00000000		-0.03510790		0.00000000		0.00000000		
416		0.00000000		0.00000000		-0.03503290		0.00000000		0.00000000		
417		0.00000000		0.00000000		-0.03512880		0.00000000		0.00000000		
418		0.00000000		0.00000000		-0.03511610		0.00000000		0.00000000		
419		0.00000000		0.00000000		-0.03715770		0.00000000		0.00000000		
420		0.00000000		0.00000000		-0.03715890		0.00000000		0.00000000		
421		0.00000000		0.00000000		-0.03713440		0.00000000		0.00000000		
422		0.00000000		0.00000000		-0.03704770		0.00000000		0.00000000		
423		0.00000000		0.00000000		-0.03713670		0.00000000		0.00000000		
424		0.00000000		0.00000000		-0.03716220		0.00000000		0.00000000		
425		0.00000000		0.00000000		-0.03716370		0.00000000		0.00000000		
426		0.00000000		0.00000000		-0.03718730		0.00000000		0.00000000		
427		0.00000000		0.00000000		-0.03723240		0.00000000		0.00000000		
428		0.00000000		0.00000000		-0.03723270		0.00000000		0.00000000		
429		0.00000000		0.00000000		-0.03718290		0.00000000		0.00000000		
430		0.00000000		0.00000000		-0.03944860		0.00000000		0.00000000		
431		0.00000000		0.00000000		-0.03937690		0.00000000		0.00000000		
432		0.00000000		0.00000000		-0.03947350		0.00000000		0.00000000		
433		0.00000000		0.00000000		-0.03937120		0.00000000		0.00000000		
434		0.00000000		0.00000000		-0.03926970		0.00000000		0.00000000		
435		0.00000000		0.00000000		-0.03932220		0.00000000		0.00000000		
436		0.00000000		0.00000000		-0.03934070		0.00000000		0.00000000		
437		0.00000000		0.00000000		-0.03938480		0.00000000		0.00000000		
438		0.00000000		0.00000000		-0.03940570		0.00000000		0.00000000		
439		0.00000000		0.00000000		-0.03941130		0.00000000		0.00000000		
440		0.00000000		0.00000000		-0.03943890		0.00000000		0.00000000		
441		0.00000000		0.00000000		-0.04141820		0.00000000		0.00000000		
442		0.00000000		0.00000000		-0.04140870		0.00000000		0.00000000		
443		0.00000000		0.00000000		-0.04139310		0.00000000		0.00000000		
444		0.00000000		0.00000000		-0.04145300		0.00000000		0.00000000		
445		0.00000000		0.00000000		-0.04138640		0.00000000		0.00000000		
446		0.00000000		0.00000000		-0.04141020		0.00000000		0.00000000		
447		0.00000000		0.00000000		-0.04139210		0.00000000		0.00000000		
448		0.00000000		0.00000000		-0.04147680		0.00000000		0.00000000		
449		0.00000000		0.00000000		-0.04148870		0.00000000		0.00000000		
450		0.00000000		0.00000000		-0.04152320		0.00000000		0.00000000		
451		0.00000000		0.00000000		-0.04158370		0.00000000		0.00000000		
452		0.00000000		0.00000000		-0.04330610		0.00000000		0.00000000		
453		0.00000000		0.00000000		-0.04332530		0.00000000		0.00000000		
454		0.00000000		0.00000000		-0.04330920		0.00000000		0.00000000		
455		0.00000000		0.00000000		-0.04331780		0.00000000		0.00000000		
456		0.00000000		0.00000000		-0.04338780		0.00000000		0.00000000		
457		0.00000000		0.00000000		-0.04341190		0.00000000		0.00000000		
458		0.00000000		0.00000000		-0.04339430		0.00000000		0.00000000		
459		0.00000000		0.00000000		-0.04346640		0.00000000		0.00000000		
460		0.00000000		0.00000000		-0.04343540		0.00000000		0.00000000		
461		0.00000000		0.00000000		-0.04347400		0.00000000		0.00000000		
462		0.00000000		0.00000000		-0.04351100		0.00000000		0.00000000		
463		0.00000000		0.00000000		-0.04532920		0.00000000		0.00000000		
464		0.00000000		0.00000000		-0.04528340		0.00000000		0.00000000		
465		0.00000000		0.00000000		-0.04526850		0.00000000		0.00000000		
466		0.00000000		0.00000000		-0.04533870		0.00000000		0.00000000		
467		0.00000000		0.00000000		-0.04530910		0.00000000		0.00000000		
468		0.00000000		0.00000000		-0.04541940		0.00000000		0.00000000		
469		0.00000000		0.00000000		-0.04539530		0.00000000		0.00000000		
470		0.00000000		0.00000000		-0.04542460		0.00000000		0.00000000		
471		0.00000000		0.00000000		-0.04540530		0.00000000		0.00000000		
472		0.00000000		0.00000000		-0.04540910		0.00000000		0.00000000		
473		0.00000000		0.00000000		-0.04542380		0.00000000		0.00000000		
474		0.00000000		0.00000000		-0.04720140		0.00000000		0.00000000		
475		0.00000000		0.00000000		-0.04722060		0.00000000		0.00000000		
476		0.00000000		0.00000000		-0.04719150		0.00000000		0.00000000		
477		0.00000000		0.00000000		-0.04714850		0.00000000		0.00000000		
478		0.00000000		0.00000000		-0.04718380		0.00000000		0.00000000		
479		0.00000000		0.00000000		-0.04734870		0.00000000		0.00000000		
480		0.00000000		0.00000000		-0.04739580		0.00000000		0.00000000		
481		0.00000000		0.00000000		-0.04732590		0.00000000		0.00000000		
482		0.00000000		0.00000000		-0.04729420		0.00000000		0.00000000		
483		0.00000000		0.00000000		-0.04733260		0.00000000		0.00000000		
484		0.00000000		0.00000000		-0.04731320		0.00000000		0.00000000		
485		0.00000000		0.00000000		-0.02306050		0.00000000		0.00000000		
486		0.00000000		0.00000000		-0.02306860		0.00000000		0.00000000		
487		0.00000000		0.00000000		-0.02307120		0.00000000		0.00000000		
488		0.00000000		0.00000000		-0.02318650		0.00000000		0.00000000		
489		0.00000000		0.00000000		-0.02316190		0.00000000		0.00000000		
490		0.00000000		0.00000000		-0.02315290		0.00000000		0.00000000		
491		0.00000000		0.00000000		-0.02315400		0.00000000		0.00000000		
492		0.00000000		0.00000000		-0.02316370		0.00000000		0.00000000		
493		0.00000000		0.00000000		-0.02318230		0.00000000		0.00000000		
494		0.00000000		0.00000000		-0.02326680		0.00000000		0.00000000		
495		0.00000000		0.00000000		-0.02326600		0.00000000		0.00000000		
496		0.00000000		0.00000000		-0.02654160		0.00000000		0.00000000		
497		0.00000000		0.00000000		-0.02654510		0.00000000		0.00000000		
498		0.00000000		0.00000000		-0.02651190		0.00000000		0.00000000		
499		0.00000000		0.00000000		-0.02655080		0.00000000		0.00000000		
500		0.00000000		0.00000000		-0.02656830		0.00000000		0.00000000		
501		0.00000000		0.00000000		-0.02650200		0.00000000		0.00000000		
502		0.00000000		0.00000000		-0.02648610		0.00000000		0.00000000		
503		0.00000000		0.00000000		-0.02655510		0.00000000		0.00000000		
504		0.00000000		0.00000000		-0.02668990		0.00000000		0.00000000		
505		0.00000000		0.00000000		-0.02673870		0.00000000		0.00000000		
506		0.00000000		0.00000000		-0.02672410		0.00000000		0.00000000		
507		0.00000000		0.00000000		-0.02904860		0.00000000		0.00000000		
508		0.00000000		0.00000000		-0.02911360		0.00000000		0.00000000		
509		0.00000000		0.00000000		-0.02914490		0.00000000		0.00000000		
510		0.00000000		0.00000000		-0.02925050		0.00000000		0.00000000		
511		0.00000000		0.00000000		-0.02926930		0.00000000		0.00000000		
512		0.00000000		0.00000000		-0.02928160		0.00000000		0.00000000		
513		0.00000000		0.00000000		-0.02933620		0.00000000		0.00000000		
514		0.00000000		0.00000000		-0.02930180		0.00000000		0.00000000		
515		0.00000000		0.00000000		-0.02938400		0.00000000		0.00000000		
516		0.00000000		0.00000000		-0.02942640		0.00000000		0.00000000		
517		0.00000000		0.00000000		-0.02943090		0.00000000		0.00000000		
518		0.00000000		0.00000000		-0.03127840		0.00000000		0.00000000		
519		0.00000000		0.00000000		-0.03127340		0.00000000		0.00000000		
520		0.00000000		0.00000000		-0.03131500		0.00000000		0.00000000		
521		0.00000000		0.00000000		-0.03124470		0.00000000		0.00000000		
522		0.00000000		0.00000000		-0.03140370		0.00000000		0.00000000		
523		0.00000000		0.00000000		-0.03139710		0.00000000		0.00000000		
524		0.00000000		0.00000000		-0.03140550		0.00000000		0.00000000		
525		0.00000000		0.00000000		-0.03141520		0.00000000		0.00000000		
526		0.00000000		0.00000000		-0.03145330		0.00000000		0.00000000		
527		0.00000000		0.00000000		-0.03141400		0.00000000		0.00000000		
528		0.00000000		0.00000000		-0.03150240		0.00000000		0.00000000		
529		0.00000000		0.00000000		-0.03334710		0.00000000		0.00000000		
530		0.00000000		0.00000000		-0.03332990		0.00000000		0.00000000		
531		0.00000000		0.00000000		-0.03332700		0.00000000		0.00000000		
532		0.00000000		0.00000000		-0.03342640		0.00000000		0.00000000		
533		0.00000000		0.00000000		-0.03345820		0.00000000		0.00000000		
534		0.00000000		0.00000000		-0.03335410		0.00000000		0.00000000		
535		0.00000000		0.00000000		-0.03335370		0.00000000		0.00000000		
536		0.00000000		0.00000000		-0.03340000		0.00000000		0.00000000		
537		0.00000000		0.00000000		-0.03349480		0.00000000		0.00000000		
538		0.00000000		0.00000000		-0.03350240		0.00000000		0.00000000		
539		0.00000000		0.00000000		-0.03348910		0.00000000		0.00000000		
540		0.00000000		0.00000000		-0.03523440		0.00000000		0.00000000		
541		0.00000000		0.00000000		-0.03525260		0.00000000		0.00000000		
542		0.00000000		0.00000000		-0.03521630		0.00000000		0.00000000		
543		0.00000000		0.00000000		-0.03516890		0.00000000		0.00000000		
544		0.00000000		0.00000000		-0.03523660		0.00000000		0.00000000		
545		0.00000000		0.00000000		-0.03530420		0.00000000		0.00000000		
546		0.00000000		0.00000000		-0.03532210		0.00000000		0.00000000		
547		0.00000000		0.00000000		-0.03533760		0.00000000		0.00000000		
548		0.00000000		0.00000000		-0.03534580		0.00000000		0.00000000		
549		0.00000000		0.00000000		-0.03544750		0.00000000		0.00000000		
550		0.00000000		0.00000000		-0.03533860		0.00000000		0.00000000		
551		0.00000000		0.00000000		-0.03718990		0.00000000		0.00000000		
552		0.00000000		0.00000000		-0.03719730		0.00000000		0.00000000		
553		0.00000000		0.00000000		-0.03718730		0.00000000		0.00000000		
554		0.00000000		0.00000000		-0.03723210		0.00000000		0.00000000		
555		0.00000000		0.00000000		-0.03709580		0.00000000		0.00000000		
556		0.00000000		0.00000000		-0.03715650		0.00000000		0.00000000		
557		0.00000000		0.00000000		-0.03719000		0.00000000		0.00000000		
558		0.00000000		0.00000000		-0.03721500		0.00000000		0.00000000		
559		0.00000000		0.00000000		-0.03724380		0.00000000		0.00000000		
560		0.00000000		0.00000000		-0.03725240		0.00000000		0.00000000		
561		0.00000000		0.00000000		-0.03724640		0.00000000		0.00000000		
562		0.00000000		0.00000000		-0.03895990		0.00000000		0.00000000		
563		0.00000000		0.00000000		-0.03898250		0.00000000		0.00000000		
564		0.00000000		0.00000000		-0.03898660		0.00000000		0.00000000		
565		0.00000000		0.00000000		-0.03893740		0.00000000		0.00000000		
566		0.00000000		0.00000000		-0.03895660		0.00000000		0.00000000		
567		0.00000000		0.00000000		-0.03895030		0.00000000		0.00000000		
568		0.00000000		0.00000000		-0.03900400		0.00000000		0.00000000		
569		0.00000000		0.00000000		-0.03896820		0.00000000		0.00000000		
570		0.00000000		0.00000000		-0.03897590		0.00000000		0.00000000		
571		0.00000000		0.00000000		-0.03897590		0.00000000		0.00000000		
572		0.00000000		0.00000000		-0.03902730		0.00000000		0.00000000		
573		0.00000000		0.00000000		-0.04055890		0.00000000		0.00000000		
574		0.00000000		0.00000000		-0.04062920		0.00000000		0.00000000		
575		0.00000000		0.00000000		-0.04065620		0.00000000		0.00000000		
576		0.00000000		0.00000000		-0.04067010		0.00000000		0.00000000		
577		0.00000000		0.00000000		-0.04068250		0.00000000		0.00000000		
578		0.00000000		0.00000000		-0.04066780		0.00000000		0.00000000		
579		0.00000000		0.00000000		-0.04070780		0.00000000		0.00000000		
580		0.00000000		0.00000000		-0.04082830		0.00000000		0.00000000		
581		0.00000000		0.00000000		-0.04076010		0.00000000		0.00000000		
582		0.00000000		0.00000000		-0.04076750		0.00000000		0.00000000		
583		0.00000000		0.00000000		-0.04070170		0.00000000		0.00000000		
584		0.00000000		0.00000000		-0.04228320		0.00000000		0.00000000		
585		0.00000000		0.00000000		-0.04228170		0.00000000		0.00000000		
586		0.00000000		0.00000000		-0.04225630		0.00000000		0.00000000		
587		0.00000000		0.00000000		-0.04227570		0.00000000		0.00000000		
588		0.00000000		0.00000000		-0.04232180		0.00000000		0.00000000		
589		0.00000000		0.00000000		-0.04237870		0.00000000		0.00000000		
590		0.00000000		0.00000000		-0.04241390		0.00000000		0.00000000		
591		0.00000000		0.00000000		-0.04240200		0.00000000		0.00000000		
592		0.00000000		0.00000000		-0.04249480		0.00000000		0.00000000		
593		0.00000000		0.00000000		-0.04247900		0.00000000		0.00000000		
594		0.00000000		0.00000000		-0.04250170		0.00000000		0.00000000		
595		0.00000000		0.00000000		-0.04392430		0.00000000		0.00000000		
596		0.00000000		0.00000000		-0.04394360		0.00000000		0.00000000		
597		0.00000000		0.00000000		-0.04394520		0.00000000		0.00000000		
598		0.00000000		0.00000000		-0.04395040		0.00000000		0.00000000		
599		0.00000000		0.00000000		-0.04391190		0.00000000		0.00000000		
600		0.00000000		0.00000000		-0.04399540		0.00000000		0.00000000		
601		0.00000000		0.00000000		-0.04402770		0.00000000		0.00000000		
602		0.00000000		0.00000000		-0.04414890		0.00000000		0.00000000		
603		0.00000000		0.00000000		-0.04404860		0.00000000		0.00000000		
604		0.00000000		0.00000000		-0.04407830		0.00000000		0.00000000		
605		0.00000000		0.00000000		-0.04406460		0.00000000		0.00000000		
606		0.00000000		0.00000000		-0.02357720		0.00000000		0.00000000		
607		0.00000000		0.00000000		-0.02360200		0.00000000		0.00000000		
608		0.00000000		0.00000000		-0.02358490		0.00000000		0.00000000		
609		0.00000000		0.00000000		-0.02375660		0.00000000		0.00000000		
610		0.00000000		0.00000000		-0.02381750		0.00000000		0.00000000		
611		0.00000000		0.00000000		-0.02382930		0.00000000		0.00000000		
612		0.00000000		0.00000000		-0.02394270		0.00000000		0.00000000		
613		0.00000000		0.00000000		-0.02394670		0.00000000		0.00000000		
614		0.00000000		0.00000000		-0.02397120		0.00000000		0.00000000		
615		0.00000000		0.00000000		-0.02380800		0.00000000		0.00000000		
616		0.00000000		0.00000000		-0.02382320		0.00000000		0.00000000		
617		0.00000000		0.00000000		-0.02689990		0.00000000		0.00000000		
618		0.00000000		0.00000000		-0.02690060		0.00000000		0.00000000		
619		0.00000000		0.00000000		-0.02697370		0.00000000		0.00000000		
620		0.00000000		0.00000000		-0.02708180		0.00000000		0.00000000		
621		0.00000000		0.00000000		-0.02707040		0.00000000		0.00000000		
622		0.00000000		0.00000000		-0.02706390		0.00000000		0.00000000		
623		0.00000000		0.00000000		-0.02708210		0.00000000		0.00000000		
624		0.00000000		0.00000000		-0.02724050		0.00000000		0.00000000		
625		0.00000000		0.00000000		-0.02715100		0.00000000		0.00000000		
626		0.00000000		0.00000000		-0.02722310		0.00000000		0.00000000		
627		0.00000000		0.00000000		-0.02721020		0.00000000		0.00000000		
628		0.00000000		0.00000000		-0.02947750		0.00000000		0.00000000		
629		0.00000000		0.00000000		-0.02945730		0.00000000		0.00000000		
630		0.00000000		0.00000000		-0.02946440		0.00000000		0.00000000		
631		0.00000000		0.00000000		-0.02944480		0.00000000		0.00000000		
632		0.00000000		0.00000000		-0.02955830		0.00000000		0.00000000		
633		0.00000000		0.00000000		-0.02955870		0.00000000		0.00000000		
634		0.00000000		0.00000000		-0.02959100		0.00000000		0.00000000		
635		0.00000000		0.00000000		-0.02960210		0.00000000		0.00000000		
636		0.00000000		0.00000000		-0.02962030		0.00000000		0.00000000		
637		0.00000000		0.00000000		-0.02962530		0.00000000		0.00000000		
638		0.00000000		0.00000000		-0.02963860		0.00000000		0.00000000		
639		0.00000000		0.00000000		-0.03146900		0.00000000		0.00000000		
640		0.00000000		0.00000000		-0.03150020		0.00000000		0.00000000		
641		0.00000000		0.00000000		-0.03149110		0.00000000		0.00000000		
642		0.00000000		0.00000000		-0.03145490		0.00000000		0.00000000		
643		0.00000000		0.00000000		-0.03154340		0.00000000		0.00000000		
644		0.00000000		0.00000000		-0.03154890		0.00000000		0.00000000		
645		0.00000000		0.00000000		-0.03152860		0.00000000		0.00000000		
646		0.00000000		0.00000000		-0.03165690		0.00000000		0.00000000		
647		0.00000000		0.00000000		-0.03171840		0.00000000		0.00000000		
648		0.00000000		0.00000000		-0.03163760		0.00000000		0.00000000		
649		0.00000000		0.00000000		-0.03172400		0.00000000		0.00000000		
650		0.00000000		0.00000000		-0.03337430		0.00000000		0.00000000		
651		0.00000000		0.00000000		-0.03332820		0.00000000		0.00000000		
652		0.00000000		0.00000000		-0.03322110		0.00000000		0.00000000		
653		0.00000000		0.00000000		-0.03333620		0.00000000		0.00000000		
654		0.00000000		0.00000000		-0.03332580		0.00000000		0.00000000		
655		0.00000000		0.00000000		-0.03341970		0.00000000		0.00000000		
656		0.00000000		0.00000000		-0.03353040		0.00000000		0.00000000		
657		0.00000000		0.00000000		-0.03352830		0.00000000		0.00000000		
658		0.00000000		0.00000000		-0.03354690		0.00000000		0.00000000		
659		0.00000000		0.00000000		-0.03357810		0.00000000		0.00000000		
660		0.00000000		0.00000000		-0.03355690		0.00000000		0.00000000		
661		0.00000000		0.00000000		-0.03500940		0.00000000		0.00000000		
662		0.00000000		0.00000000		-0.03498460		0.00000000		0.00000000		
663		0.00000000		0.00000000		-0.03502030		0.00000000		0.00000000		
664		0.00000000		0.00000000		-0.03503590		0.00000000		0.00000000		
665		0.00000000		0.00000000		-0.03500500		0.00000000		0.00000000		
666		0.00000000		0.00000000		-0.03494340		0.00000000		0.00000000		
667		0.00000000		0.00000000		-0.03503640		0.00000000		0.00000000		
668		0.00000000		0.00000000		-0.03514170		0.00000000		0.00000000		
669		0.00000000		0.00000000		-0.03514140		0.00000000		0.00000000		
670		0.00000000		0.00000000		-0.03513880		0.00000000		0.00000000		
671		0.00000000		0.00000000		-0.03513020		0.00000000		0.00000000		
672		0.00000000		0.00000000		-0.03667570		0.00000000		0.00000000		
673		0.00000000		0.00000000		-0.03670560		0.00000000		0.00000000		
674		0.00000000		0.00000000		-0.03665650		0.00000000		0.00000000		
675		0.00000000		0.00000000		-0.03661150		0.00000000		0.00000000		
676		0.00000000		0.00000000		-0.03661300		0.00000000		0.00000000		
677		0.00000000		0.00000000		-0.03660390		0.00000000		0.00000000		
678		0.00000000		0.00000000		-0.03664920		0.00000000		0.00000000		
679		0.00000000		0.00000000		-0.03658570		0.00000000		0.00000000		
680		0.00000000		0.00000000		-0.03660000		0.00000000		0.00000000		
681		0.00000000		0.00000000		-0.03665290		0.00000000		0.00000000		
682		0.00000000		0.00000000		-0.03665580		0.00000000		0.00000000		
683		0.00000000		0.00000000		-0.03827870		0.00000000		0.00000000		
684		0.00000000		0.00000000		-0.03841770		0.00000000		0.00000000		
685		0.00000000		0.00000000		-0.03829190		0.00000000		0.00000000		
686		0.00000000		0.00000000		-0.03823080		0.00000000		0.00000000		
687		0.00000000		0.00000000		-0.03828460		0.00000000		0.00000000		
688		0.00000000		0.00000000		-0.03828120		0.00000000		0.00000000		
689		0.00000000		0.00000000		-0.03826300		0.00000000		0.00000000		
690		0.00000000		0.00000000		-0.03820730		0.00000000		0.00000000		
691		0.00000000		0.00000000		-0.03828160		0.00000000		0.00000000		
692		0.00000000		0.00000000		-0.03821000		0.00000000		0.00000000		
693		0.00000000		0.00000000		-0.03826720		0.00000000		0.00000000		
694		0.00000000		0.00000000		-0.03969770		0.00000000		0.00000000		
695		0.00000000		0.00000000		-0.03971030		0.00000000		0.00000000		
696		0.00000000		0.00000000		-0.03985490		0.00000000		0.00000000		
697		0.00000000		0.00000000		-0.03989440		0.00000000		0.00000000		
698		0.00000000		0.00000000		-0.03991430		0.00000000		0.00000000		
699		0.00000000		0.00000000		-0.03995920		0.00000000		0.00000000		
700		0.00000000		0.00000000		-0.04005580		0.00000000		0.00000000		
701		0.00000000		0.00000000		-0.04002580		0.00000000		0.00000000		
702		0.00000000		0.00000000		-0.04002280		0.00000000		0.00000000		
703		0.00000000		0.00000000		-0.03993940		0.00000000		0.00000000		
704		0.00000000		0.00000000		-0.03999980		0.00000000		0.00000000		
705		0.00000000		0.00000000		-0.04110650		0.00000000		0.00000000		
706		0.00000000		0.00000000		-0.04108930		0.00000000		0.00000000		
707		0.00000000		0.00000000		-0.04115730		0.00000000		0.00000000		
708		0.00000000		0.00000000		-0.04123990		0.00000000		0.00000000		
709		0.00000000		0.00000000		-0.04127610		0.00000000		0.00000000		
710		0.00000000		0.00000000		-0.04130980		0.00000000		0.00000000		
711		0.00000000		0.00000000		-0.04136990		0.00000000		0.00000000		
712		0.00000000		0.00000000		-0.04146030		0.00000000		0.00000000		
713		0.00000000		0.00000000		-0.04147250		0.00000000		0.00000000		
714		0.00000000		0.00000000		-0.04141500		0.00000000		0.00000000		
715		0.00000000		0.00000000		-0.04140830		0.00000000		0.00000000		
716		0.00000000		0.00000000		-0.04248980		0.00000000		0.00000000		
717		0.00000000		0.00000000		-0.04250520		0.00000000		0.00000000		
718		0.00000000		0.00000000		-0.04250650		0.00000000		0.00000000		
719		0.00000000		0.00000000		-0.04266580		0.00000000		0.00000000		
720		0.00000000		0.00000000		-0.04258680		0.00000000		0.00000000		
721		0.00000000		0.00000000		-0.04267930		0.00000000		0.00000000		
722		0.00000000		0.00000000		-0.04270190		0.00000000		0.00000000		
723		0.00000000		0.00000000		-0.04274700		0.00000000		0.00000000		
724		0.00000000		0.00000000		-0.04283960		0.00000000		0.00000000		
725		0.00000000		0.00000000		-0.04285440		0.00000000		0.00000000		
726		0.00000000		0.00000000		-0.04280570		0.00000000		0.00000000		
