c1
4
-0.44701 1.1155
0.44701 1.1155
0.45299 1.2145
-0.45299 1.2145

5
botleft
4
-1.895 -0.001
0 -0.001
0 0.001
-1.895 0.001

botright
4
0 -0.001
1.535 -0.001
1.535 0.001
0 0.001

lEnv
4
-1.39201 1.1155
-0.49799 1.1155
-0.49201 1.2145
-1.39799 1.2145

c2
4
0.90299 1.1155
0.94201 1.1155
0.94799 1.2145
0.89701 1.2145

rEnv
4
0.99299 1.1155
1.03201 1.1155
1.03799 1.2145
0.98701 1.2145


57
FOXA+FOXB+TOX
5
-1.895 0.001
0 0.001
1.535 0.001
1.535 0.2665
-1.895 0.2665
4

ILD1a
4
-1.895 0.2665
1.535 0.2665
1.535 0.2765
-1.895 0.2765
7

ILD1b1+ILD1b2+ILD1b3
4
-1.895 0.2765
1.535 0.2765
1.535 0.3955
-1.895 0.3955
4

IMD1a
4
-1.895 0.3955
1.535 0.3955
1.535 0.4065
-1.895 0.4065
5.2

IMD1b
4
-1.895 0.4065
1.535 0.4065
1.535 0.4665
-1.895 0.4665
2.8

IMD2a
4
-1.895 0.4665
1.535 0.4665
1.535 0.4875
-1.895 0.4875
5.2

IMD2b
4
-1.895 0.4875
1.535 0.4875
1.535 0.5025
-1.895 0.5025
4.2

IMD2c
4
-1.895 0.5025
1.535 0.5025
1.535 0.5265
-1.895 0.5265
3.28

IMD2d1+IMD2d2
4
-1.895 0.5265
1.535 0.5265
1.535 0.6535
-1.895 0.6535
2.65

IMD3a
4
-1.895 0.6535
1.535 0.6535
1.535 0.6745
-1.895 0.6745
5.2

IMD3b
4
-1.895 0.6745
1.535 0.6745
1.535 0.6895
-1.895 0.6895
4.2

IMD3c
4
-1.895 0.6895
1.535 0.6895
1.535 0.7135
-1.895 0.7135
3.28

IMD3d1+IMD3d2
4
-1.895 0.7135
1.535 0.7135
1.535 0.8405
-1.895 0.8405
2.65

IMD4a
4
-1.895 0.8405
1.535 0.8405
1.535 0.8615
-1.895 0.8615
5.2

IMD4b
4
-1.895 0.8615
1.535 0.8615
1.535 0.8765
-1.895 0.8765
4.2

IMD4c
4
-1.895 0.8765
1.535 0.8765
1.535 0.9005
-1.895 0.9005
3.28

IMD4d1+IMD4d2
4
-1.895 0.9005
1.535 0.9005
1.535 1.0275
-1.895 1.0275
2.65

IMD5a
4
-1.895 1.0275
1.535 1.0275
1.535 1.0485
-1.895 1.0485
5.2

IMD5b
4
-1.895 1.0485
1.535 1.0485
1.535 1.0635
-1.895 1.0635
4.2

IMD5c
4
-1.895 1.0635
1.535 1.0635
1.535 1.0875
-1.895 1.0875
3.28

IMD5d1
12
-1.895 1.0875
1.535 1.0875
1.535 1.1055
1.041424 1.1055
0.983576 1.1055
0.951424 1.1055
0.893576 1.1055
0.456424 1.1055
-0.456424 1.1055
-0.488576 1.1055
-1.401424 1.1055
-1.895 1.1055
2.65

IMD5d1
4
-1.895 1.1055
-1.401424 1.1055
-1.402028 1.1155
-1.895 1.1155
2.65

IMD5d1_damage
8
-1.401424 1.1055
-0.488576 1.1055
-0.487972 1.1155
-0.492981 1.1155
-0.49799 1.1155
-1.39201 1.1155
-1.397019 1.1155
-1.402028 1.1155
3.1

IMD5d1
4
-0.488576 1.1055
-0.456424 1.1055
-0.457028 1.1155
-0.487972 1.1155
2.65

IMD5d1_damage
8
-0.456424 1.1055
0.456424 1.1055
0.457028 1.1155
0.452019 1.1155
0.44701 1.1155
-0.44701 1.1155
-0.452019 1.1155
-0.457028 1.1155
3.1

IMD5d1
4
0.456424 1.1055
0.893576 1.1055
0.892972 1.1155
0.457028 1.1155
2.65

IMD5d1_damage
8
0.893576 1.1055
0.951424 1.1055
0.952028 1.1155
0.947019 1.1155
0.94201 1.1155
0.90299 1.1155
0.897981 1.1155
0.892972 1.1155
3.1

IMD5d1
4
0.951424 1.1055
0.983576 1.1055
0.982972 1.1155
0.952028 1.1155
2.65

IMD5d1_damage
8
0.983576 1.1055
1.041424 1.1055
1.042028 1.1155
1.037019 1.1155
1.03201 1.1155
0.99299 1.1155
0.987981 1.1155
0.982972 1.1155
3.1

IMD5d1
4
1.041424 1.1055
1.535 1.1055
1.535 1.1155
1.042028 1.1155
2.65

IMD5d2
5
-1.895 1.1155
-1.402028 1.1155
-1.397019 1.1155
-1.402999 1.2145
-1.895 1.2145
2.65

IMD5d2_damage
4
-1.397019 1.1155
-1.39201 1.1155
-1.39799 1.2145
-1.402999 1.2145
2.9

IMD5d2_damage
4
-0.49799 1.1155
-0.492981 1.1155
-0.487001 1.2145
-0.49201 1.2145
2.9

IMD5d2
6
-0.492981 1.1155
-0.487972 1.1155
-0.457028 1.1155
-0.452019 1.1155
-0.457999 1.2145
-0.487001 1.2145
2.65

IMD5d2_damage
4
-0.452019 1.1155
-0.44701 1.1155
-0.45299 1.2145
-0.457999 1.2145
2.9

IMD5d2_damage
4
0.44701 1.1155
0.452019 1.1155
0.457999 1.2145
0.45299 1.2145
2.9

IMD5d2
6
0.452019 1.1155
0.457028 1.1155
0.892972 1.1155
0.897981 1.1155
0.892001 1.2145
0.457999 1.2145
2.65

IMD5d2_damage
4
0.897981 1.1155
0.90299 1.1155
0.89701 1.2145
0.892001 1.2145
2.9

IMD5d2_damage
4
0.94201 1.1155
0.947019 1.1155
0.952999 1.2145
0.94799 1.2145
2.9

IMD5d2
6
0.947019 1.1155
0.952028 1.1155
0.982972 1.1155
0.987981 1.1155
0.982001 1.2145
0.952999 1.2145
2.65

IMD5d2_damage
4
0.987981 1.1155
0.99299 1.1155
0.98701 1.2145
0.982001 1.2145
2.9

IMD5d2_damage
4
1.03201 1.1155
1.037019 1.1155
1.042999 1.2145
1.03799 1.2145
2.9

IMD5d2
5
1.037019 1.1155
1.042028 1.1155
1.535 1.1155
1.535 1.2145
1.042999 1.2145
2.65

IMD6a
20
-1.895 1.2145
-1.402999 1.2145
-1.39799 1.2145
-0.49201 1.2145
-0.487001 1.2145
-0.457999 1.2145
-0.45299 1.2145
0.45299 1.2145
0.457999 1.2145
0.892001 1.2145
0.89701 1.2145
0.94799 1.2145
0.952999 1.2145
0.982001 1.2145
0.98701 1.2145
1.03799 1.2145
1.042999 1.2145
1.535 1.2145
1.535 1.2355
-1.895 1.2355
5.2

IMD6b
4
-1.895 1.2355
1.535 1.2355
1.535 1.2505
-1.895 1.2505
4.2

IMD6c
4
-1.895 1.2505
1.535 1.2505
1.535 1.2745
-1.895 1.2745
3.28

IMD6d1+IMD6d2
4
-1.895 1.2745
1.535 1.2745
1.535 1.4015
-1.895 1.4015
2.65

IMD7a
4
-1.895 1.4015
1.535 1.4015
1.535 1.4765
-1.895 1.4765
5.2

IMD7b1+IMD7b2
4
-1.895 1.4765
1.535 1.4765
1.535 2.9765
-1.895 2.9765
4.2

IMD8a
4
-1.895 2.9765
1.535 2.9765
1.535 3.0515
-1.895 3.0515
5.2

IMD8b1+IMD8b2
4
-1.895 3.0515
1.535 3.0515
1.535 4.5515
-1.895 4.5515
4.2

PASS1
4
-1.895 4.5515
1.535 4.5515
1.535 4.6265
-1.895 4.6265
7

PASS2
4
-1.895 4.6265
1.535 4.6265
1.535 5.0265
-1.895 5.0265
4.2

PASS3
4
-1.895 5.0265
1.535 5.0265
1.535 5.1015
-1.895 5.1015
7

PASS4+PASS5
4
-1.895 5.1015
1.535 5.1015
1.535 6.0515
-1.895 6.0515
4.2

PASS6
4
-1.895 6.0515
1.535 6.0515
1.535 6.6515
-1.895 6.6515
7

air_Layer
4
-1.895 6.6515
1.535 6.6515
1.535 9.3515
-1.895 9.3515
1


4
-1.895 0.001
1.535 0.001
1.535 9.3515
-1.895 9.3515

