c1
4
-0.06451 0.9285
0.06451 0.9285
0.07049 1.0275
-0.07049 1.0275

5
botleft
4
-0.7475 -0.001
0 -0.001
0 0.001
-0.7475 0.001

botright
4
0 -0.001
1.1075 -0.001
1.1075 0.001
0 0.001

lEnv
4
-0.24451 0.9285
-0.11549 0.9285
-0.10951 1.0275
-0.25049 1.0275

c2
4
0.29549 0.9285
0.42451 0.9285
0.43049 1.0275
0.28951 1.0275

rEnv
4
0.47549 0.9285
0.60451 0.9285
0.61049 1.0275
0.46951 1.0275


57
FOXA+FOXB+TOX
6
-0.7476 0.001
-0.7475 0.001
0 0.001
1.1075 0.001
1.1075 0.2665
-0.7476 0.2665
4

ILD1a
4
-0.7476 0.2665
1.1075 0.2665
1.1075 0.2765
-0.7476 0.2765
7

ILD1b1+ILD1b2+ILD1b3
4
-0.7476 0.2765
1.1075 0.2765
1.1075 0.3955
-0.7476 0.3955
4

IMD1a
4
-0.7476 0.3955
1.1075 0.3955
1.1075 0.4065
-0.7476 0.4065
5.2

IMD1b
4
-0.7476 0.4065
1.1075 0.4065
1.1075 0.4665
-0.7476 0.4665
2.8

IMD2a
4
-0.7476 0.4665
1.1075 0.4665
1.1075 0.4875
-0.7476 0.4875
5.2

IMD2b
4
-0.7476 0.4875
1.1075 0.4875
1.1075 0.5025
-0.7476 0.5025
4.2

IMD2c
4
-0.7476 0.5025
1.1075 0.5025
1.1075 0.5265
-0.7476 0.5265
3.28

IMD2d1+IMD2d2
4
-0.7476 0.5265
1.1075 0.5265
1.1075 0.6535
-0.7476 0.6535
2.65

IMD3a
4
-0.7476 0.6535
1.1075 0.6535
1.1075 0.6745
-0.7476 0.6745
5.2

IMD3b
4
-0.7476 0.6745
1.1075 0.6745
1.1075 0.6895
-0.7476 0.6895
4.2

IMD3c
4
-0.7476 0.6895
1.1075 0.6895
1.1075 0.7135
-0.7476 0.7135
3.28

IMD3d1+IMD3d2
4
-0.7476 0.7135
1.1075 0.7135
1.1075 0.8405
-0.7476 0.8405
2.65

IMD4a
4
-0.7476 0.8405
1.1075 0.8405
1.1075 0.8615
-0.7476 0.8615
5.2

IMD4b
4
-0.7476 0.8615
1.1075 0.8615
1.1075 0.8765
-0.7476 0.8765
4.2

IMD4c
4
-0.7476 0.8765
1.1075 0.8765
1.1075 0.9005
-0.7476 0.9005
3.28

IMD4d1
12
-0.7476 0.9005
1.1075 0.9005
1.1075 0.9185
0.613924 0.9185
0.466076 0.9185
0.433924 0.9185
0.286076 0.9185
0.073924 0.9185
-0.073924 0.9185
-0.106076 0.9185
-0.253924 0.9185
-0.7476 0.9185
2.65

IMD4d1
4
-0.7476 0.9185
-0.253924 0.9185
-0.254528 0.9285
-0.7476 0.9285
2.65

IMD4d1_damage
8
-0.253924 0.9185
-0.106076 0.9185
-0.105472 0.9285
-0.110481 0.9285
-0.11549 0.9285
-0.24451 0.9285
-0.249519 0.9285
-0.254528 0.9285
3.1

IMD4d1
4
-0.106076 0.9185
-0.073924 0.9185
-0.074528 0.9285
-0.105472 0.9285
2.65

IMD4d1_damage
8
-0.073924 0.9185
0.073924 0.9185
0.074528 0.9285
0.069519 0.9285
0.06451 0.9285
-0.06451 0.9285
-0.069519 0.9285
-0.074528 0.9285
3.1

IMD4d1
4
0.073924 0.9185
0.286076 0.9185
0.285472 0.9285
0.074528 0.9285
2.65

IMD4d1_damage
8
0.286076 0.9185
0.433924 0.9185
0.434528 0.9285
0.429519 0.9285
0.42451 0.9285
0.29549 0.9285
0.290481 0.9285
0.285472 0.9285
3.1

IMD4d1
4
0.433924 0.9185
0.466076 0.9185
0.465472 0.9285
0.434528 0.9285
2.65

IMD4d1_damage
8
0.466076 0.9185
0.613924 0.9185
0.614528 0.9285
0.609519 0.9285
0.60451 0.9285
0.47549 0.9285
0.470481 0.9285
0.465472 0.9285
3.1

IMD4d1
4
0.613924 0.9185
1.1075 0.9185
1.1075 0.9285
0.614528 0.9285
2.65

IMD4d2
5
-0.7476 0.9285
-0.254528 0.9285
-0.249519 0.9285
-0.255499 1.0275
-0.7476 1.0275
2.65

IMD4d2_damage
4
-0.249519 0.9285
-0.24451 0.9285
-0.25049 1.0275
-0.255499 1.0275
2.9

IMD4d2_damage
4
-0.11549 0.9285
-0.110481 0.9285
-0.104501 1.0275
-0.10951 1.0275
2.9

IMD4d2
6
-0.110481 0.9285
-0.105472 0.9285
-0.074528 0.9285
-0.069519 0.9285
-0.075499 1.0275
-0.104501 1.0275
2.65

IMD4d2_damage
4
-0.069519 0.9285
-0.06451 0.9285
-0.07049 1.0275
-0.075499 1.0275
2.9

IMD4d2_damage
4
0.06451 0.9285
0.069519 0.9285
0.075499 1.0275
0.07049 1.0275
2.9

IMD4d2
6
0.069519 0.9285
0.074528 0.9285
0.285472 0.9285
0.290481 0.9285
0.284501 1.0275
0.075499 1.0275
2.65

IMD4d2_damage
4
0.290481 0.9285
0.29549 0.9285
0.28951 1.0275
0.284501 1.0275
2.9

IMD4d2_damage
4
0.42451 0.9285
0.429519 0.9285
0.435499 1.0275
0.43049 1.0275
2.9

IMD4d2
6
0.429519 0.9285
0.434528 0.9285
0.465472 0.9285
0.470481 0.9285
0.464501 1.0275
0.435499 1.0275
2.65

IMD4d2_damage
4
0.470481 0.9285
0.47549 0.9285
0.46951 1.0275
0.464501 1.0275
2.9

IMD4d2_damage
4
0.60451 0.9285
0.609519 0.9285
0.615499 1.0275
0.61049 1.0275
2.9

IMD4d2
5
0.609519 0.9285
0.614528 0.9285
1.1075 0.9285
1.1075 1.0275
0.615499 1.0275
2.65

IMD5a
20
-0.7476 1.0275
-0.255499 1.0275
-0.25049 1.0275
-0.10951 1.0275
-0.104501 1.0275
-0.075499 1.0275
-0.07049 1.0275
0.07049 1.0275
0.075499 1.0275
0.284501 1.0275
0.28951 1.0275
0.43049 1.0275
0.435499 1.0275
0.464501 1.0275
0.46951 1.0275
0.61049 1.0275
0.615499 1.0275
1.1075 1.0275
1.1075 1.0485
-0.7476 1.0485
5.2

IMD5b
4
-0.7476 1.0485
1.1075 1.0485
1.1075 1.0635
-0.7476 1.0635
4.2

IMD5c
4
-0.7476 1.0635
1.1075 1.0635
1.1075 1.0875
-0.7476 1.0875
3.28

IMD5d1+IMD5d2
4
-0.7476 1.0875
1.1075 1.0875
1.1075 1.2145
-0.7476 1.2145
2.65

IMD6a
4
-0.7476 1.2145
1.1075 1.2145
1.1075 1.2355
-0.7476 1.2355
5.2

IMD6b
4
-0.7476 1.2355
1.1075 1.2355
1.1075 1.2505
-0.7476 1.2505
4.2

IMD6c
4
-0.7476 1.2505
1.1075 1.2505
1.1075 1.2745
-0.7476 1.2745
3.28

IMD6d1+IMD6d2
4
-0.7476 1.2745
1.1075 1.2745
1.1075 1.4015
-0.7476 1.4015
2.65

IMD7a
4
-0.7476 1.4015
1.1075 1.4015
1.1075 1.4765
-0.7476 1.4765
5.2

IMD7b1+IMD7b2
4
-0.7476 1.4765
1.1075 1.4765
1.1075 2.9765
-0.7476 2.9765
4.2

IMD8a
4
-0.7476 2.9765
1.1075 2.9765
1.1075 3.0515
-0.7476 3.0515
5.2

IMD8b1+IMD8b2
4
-0.7476 3.0515
1.1075 3.0515
1.1075 4.5515
-0.7476 4.5515
4.2

PASS1
4
-0.7476 4.5515
1.1075 4.5515
1.1075 4.6265
-0.7476 4.6265
7

PASS2
4
-0.7476 4.6265
1.1075 4.6265
1.1075 5.0265
-0.7476 5.0265
4.2

PASS3
4
-0.7476 5.0265
1.1075 5.0265
1.1075 5.1015
-0.7476 5.1015
7

PASS4+PASS5
4
-0.7476 5.1015
1.1075 5.1015
1.1075 6.0515
-0.7476 6.0515
4.2

PASS6
4
-0.7476 6.0515
1.1075 6.0515
1.1075 6.6515
-0.7476 6.6515
7

air_Layer
4
-0.7476 6.6515
1.1075 6.6515
1.1075 7.0565
-0.7476 7.0565
1


4
-0.7476 0.001
1.1075 0.001
1.1075 7.0565
-0.7476 7.0565

