c1
4
-0.06451 1.1155
0.06451 1.1155
0.07049 1.2145
-0.07049 1.2145

5
botleft
4
-0.7475 -0.001
0 -0.001
0 0.001
-0.7475 0.001

botright
4
0 -0.001
2.5925 -0.001
2.5925 0.001
0 0.001

lEnv
4
-0.24451 1.1155
-0.11549 1.1155
-0.10951 1.2145
-0.25049 1.2145

c2
4
0.25049 1.1155
1.14451 1.1155
1.15049 1.2145
0.24451 1.2145

rEnv
4
1.19549 1.1155
2.08951 1.1155
2.09549 1.2145
1.18951 1.2145


57
FOXA+FOXB+TOX
6
-0.7476 0.001
-0.7475 0.001
0 0.001
2.5925 0.001
2.5925 0.2665
-0.7476 0.2665
4

ILD1a
4
-0.7476 0.2665
2.5925 0.2665
2.5925 0.2765
-0.7476 0.2765
7

ILD1b1+ILD1b2+ILD1b3
4
-0.7476 0.2765
2.5925 0.2765
2.5925 0.3955
-0.7476 0.3955
4

IMD1a
4
-0.7476 0.3955
2.5925 0.3955
2.5925 0.4065
-0.7476 0.4065
5.2

IMD1b
4
-0.7476 0.4065
2.5925 0.4065
2.5925 0.4665
-0.7476 0.4665
2.8

IMD2a
4
-0.7476 0.4665
2.5925 0.4665
2.5925 0.4875
-0.7476 0.4875
5.2

IMD2b
4
-0.7476 0.4875
2.5925 0.4875
2.5925 0.5025
-0.7476 0.5025
4.2

IMD2c
4
-0.7476 0.5025
2.5925 0.5025
2.5925 0.5265
-0.7476 0.5265
3.28

IMD2d1+IMD2d2
4
-0.7476 0.5265
2.5925 0.5265
2.5925 0.6535
-0.7476 0.6535
2.65

IMD3a
4
-0.7476 0.6535
2.5925 0.6535
2.5925 0.6745
-0.7476 0.6745
5.2

IMD3b
4
-0.7476 0.6745
2.5925 0.6745
2.5925 0.6895
-0.7476 0.6895
4.2

IMD3c
4
-0.7476 0.6895
2.5925 0.6895
2.5925 0.7135
-0.7476 0.7135
3.28

IMD3d1+IMD3d2
4
-0.7476 0.7135
2.5925 0.7135
2.5925 0.8405
-0.7476 0.8405
2.65

IMD4a
4
-0.7476 0.8405
2.5925 0.8405
2.5925 0.8615
-0.7476 0.8615
5.2

IMD4b
4
-0.7476 0.8615
2.5925 0.8615
2.5925 0.8765
-0.7476 0.8765
4.2

IMD4c
4
-0.7476 0.8765
2.5925 0.8765
2.5925 0.9005
-0.7476 0.9005
3.28

IMD4d1+IMD4d2
4
-0.7476 0.9005
2.5925 0.9005
2.5925 1.0275
-0.7476 1.0275
2.65

IMD5a
4
-0.7476 1.0275
2.5925 1.0275
2.5925 1.0485
-0.7476 1.0485
5.2

IMD5b
4
-0.7476 1.0485
2.5925 1.0485
2.5925 1.0635
-0.7476 1.0635
4.2

IMD5c
4
-0.7476 1.0635
2.5925 1.0635
2.5925 1.0875
-0.7476 1.0875
3.28

IMD5d1
12
-0.7476 1.0875
2.5925 1.0875
2.5925 1.1055
2.098924 1.1055
1.186076 1.1055
1.153924 1.1055
0.241076 1.1055
0.073924 1.1055
-0.073924 1.1055
-0.106076 1.1055
-0.253924 1.1055
-0.7476 1.1055
2.65

IMD5d1
4
-0.7476 1.1055
-0.253924 1.1055
-0.254528 1.1155
-0.7476 1.1155
2.65

IMD5d1_damage
8
-0.253924 1.1055
-0.106076 1.1055
-0.105472 1.1155
-0.110481 1.1155
-0.11549 1.1155
-0.24451 1.1155
-0.249519 1.1155
-0.254528 1.1155
3.1

IMD5d1
4
-0.106076 1.1055
-0.073924 1.1055
-0.074528 1.1155
-0.105472 1.1155
2.65

IMD5d1_damage
8
-0.073924 1.1055
0.073924 1.1055
0.074528 1.1155
0.069519 1.1155
0.06451 1.1155
-0.06451 1.1155
-0.069519 1.1155
-0.074528 1.1155
3.1

IMD5d1
4
0.073924 1.1055
0.241076 1.1055
0.240472 1.1155
0.074528 1.1155
2.65

IMD5d1_damage
8
0.241076 1.1055
1.153924 1.1055
1.154528 1.1155
1.149519 1.1155
1.14451 1.1155
0.25049 1.1155
0.245481 1.1155
0.240472 1.1155
3.1

IMD5d1
4
1.153924 1.1055
1.186076 1.1055
1.185472 1.1155
1.154528 1.1155
2.65

IMD5d1_damage
8
1.186076 1.1055
2.098924 1.1055
2.099528 1.1155
2.094519 1.1155
2.08951 1.1155
1.19549 1.1155
1.190481 1.1155
1.185472 1.1155
3.1

IMD5d1
4
2.098924 1.1055
2.5925 1.1055
2.5925 1.1155
2.099528 1.1155
2.65

IMD5d2
5
-0.7476 1.1155
-0.254528 1.1155
-0.249519 1.1155
-0.255499 1.2145
-0.7476 1.2145
2.65

IMD5d2_damage
4
-0.249519 1.1155
-0.24451 1.1155
-0.25049 1.2145
-0.255499 1.2145
2.9

IMD5d2_damage
4
-0.11549 1.1155
-0.110481 1.1155
-0.104501 1.2145
-0.10951 1.2145
2.9

IMD5d2
6
-0.110481 1.1155
-0.105472 1.1155
-0.074528 1.1155
-0.069519 1.1155
-0.075499 1.2145
-0.104501 1.2145
2.65

IMD5d2_damage
4
-0.069519 1.1155
-0.06451 1.1155
-0.07049 1.2145
-0.075499 1.2145
2.9

IMD5d2_damage
4
0.06451 1.1155
0.069519 1.1155
0.075499 1.2145
0.07049 1.2145
2.9

IMD5d2
6
0.069519 1.1155
0.074528 1.1155
0.240472 1.1155
0.245481 1.1155
0.239501 1.2145
0.075499 1.2145
2.65

IMD5d2_damage
4
0.245481 1.1155
0.25049 1.1155
0.24451 1.2145
0.239501 1.2145
2.9

IMD5d2_damage
4
1.14451 1.1155
1.149519 1.1155
1.155499 1.2145
1.15049 1.2145
2.9

IMD5d2
6
1.149519 1.1155
1.154528 1.1155
1.185472 1.1155
1.190481 1.1155
1.184501 1.2145
1.155499 1.2145
2.65

IMD5d2_damage
4
1.190481 1.1155
1.19549 1.1155
1.18951 1.2145
1.184501 1.2145
2.9

IMD5d2_damage
4
2.08951 1.1155
2.094519 1.1155
2.100499 1.2145
2.09549 1.2145
2.9

IMD5d2
5
2.094519 1.1155
2.099528 1.1155
2.5925 1.1155
2.5925 1.2145
2.100499 1.2145
2.65

IMD6a
20
-0.7476 1.2145
-0.255499 1.2145
-0.25049 1.2145
-0.10951 1.2145
-0.104501 1.2145
-0.075499 1.2145
-0.07049 1.2145
0.07049 1.2145
0.075499 1.2145
0.239501 1.2145
0.24451 1.2145
1.15049 1.2145
1.155499 1.2145
1.184501 1.2145
1.18951 1.2145
2.09549 1.2145
2.100499 1.2145
2.5925 1.2145
2.5925 1.2355
-0.7476 1.2355
5.2

IMD6b
4
-0.7476 1.2355
2.5925 1.2355
2.5925 1.2505
-0.7476 1.2505
4.2

IMD6c
4
-0.7476 1.2505
2.5925 1.2505
2.5925 1.2745
-0.7476 1.2745
3.28

IMD6d1+IMD6d2
4
-0.7476 1.2745
2.5925 1.2745
2.5925 1.4015
-0.7476 1.4015
2.65

IMD7a
4
-0.7476 1.4015
2.5925 1.4015
2.5925 1.4765
-0.7476 1.4765
5.2

IMD7b1+IMD7b2
4
-0.7476 1.4765
2.5925 1.4765
2.5925 2.9765
-0.7476 2.9765
4.2

IMD8a
4
-0.7476 2.9765
2.5925 2.9765
2.5925 3.0515
-0.7476 3.0515
5.2

IMD8b1+IMD8b2
4
-0.7476 3.0515
2.5925 3.0515
2.5925 4.5515
-0.7476 4.5515
4.2

PASS1
4
-0.7476 4.5515
2.5925 4.5515
2.5925 4.6265
-0.7476 4.6265
7

PASS2
4
-0.7476 4.6265
2.5925 4.6265
2.5925 5.0265
-0.7476 5.0265
4.2

PASS3
4
-0.7476 5.0265
2.5925 5.0265
2.5925 5.1015
-0.7476 5.1015
7

PASS4+PASS5
4
-0.7476 5.1015
2.5925 5.1015
2.5925 6.0515
-0.7476 6.0515
4.2

PASS6
4
-0.7476 6.0515
2.5925 6.0515
2.5925 6.6515
-0.7476 6.6515
7

air_Layer
4
-0.7476 6.6515
2.5925 6.6515
2.5925 7.0565
-0.7476 7.0565
1


4
-0.7476 0.001
2.5925 0.001
2.5925 7.0565
-0.7476 7.0565

