c1
4
-0.44701 1.3025
0.44701 1.3025
0.45299 1.4015
-0.45299 1.4015

5
botleft
4
-2.165 -0.001
0 -0.001
0 0.001
-2.165 0.001

botright
4
0 -0.001
1.76 -0.001
1.76 0.001
0 0.001

lEnv
4
-1.66201 1.3025
-0.76799 1.3025
-0.76201 1.4015
-1.66799 1.4015

c2
4
0.67799 1.3025
0.80701 1.3025
0.81299 1.4015
0.67201 1.4015

rEnv
4
1.12799 1.3025
1.25701 1.3025
1.26299 1.4015
1.12201 1.4015


57
FOXA+FOXB+TOX
5
-2.165 0.001
0 0.001
1.76 0.001
1.76 0.2665
-2.165 0.2665
4

ILD1a
4
-2.165 0.2665
1.76 0.2665
1.76 0.2765
-2.165 0.2765
7

ILD1b1+ILD1b2+ILD1b3
4
-2.165 0.2765
1.76 0.2765
1.76 0.3955
-2.165 0.3955
4

IMD1a
4
-2.165 0.3955
1.76 0.3955
1.76 0.4065
-2.165 0.4065
5.2

IMD1b
4
-2.165 0.4065
1.76 0.4065
1.76 0.4665
-2.165 0.4665
2.8

IMD2a
4
-2.165 0.4665
1.76 0.4665
1.76 0.4875
-2.165 0.4875
5.2

IMD2b
4
-2.165 0.4875
1.76 0.4875
1.76 0.5025
-2.165 0.5025
4.2

IMD2c
4
-2.165 0.5025
1.76 0.5025
1.76 0.5265
-2.165 0.5265
3.28

IMD2d1+IMD2d2
4
-2.165 0.5265
1.76 0.5265
1.76 0.6535
-2.165 0.6535
2.65

IMD3a
4
-2.165 0.6535
1.76 0.6535
1.76 0.6745
-2.165 0.6745
5.2

IMD3b
4
-2.165 0.6745
1.76 0.6745
1.76 0.6895
-2.165 0.6895
4.2

IMD3c
4
-2.165 0.6895
1.76 0.6895
1.76 0.7135
-2.165 0.7135
3.28

IMD3d1+IMD3d2
4
-2.165 0.7135
1.76 0.7135
1.76 0.8405
-2.165 0.8405
2.65

IMD4a
4
-2.165 0.8405
1.76 0.8405
1.76 0.8615
-2.165 0.8615
5.2

IMD4b
4
-2.165 0.8615
1.76 0.8615
1.76 0.8765
-2.165 0.8765
4.2

IMD4c
4
-2.165 0.8765
1.76 0.8765
1.76 0.9005
-2.165 0.9005
3.28

IMD4d1+IMD4d2
4
-2.165 0.9005
1.76 0.9005
1.76 1.0275
-2.165 1.0275
2.65

IMD5a
4
-2.165 1.0275
1.76 1.0275
1.76 1.0485
-2.165 1.0485
5.2

IMD5b
4
-2.165 1.0485
1.76 1.0485
1.76 1.0635
-2.165 1.0635
4.2

IMD5c
4
-2.165 1.0635
1.76 1.0635
1.76 1.0875
-2.165 1.0875
3.28

IMD5d1+IMD5d2
4
-2.165 1.0875
1.76 1.0875
1.76 1.2145
-2.165 1.2145
2.65

IMD6a
4
-2.165 1.2145
1.76 1.2145
1.76 1.2355
-2.165 1.2355
5.2

IMD6b
4
-2.165 1.2355
1.76 1.2355
1.76 1.2505
-2.165 1.2505
4.2

IMD6c
4
-2.165 1.2505
1.76 1.2505
1.76 1.2745
-2.165 1.2745
3.28

IMD6d1
12
-2.165 1.2745
1.76 1.2745
1.76 1.2925
1.266424 1.2925
1.118576 1.2925
0.816424 1.2925
0.668576 1.2925
0.456424 1.2925
-0.456424 1.2925
-0.758576 1.2925
-1.671424 1.2925
-2.165 1.2925
2.65

IMD6d1
4
-2.165 1.2925
-1.671424 1.2925
-1.672028 1.3025
-2.165 1.3025
2.65

IMD6d1_damage
8
-1.671424 1.2925
-0.758576 1.2925
-0.757972 1.3025
-0.762981 1.3025
-0.76799 1.3025
-1.66201 1.3025
-1.667019 1.3025
-1.672028 1.3025
3.1

IMD6d1
4
-0.758576 1.2925
-0.456424 1.2925
-0.457028 1.3025
-0.757972 1.3025
2.65

IMD6d1_damage
8
-0.456424 1.2925
0.456424 1.2925
0.457028 1.3025
0.452019 1.3025
0.44701 1.3025
-0.44701 1.3025
-0.452019 1.3025
-0.457028 1.3025
3.1

IMD6d1
4
0.456424 1.2925
0.668576 1.2925
0.667972 1.3025
0.457028 1.3025
2.65

IMD6d1_damage
8
0.668576 1.2925
0.816424 1.2925
0.817028 1.3025
0.812019 1.3025
0.80701 1.3025
0.67799 1.3025
0.672981 1.3025
0.667972 1.3025
3.1

IMD6d1
4
0.816424 1.2925
1.118576 1.2925
1.117972 1.3025
0.817028 1.3025
2.65

IMD6d1_damage
8
1.118576 1.2925
1.266424 1.2925
1.267028 1.3025
1.262019 1.3025
1.25701 1.3025
1.12799 1.3025
1.122981 1.3025
1.117972 1.3025
3.1

IMD6d1
4
1.266424 1.2925
1.76 1.2925
1.76 1.3025
1.267028 1.3025
2.65

IMD6d2
5
-2.165 1.3025
-1.672028 1.3025
-1.667019 1.3025
-1.672999 1.4015
-2.165 1.4015
2.65

IMD6d2_damage
4
-1.667019 1.3025
-1.66201 1.3025
-1.66799 1.4015
-1.672999 1.4015
2.9

IMD6d2_damage
4
-0.76799 1.3025
-0.762981 1.3025
-0.757001 1.4015
-0.76201 1.4015
2.9

IMD6d2
6
-0.762981 1.3025
-0.757972 1.3025
-0.457028 1.3025
-0.452019 1.3025
-0.457999 1.4015
-0.757001 1.4015
2.65

IMD6d2_damage
4
-0.452019 1.3025
-0.44701 1.3025
-0.45299 1.4015
-0.457999 1.4015
2.9

IMD6d2_damage
4
0.44701 1.3025
0.452019 1.3025
0.457999 1.4015
0.45299 1.4015
2.9

IMD6d2
6
0.452019 1.3025
0.457028 1.3025
0.667972 1.3025
0.672981 1.3025
0.667001 1.4015
0.457999 1.4015
2.65

IMD6d2_damage
4
0.672981 1.3025
0.67799 1.3025
0.67201 1.4015
0.667001 1.4015
2.9

IMD6d2_damage
4
0.80701 1.3025
0.812019 1.3025
0.817999 1.4015
0.81299 1.4015
2.9

IMD6d2
6
0.812019 1.3025
0.817028 1.3025
1.117972 1.3025
1.122981 1.3025
1.117001 1.4015
0.817999 1.4015
2.65

IMD6d2_damage
4
1.122981 1.3025
1.12799 1.3025
1.12201 1.4015
1.117001 1.4015
2.9

IMD6d2_damage
4
1.25701 1.3025
1.262019 1.3025
1.267999 1.4015
1.26299 1.4015
2.9

IMD6d2
5
1.262019 1.3025
1.267028 1.3025
1.76 1.3025
1.76 1.4015
1.267999 1.4015
2.65

IMD7a
20
-2.165 1.4015
-1.672999 1.4015
-1.66799 1.4015
-0.76201 1.4015
-0.757001 1.4015
-0.457999 1.4015
-0.45299 1.4015
0.45299 1.4015
0.457999 1.4015
0.667001 1.4015
0.67201 1.4015
0.81299 1.4015
0.817999 1.4015
1.117001 1.4015
1.12201 1.4015
1.26299 1.4015
1.267999 1.4015
1.76 1.4015
1.76 1.4225
-2.165 1.4225
5.2

IMD7b1+IMD7b2
4
-2.165 1.4765
1.76 1.4765
1.76 2.9765
-2.165 2.9765
4.2

IMD8a
4
-2.165 2.9765
1.76 2.9765
1.76 3.0515
-2.165 3.0515
5.2

IMD8b1+IMD8b2
4
-2.165 3.0515
1.76 3.0515
1.76 4.5515
-2.165 4.5515
4.2

PASS1
4
-2.165 4.5515
1.76 4.5515
1.76 4.6265
-2.165 4.6265
7

PASS2
4
-2.165 4.6265
1.76 4.6265
1.76 5.0265
-2.165 5.0265
4.2

PASS3
4
-2.165 5.0265
1.76 5.0265
1.76 5.1015
-2.165 5.1015
7

PASS4+PASS5
4
-2.165 5.1015
1.76 5.1015
1.76 6.0515
-2.165 6.0515
4.2

PASS6
4
-2.165 6.0515
1.76 6.0515
1.76 6.6515
-2.165 6.6515
7

air_Layer
4
-2.165 6.6515
1.76 6.6515
1.76 9.3515
-2.165 9.3515
1


4
-2.165 0.001
1.76 0.001
1.76 9.3515
-2.165 9.3515

