c1
4
-0.06451 1.3025
0.06451 1.3025
0.07049 1.4015
-0.07049 1.4015

3
botleft
4
-5.2025 -0.001
0 -0.001
0 0.001
-5.2025 0.001

botright
4
0 -0.001
5.18 -0.001
5.18 0.001
0 0.001

c2
4
0.09299 1.3025
0.13201 1.3025
0.13799 1.4015
0.08701 1.4015


47
FOXA+FOXB+TOX
5
-5.2025 0.001
0 0.001
5.18 0.001
5.18 0.2665
-5.2025 0.2665
4

ILD1a
4
-5.2025 0.2665
5.18 0.2665
5.18 0.2765
-5.2025 0.2765
7

ILD1b1+ILD1b2+ILD1b3
4
-5.2025 0.2765
5.18 0.2765
5.18 0.3955
-5.2025 0.3955
4

IMD1a
4
-5.2025 0.3955
5.18 0.3955
5.18 0.4065
-5.2025 0.4065
5.2

IMD1b
4
-5.2025 0.4065
5.18 0.4065
5.18 0.4665
-5.2025 0.4665
2.8

IMD2a
4
-5.2025 0.4665
5.18 0.4665
5.18 0.4875
-5.2025 0.4875
5.2

IMD2b
4
-5.2025 0.4875
5.18 0.4875
5.18 0.5025
-5.2025 0.5025
4.2

IMD2c
4
-5.2025 0.5025
5.18 0.5025
5.18 0.5265
-5.2025 0.5265
3.28

IMD2d1+IMD2d2
4
-5.2025 0.5265
5.18 0.5265
5.18 0.6535
-5.2025 0.6535
2.65

IMD3a
4
-5.2025 0.6535
5.18 0.6535
5.18 0.6745
-5.2025 0.6745
5.2

IMD3b
4
-5.2025 0.6745
5.18 0.6745
5.18 0.6895
-5.2025 0.6895
4.2

IMD3c
4
-5.2025 0.6895
5.18 0.6895
5.18 0.7135
-5.2025 0.7135
3.28

IMD3d1+IMD3d2
4
-5.2025 0.7135
5.18 0.7135
5.18 0.8405
-5.2025 0.8405
2.65

IMD4a
4
-5.2025 0.8405
5.18 0.8405
5.18 0.8615
-5.2025 0.8615
5.2

IMD4b
4
-5.2025 0.8615
5.18 0.8615
5.18 0.8765
-5.2025 0.8765
4.2

IMD4c
4
-5.2025 0.8765
5.18 0.8765
5.18 0.9005
-5.2025 0.9005
3.28

IMD4d1+IMD4d2
4
-5.2025 0.9005
5.18 0.9005
5.18 1.0275
-5.2025 1.0275
2.65

IMD5a
4
-5.2025 1.0275
5.18 1.0275
5.18 1.0485
-5.2025 1.0485
5.2

IMD5b
4
-5.2025 1.0485
5.18 1.0485
5.18 1.0635
-5.2025 1.0635
4.2

IMD5c
4
-5.2025 1.0635
5.18 1.0635
5.18 1.0875
-5.2025 1.0875
3.28

IMD5d1+IMD5d2
4
-5.2025 1.0875
5.18 1.0875
5.18 1.2145
-5.2025 1.2145
2.65

IMD6a
4
-5.2025 1.2145
5.18 1.2145
5.18 1.2355
-5.2025 1.2355
5.2

IMD6b
4
-5.2025 1.2355
5.18 1.2355
5.18 1.2505
-5.2025 1.2505
4.2

IMD6c
4
-5.2025 1.2505
5.18 1.2505
5.18 1.2745
-5.2025 1.2745
3.28

IMD6d1
8
-5.2025 1.2745
5.18 1.2745
5.18 1.2925
0.141424 1.2925
0.083576 1.2925
0.073924 1.2925
-0.073924 1.2925
-5.2025 1.2925
2.65

IMD6d1
4
-5.2025 1.2925
-0.073924 1.2925
-0.074528 1.3025
-5.2025 1.3025
2.65

IMD6d1_damage
8
-0.073924 1.2925
0.073924 1.2925
0.074528 1.3025
0.069519 1.3025
0.06451 1.3025
-0.06451 1.3025
-0.069519 1.3025
-0.074528 1.3025
3.1

IMD6d1
4
0.073924 1.2925
0.083576 1.2925
0.082972 1.3025
0.074528 1.3025
2.65

IMD6d1_damage
8
0.083576 1.2925
0.141424 1.2925
0.142028 1.3025
0.137019 1.3025
0.13201 1.3025
0.09299 1.3025
0.087981 1.3025
0.082972 1.3025
3.1

IMD6d1
4
0.141424 1.2925
5.18 1.2925
5.18 1.3025
0.142028 1.3025
2.65

IMD6d2
5
-5.2025 1.3025
-0.074528 1.3025
-0.069519 1.3025
-0.075499 1.4015
-5.2025 1.4015
2.65

IMD6d2_damage
4
-0.069519 1.3025
-0.06451 1.3025
-0.07049 1.4015
-0.075499 1.4015
2.9

IMD6d2_damage
4
0.06451 1.3025
0.069519 1.3025
0.075499 1.4015
0.07049 1.4015
2.9

IMD6d2
6
0.069519 1.3025
0.074528 1.3025
0.082972 1.3025
0.087981 1.3025
0.082001 1.4015
0.075499 1.4015
2.65

IMD6d2_damage
4
0.087981 1.3025
0.09299 1.3025
0.08701 1.4015
0.082001 1.4015
2.9

IMD6d2_damage
4
0.13201 1.3025
0.137019 1.3025
0.142999 1.4015
0.13799 1.4015
2.9

IMD6d2
5
0.137019 1.3025
0.142028 1.3025
5.18 1.3025
5.18 1.4015
0.142999 1.4015
2.65

IMD7a
12
-5.2025 1.4015
-0.075499 1.4015
-0.07049 1.4015
0.07049 1.4015
0.075499 1.4015
0.082001 1.4015
0.08701 1.4015
0.13799 1.4015
0.142999 1.4015
5.18 1.4015
5.18 1.4225
-5.2025 1.4225
5.2

IMD7b1+IMD7b2
4
-5.2025 1.4765
5.18 1.4765
5.18 2.9765
-5.2025 2.9765
4.2

IMD8a
4
-5.2025 2.9765
5.18 2.9765
5.18 3.0515
-5.2025 3.0515
5.2

IMD8b1+IMD8b2
4
-5.2025 3.0515
5.18 3.0515
5.18 4.5515
-5.2025 4.5515
4.2

PASS1
4
-5.2025 4.5515
5.18 4.5515
5.18 4.6265
-5.2025 4.6265
7

PASS2
4
-5.2025 4.6265
5.18 4.6265
5.18 5.0265
-5.2025 5.0265
4.2

PASS3
4
-5.2025 5.0265
5.18 5.0265
5.18 5.1015
-5.2025 5.1015
7

PASS4+PASS5
4
-5.2025 5.1015
5.18 5.1015
5.18 6.0515
-5.2025 6.0515
4.2

PASS6
4
-5.2025 6.0515
5.18 6.0515
5.18 6.6515
-5.2025 6.6515
7

air_Layer
4
-5.2025 6.6515
5.18 6.6515
5.18 7.0565
-5.2025 7.0565
1


4
-5.2025 0.001
5.18 0.001
5.18 7.0565
-5.2025 7.0565

