c1
4
-0.06451 1.3025
0.06451 1.3025
0.07049 1.4015
-0.07049 1.4015

5
botleft
4
-0.7475 -0.001
0 -0.001
0 0.001
-0.7475 0.001

botright
4
0 -0.001
2.5025 -0.001
2.5025 0.001
0 0.001

lEnv
4
-0.24451 1.3025
-0.11549 1.3025
-0.10951 1.4015
-0.25049 1.4015

c2
4
0.16049 1.3025
1.05451 1.3025
1.06049 1.4015
0.15451 1.4015

rEnv
4
1.10549 1.3025
1.99951 1.3025
2.00549 1.4015
1.09951 1.4015


57
FOXA+FOXB+TOX
6
-0.7476 0.001
-0.7475 0.001
0 0.001
2.5025 0.001
2.5025 0.2665
-0.7476 0.2665
4

ILD1a
4
-0.7476 0.2665
2.5025 0.2665
2.5025 0.2765
-0.7476 0.2765
7

ILD1b1+ILD1b2+ILD1b3
4
-0.7476 0.2765
2.5025 0.2765
2.5025 0.3955
-0.7476 0.3955
4

IMD1a
4
-0.7476 0.3955
2.5025 0.3955
2.5025 0.4065
-0.7476 0.4065
5.2

IMD1b
4
-0.7476 0.4065
2.5025 0.4065
2.5025 0.4665
-0.7476 0.4665
2.8

IMD2a
4
-0.7476 0.4665
2.5025 0.4665
2.5025 0.4875
-0.7476 0.4875
5.2

IMD2b
4
-0.7476 0.4875
2.5025 0.4875
2.5025 0.5025
-0.7476 0.5025
4.2

IMD2c
4
-0.7476 0.5025
2.5025 0.5025
2.5025 0.5265
-0.7476 0.5265
3.28

IMD2d1+IMD2d2
4
-0.7476 0.5265
2.5025 0.5265
2.5025 0.6535
-0.7476 0.6535
2.65

IMD3a
4
-0.7476 0.6535
2.5025 0.6535
2.5025 0.6745
-0.7476 0.6745
5.2

IMD3b
4
-0.7476 0.6745
2.5025 0.6745
2.5025 0.6895
-0.7476 0.6895
4.2

IMD3c
4
-0.7476 0.6895
2.5025 0.6895
2.5025 0.7135
-0.7476 0.7135
3.28

IMD3d1+IMD3d2
4
-0.7476 0.7135
2.5025 0.7135
2.5025 0.8405
-0.7476 0.8405
2.65

IMD4a
4
-0.7476 0.8405
2.5025 0.8405
2.5025 0.8615
-0.7476 0.8615
5.2

IMD4b
4
-0.7476 0.8615
2.5025 0.8615
2.5025 0.8765
-0.7476 0.8765
4.2

IMD4c
4
-0.7476 0.8765
2.5025 0.8765
2.5025 0.9005
-0.7476 0.9005
3.28

IMD4d1+IMD4d2
4
-0.7476 0.9005
2.5025 0.9005
2.5025 1.0275
-0.7476 1.0275
2.65

IMD5a
4
-0.7476 1.0275
2.5025 1.0275
2.5025 1.0485
-0.7476 1.0485
5.2

IMD5b
4
-0.7476 1.0485
2.5025 1.0485
2.5025 1.0635
-0.7476 1.0635
4.2

IMD5c
4
-0.7476 1.0635
2.5025 1.0635
2.5025 1.0875
-0.7476 1.0875
3.28

IMD5d1+IMD5d2
4
-0.7476 1.0875
2.5025 1.0875
2.5025 1.2145
-0.7476 1.2145
2.65

IMD6a
4
-0.7476 1.2145
2.5025 1.2145
2.5025 1.2355
-0.7476 1.2355
5.2

IMD6b
4
-0.7476 1.2355
2.5025 1.2355
2.5025 1.2505
-0.7476 1.2505
4.2

IMD6c
4
-0.7476 1.2505
2.5025 1.2505
2.5025 1.2745
-0.7476 1.2745
3.28

IMD6d1
12
-0.7476 1.2745
2.5025 1.2745
2.5025 1.2925
2.008924 1.2925
1.096076 1.2925
1.063924 1.2925
0.151076 1.2925
0.073924 1.2925
-0.073924 1.2925
-0.106076 1.2925
-0.253924 1.2925
-0.7476 1.2925
2.65

IMD6d1
4
-0.7476 1.2925
-0.253924 1.2925
-0.254528 1.3025
-0.7476 1.3025
2.65

IMD6d1_damage
8
-0.253924 1.2925
-0.106076 1.2925
-0.105472 1.3025
-0.110481 1.3025
-0.11549 1.3025
-0.24451 1.3025
-0.249519 1.3025
-0.254528 1.3025
3.1

IMD6d1
4
-0.106076 1.2925
-0.073924 1.2925
-0.074528 1.3025
-0.105472 1.3025
2.65

IMD6d1_damage
8
-0.073924 1.2925
0.073924 1.2925
0.074528 1.3025
0.069519 1.3025
0.06451 1.3025
-0.06451 1.3025
-0.069519 1.3025
-0.074528 1.3025
3.1

IMD6d1
4
0.073924 1.2925
0.151076 1.2925
0.150472 1.3025
0.074528 1.3025
2.65

IMD6d1_damage
8
0.151076 1.2925
1.063924 1.2925
1.064528 1.3025
1.059519 1.3025
1.05451 1.3025
0.16049 1.3025
0.155481 1.3025
0.150472 1.3025
3.1

IMD6d1
4
1.063924 1.2925
1.096076 1.2925
1.095472 1.3025
1.064528 1.3025
2.65

IMD6d1_damage
8
1.096076 1.2925
2.008924 1.2925
2.009528 1.3025
2.004519 1.3025
1.99951 1.3025
1.10549 1.3025
1.100481 1.3025
1.095472 1.3025
3.1

IMD6d1
4
2.008924 1.2925
2.5025 1.2925
2.5025 1.3025
2.009528 1.3025
2.65

IMD6d2
5
-0.7476 1.3025
-0.254528 1.3025
-0.249519 1.3025
-0.255499 1.4015
-0.7476 1.4015
2.65

IMD6d2_damage
4
-0.249519 1.3025
-0.24451 1.3025
-0.25049 1.4015
-0.255499 1.4015
2.9

IMD6d2_damage
4
-0.11549 1.3025
-0.110481 1.3025
-0.104501 1.4015
-0.10951 1.4015
2.9

IMD6d2
6
-0.110481 1.3025
-0.105472 1.3025
-0.074528 1.3025
-0.069519 1.3025
-0.075499 1.4015
-0.104501 1.4015
2.65

IMD6d2_damage
4
-0.069519 1.3025
-0.06451 1.3025
-0.07049 1.4015
-0.075499 1.4015
2.9

IMD6d2_damage
4
0.06451 1.3025
0.069519 1.3025
0.075499 1.4015
0.07049 1.4015
2.9

IMD6d2
6
0.069519 1.3025
0.074528 1.3025
0.150472 1.3025
0.155481 1.3025
0.149501 1.4015
0.075499 1.4015
2.65

IMD6d2_damage
4
0.155481 1.3025
0.16049 1.3025
0.15451 1.4015
0.149501 1.4015
2.9

IMD6d2_damage
4
1.05451 1.3025
1.059519 1.3025
1.065499 1.4015
1.06049 1.4015
2.9

IMD6d2
6
1.059519 1.3025
1.064528 1.3025
1.095472 1.3025
1.100481 1.3025
1.094501 1.4015
1.065499 1.4015
2.65

IMD6d2_damage
4
1.100481 1.3025
1.10549 1.3025
1.09951 1.4015
1.094501 1.4015
2.9

IMD6d2_damage
4
1.99951 1.3025
2.004519 1.3025
2.010499 1.4015
2.00549 1.4015
2.9

IMD6d2
5
2.004519 1.3025
2.009528 1.3025
2.5025 1.3025
2.5025 1.4015
2.010499 1.4015
2.65

IMD7a
20
-0.7476 1.4015
-0.255499 1.4015
-0.25049 1.4015
-0.10951 1.4015
-0.104501 1.4015
-0.075499 1.4015
-0.07049 1.4015
0.07049 1.4015
0.075499 1.4015
0.149501 1.4015
0.15451 1.4015
1.06049 1.4015
1.065499 1.4015
1.094501 1.4015
1.09951 1.4015
2.00549 1.4015
2.010499 1.4015
2.5025 1.4015
2.5025 1.4225
-0.7476 1.4225
5.2

IMD7b1+IMD7b2
4
-0.7476 1.4765
2.5025 1.4765
2.5025 2.9765
-0.7476 2.9765
4.2

IMD8a
4
-0.7476 2.9765
2.5025 2.9765
2.5025 3.0515
-0.7476 3.0515
5.2

IMD8b1+IMD8b2
4
-0.7476 3.0515
2.5025 3.0515
2.5025 4.5515
-0.7476 4.5515
4.2

PASS1
4
-0.7476 4.5515
2.5025 4.5515
2.5025 4.6265
-0.7476 4.6265
7

PASS2
4
-0.7476 4.6265
2.5025 4.6265
2.5025 5.0265
-0.7476 5.0265
4.2

PASS3
4
-0.7476 5.0265
2.5025 5.0265
2.5025 5.1015
-0.7476 5.1015
7

PASS4+PASS5
4
-0.7476 5.1015
2.5025 5.1015
2.5025 6.0515
-0.7476 6.0515
4.2

PASS6
4
-0.7476 6.0515
2.5025 6.0515
2.5025 6.6515
-0.7476 6.6515
7

air_Layer
4
-0.7476 6.6515
2.5025 6.6515
2.5025 7.0565
-0.7476 7.0565
1


4
-0.7476 0.001
2.5025 0.001
2.5025 7.0565
-0.7476 7.0565

