c1
4
-0.06451 1.3025
0.06451 1.3025
0.07049 1.4015
-0.07049 1.4015

5
botleft
4
-0.7475 -0.001
0 -0.001
0 0.001
-0.7475 0.001

botright
4
0 -0.001
3.0425 -0.001
3.0425 0.001
0 0.001

lEnv
4
-0.24451 1.3025
-0.11549 1.3025
-0.10951 1.4015
-0.25049 1.4015

c2
4
0.70049 1.3025
1.59451 1.3025
1.60049 1.4015
0.69451 1.4015

rEnv
4
1.64549 1.3025
2.53951 1.3025
2.54549 1.4015
1.63951 1.4015


57
FOXA+FOXB+TOX
6
-0.7476 0.001
-0.7475 0.001
0 0.001
3.0425 0.001
3.0425 0.2665
-0.7476 0.2665
4

ILD1a
4
-0.7476 0.2665
3.0425 0.2665
3.0425 0.2765
-0.7476 0.2765
7

ILD1b1+ILD1b2+ILD1b3
4
-0.7476 0.2765
3.0425 0.2765
3.0425 0.3955
-0.7476 0.3955
4

IMD1a
4
-0.7476 0.3955
3.0425 0.3955
3.0425 0.4065
-0.7476 0.4065
5.2

IMD1b
4
-0.7476 0.4065
3.0425 0.4065
3.0425 0.4665
-0.7476 0.4665
2.8

IMD2a
4
-0.7476 0.4665
3.0425 0.4665
3.0425 0.4875
-0.7476 0.4875
5.2

IMD2b
4
-0.7476 0.4875
3.0425 0.4875
3.0425 0.5025
-0.7476 0.5025
4.2

IMD2c
4
-0.7476 0.5025
3.0425 0.5025
3.0425 0.5265
-0.7476 0.5265
3.28

IMD2d1+IMD2d2
4
-0.7476 0.5265
3.0425 0.5265
3.0425 0.6535
-0.7476 0.6535
2.65

IMD3a
4
-0.7476 0.6535
3.0425 0.6535
3.0425 0.6745
-0.7476 0.6745
5.2

IMD3b
4
-0.7476 0.6745
3.0425 0.6745
3.0425 0.6895
-0.7476 0.6895
4.2

IMD3c
4
-0.7476 0.6895
3.0425 0.6895
3.0425 0.7135
-0.7476 0.7135
3.28

IMD3d1+IMD3d2
4
-0.7476 0.7135
3.0425 0.7135
3.0425 0.8405
-0.7476 0.8405
2.65

IMD4a
4
-0.7476 0.8405
3.0425 0.8405
3.0425 0.8615
-0.7476 0.8615
5.2

IMD4b
4
-0.7476 0.8615
3.0425 0.8615
3.0425 0.8765
-0.7476 0.8765
4.2

IMD4c
4
-0.7476 0.8765
3.0425 0.8765
3.0425 0.9005
-0.7476 0.9005
3.28

IMD4d1+IMD4d2
4
-0.7476 0.9005
3.0425 0.9005
3.0425 1.0275
-0.7476 1.0275
2.65

IMD5a
4
-0.7476 1.0275
3.0425 1.0275
3.0425 1.0485
-0.7476 1.0485
5.2

IMD5b
4
-0.7476 1.0485
3.0425 1.0485
3.0425 1.0635
-0.7476 1.0635
4.2

IMD5c
4
-0.7476 1.0635
3.0425 1.0635
3.0425 1.0875
-0.7476 1.0875
3.28

IMD5d1+IMD5d2
4
-0.7476 1.0875
3.0425 1.0875
3.0425 1.2145
-0.7476 1.2145
2.65

IMD6a
4
-0.7476 1.2145
3.0425 1.2145
3.0425 1.2355
-0.7476 1.2355
5.2

IMD6b
4
-0.7476 1.2355
3.0425 1.2355
3.0425 1.2505
-0.7476 1.2505
4.2

IMD6c
4
-0.7476 1.2505
3.0425 1.2505
3.0425 1.2745
-0.7476 1.2745
3.28

IMD6d1
12
-0.7476 1.2745
3.0425 1.2745
3.0425 1.2925
2.548924 1.2925
1.636076 1.2925
1.603924 1.2925
0.691076 1.2925
0.073924 1.2925
-0.073924 1.2925
-0.106076 1.2925
-0.253924 1.2925
-0.7476 1.2925
2.65

IMD6d1
4
-0.7476 1.2925
-0.253924 1.2925
-0.254528 1.3025
-0.7476 1.3025
2.65

IMD6d1_damage
8
-0.253924 1.2925
-0.106076 1.2925
-0.105472 1.3025
-0.110481 1.3025
-0.11549 1.3025
-0.24451 1.3025
-0.249519 1.3025
-0.254528 1.3025
3.1

IMD6d1
4
-0.106076 1.2925
-0.073924 1.2925
-0.074528 1.3025
-0.105472 1.3025
2.65

IMD6d1_damage
8
-0.073924 1.2925
0.073924 1.2925
0.074528 1.3025
0.069519 1.3025
0.06451 1.3025
-0.06451 1.3025
-0.069519 1.3025
-0.074528 1.3025
3.1

IMD6d1
4
0.073924 1.2925
0.691076 1.2925
0.690472 1.3025
0.074528 1.3025
2.65

IMD6d1_damage
8
0.691076 1.2925
1.603924 1.2925
1.604528 1.3025
1.599519 1.3025
1.59451 1.3025
0.70049 1.3025
0.695481 1.3025
0.690472 1.3025
3.1

IMD6d1
4
1.603924 1.2925
1.636076 1.2925
1.635472 1.3025
1.604528 1.3025
2.65

IMD6d1_damage
8
1.636076 1.2925
2.548924 1.2925
2.549528 1.3025
2.544519 1.3025
2.53951 1.3025
1.64549 1.3025
1.640481 1.3025
1.635472 1.3025
3.1

IMD6d1
4
2.548924 1.2925
3.0425 1.2925
3.0425 1.3025
2.549528 1.3025
2.65

IMD6d2
5
-0.7476 1.3025
-0.254528 1.3025
-0.249519 1.3025
-0.255499 1.4015
-0.7476 1.4015
2.65

IMD6d2_damage
4
-0.249519 1.3025
-0.24451 1.3025
-0.25049 1.4015
-0.255499 1.4015
2.9

IMD6d2_damage
4
-0.11549 1.3025
-0.110481 1.3025
-0.104501 1.4015
-0.10951 1.4015
2.9

IMD6d2
6
-0.110481 1.3025
-0.105472 1.3025
-0.074528 1.3025
-0.069519 1.3025
-0.075499 1.4015
-0.104501 1.4015
2.65

IMD6d2_damage
4
-0.069519 1.3025
-0.06451 1.3025
-0.07049 1.4015
-0.075499 1.4015
2.9

IMD6d2_damage
4
0.06451 1.3025
0.069519 1.3025
0.075499 1.4015
0.07049 1.4015
2.9

IMD6d2
6
0.069519 1.3025
0.074528 1.3025
0.690472 1.3025
0.695481 1.3025
0.689501 1.4015
0.075499 1.4015
2.65

IMD6d2_damage
4
0.695481 1.3025
0.70049 1.3025
0.69451 1.4015
0.689501 1.4015
2.9

IMD6d2_damage
4
1.59451 1.3025
1.599519 1.3025
1.605499 1.4015
1.60049 1.4015
2.9

IMD6d2
6
1.599519 1.3025
1.604528 1.3025
1.635472 1.3025
1.640481 1.3025
1.634501 1.4015
1.605499 1.4015
2.65

IMD6d2_damage
4
1.640481 1.3025
1.64549 1.3025
1.63951 1.4015
1.634501 1.4015
2.9

IMD6d2_damage
4
2.53951 1.3025
2.544519 1.3025
2.550499 1.4015
2.54549 1.4015
2.9

IMD6d2
5
2.544519 1.3025
2.549528 1.3025
3.0425 1.3025
3.0425 1.4015
2.550499 1.4015
2.65

IMD7a
20
-0.7476 1.4015
-0.255499 1.4015
-0.25049 1.4015
-0.10951 1.4015
-0.104501 1.4015
-0.075499 1.4015
-0.07049 1.4015
0.07049 1.4015
0.075499 1.4015
0.689501 1.4015
0.69451 1.4015
1.60049 1.4015
1.605499 1.4015
1.634501 1.4015
1.63951 1.4015
2.54549 1.4015
2.550499 1.4015
3.0425 1.4015
3.0425 1.4225
-0.7476 1.4225
5.2

IMD7b1+IMD7b2
4
-0.7476 1.4765
3.0425 1.4765
3.0425 2.9765
-0.7476 2.9765
4.2

IMD8a
4
-0.7476 2.9765
3.0425 2.9765
3.0425 3.0515
-0.7476 3.0515
5.2

IMD8b1+IMD8b2
4
-0.7476 3.0515
3.0425 3.0515
3.0425 4.5515
-0.7476 4.5515
4.2

PASS1
4
-0.7476 4.5515
3.0425 4.5515
3.0425 4.6265
-0.7476 4.6265
7

PASS2
4
-0.7476 4.6265
3.0425 4.6265
3.0425 5.0265
-0.7476 5.0265
4.2

PASS3
4
-0.7476 5.0265
3.0425 5.0265
3.0425 5.1015
-0.7476 5.1015
7

PASS4+PASS5
4
-0.7476 5.1015
3.0425 5.1015
3.0425 6.0515
-0.7476 6.0515
4.2

PASS6
4
-0.7476 6.0515
3.0425 6.0515
3.0425 6.6515
-0.7476 6.6515
7

air_Layer
4
-0.7476 6.6515
3.0425 6.6515
3.0425 7.0565
-0.7476 7.0565
1


4
-0.7476 0.001
3.0425 0.001
3.0425 7.0565
-0.7476 7.0565

