c1
4
-0.01951 1.1155
0.01951 1.1155
0.02549 1.2145
-0.02549 1.2145

5
botleft
4
-0.8825 -0.001
0 -0.001
0 0.001
-0.8825 0.001

botright
4
0 -0.001
3.2675 -0.001
3.2675 0.001
0 0.001

lEnv
4
-0.37951 1.1155
-0.34049 1.1155
-0.33451 1.2145
-0.38549 1.2145

c2
4
0.65549 1.1155
1.54951 1.1155
1.55549 1.2145
0.64951 1.2145

rEnv
4
1.87049 1.1155
2.76451 1.1155
2.77049 1.2145
1.86451 1.2145


57
FOXA+FOXB+TOX
5
-0.8825 0.001
0 0.001
3.2675 0.001
3.2675 0.2665
-0.8825 0.2665
4

ILD1a
4
-0.8825 0.2665
3.2675 0.2665
3.2675 0.2765
-0.8825 0.2765
7

ILD1b1+ILD1b2+ILD1b3
4
-0.8825 0.2765
3.2675 0.2765
3.2675 0.3955
-0.8825 0.3955
4

IMD1a
4
-0.8825 0.3955
3.2675 0.3955
3.2675 0.4065
-0.8825 0.4065
5.2

IMD1b
4
-0.8825 0.4065
3.2675 0.4065
3.2675 0.4665
-0.8825 0.4665
2.8

IMD2a
4
-0.8825 0.4665
3.2675 0.4665
3.2675 0.4875
-0.8825 0.4875
5.2

IMD2b
4
-0.8825 0.4875
3.2675 0.4875
3.2675 0.5025
-0.8825 0.5025
4.2

IMD2c
4
-0.8825 0.5025
3.2675 0.5025
3.2675 0.5265
-0.8825 0.5265
3.28

IMD2d1+IMD2d2
4
-0.8825 0.5265
3.2675 0.5265
3.2675 0.6535
-0.8825 0.6535
2.65

IMD3a
4
-0.8825 0.6535
3.2675 0.6535
3.2675 0.6745
-0.8825 0.6745
5.2

IMD3b
4
-0.8825 0.6745
3.2675 0.6745
3.2675 0.6895
-0.8825 0.6895
4.2

IMD3c
4
-0.8825 0.6895
3.2675 0.6895
3.2675 0.7135
-0.8825 0.7135
3.28

IMD3d1+IMD3d2
4
-0.8825 0.7135
3.2675 0.7135
3.2675 0.8405
-0.8825 0.8405
2.65

IMD4a
4
-0.8825 0.8405
3.2675 0.8405
3.2675 0.8615
-0.8825 0.8615
5.2

IMD4b
4
-0.8825 0.8615
3.2675 0.8615
3.2675 0.8765
-0.8825 0.8765
4.2

IMD4c
4
-0.8825 0.8765
3.2675 0.8765
3.2675 0.9005
-0.8825 0.9005
3.28

IMD4d1+IMD4d2
4
-0.8825 0.9005
3.2675 0.9005
3.2675 1.0275
-0.8825 1.0275
2.65

IMD5a
4
-0.8825 1.0275
3.2675 1.0275
3.2675 1.0485
-0.8825 1.0485
5.2

IMD5b
4
-0.8825 1.0485
3.2675 1.0485
3.2675 1.0635
-0.8825 1.0635
4.2

IMD5c
4
-0.8825 1.0635
3.2675 1.0635
3.2675 1.0875
-0.8825 1.0875
3.28

IMD5d1
12
-0.8825 1.0875
3.2675 1.0875
3.2675 1.1055
2.773924 1.1055
1.861076 1.1055
1.558924 1.1055
0.646076 1.1055
0.028924 1.1055
-0.028924 1.1055
-0.331076 1.1055
-0.388924 1.1055
-0.8825 1.1055
2.65

IMD5d1
4
-0.8825 1.1055
-0.388924 1.1055
-0.389528 1.1155
-0.8825 1.1155
2.65

IMD5d1_damage
8
-0.388924 1.1055
-0.331076 1.1055
-0.330472 1.1155
-0.335481 1.1155
-0.34049 1.1155
-0.37951 1.1155
-0.384519 1.1155
-0.389528 1.1155
3.1

IMD5d1
4
-0.331076 1.1055
-0.028924 1.1055
-0.029528 1.1155
-0.330472 1.1155
2.65

IMD5d1_damage
8
-0.028924 1.1055
0.028924 1.1055
0.029528 1.1155
0.024519 1.1155
0.01951 1.1155
-0.01951 1.1155
-0.024519 1.1155
-0.029528 1.1155
3.1

IMD5d1
4
0.028924 1.1055
0.646076 1.1055
0.645472 1.1155
0.029528 1.1155
2.65

IMD5d1_damage
8
0.646076 1.1055
1.558924 1.1055
1.559528 1.1155
1.554519 1.1155
1.54951 1.1155
0.65549 1.1155
0.650481 1.1155
0.645472 1.1155
3.1

IMD5d1
4
1.558924 1.1055
1.861076 1.1055
1.860472 1.1155
1.559528 1.1155
2.65

IMD5d1_damage
8
1.861076 1.1055
2.773924 1.1055
2.774528 1.1155
2.769519 1.1155
2.76451 1.1155
1.87049 1.1155
1.865481 1.1155
1.860472 1.1155
3.1

IMD5d1
4
2.773924 1.1055
3.2675 1.1055
3.2675 1.1155
2.774528 1.1155
2.65

IMD5d2
5
-0.8825 1.1155
-0.389528 1.1155
-0.384519 1.1155
-0.390499 1.2145
-0.8825 1.2145
2.65

IMD5d2_damage
4
-0.384519 1.1155
-0.37951 1.1155
-0.38549 1.2145
-0.390499 1.2145
2.9

IMD5d2_damage
4
-0.34049 1.1155
-0.335481 1.1155
-0.329501 1.2145
-0.33451 1.2145
2.9

IMD5d2
6
-0.335481 1.1155
-0.330472 1.1155
-0.029528 1.1155
-0.024519 1.1155
-0.030499 1.2145
-0.329501 1.2145
2.65

IMD5d2_damage
4
-0.024519 1.1155
-0.01951 1.1155
-0.02549 1.2145
-0.030499 1.2145
2.9

IMD5d2_damage
4
0.01951 1.1155
0.024519 1.1155
0.030499 1.2145
0.02549 1.2145
2.9

IMD5d2
6
0.024519 1.1155
0.029528 1.1155
0.645472 1.1155
0.650481 1.1155
0.644501 1.2145
0.030499 1.2145
2.65

IMD5d2_damage
4
0.650481 1.1155
0.65549 1.1155
0.64951 1.2145
0.644501 1.2145
2.9

IMD5d2_damage
4
1.54951 1.1155
1.554519 1.1155
1.560499 1.2145
1.55549 1.2145
2.9

IMD5d2
6
1.554519 1.1155
1.559528 1.1155
1.860472 1.1155
1.865481 1.1155
1.859501 1.2145
1.560499 1.2145
2.65

IMD5d2_damage
4
1.865481 1.1155
1.87049 1.1155
1.86451 1.2145
1.859501 1.2145
2.9

IMD5d2_damage
4
2.76451 1.1155
2.769519 1.1155
2.775499 1.2145
2.77049 1.2145
2.9

IMD5d2
5
2.769519 1.1155
2.774528 1.1155
3.2675 1.1155
3.2675 1.2145
2.775499 1.2145
2.65

IMD6a
20
-0.8825 1.2145
-0.390499 1.2145
-0.38549 1.2145
-0.33451 1.2145
-0.329501 1.2145
-0.030499 1.2145
-0.02549 1.2145
0.02549 1.2145
0.030499 1.2145
0.644501 1.2145
0.64951 1.2145
1.55549 1.2145
1.560499 1.2145
1.859501 1.2145
1.86451 1.2145
2.77049 1.2145
2.775499 1.2145
3.2675 1.2145
3.2675 1.2355
-0.8825 1.2355
5.2

IMD6b
4
-0.8825 1.2355
3.2675 1.2355
3.2675 1.2505
-0.8825 1.2505
4.2

IMD6c
4
-0.8825 1.2505
3.2675 1.2505
3.2675 1.2745
-0.8825 1.2745
3.28

IMD6d1+IMD6d2
4
-0.8825 1.2745
3.2675 1.2745
3.2675 1.4015
-0.8825 1.4015
2.65

IMD7a
4
-0.8825 1.4015
3.2675 1.4015
3.2675 1.4765
-0.8825 1.4765
5.2

IMD7b1+IMD7b2
4
-0.8825 1.4765
3.2675 1.4765
3.2675 2.9765
-0.8825 2.9765
4.2

IMD8a
4
-0.8825 2.9765
3.2675 2.9765
3.2675 3.0515
-0.8825 3.0515
5.2

IMD8b1+IMD8b2
4
-0.8825 3.0515
3.2675 3.0515
3.2675 4.5515
-0.8825 4.5515
4.2

PASS1
4
-0.8825 4.5515
3.2675 4.5515
3.2675 4.6265
-0.8825 4.6265
7

PASS2
4
-0.8825 4.6265
3.2675 4.6265
3.2675 5.0265
-0.8825 5.0265
4.2

PASS3
4
-0.8825 5.0265
3.2675 5.0265
3.2675 5.1015
-0.8825 5.1015
7

PASS4+PASS5
4
-0.8825 5.1015
3.2675 5.1015
3.2675 6.0515
-0.8825 6.0515
4.2

PASS6
4
-0.8825 6.0515
3.2675 6.0515
3.2675 6.6515
-0.8825 6.6515
7

air_Layer
4
-0.8825 6.6515
3.2675 6.6515
3.2675 6.9485
-0.8825 6.9485
1


4
-0.8825 0.001
3.2675 0.001
3.2675 6.9485
-0.8825 6.9485

