c1
4
-0.44701 1.1155
0.44701 1.1155
0.45299 1.2145
-0.45299 1.2145

5
botleft
4
-1.895 -0.001
0 -0.001
0 0.001
-1.895 0.001

botright
4
0 -0.001
2.8175 -0.001
2.8175 0.001
0 0.001

lEnv
4
-1.39201 1.1155
-0.49799 1.1155
-0.49201 1.2145
-1.39799 1.2145

c2
4
0.47549 1.1155
1.36951 1.1155
1.37549 1.2145
0.46951 1.2145

rEnv
4
1.42049 1.1155
2.31451 1.1155
2.32049 1.2145
1.41451 1.2145


57
FOXA+FOXB+TOX
5
-1.895 0.001
0 0.001
2.8175 0.001
2.8175 0.2665
-1.895 0.2665
4

ILD1a
4
-1.895 0.2665
2.8175 0.2665
2.8175 0.2765
-1.895 0.2765
7

ILD1b1+ILD1b2+ILD1b3
4
-1.895 0.2765
2.8175 0.2765
2.8175 0.3955
-1.895 0.3955
4

IMD1a
4
-1.895 0.3955
2.8175 0.3955
2.8175 0.4065
-1.895 0.4065
5.2

IMD1b
4
-1.895 0.4065
2.8175 0.4065
2.8175 0.4665
-1.895 0.4665
2.8

IMD2a
4
-1.895 0.4665
2.8175 0.4665
2.8175 0.4875
-1.895 0.4875
5.2

IMD2b
4
-1.895 0.4875
2.8175 0.4875
2.8175 0.5025
-1.895 0.5025
4.2

IMD2c
4
-1.895 0.5025
2.8175 0.5025
2.8175 0.5265
-1.895 0.5265
3.28

IMD2d1+IMD2d2
4
-1.895 0.5265
2.8175 0.5265
2.8175 0.6535
-1.895 0.6535
2.65

IMD3a
4
-1.895 0.6535
2.8175 0.6535
2.8175 0.6745
-1.895 0.6745
5.2

IMD3b
4
-1.895 0.6745
2.8175 0.6745
2.8175 0.6895
-1.895 0.6895
4.2

IMD3c
4
-1.895 0.6895
2.8175 0.6895
2.8175 0.7135
-1.895 0.7135
3.28

IMD3d1+IMD3d2
4
-1.895 0.7135
2.8175 0.7135
2.8175 0.8405
-1.895 0.8405
2.65

IMD4a
4
-1.895 0.8405
2.8175 0.8405
2.8175 0.8615
-1.895 0.8615
5.2

IMD4b
4
-1.895 0.8615
2.8175 0.8615
2.8175 0.8765
-1.895 0.8765
4.2

IMD4c
4
-1.895 0.8765
2.8175 0.8765
2.8175 0.9005
-1.895 0.9005
3.28

IMD4d1+IMD4d2
4
-1.895 0.9005
2.8175 0.9005
2.8175 1.0275
-1.895 1.0275
2.65

IMD5a
4
-1.895 1.0275
2.8175 1.0275
2.8175 1.0485
-1.895 1.0485
5.2

IMD5b
4
-1.895 1.0485
2.8175 1.0485
2.8175 1.0635
-1.895 1.0635
4.2

IMD5c
4
-1.895 1.0635
2.8175 1.0635
2.8175 1.0875
-1.895 1.0875
3.28

IMD5d1
12
-1.895 1.0875
2.8175 1.0875
2.8175 1.1055
2.323924 1.1055
1.411076 1.1055
1.378924 1.1055
0.466076 1.1055
0.456424 1.1055
-0.456424 1.1055
-0.488576 1.1055
-1.401424 1.1055
-1.895 1.1055
2.65

IMD5d1
4
-1.895 1.1055
-1.401424 1.1055
-1.402028 1.1155
-1.895 1.1155
2.65

IMD5d1_damage
8
-1.401424 1.1055
-0.488576 1.1055
-0.487972 1.1155
-0.492981 1.1155
-0.49799 1.1155
-1.39201 1.1155
-1.397019 1.1155
-1.402028 1.1155
3.1

IMD5d1
4
-0.488576 1.1055
-0.456424 1.1055
-0.457028 1.1155
-0.487972 1.1155
2.65

IMD5d1_damage
8
-0.456424 1.1055
0.456424 1.1055
0.457028 1.1155
0.452019 1.1155
0.44701 1.1155
-0.44701 1.1155
-0.452019 1.1155
-0.457028 1.1155
3.1

IMD5d1
4
0.456424 1.1055
0.466076 1.1055
0.465472 1.1155
0.457028 1.1155
2.65

IMD5d1_damage
8
0.466076 1.1055
1.378924 1.1055
1.379528 1.1155
1.374519 1.1155
1.36951 1.1155
0.47549 1.1155
0.470481 1.1155
0.465472 1.1155
3.1

IMD5d1
4
1.378924 1.1055
1.411076 1.1055
1.410472 1.1155
1.379528 1.1155
2.65

IMD5d1_damage
8
1.411076 1.1055
2.323924 1.1055
2.324528 1.1155
2.319519 1.1155
2.31451 1.1155
1.42049 1.1155
1.415481 1.1155
1.410472 1.1155
3.1

IMD5d1
4
2.323924 1.1055
2.8175 1.1055
2.8175 1.1155
2.324528 1.1155
2.65

IMD5d2
5
-1.895 1.1155
-1.402028 1.1155
-1.397019 1.1155
-1.402999 1.2145
-1.895 1.2145
2.65

IMD5d2_damage
4
-1.397019 1.1155
-1.39201 1.1155
-1.39799 1.2145
-1.402999 1.2145
2.9

IMD5d2_damage
4
-0.49799 1.1155
-0.492981 1.1155
-0.487001 1.2145
-0.49201 1.2145
2.9

IMD5d2
6
-0.492981 1.1155
-0.487972 1.1155
-0.457028 1.1155
-0.452019 1.1155
-0.457999 1.2145
-0.487001 1.2145
2.65

IMD5d2_damage
4
-0.452019 1.1155
-0.44701 1.1155
-0.45299 1.2145
-0.457999 1.2145
2.9

IMD5d2_damage
4
0.44701 1.1155
0.452019 1.1155
0.457999 1.2145
0.45299 1.2145
2.9

IMD5d2
6
0.452019 1.1155
0.457028 1.1155
0.465472 1.1155
0.470481 1.1155
0.464501 1.2145
0.457999 1.2145
2.65

IMD5d2_damage
4
0.470481 1.1155
0.47549 1.1155
0.46951 1.2145
0.464501 1.2145
2.9

IMD5d2_damage
4
1.36951 1.1155
1.374519 1.1155
1.380499 1.2145
1.37549 1.2145
2.9

IMD5d2
6
1.374519 1.1155
1.379528 1.1155
1.410472 1.1155
1.415481 1.1155
1.409501 1.2145
1.380499 1.2145
2.65

IMD5d2_damage
4
1.415481 1.1155
1.42049 1.1155
1.41451 1.2145
1.409501 1.2145
2.9

IMD5d2_damage
4
2.31451 1.1155
2.319519 1.1155
2.325499 1.2145
2.32049 1.2145
2.9

IMD5d2
5
2.319519 1.1155
2.324528 1.1155
2.8175 1.1155
2.8175 1.2145
2.325499 1.2145
2.65

IMD6a
20
-1.895 1.2145
-1.402999 1.2145
-1.39799 1.2145
-0.49201 1.2145
-0.487001 1.2145
-0.457999 1.2145
-0.45299 1.2145
0.45299 1.2145
0.457999 1.2145
0.464501 1.2145
0.46951 1.2145
1.37549 1.2145
1.380499 1.2145
1.409501 1.2145
1.41451 1.2145
2.32049 1.2145
2.325499 1.2145
2.8175 1.2145
2.8175 1.2355
-1.895 1.2355
5.2

IMD6b
4
-1.895 1.2355
2.8175 1.2355
2.8175 1.2505
-1.895 1.2505
4.2

IMD6c
4
-1.895 1.2505
2.8175 1.2505
2.8175 1.2745
-1.895 1.2745
3.28

IMD6d1+IMD6d2
4
-1.895 1.2745
2.8175 1.2745
2.8175 1.4015
-1.895 1.4015
2.65

IMD7a
4
-1.895 1.4015
2.8175 1.4015
2.8175 1.4765
-1.895 1.4765
5.2

IMD7b1+IMD7b2
4
-1.895 1.4765
2.8175 1.4765
2.8175 2.9765
-1.895 2.9765
4.2

IMD8a
4
-1.895 2.9765
2.8175 2.9765
2.8175 3.0515
-1.895 3.0515
5.2

IMD8b1+IMD8b2
4
-1.895 3.0515
2.8175 3.0515
2.8175 4.5515
-1.895 4.5515
4.2

PASS1
4
-1.895 4.5515
2.8175 4.5515
2.8175 4.6265
-1.895 4.6265
7

PASS2
4
-1.895 4.6265
2.8175 4.6265
2.8175 5.0265
-1.895 5.0265
4.2

PASS3
4
-1.895 5.0265
2.8175 5.0265
2.8175 5.1015
-1.895 5.1015
7

PASS4+PASS5
4
-1.895 5.1015
2.8175 5.1015
2.8175 6.0515
-1.895 6.0515
4.2

PASS6
4
-1.895 6.0515
2.8175 6.0515
2.8175 6.6515
-1.895 6.6515
7

air_Layer
4
-1.895 6.6515
2.8175 6.6515
2.8175 9.3515
-1.895 9.3515
1


4
-1.895 0.001
2.8175 0.001
2.8175 9.3515
-1.895 9.3515

