c1
4
-0.44701 1.3025
0.44701 1.3025
0.45299 1.4015
-0.45299 1.4015

5
botleft
4
-1.895 -0.001
0 -0.001
0 0.001
-1.895 0.001

botright
4
0 -0.001
1.2875 -0.001
1.2875 0.001
0 0.001

lEnv
4
-1.39201 1.3025
-0.49799 1.3025
-0.49201 1.4015
-1.39799 1.4015

c2
4
0.47549 1.3025
0.60451 1.3025
0.61049 1.4015
0.46951 1.4015

rEnv
4
0.65549 1.3025
0.78451 1.3025
0.79049 1.4015
0.64951 1.4015


57
FOXA+FOXB+TOX
5
-1.895 0.001
0 0.001
1.2875 0.001
1.2875 0.2665
-1.895 0.2665
4

ILD1a
4
-1.895 0.2665
1.2875 0.2665
1.2875 0.2765
-1.895 0.2765
7

ILD1b1+ILD1b2+ILD1b3
4
-1.895 0.2765
1.2875 0.2765
1.2875 0.3955
-1.895 0.3955
4

IMD1a
4
-1.895 0.3955
1.2875 0.3955
1.2875 0.4065
-1.895 0.4065
5.2

IMD1b
4
-1.895 0.4065
1.2875 0.4065
1.2875 0.4665
-1.895 0.4665
2.8

IMD2a
4
-1.895 0.4665
1.2875 0.4665
1.2875 0.4875
-1.895 0.4875
5.2

IMD2b
4
-1.895 0.4875
1.2875 0.4875
1.2875 0.5025
-1.895 0.5025
4.2

IMD2c
4
-1.895 0.5025
1.2875 0.5025
1.2875 0.5265
-1.895 0.5265
3.28

IMD2d1+IMD2d2
4
-1.895 0.5265
1.2875 0.5265
1.2875 0.6535
-1.895 0.6535
2.65

IMD3a
4
-1.895 0.6535
1.2875 0.6535
1.2875 0.6745
-1.895 0.6745
5.2

IMD3b
4
-1.895 0.6745
1.2875 0.6745
1.2875 0.6895
-1.895 0.6895
4.2

IMD3c
4
-1.895 0.6895
1.2875 0.6895
1.2875 0.7135
-1.895 0.7135
3.28

IMD3d1+IMD3d2
4
-1.895 0.7135
1.2875 0.7135
1.2875 0.8405
-1.895 0.8405
2.65

IMD4a
4
-1.895 0.8405
1.2875 0.8405
1.2875 0.8615
-1.895 0.8615
5.2

IMD4b
4
-1.895 0.8615
1.2875 0.8615
1.2875 0.8765
-1.895 0.8765
4.2

IMD4c
4
-1.895 0.8765
1.2875 0.8765
1.2875 0.9005
-1.895 0.9005
3.28

IMD4d1+IMD4d2
4
-1.895 0.9005
1.2875 0.9005
1.2875 1.0275
-1.895 1.0275
2.65

IMD5a
4
-1.895 1.0275
1.2875 1.0275
1.2875 1.0485
-1.895 1.0485
5.2

IMD5b
4
-1.895 1.0485
1.2875 1.0485
1.2875 1.0635
-1.895 1.0635
4.2

IMD5c
4
-1.895 1.0635
1.2875 1.0635
1.2875 1.0875
-1.895 1.0875
3.28

IMD5d1+IMD5d2
4
-1.895 1.0875
1.2875 1.0875
1.2875 1.2145
-1.895 1.2145
2.65

IMD6a
4
-1.895 1.2145
1.2875 1.2145
1.2875 1.2355
-1.895 1.2355
5.2

IMD6b
4
-1.895 1.2355
1.2875 1.2355
1.2875 1.2505
-1.895 1.2505
4.2

IMD6c
4
-1.895 1.2505
1.2875 1.2505
1.2875 1.2745
-1.895 1.2745
3.28

IMD6d1
12
-1.895 1.2745
1.2875 1.2745
1.2875 1.2925
0.793924 1.2925
0.646076 1.2925
0.613924 1.2925
0.466076 1.2925
0.456424 1.2925
-0.456424 1.2925
-0.488576 1.2925
-1.401424 1.2925
-1.895 1.2925
2.65

IMD6d1
4
-1.895 1.2925
-1.401424 1.2925
-1.402028 1.3025
-1.895 1.3025
2.65

IMD6d1_damage
8
-1.401424 1.2925
-0.488576 1.2925
-0.487972 1.3025
-0.492981 1.3025
-0.49799 1.3025
-1.39201 1.3025
-1.397019 1.3025
-1.402028 1.3025
3.1

IMD6d1
4
-0.488576 1.2925
-0.456424 1.2925
-0.457028 1.3025
-0.487972 1.3025
2.65

IMD6d1_damage
8
-0.456424 1.2925
0.456424 1.2925
0.457028 1.3025
0.452019 1.3025
0.44701 1.3025
-0.44701 1.3025
-0.452019 1.3025
-0.457028 1.3025
3.1

IMD6d1
4
0.456424 1.2925
0.466076 1.2925
0.465472 1.3025
0.457028 1.3025
2.65

IMD6d1_damage
8
0.466076 1.2925
0.613924 1.2925
0.614528 1.3025
0.609519 1.3025
0.60451 1.3025
0.47549 1.3025
0.470481 1.3025
0.465472 1.3025
3.1

IMD6d1
4
0.613924 1.2925
0.646076 1.2925
0.645472 1.3025
0.614528 1.3025
2.65

IMD6d1_damage
8
0.646076 1.2925
0.793924 1.2925
0.794528 1.3025
0.789519 1.3025
0.78451 1.3025
0.65549 1.3025
0.650481 1.3025
0.645472 1.3025
3.1

IMD6d1
4
0.793924 1.2925
1.2875 1.2925
1.2875 1.3025
0.794528 1.3025
2.65

IMD6d2
5
-1.895 1.3025
-1.402028 1.3025
-1.397019 1.3025
-1.402999 1.4015
-1.895 1.4015
2.65

IMD6d2_damage
4
-1.397019 1.3025
-1.39201 1.3025
-1.39799 1.4015
-1.402999 1.4015
2.9

IMD6d2_damage
4
-0.49799 1.3025
-0.492981 1.3025
-0.487001 1.4015
-0.49201 1.4015
2.9

IMD6d2
6
-0.492981 1.3025
-0.487972 1.3025
-0.457028 1.3025
-0.452019 1.3025
-0.457999 1.4015
-0.487001 1.4015
2.65

IMD6d2_damage
4
-0.452019 1.3025
-0.44701 1.3025
-0.45299 1.4015
-0.457999 1.4015
2.9

IMD6d2_damage
4
0.44701 1.3025
0.452019 1.3025
0.457999 1.4015
0.45299 1.4015
2.9

IMD6d2
6
0.452019 1.3025
0.457028 1.3025
0.465472 1.3025
0.470481 1.3025
0.464501 1.4015
0.457999 1.4015
2.65

IMD6d2_damage
4
0.470481 1.3025
0.47549 1.3025
0.46951 1.4015
0.464501 1.4015
2.9

IMD6d2_damage
4
0.60451 1.3025
0.609519 1.3025
0.615499 1.4015
0.61049 1.4015
2.9

IMD6d2
6
0.609519 1.3025
0.614528 1.3025
0.645472 1.3025
0.650481 1.3025
0.644501 1.4015
0.615499 1.4015
2.65

IMD6d2_damage
4
0.650481 1.3025
0.65549 1.3025
0.64951 1.4015
0.644501 1.4015
2.9

IMD6d2_damage
4
0.78451 1.3025
0.789519 1.3025
0.795499 1.4015
0.79049 1.4015
2.9

IMD6d2
5
0.789519 1.3025
0.794528 1.3025
1.2875 1.3025
1.2875 1.4015
0.795499 1.4015
2.65

IMD7a
20
-1.895 1.4015
-1.402999 1.4015
-1.39799 1.4015
-0.49201 1.4015
-0.487001 1.4015
-0.457999 1.4015
-0.45299 1.4015
0.45299 1.4015
0.457999 1.4015
0.464501 1.4015
0.46951 1.4015
0.61049 1.4015
0.615499 1.4015
0.644501 1.4015
0.64951 1.4015
0.79049 1.4015
0.795499 1.4015
1.2875 1.4015
1.2875 1.4225
-1.895 1.4225
5.2

IMD7b1+IMD7b2
4
-1.895 1.4765
1.2875 1.4765
1.2875 2.9765
-1.895 2.9765
4.2

IMD8a
4
-1.895 2.9765
1.2875 2.9765
1.2875 3.0515
-1.895 3.0515
5.2

IMD8b1+IMD8b2
4
-1.895 3.0515
1.2875 3.0515
1.2875 4.5515
-1.895 4.5515
4.2

PASS1
4
-1.895 4.5515
1.2875 4.5515
1.2875 4.6265
-1.895 4.6265
7

PASS2
4
-1.895 4.6265
1.2875 4.6265
1.2875 5.0265
-1.895 5.0265
4.2

PASS3
4
-1.895 5.0265
1.2875 5.0265
1.2875 5.1015
-1.895 5.1015
7

PASS4+PASS5
4
-1.895 5.1015
1.2875 5.1015
1.2875 6.0515
-1.895 6.0515
4.2

PASS6
4
-1.895 6.0515
1.2875 6.0515
1.2875 6.6515
-1.895 6.6515
7

air_Layer
4
-1.895 6.6515
1.2875 6.6515
1.2875 9.3515
-1.895 9.3515
1


4
-1.895 0.001
1.2875 0.001
1.2875 9.3515
-1.895 9.3515

