c1
4
-0.06451 0.9285
0.06451 0.9285
0.07049 1.0275
-0.07049 1.0275

5
botleft
4
-1.0175 -0.001
0 -0.001
0 0.001
-1.0175 0.001

botright
4
0 -0.001
1.2875 -0.001
1.2875 0.001
0 0.001

lEnv
4
-0.51451 0.9285
-0.38549 0.9285
-0.37951 1.0275
-0.52049 1.0275

c2
4
0.20549 0.9285
0.33451 0.9285
0.34049 1.0275
0.19951 1.0275

rEnv
4
0.65549 0.9285
0.78451 0.9285
0.79049 1.0275
0.64951 1.0275


57
FOXA+FOXB+TOX
5
-1.0175 0.001
0 0.001
1.2875 0.001
1.2875 0.2665
-1.0175 0.2665
4

ILD1a
4
-1.0175 0.2665
1.2875 0.2665
1.2875 0.2765
-1.0175 0.2765
7

ILD1b1+ILD1b2+ILD1b3
4
-1.0175 0.2765
1.2875 0.2765
1.2875 0.3955
-1.0175 0.3955
4

IMD1a
4
-1.0175 0.3955
1.2875 0.3955
1.2875 0.4065
-1.0175 0.4065
5.2

IMD1b
4
-1.0175 0.4065
1.2875 0.4065
1.2875 0.4665
-1.0175 0.4665
2.8

IMD2a
4
-1.0175 0.4665
1.2875 0.4665
1.2875 0.4875
-1.0175 0.4875
5.2

IMD2b
4
-1.0175 0.4875
1.2875 0.4875
1.2875 0.5025
-1.0175 0.5025
4.2

IMD2c
4
-1.0175 0.5025
1.2875 0.5025
1.2875 0.5265
-1.0175 0.5265
3.28

IMD2d1+IMD2d2
4
-1.0175 0.5265
1.2875 0.5265
1.2875 0.6535
-1.0175 0.6535
2.65

IMD3a
4
-1.0175 0.6535
1.2875 0.6535
1.2875 0.6745
-1.0175 0.6745
5.2

IMD3b
4
-1.0175 0.6745
1.2875 0.6745
1.2875 0.6895
-1.0175 0.6895
4.2

IMD3c
4
-1.0175 0.6895
1.2875 0.6895
1.2875 0.7135
-1.0175 0.7135
3.28

IMD3d1+IMD3d2
4
-1.0175 0.7135
1.2875 0.7135
1.2875 0.8405
-1.0175 0.8405
2.65

IMD4a
4
-1.0175 0.8405
1.2875 0.8405
1.2875 0.8615
-1.0175 0.8615
5.2

IMD4b
4
-1.0175 0.8615
1.2875 0.8615
1.2875 0.8765
-1.0175 0.8765
4.2

IMD4c
4
-1.0175 0.8765
1.2875 0.8765
1.2875 0.9005
-1.0175 0.9005
3.28

IMD4d1
12
-1.0175 0.9005
1.2875 0.9005
1.2875 0.9185
0.793924 0.9185
0.646076 0.9185
0.343924 0.9185
0.196076 0.9185
0.073924 0.9185
-0.073924 0.9185
-0.376076 0.9185
-0.523924 0.9185
-1.0175 0.9185
2.65

IMD4d1
4
-1.0175 0.9185
-0.523924 0.9185
-0.524528 0.9285
-1.0175 0.9285
2.65

IMD4d1_damage
8
-0.523924 0.9185
-0.376076 0.9185
-0.375472 0.9285
-0.380481 0.9285
-0.38549 0.9285
-0.51451 0.9285
-0.519519 0.9285
-0.524528 0.9285
3.1

IMD4d1
4
-0.376076 0.9185
-0.073924 0.9185
-0.074528 0.9285
-0.375472 0.9285
2.65

IMD4d1_damage
8
-0.073924 0.9185
0.073924 0.9185
0.074528 0.9285
0.069519 0.9285
0.06451 0.9285
-0.06451 0.9285
-0.069519 0.9285
-0.074528 0.9285
3.1

IMD4d1
4
0.073924 0.9185
0.196076 0.9185
0.195472 0.9285
0.074528 0.9285
2.65

IMD4d1_damage
8
0.196076 0.9185
0.343924 0.9185
0.344528 0.9285
0.339519 0.9285
0.33451 0.9285
0.20549 0.9285
0.200481 0.9285
0.195472 0.9285
3.1

IMD4d1
4
0.343924 0.9185
0.646076 0.9185
0.645472 0.9285
0.344528 0.9285
2.65

IMD4d1_damage
8
0.646076 0.9185
0.793924 0.9185
0.794528 0.9285
0.789519 0.9285
0.78451 0.9285
0.65549 0.9285
0.650481 0.9285
0.645472 0.9285
3.1

IMD4d1
4
0.793924 0.9185
1.2875 0.9185
1.2875 0.9285
0.794528 0.9285
2.65

IMD4d2
5
-1.0175 0.9285
-0.524528 0.9285
-0.519519 0.9285
-0.525499 1.0275
-1.0175 1.0275
2.65

IMD4d2_damage
4
-0.519519 0.9285
-0.51451 0.9285
-0.52049 1.0275
-0.525499 1.0275
2.9

IMD4d2_damage
4
-0.38549 0.9285
-0.380481 0.9285
-0.374501 1.0275
-0.37951 1.0275
2.9

IMD4d2
6
-0.380481 0.9285
-0.375472 0.9285
-0.074528 0.9285
-0.069519 0.9285
-0.075499 1.0275
-0.374501 1.0275
2.65

IMD4d2_damage
4
-0.069519 0.9285
-0.06451 0.9285
-0.07049 1.0275
-0.075499 1.0275
2.9

IMD4d2_damage
4
0.06451 0.9285
0.069519 0.9285
0.075499 1.0275
0.07049 1.0275
2.9

IMD4d2
6
0.069519 0.9285
0.074528 0.9285
0.195472 0.9285
0.200481 0.9285
0.194501 1.0275
0.075499 1.0275
2.65

IMD4d2_damage
4
0.200481 0.9285
0.20549 0.9285
0.19951 1.0275
0.194501 1.0275
2.9

IMD4d2_damage
4
0.33451 0.9285
0.339519 0.9285
0.345499 1.0275
0.34049 1.0275
2.9

IMD4d2
6
0.339519 0.9285
0.344528 0.9285
0.645472 0.9285
0.650481 0.9285
0.644501 1.0275
0.345499 1.0275
2.65

IMD4d2_damage
4
0.650481 0.9285
0.65549 0.9285
0.64951 1.0275
0.644501 1.0275
2.9

IMD4d2_damage
4
0.78451 0.9285
0.789519 0.9285
0.795499 1.0275
0.79049 1.0275
2.9

IMD4d2
5
0.789519 0.9285
0.794528 0.9285
1.2875 0.9285
1.2875 1.0275
0.795499 1.0275
2.65

IMD5a
20
-1.0175 1.0275
-0.525499 1.0275
-0.52049 1.0275
-0.37951 1.0275
-0.374501 1.0275
-0.075499 1.0275
-0.07049 1.0275
0.07049 1.0275
0.075499 1.0275
0.194501 1.0275
0.19951 1.0275
0.34049 1.0275
0.345499 1.0275
0.644501 1.0275
0.64951 1.0275
0.79049 1.0275
0.795499 1.0275
1.2875 1.0275
1.2875 1.0485
-1.0175 1.0485
5.2

IMD5b
4
-1.0175 1.0485
1.2875 1.0485
1.2875 1.0635
-1.0175 1.0635
4.2

IMD5c
4
-1.0175 1.0635
1.2875 1.0635
1.2875 1.0875
-1.0175 1.0875
3.28

IMD5d1+IMD5d2
4
-1.0175 1.0875
1.2875 1.0875
1.2875 1.2145
-1.0175 1.2145
2.65

IMD6a
4
-1.0175 1.2145
1.2875 1.2145
1.2875 1.2355
-1.0175 1.2355
5.2

IMD6b
4
-1.0175 1.2355
1.2875 1.2355
1.2875 1.2505
-1.0175 1.2505
4.2

IMD6c
4
-1.0175 1.2505
1.2875 1.2505
1.2875 1.2745
-1.0175 1.2745
3.28

IMD6d1+IMD6d2
4
-1.0175 1.2745
1.2875 1.2745
1.2875 1.4015
-1.0175 1.4015
2.65

IMD7a
4
-1.0175 1.4015
1.2875 1.4015
1.2875 1.4765
-1.0175 1.4765
5.2

IMD7b1+IMD7b2
4
-1.0175 1.4765
1.2875 1.4765
1.2875 2.9765
-1.0175 2.9765
4.2

IMD8a
4
-1.0175 2.9765
1.2875 2.9765
1.2875 3.0515
-1.0175 3.0515
5.2

IMD8b1+IMD8b2
4
-1.0175 3.0515
1.2875 3.0515
1.2875 4.5515
-1.0175 4.5515
4.2

PASS1
4
-1.0175 4.5515
1.2875 4.5515
1.2875 4.6265
-1.0175 4.6265
7

PASS2
4
-1.0175 4.6265
1.2875 4.6265
1.2875 5.0265
-1.0175 5.0265
4.2

PASS3
4
-1.0175 5.0265
1.2875 5.0265
1.2875 5.1015
-1.0175 5.1015
7

PASS4+PASS5
4
-1.0175 5.1015
1.2875 5.1015
1.2875 6.0515
-1.0175 6.0515
4.2

PASS6
4
-1.0175 6.0515
1.2875 6.0515
1.2875 6.6515
-1.0175 6.6515
7

air_Layer
4
-1.0175 6.6515
1.2875 6.6515
1.2875 7.0565
-1.0175 7.0565
1


4
-1.0175 0.001
1.2875 0.001
1.2875 7.0565
-1.0175 7.0565

