c1
4
-0.01951 1.1155
0.01951 1.1155
0.02549 1.2145
-0.02549 1.2145

5
botleft
4
-0.8825 -0.001
0 -0.001
0 0.001
-0.8825 0.001

botright
4
0 -0.001
2.6825 -0.001
2.6825 0.001
0 0.001

lEnv
4
-0.37951 1.1155
-0.34049 1.1155
-0.33451 1.2145
-0.38549 1.2145

c2
4
0.07049 1.1155
0.96451 1.1155
0.97049 1.2145
0.06451 1.2145

rEnv
4
1.28549 1.1155
2.17951 1.1155
2.18549 1.2145
1.27951 1.2145


57
FOXA+FOXB+TOX
5
-0.8825 0.001
0 0.001
2.6825 0.001
2.6825 0.2665
-0.8825 0.2665
4

ILD1a
4
-0.8825 0.2665
2.6825 0.2665
2.6825 0.2765
-0.8825 0.2765
7

ILD1b1+ILD1b2+ILD1b3
4
-0.8825 0.2765
2.6825 0.2765
2.6825 0.3955
-0.8825 0.3955
4

IMD1a
4
-0.8825 0.3955
2.6825 0.3955
2.6825 0.4065
-0.8825 0.4065
5.2

IMD1b
4
-0.8825 0.4065
2.6825 0.4065
2.6825 0.4665
-0.8825 0.4665
2.8

IMD2a
4
-0.8825 0.4665
2.6825 0.4665
2.6825 0.4875
-0.8825 0.4875
5.2

IMD2b
4
-0.8825 0.4875
2.6825 0.4875
2.6825 0.5025
-0.8825 0.5025
4.2

IMD2c
4
-0.8825 0.5025
2.6825 0.5025
2.6825 0.5265
-0.8825 0.5265
3.28

IMD2d1+IMD2d2
4
-0.8825 0.5265
2.6825 0.5265
2.6825 0.6535
-0.8825 0.6535
2.65

IMD3a
4
-0.8825 0.6535
2.6825 0.6535
2.6825 0.6745
-0.8825 0.6745
5.2

IMD3b
4
-0.8825 0.6745
2.6825 0.6745
2.6825 0.6895
-0.8825 0.6895
4.2

IMD3c
4
-0.8825 0.6895
2.6825 0.6895
2.6825 0.7135
-0.8825 0.7135
3.28

IMD3d1+IMD3d2
4
-0.8825 0.7135
2.6825 0.7135
2.6825 0.8405
-0.8825 0.8405
2.65

IMD4a
4
-0.8825 0.8405
2.6825 0.8405
2.6825 0.8615
-0.8825 0.8615
5.2

IMD4b
4
-0.8825 0.8615
2.6825 0.8615
2.6825 0.8765
-0.8825 0.8765
4.2

IMD4c
4
-0.8825 0.8765
2.6825 0.8765
2.6825 0.9005
-0.8825 0.9005
3.28

IMD4d1+IMD4d2
4
-0.8825 0.9005
2.6825 0.9005
2.6825 1.0275
-0.8825 1.0275
2.65

IMD5a
4
-0.8825 1.0275
2.6825 1.0275
2.6825 1.0485
-0.8825 1.0485
5.2

IMD5b
4
-0.8825 1.0485
2.6825 1.0485
2.6825 1.0635
-0.8825 1.0635
4.2

IMD5c
4
-0.8825 1.0635
2.6825 1.0635
2.6825 1.0875
-0.8825 1.0875
3.28

IMD5d1
12
-0.8825 1.0875
2.6825 1.0875
2.6825 1.1055
2.188924 1.1055
1.276076 1.1055
0.973924 1.1055
0.061076 1.1055
0.028924 1.1055
-0.028924 1.1055
-0.331076 1.1055
-0.388924 1.1055
-0.8825 1.1055
2.65

IMD5d1
4
-0.8825 1.1055
-0.388924 1.1055
-0.389528 1.1155
-0.8825 1.1155
2.65

IMD5d1_damage
8
-0.388924 1.1055
-0.331076 1.1055
-0.330472 1.1155
-0.335481 1.1155
-0.34049 1.1155
-0.37951 1.1155
-0.384519 1.1155
-0.389528 1.1155
3.1

IMD5d1
4
-0.331076 1.1055
-0.028924 1.1055
-0.029528 1.1155
-0.330472 1.1155
2.65

IMD5d1_damage
8
-0.028924 1.1055
0.028924 1.1055
0.029528 1.1155
0.024519 1.1155
0.01951 1.1155
-0.01951 1.1155
-0.024519 1.1155
-0.029528 1.1155
3.1

IMD5d1
4
0.028924 1.1055
0.061076 1.1055
0.060472 1.1155
0.029528 1.1155
2.65

IMD5d1_damage
8
0.061076 1.1055
0.973924 1.1055
0.974528 1.1155
0.969519 1.1155
0.96451 1.1155
0.07049 1.1155
0.065481 1.1155
0.060472 1.1155
3.1

IMD5d1
4
0.973924 1.1055
1.276076 1.1055
1.275472 1.1155
0.974528 1.1155
2.65

IMD5d1_damage
8
1.276076 1.1055
2.188924 1.1055
2.189528 1.1155
2.184519 1.1155
2.17951 1.1155
1.28549 1.1155
1.280481 1.1155
1.275472 1.1155
3.1

IMD5d1
4
2.188924 1.1055
2.6825 1.1055
2.6825 1.1155
2.189528 1.1155
2.65

IMD5d2
5
-0.8825 1.1155
-0.389528 1.1155
-0.384519 1.1155
-0.390499 1.2145
-0.8825 1.2145
2.65

IMD5d2_damage
4
-0.384519 1.1155
-0.37951 1.1155
-0.38549 1.2145
-0.390499 1.2145
2.9

IMD5d2_damage
4
-0.34049 1.1155
-0.335481 1.1155
-0.329501 1.2145
-0.33451 1.2145
2.9

IMD5d2
6
-0.335481 1.1155
-0.330472 1.1155
-0.029528 1.1155
-0.024519 1.1155
-0.030499 1.2145
-0.329501 1.2145
2.65

IMD5d2_damage
4
-0.024519 1.1155
-0.01951 1.1155
-0.02549 1.2145
-0.030499 1.2145
2.9

IMD5d2_damage
4
0.01951 1.1155
0.024519 1.1155
0.030499 1.2145
0.02549 1.2145
2.9

IMD5d2
6
0.024519 1.1155
0.029528 1.1155
0.060472 1.1155
0.065481 1.1155
0.059501 1.2145
0.030499 1.2145
2.65

IMD5d2_damage
4
0.065481 1.1155
0.07049 1.1155
0.06451 1.2145
0.059501 1.2145
2.9

IMD5d2_damage
4
0.96451 1.1155
0.969519 1.1155
0.975499 1.2145
0.97049 1.2145
2.9

IMD5d2
6
0.969519 1.1155
0.974528 1.1155
1.275472 1.1155
1.280481 1.1155
1.274501 1.2145
0.975499 1.2145
2.65

IMD5d2_damage
4
1.280481 1.1155
1.28549 1.1155
1.27951 1.2145
1.274501 1.2145
2.9

IMD5d2_damage
4
2.17951 1.1155
2.184519 1.1155
2.190499 1.2145
2.18549 1.2145
2.9

IMD5d2
5
2.184519 1.1155
2.189528 1.1155
2.6825 1.1155
2.6825 1.2145
2.190499 1.2145
2.65

IMD6a
20
-0.8825 1.2145
-0.390499 1.2145
-0.38549 1.2145
-0.33451 1.2145
-0.329501 1.2145
-0.030499 1.2145
-0.02549 1.2145
0.02549 1.2145
0.030499 1.2145
0.059501 1.2145
0.06451 1.2145
0.97049 1.2145
0.975499 1.2145
1.274501 1.2145
1.27951 1.2145
2.18549 1.2145
2.190499 1.2145
2.6825 1.2145
2.6825 1.2355
-0.8825 1.2355
5.2

IMD6b
4
-0.8825 1.2355
2.6825 1.2355
2.6825 1.2505
-0.8825 1.2505
4.2

IMD6c
4
-0.8825 1.2505
2.6825 1.2505
2.6825 1.2745
-0.8825 1.2745
3.28

IMD6d1+IMD6d2
4
-0.8825 1.2745
2.6825 1.2745
2.6825 1.4015
-0.8825 1.4015
2.65

IMD7a
4
-0.8825 1.4015
2.6825 1.4015
2.6825 1.4765
-0.8825 1.4765
5.2

IMD7b1+IMD7b2
4
-0.8825 1.4765
2.6825 1.4765
2.6825 2.9765
-0.8825 2.9765
4.2

IMD8a
4
-0.8825 2.9765
2.6825 2.9765
2.6825 3.0515
-0.8825 3.0515
5.2

IMD8b1+IMD8b2
4
-0.8825 3.0515
2.6825 3.0515
2.6825 4.5515
-0.8825 4.5515
4.2

PASS1
4
-0.8825 4.5515
2.6825 4.5515
2.6825 4.6265
-0.8825 4.6265
7

PASS2
4
-0.8825 4.6265
2.6825 4.6265
2.6825 5.0265
-0.8825 5.0265
4.2

PASS3
4
-0.8825 5.0265
2.6825 5.0265
2.6825 5.1015
-0.8825 5.1015
7

PASS4+PASS5
4
-0.8825 5.1015
2.6825 5.1015
2.6825 6.0515
-0.8825 6.0515
4.2

PASS6
4
-0.8825 6.0515
2.6825 6.0515
2.6825 6.6515
-0.8825 6.6515
7

air_Layer
4
-0.8825 6.6515
2.6825 6.6515
2.6825 6.9485
-0.8825 6.9485
1


4
-0.8825 0.001
2.6825 0.001
2.6825 6.9485
-0.8825 6.9485

