c1
4
-0.01951 0.9285
0.01951 0.9285
0.02549 1.0275
-0.02549 1.0275

5
botleft
4
-0.8825 -0.001
0 -0.001
0 0.001
-0.8825 0.001

botright
4
0 -0.001
2.678 -0.001
2.678 0.001
0 0.001

lEnv
4
-0.37951 0.9285
-0.34049 0.9285
-0.33451 1.0275
-0.38549 1.0275

c2
4
0.06599 0.9285
0.96001 0.9285
0.96599 1.0275
0.06001 1.0275

rEnv
4
1.28099 0.9285
2.17501 0.9285
2.18099 1.0275
1.27501 1.0275


57
FOXA+FOXB+TOX
5
-0.8825 0.001
0 0.001
2.678 0.001
2.678 0.2665
-0.8825 0.2665
4

ILD1a
4
-0.8825 0.2665
2.678 0.2665
2.678 0.2765
-0.8825 0.2765
7

ILD1b1+ILD1b2+ILD1b3
4
-0.8825 0.2765
2.678 0.2765
2.678 0.3955
-0.8825 0.3955
4

IMD1a
4
-0.8825 0.3955
2.678 0.3955
2.678 0.4065
-0.8825 0.4065
5.2

IMD1b
4
-0.8825 0.4065
2.678 0.4065
2.678 0.4665
-0.8825 0.4665
2.8

IMD2a
4
-0.8825 0.4665
2.678 0.4665
2.678 0.4875
-0.8825 0.4875
5.2

IMD2b
4
-0.8825 0.4875
2.678 0.4875
2.678 0.5025
-0.8825 0.5025
4.2

IMD2c
4
-0.8825 0.5025
2.678 0.5025
2.678 0.5265
-0.8825 0.5265
3.28

IMD2d1+IMD2d2
4
-0.8825 0.5265
2.678 0.5265
2.678 0.6535
-0.8825 0.6535
2.65

IMD3a
4
-0.8825 0.6535
2.678 0.6535
2.678 0.6745
-0.8825 0.6745
5.2

IMD3b
4
-0.8825 0.6745
2.678 0.6745
2.678 0.6895
-0.8825 0.6895
4.2

IMD3c
4
-0.8825 0.6895
2.678 0.6895
2.678 0.7135
-0.8825 0.7135
3.28

IMD3d1+IMD3d2
4
-0.8825 0.7135
2.678 0.7135
2.678 0.8405
-0.8825 0.8405
2.65

IMD4a
4
-0.8825 0.8405
2.678 0.8405
2.678 0.8615
-0.8825 0.8615
5.2

IMD4b
4
-0.8825 0.8615
2.678 0.8615
2.678 0.8765
-0.8825 0.8765
4.2

IMD4c
4
-0.8825 0.8765
2.678 0.8765
2.678 0.9005
-0.8825 0.9005
3.28

IMD4d1
12
-0.8825 0.9005
2.678 0.9005
2.678 0.9185
2.184424 0.9185
1.271576 0.9185
0.969424 0.9185
0.056576 0.9185
0.028924 0.9185
-0.028924 0.9185
-0.331076 0.9185
-0.388924 0.9185
-0.8825 0.9185
2.65

IMD4d1
4
-0.8825 0.9185
-0.388924 0.9185
-0.389528 0.9285
-0.8825 0.9285
2.65

IMD4d1_damage
8
-0.388924 0.9185
-0.331076 0.9185
-0.330472 0.9285
-0.335481 0.9285
-0.34049 0.9285
-0.37951 0.9285
-0.384519 0.9285
-0.389528 0.9285
3.1

IMD4d1
4
-0.331076 0.9185
-0.028924 0.9185
-0.029528 0.9285
-0.330472 0.9285
2.65

IMD4d1_damage
8
-0.028924 0.9185
0.028924 0.9185
0.029528 0.9285
0.024519 0.9285
0.01951 0.9285
-0.01951 0.9285
-0.024519 0.9285
-0.029528 0.9285
3.1

IMD4d1
4
0.028924 0.9185
0.056576 0.9185
0.055972 0.9285
0.029528 0.9285
2.65

IMD4d1_damage
8
0.056576 0.9185
0.969424 0.9185
0.970028 0.9285
0.965019 0.9285
0.96001 0.9285
0.06599 0.9285
0.060981 0.9285
0.055972 0.9285
3.1

IMD4d1
4
0.969424 0.9185
1.271576 0.9185
1.270972 0.9285
0.970028 0.9285
2.65

IMD4d1_damage
8
1.271576 0.9185
2.184424 0.9185
2.185028 0.9285
2.180019 0.9285
2.17501 0.9285
1.28099 0.9285
1.275981 0.9285
1.270972 0.9285
3.1

IMD4d1
4
2.184424 0.9185
2.678 0.9185
2.678 0.9285
2.185028 0.9285
2.65

IMD4d2
5
-0.8825 0.9285
-0.389528 0.9285
-0.384519 0.9285
-0.390499 1.0275
-0.8825 1.0275
2.65

IMD4d2_damage
4
-0.384519 0.9285
-0.37951 0.9285
-0.38549 1.0275
-0.390499 1.0275
2.9

IMD4d2_damage
4
-0.34049 0.9285
-0.335481 0.9285
-0.329501 1.0275
-0.33451 1.0275
2.9

IMD4d2
6
-0.335481 0.9285
-0.330472 0.9285
-0.029528 0.9285
-0.024519 0.9285
-0.030499 1.0275
-0.329501 1.0275
2.65

IMD4d2_damage
4
-0.024519 0.9285
-0.01951 0.9285
-0.02549 1.0275
-0.030499 1.0275
2.9

IMD4d2_damage
4
0.01951 0.9285
0.024519 0.9285
0.030499 1.0275
0.02549 1.0275
2.9

IMD4d2
6
0.024519 0.9285
0.029528 0.9285
0.055972 0.9285
0.060981 0.9285
0.055001 1.0275
0.030499 1.0275
2.65

IMD4d2_damage
4
0.060981 0.9285
0.06599 0.9285
0.06001 1.0275
0.055001 1.0275
2.9

IMD4d2_damage
4
0.96001 0.9285
0.965019 0.9285
0.970999 1.0275
0.96599 1.0275
2.9

IMD4d2
6
0.965019 0.9285
0.970028 0.9285
1.270972 0.9285
1.275981 0.9285
1.270001 1.0275
0.970999 1.0275
2.65

IMD4d2_damage
4
1.275981 0.9285
1.28099 0.9285
1.27501 1.0275
1.270001 1.0275
2.9

IMD4d2_damage
4
2.17501 0.9285
2.180019 0.9285
2.185999 1.0275
2.18099 1.0275
2.9

IMD4d2
5
2.180019 0.9285
2.185028 0.9285
2.678 0.9285
2.678 1.0275
2.185999 1.0275
2.65

IMD5a
20
-0.8825 1.0275
-0.390499 1.0275
-0.38549 1.0275
-0.33451 1.0275
-0.329501 1.0275
-0.030499 1.0275
-0.02549 1.0275
0.02549 1.0275
0.030499 1.0275
0.055001 1.0275
0.06001 1.0275
0.96599 1.0275
0.970999 1.0275
1.270001 1.0275
1.27501 1.0275
2.18099 1.0275
2.185999 1.0275
2.678 1.0275
2.678 1.0485
-0.8825 1.0485
5.2

IMD5b
4
-0.8825 1.0485
2.678 1.0485
2.678 1.0635
-0.8825 1.0635
4.2

IMD5c
4
-0.8825 1.0635
2.678 1.0635
2.678 1.0875
-0.8825 1.0875
3.28

IMD5d1+IMD5d2
4
-0.8825 1.0875
2.678 1.0875
2.678 1.2145
-0.8825 1.2145
2.65

IMD6a
4
-0.8825 1.2145
2.678 1.2145
2.678 1.2355
-0.8825 1.2355
5.2

IMD6b
4
-0.8825 1.2355
2.678 1.2355
2.678 1.2505
-0.8825 1.2505
4.2

IMD6c
4
-0.8825 1.2505
2.678 1.2505
2.678 1.2745
-0.8825 1.2745
3.28

IMD6d1+IMD6d2
4
-0.8825 1.2745
2.678 1.2745
2.678 1.4015
-0.8825 1.4015
2.65

IMD7a
4
-0.8825 1.4015
2.678 1.4015
2.678 1.4765
-0.8825 1.4765
5.2

IMD7b1+IMD7b2
4
-0.8825 1.4765
2.678 1.4765
2.678 2.9765
-0.8825 2.9765
4.2

IMD8a
4
-0.8825 2.9765
2.678 2.9765
2.678 3.0515
-0.8825 3.0515
5.2

IMD8b1+IMD8b2
4
-0.8825 3.0515
2.678 3.0515
2.678 4.5515
-0.8825 4.5515
4.2

PASS1
4
-0.8825 4.5515
2.678 4.5515
2.678 4.6265
-0.8825 4.6265
7

PASS2
4
-0.8825 4.6265
2.678 4.6265
2.678 5.0265
-0.8825 5.0265
4.2

PASS3
4
-0.8825 5.0265
2.678 5.0265
2.678 5.1015
-0.8825 5.1015
7

PASS4+PASS5
4
-0.8825 5.1015
2.678 5.1015
2.678 6.0515
-0.8825 6.0515
4.2

PASS6
4
-0.8825 6.0515
2.678 6.0515
2.678 6.6515
-0.8825 6.6515
7

air_Layer
4
-0.8825 6.6515
2.678 6.6515
2.678 6.9485
-0.8825 6.9485
1


4
-0.8825 0.001
2.678 0.001
2.678 6.9485
-0.8825 6.9485

