c1
4
-0.44701 1.1155
0.44701 1.1155
0.45299 1.2145
-0.45299 1.2145

3
botleft
4
-6.35 -0.001
0 -0.001
0 0.001
-6.35 0.001

botright
4
0 -0.001
7.7 -0.001
7.7 0.001
0 0.001

c2
4
0.90299 1.1155
1.79701 1.1155
1.80299 1.2145
0.89701 1.2145


47
FOXA+FOXB+TOX
5
-6.35 0.001
0 0.001
7.7 0.001
7.7 0.2665
-6.35 0.2665
4

ILD1a
4
-6.35 0.2665
7.7 0.2665
7.7 0.2765
-6.35 0.2765
7

ILD1b1+ILD1b2+ILD1b3
4
-6.35 0.2765
7.7 0.2765
7.7 0.3955
-6.35 0.3955
4

IMD1a
4
-6.35 0.3955
7.7 0.3955
7.7 0.4065
-6.35 0.4065
5.2

IMD1b
4
-6.35 0.4065
7.7 0.4065
7.7 0.4665
-6.35 0.4665
2.8

IMD2a
4
-6.35 0.4665
7.7 0.4665
7.7 0.4875
-6.35 0.4875
5.2

IMD2b
4
-6.35 0.4875
7.7 0.4875
7.7 0.5025
-6.35 0.5025
4.2

IMD2c
4
-6.35 0.5025
7.7 0.5025
7.7 0.5265
-6.35 0.5265
3.28

IMD2d1+IMD2d2
4
-6.35 0.5265
7.7 0.5265
7.7 0.6535
-6.35 0.6535
2.65

IMD3a
4
-6.35 0.6535
7.7 0.6535
7.7 0.6745
-6.35 0.6745
5.2

IMD3b
4
-6.35 0.6745
7.7 0.6745
7.7 0.6895
-6.35 0.6895
4.2

IMD3c
4
-6.35 0.6895
7.7 0.6895
7.7 0.7135
-6.35 0.7135
3.28

IMD3d1+IMD3d2
4
-6.35 0.7135
7.7 0.7135
7.7 0.8405
-6.35 0.8405
2.65

IMD4a
4
-6.35 0.8405
7.7 0.8405
7.7 0.8615
-6.35 0.8615
5.2

IMD4b
4
-6.35 0.8615
7.7 0.8615
7.7 0.8765
-6.35 0.8765
4.2

IMD4c
4
-6.35 0.8765
7.7 0.8765
7.7 0.9005
-6.35 0.9005
3.28

IMD4d1+IMD4d2
4
-6.35 0.9005
7.7 0.9005
7.7 1.0275
-6.35 1.0275
2.65

IMD5a
4
-6.35 1.0275
7.7 1.0275
7.7 1.0485
-6.35 1.0485
5.2

IMD5b
4
-6.35 1.0485
7.7 1.0485
7.7 1.0635
-6.35 1.0635
4.2

IMD5c
4
-6.35 1.0635
7.7 1.0635
7.7 1.0875
-6.35 1.0875
3.28

IMD5d1
8
-6.35 1.0875
7.7 1.0875
7.7 1.1055
1.806424 1.1055
0.893576 1.1055
0.456424 1.1055
-0.456424 1.1055
-6.35 1.1055
2.65

IMD5d1
4
-6.35 1.1055
-0.456424 1.1055
-0.457028 1.1155
-6.35 1.1155
2.65

IMD5d1_damage
8
-0.456424 1.1055
0.456424 1.1055
0.457028 1.1155
0.452019 1.1155
0.44701 1.1155
-0.44701 1.1155
-0.452019 1.1155
-0.457028 1.1155
3.1

IMD5d1
4
0.456424 1.1055
0.893576 1.1055
0.892972 1.1155
0.457028 1.1155
2.65

IMD5d1_damage
8
0.893576 1.1055
1.806424 1.1055
1.807028 1.1155
1.802019 1.1155
1.79701 1.1155
0.90299 1.1155
0.897981 1.1155
0.892972 1.1155
3.1

IMD5d1
4
1.806424 1.1055
7.7 1.1055
7.7 1.1155
1.807028 1.1155
2.65

IMD5d2
5
-6.35 1.1155
-0.457028 1.1155
-0.452019 1.1155
-0.457999 1.2145
-6.35 1.2145
2.65

IMD5d2_damage
4
-0.452019 1.1155
-0.44701 1.1155
-0.45299 1.2145
-0.457999 1.2145
2.9

IMD5d2_damage
4
0.44701 1.1155
0.452019 1.1155
0.457999 1.2145
0.45299 1.2145
2.9

IMD5d2
6
0.452019 1.1155
0.457028 1.1155
0.892972 1.1155
0.897981 1.1155
0.892001 1.2145
0.457999 1.2145
2.65

IMD5d2_damage
4
0.897981 1.1155
0.90299 1.1155
0.89701 1.2145
0.892001 1.2145
2.9

IMD5d2_damage
4
1.79701 1.1155
1.802019 1.1155
1.807999 1.2145
1.80299 1.2145
2.9

IMD5d2
5
1.802019 1.1155
1.807028 1.1155
7.7 1.1155
7.7 1.2145
1.807999 1.2145
2.65

IMD6a
12
-6.35 1.2145
-0.457999 1.2145
-0.45299 1.2145
0.45299 1.2145
0.457999 1.2145
0.892001 1.2145
0.89701 1.2145
1.80299 1.2145
1.807999 1.2145
7.7 1.2145
7.7 1.2355
-6.35 1.2355
5.2

IMD6b
4
-6.35 1.2355
7.7 1.2355
7.7 1.2505
-6.35 1.2505
4.2

IMD6c
4
-6.35 1.2505
7.7 1.2505
7.7 1.2745
-6.35 1.2745
3.28

IMD6d1+IMD6d2
4
-6.35 1.2745
7.7 1.2745
7.7 1.4015
-6.35 1.4015
2.65

IMD7a
4
-6.35 1.4015
7.7 1.4015
7.7 1.4765
-6.35 1.4765
5.2

IMD7b1+IMD7b2
4
-6.35 1.4765
7.7 1.4765
7.7 2.9765
-6.35 2.9765
4.2

IMD8a
4
-6.35 2.9765
7.7 2.9765
7.7 3.0515
-6.35 3.0515
5.2

IMD8b1+IMD8b2
4
-6.35 3.0515
7.7 3.0515
7.7 4.5515
-6.35 4.5515
4.2

PASS1
4
-6.35 4.5515
7.7 4.5515
7.7 4.6265
-6.35 4.6265
7

PASS2
4
-6.35 4.6265
7.7 4.6265
7.7 5.0265
-6.35 5.0265
4.2

PASS3
4
-6.35 5.0265
7.7 5.0265
7.7 5.1015
-6.35 5.1015
7

PASS4+PASS5
4
-6.35 5.1015
7.7 5.1015
7.7 6.0515
-6.35 6.0515
4.2

PASS6
4
-6.35 6.0515
7.7 6.0515
7.7 6.6515
-6.35 6.6515
7

air_Layer
4
-6.35 6.6515
7.7 6.6515
7.7 9.3515
-6.35 9.3515
1


4
-6.35 0.001
7.7 0.001
7.7 9.3515
-6.35 9.3515

