c1
4
-0.33291999999999994 0.37050000000000005
0.33291999999999994 0.37050000000000005
0.34207999999999994 0.4665
-0.34207999999999994 0.4665

5
botleft
4
-1.5484999999999998 -0.001
0 -0.001
0 0.001
-1.5484999999999998 0.001

botright
4
0 -0.001
2.1559999999999997 -0.001
2.1559999999999997 0.001
0 0.001

lEnv
4
-1.0439199999999997 0.37050000000000005
-0.3780799999999999 0.37050000000000005
-0.3689199999999999 0.4665
-1.0530799999999998 0.4665

c2
4
0.7245799999999999 0.37050000000000005
1.16542 0.37050000000000005
1.17458 0.4665
0.71542 0.4665

rEnv
4
1.21058 0.37050000000000005
1.6514199999999997 0.37050000000000005
1.6605799999999997 0.4665
1.20142 0.4665


48
IMD1b
4
-1.5484999999999998 0.40650000000000003
-1.0473549999999998 0.40650000000000003
-1.0530799999999998 0.4665
-1.5484999999999998 0.4665
2.8

IMD1b
4
-0.3746449999999999 0.40650000000000003
-0.33635499999999996 0.40650000000000003
-0.34207999999999994 0.4665
-0.3689199999999999 0.4665
2.8

IMD1b
4
0.33635499999999996 0.40650000000000003
0.7211449999999999 0.40650000000000003
0.71542 0.4665
0.34207999999999994 0.4665
2.8

IMD1b
4
1.168855 0.40650000000000003
1.207145 0.40650000000000003
1.20142 0.4665
1.17458 0.4665
2.8

IMD1b
4
1.6548549999999997 0.40650000000000003
2.1559999999999997 0.40650000000000003
2.1559999999999997 0.4665
1.6605799999999997 0.4665
2.8

IMD1a
4
-1.5484999999999998 0.3955
-1.0463054166666665 0.3955
-1.0473549999999998 0.40650000000000003
-1.5484999999999998 0.40650000000000003
5.2

IMD1a
4
-0.3756945833333332 0.3955
-0.33530541666666663 0.3955
-0.33635499999999996 0.40650000000000003
-0.3746449999999999 0.40650000000000003
5.2

IMD1a
4
0.33530541666666663 0.3955
0.7221945833333333 0.3955
0.7211449999999999 0.40650000000000003
0.33635499999999996 0.40650000000000003
5.2

IMD1a
4
1.1678054166666667 0.3955
1.2081945833333332 0.3955
1.207145 0.40650000000000003
1.168855 0.40650000000000003
5.2

IMD1a
4
1.6538054166666665 0.3955
2.1559999999999997 0.3955
2.1559999999999997 0.40650000000000003
1.6548549999999997 0.40650000000000003
5.2

ILD1b3
4
-1.5484999999999998 0.37050000000000005
-1.0439199999999997 0.37050000000000005
-1.0463054166666665 0.3955
-1.5484999999999998 0.3955
4

ILD1b3
4
-0.3780799999999999 0.37050000000000005
-0.33291999999999994 0.37050000000000005
-0.33530541666666663 0.3955
-0.3756945833333332 0.3955
4

ILD1b3
4
0.33291999999999994 0.37050000000000005
0.7245799999999999 0.37050000000000005
0.7221945833333333 0.3955
0.33530541666666663 0.3955
4

ILD1b3
4
1.16542 0.37050000000000005
1.21058 0.37050000000000005
1.2081945833333332 0.3955
1.1678054166666667 0.3955
4

ILD1b3
4
1.6514199999999997 0.37050000000000005
2.1559999999999997 0.37050000000000005
2.1559999999999997 0.3955
1.6538054166666665 0.3955
4

ILD1b1+ILD1b2
4
-1.5484999999999998 0.2765
2.1559999999999997 0.2765
2.1559999999999997 0.37050000000000005
-1.5484999999999998 0.37050000000000005
4

FOXA+FOXB+TOX
4
-1.5484999999999998 0.001
2.1559999999999997 0.001
2.1559999999999997 0.2665
-1.5484999999999998 0.2665
4.0

ILD1a
4
-1.5484999999999998 0.2665
2.1559999999999997 0.2665
2.1559999999999997 0.2765
-1.5484999999999998 0.2765
7.0

IMD2a
4
-1.5484999999999998 0.4665
2.1559999999999997 0.4665
2.1559999999999997 0.4875
-1.5484999999999998 0.4875
5.2

IMD2b
4
-1.5484999999999998 0.4875
2.1559999999999997 0.4875
2.1559999999999997 0.5025
-1.5484999999999998 0.5025
4.2

IMD2c
4
-1.5484999999999998 0.5025
2.1559999999999997 0.5025
2.1559999999999997 0.5265
-1.5484999999999998 0.5265
3.28

IMD2d1+IMD2d2
4
-1.5484999999999998 0.5265
2.1559999999999997 0.5265
2.1559999999999997 0.6535
-1.5484999999999998 0.6535
2.65

IMD3a
4
-1.5484999999999998 0.6535
2.1559999999999997 0.6535
2.1559999999999997 0.6745
-1.5484999999999998 0.6745
5.2

IMD3b
4
-1.5484999999999998 0.6745
2.1559999999999997 0.6745
2.1559999999999997 0.6895
-1.5484999999999998 0.6895
4.2

IMD3c
4
-1.5484999999999998 0.6895
2.1559999999999997 0.6895
2.1559999999999997 0.7135
-1.5484999999999998 0.7135
3.28

IMD3d1+IMD3d2
4
-1.5484999999999998 0.7135
2.1559999999999997 0.7135
2.1559999999999997 0.8405
-1.5484999999999998 0.8405
2.65

IMD4a
4
-1.5484999999999998 0.8405
2.1559999999999997 0.8405
2.1559999999999997 0.8615
-1.5484999999999998 0.8615
5.2

IMD4b
4
-1.5484999999999998 0.8615
2.1559999999999997 0.8615
2.1559999999999997 0.8765
-1.5484999999999998 0.8765
4.2

IMD4c
4
-1.5484999999999998 0.8765
2.1559999999999997 0.8765
2.1559999999999997 0.9005
-1.5484999999999998 0.9005
3.28

IMD4d1+IMD4d2
4
-1.5484999999999998 0.9005
2.1559999999999997 0.9005
2.1559999999999997 1.0275
-1.5484999999999998 1.0275
2.65

IMD5a
4
-1.5484999999999998 1.0275
2.1559999999999997 1.0275
2.1559999999999997 1.0485
-1.5484999999999998 1.0485
5.2

IMD5b
4
-1.5484999999999998 1.0485
2.1559999999999997 1.0485
2.1559999999999997 1.0635
-1.5484999999999998 1.0635
4.2

IMD5c
4
-1.5484999999999998 1.0635
2.1559999999999997 1.0635
2.1559999999999997 1.0875
-1.5484999999999998 1.0875
3.28

IMD5d1+IMD5d2
4
-1.5484999999999998 1.0875
2.1559999999999997 1.0875
2.1559999999999997 1.2145
-1.5484999999999998 1.2145
2.65

IMD6a
4
-1.5484999999999998 1.2145
2.1559999999999997 1.2145
2.1559999999999997 1.2355
-1.5484999999999998 1.2355
5.2

IMD6b
4
-1.5484999999999998 1.2355
2.1559999999999997 1.2355
2.1559999999999997 1.2505
-1.5484999999999998 1.2505
4.2

IMD6c
4
-1.5484999999999998 1.2505
2.1559999999999997 1.2505
2.1559999999999997 1.2745
-1.5484999999999998 1.2745
3.28

IMD6d1+IMD6d2
4
-1.5484999999999998 1.2745
2.1559999999999997 1.2745
2.1559999999999997 1.4015
-1.5484999999999998 1.4015
2.65

IMD7a
4
-1.5484999999999998 1.4015
2.1559999999999997 1.4015
2.1559999999999997 1.4765
-1.5484999999999998 1.4765
5.2

IMD7b1+IMD7b2
4
-1.5484999999999998 1.4765
2.1559999999999997 1.4765
2.1559999999999997 2.9765
-1.5484999999999998 2.9765
4.2

IMD8a
4
-1.5484999999999998 2.9765
2.1559999999999997 2.9765
2.1559999999999997 3.0515
-1.5484999999999998 3.0515
5.2

IMD8b1+IMD8b2
4
-1.5484999999999998 3.0515
2.1559999999999997 3.0515
2.1559999999999997 4.5515
-1.5484999999999998 4.5515
4.2

PASS1
4
-1.5484999999999998 4.5515
2.1559999999999997 4.5515
2.1559999999999997 4.6265
-1.5484999999999998 4.6265
7.0

PASS2
4
-1.5484999999999998 4.6265
2.1559999999999997 4.6265
2.1559999999999997 5.0265
-1.5484999999999998 5.0265
4.2

PASS3
4
-1.5484999999999998 5.0265
2.1559999999999997 5.0265
2.1559999999999997 5.1015
-1.5484999999999998 5.1015
7.0

PASS4+PASS5
4
-1.5484999999999998 5.1015
2.1559999999999997 5.1015
2.1559999999999997 6.0515
-1.5484999999999998 6.0515
4.2

PASS6
4
-1.5484999999999998 6.0515
2.1559999999999997 6.0515
2.1559999999999997 6.6515
-1.5484999999999998 6.6515
7.0

air_Layer
4
-1.5484999999999998 6.6515
2.1559999999999997 6.6515
2.1559999999999997 6.9485
-1.5484999999999998 6.9485
1.0


4
-1.5484999999999998 0.001
2.1559999999999997 0.001
2.1559999999999997 6.9485
-1.5484999999999998 6.9485

