c1
4
-0.08542 0.37050000000000005
0.08542 0.37050000000000005
0.09458 0.4665
-0.09458 0.4665

5
botleft
4
-0.95 -0.001
0 -0.001
0 0.001
-0.95 0.001

botright
4
0 -0.001
1.5620000000000003 -0.001
1.5620000000000003 0.001
0 0.001

lEnv
4
-0.44542 0.37050000000000005
-0.27458 0.37050000000000005
-0.26542 0.4665
-0.45458 0.4665

c2
4
0.81458 0.37050000000000005
0.8414200000000002 0.37050000000000005
0.8505800000000001 0.4665
0.80542 0.4665

rEnv
4
1.03058 0.37050000000000005
1.05742 0.37050000000000005
1.06658 0.4665
1.02142 0.4665


48
IMD1b
4
-0.95 0.40650000000000003
-0.448855 0.40650000000000003
-0.45458 0.4665
-0.95 0.4665
2.8

IMD1b
4
-0.27114499999999997 0.40650000000000003
-0.088855 0.40650000000000003
-0.09458 0.4665
-0.26542 0.4665
2.8

IMD1b
4
0.088855 0.40650000000000003
0.811145 0.40650000000000003
0.80542 0.4665
0.09458 0.4665
2.8

IMD1b
4
0.8448550000000001 0.40650000000000003
1.027145 0.40650000000000003
1.02142 0.4665
0.8505800000000001 0.4665
2.8

IMD1b
4
1.060855 0.40650000000000003
1.5620000000000003 0.40650000000000003
1.5620000000000003 0.4665
1.06658 0.4665
2.8

IMD1a
4
-0.95 0.3955
-0.4478054166666667 0.3955
-0.448855 0.40650000000000003
-0.95 0.40650000000000003
5.2

IMD1a
4
-0.2721945833333333 0.3955
-0.08780541666666666 0.3955
-0.088855 0.40650000000000003
-0.27114499999999997 0.40650000000000003
5.2

IMD1a
4
0.08780541666666666 0.3955
0.8121945833333334 0.3955
0.811145 0.40650000000000003
0.088855 0.40650000000000003
5.2

IMD1a
4
0.8438054166666668 0.3955
1.0281945833333332 0.3955
1.027145 0.40650000000000003
0.8448550000000001 0.40650000000000003
5.2

IMD1a
4
1.0598054166666668 0.3955
1.5620000000000003 0.3955
1.5620000000000003 0.40650000000000003
1.060855 0.40650000000000003
5.2

ILD1b3
4
-0.95 0.37050000000000005
-0.44542 0.37050000000000005
-0.4478054166666667 0.3955
-0.95 0.3955
4

ILD1b3
4
-0.27458 0.37050000000000005
-0.08542 0.37050000000000005
-0.08780541666666666 0.3955
-0.2721945833333333 0.3955
4

ILD1b3
4
0.08542 0.37050000000000005
0.81458 0.37050000000000005
0.8121945833333334 0.3955
0.08780541666666666 0.3955
4

ILD1b3
4
0.8414200000000002 0.37050000000000005
1.03058 0.37050000000000005
1.0281945833333332 0.3955
0.8438054166666668 0.3955
4

ILD1b3
4
1.05742 0.37050000000000005
1.5620000000000003 0.37050000000000005
1.5620000000000003 0.3955
1.0598054166666668 0.3955
4

ILD1b1+ILD1b2
4
-0.95 0.2765
1.5620000000000003 0.2765
1.5620000000000003 0.37050000000000005
-0.95 0.37050000000000005
4

FOXA+FOXB+TOX
4
-0.95 0.001
1.5620000000000003 0.001
1.5620000000000003 0.2665
-0.95 0.2665
4.0

ILD1a
4
-0.95 0.2665
1.5620000000000003 0.2665
1.5620000000000003 0.2765
-0.95 0.2765
7.0

IMD2a
4
-0.95 0.4665
1.5620000000000003 0.4665
1.5620000000000003 0.4875
-0.95 0.4875
5.2

IMD2b
4
-0.95 0.4875
1.5620000000000003 0.4875
1.5620000000000003 0.5025
-0.95 0.5025
4.2

IMD2c
4
-0.95 0.5025
1.5620000000000003 0.5025
1.5620000000000003 0.5265
-0.95 0.5265
3.28

IMD2d1+IMD2d2
4
-0.95 0.5265
1.5620000000000003 0.5265
1.5620000000000003 0.6535
-0.95 0.6535
2.65

IMD3a
4
-0.95 0.6535
1.5620000000000003 0.6535
1.5620000000000003 0.6745
-0.95 0.6745
5.2

IMD3b
4
-0.95 0.6745
1.5620000000000003 0.6745
1.5620000000000003 0.6895
-0.95 0.6895
4.2

IMD3c
4
-0.95 0.6895
1.5620000000000003 0.6895
1.5620000000000003 0.7135
-0.95 0.7135
3.28

IMD3d1+IMD3d2
4
-0.95 0.7135
1.5620000000000003 0.7135
1.5620000000000003 0.8405
-0.95 0.8405
2.65

IMD4a
4
-0.95 0.8405
1.5620000000000003 0.8405
1.5620000000000003 0.8615
-0.95 0.8615
5.2

IMD4b
4
-0.95 0.8615
1.5620000000000003 0.8615
1.5620000000000003 0.8765
-0.95 0.8765
4.2

IMD4c
4
-0.95 0.8765
1.5620000000000003 0.8765
1.5620000000000003 0.9005
-0.95 0.9005
3.28

IMD4d1+IMD4d2
4
-0.95 0.9005
1.5620000000000003 0.9005
1.5620000000000003 1.0275
-0.95 1.0275
2.65

IMD5a
4
-0.95 1.0275
1.5620000000000003 1.0275
1.5620000000000003 1.0485
-0.95 1.0485
5.2

IMD5b
4
-0.95 1.0485
1.5620000000000003 1.0485
1.5620000000000003 1.0635
-0.95 1.0635
4.2

IMD5c
4
-0.95 1.0635
1.5620000000000003 1.0635
1.5620000000000003 1.0875
-0.95 1.0875
3.28

IMD5d1+IMD5d2
4
-0.95 1.0875
1.5620000000000003 1.0875
1.5620000000000003 1.2145
-0.95 1.2145
2.65

IMD6a
4
-0.95 1.2145
1.5620000000000003 1.2145
1.5620000000000003 1.2355
-0.95 1.2355
5.2

IMD6b
4
-0.95 1.2355
1.5620000000000003 1.2355
1.5620000000000003 1.2505
-0.95 1.2505
4.2

IMD6c
4
-0.95 1.2505
1.5620000000000003 1.2505
1.5620000000000003 1.2745
-0.95 1.2745
3.28

IMD6d1+IMD6d2
4
-0.95 1.2745
1.5620000000000003 1.2745
1.5620000000000003 1.4015
-0.95 1.4015
2.65

IMD7a
4
-0.95 1.4015
1.5620000000000003 1.4015
1.5620000000000003 1.4765
-0.95 1.4765
5.2

IMD7b1+IMD7b2
4
-0.95 1.4765
1.5620000000000003 1.4765
1.5620000000000003 2.9765
-0.95 2.9765
4.2

IMD8a
4
-0.95 2.9765
1.5620000000000003 2.9765
1.5620000000000003 3.0515
-0.95 3.0515
5.2

IMD8b1+IMD8b2
4
-0.95 3.0515
1.5620000000000003 3.0515
1.5620000000000003 4.5515
-0.95 4.5515
4.2

PASS1
4
-0.95 4.5515
1.5620000000000003 4.5515
1.5620000000000003 4.6265
-0.95 4.6265
7.0

PASS2
4
-0.95 4.6265
1.5620000000000003 4.6265
1.5620000000000003 5.0265
-0.95 5.0265
4.2

PASS3
4
-0.95 5.0265
1.5620000000000003 5.0265
1.5620000000000003 5.1015
-0.95 5.1015
7.0

PASS4+PASS5
4
-0.95 5.1015
1.5620000000000003 5.1015
1.5620000000000003 6.0515
-0.95 6.0515
4.2

PASS6
4
-0.95 6.0515
1.5620000000000003 6.0515
1.5620000000000003 6.6515
-0.95 6.6515
7.0

air_Layer
4
-0.95 6.6515
1.5620000000000003 6.6515
1.5620000000000003 6.9485
-0.95 6.9485
1.0


4
-0.95 0.001
1.5620000000000003 0.001
1.5620000000000003 6.9485
-0.95 6.9485

