c1
4
-0.22201 0.5545
0.2220099999999999 0.5545
0.22798999999999991 0.6535
-0.22799000000000003 0.6535

3
botleft
4
-2.12598 -0.001
0 -0.001
0 0.001
-2.12598 0.001

botright
4
0 -0.001
6.67098 -0.001
6.67098 0.001
0 0.001

lEnv
4
-0.76201 0.5545
-0.31799 0.5545
-0.31201 0.6535
-0.76799 0.6535


47
IMD2d1_damage
4
-0.7714239999999999 0.5445
-0.308576 0.5445
-0.307972 0.5545
-0.7720279999999999 0.5545
3.1

IMD2d1_damage
4
-0.23142400000000002 0.5445
0.2314239999999999 0.5445
0.2320279999999999 0.5545
-0.232028 0.5545
3.1

IMD2d2_damage
4
-0.767019 0.5545
-0.76201 0.5545
-0.76799 0.6535
-0.772999 0.6535
2.9

IMD2d2_damage
4
-0.31799 0.5545
-0.312981 0.5545
-0.307001 0.6535
-0.31201 0.6535
2.9

IMD2d2_damage
4
-0.22701900000000003 0.5545
-0.22201 0.5545
-0.22799000000000003 0.6535
-0.23299900000000004 0.6535
2.9

IMD2d2_damage
4
0.2220099999999999 0.5545
0.22701899999999992 0.5545
0.23299899999999993 0.6535
0.22798999999999991 0.6535
2.9

IMD2d2
4
-2.12598 0.5545
-0.767019 0.5545
-0.772999 0.6535
-2.12598 0.6535
2.65

IMD2d2
4
-0.312981 0.5545
-0.22701900000000003 0.5545
-0.23299900000000004 0.6535
-0.307001 0.6535
2.65

IMD2d2
4
0.22701899999999992 0.5545
6.67098 0.5545
6.67098 0.6535
0.23299899999999993 0.6535
2.65

IMD2d1
4
-2.12598 0.5445
-0.7714239999999999 0.5445
-0.7720279999999999 0.5545
-2.12598 0.5545
2.65

IMD2d1
4
-0.308576 0.5445
-0.23142400000000002 0.5445
-0.232028 0.5545
-0.307972 0.5545
2.65

IMD2d1
4
0.2314239999999999 0.5445
6.67098 0.5445
6.67098 0.5545
0.2320279999999999 0.5545
2.65

IMD2d1
4
-2.12598 0.5265
6.67098 0.5265
6.67098 0.5445
-2.12598 0.5445
2.65

FOXA+FOXB+TOX
4
-2.12598 0.001
6.67098 0.001
6.67098 0.2665
-2.12598 0.2665
4.0

ILD1a
4
-2.12598 0.2665
6.67098 0.2665
6.67098 0.2765
-2.12598 0.2765
7.0

ILD1b1+ILD1b2+ILD1b3
4
-2.12598 0.2765
6.67098 0.2765
6.67098 0.3955
-2.12598 0.3955
4.0

IMD1a
4
-2.12598 0.3955
6.67098 0.3955
6.67098 0.4065
-2.12598 0.4065
5.2

IMD1b
4
-2.12598 0.4065
6.67098 0.4065
6.67098 0.4665
-2.12598 0.4665
2.8

IMD2a
4
-2.12598 0.4665
6.67098 0.4665
6.67098 0.4875
-2.12598 0.4875
5.2

IMD2b
4
-2.12598 0.4875
6.67098 0.4875
6.67098 0.5025
-2.12598 0.5025
4.2

IMD2c
4
-2.12598 0.5025
6.67098 0.5025
6.67098 0.5265
-2.12598 0.5265
3.28

IMD3a
4
-2.12598 0.6535
6.67098 0.6535
6.67098 0.6745
-2.12598 0.6745
5.2

IMD3b
4
-2.12598 0.6745
6.67098 0.6745
6.67098 0.6895
-2.12598 0.6895
4.2

IMD3c
4
-2.12598 0.6895
6.67098 0.6895
6.67098 0.7135
-2.12598 0.7135
3.28

IMD3d1+IMD3d2
4
-2.12598 0.7135
6.67098 0.7135
6.67098 0.8405
-2.12598 0.8405
2.65

IMD4a
4
-2.12598 0.8405
6.67098 0.8405
6.67098 0.8615
-2.12598 0.8615
5.2

IMD4b
4
-2.12598 0.8615
6.67098 0.8615
6.67098 0.8765
-2.12598 0.8765
4.2

IMD4c
4
-2.12598 0.8765
6.67098 0.8765
6.67098 0.9005
-2.12598 0.9005
3.28

IMD4d1+IMD4d2
4
-2.12598 0.9005
6.67098 0.9005
6.67098 1.0275
-2.12598 1.0275
2.65

IMD5a
4
-2.12598 1.0275
6.67098 1.0275
6.67098 1.0485
-2.12598 1.0485
5.2

IMD5b
4
-2.12598 1.0485
6.67098 1.0485
6.67098 1.0635
-2.12598 1.0635
4.2

IMD5c
4
-2.12598 1.0635
6.67098 1.0635
6.67098 1.0875
-2.12598 1.0875
3.28

IMD5d1+IMD5d2
4
-2.12598 1.0875
6.67098 1.0875
6.67098 1.2145
-2.12598 1.2145
2.65

IMD6a
4
-2.12598 1.2145
6.67098 1.2145
6.67098 1.2355
-2.12598 1.2355
5.2

IMD6b
4
-2.12598 1.2355
6.67098 1.2355
6.67098 1.2505
-2.12598 1.2505
4.2

IMD6c
4
-2.12598 1.2505
6.67098 1.2505
6.67098 1.2745
-2.12598 1.2745
3.28

IMD6d1+IMD6d2
4
-2.12598 1.2745
6.67098 1.2745
6.67098 1.4015
-2.12598 1.4015
2.65

IMD7a
4
-2.12598 1.4015
6.67098 1.4015
6.67098 1.4765
-2.12598 1.4765
5.2

IMD7b1+IMD7b2
4
-2.12598 1.4765
6.67098 1.4765
6.67098 2.9765
-2.12598 2.9765
4.2

IMD8a
4
-2.12598 2.9765
6.67098 2.9765
6.67098 3.0515
-2.12598 3.0515
5.2

IMD8b1+IMD8b2
4
-2.12598 3.0515
6.67098 3.0515
6.67098 4.5515
-2.12598 4.5515
4.2

PASS1
4
-2.12598 4.5515
6.67098 4.5515
6.67098 4.6265
-2.12598 4.6265
7.0

PASS2
4
-2.12598 4.6265
6.67098 4.6265
6.67098 5.0265
-2.12598 5.0265
4.2

PASS3
4
-2.12598 5.0265
6.67098 5.0265
6.67098 5.1015
-2.12598 5.1015
7.0

PASS4+PASS5
4
-2.12598 5.1015
6.67098 5.1015
6.67098 6.0515
-2.12598 6.0515
4.2

PASS6
4
-2.12598 6.0515
6.67098 6.0515
6.67098 6.6515
-2.12598 6.6515
7.0

air_Layer
4
-2.12598 6.6515
6.67098 6.6515
6.67098 6.9485
-2.12598 6.9485
1.0


4
-2.12598 0.001
6.67098 0.001
6.67098 6.9485
-2.12598 6.9485

