c1
4
-0.15451 1.3025
0.15451 1.3025
0.16049000000000002 1.4015
-0.16049000000000002 1.4015

5
botleft
4
-1.0085 -0.001
0 -0.001
0 0.001
-1.0085 0.001

botright
4
0 -0.001
1.8635 -0.001
1.8635 0.001
0 0.001

lEnv
4
-0.50551 1.3025
-0.19649000000000003 1.3025
-0.19051 1.4015
-0.51149 1.4015

c2
4
0.70049 1.3025
1.00951 1.3025
1.01549 1.4015
0.69451 1.4015

rEnv
4
1.05149 1.3025
1.3605099999999999 1.3025
1.36649 1.4015
1.04551 1.4015


57
IMD6d1_damage
4
-0.5149239999999999 1.2925
-0.18707600000000002 1.2925
-0.18647200000000003 1.3025
-0.515528 1.3025
3.1

IMD6d1_damage
4
-0.16392400000000001 1.2925
0.16392400000000001 1.2925
0.164528 1.3025
-0.164528 1.3025
3.1

IMD6d1_damage
4
0.691076 1.2925
1.018924 1.2925
1.019528 1.3025
0.690472 1.3025
3.1

IMD6d1_damage
4
1.042076 1.2925
1.369924 1.2925
1.370528 1.3025
1.041472 1.3025
3.1

IMD6d2_damage
4
-0.5105190000000001 1.3025
-0.50551 1.3025
-0.51149 1.4015
-0.516499 1.4015
2.9

IMD6d2_damage
4
-0.19649000000000003 1.3025
-0.191481 1.3025
-0.185501 1.4015
-0.19051 1.4015
2.9

IMD6d2_damage
4
-0.15951900000000002 1.3025
-0.15451 1.3025
-0.16049000000000002 1.4015
-0.16549900000000003 1.4015
2.9

IMD6d2_damage
4
0.15451 1.3025
0.15951900000000002 1.3025
0.16549900000000003 1.4015
0.16049000000000002 1.4015
2.9

IMD6d2_damage
4
0.6954809999999999 1.3025
0.70049 1.3025
0.69451 1.4015
0.6895009999999999 1.4015
2.9

IMD6d2_damage
4
1.00951 1.3025
1.014519 1.3025
1.020499 1.4015
1.01549 1.4015
2.9

IMD6d2_damage
4
1.046481 1.3025
1.05149 1.3025
1.04551 1.4015
1.040501 1.4015
2.9

IMD6d2_damage
4
1.3605099999999999 1.3025
1.365519 1.3025
1.371499 1.4015
1.36649 1.4015
2.9

IMD6d2
4
-1.0085 1.3025
-0.5105190000000001 1.3025
-0.516499 1.4015
-1.0085 1.4015
2.65

IMD6d2
4
-0.191481 1.3025
-0.15951900000000002 1.3025
-0.16549900000000003 1.4015
-0.185501 1.4015
2.65

IMD6d2
4
0.15951900000000002 1.3025
0.6954809999999999 1.3025
0.6895009999999999 1.4015
0.16549900000000003 1.4015
2.65

IMD6d2
4
1.014519 1.3025
1.046481 1.3025
1.040501 1.4015
1.020499 1.4015
2.65

IMD6d2
4
1.365519 1.3025
1.8635 1.3025
1.8635 1.4015
1.371499 1.4015
2.65

IMD6d1
4
-1.0085 1.2925
-0.5149239999999999 1.2925
-0.515528 1.3025
-1.0085 1.3025
2.65

IMD6d1
4
-0.18707600000000002 1.2925
-0.16392400000000001 1.2925
-0.164528 1.3025
-0.18647200000000003 1.3025
2.65

IMD6d1
4
0.16392400000000001 1.2925
0.691076 1.2925
0.690472 1.3025
0.164528 1.3025
2.65

IMD6d1
4
1.018924 1.2925
1.042076 1.2925
1.041472 1.3025
1.019528 1.3025
2.65

IMD6d1
4
1.369924 1.2925
1.8635 1.2925
1.8635 1.3025
1.370528 1.3025
2.65

IMD6d1
4
-1.0085 1.2745
1.8635 1.2745
1.8635 1.2925
-1.0085 1.2925
2.65

FOXA+FOXB+TOX
4
-1.0085 0.001
1.8635 0.001
1.8635 0.2665
-1.0085 0.2665
4.0

ILD1a
4
-1.0085 0.2665
1.8635 0.2665
1.8635 0.2765
-1.0085 0.2765
7.0

ILD1b1+ILD1b2+ILD1b3
4
-1.0085 0.2765
1.8635 0.2765
1.8635 0.3955
-1.0085 0.3955
4.0

IMD1a
4
-1.0085 0.3955
1.8635 0.3955
1.8635 0.4065
-1.0085 0.4065
5.2

IMD1b
4
-1.0085 0.4065
1.8635 0.4065
1.8635 0.4665
-1.0085 0.4665
2.8

IMD2a
4
-1.0085 0.4665
1.8635 0.4665
1.8635 0.4875
-1.0085 0.4875
5.2

IMD2b
4
-1.0085 0.4875
1.8635 0.4875
1.8635 0.5025
-1.0085 0.5025
4.2

IMD2c
4
-1.0085 0.5025
1.8635 0.5025
1.8635 0.5265
-1.0085 0.5265
3.28

IMD2d1+IMD2d2
4
-1.0085 0.5265
1.8635 0.5265
1.8635 0.6535
-1.0085 0.6535
2.65

IMD3a
4
-1.0085 0.6535
1.8635 0.6535
1.8635 0.6745
-1.0085 0.6745
5.2

IMD3b
4
-1.0085 0.6745
1.8635 0.6745
1.8635 0.6895
-1.0085 0.6895
4.2

IMD3c
4
-1.0085 0.6895
1.8635 0.6895
1.8635 0.7135
-1.0085 0.7135
3.28

IMD3d1+IMD3d2
4
-1.0085 0.7135
1.8635 0.7135
1.8635 0.8405
-1.0085 0.8405
2.65

IMD4a
4
-1.0085 0.8405
1.8635 0.8405
1.8635 0.8615
-1.0085 0.8615
5.2

IMD4b
4
-1.0085 0.8615
1.8635 0.8615
1.8635 0.8765
-1.0085 0.8765
4.2

IMD4c
4
-1.0085 0.8765
1.8635 0.8765
1.8635 0.9005
-1.0085 0.9005
3.28

IMD4d1+IMD4d2
4
-1.0085 0.9005
1.8635 0.9005
1.8635 1.0275
-1.0085 1.0275
2.65

IMD5a
4
-1.0085 1.0275
1.8635 1.0275
1.8635 1.0485
-1.0085 1.0485
5.2

IMD5b
4
-1.0085 1.0485
1.8635 1.0485
1.8635 1.0635
-1.0085 1.0635
4.2

IMD5c
4
-1.0085 1.0635
1.8635 1.0635
1.8635 1.0875
-1.0085 1.0875
3.28

IMD5d1+IMD5d2
4
-1.0085 1.0875
1.8635 1.0875
1.8635 1.2145
-1.0085 1.2145
2.65

IMD6a
4
-1.0085 1.2145
1.8635 1.2145
1.8635 1.2355
-1.0085 1.2355
5.2

IMD6b
4
-1.0085 1.2355
1.8635 1.2355
1.8635 1.2505
-1.0085 1.2505
4.2

IMD6c
4
-1.0085 1.2505
1.8635 1.2505
1.8635 1.2745
-1.0085 1.2745
3.28

IMD7a
4
-1.0085 1.4015
1.8635 1.4015
1.8635 1.4765
-1.0085 1.4765
5.2

IMD7b1+IMD7b2
4
-1.0085 1.4765
1.8635 1.4765
1.8635 2.9765
-1.0085 2.9765
4.2

IMD8a
4
-1.0085 2.9765
1.8635 2.9765
1.8635 3.0515
-1.0085 3.0515
5.2

IMD8b1+IMD8b2
4
-1.0085 3.0515
1.8635 3.0515
1.8635 4.5515
-1.0085 4.5515
4.2

PASS1
4
-1.0085 4.5515
1.8635 4.5515
1.8635 4.6265
-1.0085 4.6265
7.0

PASS2
4
-1.0085 4.6265
1.8635 4.6265
1.8635 5.0265
-1.0085 5.0265
4.2

PASS3
4
-1.0085 5.0265
1.8635 5.0265
1.8635 5.1015
-1.0085 5.1015
7.0

PASS4+PASS5
4
-1.0085 5.1015
1.8635 5.1015
1.8635 6.0515
-1.0085 6.0515
4.2

PASS6
4
-1.0085 6.0515
1.8635 6.0515
1.8635 6.6515
-1.0085 6.6515
7.0

air_Layer
4
-1.0085 6.6515
1.8635 6.6515
1.8635 6.9485
-1.0085 6.9485
1.0


4
-1.0085 0.001
1.8635 0.001
1.8635 6.9485
-1.0085 6.9485

