c1
4
-0.22201 0.9285000000000001
0.2220099999999999 0.9285000000000001
0.22798999999999991 1.0275
-0.22799000000000003 1.0275

5
botleft
4
-1.265 -0.001
0 -0.001
0 0.001
-1.265 0.001

botright
4
0 -0.001
1.9849999999999997 -0.001
1.9849999999999997 0.001
0 0.001

lEnv
4
-0.76201 0.9285000000000001
-0.31799 0.9285000000000001
-0.31201 1.0275
-0.76799 1.0275

c2
4
0.7679899999999998 0.9285000000000001
1.0770099999999998 0.9285000000000001
1.08299 1.0275
0.7620099999999999 1.0275

rEnv
4
1.17299 0.9285000000000001
1.4820099999999996 0.9285000000000001
1.4879899999999997 1.0275
1.1670099999999999 1.0275


57
IMD4d1_damage
4
-0.7714239999999999 0.9185000000000001
-0.308576 0.9185000000000001
-0.307972 0.9285000000000001
-0.7720279999999999 0.9285000000000001
3.1

IMD4d1_damage
4
-0.23142400000000002 0.9185000000000001
0.2314239999999999 0.9185000000000001
0.2320279999999999 0.9285000000000001
-0.232028 0.9285000000000001
3.1

IMD4d1_damage
4
0.7585759999999999 0.9185000000000001
1.0864239999999998 0.9185000000000001
1.0870279999999999 0.9285000000000001
0.7579719999999999 0.9285000000000001
3.1

IMD4d1_damage
4
1.163576 0.9185000000000001
1.4914239999999996 0.9185000000000001
1.4920279999999997 0.9285000000000001
1.162972 0.9285000000000001
3.1

IMD4d2_damage
4
-0.767019 0.9285000000000001
-0.76201 0.9285000000000001
-0.76799 1.0275
-0.772999 1.0275
2.9

IMD4d2_damage
4
-0.31799 0.9285000000000001
-0.312981 0.9285000000000001
-0.307001 1.0275
-0.31201 1.0275
2.9

IMD4d2_damage
4
-0.22701900000000003 0.9285000000000001
-0.22201 0.9285000000000001
-0.22799000000000003 1.0275
-0.23299900000000004 1.0275
2.9

IMD4d2_damage
4
0.2220099999999999 0.9285000000000001
0.22701899999999992 0.9285000000000001
0.23299899999999993 1.0275
0.22798999999999991 1.0275
2.9

IMD4d2_damage
4
0.7629809999999998 0.9285000000000001
0.7679899999999998 0.9285000000000001
0.7620099999999999 1.0275
0.7570009999999998 1.0275
2.9

IMD4d2_damage
4
1.0770099999999998 0.9285000000000001
1.0820189999999998 0.9285000000000001
1.087999 1.0275
1.08299 1.0275
2.9

IMD4d2_damage
4
1.167981 0.9285000000000001
1.17299 0.9285000000000001
1.1670099999999999 1.0275
1.1620009999999998 1.0275
2.9

IMD4d2_damage
4
1.4820099999999996 0.9285000000000001
1.4870189999999996 0.9285000000000001
1.4929989999999997 1.0275
1.4879899999999997 1.0275
2.9

IMD4d2
4
-1.265 0.9285000000000001
-0.767019 0.9285000000000001
-0.772999 1.0275
-1.265 1.0275
2.65

IMD4d2
4
-0.312981 0.9285000000000001
-0.22701900000000003 0.9285000000000001
-0.23299900000000004 1.0275
-0.307001 1.0275
2.65

IMD4d2
4
0.22701899999999992 0.9285000000000001
0.7629809999999998 0.9285000000000001
0.7570009999999998 1.0275
0.23299899999999993 1.0275
2.65

IMD4d2
4
1.0820189999999998 0.9285000000000001
1.167981 0.9285000000000001
1.1620009999999998 1.0275
1.087999 1.0275
2.65

IMD4d2
4
1.4870189999999996 0.9285000000000001
1.9849999999999997 0.9285000000000001
1.9849999999999997 1.0275
1.4929989999999997 1.0275
2.65

IMD4d1
4
-1.265 0.9185000000000001
-0.7714239999999999 0.9185000000000001
-0.7720279999999999 0.9285000000000001
-1.265 0.9285000000000001
2.65

IMD4d1
4
-0.308576 0.9185000000000001
-0.23142400000000002 0.9185000000000001
-0.232028 0.9285000000000001
-0.307972 0.9285000000000001
2.65

IMD4d1
4
0.2314239999999999 0.9185000000000001
0.7585759999999999 0.9185000000000001
0.7579719999999999 0.9285000000000001
0.2320279999999999 0.9285000000000001
2.65

IMD4d1
4
1.0864239999999998 0.9185000000000001
1.163576 0.9185000000000001
1.162972 0.9285000000000001
1.0870279999999999 0.9285000000000001
2.65

IMD4d1
4
1.4914239999999996 0.9185000000000001
1.9849999999999997 0.9185000000000001
1.9849999999999997 0.9285000000000001
1.4920279999999997 0.9285000000000001
2.65

IMD4d1
4
-1.265 0.9005
1.9849999999999997 0.9005
1.9849999999999997 0.9185000000000001
-1.265 0.9185000000000001
2.65

FOXA+FOXB+TOX
4
-1.265 0.001
1.9849999999999997 0.001
1.9849999999999997 0.2665
-1.265 0.2665
4.0

ILD1a
4
-1.265 0.2665
1.9849999999999997 0.2665
1.9849999999999997 0.2765
-1.265 0.2765
7.0

ILD1b1+ILD1b2+ILD1b3
4
-1.265 0.2765
1.9849999999999997 0.2765
1.9849999999999997 0.3955
-1.265 0.3955
4.0

IMD1a
4
-1.265 0.3955
1.9849999999999997 0.3955
1.9849999999999997 0.4065
-1.265 0.4065
5.2

IMD1b
4
-1.265 0.4065
1.9849999999999997 0.4065
1.9849999999999997 0.4665
-1.265 0.4665
2.8

IMD2a
4
-1.265 0.4665
1.9849999999999997 0.4665
1.9849999999999997 0.4875
-1.265 0.4875
5.2

IMD2b
4
-1.265 0.4875
1.9849999999999997 0.4875
1.9849999999999997 0.5025
-1.265 0.5025
4.2

IMD2c
4
-1.265 0.5025
1.9849999999999997 0.5025
1.9849999999999997 0.5265
-1.265 0.5265
3.28

IMD2d1+IMD2d2
4
-1.265 0.5265
1.9849999999999997 0.5265
1.9849999999999997 0.6535
-1.265 0.6535
2.65

IMD3a
4
-1.265 0.6535
1.9849999999999997 0.6535
1.9849999999999997 0.6745
-1.265 0.6745
5.2

IMD3b
4
-1.265 0.6745
1.9849999999999997 0.6745
1.9849999999999997 0.6895
-1.265 0.6895
4.2

IMD3c
4
-1.265 0.6895
1.9849999999999997 0.6895
1.9849999999999997 0.7135
-1.265 0.7135
3.28

IMD3d1+IMD3d2
4
-1.265 0.7135
1.9849999999999997 0.7135
1.9849999999999997 0.8405
-1.265 0.8405
2.65

IMD4a
4
-1.265 0.8405
1.9849999999999997 0.8405
1.9849999999999997 0.8615
-1.265 0.8615
5.2

IMD4b
4
-1.265 0.8615
1.9849999999999997 0.8615
1.9849999999999997 0.8765
-1.265 0.8765
4.2

IMD4c
4
-1.265 0.8765
1.9849999999999997 0.8765
1.9849999999999997 0.9005
-1.265 0.9005
3.28

IMD5a
4
-1.265 1.0275
1.9849999999999997 1.0275
1.9849999999999997 1.0485
-1.265 1.0485
5.2

IMD5b
4
-1.265 1.0485
1.9849999999999997 1.0485
1.9849999999999997 1.0635
-1.265 1.0635
4.2

IMD5c
4
-1.265 1.0635
1.9849999999999997 1.0635
1.9849999999999997 1.0875
-1.265 1.0875
3.28

IMD5d1+IMD5d2
4
-1.265 1.0875
1.9849999999999997 1.0875
1.9849999999999997 1.2145
-1.265 1.2145
2.65

IMD6a
4
-1.265 1.2145
1.9849999999999997 1.2145
1.9849999999999997 1.2355
-1.265 1.2355
5.2

IMD6b
4
-1.265 1.2355
1.9849999999999997 1.2355
1.9849999999999997 1.2505
-1.265 1.2505
4.2

IMD6c
4
-1.265 1.2505
1.9849999999999997 1.2505
1.9849999999999997 1.2745
-1.265 1.2745
3.28

IMD6d1+IMD6d2
4
-1.265 1.2745
1.9849999999999997 1.2745
1.9849999999999997 1.4015
-1.265 1.4015
2.65

IMD7a
4
-1.265 1.4015
1.9849999999999997 1.4015
1.9849999999999997 1.4765
-1.265 1.4765
5.2

IMD7b1+IMD7b2
4
-1.265 1.4765
1.9849999999999997 1.4765
1.9849999999999997 2.9765
-1.265 2.9765
4.2

IMD8a
4
-1.265 2.9765
1.9849999999999997 2.9765
1.9849999999999997 3.0515
-1.265 3.0515
5.2

IMD8b1+IMD8b2
4
-1.265 3.0515
1.9849999999999997 3.0515
1.9849999999999997 4.5515
-1.265 4.5515
4.2

PASS1
4
-1.265 4.5515
1.9849999999999997 4.5515
1.9849999999999997 4.6265
-1.265 4.6265
7.0

PASS2
4
-1.265 4.6265
1.9849999999999997 4.6265
1.9849999999999997 5.0265
-1.265 5.0265
4.2

PASS3
4
-1.265 5.0265
1.9849999999999997 5.0265
1.9849999999999997 5.1015
-1.265 5.1015
7.0

PASS4+PASS5
4
-1.265 5.1015
1.9849999999999997 5.1015
1.9849999999999997 6.0515
-1.265 6.0515
4.2

PASS6
4
-1.265 6.0515
1.9849999999999997 6.0515
1.9849999999999997 6.6515
-1.265 6.6515
7.0

air_Layer
4
-1.265 6.6515
1.9849999999999997 6.6515
1.9849999999999997 6.9485
-1.265 6.9485
1.0


4
-1.265 0.001
1.9849999999999997 0.001
1.9849999999999997 6.9485
-1.265 6.9485

