c1
4
-0.33450999999999986 0.5545
0.33451 0.5545
0.34048999999999996 0.6535
-0.34048999999999985 0.6535

5
botleft
4
-1.5484999999999998 -0.001
0 -0.001
0 0.001
-1.5484999999999998 0.001

botright
4
0 -0.001
2.0435 -0.001
2.0435 0.001
0 0.001

lEnv
4
-1.0455099999999997 0.5545
-0.3764899999999999 0.5545
-0.3705099999999999 0.6535
-1.0514899999999998 0.6535

c2
4
0.8804899999999999 0.5545
1.1895099999999998 0.5545
1.19549 0.6535
0.8745099999999999 0.6535

rEnv
4
1.23149 0.5545
1.5405099999999998 0.5545
1.54649 0.6535
1.2255099999999999 0.6535


57
IMD2d1_damage
4
-1.0549239999999998 0.5445
-0.3670759999999999 0.5445
-0.3664719999999999 0.5545
-1.0555279999999998 0.5545
3.1

IMD2d1_damage
4
-0.34392399999999984 0.5445
0.34392399999999995 0.5445
0.34452799999999995 0.5545
-0.34452799999999983 0.5545
3.1

IMD2d1_damage
4
0.871076 0.5445
1.1989239999999999 0.5445
1.199528 0.5545
0.8704719999999999 0.5545
3.1

IMD2d1_damage
4
1.222076 0.5445
1.5499239999999999 0.5445
1.550528 0.5545
1.221472 0.5545
3.1

IMD2d2_damage
4
-1.0505189999999998 0.5545
-1.0455099999999997 0.5545
-1.0514899999999998 0.6535
-1.0564989999999999 0.6535
2.9

IMD2d2_damage
4
-0.3764899999999999 0.5545
-0.3714809999999999 0.5545
-0.3655009999999999 0.6535
-0.3705099999999999 0.6535
2.9

IMD2d2_damage
4
-0.33951899999999985 0.5545
-0.33450999999999986 0.5545
-0.34048999999999985 0.6535
-0.34549899999999983 0.6535
2.9

IMD2d2_damage
4
0.33451 0.5545
0.33951899999999996 0.5545
0.34549899999999995 0.6535
0.34048999999999996 0.6535
2.9

IMD2d2_damage
4
0.8754809999999998 0.5545
0.8804899999999999 0.5545
0.8745099999999999 0.6535
0.8695009999999999 0.6535
2.9

IMD2d2_damage
4
1.1895099999999998 0.5545
1.1945189999999999 0.5545
1.200499 0.6535
1.19549 0.6535
2.9

IMD2d2_damage
4
1.226481 0.5545
1.23149 0.5545
1.2255099999999999 0.6535
1.2205009999999998 0.6535
2.9

IMD2d2_damage
4
1.5405099999999998 0.5545
1.5455189999999999 0.5545
1.551499 0.6535
1.54649 0.6535
2.9

IMD2d2
4
-1.5484999999999998 0.5545
-1.0505189999999998 0.5545
-1.0564989999999999 0.6535
-1.5484999999999998 0.6535
2.65

IMD2d2
4
-0.3714809999999999 0.5545
-0.33951899999999985 0.5545
-0.34549899999999983 0.6535
-0.3655009999999999 0.6535
2.65

IMD2d2
4
0.33951899999999996 0.5545
0.8754809999999998 0.5545
0.8695009999999999 0.6535
0.34549899999999995 0.6535
2.65

IMD2d2
4
1.1945189999999999 0.5545
1.226481 0.5545
1.2205009999999998 0.6535
1.200499 0.6535
2.65

IMD2d2
4
1.5455189999999999 0.5545
2.0435 0.5545
2.0435 0.6535
1.551499 0.6535
2.65

IMD2d1
4
-1.5484999999999998 0.5445
-1.0549239999999998 0.5445
-1.0555279999999998 0.5545
-1.5484999999999998 0.5545
2.65

IMD2d1
4
-0.3670759999999999 0.5445
-0.34392399999999984 0.5445
-0.34452799999999983 0.5545
-0.3664719999999999 0.5545
2.65

IMD2d1
4
0.34392399999999995 0.5445
0.871076 0.5445
0.8704719999999999 0.5545
0.34452799999999995 0.5545
2.65

IMD2d1
4
1.1989239999999999 0.5445
1.222076 0.5445
1.221472 0.5545
1.199528 0.5545
2.65

IMD2d1
4
1.5499239999999999 0.5445
2.0435 0.5445
2.0435 0.5545
1.550528 0.5545
2.65

IMD2d1
4
-1.5484999999999998 0.5265
2.0435 0.5265
2.0435 0.5445
-1.5484999999999998 0.5445
2.65

FOXA+FOXB+TOX
4
-1.5484999999999998 0.001
2.0435 0.001
2.0435 0.2665
-1.5484999999999998 0.2665
4.0

ILD1a
4
-1.5484999999999998 0.2665
2.0435 0.2665
2.0435 0.2765
-1.5484999999999998 0.2765
7.0

ILD1b1+ILD1b2+ILD1b3
4
-1.5484999999999998 0.2765
2.0435 0.2765
2.0435 0.3955
-1.5484999999999998 0.3955
4.0

IMD1a
4
-1.5484999999999998 0.3955
2.0435 0.3955
2.0435 0.4065
-1.5484999999999998 0.4065
5.2

IMD1b
4
-1.5484999999999998 0.4065
2.0435 0.4065
2.0435 0.4665
-1.5484999999999998 0.4665
2.8

IMD2a
4
-1.5484999999999998 0.4665
2.0435 0.4665
2.0435 0.4875
-1.5484999999999998 0.4875
5.2

IMD2b
4
-1.5484999999999998 0.4875
2.0435 0.4875
2.0435 0.5025
-1.5484999999999998 0.5025
4.2

IMD2c
4
-1.5484999999999998 0.5025
2.0435 0.5025
2.0435 0.5265
-1.5484999999999998 0.5265
3.28

IMD3a
4
-1.5484999999999998 0.6535
2.0435 0.6535
2.0435 0.6745
-1.5484999999999998 0.6745
5.2

IMD3b
4
-1.5484999999999998 0.6745
2.0435 0.6745
2.0435 0.6895
-1.5484999999999998 0.6895
4.2

IMD3c
4
-1.5484999999999998 0.6895
2.0435 0.6895
2.0435 0.7135
-1.5484999999999998 0.7135
3.28

IMD3d1+IMD3d2
4
-1.5484999999999998 0.7135
2.0435 0.7135
2.0435 0.8405
-1.5484999999999998 0.8405
2.65

IMD4a
4
-1.5484999999999998 0.8405
2.0435 0.8405
2.0435 0.8615
-1.5484999999999998 0.8615
5.2

IMD4b
4
-1.5484999999999998 0.8615
2.0435 0.8615
2.0435 0.8765
-1.5484999999999998 0.8765
4.2

IMD4c
4
-1.5484999999999998 0.8765
2.0435 0.8765
2.0435 0.9005
-1.5484999999999998 0.9005
3.28

IMD4d1+IMD4d2
4
-1.5484999999999998 0.9005
2.0435 0.9005
2.0435 1.0275
-1.5484999999999998 1.0275
2.65

IMD5a
4
-1.5484999999999998 1.0275
2.0435 1.0275
2.0435 1.0485
-1.5484999999999998 1.0485
5.2

IMD5b
4
-1.5484999999999998 1.0485
2.0435 1.0485
2.0435 1.0635
-1.5484999999999998 1.0635
4.2

IMD5c
4
-1.5484999999999998 1.0635
2.0435 1.0635
2.0435 1.0875
-1.5484999999999998 1.0875
3.28

IMD5d1+IMD5d2
4
-1.5484999999999998 1.0875
2.0435 1.0875
2.0435 1.2145
-1.5484999999999998 1.2145
2.65

IMD6a
4
-1.5484999999999998 1.2145
2.0435 1.2145
2.0435 1.2355
-1.5484999999999998 1.2355
5.2

IMD6b
4
-1.5484999999999998 1.2355
2.0435 1.2355
2.0435 1.2505
-1.5484999999999998 1.2505
4.2

IMD6c
4
-1.5484999999999998 1.2505
2.0435 1.2505
2.0435 1.2745
-1.5484999999999998 1.2745
3.28

IMD6d1+IMD6d2
4
-1.5484999999999998 1.2745
2.0435 1.2745
2.0435 1.4015
-1.5484999999999998 1.4015
2.65

IMD7a
4
-1.5484999999999998 1.4015
2.0435 1.4015
2.0435 1.4765
-1.5484999999999998 1.4765
5.2

IMD7b1+IMD7b2
4
-1.5484999999999998 1.4765
2.0435 1.4765
2.0435 2.9765
-1.5484999999999998 2.9765
4.2

IMD8a
4
-1.5484999999999998 2.9765
2.0435 2.9765
2.0435 3.0515
-1.5484999999999998 3.0515
5.2

IMD8b1+IMD8b2
4
-1.5484999999999998 3.0515
2.0435 3.0515
2.0435 4.5515
-1.5484999999999998 4.5515
4.2

PASS1
4
-1.5484999999999998 4.5515
2.0435 4.5515
2.0435 4.6265
-1.5484999999999998 4.6265
7.0

PASS2
4
-1.5484999999999998 4.6265
2.0435 4.6265
2.0435 5.0265
-1.5484999999999998 5.0265
4.2

PASS3
4
-1.5484999999999998 5.0265
2.0435 5.0265
2.0435 5.1015
-1.5484999999999998 5.1015
7.0

PASS4+PASS5
4
-1.5484999999999998 5.1015
2.0435 5.1015
2.0435 6.0515
-1.5484999999999998 6.0515
4.2

PASS6
4
-1.5484999999999998 6.0515
2.0435 6.0515
2.0435 6.6515
-1.5484999999999998 6.6515
7.0

air_Layer
4
-1.5484999999999998 6.6515
2.0435 6.6515
2.0435 6.9485
-1.5484999999999998 6.9485
1.0


4
-1.5484999999999998 0.001
2.0435 0.001
2.0435 6.9485
-1.5484999999999998 6.9485

