c1
4
-0.3345100000000001 0.5545
0.33451 0.5545
0.34048999999999996 0.6535
-0.34049000000000007 0.6535

3
botleft
4
-3.0934799999999996 -0.001
0 -0.001
0 0.001
-3.0934799999999996 0.001

botright
4
0 -0.001
6.42348 -0.001
6.42348 0.001
0 0.001

lEnv
4
-1.1895099999999998 0.5545
-0.52049 0.5545
-0.51451 0.6535
-1.19549 0.6535


47
IMD2d1_damage
4
-1.1989239999999999 0.5445
-0.5110760000000001 0.5445
-0.510472 0.5545
-1.199528 0.5545
3.1

IMD2d1_damage
4
-0.34392400000000006 0.5445
0.34392399999999995 0.5445
0.34452799999999995 0.5545
-0.34452800000000006 0.5545
3.1

IMD2d2_damage
4
-1.1945189999999999 0.5545
-1.1895099999999998 0.5545
-1.19549 0.6535
-1.200499 0.6535
2.9

IMD2d2_damage
4
-0.52049 0.5545
-0.515481 0.5545
-0.509501 0.6535
-0.51451 0.6535
2.9

IMD2d2_damage
4
-0.33951900000000007 0.5545
-0.3345100000000001 0.5545
-0.34049000000000007 0.6535
-0.34549900000000006 0.6535
2.9

IMD2d2_damage
4
0.33451 0.5545
0.33951899999999996 0.5545
0.34549899999999995 0.6535
0.34048999999999996 0.6535
2.9

IMD2d2
4
-3.0934799999999996 0.5545
-1.1945189999999999 0.5545
-1.200499 0.6535
-3.0934799999999996 0.6535
2.65

IMD2d2
4
-0.515481 0.5545
-0.33951900000000007 0.5545
-0.34549900000000006 0.6535
-0.509501 0.6535
2.65

IMD2d2
4
0.33951899999999996 0.5545
6.42348 0.5545
6.42348 0.6535
0.34549899999999995 0.6535
2.65

IMD2d1
4
-3.0934799999999996 0.5445
-1.1989239999999999 0.5445
-1.199528 0.5545
-3.0934799999999996 0.5545
2.65

IMD2d1
4
-0.5110760000000001 0.5445
-0.34392400000000006 0.5445
-0.34452800000000006 0.5545
-0.510472 0.5545
2.65

IMD2d1
4
0.34392399999999995 0.5445
6.42348 0.5445
6.42348 0.5545
0.34452799999999995 0.5545
2.65

IMD2d1
4
-3.0934799999999996 0.5265
6.42348 0.5265
6.42348 0.5445
-3.0934799999999996 0.5445
2.65

FOXA+FOXB+TOX
4
-3.0934799999999996 0.001
6.42348 0.001
6.42348 0.2665
-3.0934799999999996 0.2665
4.0

ILD1a
4
-3.0934799999999996 0.2665
6.42348 0.2665
6.42348 0.2765
-3.0934799999999996 0.2765
7.0

ILD1b1+ILD1b2+ILD1b3
4
-3.0934799999999996 0.2765
6.42348 0.2765
6.42348 0.3955
-3.0934799999999996 0.3955
4.0

IMD1a
4
-3.0934799999999996 0.3955
6.42348 0.3955
6.42348 0.4065
-3.0934799999999996 0.4065
5.2

IMD1b
4
-3.0934799999999996 0.4065
6.42348 0.4065
6.42348 0.4665
-3.0934799999999996 0.4665
2.8

IMD2a
4
-3.0934799999999996 0.4665
6.42348 0.4665
6.42348 0.4875
-3.0934799999999996 0.4875
5.2

IMD2b
4
-3.0934799999999996 0.4875
6.42348 0.4875
6.42348 0.5025
-3.0934799999999996 0.5025
4.2

IMD2c
4
-3.0934799999999996 0.5025
6.42348 0.5025
6.42348 0.5265
-3.0934799999999996 0.5265
3.28

IMD3a
4
-3.0934799999999996 0.6535
6.42348 0.6535
6.42348 0.6745
-3.0934799999999996 0.6745
5.2

IMD3b
4
-3.0934799999999996 0.6745
6.42348 0.6745
6.42348 0.6895
-3.0934799999999996 0.6895
4.2

IMD3c
4
-3.0934799999999996 0.6895
6.42348 0.6895
6.42348 0.7135
-3.0934799999999996 0.7135
3.28

IMD3d1+IMD3d2
4
-3.0934799999999996 0.7135
6.42348 0.7135
6.42348 0.8405
-3.0934799999999996 0.8405
2.65

IMD4a
4
-3.0934799999999996 0.8405
6.42348 0.8405
6.42348 0.8615
-3.0934799999999996 0.8615
5.2

IMD4b
4
-3.0934799999999996 0.8615
6.42348 0.8615
6.42348 0.8765
-3.0934799999999996 0.8765
4.2

IMD4c
4
-3.0934799999999996 0.8765
6.42348 0.8765
6.42348 0.9005
-3.0934799999999996 0.9005
3.28

IMD4d1+IMD4d2
4
-3.0934799999999996 0.9005
6.42348 0.9005
6.42348 1.0275
-3.0934799999999996 1.0275
2.65

IMD5a
4
-3.0934799999999996 1.0275
6.42348 1.0275
6.42348 1.0485
-3.0934799999999996 1.0485
5.2

IMD5b
4
-3.0934799999999996 1.0485
6.42348 1.0485
6.42348 1.0635
-3.0934799999999996 1.0635
4.2

IMD5c
4
-3.0934799999999996 1.0635
6.42348 1.0635
6.42348 1.0875
-3.0934799999999996 1.0875
3.28

IMD5d1+IMD5d2
4
-3.0934799999999996 1.0875
6.42348 1.0875
6.42348 1.2145
-3.0934799999999996 1.2145
2.65

IMD6a
4
-3.0934799999999996 1.2145
6.42348 1.2145
6.42348 1.2355
-3.0934799999999996 1.2355
5.2

IMD6b
4
-3.0934799999999996 1.2355
6.42348 1.2355
6.42348 1.2505
-3.0934799999999996 1.2505
4.2

IMD6c
4
-3.0934799999999996 1.2505
6.42348 1.2505
6.42348 1.2745
-3.0934799999999996 1.2745
3.28

IMD6d1+IMD6d2
4
-3.0934799999999996 1.2745
6.42348 1.2745
6.42348 1.4015
-3.0934799999999996 1.4015
2.65

IMD7a
4
-3.0934799999999996 1.4015
6.42348 1.4015
6.42348 1.4765
-3.0934799999999996 1.4765
5.2

IMD7b1+IMD7b2
4
-3.0934799999999996 1.4765
6.42348 1.4765
6.42348 2.9765
-3.0934799999999996 2.9765
4.2

IMD8a
4
-3.0934799999999996 2.9765
6.42348 2.9765
6.42348 3.0515
-3.0934799999999996 3.0515
5.2

IMD8b1+IMD8b2
4
-3.0934799999999996 3.0515
6.42348 3.0515
6.42348 4.5515
-3.0934799999999996 4.5515
4.2

PASS1
4
-3.0934799999999996 4.5515
6.42348 4.5515
6.42348 4.6265
-3.0934799999999996 4.6265
7.0

PASS2
4
-3.0934799999999996 4.6265
6.42348 4.6265
6.42348 5.0265
-3.0934799999999996 5.0265
4.2

PASS3
4
-3.0934799999999996 5.0265
6.42348 5.0265
6.42348 5.1015
-3.0934799999999996 5.1015
7.0

PASS4+PASS5
4
-3.0934799999999996 5.1015
6.42348 5.1015
6.42348 6.0515
-3.0934799999999996 6.0515
4.2

PASS6
4
-3.0934799999999996 6.0515
6.42348 6.0515
6.42348 6.6515
-3.0934799999999996 6.6515
7.0

air_Layer
4
-3.0934799999999996 6.6515
6.42348 6.6515
6.42348 6.9485
-3.0934799999999996 6.9485
1.0


4
-3.0934799999999996 0.001
6.42348 0.001
6.42348 6.9485
-3.0934799999999996 6.9485

