c1
4
-0.22201 0.9285000000000001
0.2220099999999999 0.9285000000000001
0.22798999999999991 1.0275
-0.22799000000000003 1.0275

5
botleft
4
-1.265 -0.001
0 -0.001
0 0.001
-1.265 0.001

botright
4
0 -0.001
2.165 -0.001
2.165 0.001
0 0.001

lEnv
4
-0.76201 0.9285000000000001
-0.31799 0.9285000000000001
-0.31201 1.0275
-0.76799 1.0275

c2
4
0.94799 0.9285000000000001
1.25701 0.9285000000000001
1.26299 1.0275
0.94201 1.0275

rEnv
4
1.3529900000000004 0.9285000000000001
1.6620100000000002 0.9285000000000001
1.6679900000000003 1.0275
1.3470100000000003 1.0275


57
IMD4d1_damage
4
-0.7714239999999999 0.9185000000000001
-0.308576 0.9185000000000001
-0.307972 0.9285000000000001
-0.7720279999999999 0.9285000000000001
3.1

IMD4d1_damage
4
-0.23142400000000002 0.9185000000000001
0.2314239999999999 0.9185000000000001
0.2320279999999999 0.9285000000000001
-0.232028 0.9285000000000001
3.1

IMD4d1_damage
4
0.9385760000000001 0.9185000000000001
1.266424 0.9185000000000001
1.267028 0.9285000000000001
0.937972 0.9285000000000001
3.1

IMD4d1_damage
4
1.3435760000000003 0.9185000000000001
1.6714240000000002 0.9185000000000001
1.6720280000000003 0.9285000000000001
1.3429720000000003 0.9285000000000001
3.1

IMD4d2_damage
4
-0.767019 0.9285000000000001
-0.76201 0.9285000000000001
-0.76799 1.0275
-0.772999 1.0275
2.9

IMD4d2_damage
4
-0.31799 0.9285000000000001
-0.312981 0.9285000000000001
-0.307001 1.0275
-0.31201 1.0275
2.9

IMD4d2_damage
4
-0.22701900000000003 0.9285000000000001
-0.22201 0.9285000000000001
-0.22799000000000003 1.0275
-0.23299900000000004 1.0275
2.9

IMD4d2_damage
4
0.2220099999999999 0.9285000000000001
0.22701899999999992 0.9285000000000001
0.23299899999999993 1.0275
0.22798999999999991 1.0275
2.9

IMD4d2_damage
4
0.942981 0.9285000000000001
0.94799 0.9285000000000001
0.94201 1.0275
0.937001 1.0275
2.9

IMD4d2_damage
4
1.25701 0.9285000000000001
1.262019 0.9285000000000001
1.267999 1.0275
1.26299 1.0275
2.9

IMD4d2_damage
4
1.3479810000000003 0.9285000000000001
1.3529900000000004 0.9285000000000001
1.3470100000000003 1.0275
1.3420010000000002 1.0275
2.9

IMD4d2_damage
4
1.6620100000000002 0.9285000000000001
1.6670190000000003 0.9285000000000001
1.6729990000000003 1.0275
1.6679900000000003 1.0275
2.9

IMD4d2
4
-1.265 0.9285000000000001
-0.767019 0.9285000000000001
-0.772999 1.0275
-1.265 1.0275
2.65

IMD4d2
4
-0.312981 0.9285000000000001
-0.22701900000000003 0.9285000000000001
-0.23299900000000004 1.0275
-0.307001 1.0275
2.65

IMD4d2
4
0.22701899999999992 0.9285000000000001
0.942981 0.9285000000000001
0.937001 1.0275
0.23299899999999993 1.0275
2.65

IMD4d2
4
1.262019 0.9285000000000001
1.3479810000000003 0.9285000000000001
1.3420010000000002 1.0275
1.267999 1.0275
2.65

IMD4d2
4
1.6670190000000003 0.9285000000000001
2.165 0.9285000000000001
2.165 1.0275
1.6729990000000003 1.0275
2.65

IMD4d1
4
-1.265 0.9185000000000001
-0.7714239999999999 0.9185000000000001
-0.7720279999999999 0.9285000000000001
-1.265 0.9285000000000001
2.65

IMD4d1
4
-0.308576 0.9185000000000001
-0.23142400000000002 0.9185000000000001
-0.232028 0.9285000000000001
-0.307972 0.9285000000000001
2.65

IMD4d1
4
0.2314239999999999 0.9185000000000001
0.9385760000000001 0.9185000000000001
0.937972 0.9285000000000001
0.2320279999999999 0.9285000000000001
2.65

IMD4d1
4
1.266424 0.9185000000000001
1.3435760000000003 0.9185000000000001
1.3429720000000003 0.9285000000000001
1.267028 0.9285000000000001
2.65

IMD4d1
4
1.6714240000000002 0.9185000000000001
2.165 0.9185000000000001
2.165 0.9285000000000001
1.6720280000000003 0.9285000000000001
2.65

IMD4d1
4
-1.265 0.9005
2.165 0.9005
2.165 0.9185000000000001
-1.265 0.9185000000000001
2.65

FOXA+FOXB+TOX
4
-1.265 0.001
2.165 0.001
2.165 0.2665
-1.265 0.2665
4.0

ILD1a
4
-1.265 0.2665
2.165 0.2665
2.165 0.2765
-1.265 0.2765
7.0

ILD1b1+ILD1b2+ILD1b3
4
-1.265 0.2765
2.165 0.2765
2.165 0.3955
-1.265 0.3955
4.0

IMD1a
4
-1.265 0.3955
2.165 0.3955
2.165 0.4065
-1.265 0.4065
5.2

IMD1b
4
-1.265 0.4065
2.165 0.4065
2.165 0.4665
-1.265 0.4665
2.8

IMD2a
4
-1.265 0.4665
2.165 0.4665
2.165 0.4875
-1.265 0.4875
5.2

IMD2b
4
-1.265 0.4875
2.165 0.4875
2.165 0.5025
-1.265 0.5025
4.2

IMD2c
4
-1.265 0.5025
2.165 0.5025
2.165 0.5265
-1.265 0.5265
3.28

IMD2d1+IMD2d2
4
-1.265 0.5265
2.165 0.5265
2.165 0.6535
-1.265 0.6535
2.65

IMD3a
4
-1.265 0.6535
2.165 0.6535
2.165 0.6745
-1.265 0.6745
5.2

IMD3b
4
-1.265 0.6745
2.165 0.6745
2.165 0.6895
-1.265 0.6895
4.2

IMD3c
4
-1.265 0.6895
2.165 0.6895
2.165 0.7135
-1.265 0.7135
3.28

IMD3d1+IMD3d2
4
-1.265 0.7135
2.165 0.7135
2.165 0.8405
-1.265 0.8405
2.65

IMD4a
4
-1.265 0.8405
2.165 0.8405
2.165 0.8615
-1.265 0.8615
5.2

IMD4b
4
-1.265 0.8615
2.165 0.8615
2.165 0.8765
-1.265 0.8765
4.2

IMD4c
4
-1.265 0.8765
2.165 0.8765
2.165 0.9005
-1.265 0.9005
3.28

IMD5a
4
-1.265 1.0275
2.165 1.0275
2.165 1.0485
-1.265 1.0485
5.2

IMD5b
4
-1.265 1.0485
2.165 1.0485
2.165 1.0635
-1.265 1.0635
4.2

IMD5c
4
-1.265 1.0635
2.165 1.0635
2.165 1.0875
-1.265 1.0875
3.28

IMD5d1+IMD5d2
4
-1.265 1.0875
2.165 1.0875
2.165 1.2145
-1.265 1.2145
2.65

IMD6a
4
-1.265 1.2145
2.165 1.2145
2.165 1.2355
-1.265 1.2355
5.2

IMD6b
4
-1.265 1.2355
2.165 1.2355
2.165 1.2505
-1.265 1.2505
4.2

IMD6c
4
-1.265 1.2505
2.165 1.2505
2.165 1.2745
-1.265 1.2745
3.28

IMD6d1+IMD6d2
4
-1.265 1.2745
2.165 1.2745
2.165 1.4015
-1.265 1.4015
2.65

IMD7a
4
-1.265 1.4015
2.165 1.4015
2.165 1.4765
-1.265 1.4765
5.2

IMD7b1+IMD7b2
4
-1.265 1.4765
2.165 1.4765
2.165 2.9765
-1.265 2.9765
4.2

IMD8a
4
-1.265 2.9765
2.165 2.9765
2.165 3.0515
-1.265 3.0515
5.2

IMD8b1+IMD8b2
4
-1.265 3.0515
2.165 3.0515
2.165 4.5515
-1.265 4.5515
4.2

PASS1
4
-1.265 4.5515
2.165 4.5515
2.165 4.6265
-1.265 4.6265
7.0

PASS2
4
-1.265 4.6265
2.165 4.6265
2.165 5.0265
-1.265 5.0265
4.2

PASS3
4
-1.265 5.0265
2.165 5.0265
2.165 5.1015
-1.265 5.1015
7.0

PASS4+PASS5
4
-1.265 5.1015
2.165 5.1015
2.165 6.0515
-1.265 6.0515
4.2

PASS6
4
-1.265 6.0515
2.165 6.0515
2.165 6.6515
-1.265 6.6515
7.0

air_Layer
4
-1.265 6.6515
2.165 6.6515
2.165 6.9485
-1.265 6.9485
1.0


4
-1.265 0.001
2.165 0.001
2.165 6.9485
-1.265 6.9485

