c1
4
-0.03141999999999995 0.37050000000000005
0.03142000000000006 0.37050000000000005
0.04058000000000006 0.4665
-0.04057999999999995 0.4665

5
botleft
4
-1.0579999999999998 -0.001
0 -0.001
0 0.001
-1.0579999999999998 0.001

botright
4
0 -0.001
1.7285000000000001 -0.001
1.7285000000000001 0.001
0 0.001

lEnv
4
-0.5534199999999999 0.37050000000000005
-0.49057999999999985 0.37050000000000005
-0.48141999999999985 0.4665
-0.5625799999999999 0.4665

c2
4
0.42308000000000007 0.37050000000000005
0.5939200000000001 0.37050000000000005
0.6030800000000001 0.4665
0.41392000000000007 0.4665

rEnv
4
1.05308 0.37050000000000005
1.22392 0.37050000000000005
1.23308 0.4665
1.04392 0.4665


48
IMD1b
4
-1.0579999999999998 0.40650000000000003
-0.5568549999999999 0.40650000000000003
-0.5625799999999999 0.4665
-1.0579999999999998 0.4665
2.8

IMD1b
4
-0.48714499999999983 0.40650000000000003
-0.03485499999999995 0.40650000000000003
-0.04057999999999995 0.4665
-0.48141999999999985 0.4665
2.8

IMD1b
4
0.03485500000000006 0.40650000000000003
0.41964500000000005 0.40650000000000003
0.41392000000000007 0.4665
0.04058000000000006 0.4665
2.8

IMD1b
4
0.5973550000000001 0.40650000000000003
1.049645 0.40650000000000003
1.04392 0.4665
0.6030800000000001 0.4665
2.8

IMD1b
4
1.227355 0.40650000000000003
1.7285000000000001 0.40650000000000003
1.7285000000000001 0.4665
1.23308 0.4665
2.8

IMD1a
4
-1.0579999999999998 0.3955
-0.5558054166666665 0.3955
-0.5568549999999999 0.40650000000000003
-1.0579999999999998 0.40650000000000003
5.2

IMD1a
4
-0.48819458333333315 0.3955
-0.033805416666666616 0.3955
-0.03485499999999995 0.40650000000000003
-0.48714499999999983 0.40650000000000003
5.2

IMD1a
4
0.03380541666666673 0.3955
0.42069458333333337 0.3955
0.41964500000000005 0.40650000000000003
0.03485500000000006 0.40650000000000003
5.2

IMD1a
4
0.5963054166666667 0.3955
1.0506945833333332 0.3955
1.049645 0.40650000000000003
0.5973550000000001 0.40650000000000003
5.2

IMD1a
4
1.2263054166666667 0.3955
1.7285000000000001 0.3955
1.7285000000000001 0.40650000000000003
1.227355 0.40650000000000003
5.2

ILD1b3
4
-1.0579999999999998 0.37050000000000005
-0.5534199999999999 0.37050000000000005
-0.5558054166666665 0.3955
-1.0579999999999998 0.3955
4

ILD1b3
4
-0.49057999999999985 0.37050000000000005
-0.03141999999999995 0.37050000000000005
-0.033805416666666616 0.3955
-0.48819458333333315 0.3955
4

ILD1b3
4
0.03142000000000006 0.37050000000000005
0.42308000000000007 0.37050000000000005
0.42069458333333337 0.3955
0.03380541666666673 0.3955
4

ILD1b3
4
0.5939200000000001 0.37050000000000005
1.05308 0.37050000000000005
1.0506945833333332 0.3955
0.5963054166666667 0.3955
4

ILD1b3
4
1.22392 0.37050000000000005
1.7285000000000001 0.37050000000000005
1.7285000000000001 0.3955
1.2263054166666667 0.3955
4

ILD1b1+ILD1b2
4
-1.0579999999999998 0.2765
1.7285000000000001 0.2765
1.7285000000000001 0.37050000000000005
-1.0579999999999998 0.37050000000000005
4

FOXA+FOXB+TOX
4
-1.0579999999999998 0.001
1.7285000000000001 0.001
1.7285000000000001 0.2665
-1.0579999999999998 0.2665
4.0

ILD1a
4
-1.0579999999999998 0.2665
1.7285000000000001 0.2665
1.7285000000000001 0.2765
-1.0579999999999998 0.2765
7.0

IMD2a
4
-1.0579999999999998 0.4665
1.7285000000000001 0.4665
1.7285000000000001 0.4875
-1.0579999999999998 0.4875
5.2

IMD2b
4
-1.0579999999999998 0.4875
1.7285000000000001 0.4875
1.7285000000000001 0.5025
-1.0579999999999998 0.5025
4.2

IMD2c
4
-1.0579999999999998 0.5025
1.7285000000000001 0.5025
1.7285000000000001 0.5265
-1.0579999999999998 0.5265
3.28

IMD2d1+IMD2d2
4
-1.0579999999999998 0.5265
1.7285000000000001 0.5265
1.7285000000000001 0.6535
-1.0579999999999998 0.6535
2.65

IMD3a
4
-1.0579999999999998 0.6535
1.7285000000000001 0.6535
1.7285000000000001 0.6745
-1.0579999999999998 0.6745
5.2

IMD3b
4
-1.0579999999999998 0.6745
1.7285000000000001 0.6745
1.7285000000000001 0.6895
-1.0579999999999998 0.6895
4.2

IMD3c
4
-1.0579999999999998 0.6895
1.7285000000000001 0.6895
1.7285000000000001 0.7135
-1.0579999999999998 0.7135
3.28

IMD3d1+IMD3d2
4
-1.0579999999999998 0.7135
1.7285000000000001 0.7135
1.7285000000000001 0.8405
-1.0579999999999998 0.8405
2.65

IMD4a
4
-1.0579999999999998 0.8405
1.7285000000000001 0.8405
1.7285000000000001 0.8615
-1.0579999999999998 0.8615
5.2

IMD4b
4
-1.0579999999999998 0.8615
1.7285000000000001 0.8615
1.7285000000000001 0.8765
-1.0579999999999998 0.8765
4.2

IMD4c
4
-1.0579999999999998 0.8765
1.7285000000000001 0.8765
1.7285000000000001 0.9005
-1.0579999999999998 0.9005
3.28

IMD4d1+IMD4d2
4
-1.0579999999999998 0.9005
1.7285000000000001 0.9005
1.7285000000000001 1.0275
-1.0579999999999998 1.0275
2.65

IMD5a
4
-1.0579999999999998 1.0275
1.7285000000000001 1.0275
1.7285000000000001 1.0485
-1.0579999999999998 1.0485
5.2

IMD5b
4
-1.0579999999999998 1.0485
1.7285000000000001 1.0485
1.7285000000000001 1.0635
-1.0579999999999998 1.0635
4.2

IMD5c
4
-1.0579999999999998 1.0635
1.7285000000000001 1.0635
1.7285000000000001 1.0875
-1.0579999999999998 1.0875
3.28

IMD5d1+IMD5d2
4
-1.0579999999999998 1.0875
1.7285000000000001 1.0875
1.7285000000000001 1.2145
-1.0579999999999998 1.2145
2.65

IMD6a
4
-1.0579999999999998 1.2145
1.7285000000000001 1.2145
1.7285000000000001 1.2355
-1.0579999999999998 1.2355
5.2

IMD6b
4
-1.0579999999999998 1.2355
1.7285000000000001 1.2355
1.7285000000000001 1.2505
-1.0579999999999998 1.2505
4.2

IMD6c
4
-1.0579999999999998 1.2505
1.7285000000000001 1.2505
1.7285000000000001 1.2745
-1.0579999999999998 1.2745
3.28

IMD6d1+IMD6d2
4
-1.0579999999999998 1.2745
1.7285000000000001 1.2745
1.7285000000000001 1.4015
-1.0579999999999998 1.4015
2.65

IMD7a
4
-1.0579999999999998 1.4015
1.7285000000000001 1.4015
1.7285000000000001 1.4765
-1.0579999999999998 1.4765
5.2

IMD7b1+IMD7b2
4
-1.0579999999999998 1.4765
1.7285000000000001 1.4765
1.7285000000000001 2.9765
-1.0579999999999998 2.9765
4.2

IMD8a
4
-1.0579999999999998 2.9765
1.7285000000000001 2.9765
1.7285000000000001 3.0515
-1.0579999999999998 3.0515
5.2

IMD8b1+IMD8b2
4
-1.0579999999999998 3.0515
1.7285000000000001 3.0515
1.7285000000000001 4.5515
-1.0579999999999998 4.5515
4.2

PASS1
4
-1.0579999999999998 4.5515
1.7285000000000001 4.5515
1.7285000000000001 4.6265
-1.0579999999999998 4.6265
7.0

PASS2
4
-1.0579999999999998 4.6265
1.7285000000000001 4.6265
1.7285000000000001 5.0265
-1.0579999999999998 5.0265
4.2

PASS3
4
-1.0579999999999998 5.0265
1.7285000000000001 5.0265
1.7285000000000001 5.1015
-1.0579999999999998 5.1015
7.0

PASS4+PASS5
4
-1.0579999999999998 5.1015
1.7285000000000001 5.1015
1.7285000000000001 6.0515
-1.0579999999999998 6.0515
4.2

PASS6
4
-1.0579999999999998 6.0515
1.7285000000000001 6.0515
1.7285000000000001 6.6515
-1.0579999999999998 6.6515
7.0

air_Layer
4
-1.0579999999999998 6.6515
1.7285000000000001 6.6515
1.7285000000000001 6.9485
-1.0579999999999998 6.9485
1.0


4
-1.0579999999999998 0.001
1.7285000000000001 0.001
1.7285000000000001 6.9485
-1.0579999999999998 6.9485

