c1
4
-0.2220099999999999 0.7415
0.2220099999999999 0.7415
0.22798999999999991 0.8405
-0.22798999999999991 0.8405

5
botleft
4
-1.6249999999999998 -0.001
0 -0.001
0 0.001
-1.6249999999999998 0.001

botright
4
0 -0.001
1.9670000000000003 -0.001
1.9670000000000003 0.001
0 0.001

lEnv
4
-1.1220099999999997 0.7415
-0.6779899999999999 0.7415
-0.6720099999999999 0.8405
-1.1279899999999998 0.8405

c2
4
0.94799 0.7415
0.9780100000000002 0.7415
0.9839900000000001 0.8405
0.94201 0.8405

rEnv
4
1.4339900000000003 0.7415
1.4640100000000003 0.7415
1.4699900000000004 0.8405
1.4280100000000002 0.8405


57
IMD3d1_damage
4
-1.1314239999999998 0.7315
-0.668576 0.7315
-0.6679719999999999 0.7415
-1.1320279999999998 0.7415
3.1

IMD3d1_damage
4
-0.2314239999999999 0.7315
0.2314239999999999 0.7315
0.2320279999999999 0.7415
-0.2320279999999999 0.7415
3.1

IMD3d1_damage
4
0.9385760000000001 0.7315
0.9874240000000001 0.7315
0.9880280000000001 0.7415
0.937972 0.7415
3.1

IMD3d1_damage
4
1.4245760000000003 0.7315
1.4734240000000003 0.7315
1.4740280000000003 0.7415
1.4239720000000002 0.7415
3.1

IMD3d2_damage
4
-1.1270189999999998 0.7415
-1.1220099999999997 0.7415
-1.1279899999999998 0.8405
-1.1329989999999999 0.8405
2.9

IMD3d2_damage
4
-0.6779899999999999 0.7415
-0.6729809999999998 0.7415
-0.6670009999999998 0.8405
-0.6720099999999999 0.8405
2.9

IMD3d2_damage
4
-0.22701899999999992 0.7415
-0.2220099999999999 0.7415
-0.22798999999999991 0.8405
-0.23299899999999993 0.8405
2.9

IMD3d2_damage
4
0.2220099999999999 0.7415
0.22701899999999992 0.7415
0.23299899999999993 0.8405
0.22798999999999991 0.8405
2.9

IMD3d2_damage
4
0.942981 0.7415
0.94799 0.7415
0.94201 0.8405
0.937001 0.8405
2.9

IMD3d2_damage
4
0.9780100000000002 0.7415
0.9830190000000002 0.7415
0.9889990000000002 0.8405
0.9839900000000001 0.8405
2.9

IMD3d2_damage
4
1.4289810000000003 0.7415
1.4339900000000003 0.7415
1.4280100000000002 0.8405
1.4230010000000002 0.8405
2.9

IMD3d2_damage
4
1.4640100000000003 0.7415
1.4690190000000003 0.7415
1.4749990000000004 0.8405
1.4699900000000004 0.8405
2.9

IMD3d2
4
-1.6249999999999998 0.7415
-1.1270189999999998 0.7415
-1.1329989999999999 0.8405
-1.6249999999999998 0.8405
2.65

IMD3d2
4
-0.6729809999999998 0.7415
-0.22701899999999992 0.7415
-0.23299899999999993 0.8405
-0.6670009999999998 0.8405
2.65

IMD3d2
4
0.22701899999999992 0.7415
0.942981 0.7415
0.937001 0.8405
0.23299899999999993 0.8405
2.65

IMD3d2
4
0.9830190000000002 0.7415
1.4289810000000003 0.7415
1.4230010000000002 0.8405
0.9889990000000002 0.8405
2.65

IMD3d2
4
1.4690190000000003 0.7415
1.9670000000000003 0.7415
1.9670000000000003 0.8405
1.4749990000000004 0.8405
2.65

IMD3d1
4
-1.6249999999999998 0.7315
-1.1314239999999998 0.7315
-1.1320279999999998 0.7415
-1.6249999999999998 0.7415
2.65

IMD3d1
4
-0.668576 0.7315
-0.2314239999999999 0.7315
-0.2320279999999999 0.7415
-0.6679719999999999 0.7415
2.65

IMD3d1
4
0.2314239999999999 0.7315
0.9385760000000001 0.7315
0.937972 0.7415
0.2320279999999999 0.7415
2.65

IMD3d1
4
0.9874240000000001 0.7315
1.4245760000000003 0.7315
1.4239720000000002 0.7415
0.9880280000000001 0.7415
2.65

IMD3d1
4
1.4734240000000003 0.7315
1.9670000000000003 0.7315
1.9670000000000003 0.7415
1.4740280000000003 0.7415
2.65

IMD3d1
4
-1.6249999999999998 0.7135
1.9670000000000003 0.7135
1.9670000000000003 0.7315
-1.6249999999999998 0.7315
2.65

FOXA+FOXB+TOX
4
-1.6249999999999998 0.001
1.9670000000000003 0.001
1.9670000000000003 0.2665
-1.6249999999999998 0.2665
4.0

ILD1a
4
-1.6249999999999998 0.2665
1.9670000000000003 0.2665
1.9670000000000003 0.2765
-1.6249999999999998 0.2765
7.0

ILD1b1+ILD1b2+ILD1b3
4
-1.6249999999999998 0.2765
1.9670000000000003 0.2765
1.9670000000000003 0.3955
-1.6249999999999998 0.3955
4.0

IMD1a
4
-1.6249999999999998 0.3955
1.9670000000000003 0.3955
1.9670000000000003 0.4065
-1.6249999999999998 0.4065
5.2

IMD1b
4
-1.6249999999999998 0.4065
1.9670000000000003 0.4065
1.9670000000000003 0.4665
-1.6249999999999998 0.4665
2.8

IMD2a
4
-1.6249999999999998 0.4665
1.9670000000000003 0.4665
1.9670000000000003 0.4875
-1.6249999999999998 0.4875
5.2

IMD2b
4
-1.6249999999999998 0.4875
1.9670000000000003 0.4875
1.9670000000000003 0.5025
-1.6249999999999998 0.5025
4.2

IMD2c
4
-1.6249999999999998 0.5025
1.9670000000000003 0.5025
1.9670000000000003 0.5265
-1.6249999999999998 0.5265
3.28

IMD2d1+IMD2d2
4
-1.6249999999999998 0.5265
1.9670000000000003 0.5265
1.9670000000000003 0.6535
-1.6249999999999998 0.6535
2.65

IMD3a
4
-1.6249999999999998 0.6535
1.9670000000000003 0.6535
1.9670000000000003 0.6745
-1.6249999999999998 0.6745
5.2

IMD3b
4
-1.6249999999999998 0.6745
1.9670000000000003 0.6745
1.9670000000000003 0.6895
-1.6249999999999998 0.6895
4.2

IMD3c
4
-1.6249999999999998 0.6895
1.9670000000000003 0.6895
1.9670000000000003 0.7135
-1.6249999999999998 0.7135
3.28

IMD4a
4
-1.6249999999999998 0.8405
1.9670000000000003 0.8405
1.9670000000000003 0.8615
-1.6249999999999998 0.8615
5.2

IMD4b
4
-1.6249999999999998 0.8615
1.9670000000000003 0.8615
1.9670000000000003 0.8765
-1.6249999999999998 0.8765
4.2

IMD4c
4
-1.6249999999999998 0.8765
1.9670000000000003 0.8765
1.9670000000000003 0.9005
-1.6249999999999998 0.9005
3.28

IMD4d1+IMD4d2
4
-1.6249999999999998 0.9005
1.9670000000000003 0.9005
1.9670000000000003 1.0275
-1.6249999999999998 1.0275
2.65

IMD5a
4
-1.6249999999999998 1.0275
1.9670000000000003 1.0275
1.9670000000000003 1.0485
-1.6249999999999998 1.0485
5.2

IMD5b
4
-1.6249999999999998 1.0485
1.9670000000000003 1.0485
1.9670000000000003 1.0635
-1.6249999999999998 1.0635
4.2

IMD5c
4
-1.6249999999999998 1.0635
1.9670000000000003 1.0635
1.9670000000000003 1.0875
-1.6249999999999998 1.0875
3.28

IMD5d1+IMD5d2
4
-1.6249999999999998 1.0875
1.9670000000000003 1.0875
1.9670000000000003 1.2145
-1.6249999999999998 1.2145
2.65

IMD6a
4
-1.6249999999999998 1.2145
1.9670000000000003 1.2145
1.9670000000000003 1.2355
-1.6249999999999998 1.2355
5.2

IMD6b
4
-1.6249999999999998 1.2355
1.9670000000000003 1.2355
1.9670000000000003 1.2505
-1.6249999999999998 1.2505
4.2

IMD6c
4
-1.6249999999999998 1.2505
1.9670000000000003 1.2505
1.9670000000000003 1.2745
-1.6249999999999998 1.2745
3.28

IMD6d1+IMD6d2
4
-1.6249999999999998 1.2745
1.9670000000000003 1.2745
1.9670000000000003 1.4015
-1.6249999999999998 1.4015
2.65

IMD7a
4
-1.6249999999999998 1.4015
1.9670000000000003 1.4015
1.9670000000000003 1.4765
-1.6249999999999998 1.4765
5.2

IMD7b1+IMD7b2
4
-1.6249999999999998 1.4765
1.9670000000000003 1.4765
1.9670000000000003 2.9765
-1.6249999999999998 2.9765
4.2

IMD8a
4
-1.6249999999999998 2.9765
1.9670000000000003 2.9765
1.9670000000000003 3.0515
-1.6249999999999998 3.0515
5.2

IMD8b1+IMD8b2
4
-1.6249999999999998 3.0515
1.9670000000000003 3.0515
1.9670000000000003 4.5515
-1.6249999999999998 4.5515
4.2

PASS1
4
-1.6249999999999998 4.5515
1.9670000000000003 4.5515
1.9670000000000003 4.6265
-1.6249999999999998 4.6265
7.0

PASS2
4
-1.6249999999999998 4.6265
1.9670000000000003 4.6265
1.9670000000000003 5.0265
-1.6249999999999998 5.0265
4.2

PASS3
4
-1.6249999999999998 5.0265
1.9670000000000003 5.0265
1.9670000000000003 5.1015
-1.6249999999999998 5.1015
7.0

PASS4+PASS5
4
-1.6249999999999998 5.1015
1.9670000000000003 5.1015
1.9670000000000003 6.0515
-1.6249999999999998 6.0515
4.2

PASS6
4
-1.6249999999999998 6.0515
1.9670000000000003 6.0515
1.9670000000000003 6.6515
-1.6249999999999998 6.6515
7.0

air_Layer
4
-1.6249999999999998 6.6515
1.9670000000000003 6.6515
1.9670000000000003 6.9485
-1.6249999999999998 6.9485
1.0


4
-1.6249999999999998 0.001
1.9670000000000003 0.001
1.9670000000000003 6.9485
-1.6249999999999998 6.9485

