c1
4
-0.01501000000000001 0.9285000000000001
0.01501000000000001 0.9285000000000001
0.02099000000000001 1.0275
-0.02099000000000001 1.0275

5
botleft
4
-0.734 -0.001
0 -0.001
0 0.001
-0.734 0.001

botright
4
0 -0.001
1.1525 -0.001
1.1525 0.001
0 0.001

lEnv
4
-0.23100999999999997 0.9285000000000001
-0.20099 0.9285000000000001
-0.19501 1.0275
-0.23698999999999998 1.0275

c2
4
0.40349000000000007 0.9285000000000001
0.4335100000000001 0.9285000000000001
0.4394900000000001 1.0275
0.3975100000000001 1.0275

rEnv
4
0.61949 0.9285000000000001
0.6495100000000001 0.9285000000000001
0.6554900000000001 1.0275
0.61351 1.0275


57
IMD4d1_damage
4
-0.24042399999999997 0.9185000000000001
-0.19157599999999997 0.9185000000000001
-0.19097199999999998 0.9285000000000001
-0.24102799999999996 0.9285000000000001
3.1

IMD4d1_damage
4
-0.024424000000000008 0.9185000000000001
0.024424000000000008 0.9185000000000001
0.02502800000000001 0.9285000000000001
-0.02502800000000001 0.9285000000000001
3.1

IMD4d1_damage
4
0.3940760000000001 0.9185000000000001
0.4429240000000001 0.9185000000000001
0.4435280000000001 0.9285000000000001
0.3934720000000001 0.9285000000000001
3.1

IMD4d1_damage
4
0.6100760000000001 0.9185000000000001
0.6589240000000001 0.9185000000000001
0.6595280000000001 0.9285000000000001
0.609472 0.9285000000000001
3.1

IMD4d2_damage
4
-0.23601899999999998 0.9285000000000001
-0.23100999999999997 0.9285000000000001
-0.23698999999999998 1.0275
-0.241999 1.0275
2.9

IMD4d2_damage
4
-0.20099 0.9285000000000001
-0.195981 0.9285000000000001
-0.19000099999999998 1.0275
-0.19501 1.0275
2.9

IMD4d2_damage
4
-0.02001900000000001 0.9285000000000001
-0.01501000000000001 0.9285000000000001
-0.02099000000000001 1.0275
-0.025999000000000008 1.0275
2.9

IMD4d2_damage
4
0.01501000000000001 0.9285000000000001
0.02001900000000001 0.9285000000000001
0.025999000000000008 1.0275
0.02099000000000001 1.0275
2.9

IMD4d2_damage
4
0.3984810000000001 0.9285000000000001
0.40349000000000007 0.9285000000000001
0.3975100000000001 1.0275
0.3925010000000001 1.0275
2.9

IMD4d2_damage
4
0.4335100000000001 0.9285000000000001
0.4385190000000001 0.9285000000000001
0.4444990000000001 1.0275
0.4394900000000001 1.0275
2.9

IMD4d2_damage
4
0.6144809999999999 0.9285000000000001
0.61949 0.9285000000000001
0.61351 1.0275
0.608501 1.0275
2.9

IMD4d2_damage
4
0.6495100000000001 0.9285000000000001
0.6545190000000002 0.9285000000000001
0.6604990000000002 1.0275
0.6554900000000001 1.0275
2.9

IMD4d2
4
-0.734 0.9285000000000001
-0.23601899999999998 0.9285000000000001
-0.241999 1.0275
-0.734 1.0275
2.65

IMD4d2
4
-0.195981 0.9285000000000001
-0.02001900000000001 0.9285000000000001
-0.025999000000000008 1.0275
-0.19000099999999998 1.0275
2.65

IMD4d2
4
0.02001900000000001 0.9285000000000001
0.3984810000000001 0.9285000000000001
0.3925010000000001 1.0275
0.025999000000000008 1.0275
2.65

IMD4d2
4
0.4385190000000001 0.9285000000000001
0.6144809999999999 0.9285000000000001
0.608501 1.0275
0.4444990000000001 1.0275
2.65

IMD4d2
4
0.6545190000000002 0.9285000000000001
1.1525 0.9285000000000001
1.1525 1.0275
0.6604990000000002 1.0275
2.65

IMD4d1
4
-0.734 0.9185000000000001
-0.24042399999999997 0.9185000000000001
-0.24102799999999996 0.9285000000000001
-0.734 0.9285000000000001
2.65

IMD4d1
4
-0.19157599999999997 0.9185000000000001
-0.024424000000000008 0.9185000000000001
-0.02502800000000001 0.9285000000000001
-0.19097199999999998 0.9285000000000001
2.65

IMD4d1
4
0.024424000000000008 0.9185000000000001
0.3940760000000001 0.9185000000000001
0.3934720000000001 0.9285000000000001
0.02502800000000001 0.9285000000000001
2.65

IMD4d1
4
0.4429240000000001 0.9185000000000001
0.6100760000000001 0.9185000000000001
0.609472 0.9285000000000001
0.4435280000000001 0.9285000000000001
2.65

IMD4d1
4
0.6589240000000001 0.9185000000000001
1.1525 0.9185000000000001
1.1525 0.9285000000000001
0.6595280000000001 0.9285000000000001
2.65

IMD4d1
4
-0.734 0.9005
1.1525 0.9005
1.1525 0.9185000000000001
-0.734 0.9185000000000001
2.65

FOXA+FOXB+TOX
4
-0.734 0.001
1.1525 0.001
1.1525 0.2665
-0.734 0.2665
4.0

ILD1a
4
-0.734 0.2665
1.1525 0.2665
1.1525 0.2765
-0.734 0.2765
7.0

ILD1b1+ILD1b2+ILD1b3
4
-0.734 0.2765
1.1525 0.2765
1.1525 0.3955
-0.734 0.3955
4.0

IMD1a
4
-0.734 0.3955
1.1525 0.3955
1.1525 0.4065
-0.734 0.4065
5.2

IMD1b
4
-0.734 0.4065
1.1525 0.4065
1.1525 0.4665
-0.734 0.4665
2.8

IMD2a
4
-0.734 0.4665
1.1525 0.4665
1.1525 0.4875
-0.734 0.4875
5.2

IMD2b
4
-0.734 0.4875
1.1525 0.4875
1.1525 0.5025
-0.734 0.5025
4.2

IMD2c
4
-0.734 0.5025
1.1525 0.5025
1.1525 0.5265
-0.734 0.5265
3.28

IMD2d1+IMD2d2
4
-0.734 0.5265
1.1525 0.5265
1.1525 0.6535
-0.734 0.6535
2.65

IMD3a
4
-0.734 0.6535
1.1525 0.6535
1.1525 0.6745
-0.734 0.6745
5.2

IMD3b
4
-0.734 0.6745
1.1525 0.6745
1.1525 0.6895
-0.734 0.6895
4.2

IMD3c
4
-0.734 0.6895
1.1525 0.6895
1.1525 0.7135
-0.734 0.7135
3.28

IMD3d1+IMD3d2
4
-0.734 0.7135
1.1525 0.7135
1.1525 0.8405
-0.734 0.8405
2.65

IMD4a
4
-0.734 0.8405
1.1525 0.8405
1.1525 0.8615
-0.734 0.8615
5.2

IMD4b
4
-0.734 0.8615
1.1525 0.8615
1.1525 0.8765
-0.734 0.8765
4.2

IMD4c
4
-0.734 0.8765
1.1525 0.8765
1.1525 0.9005
-0.734 0.9005
3.28

IMD5a
4
-0.734 1.0275
1.1525 1.0275
1.1525 1.0485
-0.734 1.0485
5.2

IMD5b
4
-0.734 1.0485
1.1525 1.0485
1.1525 1.0635
-0.734 1.0635
4.2

IMD5c
4
-0.734 1.0635
1.1525 1.0635
1.1525 1.0875
-0.734 1.0875
3.28

IMD5d1+IMD5d2
4
-0.734 1.0875
1.1525 1.0875
1.1525 1.2145
-0.734 1.2145
2.65

IMD6a
4
-0.734 1.2145
1.1525 1.2145
1.1525 1.2355
-0.734 1.2355
5.2

IMD6b
4
-0.734 1.2355
1.1525 1.2355
1.1525 1.2505
-0.734 1.2505
4.2

IMD6c
4
-0.734 1.2505
1.1525 1.2505
1.1525 1.2745
-0.734 1.2745
3.28

IMD6d1+IMD6d2
4
-0.734 1.2745
1.1525 1.2745
1.1525 1.4015
-0.734 1.4015
2.65

IMD7a
4
-0.734 1.4015
1.1525 1.4015
1.1525 1.4765
-0.734 1.4765
5.2

IMD7b1+IMD7b2
4
-0.734 1.4765
1.1525 1.4765
1.1525 2.9765
-0.734 2.9765
4.2

IMD8a
4
-0.734 2.9765
1.1525 2.9765
1.1525 3.0515
-0.734 3.0515
5.2

IMD8b1+IMD8b2
4
-0.734 3.0515
1.1525 3.0515
1.1525 4.5515
-0.734 4.5515
4.2

PASS1
4
-0.734 4.5515
1.1525 4.5515
1.1525 4.6265
-0.734 4.6265
7.0

PASS2
4
-0.734 4.6265
1.1525 4.6265
1.1525 5.0265
-0.734 5.0265
4.2

PASS3
4
-0.734 5.0265
1.1525 5.0265
1.1525 5.1015
-0.734 5.1015
7.0

PASS4+PASS5
4
-0.734 5.1015
1.1525 5.1015
1.1525 6.0515
-0.734 6.0515
4.2

PASS6
4
-0.734 6.0515
1.1525 6.0515
1.1525 6.6515
-0.734 6.6515
7.0

air_Layer
4
-0.734 6.6515
1.1525 6.6515
1.1525 6.9485
-0.734 6.9485
1.0


4
-0.734 0.001
1.1525 0.001
1.1525 6.9485
-0.734 6.9485

