c1
4
-0.33451 0.5545
0.33451 0.5545
0.34048999999999996 0.6535
-0.34048999999999996 0.6535

5
botleft
4
-1.9625 -0.001
0 -0.001
0 0.001
-1.9625 0.001

botright
4
0 -0.001
3.3575 -0.001
3.3575 0.001
0 0.001

lEnv
4
-1.4595099999999999 0.5545
-0.79049 0.5545
-0.78451 0.6535
-1.46549 0.6535

c2
4
1.0604900000000002 0.5545
1.7295099999999999 0.5545
1.73549 0.6535
1.05451 0.6535

rEnv
4
2.18549 0.5545
2.8545099999999994 0.5545
2.8604899999999995 0.6535
2.17951 0.6535


57
IMD2d1_damage
4
-1.468924 0.5445
-0.7810760000000001 0.5445
-0.780472 0.5545
-1.469528 0.5545
3.1

IMD2d1_damage
4
-0.34392399999999995 0.5445
0.34392399999999995 0.5445
0.34452799999999995 0.5545
-0.34452799999999995 0.5545
3.1

IMD2d1_damage
4
1.0510760000000001 0.5445
1.738924 0.5445
1.739528 0.5545
1.050472 0.5545
3.1

IMD2d1_damage
4
2.176076 0.5445
2.8639239999999995 0.5445
2.8645279999999995 0.5545
2.175472 0.5545
3.1

IMD2d2_damage
4
-1.464519 0.5545
-1.4595099999999999 0.5545
-1.46549 0.6535
-1.470499 0.6535
2.9

IMD2d2_damage
4
-0.79049 0.5545
-0.785481 0.5545
-0.779501 0.6535
-0.78451 0.6535
2.9

IMD2d2_damage
4
-0.33951899999999996 0.5545
-0.33451 0.5545
-0.34048999999999996 0.6535
-0.34549899999999995 0.6535
2.9

IMD2d2_damage
4
0.33451 0.5545
0.33951899999999996 0.5545
0.34549899999999995 0.6535
0.34048999999999996 0.6535
2.9

IMD2d2_damage
4
1.0554810000000001 0.5545
1.0604900000000002 0.5545
1.05451 0.6535
1.049501 0.6535
2.9

IMD2d2_damage
4
1.7295099999999999 0.5545
1.734519 0.5545
1.740499 0.6535
1.73549 0.6535
2.9

IMD2d2_damage
4
2.1804810000000003 0.5545
2.18549 0.5545
2.17951 0.6535
2.1745010000000002 0.6535
2.9

IMD2d2_damage
4
2.8545099999999994 0.5545
2.8595189999999993 0.5545
2.8654989999999994 0.6535
2.8604899999999995 0.6535
2.9

IMD2d2
4
-1.9625 0.5545
-1.464519 0.5545
-1.470499 0.6535
-1.9625 0.6535
2.65

IMD2d2
4
-0.785481 0.5545
-0.33951899999999996 0.5545
-0.34549899999999995 0.6535
-0.779501 0.6535
2.65

IMD2d2
4
0.33951899999999996 0.5545
1.0554810000000001 0.5545
1.049501 0.6535
0.34549899999999995 0.6535
2.65

IMD2d2
4
1.734519 0.5545
2.1804810000000003 0.5545
2.1745010000000002 0.6535
1.740499 0.6535
2.65

IMD2d2
4
2.8595189999999993 0.5545
3.3575 0.5545
3.3575 0.6535
2.8654989999999994 0.6535
2.65

IMD2d1
4
-1.9625 0.5445
-1.468924 0.5445
-1.469528 0.5545
-1.9625 0.5545
2.65

IMD2d1
4
-0.7810760000000001 0.5445
-0.34392399999999995 0.5445
-0.34452799999999995 0.5545
-0.780472 0.5545
2.65

IMD2d1
4
0.34392399999999995 0.5445
1.0510760000000001 0.5445
1.050472 0.5545
0.34452799999999995 0.5545
2.65

IMD2d1
4
1.738924 0.5445
2.176076 0.5445
2.175472 0.5545
1.739528 0.5545
2.65

IMD2d1
4
2.8639239999999995 0.5445
3.3575 0.5445
3.3575 0.5545
2.8645279999999995 0.5545
2.65

IMD2d1
4
-1.9625 0.5265
3.3575 0.5265
3.3575 0.5445
-1.9625 0.5445
2.65

FOXA+FOXB+TOX
4
-1.9625 0.001
3.3575 0.001
3.3575 0.2665
-1.9625 0.2665
4.0

ILD1a
4
-1.9625 0.2665
3.3575 0.2665
3.3575 0.2765
-1.9625 0.2765
7.0

ILD1b1+ILD1b2+ILD1b3
4
-1.9625 0.2765
3.3575 0.2765
3.3575 0.3955
-1.9625 0.3955
4.0

IMD1a
4
-1.9625 0.3955
3.3575 0.3955
3.3575 0.4065
-1.9625 0.4065
5.2

IMD1b
4
-1.9625 0.4065
3.3575 0.4065
3.3575 0.4665
-1.9625 0.4665
2.8

IMD2a
4
-1.9625 0.4665
3.3575 0.4665
3.3575 0.4875
-1.9625 0.4875
5.2

IMD2b
4
-1.9625 0.4875
3.3575 0.4875
3.3575 0.5025
-1.9625 0.5025
4.2

IMD2c
4
-1.9625 0.5025
3.3575 0.5025
3.3575 0.5265
-1.9625 0.5265
3.28

IMD3a
4
-1.9625 0.6535
3.3575 0.6535
3.3575 0.6745
-1.9625 0.6745
5.2

IMD3b
4
-1.9625 0.6745
3.3575 0.6745
3.3575 0.6895
-1.9625 0.6895
4.2

IMD3c
4
-1.9625 0.6895
3.3575 0.6895
3.3575 0.7135
-1.9625 0.7135
3.28

IMD3d1+IMD3d2
4
-1.9625 0.7135
3.3575 0.7135
3.3575 0.8405
-1.9625 0.8405
2.65

IMD4a
4
-1.9625 0.8405
3.3575 0.8405
3.3575 0.8615
-1.9625 0.8615
5.2

IMD4b
4
-1.9625 0.8615
3.3575 0.8615
3.3575 0.8765
-1.9625 0.8765
4.2

IMD4c
4
-1.9625 0.8765
3.3575 0.8765
3.3575 0.9005
-1.9625 0.9005
3.28

IMD4d1+IMD4d2
4
-1.9625 0.9005
3.3575 0.9005
3.3575 1.0275
-1.9625 1.0275
2.65

IMD5a
4
-1.9625 1.0275
3.3575 1.0275
3.3575 1.0485
-1.9625 1.0485
5.2

IMD5b
4
-1.9625 1.0485
3.3575 1.0485
3.3575 1.0635
-1.9625 1.0635
4.2

IMD5c
4
-1.9625 1.0635
3.3575 1.0635
3.3575 1.0875
-1.9625 1.0875
3.28

IMD5d1+IMD5d2
4
-1.9625 1.0875
3.3575 1.0875
3.3575 1.2145
-1.9625 1.2145
2.65

IMD6a
4
-1.9625 1.2145
3.3575 1.2145
3.3575 1.2355
-1.9625 1.2355
5.2

IMD6b
4
-1.9625 1.2355
3.3575 1.2355
3.3575 1.2505
-1.9625 1.2505
4.2

IMD6c
4
-1.9625 1.2505
3.3575 1.2505
3.3575 1.2745
-1.9625 1.2745
3.28

IMD6d1+IMD6d2
4
-1.9625 1.2745
3.3575 1.2745
3.3575 1.4015
-1.9625 1.4015
2.65

IMD7a
4
-1.9625 1.4015
3.3575 1.4015
3.3575 1.4765
-1.9625 1.4765
5.2

IMD7b1+IMD7b2
4
-1.9625 1.4765
3.3575 1.4765
3.3575 2.9765
-1.9625 2.9765
4.2

IMD8a
4
-1.9625 2.9765
3.3575 2.9765
3.3575 3.0515
-1.9625 3.0515
5.2

IMD8b1+IMD8b2
4
-1.9625 3.0515
3.3575 3.0515
3.3575 4.5515
-1.9625 4.5515
4.2

PASS1
4
-1.9625 4.5515
3.3575 4.5515
3.3575 4.6265
-1.9625 4.6265
7.0

PASS2
4
-1.9625 4.6265
3.3575 4.6265
3.3575 5.0265
-1.9625 5.0265
4.2

PASS3
4
-1.9625 5.0265
3.3575 5.0265
3.3575 5.1015
-1.9625 5.1015
7.0

PASS4+PASS5
4
-1.9625 5.1015
3.3575 5.1015
3.3575 6.0515
-1.9625 6.0515
4.2

PASS6
4
-1.9625 6.0515
3.3575 6.0515
3.3575 6.6515
-1.9625 6.6515
7.0

air_Layer
4
-1.9625 6.6515
3.3575 6.6515
3.3575 6.9485
-1.9625 6.9485
1.0


4
-1.9625 0.001
3.3575 0.001
3.3575 6.9485
-1.9625 6.9485

