c1
4
-0.22201 1.3025
0.2220099999999999 1.3025
0.22798999999999991 1.4015
-0.22799000000000003 1.4015

5
botleft
4
-1.265 -0.001
0 -0.001
0 0.001
-1.265 0.001

botright
4
0 -0.001
1.607 -0.001
1.607 0.001
0 0.001

lEnv
4
-0.76201 1.3025
-0.31799 1.3025
-0.31201 1.4015
-0.76799 1.4015

c2
4
0.94799 1.3025
0.9780099999999999 1.3025
0.9839899999999999 1.4015
0.94201 1.4015

rEnv
4
1.07399 1.3025
1.1040099999999997 1.3025
1.1099899999999998 1.4015
1.06801 1.4015


57
IMD6d1_damage
4
-0.7714239999999999 1.2925
-0.308576 1.2925
-0.307972 1.3025
-0.7720279999999999 1.3025
3.1

IMD6d1_damage
4
-0.23142400000000002 1.2925
0.2314239999999999 1.2925
0.2320279999999999 1.3025
-0.232028 1.3025
3.1

IMD6d1_damage
4
0.9385760000000001 1.2925
0.9874239999999999 1.2925
0.9880279999999999 1.3025
0.937972 1.3025
3.1

IMD6d1_damage
4
1.064576 1.2925
1.1134239999999997 1.2925
1.1140279999999998 1.3025
1.063972 1.3025
3.1

IMD6d2_damage
4
-0.767019 1.3025
-0.76201 1.3025
-0.76799 1.4015
-0.772999 1.4015
2.9

IMD6d2_damage
4
-0.31799 1.3025
-0.312981 1.3025
-0.307001 1.4015
-0.31201 1.4015
2.9

IMD6d2_damage
4
-0.22701900000000003 1.3025
-0.22201 1.3025
-0.22799000000000003 1.4015
-0.23299900000000004 1.4015
2.9

IMD6d2_damage
4
0.2220099999999999 1.3025
0.22701899999999992 1.3025
0.23299899999999993 1.4015
0.22798999999999991 1.4015
2.9

IMD6d2_damage
4
0.942981 1.3025
0.94799 1.3025
0.94201 1.4015
0.937001 1.4015
2.9

IMD6d2_damage
4
0.9780099999999999 1.3025
0.983019 1.3025
0.988999 1.4015
0.9839899999999999 1.4015
2.9

IMD6d2_damage
4
1.068981 1.3025
1.07399 1.3025
1.06801 1.4015
1.0630009999999999 1.4015
2.9

IMD6d2_damage
4
1.1040099999999997 1.3025
1.1090189999999998 1.3025
1.1149989999999999 1.4015
1.1099899999999998 1.4015
2.9

IMD6d2
4
-1.265 1.3025
-0.767019 1.3025
-0.772999 1.4015
-1.265 1.4015
2.65

IMD6d2
4
-0.312981 1.3025
-0.22701900000000003 1.3025
-0.23299900000000004 1.4015
-0.307001 1.4015
2.65

IMD6d2
4
0.22701899999999992 1.3025
0.942981 1.3025
0.937001 1.4015
0.23299899999999993 1.4015
2.65

IMD6d2
4
0.983019 1.3025
1.068981 1.3025
1.0630009999999999 1.4015
0.988999 1.4015
2.65

IMD6d2
4
1.1090189999999998 1.3025
1.607 1.3025
1.607 1.4015
1.1149989999999999 1.4015
2.65

IMD6d1
4
-1.265 1.2925
-0.7714239999999999 1.2925
-0.7720279999999999 1.3025
-1.265 1.3025
2.65

IMD6d1
4
-0.308576 1.2925
-0.23142400000000002 1.2925
-0.232028 1.3025
-0.307972 1.3025
2.65

IMD6d1
4
0.2314239999999999 1.2925
0.9385760000000001 1.2925
0.937972 1.3025
0.2320279999999999 1.3025
2.65

IMD6d1
4
0.9874239999999999 1.2925
1.064576 1.2925
1.063972 1.3025
0.9880279999999999 1.3025
2.65

IMD6d1
4
1.1134239999999997 1.2925
1.607 1.2925
1.607 1.3025
1.1140279999999998 1.3025
2.65

IMD6d1
4
-1.265 1.2745
1.607 1.2745
1.607 1.2925
-1.265 1.2925
2.65

FOXA+FOXB+TOX
4
-1.265 0.001
1.607 0.001
1.607 0.2665
-1.265 0.2665
4.0

ILD1a
4
-1.265 0.2665
1.607 0.2665
1.607 0.2765
-1.265 0.2765
7.0

ILD1b1+ILD1b2+ILD1b3
4
-1.265 0.2765
1.607 0.2765
1.607 0.3955
-1.265 0.3955
4.0

IMD1a
4
-1.265 0.3955
1.607 0.3955
1.607 0.4065
-1.265 0.4065
5.2

IMD1b
4
-1.265 0.4065
1.607 0.4065
1.607 0.4665
-1.265 0.4665
2.8

IMD2a
4
-1.265 0.4665
1.607 0.4665
1.607 0.4875
-1.265 0.4875
5.2

IMD2b
4
-1.265 0.4875
1.607 0.4875
1.607 0.5025
-1.265 0.5025
4.2

IMD2c
4
-1.265 0.5025
1.607 0.5025
1.607 0.5265
-1.265 0.5265
3.28

IMD2d1+IMD2d2
4
-1.265 0.5265
1.607 0.5265
1.607 0.6535
-1.265 0.6535
2.65

IMD3a
4
-1.265 0.6535
1.607 0.6535
1.607 0.6745
-1.265 0.6745
5.2

IMD3b
4
-1.265 0.6745
1.607 0.6745
1.607 0.6895
-1.265 0.6895
4.2

IMD3c
4
-1.265 0.6895
1.607 0.6895
1.607 0.7135
-1.265 0.7135
3.28

IMD3d1+IMD3d2
4
-1.265 0.7135
1.607 0.7135
1.607 0.8405
-1.265 0.8405
2.65

IMD4a
4
-1.265 0.8405
1.607 0.8405
1.607 0.8615
-1.265 0.8615
5.2

IMD4b
4
-1.265 0.8615
1.607 0.8615
1.607 0.8765
-1.265 0.8765
4.2

IMD4c
4
-1.265 0.8765
1.607 0.8765
1.607 0.9005
-1.265 0.9005
3.28

IMD4d1+IMD4d2
4
-1.265 0.9005
1.607 0.9005
1.607 1.0275
-1.265 1.0275
2.65

IMD5a
4
-1.265 1.0275
1.607 1.0275
1.607 1.0485
-1.265 1.0485
5.2

IMD5b
4
-1.265 1.0485
1.607 1.0485
1.607 1.0635
-1.265 1.0635
4.2

IMD5c
4
-1.265 1.0635
1.607 1.0635
1.607 1.0875
-1.265 1.0875
3.28

IMD5d1+IMD5d2
4
-1.265 1.0875
1.607 1.0875
1.607 1.2145
-1.265 1.2145
2.65

IMD6a
4
-1.265 1.2145
1.607 1.2145
1.607 1.2355
-1.265 1.2355
5.2

IMD6b
4
-1.265 1.2355
1.607 1.2355
1.607 1.2505
-1.265 1.2505
4.2

IMD6c
4
-1.265 1.2505
1.607 1.2505
1.607 1.2745
-1.265 1.2745
3.28

IMD7a
4
-1.265 1.4015
1.607 1.4015
1.607 1.4765
-1.265 1.4765
5.2

IMD7b1+IMD7b2
4
-1.265 1.4765
1.607 1.4765
1.607 2.9765
-1.265 2.9765
4.2

IMD8a
4
-1.265 2.9765
1.607 2.9765
1.607 3.0515
-1.265 3.0515
5.2

IMD8b1+IMD8b2
4
-1.265 3.0515
1.607 3.0515
1.607 4.5515
-1.265 4.5515
4.2

PASS1
4
-1.265 4.5515
1.607 4.5515
1.607 4.6265
-1.265 4.6265
7.0

PASS2
4
-1.265 4.6265
1.607 4.6265
1.607 5.0265
-1.265 5.0265
4.2

PASS3
4
-1.265 5.0265
1.607 5.0265
1.607 5.1015
-1.265 5.1015
7.0

PASS4+PASS5
4
-1.265 5.1015
1.607 5.1015
1.607 6.0515
-1.265 6.0515
4.2

PASS6
4
-1.265 6.0515
1.607 6.0515
1.607 6.6515
-1.265 6.6515
7.0

air_Layer
4
-1.265 6.6515
1.607 6.6515
1.607 6.9485
-1.265 6.9485
1.0


4
-1.265 0.001
1.607 0.001
1.607 6.9485
-1.265 6.9485

