c1
4
-0.03301 0.7415
0.03301 0.7415
0.03899 0.8405
-0.03899 0.8405

5
botleft
4
-0.644 -0.001
0 -0.001
0 0.001
-0.644 0.001

botright
4
0 -0.001
1.256 -0.001
1.256 0.001
0 0.001

lEnv
4
-0.14100999999999997 0.7415
-0.07498999999999999 0.7415
-0.06900999999999999 0.8405
-0.14698999999999998 0.8405

c2
4
0.57899 0.7415
0.64501 0.7415
0.65099 0.8405
0.57301 0.8405

rEnv
4
0.68699 0.7415
0.7530100000000001 0.7415
0.75899 0.8405
0.68101 0.8405


57
IMD3d1_damage
4
-0.150424 0.7315
-0.06557599999999998 0.7315
-0.06497199999999999 0.7415
-0.151028 0.7415
3.1

IMD3d1_damage
4
-0.042423999999999996 0.7315
0.042423999999999996 0.7315
0.043028 0.7415
-0.043028 0.7415
3.1

IMD3d1_damage
4
0.5695760000000001 0.7315
0.6544239999999999 0.7315
0.6550279999999999 0.7415
0.568972 0.7415
3.1

IMD3d1_damage
4
0.6775760000000001 0.7315
0.762424 0.7315
0.763028 0.7415
0.676972 0.7415
3.1

IMD3d2_damage
4
-0.14601899999999998 0.7415
-0.14100999999999997 0.7415
-0.14698999999999998 0.8405
-0.151999 0.8405
2.9

IMD3d2_damage
4
-0.07498999999999999 0.7415
-0.06998099999999999 0.7415
-0.06400099999999999 0.8405
-0.06900999999999999 0.8405
2.9

IMD3d2_damage
4
-0.038019 0.7415
-0.03301 0.7415
-0.03899 0.8405
-0.043998999999999996 0.8405
2.9

IMD3d2_damage
4
0.03301 0.7415
0.038019 0.7415
0.043998999999999996 0.8405
0.03899 0.8405
2.9

IMD3d2_damage
4
0.573981 0.7415
0.57899 0.7415
0.57301 0.8405
0.568001 0.8405
2.9

IMD3d2_damage
4
0.64501 0.7415
0.650019 0.7415
0.655999 0.8405
0.65099 0.8405
2.9

IMD3d2_damage
4
0.681981 0.7415
0.68699 0.7415
0.68101 0.8405
0.676001 0.8405
2.9

IMD3d2_damage
4
0.7530100000000001 0.7415
0.7580190000000001 0.7415
0.7639990000000001 0.8405
0.75899 0.8405
2.9

IMD3d2
4
-0.644 0.7415
-0.14601899999999998 0.7415
-0.151999 0.8405
-0.644 0.8405
2.65

IMD3d2
4
-0.06998099999999999 0.7415
-0.038019 0.7415
-0.043998999999999996 0.8405
-0.06400099999999999 0.8405
2.65

IMD3d2
4
0.038019 0.7415
0.573981 0.7415
0.568001 0.8405
0.043998999999999996 0.8405
2.65

IMD3d2
4
0.650019 0.7415
0.681981 0.7415
0.676001 0.8405
0.655999 0.8405
2.65

IMD3d2
4
0.7580190000000001 0.7415
1.256 0.7415
1.256 0.8405
0.7639990000000001 0.8405
2.65

IMD3d1
4
-0.644 0.7315
-0.150424 0.7315
-0.151028 0.7415
-0.644 0.7415
2.65

IMD3d1
4
-0.06557599999999998 0.7315
-0.042423999999999996 0.7315
-0.043028 0.7415
-0.06497199999999999 0.7415
2.65

IMD3d1
4
0.042423999999999996 0.7315
0.5695760000000001 0.7315
0.568972 0.7415
0.043028 0.7415
2.65

IMD3d1
4
0.6544239999999999 0.7315
0.6775760000000001 0.7315
0.676972 0.7415
0.6550279999999999 0.7415
2.65

IMD3d1
4
0.762424 0.7315
1.256 0.7315
1.256 0.7415
0.763028 0.7415
2.65

IMD3d1
4
-0.644 0.7135
1.256 0.7135
1.256 0.7315
-0.644 0.7315
2.65

FOXA+FOXB+TOX
4
-0.644 0.001
1.256 0.001
1.256 0.2665
-0.644 0.2665
4.0

ILD1a
4
-0.644 0.2665
1.256 0.2665
1.256 0.2765
-0.644 0.2765
7.0

ILD1b1+ILD1b2+ILD1b3
4
-0.644 0.2765
1.256 0.2765
1.256 0.3955
-0.644 0.3955
4.0

IMD1a
4
-0.644 0.3955
1.256 0.3955
1.256 0.4065
-0.644 0.4065
5.2

IMD1b
4
-0.644 0.4065
1.256 0.4065
1.256 0.4665
-0.644 0.4665
2.8

IMD2a
4
-0.644 0.4665
1.256 0.4665
1.256 0.4875
-0.644 0.4875
5.2

IMD2b
4
-0.644 0.4875
1.256 0.4875
1.256 0.5025
-0.644 0.5025
4.2

IMD2c
4
-0.644 0.5025
1.256 0.5025
1.256 0.5265
-0.644 0.5265
3.28

IMD2d1+IMD2d2
4
-0.644 0.5265
1.256 0.5265
1.256 0.6535
-0.644 0.6535
2.65

IMD3a
4
-0.644 0.6535
1.256 0.6535
1.256 0.6745
-0.644 0.6745
5.2

IMD3b
4
-0.644 0.6745
1.256 0.6745
1.256 0.6895
-0.644 0.6895
4.2

IMD3c
4
-0.644 0.6895
1.256 0.6895
1.256 0.7135
-0.644 0.7135
3.28

IMD4a
4
-0.644 0.8405
1.256 0.8405
1.256 0.8615
-0.644 0.8615
5.2

IMD4b
4
-0.644 0.8615
1.256 0.8615
1.256 0.8765
-0.644 0.8765
4.2

IMD4c
4
-0.644 0.8765
1.256 0.8765
1.256 0.9005
-0.644 0.9005
3.28

IMD4d1+IMD4d2
4
-0.644 0.9005
1.256 0.9005
1.256 1.0275
-0.644 1.0275
2.65

IMD5a
4
-0.644 1.0275
1.256 1.0275
1.256 1.0485
-0.644 1.0485
5.2

IMD5b
4
-0.644 1.0485
1.256 1.0485
1.256 1.0635
-0.644 1.0635
4.2

IMD5c
4
-0.644 1.0635
1.256 1.0635
1.256 1.0875
-0.644 1.0875
3.28

IMD5d1+IMD5d2
4
-0.644 1.0875
1.256 1.0875
1.256 1.2145
-0.644 1.2145
2.65

IMD6a
4
-0.644 1.2145
1.256 1.2145
1.256 1.2355
-0.644 1.2355
5.2

IMD6b
4
-0.644 1.2355
1.256 1.2355
1.256 1.2505
-0.644 1.2505
4.2

IMD6c
4
-0.644 1.2505
1.256 1.2505
1.256 1.2745
-0.644 1.2745
3.28

IMD6d1+IMD6d2
4
-0.644 1.2745
1.256 1.2745
1.256 1.4015
-0.644 1.4015
2.65

IMD7a
4
-0.644 1.4015
1.256 1.4015
1.256 1.4765
-0.644 1.4765
5.2

IMD7b1+IMD7b2
4
-0.644 1.4765
1.256 1.4765
1.256 2.9765
-0.644 2.9765
4.2

IMD8a
4
-0.644 2.9765
1.256 2.9765
1.256 3.0515
-0.644 3.0515
5.2

IMD8b1+IMD8b2
4
-0.644 3.0515
1.256 3.0515
1.256 4.5515
-0.644 4.5515
4.2

PASS1
4
-0.644 4.5515
1.256 4.5515
1.256 4.6265
-0.644 4.6265
7.0

PASS2
4
-0.644 4.6265
1.256 4.6265
1.256 5.0265
-0.644 5.0265
4.2

PASS3
4
-0.644 5.0265
1.256 5.0265
1.256 5.1015
-0.644 5.1015
7.0

PASS4+PASS5
4
-0.644 5.1015
1.256 5.1015
1.256 6.0515
-0.644 6.0515
4.2

PASS6
4
-0.644 6.0515
1.256 6.0515
1.256 6.6515
-0.644 6.6515
7.0

air_Layer
4
-0.644 6.6515
1.256 6.6515
1.256 6.9485
-0.644 6.9485
1.0


4
-0.644 0.001
1.256 0.001
1.256 6.9485
-0.644 6.9485

