c1
4
-0.03301 1.1155
0.03301 1.1155
0.03899 1.2145
-0.03899 1.2145

5
botleft
4
-0.698 -0.001
0 -0.001
0 0.001
-0.698 0.001

botright
4
0 -0.001
1.418 -0.001
1.418 0.001
0 0.001

lEnv
4
-0.19500999999999996 1.1155
-0.12899 1.1155
-0.12300999999999998 1.2145
-0.20098999999999997 1.2145

c2
4
0.7589899999999999 1.1155
0.78901 1.1155
0.79499 1.2145
0.75301 1.2145

rEnv
4
0.88499 1.1155
0.91501 1.1155
0.92099 1.2145
0.8790100000000001 1.2145


57
IMD5d1_damage
4
-0.204424 1.1055
-0.11957599999999997 1.1055
-0.11897199999999998 1.1155
-0.205028 1.1155
3.1

IMD5d1_damage
4
-0.042423999999999996 1.1055
0.042423999999999996 1.1055
0.043028 1.1155
-0.043028 1.1155
3.1

IMD5d1_damage
4
0.749576 1.1055
0.7984239999999999 1.1055
0.799028 1.1155
0.748972 1.1155
3.1

IMD5d1_damage
4
0.8755760000000001 1.1055
0.9244239999999999 1.1055
0.925028 1.1155
0.8749720000000001 1.1155
3.1

IMD5d2_damage
4
-0.20001899999999997 1.1155
-0.19500999999999996 1.1155
-0.20098999999999997 1.2145
-0.205999 1.2145
2.9

IMD5d2_damage
4
-0.12899 1.1155
-0.123981 1.1155
-0.11800099999999998 1.2145
-0.12300999999999998 1.2145
2.9

IMD5d2_damage
4
-0.038019 1.1155
-0.03301 1.1155
-0.03899 1.2145
-0.043998999999999996 1.2145
2.9

IMD5d2_damage
4
0.03301 1.1155
0.038019 1.1155
0.043998999999999996 1.2145
0.03899 1.2145
2.9

IMD5d2_damage
4
0.7539809999999999 1.1155
0.7589899999999999 1.1155
0.75301 1.2145
0.7480009999999999 1.2145
2.9

IMD5d2_damage
4
0.78901 1.1155
0.794019 1.1155
0.799999 1.2145
0.79499 1.2145
2.9

IMD5d2_damage
4
0.879981 1.1155
0.88499 1.1155
0.8790100000000001 1.2145
0.874001 1.2145
2.9

IMD5d2_damage
4
0.91501 1.1155
0.920019 1.1155
0.925999 1.2145
0.92099 1.2145
2.9

IMD5d2
4
-0.698 1.1155
-0.20001899999999997 1.1155
-0.205999 1.2145
-0.698 1.2145
2.65

IMD5d2
4
-0.123981 1.1155
-0.038019 1.1155
-0.043998999999999996 1.2145
-0.11800099999999998 1.2145
2.65

IMD5d2
4
0.038019 1.1155
0.7539809999999999 1.1155
0.7480009999999999 1.2145
0.043998999999999996 1.2145
2.65

IMD5d2
4
0.794019 1.1155
0.879981 1.1155
0.874001 1.2145
0.799999 1.2145
2.65

IMD5d2
4
0.920019 1.1155
1.418 1.1155
1.418 1.2145
0.925999 1.2145
2.65

IMD5d1
4
-0.698 1.1055
-0.204424 1.1055
-0.205028 1.1155
-0.698 1.1155
2.65

IMD5d1
4
-0.11957599999999997 1.1055
-0.042423999999999996 1.1055
-0.043028 1.1155
-0.11897199999999998 1.1155
2.65

IMD5d1
4
0.042423999999999996 1.1055
0.749576 1.1055
0.748972 1.1155
0.043028 1.1155
2.65

IMD5d1
4
0.7984239999999999 1.1055
0.8755760000000001 1.1055
0.8749720000000001 1.1155
0.799028 1.1155
2.65

IMD5d1
4
0.9244239999999999 1.1055
1.418 1.1055
1.418 1.1155
0.925028 1.1155
2.65

IMD5d1
4
-0.698 1.0875
1.418 1.0875
1.418 1.1055
-0.698 1.1055
2.65

FOXA+FOXB+TOX
4
-0.698 0.001
1.418 0.001
1.418 0.2665
-0.698 0.2665
4.0

ILD1a
4
-0.698 0.2665
1.418 0.2665
1.418 0.2765
-0.698 0.2765
7.0

ILD1b1+ILD1b2+ILD1b3
4
-0.698 0.2765
1.418 0.2765
1.418 0.3955
-0.698 0.3955
4.0

IMD1a
4
-0.698 0.3955
1.418 0.3955
1.418 0.4065
-0.698 0.4065
5.2

IMD1b
4
-0.698 0.4065
1.418 0.4065
1.418 0.4665
-0.698 0.4665
2.8

IMD2a
4
-0.698 0.4665
1.418 0.4665
1.418 0.4875
-0.698 0.4875
5.2

IMD2b
4
-0.698 0.4875
1.418 0.4875
1.418 0.5025
-0.698 0.5025
4.2

IMD2c
4
-0.698 0.5025
1.418 0.5025
1.418 0.5265
-0.698 0.5265
3.28

IMD2d1+IMD2d2
4
-0.698 0.5265
1.418 0.5265
1.418 0.6535
-0.698 0.6535
2.65

IMD3a
4
-0.698 0.6535
1.418 0.6535
1.418 0.6745
-0.698 0.6745
5.2

IMD3b
4
-0.698 0.6745
1.418 0.6745
1.418 0.6895
-0.698 0.6895
4.2

IMD3c
4
-0.698 0.6895
1.418 0.6895
1.418 0.7135
-0.698 0.7135
3.28

IMD3d1+IMD3d2
4
-0.698 0.7135
1.418 0.7135
1.418 0.8405
-0.698 0.8405
2.65

IMD4a
4
-0.698 0.8405
1.418 0.8405
1.418 0.8615
-0.698 0.8615
5.2

IMD4b
4
-0.698 0.8615
1.418 0.8615
1.418 0.8765
-0.698 0.8765
4.2

IMD4c
4
-0.698 0.8765
1.418 0.8765
1.418 0.9005
-0.698 0.9005
3.28

IMD4d1+IMD4d2
4
-0.698 0.9005
1.418 0.9005
1.418 1.0275
-0.698 1.0275
2.65

IMD5a
4
-0.698 1.0275
1.418 1.0275
1.418 1.0485
-0.698 1.0485
5.2

IMD5b
4
-0.698 1.0485
1.418 1.0485
1.418 1.0635
-0.698 1.0635
4.2

IMD5c
4
-0.698 1.0635
1.418 1.0635
1.418 1.0875
-0.698 1.0875
3.28

IMD6a
4
-0.698 1.2145
1.418 1.2145
1.418 1.2355
-0.698 1.2355
5.2

IMD6b
4
-0.698 1.2355
1.418 1.2355
1.418 1.2505
-0.698 1.2505
4.2

IMD6c
4
-0.698 1.2505
1.418 1.2505
1.418 1.2745
-0.698 1.2745
3.28

IMD6d1+IMD6d2
4
-0.698 1.2745
1.418 1.2745
1.418 1.4015
-0.698 1.4015
2.65

IMD7a
4
-0.698 1.4015
1.418 1.4015
1.418 1.4765
-0.698 1.4765
5.2

IMD7b1+IMD7b2
4
-0.698 1.4765
1.418 1.4765
1.418 2.9765
-0.698 2.9765
4.2

IMD8a
4
-0.698 2.9765
1.418 2.9765
1.418 3.0515
-0.698 3.0515
5.2

IMD8b1+IMD8b2
4
-0.698 3.0515
1.418 3.0515
1.418 4.5515
-0.698 4.5515
4.2

PASS1
4
-0.698 4.5515
1.418 4.5515
1.418 4.6265
-0.698 4.6265
7.0

PASS2
4
-0.698 4.6265
1.418 4.6265
1.418 5.0265
-0.698 5.0265
4.2

PASS3
4
-0.698 5.0265
1.418 5.0265
1.418 5.1015
-0.698 5.1015
7.0

PASS4+PASS5
4
-0.698 5.1015
1.418 5.1015
1.418 6.0515
-0.698 6.0515
4.2

PASS6
4
-0.698 6.0515
1.418 6.0515
1.418 6.6515
-0.698 6.6515
7.0

air_Layer
4
-0.698 6.6515
1.418 6.6515
1.418 6.9485
-0.698 6.9485
1.0


4
-0.698 0.001
1.418 0.001
1.418 6.9485
-0.698 6.9485

