c1
4
-0.03301 1.3025
0.03301 1.3025
0.03899 1.4015
-0.03899 1.4015

5
botleft
4
-0.698 -0.001
0 -0.001
0 0.001
-0.698 0.001

botright
4
0 -0.001
2.6959999999999997 -0.001
2.6959999999999997 0.001
0 0.001

lEnv
4
-0.19500999999999996 1.3025
-0.12899 1.3025
-0.12300999999999998 1.4015
-0.20098999999999997 1.4015

c2
4
0.7589899999999999 1.3025
1.4280099999999998 1.3025
1.4339899999999999 1.4015
0.75301 1.4015

rEnv
4
1.52399 1.3025
2.1930099999999997 1.3025
2.19899 1.4015
1.5180099999999999 1.4015


57
IMD6d1_damage
4
-0.204424 1.2925
-0.11957599999999997 1.2925
-0.11897199999999998 1.3025
-0.205028 1.3025
3.1

IMD6d1_damage
4
-0.042423999999999996 1.2925
0.042423999999999996 1.2925
0.043028 1.3025
-0.043028 1.3025
3.1

IMD6d1_damage
4
0.749576 1.2925
1.4374239999999998 1.2925
1.4380279999999999 1.3025
0.748972 1.3025
3.1

IMD6d1_damage
4
1.514576 1.2925
2.2024239999999997 1.2925
2.2030279999999998 1.3025
1.5139719999999999 1.3025
3.1

IMD6d2_damage
4
-0.20001899999999997 1.3025
-0.19500999999999996 1.3025
-0.20098999999999997 1.4015
-0.205999 1.4015
2.9

IMD6d2_damage
4
-0.12899 1.3025
-0.123981 1.3025
-0.11800099999999998 1.4015
-0.12300999999999998 1.4015
2.9

IMD6d2_damage
4
-0.038019 1.3025
-0.03301 1.3025
-0.03899 1.4015
-0.043998999999999996 1.4015
2.9

IMD6d2_damage
4
0.03301 1.3025
0.038019 1.3025
0.043998999999999996 1.4015
0.03899 1.4015
2.9

IMD6d2_damage
4
0.7539809999999999 1.3025
0.7589899999999999 1.3025
0.75301 1.4015
0.7480009999999999 1.4015
2.9

IMD6d2_damage
4
1.4280099999999998 1.3025
1.4330189999999998 1.3025
1.438999 1.4015
1.4339899999999999 1.4015
2.9

IMD6d2_damage
4
1.518981 1.3025
1.52399 1.3025
1.5180099999999999 1.4015
1.5130009999999998 1.4015
2.9

IMD6d2_damage
4
2.1930099999999997 1.3025
2.1980189999999995 1.3025
2.2039989999999996 1.4015
2.19899 1.4015
2.9

IMD6d2
4
-0.698 1.3025
-0.20001899999999997 1.3025
-0.205999 1.4015
-0.698 1.4015
2.65

IMD6d2
4
-0.123981 1.3025
-0.038019 1.3025
-0.043998999999999996 1.4015
-0.11800099999999998 1.4015
2.65

IMD6d2
4
0.038019 1.3025
0.7539809999999999 1.3025
0.7480009999999999 1.4015
0.043998999999999996 1.4015
2.65

IMD6d2
4
1.4330189999999998 1.3025
1.518981 1.3025
1.5130009999999998 1.4015
1.438999 1.4015
2.65

IMD6d2
4
2.1980189999999995 1.3025
2.6959999999999997 1.3025
2.6959999999999997 1.4015
2.2039989999999996 1.4015
2.65

IMD6d1
4
-0.698 1.2925
-0.204424 1.2925
-0.205028 1.3025
-0.698 1.3025
2.65

IMD6d1
4
-0.11957599999999997 1.2925
-0.042423999999999996 1.2925
-0.043028 1.3025
-0.11897199999999998 1.3025
2.65

IMD6d1
4
0.042423999999999996 1.2925
0.749576 1.2925
0.748972 1.3025
0.043028 1.3025
2.65

IMD6d1
4
1.4374239999999998 1.2925
1.514576 1.2925
1.5139719999999999 1.3025
1.4380279999999999 1.3025
2.65

IMD6d1
4
2.2024239999999997 1.2925
2.6959999999999997 1.2925
2.6959999999999997 1.3025
2.2030279999999998 1.3025
2.65

IMD6d1
4
-0.698 1.2745
2.6959999999999997 1.2745
2.6959999999999997 1.2925
-0.698 1.2925
2.65

FOXA+FOXB+TOX
4
-0.698 0.001
2.6959999999999997 0.001
2.6959999999999997 0.2665
-0.698 0.2665
4.0

ILD1a
4
-0.698 0.2665
2.6959999999999997 0.2665
2.6959999999999997 0.2765
-0.698 0.2765
7.0

ILD1b1+ILD1b2+ILD1b3
4
-0.698 0.2765
2.6959999999999997 0.2765
2.6959999999999997 0.3955
-0.698 0.3955
4.0

IMD1a
4
-0.698 0.3955
2.6959999999999997 0.3955
2.6959999999999997 0.4065
-0.698 0.4065
5.2

IMD1b
4
-0.698 0.4065
2.6959999999999997 0.4065
2.6959999999999997 0.4665
-0.698 0.4665
2.8

IMD2a
4
-0.698 0.4665
2.6959999999999997 0.4665
2.6959999999999997 0.4875
-0.698 0.4875
5.2

IMD2b
4
-0.698 0.4875
2.6959999999999997 0.4875
2.6959999999999997 0.5025
-0.698 0.5025
4.2

IMD2c
4
-0.698 0.5025
2.6959999999999997 0.5025
2.6959999999999997 0.5265
-0.698 0.5265
3.28

IMD2d1+IMD2d2
4
-0.698 0.5265
2.6959999999999997 0.5265
2.6959999999999997 0.6535
-0.698 0.6535
2.65

IMD3a
4
-0.698 0.6535
2.6959999999999997 0.6535
2.6959999999999997 0.6745
-0.698 0.6745
5.2

IMD3b
4
-0.698 0.6745
2.6959999999999997 0.6745
2.6959999999999997 0.6895
-0.698 0.6895
4.2

IMD3c
4
-0.698 0.6895
2.6959999999999997 0.6895
2.6959999999999997 0.7135
-0.698 0.7135
3.28

IMD3d1+IMD3d2
4
-0.698 0.7135
2.6959999999999997 0.7135
2.6959999999999997 0.8405
-0.698 0.8405
2.65

IMD4a
4
-0.698 0.8405
2.6959999999999997 0.8405
2.6959999999999997 0.8615
-0.698 0.8615
5.2

IMD4b
4
-0.698 0.8615
2.6959999999999997 0.8615
2.6959999999999997 0.8765
-0.698 0.8765
4.2

IMD4c
4
-0.698 0.8765
2.6959999999999997 0.8765
2.6959999999999997 0.9005
-0.698 0.9005
3.28

IMD4d1+IMD4d2
4
-0.698 0.9005
2.6959999999999997 0.9005
2.6959999999999997 1.0275
-0.698 1.0275
2.65

IMD5a
4
-0.698 1.0275
2.6959999999999997 1.0275
2.6959999999999997 1.0485
-0.698 1.0485
5.2

IMD5b
4
-0.698 1.0485
2.6959999999999997 1.0485
2.6959999999999997 1.0635
-0.698 1.0635
4.2

IMD5c
4
-0.698 1.0635
2.6959999999999997 1.0635
2.6959999999999997 1.0875
-0.698 1.0875
3.28

IMD5d1+IMD5d2
4
-0.698 1.0875
2.6959999999999997 1.0875
2.6959999999999997 1.2145
-0.698 1.2145
2.65

IMD6a
4
-0.698 1.2145
2.6959999999999997 1.2145
2.6959999999999997 1.2355
-0.698 1.2355
5.2

IMD6b
4
-0.698 1.2355
2.6959999999999997 1.2355
2.6959999999999997 1.2505
-0.698 1.2505
4.2

IMD6c
4
-0.698 1.2505
2.6959999999999997 1.2505
2.6959999999999997 1.2745
-0.698 1.2745
3.28

IMD7a
4
-0.698 1.4015
2.6959999999999997 1.4015
2.6959999999999997 1.4765
-0.698 1.4765
5.2

IMD7b1+IMD7b2
4
-0.698 1.4765
2.6959999999999997 1.4765
2.6959999999999997 2.9765
-0.698 2.9765
4.2

IMD8a
4
-0.698 2.9765
2.6959999999999997 2.9765
2.6959999999999997 3.0515
-0.698 3.0515
5.2

IMD8b1+IMD8b2
4
-0.698 3.0515
2.6959999999999997 3.0515
2.6959999999999997 4.5515
-0.698 4.5515
4.2

PASS1
4
-0.698 4.5515
2.6959999999999997 4.5515
2.6959999999999997 4.6265
-0.698 4.6265
7.0

PASS2
4
-0.698 4.6265
2.6959999999999997 4.6265
2.6959999999999997 5.0265
-0.698 5.0265
4.2

PASS3
4
-0.698 5.0265
2.6959999999999997 5.0265
2.6959999999999997 5.1015
-0.698 5.1015
7.0

PASS4+PASS5
4
-0.698 5.1015
2.6959999999999997 5.1015
2.6959999999999997 6.0515
-0.698 6.0515
4.2

PASS6
4
-0.698 6.0515
2.6959999999999997 6.0515
2.6959999999999997 6.6515
-0.698 6.6515
7.0

air_Layer
4
-0.698 6.6515
2.6959999999999997 6.6515
2.6959999999999997 6.9485
-0.698 6.9485
1.0


4
-0.698 0.001
2.6959999999999997 0.001
2.6959999999999997 6.9485
-0.698 6.9485

