c1
4
-0.03301 1.1155
0.03301 1.1155
0.03899 1.2145
-0.03899 1.2145

5
botleft
4
-0.644 -0.001
0 -0.001
0 0.001
-0.644 0.001

botright
4
0 -0.001
1.4359999999999997 -0.001
1.4359999999999997 0.001
0 0.001

lEnv
4
-0.14100999999999997 1.1155
-0.07498999999999999 1.1155
-0.06900999999999999 1.2145
-0.14698999999999998 1.2145

c2
4
0.7589899999999999 1.1155
0.8250099999999999 1.1155
0.8309899999999999 1.2145
0.75301 1.2145

rEnv
4
0.8669899999999998 1.1155
0.9330099999999998 1.1155
0.9389899999999998 1.2145
0.8610099999999998 1.2145


57
IMD5d1_damage
4
-0.150424 1.1055
-0.06557599999999998 1.1055
-0.06497199999999999 1.1155
-0.151028 1.1155
3.1

IMD5d1_damage
4
-0.042423999999999996 1.1055
0.042423999999999996 1.1055
0.043028 1.1155
-0.043028 1.1155
3.1

IMD5d1_damage
4
0.749576 1.1055
0.8344239999999998 1.1055
0.8350279999999999 1.1155
0.748972 1.1155
3.1

IMD5d1_damage
4
0.8575759999999999 1.1055
0.9424239999999997 1.1055
0.9430279999999998 1.1155
0.8569719999999998 1.1155
3.1

IMD5d2_damage
4
-0.14601899999999998 1.1155
-0.14100999999999997 1.1155
-0.14698999999999998 1.2145
-0.151999 1.2145
2.9

IMD5d2_damage
4
-0.07498999999999999 1.1155
-0.06998099999999999 1.1155
-0.06400099999999999 1.2145
-0.06900999999999999 1.2145
2.9

IMD5d2_damage
4
-0.038019 1.1155
-0.03301 1.1155
-0.03899 1.2145
-0.043998999999999996 1.2145
2.9

IMD5d2_damage
4
0.03301 1.1155
0.038019 1.1155
0.043998999999999996 1.2145
0.03899 1.2145
2.9

IMD5d2_damage
4
0.7539809999999999 1.1155
0.7589899999999999 1.1155
0.75301 1.2145
0.7480009999999999 1.2145
2.9

IMD5d2_damage
4
0.8250099999999999 1.1155
0.830019 1.1155
0.8359989999999999 1.2145
0.8309899999999999 1.2145
2.9

IMD5d2_damage
4
0.8619809999999998 1.1155
0.8669899999999998 1.1155
0.8610099999999998 1.2145
0.8560009999999998 1.2145
2.9

IMD5d2_damage
4
0.9330099999999998 1.1155
0.9380189999999998 1.1155
0.9439989999999998 1.2145
0.9389899999999998 1.2145
2.9

IMD5d2
4
-0.644 1.1155
-0.14601899999999998 1.1155
-0.151999 1.2145
-0.644 1.2145
2.65

IMD5d2
4
-0.06998099999999999 1.1155
-0.038019 1.1155
-0.043998999999999996 1.2145
-0.06400099999999999 1.2145
2.65

IMD5d2
4
0.038019 1.1155
0.7539809999999999 1.1155
0.7480009999999999 1.2145
0.043998999999999996 1.2145
2.65

IMD5d2
4
0.830019 1.1155
0.8619809999999998 1.1155
0.8560009999999998 1.2145
0.8359989999999999 1.2145
2.65

IMD5d2
4
0.9380189999999998 1.1155
1.4359999999999997 1.1155
1.4359999999999997 1.2145
0.9439989999999998 1.2145
2.65

IMD5d1
4
-0.644 1.1055
-0.150424 1.1055
-0.151028 1.1155
-0.644 1.1155
2.65

IMD5d1
4
-0.06557599999999998 1.1055
-0.042423999999999996 1.1055
-0.043028 1.1155
-0.06497199999999999 1.1155
2.65

IMD5d1
4
0.042423999999999996 1.1055
0.749576 1.1055
0.748972 1.1155
0.043028 1.1155
2.65

IMD5d1
4
0.8344239999999998 1.1055
0.8575759999999999 1.1055
0.8569719999999998 1.1155
0.8350279999999999 1.1155
2.65

IMD5d1
4
0.9424239999999997 1.1055
1.4359999999999997 1.1055
1.4359999999999997 1.1155
0.9430279999999998 1.1155
2.65

IMD5d1
4
-0.644 1.0875
1.4359999999999997 1.0875
1.4359999999999997 1.1055
-0.644 1.1055
2.65

FOXA+FOXB+TOX
4
-0.644 0.001
1.4359999999999997 0.001
1.4359999999999997 0.2665
-0.644 0.2665
4.0

ILD1a
4
-0.644 0.2665
1.4359999999999997 0.2665
1.4359999999999997 0.2765
-0.644 0.2765
7.0

ILD1b1+ILD1b2+ILD1b3
4
-0.644 0.2765
1.4359999999999997 0.2765
1.4359999999999997 0.3955
-0.644 0.3955
4.0

IMD1a
4
-0.644 0.3955
1.4359999999999997 0.3955
1.4359999999999997 0.4065
-0.644 0.4065
5.2

IMD1b
4
-0.644 0.4065
1.4359999999999997 0.4065
1.4359999999999997 0.4665
-0.644 0.4665
2.8

IMD2a
4
-0.644 0.4665
1.4359999999999997 0.4665
1.4359999999999997 0.4875
-0.644 0.4875
5.2

IMD2b
4
-0.644 0.4875
1.4359999999999997 0.4875
1.4359999999999997 0.5025
-0.644 0.5025
4.2

IMD2c
4
-0.644 0.5025
1.4359999999999997 0.5025
1.4359999999999997 0.5265
-0.644 0.5265
3.28

IMD2d1+IMD2d2
4
-0.644 0.5265
1.4359999999999997 0.5265
1.4359999999999997 0.6535
-0.644 0.6535
2.65

IMD3a
4
-0.644 0.6535
1.4359999999999997 0.6535
1.4359999999999997 0.6745
-0.644 0.6745
5.2

IMD3b
4
-0.644 0.6745
1.4359999999999997 0.6745
1.4359999999999997 0.6895
-0.644 0.6895
4.2

IMD3c
4
-0.644 0.6895
1.4359999999999997 0.6895
1.4359999999999997 0.7135
-0.644 0.7135
3.28

IMD3d1+IMD3d2
4
-0.644 0.7135
1.4359999999999997 0.7135
1.4359999999999997 0.8405
-0.644 0.8405
2.65

IMD4a
4
-0.644 0.8405
1.4359999999999997 0.8405
1.4359999999999997 0.8615
-0.644 0.8615
5.2

IMD4b
4
-0.644 0.8615
1.4359999999999997 0.8615
1.4359999999999997 0.8765
-0.644 0.8765
4.2

IMD4c
4
-0.644 0.8765
1.4359999999999997 0.8765
1.4359999999999997 0.9005
-0.644 0.9005
3.28

IMD4d1+IMD4d2
4
-0.644 0.9005
1.4359999999999997 0.9005
1.4359999999999997 1.0275
-0.644 1.0275
2.65

IMD5a
4
-0.644 1.0275
1.4359999999999997 1.0275
1.4359999999999997 1.0485
-0.644 1.0485
5.2

IMD5b
4
-0.644 1.0485
1.4359999999999997 1.0485
1.4359999999999997 1.0635
-0.644 1.0635
4.2

IMD5c
4
-0.644 1.0635
1.4359999999999997 1.0635
1.4359999999999997 1.0875
-0.644 1.0875
3.28

IMD6a
4
-0.644 1.2145
1.4359999999999997 1.2145
1.4359999999999997 1.2355
-0.644 1.2355
5.2

IMD6b
4
-0.644 1.2355
1.4359999999999997 1.2355
1.4359999999999997 1.2505
-0.644 1.2505
4.2

IMD6c
4
-0.644 1.2505
1.4359999999999997 1.2505
1.4359999999999997 1.2745
-0.644 1.2745
3.28

IMD6d1+IMD6d2
4
-0.644 1.2745
1.4359999999999997 1.2745
1.4359999999999997 1.4015
-0.644 1.4015
2.65

IMD7a
4
-0.644 1.4015
1.4359999999999997 1.4015
1.4359999999999997 1.4765
-0.644 1.4765
5.2

IMD7b1+IMD7b2
4
-0.644 1.4765
1.4359999999999997 1.4765
1.4359999999999997 2.9765
-0.644 2.9765
4.2

IMD8a
4
-0.644 2.9765
1.4359999999999997 2.9765
1.4359999999999997 3.0515
-0.644 3.0515
5.2

IMD8b1+IMD8b2
4
-0.644 3.0515
1.4359999999999997 3.0515
1.4359999999999997 4.5515
-0.644 4.5515
4.2

PASS1
4
-0.644 4.5515
1.4359999999999997 4.5515
1.4359999999999997 4.6265
-0.644 4.6265
7.0

PASS2
4
-0.644 4.6265
1.4359999999999997 4.6265
1.4359999999999997 5.0265
-0.644 5.0265
4.2

PASS3
4
-0.644 5.0265
1.4359999999999997 5.0265
1.4359999999999997 5.1015
-0.644 5.1015
7.0

PASS4+PASS5
4
-0.644 5.1015
1.4359999999999997 5.1015
1.4359999999999997 6.0515
-0.644 6.0515
4.2

PASS6
4
-0.644 6.0515
1.4359999999999997 6.0515
1.4359999999999997 6.6515
-0.644 6.6515
7.0

air_Layer
4
-0.644 6.6515
1.4359999999999997 6.6515
1.4359999999999997 6.9485
-0.644 6.9485
1.0


4
-0.644 0.001
1.4359999999999997 0.001
1.4359999999999997 6.9485
-0.644 6.9485

