c1
4
-0.2220099999999999 1.1155
0.2220099999999999 1.1155
0.22798999999999991 1.2145
-0.22798999999999991 1.2145

5
botleft
4
-1.3549999999999998 -0.001
0 -0.001
0 0.001
-1.3549999999999998 0.001

botright
4
0 -0.001
1.805 -0.001
1.805 0.001
0 0.001

lEnv
4
-0.8520099999999998 1.1155
-0.40798999999999985 1.1155
-0.40200999999999987 1.2145
-0.8579899999999998 1.2145

c2
4
0.7679899999999998 1.1155
0.9420099999999999 1.1155
0.9479899999999999 1.2145
0.7620099999999999 1.2145

rEnv
4
1.12799 1.1155
1.30201 1.1155
1.30799 1.2145
1.12201 1.2145


57
IMD5d1_damage
4
-0.8614239999999997 1.1055
-0.3985759999999999 1.1055
-0.3979719999999999 1.1155
-0.8620279999999998 1.1155
3.1

IMD5d1_damage
4
-0.2314239999999999 1.1055
0.2314239999999999 1.1055
0.2320279999999999 1.1155
-0.2320279999999999 1.1155
3.1

IMD5d1_damage
4
0.7585759999999999 1.1055
0.9514239999999998 1.1055
0.9520279999999999 1.1155
0.7579719999999999 1.1155
3.1

IMD5d1_damage
4
1.118576 1.1055
1.311424 1.1055
1.312028 1.1155
1.117972 1.1155
3.1

IMD5d2_damage
4
-0.8570189999999999 1.1155
-0.8520099999999998 1.1155
-0.8579899999999998 1.2145
-0.8629989999999998 1.2145
2.9

IMD5d2_damage
4
-0.40798999999999985 1.1155
-0.40298099999999987 1.1155
-0.3970009999999999 1.2145
-0.40200999999999987 1.2145
2.9

IMD5d2_damage
4
-0.22701899999999992 1.1155
-0.2220099999999999 1.1155
-0.22798999999999991 1.2145
-0.23299899999999993 1.2145
2.9

IMD5d2_damage
4
0.2220099999999999 1.1155
0.22701899999999992 1.1155
0.23299899999999993 1.2145
0.22798999999999991 1.2145
2.9

IMD5d2_damage
4
0.7629809999999998 1.1155
0.7679899999999998 1.1155
0.7620099999999999 1.2145
0.7570009999999998 1.2145
2.9

IMD5d2_damage
4
0.9420099999999999 1.1155
0.9470189999999999 1.1155
0.9529989999999999 1.2145
0.9479899999999999 1.2145
2.9

IMD5d2_damage
4
1.122981 1.1155
1.12799 1.1155
1.12201 1.2145
1.117001 1.2145
2.9

IMD5d2_damage
4
1.30201 1.1155
1.307019 1.1155
1.312999 1.2145
1.30799 1.2145
2.9

IMD5d2
4
-1.3549999999999998 1.1155
-0.8570189999999999 1.1155
-0.8629989999999998 1.2145
-1.3549999999999998 1.2145
2.65

IMD5d2
4
-0.40298099999999987 1.1155
-0.22701899999999992 1.1155
-0.23299899999999993 1.2145
-0.3970009999999999 1.2145
2.65

IMD5d2
4
0.22701899999999992 1.1155
0.7629809999999998 1.1155
0.7570009999999998 1.2145
0.23299899999999993 1.2145
2.65

IMD5d2
4
0.9470189999999999 1.1155
1.122981 1.1155
1.117001 1.2145
0.9529989999999999 1.2145
2.65

IMD5d2
4
1.307019 1.1155
1.805 1.1155
1.805 1.2145
1.312999 1.2145
2.65

IMD5d1
4
-1.3549999999999998 1.1055
-0.8614239999999997 1.1055
-0.8620279999999998 1.1155
-1.3549999999999998 1.1155
2.65

IMD5d1
4
-0.3985759999999999 1.1055
-0.2314239999999999 1.1055
-0.2320279999999999 1.1155
-0.3979719999999999 1.1155
2.65

IMD5d1
4
0.2314239999999999 1.1055
0.7585759999999999 1.1055
0.7579719999999999 1.1155
0.2320279999999999 1.1155
2.65

IMD5d1
4
0.9514239999999998 1.1055
1.118576 1.1055
1.117972 1.1155
0.9520279999999999 1.1155
2.65

IMD5d1
4
1.311424 1.1055
1.805 1.1055
1.805 1.1155
1.312028 1.1155
2.65

IMD5d1
4
-1.3549999999999998 1.0875
1.805 1.0875
1.805 1.1055
-1.3549999999999998 1.1055
2.65

FOXA+FOXB+TOX
4
-1.3549999999999998 0.001
1.805 0.001
1.805 0.2665
-1.3549999999999998 0.2665
4.0

ILD1a
4
-1.3549999999999998 0.2665
1.805 0.2665
1.805 0.2765
-1.3549999999999998 0.2765
7.0

ILD1b1+ILD1b2+ILD1b3
4
-1.3549999999999998 0.2765
1.805 0.2765
1.805 0.3955
-1.3549999999999998 0.3955
4.0

IMD1a
4
-1.3549999999999998 0.3955
1.805 0.3955
1.805 0.4065
-1.3549999999999998 0.4065
5.2

IMD1b
4
-1.3549999999999998 0.4065
1.805 0.4065
1.805 0.4665
-1.3549999999999998 0.4665
2.8

IMD2a
4
-1.3549999999999998 0.4665
1.805 0.4665
1.805 0.4875
-1.3549999999999998 0.4875
5.2

IMD2b
4
-1.3549999999999998 0.4875
1.805 0.4875
1.805 0.5025
-1.3549999999999998 0.5025
4.2

IMD2c
4
-1.3549999999999998 0.5025
1.805 0.5025
1.805 0.5265
-1.3549999999999998 0.5265
3.28

IMD2d1+IMD2d2
4
-1.3549999999999998 0.5265
1.805 0.5265
1.805 0.6535
-1.3549999999999998 0.6535
2.65

IMD3a
4
-1.3549999999999998 0.6535
1.805 0.6535
1.805 0.6745
-1.3549999999999998 0.6745
5.2

IMD3b
4
-1.3549999999999998 0.6745
1.805 0.6745
1.805 0.6895
-1.3549999999999998 0.6895
4.2

IMD3c
4
-1.3549999999999998 0.6895
1.805 0.6895
1.805 0.7135
-1.3549999999999998 0.7135
3.28

IMD3d1+IMD3d2
4
-1.3549999999999998 0.7135
1.805 0.7135
1.805 0.8405
-1.3549999999999998 0.8405
2.65

IMD4a
4
-1.3549999999999998 0.8405
1.805 0.8405
1.805 0.8615
-1.3549999999999998 0.8615
5.2

IMD4b
4
-1.3549999999999998 0.8615
1.805 0.8615
1.805 0.8765
-1.3549999999999998 0.8765
4.2

IMD4c
4
-1.3549999999999998 0.8765
1.805 0.8765
1.805 0.9005
-1.3549999999999998 0.9005
3.28

IMD4d1+IMD4d2
4
-1.3549999999999998 0.9005
1.805 0.9005
1.805 1.0275
-1.3549999999999998 1.0275
2.65

IMD5a
4
-1.3549999999999998 1.0275
1.805 1.0275
1.805 1.0485
-1.3549999999999998 1.0485
5.2

IMD5b
4
-1.3549999999999998 1.0485
1.805 1.0485
1.805 1.0635
-1.3549999999999998 1.0635
4.2

IMD5c
4
-1.3549999999999998 1.0635
1.805 1.0635
1.805 1.0875
-1.3549999999999998 1.0875
3.28

IMD6a
4
-1.3549999999999998 1.2145
1.805 1.2145
1.805 1.2355
-1.3549999999999998 1.2355
5.2

IMD6b
4
-1.3549999999999998 1.2355
1.805 1.2355
1.805 1.2505
-1.3549999999999998 1.2505
4.2

IMD6c
4
-1.3549999999999998 1.2505
1.805 1.2505
1.805 1.2745
-1.3549999999999998 1.2745
3.28

IMD6d1+IMD6d2
4
-1.3549999999999998 1.2745
1.805 1.2745
1.805 1.4015
-1.3549999999999998 1.4015
2.65

IMD7a
4
-1.3549999999999998 1.4015
1.805 1.4015
1.805 1.4765
-1.3549999999999998 1.4765
5.2

IMD7b1+IMD7b2
4
-1.3549999999999998 1.4765
1.805 1.4765
1.805 2.9765
-1.3549999999999998 2.9765
4.2

IMD8a
4
-1.3549999999999998 2.9765
1.805 2.9765
1.805 3.0515
-1.3549999999999998 3.0515
5.2

IMD8b1+IMD8b2
4
-1.3549999999999998 3.0515
1.805 3.0515
1.805 4.5515
-1.3549999999999998 4.5515
4.2

PASS1
4
-1.3549999999999998 4.5515
1.805 4.5515
1.805 4.6265
-1.3549999999999998 4.6265
7.0

PASS2
4
-1.3549999999999998 4.6265
1.805 4.6265
1.805 5.0265
-1.3549999999999998 5.0265
4.2

PASS3
4
-1.3549999999999998 5.0265
1.805 5.0265
1.805 5.1015
-1.3549999999999998 5.1015
7.0

PASS4+PASS5
4
-1.3549999999999998 5.1015
1.805 5.1015
1.805 6.0515
-1.3549999999999998 6.0515
4.2

PASS6
4
-1.3549999999999998 6.0515
1.805 6.0515
1.805 6.6515
-1.3549999999999998 6.6515
7.0

air_Layer
4
-1.3549999999999998 6.6515
1.805 6.6515
1.805 6.9485
-1.3549999999999998 6.9485
1.0


4
-1.3549999999999998 0.001
1.805 0.001
1.805 6.9485
-1.3549999999999998 6.9485

