c1
4
-0.22200999999999996 0.7415
0.2220099999999999 0.7415
0.22798999999999991 0.8405
-0.22798999999999997 0.8405

3
botleft
4
-2.0179799999999997 -0.001
0 -0.001
0 0.001
-2.0179799999999997 0.001

botright
4
0 -0.001
5.33898 -0.001
5.33898 0.001
0 0.001

lEnv
4
-0.7080099999999999 0.7415
-0.26398999999999995 0.7415
-0.25800999999999996 0.8405
-0.7139899999999999 0.8405


47
IMD3d1_damage
4
-0.7174239999999998 0.7315
-0.25457599999999997 0.7315
-0.253972 0.7415
-0.7180279999999999 0.7415
3.1

IMD3d1_damage
4
-0.23142399999999996 0.7315
0.2314239999999999 0.7315
0.2320279999999999 0.7415
-0.23202799999999996 0.7415
3.1

IMD3d2_damage
4
-0.713019 0.7415
-0.7080099999999999 0.7415
-0.7139899999999999 0.8405
-0.7189989999999999 0.8405
2.9

IMD3d2_damage
4
-0.26398999999999995 0.7415
-0.25898099999999996 0.7415
-0.253001 0.8405
-0.25800999999999996 0.8405
2.9

IMD3d2_damage
4
-0.22701899999999997 0.7415
-0.22200999999999996 0.7415
-0.22798999999999997 0.8405
-0.23299899999999998 0.8405
2.9

IMD3d2_damage
4
0.2220099999999999 0.7415
0.22701899999999992 0.7415
0.23299899999999993 0.8405
0.22798999999999991 0.8405
2.9

IMD3d2
4
-2.0179799999999997 0.7415
-0.713019 0.7415
-0.7189989999999999 0.8405
-2.0179799999999997 0.8405
2.65

IMD3d2
4
-0.25898099999999996 0.7415
-0.22701899999999997 0.7415
-0.23299899999999998 0.8405
-0.253001 0.8405
2.65

IMD3d2
4
0.22701899999999992 0.7415
5.33898 0.7415
5.33898 0.8405
0.23299899999999993 0.8405
2.65

IMD3d1
4
-2.0179799999999997 0.7315
-0.7174239999999998 0.7315
-0.7180279999999999 0.7415
-2.0179799999999997 0.7415
2.65

IMD3d1
4
-0.25457599999999997 0.7315
-0.23142399999999996 0.7315
-0.23202799999999996 0.7415
-0.253972 0.7415
2.65

IMD3d1
4
0.2314239999999999 0.7315
5.33898 0.7315
5.33898 0.7415
0.2320279999999999 0.7415
2.65

IMD3d1
4
-2.0179799999999997 0.7135
5.33898 0.7135
5.33898 0.7315
-2.0179799999999997 0.7315
2.65

FOXA+FOXB+TOX
4
-2.0179799999999997 0.001
5.33898 0.001
5.33898 0.2665
-2.0179799999999997 0.2665
4.0

ILD1a
4
-2.0179799999999997 0.2665
5.33898 0.2665
5.33898 0.2765
-2.0179799999999997 0.2765
7.0

ILD1b1+ILD1b2+ILD1b3
4
-2.0179799999999997 0.2765
5.33898 0.2765
5.33898 0.3955
-2.0179799999999997 0.3955
4.0

IMD1a
4
-2.0179799999999997 0.3955
5.33898 0.3955
5.33898 0.4065
-2.0179799999999997 0.4065
5.2

IMD1b
4
-2.0179799999999997 0.4065
5.33898 0.4065
5.33898 0.4665
-2.0179799999999997 0.4665
2.8

IMD2a
4
-2.0179799999999997 0.4665
5.33898 0.4665
5.33898 0.4875
-2.0179799999999997 0.4875
5.2

IMD2b
4
-2.0179799999999997 0.4875
5.33898 0.4875
5.33898 0.5025
-2.0179799999999997 0.5025
4.2

IMD2c
4
-2.0179799999999997 0.5025
5.33898 0.5025
5.33898 0.5265
-2.0179799999999997 0.5265
3.28

IMD2d1+IMD2d2
4
-2.0179799999999997 0.5265
5.33898 0.5265
5.33898 0.6535
-2.0179799999999997 0.6535
2.65

IMD3a
4
-2.0179799999999997 0.6535
5.33898 0.6535
5.33898 0.6745
-2.0179799999999997 0.6745
5.2

IMD3b
4
-2.0179799999999997 0.6745
5.33898 0.6745
5.33898 0.6895
-2.0179799999999997 0.6895
4.2

IMD3c
4
-2.0179799999999997 0.6895
5.33898 0.6895
5.33898 0.7135
-2.0179799999999997 0.7135
3.28

IMD4a
4
-2.0179799999999997 0.8405
5.33898 0.8405
5.33898 0.8615
-2.0179799999999997 0.8615
5.2

IMD4b
4
-2.0179799999999997 0.8615
5.33898 0.8615
5.33898 0.8765
-2.0179799999999997 0.8765
4.2

IMD4c
4
-2.0179799999999997 0.8765
5.33898 0.8765
5.33898 0.9005
-2.0179799999999997 0.9005
3.28

IMD4d1+IMD4d2
4
-2.0179799999999997 0.9005
5.33898 0.9005
5.33898 1.0275
-2.0179799999999997 1.0275
2.65

IMD5a
4
-2.0179799999999997 1.0275
5.33898 1.0275
5.33898 1.0485
-2.0179799999999997 1.0485
5.2

IMD5b
4
-2.0179799999999997 1.0485
5.33898 1.0485
5.33898 1.0635
-2.0179799999999997 1.0635
4.2

IMD5c
4
-2.0179799999999997 1.0635
5.33898 1.0635
5.33898 1.0875
-2.0179799999999997 1.0875
3.28

IMD5d1+IMD5d2
4
-2.0179799999999997 1.0875
5.33898 1.0875
5.33898 1.2145
-2.0179799999999997 1.2145
2.65

IMD6a
4
-2.0179799999999997 1.2145
5.33898 1.2145
5.33898 1.2355
-2.0179799999999997 1.2355
5.2

IMD6b
4
-2.0179799999999997 1.2355
5.33898 1.2355
5.33898 1.2505
-2.0179799999999997 1.2505
4.2

IMD6c
4
-2.0179799999999997 1.2505
5.33898 1.2505
5.33898 1.2745
-2.0179799999999997 1.2745
3.28

IMD6d1+IMD6d2
4
-2.0179799999999997 1.2745
5.33898 1.2745
5.33898 1.4015
-2.0179799999999997 1.4015
2.65

IMD7a
4
-2.0179799999999997 1.4015
5.33898 1.4015
5.33898 1.4765
-2.0179799999999997 1.4765
5.2

IMD7b1+IMD7b2
4
-2.0179799999999997 1.4765
5.33898 1.4765
5.33898 2.9765
-2.0179799999999997 2.9765
4.2

IMD8a
4
-2.0179799999999997 2.9765
5.33898 2.9765
5.33898 3.0515
-2.0179799999999997 3.0515
5.2

IMD8b1+IMD8b2
4
-2.0179799999999997 3.0515
5.33898 3.0515
5.33898 4.5515
-2.0179799999999997 4.5515
4.2

PASS1
4
-2.0179799999999997 4.5515
5.33898 4.5515
5.33898 4.6265
-2.0179799999999997 4.6265
7.0

PASS2
4
-2.0179799999999997 4.6265
5.33898 4.6265
5.33898 5.0265
-2.0179799999999997 5.0265
4.2

PASS3
4
-2.0179799999999997 5.0265
5.33898 5.0265
5.33898 5.1015
-2.0179799999999997 5.1015
7.0

PASS4+PASS5
4
-2.0179799999999997 5.1015
5.33898 5.1015
5.33898 6.0515
-2.0179799999999997 6.0515
4.2

PASS6
4
-2.0179799999999997 6.0515
5.33898 6.0515
5.33898 6.6515
-2.0179799999999997 6.6515
7.0

air_Layer
4
-2.0179799999999997 6.6515
5.33898 6.6515
5.33898 6.9485
-2.0179799999999997 6.9485
1.0


4
-2.0179799999999997 0.001
5.33898 0.001
5.33898 6.9485
-2.0179799999999997 6.9485

