c1
4
-0.08701 0.7415
0.08701 0.7415
0.09299 0.8405
-0.09299 0.8405

3
botleft
4
-5.275980000000001 -0.001
0 -0.001
0 0.001
-5.275980000000001 0.001

botright
4
0 -0.001
5.62248 -0.001
5.62248 0.001
0 0.001

c2
4
0.47548999999999997 0.7415
0.5415099999999999 0.7415
0.5474899999999999 0.8405
0.46951 0.8405


47
IMD3d1_damage
4
-0.09642400000000001 0.7315
0.09642400000000001 0.7315
0.097028 0.7415
-0.097028 0.7415
3.1

IMD3d1_damage
4
0.466076 0.7315
0.5509239999999999 0.7315
0.5515279999999999 0.7415
0.465472 0.7415
3.1

IMD3d2_damage
4
-0.092019 0.7415
-0.08701 0.7415
-0.09299 0.8405
-0.097999 0.8405
2.9

IMD3d2_damage
4
0.08701 0.7415
0.092019 0.7415
0.097999 0.8405
0.09299 0.8405
2.9

IMD3d2_damage
4
0.470481 0.7415
0.47548999999999997 0.7415
0.46951 0.8405
0.464501 0.8405
2.9

IMD3d2_damage
4
0.5415099999999999 0.7415
0.546519 0.7415
0.552499 0.8405
0.5474899999999999 0.8405
2.9

IMD3d2
4
-5.275980000000001 0.7415
-0.092019 0.7415
-0.097999 0.8405
-5.275980000000001 0.8405
2.65

IMD3d2
4
0.092019 0.7415
0.470481 0.7415
0.464501 0.8405
0.097999 0.8405
2.65

IMD3d2
4
0.546519 0.7415
5.62248 0.7415
5.62248 0.8405
0.552499 0.8405
2.65

IMD3d1
4
-5.275980000000001 0.7315
-0.09642400000000001 0.7315
-0.097028 0.7415
-5.275980000000001 0.7415
2.65

IMD3d1
4
0.09642400000000001 0.7315
0.466076 0.7315
0.465472 0.7415
0.097028 0.7415
2.65

IMD3d1
4
0.5509239999999999 0.7315
5.62248 0.7315
5.62248 0.7415
0.5515279999999999 0.7415
2.65

IMD3d1
4
-5.275980000000001 0.7135
5.62248 0.7135
5.62248 0.7315
-5.275980000000001 0.7315
2.65

FOXA+FOXB+TOX
4
-5.275980000000001 0.001
5.62248 0.001
5.62248 0.2665
-5.275980000000001 0.2665
4.0

ILD1a
4
-5.275980000000001 0.2665
5.62248 0.2665
5.62248 0.2765
-5.275980000000001 0.2765
7.0

ILD1b1+ILD1b2+ILD1b3
4
-5.275980000000001 0.2765
5.62248 0.2765
5.62248 0.3955
-5.275980000000001 0.3955
4.0

IMD1a
4
-5.275980000000001 0.3955
5.62248 0.3955
5.62248 0.4065
-5.275980000000001 0.4065
5.2

IMD1b
4
-5.275980000000001 0.4065
5.62248 0.4065
5.62248 0.4665
-5.275980000000001 0.4665
2.8

IMD2a
4
-5.275980000000001 0.4665
5.62248 0.4665
5.62248 0.4875
-5.275980000000001 0.4875
5.2

IMD2b
4
-5.275980000000001 0.4875
5.62248 0.4875
5.62248 0.5025
-5.275980000000001 0.5025
4.2

IMD2c
4
-5.275980000000001 0.5025
5.62248 0.5025
5.62248 0.5265
-5.275980000000001 0.5265
3.28

IMD2d1+IMD2d2
4
-5.275980000000001 0.5265
5.62248 0.5265
5.62248 0.6535
-5.275980000000001 0.6535
2.65

IMD3a
4
-5.275980000000001 0.6535
5.62248 0.6535
5.62248 0.6745
-5.275980000000001 0.6745
5.2

IMD3b
4
-5.275980000000001 0.6745
5.62248 0.6745
5.62248 0.6895
-5.275980000000001 0.6895
4.2

IMD3c
4
-5.275980000000001 0.6895
5.62248 0.6895
5.62248 0.7135
-5.275980000000001 0.7135
3.28

IMD4a
4
-5.275980000000001 0.8405
5.62248 0.8405
5.62248 0.8615
-5.275980000000001 0.8615
5.2

IMD4b
4
-5.275980000000001 0.8615
5.62248 0.8615
5.62248 0.8765
-5.275980000000001 0.8765
4.2

IMD4c
4
-5.275980000000001 0.8765
5.62248 0.8765
5.62248 0.9005
-5.275980000000001 0.9005
3.28

IMD4d1+IMD4d2
4
-5.275980000000001 0.9005
5.62248 0.9005
5.62248 1.0275
-5.275980000000001 1.0275
2.65

IMD5a
4
-5.275980000000001 1.0275
5.62248 1.0275
5.62248 1.0485
-5.275980000000001 1.0485
5.2

IMD5b
4
-5.275980000000001 1.0485
5.62248 1.0485
5.62248 1.0635
-5.275980000000001 1.0635
4.2

IMD5c
4
-5.275980000000001 1.0635
5.62248 1.0635
5.62248 1.0875
-5.275980000000001 1.0875
3.28

IMD5d1+IMD5d2
4
-5.275980000000001 1.0875
5.62248 1.0875
5.62248 1.2145
-5.275980000000001 1.2145
2.65

IMD6a
4
-5.275980000000001 1.2145
5.62248 1.2145
5.62248 1.2355
-5.275980000000001 1.2355
5.2

IMD6b
4
-5.275980000000001 1.2355
5.62248 1.2355
5.62248 1.2505
-5.275980000000001 1.2505
4.2

IMD6c
4
-5.275980000000001 1.2505
5.62248 1.2505
5.62248 1.2745
-5.275980000000001 1.2745
3.28

IMD6d1+IMD6d2
4
-5.275980000000001 1.2745
5.62248 1.2745
5.62248 1.4015
-5.275980000000001 1.4015
2.65

IMD7a
4
-5.275980000000001 1.4015
5.62248 1.4015
5.62248 1.4765
-5.275980000000001 1.4765
5.2

IMD7b1+IMD7b2
4
-5.275980000000001 1.4765
5.62248 1.4765
5.62248 2.9765
-5.275980000000001 2.9765
4.2

IMD8a
4
-5.275980000000001 2.9765
5.62248 2.9765
5.62248 3.0515
-5.275980000000001 3.0515
5.2

IMD8b1+IMD8b2
4
-5.275980000000001 3.0515
5.62248 3.0515
5.62248 4.5515
-5.275980000000001 4.5515
4.2

PASS1
4
-5.275980000000001 4.5515
5.62248 4.5515
5.62248 4.6265
-5.275980000000001 4.6265
7.0

PASS2
4
-5.275980000000001 4.6265
5.62248 4.6265
5.62248 5.0265
-5.275980000000001 5.0265
4.2

PASS3
4
-5.275980000000001 5.0265
5.62248 5.0265
5.62248 5.1015
-5.275980000000001 5.1015
7.0

PASS4+PASS5
4
-5.275980000000001 5.1015
5.62248 5.1015
5.62248 6.0515
-5.275980000000001 6.0515
4.2

PASS6
4
-5.275980000000001 6.0515
5.62248 6.0515
5.62248 6.6515
-5.275980000000001 6.6515
7.0

air_Layer
4
-5.275980000000001 6.6515
5.62248 6.6515
5.62248 6.9485
-5.275980000000001 6.9485
1.0


4
-5.275980000000001 0.001
5.62248 0.001
5.62248 6.9485
-5.275980000000001 6.9485

