c1
4
-0.33292000000000005 0.37050000000000005
0.33291999999999994 0.37050000000000005
0.34207999999999994 0.4665
-0.34208000000000005 0.4665

3
botleft
4
-3.09666 -0.001
0 -0.001
0 0.001
-3.09666 0.001

botright
4
0 -0.001
5.88666 -0.001
5.88666 0.001
0 0.001

lEnv
4
-1.1879199999999999 0.37050000000000005
-0.52208 0.37050000000000005
-0.51292 0.4665
-1.19708 0.4665


42
IMD1b
4
-3.09666 0.40650000000000003
-1.191355 0.40650000000000003
-1.19708 0.4665
-3.09666 0.4665
2.8

IMD1b
4
-0.518645 0.40650000000000003
-0.33635500000000007 0.40650000000000003
-0.34208000000000005 0.4665
-0.51292 0.4665
2.8

IMD1b
4
0.33635499999999996 0.40650000000000003
5.88666 0.40650000000000003
5.88666 0.4665
0.34207999999999994 0.4665
2.8

IMD1a
4
-3.09666 0.3955
-1.1903054166666667 0.3955
-1.191355 0.40650000000000003
-3.09666 0.40650000000000003
5.2

IMD1a
4
-0.5196945833333334 0.3955
-0.33530541666666674 0.3955
-0.33635500000000007 0.40650000000000003
-0.518645 0.40650000000000003
5.2

IMD1a
4
0.33530541666666663 0.3955
5.88666 0.3955
5.88666 0.40650000000000003
0.33635499999999996 0.40650000000000003
5.2

ILD1b3
4
-3.09666 0.37050000000000005
-1.1879199999999999 0.37050000000000005
-1.1903054166666667 0.3955
-3.09666 0.3955
4

ILD1b3
4
-0.52208 0.37050000000000005
-0.33292000000000005 0.37050000000000005
-0.33530541666666674 0.3955
-0.5196945833333334 0.3955
4

ILD1b3
4
0.33291999999999994 0.37050000000000005
5.88666 0.37050000000000005
5.88666 0.3955
0.33530541666666663 0.3955
4

ILD1b1+ILD1b2
4
-3.09666 0.2765
5.88666 0.2765
5.88666 0.37050000000000005
-3.09666 0.37050000000000005
4

FOXA+FOXB+TOX
4
-3.09666 0.001
5.88666 0.001
5.88666 0.2665
-3.09666 0.2665
4.0

ILD1a
4
-3.09666 0.2665
5.88666 0.2665
5.88666 0.2765
-3.09666 0.2765
7.0

IMD2a
4
-3.09666 0.4665
5.88666 0.4665
5.88666 0.4875
-3.09666 0.4875
5.2

IMD2b
4
-3.09666 0.4875
5.88666 0.4875
5.88666 0.5025
-3.09666 0.5025
4.2

IMD2c
4
-3.09666 0.5025
5.88666 0.5025
5.88666 0.5265
-3.09666 0.5265
3.28

IMD2d1+IMD2d2
4
-3.09666 0.5265
5.88666 0.5265
5.88666 0.6535
-3.09666 0.6535
2.65

IMD3a
4
-3.09666 0.6535
5.88666 0.6535
5.88666 0.6745
-3.09666 0.6745
5.2

IMD3b
4
-3.09666 0.6745
5.88666 0.6745
5.88666 0.6895
-3.09666 0.6895
4.2

IMD3c
4
-3.09666 0.6895
5.88666 0.6895
5.88666 0.7135
-3.09666 0.7135
3.28

IMD3d1+IMD3d2
4
-3.09666 0.7135
5.88666 0.7135
5.88666 0.8405
-3.09666 0.8405
2.65

IMD4a
4
-3.09666 0.8405
5.88666 0.8405
5.88666 0.8615
-3.09666 0.8615
5.2

IMD4b
4
-3.09666 0.8615
5.88666 0.8615
5.88666 0.8765
-3.09666 0.8765
4.2

IMD4c
4
-3.09666 0.8765
5.88666 0.8765
5.88666 0.9005
-3.09666 0.9005
3.28

IMD4d1+IMD4d2
4
-3.09666 0.9005
5.88666 0.9005
5.88666 1.0275
-3.09666 1.0275
2.65

IMD5a
4
-3.09666 1.0275
5.88666 1.0275
5.88666 1.0485
-3.09666 1.0485
5.2

IMD5b
4
-3.09666 1.0485
5.88666 1.0485
5.88666 1.0635
-3.09666 1.0635
4.2

IMD5c
4
-3.09666 1.0635
5.88666 1.0635
5.88666 1.0875
-3.09666 1.0875
3.28

IMD5d1+IMD5d2
4
-3.09666 1.0875
5.88666 1.0875
5.88666 1.2145
-3.09666 1.2145
2.65

IMD6a
4
-3.09666 1.2145
5.88666 1.2145
5.88666 1.2355
-3.09666 1.2355
5.2

IMD6b
4
-3.09666 1.2355
5.88666 1.2355
5.88666 1.2505
-3.09666 1.2505
4.2

IMD6c
4
-3.09666 1.2505
5.88666 1.2505
5.88666 1.2745
-3.09666 1.2745
3.28

IMD6d1+IMD6d2
4
-3.09666 1.2745
5.88666 1.2745
5.88666 1.4015
-3.09666 1.4015
2.65

IMD7a
4
-3.09666 1.4015
5.88666 1.4015
5.88666 1.4765
-3.09666 1.4765
5.2

IMD7b1+IMD7b2
4
-3.09666 1.4765
5.88666 1.4765
5.88666 2.9765
-3.09666 2.9765
4.2

IMD8a
4
-3.09666 2.9765
5.88666 2.9765
5.88666 3.0515
-3.09666 3.0515
5.2

IMD8b1+IMD8b2
4
-3.09666 3.0515
5.88666 3.0515
5.88666 4.5515
-3.09666 4.5515
4.2

PASS1
4
-3.09666 4.5515
5.88666 4.5515
5.88666 4.6265
-3.09666 4.6265
7.0

PASS2
4
-3.09666 4.6265
5.88666 4.6265
5.88666 5.0265
-3.09666 5.0265
4.2

PASS3
4
-3.09666 5.0265
5.88666 5.0265
5.88666 5.1015
-3.09666 5.1015
7.0

PASS4+PASS5
4
-3.09666 5.1015
5.88666 5.1015
5.88666 6.0515
-3.09666 6.0515
4.2

PASS6
4
-3.09666 6.0515
5.88666 6.0515
5.88666 6.6515
-3.09666 6.6515
7.0

air_Layer
4
-3.09666 6.6515
5.88666 6.6515
5.88666 6.9485
-3.09666 6.9485
1.0


4
-3.09666 0.001
5.88666 0.001
5.88666 6.9485
-3.09666 6.9485

