c1
4
-0.15450999999999995 1.1155
0.15451 1.1155
0.16049000000000002 1.2145
-0.16048999999999997 1.2145

5
botleft
4
-1.0625 -0.001
0 -0.001
0 0.001
-1.0625 0.001

botright
4
0 -0.001
2.0974999999999997 -0.001
2.0974999999999997 0.001
0 0.001

lEnv
4
-0.55951 1.1155
-0.25048999999999993 1.1155
-0.24450999999999995 1.2145
-0.5654899999999999 1.2145

c2
4
0.88049 1.1155
1.1895099999999998 1.1155
1.19549 1.2145
0.87451 1.2145

rEnv
4
1.2854900000000002 1.1155
1.5945099999999996 1.1155
1.6004899999999997 1.2145
1.2795100000000001 1.2145


57
IMD5d1_damage
4
-0.5689239999999999 1.1055
-0.24107599999999996 1.1055
-0.24047199999999996 1.1155
-0.5695279999999999 1.1155
3.1

IMD5d1_damage
4
-0.16392399999999996 1.1055
0.16392400000000001 1.1055
0.164528 1.1155
-0.16452799999999995 1.1155
3.1

IMD5d1_damage
4
0.8710760000000001 1.1055
1.1989239999999999 1.1055
1.199528 1.1155
0.870472 1.1155
3.1

IMD5d1_damage
4
1.2760760000000002 1.1055
1.6039239999999997 1.1055
1.6045279999999997 1.1155
1.2754720000000002 1.1155
3.1

IMD5d2_damage
4
-0.564519 1.1155
-0.55951 1.1155
-0.5654899999999999 1.2145
-0.570499 1.2145
2.9

IMD5d2_damage
4
-0.25048999999999993 1.1155
-0.24548099999999992 1.1155
-0.23950099999999994 1.2145
-0.24450999999999995 1.2145
2.9

IMD5d2_damage
4
-0.15951899999999997 1.1155
-0.15450999999999995 1.1155
-0.16048999999999997 1.2145
-0.16549899999999998 1.2145
2.9

IMD5d2_damage
4
0.15451 1.1155
0.15951900000000002 1.1155
0.16549900000000003 1.2145
0.16049000000000002 1.2145
2.9

IMD5d2_damage
4
0.875481 1.1155
0.88049 1.1155
0.87451 1.2145
0.869501 1.2145
2.9

IMD5d2_damage
4
1.1895099999999998 1.1155
1.1945189999999999 1.1155
1.200499 1.2145
1.19549 1.2145
2.9

IMD5d2_damage
4
1.2804810000000002 1.1155
1.2854900000000002 1.1155
1.2795100000000001 1.2145
1.274501 1.2145
2.9

IMD5d2_damage
4
1.5945099999999996 1.1155
1.5995189999999997 1.1155
1.6054989999999998 1.2145
1.6004899999999997 1.2145
2.9

IMD5d2
4
-1.0625 1.1155
-0.564519 1.1155
-0.570499 1.2145
-1.0625 1.2145
2.65

IMD5d2
4
-0.24548099999999992 1.1155
-0.15951899999999997 1.1155
-0.16549899999999998 1.2145
-0.23950099999999994 1.2145
2.65

IMD5d2
4
0.15951900000000002 1.1155
0.875481 1.1155
0.869501 1.2145
0.16549900000000003 1.2145
2.65

IMD5d2
4
1.1945189999999999 1.1155
1.2804810000000002 1.1155
1.274501 1.2145
1.200499 1.2145
2.65

IMD5d2
4
1.5995189999999997 1.1155
2.0974999999999997 1.1155
2.0974999999999997 1.2145
1.6054989999999998 1.2145
2.65

IMD5d1
4
-1.0625 1.1055
-0.5689239999999999 1.1055
-0.5695279999999999 1.1155
-1.0625 1.1155
2.65

IMD5d1
4
-0.24107599999999996 1.1055
-0.16392399999999996 1.1055
-0.16452799999999995 1.1155
-0.24047199999999996 1.1155
2.65

IMD5d1
4
0.16392400000000001 1.1055
0.8710760000000001 1.1055
0.870472 1.1155
0.164528 1.1155
2.65

IMD5d1
4
1.1989239999999999 1.1055
1.2760760000000002 1.1055
1.2754720000000002 1.1155
1.199528 1.1155
2.65

IMD5d1
4
1.6039239999999997 1.1055
2.0974999999999997 1.1055
2.0974999999999997 1.1155
1.6045279999999997 1.1155
2.65

IMD5d1
4
-1.0625 1.0875
2.0974999999999997 1.0875
2.0974999999999997 1.1055
-1.0625 1.1055
2.65

FOXA+FOXB+TOX
4
-1.0625 0.001
2.0974999999999997 0.001
2.0974999999999997 0.2665
-1.0625 0.2665
4.0

ILD1a
4
-1.0625 0.2665
2.0974999999999997 0.2665
2.0974999999999997 0.2765
-1.0625 0.2765
7.0

ILD1b1+ILD1b2+ILD1b3
4
-1.0625 0.2765
2.0974999999999997 0.2765
2.0974999999999997 0.3955
-1.0625 0.3955
4.0

IMD1a
4
-1.0625 0.3955
2.0974999999999997 0.3955
2.0974999999999997 0.4065
-1.0625 0.4065
5.2

IMD1b
4
-1.0625 0.4065
2.0974999999999997 0.4065
2.0974999999999997 0.4665
-1.0625 0.4665
2.8

IMD2a
4
-1.0625 0.4665
2.0974999999999997 0.4665
2.0974999999999997 0.4875
-1.0625 0.4875
5.2

IMD2b
4
-1.0625 0.4875
2.0974999999999997 0.4875
2.0974999999999997 0.5025
-1.0625 0.5025
4.2

IMD2c
4
-1.0625 0.5025
2.0974999999999997 0.5025
2.0974999999999997 0.5265
-1.0625 0.5265
3.28

IMD2d1+IMD2d2
4
-1.0625 0.5265
2.0974999999999997 0.5265
2.0974999999999997 0.6535
-1.0625 0.6535
2.65

IMD3a
4
-1.0625 0.6535
2.0974999999999997 0.6535
2.0974999999999997 0.6745
-1.0625 0.6745
5.2

IMD3b
4
-1.0625 0.6745
2.0974999999999997 0.6745
2.0974999999999997 0.6895
-1.0625 0.6895
4.2

IMD3c
4
-1.0625 0.6895
2.0974999999999997 0.6895
2.0974999999999997 0.7135
-1.0625 0.7135
3.28

IMD3d1+IMD3d2
4
-1.0625 0.7135
2.0974999999999997 0.7135
2.0974999999999997 0.8405
-1.0625 0.8405
2.65

IMD4a
4
-1.0625 0.8405
2.0974999999999997 0.8405
2.0974999999999997 0.8615
-1.0625 0.8615
5.2

IMD4b
4
-1.0625 0.8615
2.0974999999999997 0.8615
2.0974999999999997 0.8765
-1.0625 0.8765
4.2

IMD4c
4
-1.0625 0.8765
2.0974999999999997 0.8765
2.0974999999999997 0.9005
-1.0625 0.9005
3.28

IMD4d1+IMD4d2
4
-1.0625 0.9005
2.0974999999999997 0.9005
2.0974999999999997 1.0275
-1.0625 1.0275
2.65

IMD5a
4
-1.0625 1.0275
2.0974999999999997 1.0275
2.0974999999999997 1.0485
-1.0625 1.0485
5.2

IMD5b
4
-1.0625 1.0485
2.0974999999999997 1.0485
2.0974999999999997 1.0635
-1.0625 1.0635
4.2

IMD5c
4
-1.0625 1.0635
2.0974999999999997 1.0635
2.0974999999999997 1.0875
-1.0625 1.0875
3.28

IMD6a
4
-1.0625 1.2145
2.0974999999999997 1.2145
2.0974999999999997 1.2355
-1.0625 1.2355
5.2

IMD6b
4
-1.0625 1.2355
2.0974999999999997 1.2355
2.0974999999999997 1.2505
-1.0625 1.2505
4.2

IMD6c
4
-1.0625 1.2505
2.0974999999999997 1.2505
2.0974999999999997 1.2745
-1.0625 1.2745
3.28

IMD6d1+IMD6d2
4
-1.0625 1.2745
2.0974999999999997 1.2745
2.0974999999999997 1.4015
-1.0625 1.4015
2.65

IMD7a
4
-1.0625 1.4015
2.0974999999999997 1.4015
2.0974999999999997 1.4765
-1.0625 1.4765
5.2

IMD7b1+IMD7b2
4
-1.0625 1.4765
2.0974999999999997 1.4765
2.0974999999999997 2.9765
-1.0625 2.9765
4.2

IMD8a
4
-1.0625 2.9765
2.0974999999999997 2.9765
2.0974999999999997 3.0515
-1.0625 3.0515
5.2

IMD8b1+IMD8b2
4
-1.0625 3.0515
2.0974999999999997 3.0515
2.0974999999999997 4.5515
-1.0625 4.5515
4.2

PASS1
4
-1.0625 4.5515
2.0974999999999997 4.5515
2.0974999999999997 4.6265
-1.0625 4.6265
7.0

PASS2
4
-1.0625 4.6265
2.0974999999999997 4.6265
2.0974999999999997 5.0265
-1.0625 5.0265
4.2

PASS3
4
-1.0625 5.0265
2.0974999999999997 5.0265
2.0974999999999997 5.1015
-1.0625 5.1015
7.0

PASS4+PASS5
4
-1.0625 5.1015
2.0974999999999997 5.1015
2.0974999999999997 6.0515
-1.0625 6.0515
4.2

PASS6
4
-1.0625 6.0515
2.0974999999999997 6.0515
2.0974999999999997 6.6515
-1.0625 6.6515
7.0

air_Layer
4
-1.0625 6.6515
2.0974999999999997 6.6515
2.0974999999999997 6.9485
-1.0625 6.9485
1.0


4
-1.0625 0.001
2.0974999999999997 0.001
2.0974999999999997 6.9485
-1.0625 6.9485

