c1
4
-0.22200999999999996 0.5545
0.22200999999999996 0.5545
0.22798999999999997 0.6535
-0.22798999999999997 0.6535

3
botleft
4
-5.680980000000001 -0.001
0 -0.001
0 0.001
-5.680980000000001 0.001

botright
4
0 -0.001
6.963480000000001 -0.001
6.963480000000001 0.001
0 0.001

c2
4
0.6104900000000001 0.5545
1.27951 0.5545
1.28549 0.6535
0.6045100000000001 0.6535


47
IMD2d1_damage
4
-0.23142399999999996 0.5445
0.23142399999999996 0.5445
0.23202799999999996 0.5545
-0.23202799999999996 0.5545
3.1

IMD2d1_damage
4
0.6010760000000002 0.5445
1.288924 0.5445
1.289528 0.5545
0.6004720000000001 0.5545
3.1

IMD2d2_damage
4
-0.22701899999999997 0.5545
-0.22200999999999996 0.5545
-0.22798999999999997 0.6535
-0.23299899999999998 0.6535
2.9

IMD2d2_damage
4
0.22200999999999996 0.5545
0.22701899999999997 0.5545
0.23299899999999998 0.6535
0.22798999999999997 0.6535
2.9

IMD2d2_damage
4
0.605481 0.5545
0.6104900000000001 0.5545
0.6045100000000001 0.6535
0.5995010000000001 0.6535
2.9

IMD2d2_damage
4
1.27951 0.5545
1.284519 0.5545
1.290499 0.6535
1.28549 0.6535
2.9

IMD2d2
4
-5.680980000000001 0.5545
-0.22701899999999997 0.5545
-0.23299899999999998 0.6535
-5.680980000000001 0.6535
2.65

IMD2d2
4
0.22701899999999997 0.5545
0.605481 0.5545
0.5995010000000001 0.6535
0.23299899999999998 0.6535
2.65

IMD2d2
4
1.284519 0.5545
6.963480000000001 0.5545
6.963480000000001 0.6535
1.290499 0.6535
2.65

IMD2d1
4
-5.680980000000001 0.5445
-0.23142399999999996 0.5445
-0.23202799999999996 0.5545
-5.680980000000001 0.5545
2.65

IMD2d1
4
0.23142399999999996 0.5445
0.6010760000000002 0.5445
0.6004720000000001 0.5545
0.23202799999999996 0.5545
2.65

IMD2d1
4
1.288924 0.5445
6.963480000000001 0.5445
6.963480000000001 0.5545
1.289528 0.5545
2.65

IMD2d1
4
-5.680980000000001 0.5265
6.963480000000001 0.5265
6.963480000000001 0.5445
-5.680980000000001 0.5445
2.65

FOXA+FOXB+TOX
4
-5.680980000000001 0.001
6.963480000000001 0.001
6.963480000000001 0.2665
-5.680980000000001 0.2665
4.0

ILD1a
4
-5.680980000000001 0.2665
6.963480000000001 0.2665
6.963480000000001 0.2765
-5.680980000000001 0.2765
7.0

ILD1b1+ILD1b2+ILD1b3
4
-5.680980000000001 0.2765
6.963480000000001 0.2765
6.963480000000001 0.3955
-5.680980000000001 0.3955
4.0

IMD1a
4
-5.680980000000001 0.3955
6.963480000000001 0.3955
6.963480000000001 0.4065
-5.680980000000001 0.4065
5.2

IMD1b
4
-5.680980000000001 0.4065
6.963480000000001 0.4065
6.963480000000001 0.4665
-5.680980000000001 0.4665
2.8

IMD2a
4
-5.680980000000001 0.4665
6.963480000000001 0.4665
6.963480000000001 0.4875
-5.680980000000001 0.4875
5.2

IMD2b
4
-5.680980000000001 0.4875
6.963480000000001 0.4875
6.963480000000001 0.5025
-5.680980000000001 0.5025
4.2

IMD2c
4
-5.680980000000001 0.5025
6.963480000000001 0.5025
6.963480000000001 0.5265
-5.680980000000001 0.5265
3.28

IMD3a
4
-5.680980000000001 0.6535
6.963480000000001 0.6535
6.963480000000001 0.6745
-5.680980000000001 0.6745
5.2

IMD3b
4
-5.680980000000001 0.6745
6.963480000000001 0.6745
6.963480000000001 0.6895
-5.680980000000001 0.6895
4.2

IMD3c
4
-5.680980000000001 0.6895
6.963480000000001 0.6895
6.963480000000001 0.7135
-5.680980000000001 0.7135
3.28

IMD3d1+IMD3d2
4
-5.680980000000001 0.7135
6.963480000000001 0.7135
6.963480000000001 0.8405
-5.680980000000001 0.8405
2.65

IMD4a
4
-5.680980000000001 0.8405
6.963480000000001 0.8405
6.963480000000001 0.8615
-5.680980000000001 0.8615
5.2

IMD4b
4
-5.680980000000001 0.8615
6.963480000000001 0.8615
6.963480000000001 0.8765
-5.680980000000001 0.8765
4.2

IMD4c
4
-5.680980000000001 0.8765
6.963480000000001 0.8765
6.963480000000001 0.9005
-5.680980000000001 0.9005
3.28

IMD4d1+IMD4d2
4
-5.680980000000001 0.9005
6.963480000000001 0.9005
6.963480000000001 1.0275
-5.680980000000001 1.0275
2.65

IMD5a
4
-5.680980000000001 1.0275
6.963480000000001 1.0275
6.963480000000001 1.0485
-5.680980000000001 1.0485
5.2

IMD5b
4
-5.680980000000001 1.0485
6.963480000000001 1.0485
6.963480000000001 1.0635
-5.680980000000001 1.0635
4.2

IMD5c
4
-5.680980000000001 1.0635
6.963480000000001 1.0635
6.963480000000001 1.0875
-5.680980000000001 1.0875
3.28

IMD5d1+IMD5d2
4
-5.680980000000001 1.0875
6.963480000000001 1.0875
6.963480000000001 1.2145
-5.680980000000001 1.2145
2.65

IMD6a
4
-5.680980000000001 1.2145
6.963480000000001 1.2145
6.963480000000001 1.2355
-5.680980000000001 1.2355
5.2

IMD6b
4
-5.680980000000001 1.2355
6.963480000000001 1.2355
6.963480000000001 1.2505
-5.680980000000001 1.2505
4.2

IMD6c
4
-5.680980000000001 1.2505
6.963480000000001 1.2505
6.963480000000001 1.2745
-5.680980000000001 1.2745
3.28

IMD6d1+IMD6d2
4
-5.680980000000001 1.2745
6.963480000000001 1.2745
6.963480000000001 1.4015
-5.680980000000001 1.4015
2.65

IMD7a
4
-5.680980000000001 1.4015
6.963480000000001 1.4015
6.963480000000001 1.4765
-5.680980000000001 1.4765
5.2

IMD7b1+IMD7b2
4
-5.680980000000001 1.4765
6.963480000000001 1.4765
6.963480000000001 2.9765
-5.680980000000001 2.9765
4.2

IMD8a
4
-5.680980000000001 2.9765
6.963480000000001 2.9765
6.963480000000001 3.0515
-5.680980000000001 3.0515
5.2

IMD8b1+IMD8b2
4
-5.680980000000001 3.0515
6.963480000000001 3.0515
6.963480000000001 4.5515
-5.680980000000001 4.5515
4.2

PASS1
4
-5.680980000000001 4.5515
6.963480000000001 4.5515
6.963480000000001 4.6265
-5.680980000000001 4.6265
7.0

PASS2
4
-5.680980000000001 4.6265
6.963480000000001 4.6265
6.963480000000001 5.0265
-5.680980000000001 5.0265
4.2

PASS3
4
-5.680980000000001 5.0265
6.963480000000001 5.0265
6.963480000000001 5.1015
-5.680980000000001 5.1015
7.0

PASS4+PASS5
4
-5.680980000000001 5.1015
6.963480000000001 5.1015
6.963480000000001 6.0515
-5.680980000000001 6.0515
4.2

PASS6
4
-5.680980000000001 6.0515
6.963480000000001 6.0515
6.963480000000001 6.6515
-5.680980000000001 6.6515
7.0

air_Layer
4
-5.680980000000001 6.6515
6.963480000000001 6.6515
6.963480000000001 6.9485
-5.680980000000001 6.9485
1.0


4
-5.680980000000001 0.001
6.963480000000001 0.001
6.963480000000001 6.9485
-5.680980000000001 6.9485

