c1
4
-0.031420000000000003 0.37050000000000005
0.031420000000000003 0.37050000000000005
0.040580000000000005 0.4665
-0.040580000000000005 0.4665

5
botleft
4
-0.788 -0.001
0 -0.001
0 0.001
-0.788 0.001

botright
4
0 -0.001
2.786 -0.001
2.786 0.001
0 0.001

lEnv
4
-0.28342 0.37050000000000005
-0.22058 0.37050000000000005
-0.21142 0.4665
-0.29258 0.4665

c2
4
0.7605799999999999 0.37050000000000005
1.4264199999999998 0.37050000000000005
1.4355799999999999 0.4665
0.75142 0.4665

rEnv
4
1.61558 0.37050000000000005
2.28142 0.37050000000000005
2.29058 0.4665
1.60642 0.4665


48
IMD1b
4
-0.788 0.40650000000000003
-0.286855 0.40650000000000003
-0.29258 0.4665
-0.788 0.4665
2.8

IMD1b
4
-0.217145 0.40650000000000003
-0.034855000000000004 0.40650000000000003
-0.040580000000000005 0.4665
-0.21142 0.4665
2.8

IMD1b
4
0.034855000000000004 0.40650000000000003
0.757145 0.40650000000000003
0.75142 0.4665
0.040580000000000005 0.4665
2.8

IMD1b
4
1.4298549999999999 0.40650000000000003
1.612145 0.40650000000000003
1.60642 0.4665
1.4355799999999999 0.4665
2.8

IMD1b
4
2.284855 0.40650000000000003
2.786 0.40650000000000003
2.786 0.4665
2.29058 0.4665
2.8

IMD1a
4
-0.788 0.3955
-0.2858054166666667 0.3955
-0.286855 0.40650000000000003
-0.788 0.40650000000000003
5.2

IMD1a
4
-0.21819458333333333 0.3955
-0.03380541666666667 0.3955
-0.034855000000000004 0.40650000000000003
-0.217145 0.40650000000000003
5.2

IMD1a
4
0.03380541666666667 0.3955
0.7581945833333333 0.3955
0.757145 0.40650000000000003
0.034855000000000004 0.40650000000000003
5.2

IMD1a
4
1.4288054166666666 0.3955
1.6131945833333332 0.3955
1.612145 0.40650000000000003
1.4298549999999999 0.40650000000000003
5.2

IMD1a
4
2.2838054166666666 0.3955
2.786 0.3955
2.786 0.40650000000000003
2.284855 0.40650000000000003
5.2

ILD1b3
4
-0.788 0.37050000000000005
-0.28342 0.37050000000000005
-0.2858054166666667 0.3955
-0.788 0.3955
4

ILD1b3
4
-0.22058 0.37050000000000005
-0.031420000000000003 0.37050000000000005
-0.03380541666666667 0.3955
-0.21819458333333333 0.3955
4

ILD1b3
4
0.031420000000000003 0.37050000000000005
0.7605799999999999 0.37050000000000005
0.7581945833333333 0.3955
0.03380541666666667 0.3955
4

ILD1b3
4
1.4264199999999998 0.37050000000000005
1.61558 0.37050000000000005
1.6131945833333332 0.3955
1.4288054166666666 0.3955
4

ILD1b3
4
2.28142 0.37050000000000005
2.786 0.37050000000000005
2.786 0.3955
2.2838054166666666 0.3955
4

ILD1b1+ILD1b2
4
-0.788 0.2765
2.786 0.2765
2.786 0.37050000000000005
-0.788 0.37050000000000005
4

FOXA+FOXB+TOX
4
-0.788 0.001
2.786 0.001
2.786 0.2665
-0.788 0.2665
4.0

ILD1a
4
-0.788 0.2665
2.786 0.2665
2.786 0.2765
-0.788 0.2765
7.0

IMD2a
4
-0.788 0.4665
2.786 0.4665
2.786 0.4875
-0.788 0.4875
5.2

IMD2b
4
-0.788 0.4875
2.786 0.4875
2.786 0.5025
-0.788 0.5025
4.2

IMD2c
4
-0.788 0.5025
2.786 0.5025
2.786 0.5265
-0.788 0.5265
3.28

IMD2d1+IMD2d2
4
-0.788 0.5265
2.786 0.5265
2.786 0.6535
-0.788 0.6535
2.65

IMD3a
4
-0.788 0.6535
2.786 0.6535
2.786 0.6745
-0.788 0.6745
5.2

IMD3b
4
-0.788 0.6745
2.786 0.6745
2.786 0.6895
-0.788 0.6895
4.2

IMD3c
4
-0.788 0.6895
2.786 0.6895
2.786 0.7135
-0.788 0.7135
3.28

IMD3d1+IMD3d2
4
-0.788 0.7135
2.786 0.7135
2.786 0.8405
-0.788 0.8405
2.65

IMD4a
4
-0.788 0.8405
2.786 0.8405
2.786 0.8615
-0.788 0.8615
5.2

IMD4b
4
-0.788 0.8615
2.786 0.8615
2.786 0.8765
-0.788 0.8765
4.2

IMD4c
4
-0.788 0.8765
2.786 0.8765
2.786 0.9005
-0.788 0.9005
3.28

IMD4d1+IMD4d2
4
-0.788 0.9005
2.786 0.9005
2.786 1.0275
-0.788 1.0275
2.65

IMD5a
4
-0.788 1.0275
2.786 1.0275
2.786 1.0485
-0.788 1.0485
5.2

IMD5b
4
-0.788 1.0485
2.786 1.0485
2.786 1.0635
-0.788 1.0635
4.2

IMD5c
4
-0.788 1.0635
2.786 1.0635
2.786 1.0875
-0.788 1.0875
3.28

IMD5d1+IMD5d2
4
-0.788 1.0875
2.786 1.0875
2.786 1.2145
-0.788 1.2145
2.65

IMD6a
4
-0.788 1.2145
2.786 1.2145
2.786 1.2355
-0.788 1.2355
5.2

IMD6b
4
-0.788 1.2355
2.786 1.2355
2.786 1.2505
-0.788 1.2505
4.2

IMD6c
4
-0.788 1.2505
2.786 1.2505
2.786 1.2745
-0.788 1.2745
3.28

IMD6d1+IMD6d2
4
-0.788 1.2745
2.786 1.2745
2.786 1.4015
-0.788 1.4015
2.65

IMD7a
4
-0.788 1.4015
2.786 1.4015
2.786 1.4765
-0.788 1.4765
5.2

IMD7b1+IMD7b2
4
-0.788 1.4765
2.786 1.4765
2.786 2.9765
-0.788 2.9765
4.2

IMD8a
4
-0.788 2.9765
2.786 2.9765
2.786 3.0515
-0.788 3.0515
5.2

IMD8b1+IMD8b2
4
-0.788 3.0515
2.786 3.0515
2.786 4.5515
-0.788 4.5515
4.2

PASS1
4
-0.788 4.5515
2.786 4.5515
2.786 4.6265
-0.788 4.6265
7.0

PASS2
4
-0.788 4.6265
2.786 4.6265
2.786 5.0265
-0.788 5.0265
4.2

PASS3
4
-0.788 5.0265
2.786 5.0265
2.786 5.1015
-0.788 5.1015
7.0

PASS4+PASS5
4
-0.788 5.1015
2.786 5.1015
2.786 6.0515
-0.788 6.0515
4.2

PASS6
4
-0.788 6.0515
2.786 6.0515
2.786 6.6515
-0.788 6.6515
7.0

air_Layer
4
-0.788 6.6515
2.786 6.6515
2.786 6.9485
-0.788 6.9485
1.0


4
-0.788 0.001
2.786 0.001
2.786 6.9485
-0.788 6.9485

