c1
4
-0.03300999999999997 1.3025
0.033010000000000025 1.3025
0.038990000000000025 1.4015
-0.03898999999999997 1.4015

5
botleft
4
-0.788 -0.001
0 -0.001
0 0.001
-0.788 0.001

botright
4
0 -0.001
1.7285000000000004 -0.001
1.7285000000000004 0.001
0 0.001

lEnv
4
-0.28501 1.3025
-0.21899 1.3025
-0.21300999999999998 1.4015
-0.29098999999999997 1.4015

c2
4
0.42149000000000003 1.3025
0.73051 1.3025
0.73649 1.4015
0.41551000000000005 1.4015

rEnv
4
0.91649 1.3025
1.2255099999999999 1.3025
1.23149 1.4015
0.91051 1.4015


57
IMD6d1_damage
4
-0.29442399999999996 1.2925
-0.20957599999999998 1.2925
-0.208972 1.3025
-0.29502799999999996 1.3025
3.1

IMD6d1_damage
4
-0.04242399999999997 1.2925
0.042424000000000024 1.2925
0.043028000000000025 1.3025
-0.04302799999999997 1.3025
3.1

IMD6d1_damage
4
0.41207600000000005 1.2925
0.7399239999999999 1.2925
0.740528 1.3025
0.41147200000000006 1.3025
3.1

IMD6d1_damage
4
0.9070760000000001 1.2925
1.234924 1.2925
1.235528 1.3025
0.906472 1.3025
3.1

IMD6d2_damage
4
-0.29001899999999997 1.3025
-0.28501 1.3025
-0.29098999999999997 1.4015
-0.29599899999999996 1.4015
2.9

IMD6d2_damage
4
-0.21899 1.3025
-0.21398099999999998 1.3025
-0.20800099999999996 1.4015
-0.21300999999999998 1.4015
2.9

IMD6d2_damage
4
-0.03801899999999997 1.3025
-0.03300999999999997 1.3025
-0.03898999999999997 1.4015
-0.04399899999999997 1.4015
2.9

IMD6d2_damage
4
0.033010000000000025 1.3025
0.038019000000000025 1.3025
0.043999000000000024 1.4015
0.038990000000000025 1.4015
2.9

IMD6d2_damage
4
0.41648100000000005 1.3025
0.42149000000000003 1.3025
0.41551000000000005 1.4015
0.41050100000000006 1.4015
2.9

IMD6d2_damage
4
0.73051 1.3025
0.735519 1.3025
0.741499 1.4015
0.73649 1.4015
2.9

IMD6d2_damage
4
0.911481 1.3025
0.91649 1.3025
0.91051 1.4015
0.905501 1.4015
2.9

IMD6d2_damage
4
1.2255099999999999 1.3025
1.230519 1.3025
1.236499 1.4015
1.23149 1.4015
2.9

IMD6d2
4
-0.788 1.3025
-0.29001899999999997 1.3025
-0.29599899999999996 1.4015
-0.788 1.4015
2.65

IMD6d2
4
-0.21398099999999998 1.3025
-0.03801899999999997 1.3025
-0.04399899999999997 1.4015
-0.20800099999999996 1.4015
2.65

IMD6d2
4
0.038019000000000025 1.3025
0.41648100000000005 1.3025
0.41050100000000006 1.4015
0.043999000000000024 1.4015
2.65

IMD6d2
4
0.735519 1.3025
0.911481 1.3025
0.905501 1.4015
0.741499 1.4015
2.65

IMD6d2
4
1.230519 1.3025
1.7285000000000004 1.3025
1.7285000000000004 1.4015
1.236499 1.4015
2.65

IMD6d1
4
-0.788 1.2925
-0.29442399999999996 1.2925
-0.29502799999999996 1.3025
-0.788 1.3025
2.65

IMD6d1
4
-0.20957599999999998 1.2925
-0.04242399999999997 1.2925
-0.04302799999999997 1.3025
-0.208972 1.3025
2.65

IMD6d1
4
0.042424000000000024 1.2925
0.41207600000000005 1.2925
0.41147200000000006 1.3025
0.043028000000000025 1.3025
2.65

IMD6d1
4
0.7399239999999999 1.2925
0.9070760000000001 1.2925
0.906472 1.3025
0.740528 1.3025
2.65

IMD6d1
4
1.234924 1.2925
1.7285000000000004 1.2925
1.7285000000000004 1.3025
1.235528 1.3025
2.65

IMD6d1
4
-0.788 1.2745
1.7285000000000004 1.2745
1.7285000000000004 1.2925
-0.788 1.2925
2.65

FOXA+FOXB+TOX
4
-0.788 0.001
1.7285000000000004 0.001
1.7285000000000004 0.2665
-0.788 0.2665
4.0

ILD1a
4
-0.788 0.2665
1.7285000000000004 0.2665
1.7285000000000004 0.2765
-0.788 0.2765
7.0

ILD1b1+ILD1b2+ILD1b3
4
-0.788 0.2765
1.7285000000000004 0.2765
1.7285000000000004 0.3955
-0.788 0.3955
4.0

IMD1a
4
-0.788 0.3955
1.7285000000000004 0.3955
1.7285000000000004 0.4065
-0.788 0.4065
5.2

IMD1b
4
-0.788 0.4065
1.7285000000000004 0.4065
1.7285000000000004 0.4665
-0.788 0.4665
2.8

IMD2a
4
-0.788 0.4665
1.7285000000000004 0.4665
1.7285000000000004 0.4875
-0.788 0.4875
5.2

IMD2b
4
-0.788 0.4875
1.7285000000000004 0.4875
1.7285000000000004 0.5025
-0.788 0.5025
4.2

IMD2c
4
-0.788 0.5025
1.7285000000000004 0.5025
1.7285000000000004 0.5265
-0.788 0.5265
3.28

IMD2d1+IMD2d2
4
-0.788 0.5265
1.7285000000000004 0.5265
1.7285000000000004 0.6535
-0.788 0.6535
2.65

IMD3a
4
-0.788 0.6535
1.7285000000000004 0.6535
1.7285000000000004 0.6745
-0.788 0.6745
5.2

IMD3b
4
-0.788 0.6745
1.7285000000000004 0.6745
1.7285000000000004 0.6895
-0.788 0.6895
4.2

IMD3c
4
-0.788 0.6895
1.7285000000000004 0.6895
1.7285000000000004 0.7135
-0.788 0.7135
3.28

IMD3d1+IMD3d2
4
-0.788 0.7135
1.7285000000000004 0.7135
1.7285000000000004 0.8405
-0.788 0.8405
2.65

IMD4a
4
-0.788 0.8405
1.7285000000000004 0.8405
1.7285000000000004 0.8615
-0.788 0.8615
5.2

IMD4b
4
-0.788 0.8615
1.7285000000000004 0.8615
1.7285000000000004 0.8765
-0.788 0.8765
4.2

IMD4c
4
-0.788 0.8765
1.7285000000000004 0.8765
1.7285000000000004 0.9005
-0.788 0.9005
3.28

IMD4d1+IMD4d2
4
-0.788 0.9005
1.7285000000000004 0.9005
1.7285000000000004 1.0275
-0.788 1.0275
2.65

IMD5a
4
-0.788 1.0275
1.7285000000000004 1.0275
1.7285000000000004 1.0485
-0.788 1.0485
5.2

IMD5b
4
-0.788 1.0485
1.7285000000000004 1.0485
1.7285000000000004 1.0635
-0.788 1.0635
4.2

IMD5c
4
-0.788 1.0635
1.7285000000000004 1.0635
1.7285000000000004 1.0875
-0.788 1.0875
3.28

IMD5d1+IMD5d2
4
-0.788 1.0875
1.7285000000000004 1.0875
1.7285000000000004 1.2145
-0.788 1.2145
2.65

IMD6a
4
-0.788 1.2145
1.7285000000000004 1.2145
1.7285000000000004 1.2355
-0.788 1.2355
5.2

IMD6b
4
-0.788 1.2355
1.7285000000000004 1.2355
1.7285000000000004 1.2505
-0.788 1.2505
4.2

IMD6c
4
-0.788 1.2505
1.7285000000000004 1.2505
1.7285000000000004 1.2745
-0.788 1.2745
3.28

IMD7a
4
-0.788 1.4015
1.7285000000000004 1.4015
1.7285000000000004 1.4765
-0.788 1.4765
5.2

IMD7b1+IMD7b2
4
-0.788 1.4765
1.7285000000000004 1.4765
1.7285000000000004 2.9765
-0.788 2.9765
4.2

IMD8a
4
-0.788 2.9765
1.7285000000000004 2.9765
1.7285000000000004 3.0515
-0.788 3.0515
5.2

IMD8b1+IMD8b2
4
-0.788 3.0515
1.7285000000000004 3.0515
1.7285000000000004 4.5515
-0.788 4.5515
4.2

PASS1
4
-0.788 4.5515
1.7285000000000004 4.5515
1.7285000000000004 4.6265
-0.788 4.6265
7.0

PASS2
4
-0.788 4.6265
1.7285000000000004 4.6265
1.7285000000000004 5.0265
-0.788 5.0265
4.2

PASS3
4
-0.788 5.0265
1.7285000000000004 5.0265
1.7285000000000004 5.1015
-0.788 5.1015
7.0

PASS4+PASS5
4
-0.788 5.1015
1.7285000000000004 5.1015
1.7285000000000004 6.0515
-0.788 6.0515
4.2

PASS6
4
-0.788 6.0515
1.7285000000000004 6.0515
1.7285000000000004 6.6515
-0.788 6.6515
7.0

air_Layer
4
-0.788 6.6515
1.7285000000000004 6.6515
1.7285000000000004 6.9485
-0.788 6.9485
1.0


4
-0.788 0.001
1.7285000000000004 0.001
1.7285000000000004 6.9485
-0.788 6.9485

