c1
4
-0.015010000000000065 1.3025
0.015009999999999954 1.3025
0.020989999999999953 1.4015
-0.020990000000000064 1.4015

5
botleft
4
-1.004 -0.001
0 -0.001
0 0.001
-1.004 0.001

botright
4
0 -0.001
2.138 -0.001
2.138 0.001
0 0.001

lEnv
4
-0.5010100000000001 1.3025
-0.47099 1.3025
-0.46501000000000003 1.4015
-0.50699 1.4015

c2
4
0.56099 1.3025
0.8700100000000001 1.3025
0.87599 1.4015
0.55501 1.4015

rEnv
4
1.32599 1.3025
1.6350099999999999 1.3025
1.64099 1.4015
1.32001 1.4015


57
IMD6d1_damage
4
-0.510424 1.2925
-0.46157600000000004 1.2925
-0.46097200000000005 1.3025
-0.511028 1.3025
3.1

IMD6d1_damage
4
-0.024424000000000064 1.2925
0.024423999999999953 1.2925
0.025027999999999953 1.3025
-0.025028000000000064 1.3025
3.1

IMD6d1_damage
4
0.5515760000000001 1.2925
0.879424 1.2925
0.880028 1.3025
0.550972 1.3025
3.1

IMD6d1_damage
4
1.316576 1.2925
1.6444239999999999 1.2925
1.645028 1.3025
1.315972 1.3025
3.1

IMD6d2_damage
4
-0.5060190000000001 1.3025
-0.5010100000000001 1.3025
-0.50699 1.4015
-0.5119990000000001 1.4015
2.9

IMD6d2_damage
4
-0.47099 1.3025
-0.46598100000000003 1.3025
-0.46000100000000005 1.4015
-0.46501000000000003 1.4015
2.9

IMD6d2_damage
4
-0.020019000000000065 1.3025
-0.015010000000000065 1.3025
-0.020990000000000064 1.4015
-0.025999000000000064 1.4015
2.9

IMD6d2_damage
4
0.015009999999999954 1.3025
0.020018999999999953 1.3025
0.025998999999999953 1.4015
0.020989999999999953 1.4015
2.9

IMD6d2_damage
4
0.555981 1.3025
0.56099 1.3025
0.55501 1.4015
0.550001 1.4015
2.9

IMD6d2_damage
4
0.8700100000000001 1.3025
0.8750190000000001 1.3025
0.8809990000000001 1.4015
0.87599 1.4015
2.9

IMD6d2_damage
4
1.320981 1.3025
1.32599 1.3025
1.32001 1.4015
1.3150009999999999 1.4015
2.9

IMD6d2_damage
4
1.6350099999999999 1.3025
1.640019 1.3025
1.645999 1.4015
1.64099 1.4015
2.9

IMD6d2
4
-1.004 1.3025
-0.5060190000000001 1.3025
-0.5119990000000001 1.4015
-1.004 1.4015
2.65

IMD6d2
4
-0.46598100000000003 1.3025
-0.020019000000000065 1.3025
-0.025999000000000064 1.4015
-0.46000100000000005 1.4015
2.65

IMD6d2
4
0.020018999999999953 1.3025
0.555981 1.3025
0.550001 1.4015
0.025998999999999953 1.4015
2.65

IMD6d2
4
0.8750190000000001 1.3025
1.320981 1.3025
1.3150009999999999 1.4015
0.8809990000000001 1.4015
2.65

IMD6d2
4
1.640019 1.3025
2.138 1.3025
2.138 1.4015
1.645999 1.4015
2.65

IMD6d1
4
-1.004 1.2925
-0.510424 1.2925
-0.511028 1.3025
-1.004 1.3025
2.65

IMD6d1
4
-0.46157600000000004 1.2925
-0.024424000000000064 1.2925
-0.025028000000000064 1.3025
-0.46097200000000005 1.3025
2.65

IMD6d1
4
0.024423999999999953 1.2925
0.5515760000000001 1.2925
0.550972 1.3025
0.025027999999999953 1.3025
2.65

IMD6d1
4
0.879424 1.2925
1.316576 1.2925
1.315972 1.3025
0.880028 1.3025
2.65

IMD6d1
4
1.6444239999999999 1.2925
2.138 1.2925
2.138 1.3025
1.645028 1.3025
2.65

IMD6d1
4
-1.004 1.2745
2.138 1.2745
2.138 1.2925
-1.004 1.2925
2.65

FOXA+FOXB+TOX
4
-1.004 0.001
2.138 0.001
2.138 0.2665
-1.004 0.2665
4.0

ILD1a
4
-1.004 0.2665
2.138 0.2665
2.138 0.2765
-1.004 0.2765
7.0

ILD1b1+ILD1b2+ILD1b3
4
-1.004 0.2765
2.138 0.2765
2.138 0.3955
-1.004 0.3955
4.0

IMD1a
4
-1.004 0.3955
2.138 0.3955
2.138 0.4065
-1.004 0.4065
5.2

IMD1b
4
-1.004 0.4065
2.138 0.4065
2.138 0.4665
-1.004 0.4665
2.8

IMD2a
4
-1.004 0.4665
2.138 0.4665
2.138 0.4875
-1.004 0.4875
5.2

IMD2b
4
-1.004 0.4875
2.138 0.4875
2.138 0.5025
-1.004 0.5025
4.2

IMD2c
4
-1.004 0.5025
2.138 0.5025
2.138 0.5265
-1.004 0.5265
3.28

IMD2d1+IMD2d2
4
-1.004 0.5265
2.138 0.5265
2.138 0.6535
-1.004 0.6535
2.65

IMD3a
4
-1.004 0.6535
2.138 0.6535
2.138 0.6745
-1.004 0.6745
5.2

IMD3b
4
-1.004 0.6745
2.138 0.6745
2.138 0.6895
-1.004 0.6895
4.2

IMD3c
4
-1.004 0.6895
2.138 0.6895
2.138 0.7135
-1.004 0.7135
3.28

IMD3d1+IMD3d2
4
-1.004 0.7135
2.138 0.7135
2.138 0.8405
-1.004 0.8405
2.65

IMD4a
4
-1.004 0.8405
2.138 0.8405
2.138 0.8615
-1.004 0.8615
5.2

IMD4b
4
-1.004 0.8615
2.138 0.8615
2.138 0.8765
-1.004 0.8765
4.2

IMD4c
4
-1.004 0.8765
2.138 0.8765
2.138 0.9005
-1.004 0.9005
3.28

IMD4d1+IMD4d2
4
-1.004 0.9005
2.138 0.9005
2.138 1.0275
-1.004 1.0275
2.65

IMD5a
4
-1.004 1.0275
2.138 1.0275
2.138 1.0485
-1.004 1.0485
5.2

IMD5b
4
-1.004 1.0485
2.138 1.0485
2.138 1.0635
-1.004 1.0635
4.2

IMD5c
4
-1.004 1.0635
2.138 1.0635
2.138 1.0875
-1.004 1.0875
3.28

IMD5d1+IMD5d2
4
-1.004 1.0875
2.138 1.0875
2.138 1.2145
-1.004 1.2145
2.65

IMD6a
4
-1.004 1.2145
2.138 1.2145
2.138 1.2355
-1.004 1.2355
5.2

IMD6b
4
-1.004 1.2355
2.138 1.2355
2.138 1.2505
-1.004 1.2505
4.2

IMD6c
4
-1.004 1.2505
2.138 1.2505
2.138 1.2745
-1.004 1.2745
3.28

IMD7a
4
-1.004 1.4015
2.138 1.4015
2.138 1.4765
-1.004 1.4765
5.2

IMD7b1+IMD7b2
4
-1.004 1.4765
2.138 1.4765
2.138 2.9765
-1.004 2.9765
4.2

IMD8a
4
-1.004 2.9765
2.138 2.9765
2.138 3.0515
-1.004 3.0515
5.2

IMD8b1+IMD8b2
4
-1.004 3.0515
2.138 3.0515
2.138 4.5515
-1.004 4.5515
4.2

PASS1
4
-1.004 4.5515
2.138 4.5515
2.138 4.6265
-1.004 4.6265
7.0

PASS2
4
-1.004 4.6265
2.138 4.6265
2.138 5.0265
-1.004 5.0265
4.2

PASS3
4
-1.004 5.0265
2.138 5.0265
2.138 5.1015
-1.004 5.1015
7.0

PASS4+PASS5
4
-1.004 5.1015
2.138 5.1015
2.138 6.0515
-1.004 6.0515
4.2

PASS6
4
-1.004 6.0515
2.138 6.0515
2.138 6.6515
-1.004 6.6515
7.0

air_Layer
4
-1.004 6.6515
2.138 6.6515
2.138 6.9485
-1.004 6.9485
1.0


4
-1.004 0.001
2.138 0.001
2.138 6.9485
-1.004 6.9485

