c1
4
-0.1545099999999999 0.7415
0.15451 0.7415
0.16049000000000002 0.8405
-0.1604899999999999 0.8405

5
botleft
4
-1.1524999999999999 -0.001
0 -0.001
0 0.001
-1.1524999999999999 0.001

botright
4
0 -0.001
1.9175 -0.001
1.9175 0.001
0 0.001

lEnv
4
-0.6495099999999999 0.7415
-0.3404899999999999 0.7415
-0.3345099999999999 0.8405
-0.6554899999999999 0.8405

c2
4
0.8804899999999999 0.7415
1.0545099999999998 0.7415
1.06049 0.8405
0.8745099999999999 0.8405

rEnv
4
1.24049 0.7415
1.41451 0.7415
1.42049 0.8405
1.23451 0.8405


57
IMD3d1_damage
4
-0.6589239999999998 0.7315
-0.3310759999999999 0.7315
-0.33047199999999993 0.7415
-0.6595279999999999 0.7415
3.1

IMD3d1_damage
4
-0.1639239999999999 0.7315
0.16392400000000001 0.7315
0.164528 0.7415
-0.1645279999999999 0.7415
3.1

IMD3d1_damage
4
0.871076 0.7315
1.0639239999999999 0.7315
1.064528 0.7415
0.8704719999999999 0.7415
3.1

IMD3d1_damage
4
1.231076 0.7315
1.423924 0.7315
1.424528 0.7415
1.230472 0.7415
3.1

IMD3d2_damage
4
-0.654519 0.7415
-0.6495099999999999 0.7415
-0.6554899999999999 0.8405
-0.660499 0.8405
2.9

IMD3d2_damage
4
-0.3404899999999999 0.7415
-0.3354809999999999 0.7415
-0.32950099999999993 0.8405
-0.3345099999999999 0.8405
2.9

IMD3d2_damage
4
-0.1595189999999999 0.7415
-0.1545099999999999 0.7415
-0.1604899999999999 0.8405
-0.16549899999999992 0.8405
2.9

IMD3d2_damage
4
0.15451 0.7415
0.15951900000000002 0.7415
0.16549900000000003 0.8405
0.16049000000000002 0.8405
2.9

IMD3d2_damage
4
0.8754809999999998 0.7415
0.8804899999999999 0.7415
0.8745099999999999 0.8405
0.8695009999999999 0.8405
2.9

IMD3d2_damage
4
1.0545099999999998 0.7415
1.0595189999999999 0.7415
1.065499 0.8405
1.06049 0.8405
2.9

IMD3d2_damage
4
1.235481 0.7415
1.24049 0.7415
1.23451 0.8405
1.229501 0.8405
2.9

IMD3d2_damage
4
1.41451 0.7415
1.419519 0.7415
1.425499 0.8405
1.42049 0.8405
2.9

IMD3d2
4
-1.1524999999999999 0.7415
-0.654519 0.7415
-0.660499 0.8405
-1.1524999999999999 0.8405
2.65

IMD3d2
4
-0.3354809999999999 0.7415
-0.1595189999999999 0.7415
-0.16549899999999992 0.8405
-0.32950099999999993 0.8405
2.65

IMD3d2
4
0.15951900000000002 0.7415
0.8754809999999998 0.7415
0.8695009999999999 0.8405
0.16549900000000003 0.8405
2.65

IMD3d2
4
1.0595189999999999 0.7415
1.235481 0.7415
1.229501 0.8405
1.065499 0.8405
2.65

IMD3d2
4
1.419519 0.7415
1.9175 0.7415
1.9175 0.8405
1.425499 0.8405
2.65

IMD3d1
4
-1.1524999999999999 0.7315
-0.6589239999999998 0.7315
-0.6595279999999999 0.7415
-1.1524999999999999 0.7415
2.65

IMD3d1
4
-0.3310759999999999 0.7315
-0.1639239999999999 0.7315
-0.1645279999999999 0.7415
-0.33047199999999993 0.7415
2.65

IMD3d1
4
0.16392400000000001 0.7315
0.871076 0.7315
0.8704719999999999 0.7415
0.164528 0.7415
2.65

IMD3d1
4
1.0639239999999999 0.7315
1.231076 0.7315
1.230472 0.7415
1.064528 0.7415
2.65

IMD3d1
4
1.423924 0.7315
1.9175 0.7315
1.9175 0.7415
1.424528 0.7415
2.65

IMD3d1
4
-1.1524999999999999 0.7135
1.9175 0.7135
1.9175 0.7315
-1.1524999999999999 0.7315
2.65

FOXA+FOXB+TOX
4
-1.1524999999999999 0.001
1.9175 0.001
1.9175 0.2665
-1.1524999999999999 0.2665
4.0

ILD1a
4
-1.1524999999999999 0.2665
1.9175 0.2665
1.9175 0.2765
-1.1524999999999999 0.2765
7.0

ILD1b1+ILD1b2+ILD1b3
4
-1.1524999999999999 0.2765
1.9175 0.2765
1.9175 0.3955
-1.1524999999999999 0.3955
4.0

IMD1a
4
-1.1524999999999999 0.3955
1.9175 0.3955
1.9175 0.4065
-1.1524999999999999 0.4065
5.2

IMD1b
4
-1.1524999999999999 0.4065
1.9175 0.4065
1.9175 0.4665
-1.1524999999999999 0.4665
2.8

IMD2a
4
-1.1524999999999999 0.4665
1.9175 0.4665
1.9175 0.4875
-1.1524999999999999 0.4875
5.2

IMD2b
4
-1.1524999999999999 0.4875
1.9175 0.4875
1.9175 0.5025
-1.1524999999999999 0.5025
4.2

IMD2c
4
-1.1524999999999999 0.5025
1.9175 0.5025
1.9175 0.5265
-1.1524999999999999 0.5265
3.28

IMD2d1+IMD2d2
4
-1.1524999999999999 0.5265
1.9175 0.5265
1.9175 0.6535
-1.1524999999999999 0.6535
2.65

IMD3a
4
-1.1524999999999999 0.6535
1.9175 0.6535
1.9175 0.6745
-1.1524999999999999 0.6745
5.2

IMD3b
4
-1.1524999999999999 0.6745
1.9175 0.6745
1.9175 0.6895
-1.1524999999999999 0.6895
4.2

IMD3c
4
-1.1524999999999999 0.6895
1.9175 0.6895
1.9175 0.7135
-1.1524999999999999 0.7135
3.28

IMD4a
4
-1.1524999999999999 0.8405
1.9175 0.8405
1.9175 0.8615
-1.1524999999999999 0.8615
5.2

IMD4b
4
-1.1524999999999999 0.8615
1.9175 0.8615
1.9175 0.8765
-1.1524999999999999 0.8765
4.2

IMD4c
4
-1.1524999999999999 0.8765
1.9175 0.8765
1.9175 0.9005
-1.1524999999999999 0.9005
3.28

IMD4d1+IMD4d2
4
-1.1524999999999999 0.9005
1.9175 0.9005
1.9175 1.0275
-1.1524999999999999 1.0275
2.65

IMD5a
4
-1.1524999999999999 1.0275
1.9175 1.0275
1.9175 1.0485
-1.1524999999999999 1.0485
5.2

IMD5b
4
-1.1524999999999999 1.0485
1.9175 1.0485
1.9175 1.0635
-1.1524999999999999 1.0635
4.2

IMD5c
4
-1.1524999999999999 1.0635
1.9175 1.0635
1.9175 1.0875
-1.1524999999999999 1.0875
3.28

IMD5d1+IMD5d2
4
-1.1524999999999999 1.0875
1.9175 1.0875
1.9175 1.2145
-1.1524999999999999 1.2145
2.65

IMD6a
4
-1.1524999999999999 1.2145
1.9175 1.2145
1.9175 1.2355
-1.1524999999999999 1.2355
5.2

IMD6b
4
-1.1524999999999999 1.2355
1.9175 1.2355
1.9175 1.2505
-1.1524999999999999 1.2505
4.2

IMD6c
4
-1.1524999999999999 1.2505
1.9175 1.2505
1.9175 1.2745
-1.1524999999999999 1.2745
3.28

IMD6d1+IMD6d2
4
-1.1524999999999999 1.2745
1.9175 1.2745
1.9175 1.4015
-1.1524999999999999 1.4015
2.65

IMD7a
4
-1.1524999999999999 1.4015
1.9175 1.4015
1.9175 1.4765
-1.1524999999999999 1.4765
5.2

IMD7b1+IMD7b2
4
-1.1524999999999999 1.4765
1.9175 1.4765
1.9175 2.9765
-1.1524999999999999 2.9765
4.2

IMD8a
4
-1.1524999999999999 2.9765
1.9175 2.9765
1.9175 3.0515
-1.1524999999999999 3.0515
5.2

IMD8b1+IMD8b2
4
-1.1524999999999999 3.0515
1.9175 3.0515
1.9175 4.5515
-1.1524999999999999 4.5515
4.2

PASS1
4
-1.1524999999999999 4.5515
1.9175 4.5515
1.9175 4.6265
-1.1524999999999999 4.6265
7.0

PASS2
4
-1.1524999999999999 4.6265
1.9175 4.6265
1.9175 5.0265
-1.1524999999999999 5.0265
4.2

PASS3
4
-1.1524999999999999 5.0265
1.9175 5.0265
1.9175 5.1015
-1.1524999999999999 5.1015
7.0

PASS4+PASS5
4
-1.1524999999999999 5.1015
1.9175 5.1015
1.9175 6.0515
-1.1524999999999999 6.0515
4.2

PASS6
4
-1.1524999999999999 6.0515
1.9175 6.0515
1.9175 6.6515
-1.1524999999999999 6.6515
7.0

air_Layer
4
-1.1524999999999999 6.6515
1.9175 6.6515
1.9175 6.9485
-1.1524999999999999 6.9485
1.0


4
-1.1524999999999999 0.001
1.9175 0.001
1.9175 6.9485
-1.1524999999999999 6.9485

