c1
4
-0.08541999999999997 0.37050000000000005
0.08542 0.37050000000000005
0.09458 0.4665
-0.09457999999999997 0.4665

3
botleft
4
-1.07616 -0.001
0 -0.001
0 0.001
-1.07616 0.001

botright
4
0 -0.001
6.035159999999999 -0.001
6.035159999999999 0.001
0 0.001

lEnv
4
-0.30141999999999997 0.37050000000000005
-0.13057999999999997 0.37050000000000005
-0.12141999999999997 0.4665
-0.31057999999999997 0.4665


42
IMD1b
4
-1.07616 0.40650000000000003
-0.304855 0.40650000000000003
-0.31057999999999997 0.4665
-1.07616 0.4665
2.8

IMD1b
4
-0.12714499999999998 0.40650000000000003
-0.08885499999999998 0.40650000000000003
-0.09457999999999997 0.4665
-0.12141999999999997 0.4665
2.8

IMD1b
4
0.088855 0.40650000000000003
6.035159999999999 0.40650000000000003
6.035159999999999 0.4665
0.09458 0.4665
2.8

IMD1a
4
-1.07616 0.3955
-0.30380541666666666 0.3955
-0.304855 0.40650000000000003
-1.07616 0.40650000000000003
5.2

IMD1a
4
-0.1281945833333333 0.3955
-0.08780541666666664 0.3955
-0.08885499999999998 0.40650000000000003
-0.12714499999999998 0.40650000000000003
5.2

IMD1a
4
0.08780541666666666 0.3955
6.035159999999999 0.3955
6.035159999999999 0.40650000000000003
0.088855 0.40650000000000003
5.2

ILD1b3
4
-1.07616 0.37050000000000005
-0.30141999999999997 0.37050000000000005
-0.30380541666666666 0.3955
-1.07616 0.3955
4

ILD1b3
4
-0.13057999999999997 0.37050000000000005
-0.08541999999999997 0.37050000000000005
-0.08780541666666664 0.3955
-0.1281945833333333 0.3955
4

ILD1b3
4
0.08542 0.37050000000000005
6.035159999999999 0.37050000000000005
6.035159999999999 0.3955
0.08780541666666666 0.3955
4

ILD1b1+ILD1b2
4
-1.07616 0.2765
6.035159999999999 0.2765
6.035159999999999 0.37050000000000005
-1.07616 0.37050000000000005
4

FOXA+FOXB+TOX
4
-1.07616 0.001
6.035159999999999 0.001
6.035159999999999 0.2665
-1.07616 0.2665
4.0

ILD1a
4
-1.07616 0.2665
6.035159999999999 0.2665
6.035159999999999 0.2765
-1.07616 0.2765
7.0

IMD2a
4
-1.07616 0.4665
6.035159999999999 0.4665
6.035159999999999 0.4875
-1.07616 0.4875
5.2

IMD2b
4
-1.07616 0.4875
6.035159999999999 0.4875
6.035159999999999 0.5025
-1.07616 0.5025
4.2

IMD2c
4
-1.07616 0.5025
6.035159999999999 0.5025
6.035159999999999 0.5265
-1.07616 0.5265
3.28

IMD2d1+IMD2d2
4
-1.07616 0.5265
6.035159999999999 0.5265
6.035159999999999 0.6535
-1.07616 0.6535
2.65

IMD3a
4
-1.07616 0.6535
6.035159999999999 0.6535
6.035159999999999 0.6745
-1.07616 0.6745
5.2

IMD3b
4
-1.07616 0.6745
6.035159999999999 0.6745
6.035159999999999 0.6895
-1.07616 0.6895
4.2

IMD3c
4
-1.07616 0.6895
6.035159999999999 0.6895
6.035159999999999 0.7135
-1.07616 0.7135
3.28

IMD3d1+IMD3d2
4
-1.07616 0.7135
6.035159999999999 0.7135
6.035159999999999 0.8405
-1.07616 0.8405
2.65

IMD4a
4
-1.07616 0.8405
6.035159999999999 0.8405
6.035159999999999 0.8615
-1.07616 0.8615
5.2

IMD4b
4
-1.07616 0.8615
6.035159999999999 0.8615
6.035159999999999 0.8765
-1.07616 0.8765
4.2

IMD4c
4
-1.07616 0.8765
6.035159999999999 0.8765
6.035159999999999 0.9005
-1.07616 0.9005
3.28

IMD4d1+IMD4d2
4
-1.07616 0.9005
6.035159999999999 0.9005
6.035159999999999 1.0275
-1.07616 1.0275
2.65

IMD5a
4
-1.07616 1.0275
6.035159999999999 1.0275
6.035159999999999 1.0485
-1.07616 1.0485
5.2

IMD5b
4
-1.07616 1.0485
6.035159999999999 1.0485
6.035159999999999 1.0635
-1.07616 1.0635
4.2

IMD5c
4
-1.07616 1.0635
6.035159999999999 1.0635
6.035159999999999 1.0875
-1.07616 1.0875
3.28

IMD5d1+IMD5d2
4
-1.07616 1.0875
6.035159999999999 1.0875
6.035159999999999 1.2145
-1.07616 1.2145
2.65

IMD6a
4
-1.07616 1.2145
6.035159999999999 1.2145
6.035159999999999 1.2355
-1.07616 1.2355
5.2

IMD6b
4
-1.07616 1.2355
6.035159999999999 1.2355
6.035159999999999 1.2505
-1.07616 1.2505
4.2

IMD6c
4
-1.07616 1.2505
6.035159999999999 1.2505
6.035159999999999 1.2745
-1.07616 1.2745
3.28

IMD6d1+IMD6d2
4
-1.07616 1.2745
6.035159999999999 1.2745
6.035159999999999 1.4015
-1.07616 1.4015
2.65

IMD7a
4
-1.07616 1.4015
6.035159999999999 1.4015
6.035159999999999 1.4765
-1.07616 1.4765
5.2

IMD7b1+IMD7b2
4
-1.07616 1.4765
6.035159999999999 1.4765
6.035159999999999 2.9765
-1.07616 2.9765
4.2

IMD8a
4
-1.07616 2.9765
6.035159999999999 2.9765
6.035159999999999 3.0515
-1.07616 3.0515
5.2

IMD8b1+IMD8b2
4
-1.07616 3.0515
6.035159999999999 3.0515
6.035159999999999 4.5515
-1.07616 4.5515
4.2

PASS1
4
-1.07616 4.5515
6.035159999999999 4.5515
6.035159999999999 4.6265
-1.07616 4.6265
7.0

PASS2
4
-1.07616 4.6265
6.035159999999999 4.6265
6.035159999999999 5.0265
-1.07616 5.0265
4.2

PASS3
4
-1.07616 5.0265
6.035159999999999 5.0265
6.035159999999999 5.1015
-1.07616 5.1015
7.0

PASS4+PASS5
4
-1.07616 5.1015
6.035159999999999 5.1015
6.035159999999999 6.0515
-1.07616 6.0515
4.2

PASS6
4
-1.07616 6.0515
6.035159999999999 6.0515
6.035159999999999 6.6515
-1.07616 6.6515
7.0

air_Layer
4
-1.07616 6.6515
6.035159999999999 6.6515
6.035159999999999 6.9485
-1.07616 6.9485
1.0


4
-1.07616 0.001
6.035159999999999 0.001
6.035159999999999 6.9485
-1.07616 6.9485

