c1
4
-0.15451 1.1155
0.15451 1.1155
0.16049000000000002 1.2145
-0.16049000000000002 1.2145

3
botleft
4
-1.54548 -0.001
0 -0.001
0 0.001
-1.54548 0.001

botright
4
0 -0.001
6.09948 -0.001
6.09948 0.001
0 0.001

lEnv
4
-0.50551 1.1155
-0.19649000000000003 1.1155
-0.19051 1.2145
-0.51149 1.2145


47
IMD5d1_damage
4
-0.5149239999999999 1.1055
-0.18707600000000002 1.1055
-0.18647200000000003 1.1155
-0.515528 1.1155
3.1

IMD5d1_damage
4
-0.16392400000000001 1.1055
0.16392400000000001 1.1055
0.164528 1.1155
-0.164528 1.1155
3.1

IMD5d2_damage
4
-0.5105190000000001 1.1155
-0.50551 1.1155
-0.51149 1.2145
-0.516499 1.2145
2.9

IMD5d2_damage
4
-0.19649000000000003 1.1155
-0.191481 1.1155
-0.185501 1.2145
-0.19051 1.2145
2.9

IMD5d2_damage
4
-0.15951900000000002 1.1155
-0.15451 1.1155
-0.16049000000000002 1.2145
-0.16549900000000003 1.2145
2.9

IMD5d2_damage
4
0.15451 1.1155
0.15951900000000002 1.1155
0.16549900000000003 1.2145
0.16049000000000002 1.2145
2.9

IMD5d2
4
-1.54548 1.1155
-0.5105190000000001 1.1155
-0.516499 1.2145
-1.54548 1.2145
2.65

IMD5d2
4
-0.191481 1.1155
-0.15951900000000002 1.1155
-0.16549900000000003 1.2145
-0.185501 1.2145
2.65

IMD5d2
4
0.15951900000000002 1.1155
6.09948 1.1155
6.09948 1.2145
0.16549900000000003 1.2145
2.65

IMD5d1
4
-1.54548 1.1055
-0.5149239999999999 1.1055
-0.515528 1.1155
-1.54548 1.1155
2.65

IMD5d1
4
-0.18707600000000002 1.1055
-0.16392400000000001 1.1055
-0.164528 1.1155
-0.18647200000000003 1.1155
2.65

IMD5d1
4
0.16392400000000001 1.1055
6.09948 1.1055
6.09948 1.1155
0.164528 1.1155
2.65

IMD5d1
4
-1.54548 1.0875
6.09948 1.0875
6.09948 1.1055
-1.54548 1.1055
2.65

FOXA+FOXB+TOX
4
-1.54548 0.001
6.09948 0.001
6.09948 0.2665
-1.54548 0.2665
4.0

ILD1a
4
-1.54548 0.2665
6.09948 0.2665
6.09948 0.2765
-1.54548 0.2765
7.0

ILD1b1+ILD1b2+ILD1b3
4
-1.54548 0.2765
6.09948 0.2765
6.09948 0.3955
-1.54548 0.3955
4.0

IMD1a
4
-1.54548 0.3955
6.09948 0.3955
6.09948 0.4065
-1.54548 0.4065
5.2

IMD1b
4
-1.54548 0.4065
6.09948 0.4065
6.09948 0.4665
-1.54548 0.4665
2.8

IMD2a
4
-1.54548 0.4665
6.09948 0.4665
6.09948 0.4875
-1.54548 0.4875
5.2

IMD2b
4
-1.54548 0.4875
6.09948 0.4875
6.09948 0.5025
-1.54548 0.5025
4.2

IMD2c
4
-1.54548 0.5025
6.09948 0.5025
6.09948 0.5265
-1.54548 0.5265
3.28

IMD2d1+IMD2d2
4
-1.54548 0.5265
6.09948 0.5265
6.09948 0.6535
-1.54548 0.6535
2.65

IMD3a
4
-1.54548 0.6535
6.09948 0.6535
6.09948 0.6745
-1.54548 0.6745
5.2

IMD3b
4
-1.54548 0.6745
6.09948 0.6745
6.09948 0.6895
-1.54548 0.6895
4.2

IMD3c
4
-1.54548 0.6895
6.09948 0.6895
6.09948 0.7135
-1.54548 0.7135
3.28

IMD3d1+IMD3d2
4
-1.54548 0.7135
6.09948 0.7135
6.09948 0.8405
-1.54548 0.8405
2.65

IMD4a
4
-1.54548 0.8405
6.09948 0.8405
6.09948 0.8615
-1.54548 0.8615
5.2

IMD4b
4
-1.54548 0.8615
6.09948 0.8615
6.09948 0.8765
-1.54548 0.8765
4.2

IMD4c
4
-1.54548 0.8765
6.09948 0.8765
6.09948 0.9005
-1.54548 0.9005
3.28

IMD4d1+IMD4d2
4
-1.54548 0.9005
6.09948 0.9005
6.09948 1.0275
-1.54548 1.0275
2.65

IMD5a
4
-1.54548 1.0275
6.09948 1.0275
6.09948 1.0485
-1.54548 1.0485
5.2

IMD5b
4
-1.54548 1.0485
6.09948 1.0485
6.09948 1.0635
-1.54548 1.0635
4.2

IMD5c
4
-1.54548 1.0635
6.09948 1.0635
6.09948 1.0875
-1.54548 1.0875
3.28

IMD6a
4
-1.54548 1.2145
6.09948 1.2145
6.09948 1.2355
-1.54548 1.2355
5.2

IMD6b
4
-1.54548 1.2355
6.09948 1.2355
6.09948 1.2505
-1.54548 1.2505
4.2

IMD6c
4
-1.54548 1.2505
6.09948 1.2505
6.09948 1.2745
-1.54548 1.2745
3.28

IMD6d1+IMD6d2
4
-1.54548 1.2745
6.09948 1.2745
6.09948 1.4015
-1.54548 1.4015
2.65

IMD7a
4
-1.54548 1.4015
6.09948 1.4015
6.09948 1.4765
-1.54548 1.4765
5.2

IMD7b1+IMD7b2
4
-1.54548 1.4765
6.09948 1.4765
6.09948 2.9765
-1.54548 2.9765
4.2

IMD8a
4
-1.54548 2.9765
6.09948 2.9765
6.09948 3.0515
-1.54548 3.0515
5.2

IMD8b1+IMD8b2
4
-1.54548 3.0515
6.09948 3.0515
6.09948 4.5515
-1.54548 4.5515
4.2

PASS1
4
-1.54548 4.5515
6.09948 4.5515
6.09948 4.6265
-1.54548 4.6265
7.0

PASS2
4
-1.54548 4.6265
6.09948 4.6265
6.09948 5.0265
-1.54548 5.0265
4.2

PASS3
4
-1.54548 5.0265
6.09948 5.0265
6.09948 5.1015
-1.54548 5.1015
7.0

PASS4+PASS5
4
-1.54548 5.1015
6.09948 5.1015
6.09948 6.0515
-1.54548 6.0515
4.2

PASS6
4
-1.54548 6.0515
6.09948 6.0515
6.09948 6.6515
-1.54548 6.6515
7.0

air_Layer
4
-1.54548 6.6515
6.09948 6.6515
6.09948 6.9485
-1.54548 6.9485
1.0


4
-1.54548 0.001
6.09948 0.001
6.09948 6.9485
-1.54548 6.9485

