c1
4
-0.03300999999999997 0.5545
0.033010000000000025 0.5545
0.038990000000000025 0.6535
-0.03898999999999997 0.6535

5
botleft
4
-0.788 -0.001
0 -0.001
0 0.001
-0.788 0.001

botright
4
0 -0.001
2.6060000000000003 -0.001
2.6060000000000003 0.001
0 0.001

lEnv
4
-0.28501 0.5545
-0.21899 0.5545
-0.21300999999999998 0.6535
-0.29098999999999997 0.6535

c2
4
0.5789900000000001 0.5545
1.2480099999999998 0.5545
1.25399 0.6535
0.5730100000000001 0.6535

rEnv
4
1.43399 0.5545
2.1030100000000003 0.5545
2.1089900000000004 0.6535
1.42801 0.6535


57
IMD2d1_damage
4
-0.29442399999999996 0.5445
-0.20957599999999998 0.5445
-0.208972 0.5545
-0.29502799999999996 0.5545
3.1

IMD2d1_damage
4
-0.04242399999999997 0.5445
0.042424000000000024 0.5445
0.043028000000000025 0.5545
-0.04302799999999997 0.5545
3.1

IMD2d1_damage
4
0.5695760000000002 0.5445
1.2574239999999999 0.5445
1.258028 0.5545
0.5689720000000001 0.5545
3.1

IMD2d1_damage
4
1.424576 0.5445
2.1124240000000003 0.5445
2.1130280000000004 0.5545
1.423972 0.5545
3.1

IMD2d2_damage
4
-0.29001899999999997 0.5545
-0.28501 0.5545
-0.29098999999999997 0.6535
-0.29599899999999996 0.6535
2.9

IMD2d2_damage
4
-0.21899 0.5545
-0.21398099999999998 0.5545
-0.20800099999999996 0.6535
-0.21300999999999998 0.6535
2.9

IMD2d2_damage
4
-0.03801899999999997 0.5545
-0.03300999999999997 0.5545
-0.03898999999999997 0.6535
-0.04399899999999997 0.6535
2.9

IMD2d2_damage
4
0.033010000000000025 0.5545
0.038019000000000025 0.5545
0.043999000000000024 0.6535
0.038990000000000025 0.6535
2.9

IMD2d2_damage
4
0.5739810000000001 0.5545
0.5789900000000001 0.5545
0.5730100000000001 0.6535
0.5680010000000001 0.6535
2.9

IMD2d2_damage
4
1.2480099999999998 0.5545
1.2530189999999999 0.5545
1.258999 0.6535
1.25399 0.6535
2.9

IMD2d2_damage
4
1.428981 0.5545
1.43399 0.5545
1.42801 0.6535
1.423001 0.6535
2.9

IMD2d2_damage
4
2.1030100000000003 0.5545
2.108019 0.5545
2.113999 0.6535
2.1089900000000004 0.6535
2.9

IMD2d2
4
-0.788 0.5545
-0.29001899999999997 0.5545
-0.29599899999999996 0.6535
-0.788 0.6535
2.65

IMD2d2
4
-0.21398099999999998 0.5545
-0.03801899999999997 0.5545
-0.04399899999999997 0.6535
-0.20800099999999996 0.6535
2.65

IMD2d2
4
0.038019000000000025 0.5545
0.5739810000000001 0.5545
0.5680010000000001 0.6535
0.043999000000000024 0.6535
2.65

IMD2d2
4
1.2530189999999999 0.5545
1.428981 0.5545
1.423001 0.6535
1.258999 0.6535
2.65

IMD2d2
4
2.108019 0.5545
2.6060000000000003 0.5545
2.6060000000000003 0.6535
2.113999 0.6535
2.65

IMD2d1
4
-0.788 0.5445
-0.29442399999999996 0.5445
-0.29502799999999996 0.5545
-0.788 0.5545
2.65

IMD2d1
4
-0.20957599999999998 0.5445
-0.04242399999999997 0.5445
-0.04302799999999997 0.5545
-0.208972 0.5545
2.65

IMD2d1
4
0.042424000000000024 0.5445
0.5695760000000002 0.5445
0.5689720000000001 0.5545
0.043028000000000025 0.5545
2.65

IMD2d1
4
1.2574239999999999 0.5445
1.424576 0.5445
1.423972 0.5545
1.258028 0.5545
2.65

IMD2d1
4
2.1124240000000003 0.5445
2.6060000000000003 0.5445
2.6060000000000003 0.5545
2.1130280000000004 0.5545
2.65

IMD2d1
4
-0.788 0.5265
2.6060000000000003 0.5265
2.6060000000000003 0.5445
-0.788 0.5445
2.65

FOXA+FOXB+TOX
4
-0.788 0.001
2.6060000000000003 0.001
2.6060000000000003 0.2665
-0.788 0.2665
4.0

ILD1a
4
-0.788 0.2665
2.6060000000000003 0.2665
2.6060000000000003 0.2765
-0.788 0.2765
7.0

ILD1b1+ILD1b2+ILD1b3
4
-0.788 0.2765
2.6060000000000003 0.2765
2.6060000000000003 0.3955
-0.788 0.3955
4.0

IMD1a
4
-0.788 0.3955
2.6060000000000003 0.3955
2.6060000000000003 0.4065
-0.788 0.4065
5.2

IMD1b
4
-0.788 0.4065
2.6060000000000003 0.4065
2.6060000000000003 0.4665
-0.788 0.4665
2.8

IMD2a
4
-0.788 0.4665
2.6060000000000003 0.4665
2.6060000000000003 0.4875
-0.788 0.4875
5.2

IMD2b
4
-0.788 0.4875
2.6060000000000003 0.4875
2.6060000000000003 0.5025
-0.788 0.5025
4.2

IMD2c
4
-0.788 0.5025
2.6060000000000003 0.5025
2.6060000000000003 0.5265
-0.788 0.5265
3.28

IMD3a
4
-0.788 0.6535
2.6060000000000003 0.6535
2.6060000000000003 0.6745
-0.788 0.6745
5.2

IMD3b
4
-0.788 0.6745
2.6060000000000003 0.6745
2.6060000000000003 0.6895
-0.788 0.6895
4.2

IMD3c
4
-0.788 0.6895
2.6060000000000003 0.6895
2.6060000000000003 0.7135
-0.788 0.7135
3.28

IMD3d1+IMD3d2
4
-0.788 0.7135
2.6060000000000003 0.7135
2.6060000000000003 0.8405
-0.788 0.8405
2.65

IMD4a
4
-0.788 0.8405
2.6060000000000003 0.8405
2.6060000000000003 0.8615
-0.788 0.8615
5.2

IMD4b
4
-0.788 0.8615
2.6060000000000003 0.8615
2.6060000000000003 0.8765
-0.788 0.8765
4.2

IMD4c
4
-0.788 0.8765
2.6060000000000003 0.8765
2.6060000000000003 0.9005
-0.788 0.9005
3.28

IMD4d1+IMD4d2
4
-0.788 0.9005
2.6060000000000003 0.9005
2.6060000000000003 1.0275
-0.788 1.0275
2.65

IMD5a
4
-0.788 1.0275
2.6060000000000003 1.0275
2.6060000000000003 1.0485
-0.788 1.0485
5.2

IMD5b
4
-0.788 1.0485
2.6060000000000003 1.0485
2.6060000000000003 1.0635
-0.788 1.0635
4.2

IMD5c
4
-0.788 1.0635
2.6060000000000003 1.0635
2.6060000000000003 1.0875
-0.788 1.0875
3.28

IMD5d1+IMD5d2
4
-0.788 1.0875
2.6060000000000003 1.0875
2.6060000000000003 1.2145
-0.788 1.2145
2.65

IMD6a
4
-0.788 1.2145
2.6060000000000003 1.2145
2.6060000000000003 1.2355
-0.788 1.2355
5.2

IMD6b
4
-0.788 1.2355
2.6060000000000003 1.2355
2.6060000000000003 1.2505
-0.788 1.2505
4.2

IMD6c
4
-0.788 1.2505
2.6060000000000003 1.2505
2.6060000000000003 1.2745
-0.788 1.2745
3.28

IMD6d1+IMD6d2
4
-0.788 1.2745
2.6060000000000003 1.2745
2.6060000000000003 1.4015
-0.788 1.4015
2.65

IMD7a
4
-0.788 1.4015
2.6060000000000003 1.4015
2.6060000000000003 1.4765
-0.788 1.4765
5.2

IMD7b1+IMD7b2
4
-0.788 1.4765
2.6060000000000003 1.4765
2.6060000000000003 2.9765
-0.788 2.9765
4.2

IMD8a
4
-0.788 2.9765
2.6060000000000003 2.9765
2.6060000000000003 3.0515
-0.788 3.0515
5.2

IMD8b1+IMD8b2
4
-0.788 3.0515
2.6060000000000003 3.0515
2.6060000000000003 4.5515
-0.788 4.5515
4.2

PASS1
4
-0.788 4.5515
2.6060000000000003 4.5515
2.6060000000000003 4.6265
-0.788 4.6265
7.0

PASS2
4
-0.788 4.6265
2.6060000000000003 4.6265
2.6060000000000003 5.0265
-0.788 5.0265
4.2

PASS3
4
-0.788 5.0265
2.6060000000000003 5.0265
2.6060000000000003 5.1015
-0.788 5.1015
7.0

PASS4+PASS5
4
-0.788 5.1015
2.6060000000000003 5.1015
2.6060000000000003 6.0515
-0.788 6.0515
4.2

PASS6
4
-0.788 6.0515
2.6060000000000003 6.0515
2.6060000000000003 6.6515
-0.788 6.6515
7.0

air_Layer
4
-0.788 6.6515
2.6060000000000003 6.6515
2.6060000000000003 6.9485
-0.788 6.9485
1.0


4
-0.788 0.001
2.6060000000000003 0.001
2.6060000000000003 6.9485
-0.788 6.9485

