c1
4
-0.01501000000000001 1.1155
0.01501000000000001 1.1155
0.02099000000000001 1.2145
-0.02099000000000001 1.2145

5
botleft
4
-0.734 -0.001
0 -0.001
0 0.001
-0.734 0.001

botright
4
0 -0.001
1.382 -0.001
1.382 0.001
0 0.001

lEnv
4
-0.23100999999999997 1.1155
-0.20099 1.1155
-0.19501 1.2145
-0.23698999999999998 1.2145

c2
4
0.56099 1.1155
0.62701 1.1155
0.6329899999999999 1.2145
0.55501 1.2145

rEnv
4
0.81299 1.1155
0.87901 1.1155
0.8849899999999999 1.2145
0.80701 1.2145


57
IMD5d1_damage
4
-0.24042399999999997 1.1055
-0.19157599999999997 1.1055
-0.19097199999999998 1.1155
-0.24102799999999996 1.1155
3.1

IMD5d1_damage
4
-0.024424000000000008 1.1055
0.024424000000000008 1.1055
0.02502800000000001 1.1155
-0.02502800000000001 1.1155
3.1

IMD5d1_damage
4
0.5515760000000001 1.1055
0.6364239999999999 1.1055
0.6370279999999999 1.1155
0.550972 1.1155
3.1

IMD5d1_damage
4
0.8035760000000001 1.1055
0.8884239999999999 1.1055
0.8890279999999999 1.1155
0.802972 1.1155
3.1

IMD5d2_damage
4
-0.23601899999999998 1.1155
-0.23100999999999997 1.1155
-0.23698999999999998 1.2145
-0.241999 1.2145
2.9

IMD5d2_damage
4
-0.20099 1.1155
-0.195981 1.1155
-0.19000099999999998 1.2145
-0.19501 1.2145
2.9

IMD5d2_damage
4
-0.02001900000000001 1.1155
-0.01501000000000001 1.1155
-0.02099000000000001 1.2145
-0.025999000000000008 1.2145
2.9

IMD5d2_damage
4
0.01501000000000001 1.1155
0.02001900000000001 1.1155
0.025999000000000008 1.2145
0.02099000000000001 1.2145
2.9

IMD5d2_damage
4
0.555981 1.1155
0.56099 1.1155
0.55501 1.2145
0.550001 1.2145
2.9

IMD5d2_damage
4
0.62701 1.1155
0.632019 1.1155
0.637999 1.2145
0.6329899999999999 1.2145
2.9

IMD5d2_damage
4
0.807981 1.1155
0.81299 1.1155
0.80701 1.2145
0.802001 1.2145
2.9

IMD5d2_damage
4
0.87901 1.1155
0.884019 1.1155
0.889999 1.2145
0.8849899999999999 1.2145
2.9

IMD5d2
4
-0.734 1.1155
-0.23601899999999998 1.1155
-0.241999 1.2145
-0.734 1.2145
2.65

IMD5d2
4
-0.195981 1.1155
-0.02001900000000001 1.1155
-0.025999000000000008 1.2145
-0.19000099999999998 1.2145
2.65

IMD5d2
4
0.02001900000000001 1.1155
0.555981 1.1155
0.550001 1.2145
0.025999000000000008 1.2145
2.65

IMD5d2
4
0.632019 1.1155
0.807981 1.1155
0.802001 1.2145
0.637999 1.2145
2.65

IMD5d2
4
0.884019 1.1155
1.382 1.1155
1.382 1.2145
0.889999 1.2145
2.65

IMD5d1
4
-0.734 1.1055
-0.24042399999999997 1.1055
-0.24102799999999996 1.1155
-0.734 1.1155
2.65

IMD5d1
4
-0.19157599999999997 1.1055
-0.024424000000000008 1.1055
-0.02502800000000001 1.1155
-0.19097199999999998 1.1155
2.65

IMD5d1
4
0.024424000000000008 1.1055
0.5515760000000001 1.1055
0.550972 1.1155
0.02502800000000001 1.1155
2.65

IMD5d1
4
0.6364239999999999 1.1055
0.8035760000000001 1.1055
0.802972 1.1155
0.6370279999999999 1.1155
2.65

IMD5d1
4
0.8884239999999999 1.1055
1.382 1.1055
1.382 1.1155
0.8890279999999999 1.1155
2.65

IMD5d1
4
-0.734 1.0875
1.382 1.0875
1.382 1.1055
-0.734 1.1055
2.65

FOXA+FOXB+TOX
4
-0.734 0.001
1.382 0.001
1.382 0.2665
-0.734 0.2665
4.0

ILD1a
4
-0.734 0.2665
1.382 0.2665
1.382 0.2765
-0.734 0.2765
7.0

ILD1b1+ILD1b2+ILD1b3
4
-0.734 0.2765
1.382 0.2765
1.382 0.3955
-0.734 0.3955
4.0

IMD1a
4
-0.734 0.3955
1.382 0.3955
1.382 0.4065
-0.734 0.4065
5.2

IMD1b
4
-0.734 0.4065
1.382 0.4065
1.382 0.4665
-0.734 0.4665
2.8

IMD2a
4
-0.734 0.4665
1.382 0.4665
1.382 0.4875
-0.734 0.4875
5.2

IMD2b
4
-0.734 0.4875
1.382 0.4875
1.382 0.5025
-0.734 0.5025
4.2

IMD2c
4
-0.734 0.5025
1.382 0.5025
1.382 0.5265
-0.734 0.5265
3.28

IMD2d1+IMD2d2
4
-0.734 0.5265
1.382 0.5265
1.382 0.6535
-0.734 0.6535
2.65

IMD3a
4
-0.734 0.6535
1.382 0.6535
1.382 0.6745
-0.734 0.6745
5.2

IMD3b
4
-0.734 0.6745
1.382 0.6745
1.382 0.6895
-0.734 0.6895
4.2

IMD3c
4
-0.734 0.6895
1.382 0.6895
1.382 0.7135
-0.734 0.7135
3.28

IMD3d1+IMD3d2
4
-0.734 0.7135
1.382 0.7135
1.382 0.8405
-0.734 0.8405
2.65

IMD4a
4
-0.734 0.8405
1.382 0.8405
1.382 0.8615
-0.734 0.8615
5.2

IMD4b
4
-0.734 0.8615
1.382 0.8615
1.382 0.8765
-0.734 0.8765
4.2

IMD4c
4
-0.734 0.8765
1.382 0.8765
1.382 0.9005
-0.734 0.9005
3.28

IMD4d1+IMD4d2
4
-0.734 0.9005
1.382 0.9005
1.382 1.0275
-0.734 1.0275
2.65

IMD5a
4
-0.734 1.0275
1.382 1.0275
1.382 1.0485
-0.734 1.0485
5.2

IMD5b
4
-0.734 1.0485
1.382 1.0485
1.382 1.0635
-0.734 1.0635
4.2

IMD5c
4
-0.734 1.0635
1.382 1.0635
1.382 1.0875
-0.734 1.0875
3.28

IMD6a
4
-0.734 1.2145
1.382 1.2145
1.382 1.2355
-0.734 1.2355
5.2

IMD6b
4
-0.734 1.2355
1.382 1.2355
1.382 1.2505
-0.734 1.2505
4.2

IMD6c
4
-0.734 1.2505
1.382 1.2505
1.382 1.2745
-0.734 1.2745
3.28

IMD6d1+IMD6d2
4
-0.734 1.2745
1.382 1.2745
1.382 1.4015
-0.734 1.4015
2.65

IMD7a
4
-0.734 1.4015
1.382 1.4015
1.382 1.4765
-0.734 1.4765
5.2

IMD7b1+IMD7b2
4
-0.734 1.4765
1.382 1.4765
1.382 2.9765
-0.734 2.9765
4.2

IMD8a
4
-0.734 2.9765
1.382 2.9765
1.382 3.0515
-0.734 3.0515
5.2

IMD8b1+IMD8b2
4
-0.734 3.0515
1.382 3.0515
1.382 4.5515
-0.734 4.5515
4.2

PASS1
4
-0.734 4.5515
1.382 4.5515
1.382 4.6265
-0.734 4.6265
7.0

PASS2
4
-0.734 4.6265
1.382 4.6265
1.382 5.0265
-0.734 5.0265
4.2

PASS3
4
-0.734 5.0265
1.382 5.0265
1.382 5.1015
-0.734 5.1015
7.0

PASS4+PASS5
4
-0.734 5.1015
1.382 5.1015
1.382 6.0515
-0.734 6.0515
4.2

PASS6
4
-0.734 6.0515
1.382 6.0515
1.382 6.6515
-0.734 6.6515
7.0

air_Layer
4
-0.734 6.6515
1.382 6.6515
1.382 6.9485
-0.734 6.9485
1.0


4
-0.734 0.001
1.382 0.001
1.382 6.9485
-0.734 6.9485

