c1
4
-0.1545099999999999 1.1155
0.15451 1.1155
0.16049000000000002 1.2145
-0.1604899999999999 1.2145

5
botleft
4
-1.1524999999999999 -0.001
0 -0.001
0 0.001
-1.1524999999999999 0.001

botright
4
0 -0.001
2.4574999999999996 -0.001
2.4574999999999996 0.001
0 0.001

lEnv
4
-0.6495099999999999 1.1155
-0.3404899999999999 1.1155
-0.3345099999999999 1.2145
-0.6554899999999999 1.2145

c2
4
0.8804899999999999 1.1155
1.3245099999999996 1.1155
1.3304899999999997 1.2145
0.8745099999999999 1.2145

rEnv
4
1.5104899999999999 1.1155
1.9545099999999995 1.1155
1.9604899999999996 1.2145
1.5045099999999998 1.2145


57
IMD5d1_damage
4
-0.6589239999999998 1.1055
-0.3310759999999999 1.1055
-0.33047199999999993 1.1155
-0.6595279999999999 1.1155
3.1

IMD5d1_damage
4
-0.1639239999999999 1.1055
0.16392400000000001 1.1055
0.164528 1.1155
-0.1645279999999999 1.1155
3.1

IMD5d1_damage
4
0.871076 1.1055
1.3339239999999997 1.1055
1.3345279999999997 1.1155
0.8704719999999999 1.1155
3.1

IMD5d1_damage
4
1.5010759999999999 1.1055
1.9639239999999996 1.1055
1.9645279999999996 1.1155
1.5004719999999998 1.1155
3.1

IMD5d2_damage
4
-0.654519 1.1155
-0.6495099999999999 1.1155
-0.6554899999999999 1.2145
-0.660499 1.2145
2.9

IMD5d2_damage
4
-0.3404899999999999 1.1155
-0.3354809999999999 1.1155
-0.32950099999999993 1.2145
-0.3345099999999999 1.2145
2.9

IMD5d2_damage
4
-0.1595189999999999 1.1155
-0.1545099999999999 1.1155
-0.1604899999999999 1.2145
-0.16549899999999992 1.2145
2.9

IMD5d2_damage
4
0.15451 1.1155
0.15951900000000002 1.1155
0.16549900000000003 1.2145
0.16049000000000002 1.2145
2.9

IMD5d2_damage
4
0.8754809999999998 1.1155
0.8804899999999999 1.1155
0.8745099999999999 1.2145
0.8695009999999999 1.2145
2.9

IMD5d2_damage
4
1.3245099999999996 1.1155
1.3295189999999997 1.1155
1.3354989999999998 1.2145
1.3304899999999997 1.2145
2.9

IMD5d2_damage
4
1.5054809999999998 1.1155
1.5104899999999999 1.1155
1.5045099999999998 1.2145
1.4995009999999998 1.2145
2.9

IMD5d2_damage
4
1.9545099999999995 1.1155
1.9595189999999996 1.1155
1.9654989999999997 1.2145
1.9604899999999996 1.2145
2.9

IMD5d2
4
-1.1524999999999999 1.1155
-0.654519 1.1155
-0.660499 1.2145
-1.1524999999999999 1.2145
2.65

IMD5d2
4
-0.3354809999999999 1.1155
-0.1595189999999999 1.1155
-0.16549899999999992 1.2145
-0.32950099999999993 1.2145
2.65

IMD5d2
4
0.15951900000000002 1.1155
0.8754809999999998 1.1155
0.8695009999999999 1.2145
0.16549900000000003 1.2145
2.65

IMD5d2
4
1.3295189999999997 1.1155
1.5054809999999998 1.1155
1.4995009999999998 1.2145
1.3354989999999998 1.2145
2.65

IMD5d2
4
1.9595189999999996 1.1155
2.4574999999999996 1.1155
2.4574999999999996 1.2145
1.9654989999999997 1.2145
2.65

IMD5d1
4
-1.1524999999999999 1.1055
-0.6589239999999998 1.1055
-0.6595279999999999 1.1155
-1.1524999999999999 1.1155
2.65

IMD5d1
4
-0.3310759999999999 1.1055
-0.1639239999999999 1.1055
-0.1645279999999999 1.1155
-0.33047199999999993 1.1155
2.65

IMD5d1
4
0.16392400000000001 1.1055
0.871076 1.1055
0.8704719999999999 1.1155
0.164528 1.1155
2.65

IMD5d1
4
1.3339239999999997 1.1055
1.5010759999999999 1.1055
1.5004719999999998 1.1155
1.3345279999999997 1.1155
2.65

IMD5d1
4
1.9639239999999996 1.1055
2.4574999999999996 1.1055
2.4574999999999996 1.1155
1.9645279999999996 1.1155
2.65

IMD5d1
4
-1.1524999999999999 1.0875
2.4574999999999996 1.0875
2.4574999999999996 1.1055
-1.1524999999999999 1.1055
2.65

FOXA+FOXB+TOX
4
-1.1524999999999999 0.001
2.4574999999999996 0.001
2.4574999999999996 0.2665
-1.1524999999999999 0.2665
4.0

ILD1a
4
-1.1524999999999999 0.2665
2.4574999999999996 0.2665
2.4574999999999996 0.2765
-1.1524999999999999 0.2765
7.0

ILD1b1+ILD1b2+ILD1b3
4
-1.1524999999999999 0.2765
2.4574999999999996 0.2765
2.4574999999999996 0.3955
-1.1524999999999999 0.3955
4.0

IMD1a
4
-1.1524999999999999 0.3955
2.4574999999999996 0.3955
2.4574999999999996 0.4065
-1.1524999999999999 0.4065
5.2

IMD1b
4
-1.1524999999999999 0.4065
2.4574999999999996 0.4065
2.4574999999999996 0.4665
-1.1524999999999999 0.4665
2.8

IMD2a
4
-1.1524999999999999 0.4665
2.4574999999999996 0.4665
2.4574999999999996 0.4875
-1.1524999999999999 0.4875
5.2

IMD2b
4
-1.1524999999999999 0.4875
2.4574999999999996 0.4875
2.4574999999999996 0.5025
-1.1524999999999999 0.5025
4.2

IMD2c
4
-1.1524999999999999 0.5025
2.4574999999999996 0.5025
2.4574999999999996 0.5265
-1.1524999999999999 0.5265
3.28

IMD2d1+IMD2d2
4
-1.1524999999999999 0.5265
2.4574999999999996 0.5265
2.4574999999999996 0.6535
-1.1524999999999999 0.6535
2.65

IMD3a
4
-1.1524999999999999 0.6535
2.4574999999999996 0.6535
2.4574999999999996 0.6745
-1.1524999999999999 0.6745
5.2

IMD3b
4
-1.1524999999999999 0.6745
2.4574999999999996 0.6745
2.4574999999999996 0.6895
-1.1524999999999999 0.6895
4.2

IMD3c
4
-1.1524999999999999 0.6895
2.4574999999999996 0.6895
2.4574999999999996 0.7135
-1.1524999999999999 0.7135
3.28

IMD3d1+IMD3d2
4
-1.1524999999999999 0.7135
2.4574999999999996 0.7135
2.4574999999999996 0.8405
-1.1524999999999999 0.8405
2.65

IMD4a
4
-1.1524999999999999 0.8405
2.4574999999999996 0.8405
2.4574999999999996 0.8615
-1.1524999999999999 0.8615
5.2

IMD4b
4
-1.1524999999999999 0.8615
2.4574999999999996 0.8615
2.4574999999999996 0.8765
-1.1524999999999999 0.8765
4.2

IMD4c
4
-1.1524999999999999 0.8765
2.4574999999999996 0.8765
2.4574999999999996 0.9005
-1.1524999999999999 0.9005
3.28

IMD4d1+IMD4d2
4
-1.1524999999999999 0.9005
2.4574999999999996 0.9005
2.4574999999999996 1.0275
-1.1524999999999999 1.0275
2.65

IMD5a
4
-1.1524999999999999 1.0275
2.4574999999999996 1.0275
2.4574999999999996 1.0485
-1.1524999999999999 1.0485
5.2

IMD5b
4
-1.1524999999999999 1.0485
2.4574999999999996 1.0485
2.4574999999999996 1.0635
-1.1524999999999999 1.0635
4.2

IMD5c
4
-1.1524999999999999 1.0635
2.4574999999999996 1.0635
2.4574999999999996 1.0875
-1.1524999999999999 1.0875
3.28

IMD6a
4
-1.1524999999999999 1.2145
2.4574999999999996 1.2145
2.4574999999999996 1.2355
-1.1524999999999999 1.2355
5.2

IMD6b
4
-1.1524999999999999 1.2355
2.4574999999999996 1.2355
2.4574999999999996 1.2505
-1.1524999999999999 1.2505
4.2

IMD6c
4
-1.1524999999999999 1.2505
2.4574999999999996 1.2505
2.4574999999999996 1.2745
-1.1524999999999999 1.2745
3.28

IMD6d1+IMD6d2
4
-1.1524999999999999 1.2745
2.4574999999999996 1.2745
2.4574999999999996 1.4015
-1.1524999999999999 1.4015
2.65

IMD7a
4
-1.1524999999999999 1.4015
2.4574999999999996 1.4015
2.4574999999999996 1.4765
-1.1524999999999999 1.4765
5.2

IMD7b1+IMD7b2
4
-1.1524999999999999 1.4765
2.4574999999999996 1.4765
2.4574999999999996 2.9765
-1.1524999999999999 2.9765
4.2

IMD8a
4
-1.1524999999999999 2.9765
2.4574999999999996 2.9765
2.4574999999999996 3.0515
-1.1524999999999999 3.0515
5.2

IMD8b1+IMD8b2
4
-1.1524999999999999 3.0515
2.4574999999999996 3.0515
2.4574999999999996 4.5515
-1.1524999999999999 4.5515
4.2

PASS1
4
-1.1524999999999999 4.5515
2.4574999999999996 4.5515
2.4574999999999996 4.6265
-1.1524999999999999 4.6265
7.0

PASS2
4
-1.1524999999999999 4.6265
2.4574999999999996 4.6265
2.4574999999999996 5.0265
-1.1524999999999999 5.0265
4.2

PASS3
4
-1.1524999999999999 5.0265
2.4574999999999996 5.0265
2.4574999999999996 5.1015
-1.1524999999999999 5.1015
7.0

PASS4+PASS5
4
-1.1524999999999999 5.1015
2.4574999999999996 5.1015
2.4574999999999996 6.0515
-1.1524999999999999 6.0515
4.2

PASS6
4
-1.1524999999999999 6.0515
2.4574999999999996 6.0515
2.4574999999999996 6.6515
-1.1524999999999999 6.6515
7.0

air_Layer
4
-1.1524999999999999 6.6515
2.4574999999999996 6.6515
2.4574999999999996 6.9485
-1.1524999999999999 6.9485
1.0


4
-1.1524999999999999 0.001
2.4574999999999996 0.001
2.4574999999999996 6.9485
-1.1524999999999999 6.9485

