c1
4
-0.01501000000000001 1.3025
0.01501000000000001 1.3025
0.02099000000000001 1.4015
-0.02099000000000001 1.4015

5
botleft
4
-0.734 -0.001
0 -0.001
0 0.001
-0.734 0.001

botright
4
0 -0.001
1.8680000000000003 -0.001
1.8680000000000003 0.001
0 0.001

lEnv
4
-0.23100999999999997 1.3025
-0.20099 1.3025
-0.19501 1.4015
-0.23698999999999998 1.4015

c2
4
0.56099 1.3025
0.8700100000000001 1.3025
0.87599 1.4015
0.55501 1.4015

rEnv
4
1.0559900000000002 1.3025
1.36501 1.3025
1.3709900000000002 1.4015
1.05001 1.4015


57
IMD6d1_damage
4
-0.24042399999999997 1.2925
-0.19157599999999997 1.2925
-0.19097199999999998 1.3025
-0.24102799999999996 1.3025
3.1

IMD6d1_damage
4
-0.024424000000000008 1.2925
0.024424000000000008 1.2925
0.02502800000000001 1.3025
-0.02502800000000001 1.3025
3.1

IMD6d1_damage
4
0.5515760000000001 1.2925
0.879424 1.2925
0.880028 1.3025
0.550972 1.3025
3.1

IMD6d1_damage
4
1.0465760000000002 1.2925
1.374424 1.2925
1.3750280000000001 1.3025
1.0459720000000001 1.3025
3.1

IMD6d2_damage
4
-0.23601899999999998 1.3025
-0.23100999999999997 1.3025
-0.23698999999999998 1.4015
-0.241999 1.4015
2.9

IMD6d2_damage
4
-0.20099 1.3025
-0.195981 1.3025
-0.19000099999999998 1.4015
-0.19501 1.4015
2.9

IMD6d2_damage
4
-0.02001900000000001 1.3025
-0.01501000000000001 1.3025
-0.02099000000000001 1.4015
-0.025999000000000008 1.4015
2.9

IMD6d2_damage
4
0.01501000000000001 1.3025
0.02001900000000001 1.3025
0.025999000000000008 1.4015
0.02099000000000001 1.4015
2.9

IMD6d2_damage
4
0.555981 1.3025
0.56099 1.3025
0.55501 1.4015
0.550001 1.4015
2.9

IMD6d2_damage
4
0.8700100000000001 1.3025
0.8750190000000001 1.3025
0.8809990000000001 1.4015
0.87599 1.4015
2.9

IMD6d2_damage
4
1.0509810000000002 1.3025
1.0559900000000002 1.3025
1.05001 1.4015
1.045001 1.4015
2.9

IMD6d2_damage
4
1.36501 1.3025
1.370019 1.3025
1.3759990000000002 1.4015
1.3709900000000002 1.4015
2.9

IMD6d2
4
-0.734 1.3025
-0.23601899999999998 1.3025
-0.241999 1.4015
-0.734 1.4015
2.65

IMD6d2
4
-0.195981 1.3025
-0.02001900000000001 1.3025
-0.025999000000000008 1.4015
-0.19000099999999998 1.4015
2.65

IMD6d2
4
0.02001900000000001 1.3025
0.555981 1.3025
0.550001 1.4015
0.025999000000000008 1.4015
2.65

IMD6d2
4
0.8750190000000001 1.3025
1.0509810000000002 1.3025
1.045001 1.4015
0.8809990000000001 1.4015
2.65

IMD6d2
4
1.370019 1.3025
1.8680000000000003 1.3025
1.8680000000000003 1.4015
1.3759990000000002 1.4015
2.65

IMD6d1
4
-0.734 1.2925
-0.24042399999999997 1.2925
-0.24102799999999996 1.3025
-0.734 1.3025
2.65

IMD6d1
4
-0.19157599999999997 1.2925
-0.024424000000000008 1.2925
-0.02502800000000001 1.3025
-0.19097199999999998 1.3025
2.65

IMD6d1
4
0.024424000000000008 1.2925
0.5515760000000001 1.2925
0.550972 1.3025
0.02502800000000001 1.3025
2.65

IMD6d1
4
0.879424 1.2925
1.0465760000000002 1.2925
1.0459720000000001 1.3025
0.880028 1.3025
2.65

IMD6d1
4
1.374424 1.2925
1.8680000000000003 1.2925
1.8680000000000003 1.3025
1.3750280000000001 1.3025
2.65

IMD6d1
4
-0.734 1.2745
1.8680000000000003 1.2745
1.8680000000000003 1.2925
-0.734 1.2925
2.65

FOXA+FOXB+TOX
4
-0.734 0.001
1.8680000000000003 0.001
1.8680000000000003 0.2665
-0.734 0.2665
4.0

ILD1a
4
-0.734 0.2665
1.8680000000000003 0.2665
1.8680000000000003 0.2765
-0.734 0.2765
7.0

ILD1b1+ILD1b2+ILD1b3
4
-0.734 0.2765
1.8680000000000003 0.2765
1.8680000000000003 0.3955
-0.734 0.3955
4.0

IMD1a
4
-0.734 0.3955
1.8680000000000003 0.3955
1.8680000000000003 0.4065
-0.734 0.4065
5.2

IMD1b
4
-0.734 0.4065
1.8680000000000003 0.4065
1.8680000000000003 0.4665
-0.734 0.4665
2.8

IMD2a
4
-0.734 0.4665
1.8680000000000003 0.4665
1.8680000000000003 0.4875
-0.734 0.4875
5.2

IMD2b
4
-0.734 0.4875
1.8680000000000003 0.4875
1.8680000000000003 0.5025
-0.734 0.5025
4.2

IMD2c
4
-0.734 0.5025
1.8680000000000003 0.5025
1.8680000000000003 0.5265
-0.734 0.5265
3.28

IMD2d1+IMD2d2
4
-0.734 0.5265
1.8680000000000003 0.5265
1.8680000000000003 0.6535
-0.734 0.6535
2.65

IMD3a
4
-0.734 0.6535
1.8680000000000003 0.6535
1.8680000000000003 0.6745
-0.734 0.6745
5.2

IMD3b
4
-0.734 0.6745
1.8680000000000003 0.6745
1.8680000000000003 0.6895
-0.734 0.6895
4.2

IMD3c
4
-0.734 0.6895
1.8680000000000003 0.6895
1.8680000000000003 0.7135
-0.734 0.7135
3.28

IMD3d1+IMD3d2
4
-0.734 0.7135
1.8680000000000003 0.7135
1.8680000000000003 0.8405
-0.734 0.8405
2.65

IMD4a
4
-0.734 0.8405
1.8680000000000003 0.8405
1.8680000000000003 0.8615
-0.734 0.8615
5.2

IMD4b
4
-0.734 0.8615
1.8680000000000003 0.8615
1.8680000000000003 0.8765
-0.734 0.8765
4.2

IMD4c
4
-0.734 0.8765
1.8680000000000003 0.8765
1.8680000000000003 0.9005
-0.734 0.9005
3.28

IMD4d1+IMD4d2
4
-0.734 0.9005
1.8680000000000003 0.9005
1.8680000000000003 1.0275
-0.734 1.0275
2.65

IMD5a
4
-0.734 1.0275
1.8680000000000003 1.0275
1.8680000000000003 1.0485
-0.734 1.0485
5.2

IMD5b
4
-0.734 1.0485
1.8680000000000003 1.0485
1.8680000000000003 1.0635
-0.734 1.0635
4.2

IMD5c
4
-0.734 1.0635
1.8680000000000003 1.0635
1.8680000000000003 1.0875
-0.734 1.0875
3.28

IMD5d1+IMD5d2
4
-0.734 1.0875
1.8680000000000003 1.0875
1.8680000000000003 1.2145
-0.734 1.2145
2.65

IMD6a
4
-0.734 1.2145
1.8680000000000003 1.2145
1.8680000000000003 1.2355
-0.734 1.2355
5.2

IMD6b
4
-0.734 1.2355
1.8680000000000003 1.2355
1.8680000000000003 1.2505
-0.734 1.2505
4.2

IMD6c
4
-0.734 1.2505
1.8680000000000003 1.2505
1.8680000000000003 1.2745
-0.734 1.2745
3.28

IMD7a
4
-0.734 1.4015
1.8680000000000003 1.4015
1.8680000000000003 1.4765
-0.734 1.4765
5.2

IMD7b1+IMD7b2
4
-0.734 1.4765
1.8680000000000003 1.4765
1.8680000000000003 2.9765
-0.734 2.9765
4.2

IMD8a
4
-0.734 2.9765
1.8680000000000003 2.9765
1.8680000000000003 3.0515
-0.734 3.0515
5.2

IMD8b1+IMD8b2
4
-0.734 3.0515
1.8680000000000003 3.0515
1.8680000000000003 4.5515
-0.734 4.5515
4.2

PASS1
4
-0.734 4.5515
1.8680000000000003 4.5515
1.8680000000000003 4.6265
-0.734 4.6265
7.0

PASS2
4
-0.734 4.6265
1.8680000000000003 4.6265
1.8680000000000003 5.0265
-0.734 5.0265
4.2

PASS3
4
-0.734 5.0265
1.8680000000000003 5.0265
1.8680000000000003 5.1015
-0.734 5.1015
7.0

PASS4+PASS5
4
-0.734 5.1015
1.8680000000000003 5.1015
1.8680000000000003 6.0515
-0.734 6.0515
4.2

PASS6
4
-0.734 6.0515
1.8680000000000003 6.0515
1.8680000000000003 6.6515
-0.734 6.6515
7.0

air_Layer
4
-0.734 6.6515
1.8680000000000003 6.6515
1.8680000000000003 6.9485
-0.734 6.9485
1.0


4
-0.734 0.001
1.8680000000000003 0.001
1.8680000000000003 6.9485
-0.734 6.9485

