c1
4
-0.33450999999999986 0.7415
0.33451 0.7415
0.34048999999999996 0.8405
-0.34048999999999985 0.8405

3
botleft
4
-2.8054799999999993 -0.001
0 -0.001
0 0.001
-2.8054799999999993 0.001

botright
4
0 -0.001
6.00948 -0.001
6.00948 0.001
0 0.001

lEnv
4
-1.0455099999999997 0.7415
-0.3764899999999999 0.7415
-0.3705099999999999 0.8405
-1.0514899999999998 0.8405


47
IMD3d1_damage
4
-1.0549239999999998 0.7315
-0.3670759999999999 0.7315
-0.3664719999999999 0.7415
-1.0555279999999998 0.7415
3.1

IMD3d1_damage
4
-0.34392399999999984 0.7315
0.34392399999999995 0.7315
0.34452799999999995 0.7415
-0.34452799999999983 0.7415
3.1

IMD3d2_damage
4
-1.0505189999999998 0.7415
-1.0455099999999997 0.7415
-1.0514899999999998 0.8405
-1.0564989999999999 0.8405
2.9

IMD3d2_damage
4
-0.3764899999999999 0.7415
-0.3714809999999999 0.7415
-0.3655009999999999 0.8405
-0.3705099999999999 0.8405
2.9

IMD3d2_damage
4
-0.33951899999999985 0.7415
-0.33450999999999986 0.7415
-0.34048999999999985 0.8405
-0.34549899999999983 0.8405
2.9

IMD3d2_damage
4
0.33451 0.7415
0.33951899999999996 0.7415
0.34549899999999995 0.8405
0.34048999999999996 0.8405
2.9

IMD3d2
4
-2.8054799999999993 0.7415
-1.0505189999999998 0.7415
-1.0564989999999999 0.8405
-2.8054799999999993 0.8405
2.65

IMD3d2
4
-0.3714809999999999 0.7415
-0.33951899999999985 0.7415
-0.34549899999999983 0.8405
-0.3655009999999999 0.8405
2.65

IMD3d2
4
0.33951899999999996 0.7415
6.00948 0.7415
6.00948 0.8405
0.34549899999999995 0.8405
2.65

IMD3d1
4
-2.8054799999999993 0.7315
-1.0549239999999998 0.7315
-1.0555279999999998 0.7415
-2.8054799999999993 0.7415
2.65

IMD3d1
4
-0.3670759999999999 0.7315
-0.34392399999999984 0.7315
-0.34452799999999983 0.7415
-0.3664719999999999 0.7415
2.65

IMD3d1
4
0.34392399999999995 0.7315
6.00948 0.7315
6.00948 0.7415
0.34452799999999995 0.7415
2.65

IMD3d1
4
-2.8054799999999993 0.7135
6.00948 0.7135
6.00948 0.7315
-2.8054799999999993 0.7315
2.65

FOXA+FOXB+TOX
4
-2.8054799999999993 0.001
6.00948 0.001
6.00948 0.2665
-2.8054799999999993 0.2665
4.0

ILD1a
4
-2.8054799999999993 0.2665
6.00948 0.2665
6.00948 0.2765
-2.8054799999999993 0.2765
7.0

ILD1b1+ILD1b2+ILD1b3
4
-2.8054799999999993 0.2765
6.00948 0.2765
6.00948 0.3955
-2.8054799999999993 0.3955
4.0

IMD1a
4
-2.8054799999999993 0.3955
6.00948 0.3955
6.00948 0.4065
-2.8054799999999993 0.4065
5.2

IMD1b
4
-2.8054799999999993 0.4065
6.00948 0.4065
6.00948 0.4665
-2.8054799999999993 0.4665
2.8

IMD2a
4
-2.8054799999999993 0.4665
6.00948 0.4665
6.00948 0.4875
-2.8054799999999993 0.4875
5.2

IMD2b
4
-2.8054799999999993 0.4875
6.00948 0.4875
6.00948 0.5025
-2.8054799999999993 0.5025
4.2

IMD2c
4
-2.8054799999999993 0.5025
6.00948 0.5025
6.00948 0.5265
-2.8054799999999993 0.5265
3.28

IMD2d1+IMD2d2
4
-2.8054799999999993 0.5265
6.00948 0.5265
6.00948 0.6535
-2.8054799999999993 0.6535
2.65

IMD3a
4
-2.8054799999999993 0.6535
6.00948 0.6535
6.00948 0.6745
-2.8054799999999993 0.6745
5.2

IMD3b
4
-2.8054799999999993 0.6745
6.00948 0.6745
6.00948 0.6895
-2.8054799999999993 0.6895
4.2

IMD3c
4
-2.8054799999999993 0.6895
6.00948 0.6895
6.00948 0.7135
-2.8054799999999993 0.7135
3.28

IMD4a
4
-2.8054799999999993 0.8405
6.00948 0.8405
6.00948 0.8615
-2.8054799999999993 0.8615
5.2

IMD4b
4
-2.8054799999999993 0.8615
6.00948 0.8615
6.00948 0.8765
-2.8054799999999993 0.8765
4.2

IMD4c
4
-2.8054799999999993 0.8765
6.00948 0.8765
6.00948 0.9005
-2.8054799999999993 0.9005
3.28

IMD4d1+IMD4d2
4
-2.8054799999999993 0.9005
6.00948 0.9005
6.00948 1.0275
-2.8054799999999993 1.0275
2.65

IMD5a
4
-2.8054799999999993 1.0275
6.00948 1.0275
6.00948 1.0485
-2.8054799999999993 1.0485
5.2

IMD5b
4
-2.8054799999999993 1.0485
6.00948 1.0485
6.00948 1.0635
-2.8054799999999993 1.0635
4.2

IMD5c
4
-2.8054799999999993 1.0635
6.00948 1.0635
6.00948 1.0875
-2.8054799999999993 1.0875
3.28

IMD5d1+IMD5d2
4
-2.8054799999999993 1.0875
6.00948 1.0875
6.00948 1.2145
-2.8054799999999993 1.2145
2.65

IMD6a
4
-2.8054799999999993 1.2145
6.00948 1.2145
6.00948 1.2355
-2.8054799999999993 1.2355
5.2

IMD6b
4
-2.8054799999999993 1.2355
6.00948 1.2355
6.00948 1.2505
-2.8054799999999993 1.2505
4.2

IMD6c
4
-2.8054799999999993 1.2505
6.00948 1.2505
6.00948 1.2745
-2.8054799999999993 1.2745
3.28

IMD6d1+IMD6d2
4
-2.8054799999999993 1.2745
6.00948 1.2745
6.00948 1.4015
-2.8054799999999993 1.4015
2.65

IMD7a
4
-2.8054799999999993 1.4015
6.00948 1.4015
6.00948 1.4765
-2.8054799999999993 1.4765
5.2

IMD7b1+IMD7b2
4
-2.8054799999999993 1.4765
6.00948 1.4765
6.00948 2.9765
-2.8054799999999993 2.9765
4.2

IMD8a
4
-2.8054799999999993 2.9765
6.00948 2.9765
6.00948 3.0515
-2.8054799999999993 3.0515
5.2

IMD8b1+IMD8b2
4
-2.8054799999999993 3.0515
6.00948 3.0515
6.00948 4.5515
-2.8054799999999993 4.5515
4.2

PASS1
4
-2.8054799999999993 4.5515
6.00948 4.5515
6.00948 4.6265
-2.8054799999999993 4.6265
7.0

PASS2
4
-2.8054799999999993 4.6265
6.00948 4.6265
6.00948 5.0265
-2.8054799999999993 5.0265
4.2

PASS3
4
-2.8054799999999993 5.0265
6.00948 5.0265
6.00948 5.1015
-2.8054799999999993 5.1015
7.0

PASS4+PASS5
4
-2.8054799999999993 5.1015
6.00948 5.1015
6.00948 6.0515
-2.8054799999999993 6.0515
4.2

PASS6
4
-2.8054799999999993 6.0515
6.00948 6.0515
6.00948 6.6515
-2.8054799999999993 6.6515
7.0

air_Layer
4
-2.8054799999999993 6.6515
6.00948 6.6515
6.00948 6.9485
-2.8054799999999993 6.9485
1.0


4
-2.8054799999999993 0.001
6.00948 0.001
6.00948 6.9485
-2.8054799999999993 6.9485

