c1
4
-0.08701000000000002 1.3025
0.08701000000000002 1.3025
0.09299000000000002 1.4015
-0.09299000000000002 1.4015

5
botleft
4
-1.22 -0.001
0 -0.001
0 0.001
-1.22 0.001

botright
4
0 -0.001
2.9299999999999997 -0.001
2.9299999999999997 0.001
0 0.001

lEnv
4
-0.71701 1.3025
-0.54299 1.3025
-0.53701 1.4015
-0.72299 1.4015

c2
4
0.63299 1.3025
1.30201 1.3025
1.30799 1.4015
0.6270100000000001 1.4015

rEnv
4
1.7579900000000002 1.3025
2.42701 1.3025
2.43299 1.4015
1.75201 1.4015


57
IMD6d1_damage
4
-0.726424 1.2925
-0.533576 1.2925
-0.532972 1.3025
-0.727028 1.3025
3.1

IMD6d1_damage
4
-0.09642400000000002 1.2925
0.09642400000000002 1.2925
0.09702800000000002 1.3025
-0.09702800000000002 1.3025
3.1

IMD6d1_damage
4
0.6235760000000001 1.2925
1.311424 1.2925
1.312028 1.3025
0.6229720000000001 1.3025
3.1

IMD6d1_damage
4
1.7485760000000001 1.2925
2.436424 1.2925
2.437028 1.3025
1.747972 1.3025
3.1

IMD6d2_damage
4
-0.7220190000000001 1.3025
-0.71701 1.3025
-0.72299 1.4015
-0.7279990000000001 1.4015
2.9

IMD6d2_damage
4
-0.54299 1.3025
-0.5379809999999999 1.3025
-0.532001 1.4015
-0.53701 1.4015
2.9

IMD6d2_damage
4
-0.09201900000000002 1.3025
-0.08701000000000002 1.3025
-0.09299000000000002 1.4015
-0.09799900000000002 1.4015
2.9

IMD6d2_damage
4
0.08701000000000002 1.3025
0.09201900000000002 1.3025
0.09799900000000002 1.4015
0.09299000000000002 1.4015
2.9

IMD6d2_damage
4
0.627981 1.3025
0.63299 1.3025
0.6270100000000001 1.4015
0.622001 1.4015
2.9

IMD6d2_damage
4
1.30201 1.3025
1.307019 1.3025
1.312999 1.4015
1.30799 1.4015
2.9

IMD6d2_damage
4
1.7529810000000001 1.3025
1.7579900000000002 1.3025
1.75201 1.4015
1.747001 1.4015
2.9

IMD6d2_damage
4
2.42701 1.3025
2.432019 1.3025
2.437999 1.4015
2.43299 1.4015
2.9

IMD6d2
4
-1.22 1.3025
-0.7220190000000001 1.3025
-0.7279990000000001 1.4015
-1.22 1.4015
2.65

IMD6d2
4
-0.5379809999999999 1.3025
-0.09201900000000002 1.3025
-0.09799900000000002 1.4015
-0.532001 1.4015
2.65

IMD6d2
4
0.09201900000000002 1.3025
0.627981 1.3025
0.622001 1.4015
0.09799900000000002 1.4015
2.65

IMD6d2
4
1.307019 1.3025
1.7529810000000001 1.3025
1.747001 1.4015
1.312999 1.4015
2.65

IMD6d2
4
2.432019 1.3025
2.9299999999999997 1.3025
2.9299999999999997 1.4015
2.437999 1.4015
2.65

IMD6d1
4
-1.22 1.2925
-0.726424 1.2925
-0.727028 1.3025
-1.22 1.3025
2.65

IMD6d1
4
-0.533576 1.2925
-0.09642400000000002 1.2925
-0.09702800000000002 1.3025
-0.532972 1.3025
2.65

IMD6d1
4
0.09642400000000002 1.2925
0.6235760000000001 1.2925
0.6229720000000001 1.3025
0.09702800000000002 1.3025
2.65

IMD6d1
4
1.311424 1.2925
1.7485760000000001 1.2925
1.747972 1.3025
1.312028 1.3025
2.65

IMD6d1
4
2.436424 1.2925
2.9299999999999997 1.2925
2.9299999999999997 1.3025
2.437028 1.3025
2.65

IMD6d1
4
-1.22 1.2745
2.9299999999999997 1.2745
2.9299999999999997 1.2925
-1.22 1.2925
2.65

FOXA+FOXB+TOX
4
-1.22 0.001
2.9299999999999997 0.001
2.9299999999999997 0.2665
-1.22 0.2665
4.0

ILD1a
4
-1.22 0.2665
2.9299999999999997 0.2665
2.9299999999999997 0.2765
-1.22 0.2765
7.0

ILD1b1+ILD1b2+ILD1b3
4
-1.22 0.2765
2.9299999999999997 0.2765
2.9299999999999997 0.3955
-1.22 0.3955
4.0

IMD1a
4
-1.22 0.3955
2.9299999999999997 0.3955
2.9299999999999997 0.4065
-1.22 0.4065
5.2

IMD1b
4
-1.22 0.4065
2.9299999999999997 0.4065
2.9299999999999997 0.4665
-1.22 0.4665
2.8

IMD2a
4
-1.22 0.4665
2.9299999999999997 0.4665
2.9299999999999997 0.4875
-1.22 0.4875
5.2

IMD2b
4
-1.22 0.4875
2.9299999999999997 0.4875
2.9299999999999997 0.5025
-1.22 0.5025
4.2

IMD2c
4
-1.22 0.5025
2.9299999999999997 0.5025
2.9299999999999997 0.5265
-1.22 0.5265
3.28

IMD2d1+IMD2d2
4
-1.22 0.5265
2.9299999999999997 0.5265
2.9299999999999997 0.6535
-1.22 0.6535
2.65

IMD3a
4
-1.22 0.6535
2.9299999999999997 0.6535
2.9299999999999997 0.6745
-1.22 0.6745
5.2

IMD3b
4
-1.22 0.6745
2.9299999999999997 0.6745
2.9299999999999997 0.6895
-1.22 0.6895
4.2

IMD3c
4
-1.22 0.6895
2.9299999999999997 0.6895
2.9299999999999997 0.7135
-1.22 0.7135
3.28

IMD3d1+IMD3d2
4
-1.22 0.7135
2.9299999999999997 0.7135
2.9299999999999997 0.8405
-1.22 0.8405
2.65

IMD4a
4
-1.22 0.8405
2.9299999999999997 0.8405
2.9299999999999997 0.8615
-1.22 0.8615
5.2

IMD4b
4
-1.22 0.8615
2.9299999999999997 0.8615
2.9299999999999997 0.8765
-1.22 0.8765
4.2

IMD4c
4
-1.22 0.8765
2.9299999999999997 0.8765
2.9299999999999997 0.9005
-1.22 0.9005
3.28

IMD4d1+IMD4d2
4
-1.22 0.9005
2.9299999999999997 0.9005
2.9299999999999997 1.0275
-1.22 1.0275
2.65

IMD5a
4
-1.22 1.0275
2.9299999999999997 1.0275
2.9299999999999997 1.0485
-1.22 1.0485
5.2

IMD5b
4
-1.22 1.0485
2.9299999999999997 1.0485
2.9299999999999997 1.0635
-1.22 1.0635
4.2

IMD5c
4
-1.22 1.0635
2.9299999999999997 1.0635
2.9299999999999997 1.0875
-1.22 1.0875
3.28

IMD5d1+IMD5d2
4
-1.22 1.0875
2.9299999999999997 1.0875
2.9299999999999997 1.2145
-1.22 1.2145
2.65

IMD6a
4
-1.22 1.2145
2.9299999999999997 1.2145
2.9299999999999997 1.2355
-1.22 1.2355
5.2

IMD6b
4
-1.22 1.2355
2.9299999999999997 1.2355
2.9299999999999997 1.2505
-1.22 1.2505
4.2

IMD6c
4
-1.22 1.2505
2.9299999999999997 1.2505
2.9299999999999997 1.2745
-1.22 1.2745
3.28

IMD7a
4
-1.22 1.4015
2.9299999999999997 1.4015
2.9299999999999997 1.4765
-1.22 1.4765
5.2

IMD7b1+IMD7b2
4
-1.22 1.4765
2.9299999999999997 1.4765
2.9299999999999997 2.9765
-1.22 2.9765
4.2

IMD8a
4
-1.22 2.9765
2.9299999999999997 2.9765
2.9299999999999997 3.0515
-1.22 3.0515
5.2

IMD8b1+IMD8b2
4
-1.22 3.0515
2.9299999999999997 3.0515
2.9299999999999997 4.5515
-1.22 4.5515
4.2

PASS1
4
-1.22 4.5515
2.9299999999999997 4.5515
2.9299999999999997 4.6265
-1.22 4.6265
7.0

PASS2
4
-1.22 4.6265
2.9299999999999997 4.6265
2.9299999999999997 5.0265
-1.22 5.0265
4.2

PASS3
4
-1.22 5.0265
2.9299999999999997 5.0265
2.9299999999999997 5.1015
-1.22 5.1015
7.0

PASS4+PASS5
4
-1.22 5.1015
2.9299999999999997 5.1015
2.9299999999999997 6.0515
-1.22 6.0515
4.2

PASS6
4
-1.22 6.0515
2.9299999999999997 6.0515
2.9299999999999997 6.6515
-1.22 6.6515
7.0

air_Layer
4
-1.22 6.6515
2.9299999999999997 6.6515
2.9299999999999997 6.9485
-1.22 6.9485
1.0


4
-1.22 0.001
2.9299999999999997 0.001
2.9299999999999997 6.9485
-1.22 6.9485

