c1
4
-0.08701000000000002 1.3025
0.08701000000000002 1.3025
0.09299000000000002 1.4015
-0.09299000000000002 1.4015

5
botleft
4
-0.8600000000000001 -0.001
0 -0.001
0 0.001
-0.8600000000000001 0.001

botright
4
0 -0.001
1.1345 -0.001
1.1345 0.001
0 0.001

lEnv
4
-0.35701000000000005 1.3025
-0.18299000000000004 1.3025
-0.17701000000000003 1.4015
-0.36299000000000003 1.4015

c2
4
0.47548999999999997 1.3025
0.50551 1.3025
0.51149 1.4015
0.46951 1.4015

rEnv
4
0.60149 1.3025
0.63151 1.3025
0.63749 1.4015
0.59551 1.4015


57
IMD6d1_damage
4
-0.366424 1.2925
-0.173576 1.2925
-0.17297200000000001 1.3025
-0.367028 1.3025
3.1

IMD6d1_damage
4
-0.09642400000000002 1.2925
0.09642400000000002 1.2925
0.09702800000000002 1.3025
-0.09702800000000002 1.3025
3.1

IMD6d1_damage
4
0.466076 1.2925
0.5149239999999999 1.2925
0.515528 1.3025
0.465472 1.3025
3.1

IMD6d1_damage
4
0.592076 1.2925
0.6409239999999999 1.2925
0.641528 1.3025
0.591472 1.3025
3.1

IMD6d2_damage
4
-0.36201900000000004 1.3025
-0.35701000000000005 1.3025
-0.36299000000000003 1.4015
-0.367999 1.4015
2.9

IMD6d2_damage
4
-0.18299000000000004 1.3025
-0.17798100000000003 1.3025
-0.17200100000000001 1.4015
-0.17701000000000003 1.4015
2.9

IMD6d2_damage
4
-0.09201900000000002 1.3025
-0.08701000000000002 1.3025
-0.09299000000000002 1.4015
-0.09799900000000002 1.4015
2.9

IMD6d2_damage
4
0.08701000000000002 1.3025
0.09201900000000002 1.3025
0.09799900000000002 1.4015
0.09299000000000002 1.4015
2.9

IMD6d2_damage
4
0.470481 1.3025
0.47548999999999997 1.3025
0.46951 1.4015
0.464501 1.4015
2.9

IMD6d2_damage
4
0.50551 1.3025
0.5105190000000001 1.3025
0.516499 1.4015
0.51149 1.4015
2.9

IMD6d2_damage
4
0.5964809999999999 1.3025
0.60149 1.3025
0.59551 1.4015
0.5905009999999999 1.4015
2.9

IMD6d2_damage
4
0.63151 1.3025
0.6365190000000001 1.3025
0.642499 1.4015
0.63749 1.4015
2.9

IMD6d2
4
-0.8600000000000001 1.3025
-0.36201900000000004 1.3025
-0.367999 1.4015
-0.8600000000000001 1.4015
2.65

IMD6d2
4
-0.17798100000000003 1.3025
-0.09201900000000002 1.3025
-0.09799900000000002 1.4015
-0.17200100000000001 1.4015
2.65

IMD6d2
4
0.09201900000000002 1.3025
0.470481 1.3025
0.464501 1.4015
0.09799900000000002 1.4015
2.65

IMD6d2
4
0.5105190000000001 1.3025
0.5964809999999999 1.3025
0.5905009999999999 1.4015
0.516499 1.4015
2.65

IMD6d2
4
0.6365190000000001 1.3025
1.1345 1.3025
1.1345 1.4015
0.642499 1.4015
2.65

IMD6d1
4
-0.8600000000000001 1.2925
-0.366424 1.2925
-0.367028 1.3025
-0.8600000000000001 1.3025
2.65

IMD6d1
4
-0.173576 1.2925
-0.09642400000000002 1.2925
-0.09702800000000002 1.3025
-0.17297200000000001 1.3025
2.65

IMD6d1
4
0.09642400000000002 1.2925
0.466076 1.2925
0.465472 1.3025
0.09702800000000002 1.3025
2.65

IMD6d1
4
0.5149239999999999 1.2925
0.592076 1.2925
0.591472 1.3025
0.515528 1.3025
2.65

IMD6d1
4
0.6409239999999999 1.2925
1.1345 1.2925
1.1345 1.3025
0.641528 1.3025
2.65

IMD6d1
4
-0.8600000000000001 1.2745
1.1345 1.2745
1.1345 1.2925
-0.8600000000000001 1.2925
2.65

FOXA+FOXB+TOX
4
-0.8600000000000001 0.001
1.1345 0.001
1.1345 0.2665
-0.8600000000000001 0.2665
4.0

ILD1a
4
-0.8600000000000001 0.2665
1.1345 0.2665
1.1345 0.2765
-0.8600000000000001 0.2765
7.0

ILD1b1+ILD1b2+ILD1b3
4
-0.8600000000000001 0.2765
1.1345 0.2765
1.1345 0.3955
-0.8600000000000001 0.3955
4.0

IMD1a
4
-0.8600000000000001 0.3955
1.1345 0.3955
1.1345 0.4065
-0.8600000000000001 0.4065
5.2

IMD1b
4
-0.8600000000000001 0.4065
1.1345 0.4065
1.1345 0.4665
-0.8600000000000001 0.4665
2.8

IMD2a
4
-0.8600000000000001 0.4665
1.1345 0.4665
1.1345 0.4875
-0.8600000000000001 0.4875
5.2

IMD2b
4
-0.8600000000000001 0.4875
1.1345 0.4875
1.1345 0.5025
-0.8600000000000001 0.5025
4.2

IMD2c
4
-0.8600000000000001 0.5025
1.1345 0.5025
1.1345 0.5265
-0.8600000000000001 0.5265
3.28

IMD2d1+IMD2d2
4
-0.8600000000000001 0.5265
1.1345 0.5265
1.1345 0.6535
-0.8600000000000001 0.6535
2.65

IMD3a
4
-0.8600000000000001 0.6535
1.1345 0.6535
1.1345 0.6745
-0.8600000000000001 0.6745
5.2

IMD3b
4
-0.8600000000000001 0.6745
1.1345 0.6745
1.1345 0.6895
-0.8600000000000001 0.6895
4.2

IMD3c
4
-0.8600000000000001 0.6895
1.1345 0.6895
1.1345 0.7135
-0.8600000000000001 0.7135
3.28

IMD3d1+IMD3d2
4
-0.8600000000000001 0.7135
1.1345 0.7135
1.1345 0.8405
-0.8600000000000001 0.8405
2.65

IMD4a
4
-0.8600000000000001 0.8405
1.1345 0.8405
1.1345 0.8615
-0.8600000000000001 0.8615
5.2

IMD4b
4
-0.8600000000000001 0.8615
1.1345 0.8615
1.1345 0.8765
-0.8600000000000001 0.8765
4.2

IMD4c
4
-0.8600000000000001 0.8765
1.1345 0.8765
1.1345 0.9005
-0.8600000000000001 0.9005
3.28

IMD4d1+IMD4d2
4
-0.8600000000000001 0.9005
1.1345 0.9005
1.1345 1.0275
-0.8600000000000001 1.0275
2.65

IMD5a
4
-0.8600000000000001 1.0275
1.1345 1.0275
1.1345 1.0485
-0.8600000000000001 1.0485
5.2

IMD5b
4
-0.8600000000000001 1.0485
1.1345 1.0485
1.1345 1.0635
-0.8600000000000001 1.0635
4.2

IMD5c
4
-0.8600000000000001 1.0635
1.1345 1.0635
1.1345 1.0875
-0.8600000000000001 1.0875
3.28

IMD5d1+IMD5d2
4
-0.8600000000000001 1.0875
1.1345 1.0875
1.1345 1.2145
-0.8600000000000001 1.2145
2.65

IMD6a
4
-0.8600000000000001 1.2145
1.1345 1.2145
1.1345 1.2355
-0.8600000000000001 1.2355
5.2

IMD6b
4
-0.8600000000000001 1.2355
1.1345 1.2355
1.1345 1.2505
-0.8600000000000001 1.2505
4.2

IMD6c
4
-0.8600000000000001 1.2505
1.1345 1.2505
1.1345 1.2745
-0.8600000000000001 1.2745
3.28

IMD7a
4
-0.8600000000000001 1.4015
1.1345 1.4015
1.1345 1.4765
-0.8600000000000001 1.4765
5.2

IMD7b1+IMD7b2
4
-0.8600000000000001 1.4765
1.1345 1.4765
1.1345 2.9765
-0.8600000000000001 2.9765
4.2

IMD8a
4
-0.8600000000000001 2.9765
1.1345 2.9765
1.1345 3.0515
-0.8600000000000001 3.0515
5.2

IMD8b1+IMD8b2
4
-0.8600000000000001 3.0515
1.1345 3.0515
1.1345 4.5515
-0.8600000000000001 4.5515
4.2

PASS1
4
-0.8600000000000001 4.5515
1.1345 4.5515
1.1345 4.6265
-0.8600000000000001 4.6265
7.0

PASS2
4
-0.8600000000000001 4.6265
1.1345 4.6265
1.1345 5.0265
-0.8600000000000001 5.0265
4.2

PASS3
4
-0.8600000000000001 5.0265
1.1345 5.0265
1.1345 5.1015
-0.8600000000000001 5.1015
7.0

PASS4+PASS5
4
-0.8600000000000001 5.1015
1.1345 5.1015
1.1345 6.0515
-0.8600000000000001 6.0515
4.2

PASS6
4
-0.8600000000000001 6.0515
1.1345 6.0515
1.1345 6.6515
-0.8600000000000001 6.6515
7.0

air_Layer
4
-0.8600000000000001 6.6515
1.1345 6.6515
1.1345 6.9485
-0.8600000000000001 6.9485
1.0


4
-0.8600000000000001 0.001
1.1345 0.001
1.1345 6.9485
-0.8600000000000001 6.9485

