c1
4
-0.013420000000000017 0.37050000000000005
0.01341999999999999 0.37050000000000005
0.02257999999999999 0.4665
-0.022580000000000017 0.4665

5
botleft
4
-0.734 -0.001
0 -0.001
0 0.001
-0.734 0.001

botright
4
0 -0.001
2.3179999999999996 -0.001
2.3179999999999996 0.001
0 0.001

lEnv
4
-0.22942 0.37050000000000005
-0.20258 0.37050000000000005
-0.19342 0.4665
-0.23858000000000001 0.4665

c2
4
0.7425799999999999 0.37050000000000005
1.18342 0.37050000000000005
1.19258 0.4665
0.73342 0.4665

rEnv
4
1.37258 0.37050000000000005
1.8134199999999996 0.37050000000000005
1.8225799999999996 0.4665
1.3634199999999999 0.4665


48
IMD1b
4
-0.734 0.40650000000000003
-0.232855 0.40650000000000003
-0.23858000000000001 0.4665
-0.734 0.4665
2.8

IMD1b
4
-0.19914500000000002 0.40650000000000003
-0.016855000000000016 0.40650000000000003
-0.022580000000000017 0.4665
-0.19342 0.4665
2.8

IMD1b
4
0.016854999999999988 0.40650000000000003
0.7391449999999999 0.40650000000000003
0.73342 0.4665
0.02257999999999999 0.4665
2.8

IMD1b
4
1.186855 0.40650000000000003
1.3691449999999998 0.40650000000000003
1.3634199999999999 0.4665
1.19258 0.4665
2.8

IMD1b
4
1.8168549999999997 0.40650000000000003
2.3179999999999996 0.40650000000000003
2.3179999999999996 0.4665
1.8225799999999996 0.4665
2.8

IMD1a
4
-0.734 0.3955
-0.23180541666666668 0.3955
-0.232855 0.40650000000000003
-0.734 0.40650000000000003
5.2

IMD1a
4
-0.20019458333333334 0.3955
-0.015805416666666683 0.3955
-0.016855000000000016 0.40650000000000003
-0.19914500000000002 0.40650000000000003
5.2

IMD1a
4
0.015805416666666655 0.3955
0.7401945833333333 0.3955
0.7391449999999999 0.40650000000000003
0.016854999999999988 0.40650000000000003
5.2

IMD1a
4
1.1858054166666667 0.3955
1.370194583333333 0.3955
1.3691449999999998 0.40650000000000003
1.186855 0.40650000000000003
5.2

IMD1a
4
1.8158054166666664 0.3955
2.3179999999999996 0.3955
2.3179999999999996 0.40650000000000003
1.8168549999999997 0.40650000000000003
5.2

ILD1b3
4
-0.734 0.37050000000000005
-0.22942 0.37050000000000005
-0.23180541666666668 0.3955
-0.734 0.3955
4

ILD1b3
4
-0.20258 0.37050000000000005
-0.013420000000000017 0.37050000000000005
-0.015805416666666683 0.3955
-0.20019458333333334 0.3955
4

ILD1b3
4
0.01341999999999999 0.37050000000000005
0.7425799999999999 0.37050000000000005
0.7401945833333333 0.3955
0.015805416666666655 0.3955
4

ILD1b3
4
1.18342 0.37050000000000005
1.37258 0.37050000000000005
1.370194583333333 0.3955
1.1858054166666667 0.3955
4

ILD1b3
4
1.8134199999999996 0.37050000000000005
2.3179999999999996 0.37050000000000005
2.3179999999999996 0.3955
1.8158054166666664 0.3955
4

ILD1b1+ILD1b2
4
-0.734 0.2765
2.3179999999999996 0.2765
2.3179999999999996 0.37050000000000005
-0.734 0.37050000000000005
4

FOXA+FOXB+TOX
4
-0.734 0.001
2.3179999999999996 0.001
2.3179999999999996 0.2665
-0.734 0.2665
4.0

ILD1a
4
-0.734 0.2665
2.3179999999999996 0.2665
2.3179999999999996 0.2765
-0.734 0.2765
7.0

IMD2a
4
-0.734 0.4665
2.3179999999999996 0.4665
2.3179999999999996 0.4875
-0.734 0.4875
5.2

IMD2b
4
-0.734 0.4875
2.3179999999999996 0.4875
2.3179999999999996 0.5025
-0.734 0.5025
4.2

IMD2c
4
-0.734 0.5025
2.3179999999999996 0.5025
2.3179999999999996 0.5265
-0.734 0.5265
3.28

IMD2d1+IMD2d2
4
-0.734 0.5265
2.3179999999999996 0.5265
2.3179999999999996 0.6535
-0.734 0.6535
2.65

IMD3a
4
-0.734 0.6535
2.3179999999999996 0.6535
2.3179999999999996 0.6745
-0.734 0.6745
5.2

IMD3b
4
-0.734 0.6745
2.3179999999999996 0.6745
2.3179999999999996 0.6895
-0.734 0.6895
4.2

IMD3c
4
-0.734 0.6895
2.3179999999999996 0.6895
2.3179999999999996 0.7135
-0.734 0.7135
3.28

IMD3d1+IMD3d2
4
-0.734 0.7135
2.3179999999999996 0.7135
2.3179999999999996 0.8405
-0.734 0.8405
2.65

IMD4a
4
-0.734 0.8405
2.3179999999999996 0.8405
2.3179999999999996 0.8615
-0.734 0.8615
5.2

IMD4b
4
-0.734 0.8615
2.3179999999999996 0.8615
2.3179999999999996 0.8765
-0.734 0.8765
4.2

IMD4c
4
-0.734 0.8765
2.3179999999999996 0.8765
2.3179999999999996 0.9005
-0.734 0.9005
3.28

IMD4d1+IMD4d2
4
-0.734 0.9005
2.3179999999999996 0.9005
2.3179999999999996 1.0275
-0.734 1.0275
2.65

IMD5a
4
-0.734 1.0275
2.3179999999999996 1.0275
2.3179999999999996 1.0485
-0.734 1.0485
5.2

IMD5b
4
-0.734 1.0485
2.3179999999999996 1.0485
2.3179999999999996 1.0635
-0.734 1.0635
4.2

IMD5c
4
-0.734 1.0635
2.3179999999999996 1.0635
2.3179999999999996 1.0875
-0.734 1.0875
3.28

IMD5d1+IMD5d2
4
-0.734 1.0875
2.3179999999999996 1.0875
2.3179999999999996 1.2145
-0.734 1.2145
2.65

IMD6a
4
-0.734 1.2145
2.3179999999999996 1.2145
2.3179999999999996 1.2355
-0.734 1.2355
5.2

IMD6b
4
-0.734 1.2355
2.3179999999999996 1.2355
2.3179999999999996 1.2505
-0.734 1.2505
4.2

IMD6c
4
-0.734 1.2505
2.3179999999999996 1.2505
2.3179999999999996 1.2745
-0.734 1.2745
3.28

IMD6d1+IMD6d2
4
-0.734 1.2745
2.3179999999999996 1.2745
2.3179999999999996 1.4015
-0.734 1.4015
2.65

IMD7a
4
-0.734 1.4015
2.3179999999999996 1.4015
2.3179999999999996 1.4765
-0.734 1.4765
5.2

IMD7b1+IMD7b2
4
-0.734 1.4765
2.3179999999999996 1.4765
2.3179999999999996 2.9765
-0.734 2.9765
4.2

IMD8a
4
-0.734 2.9765
2.3179999999999996 2.9765
2.3179999999999996 3.0515
-0.734 3.0515
5.2

IMD8b1+IMD8b2
4
-0.734 3.0515
2.3179999999999996 3.0515
2.3179999999999996 4.5515
-0.734 4.5515
4.2

PASS1
4
-0.734 4.5515
2.3179999999999996 4.5515
2.3179999999999996 4.6265
-0.734 4.6265
7.0

PASS2
4
-0.734 4.6265
2.3179999999999996 4.6265
2.3179999999999996 5.0265
-0.734 5.0265
4.2

PASS3
4
-0.734 5.0265
2.3179999999999996 5.0265
2.3179999999999996 5.1015
-0.734 5.1015
7.0

PASS4+PASS5
4
-0.734 5.1015
2.3179999999999996 5.1015
2.3179999999999996 6.0515
-0.734 6.0515
4.2

PASS6
4
-0.734 6.0515
2.3179999999999996 6.0515
2.3179999999999996 6.6515
-0.734 6.6515
7.0

air_Layer
4
-0.734 6.6515
2.3179999999999996 6.6515
2.3179999999999996 6.9485
-0.734 6.9485
1.0


4
-0.734 0.001
2.3179999999999996 0.001
2.3179999999999996 6.9485
-0.734 6.9485

