c1
4
-0.15451 0.9285000000000001
0.15451 0.9285000000000001
0.16049000000000002 1.0275
-0.16049000000000002 1.0275

5
botleft
4
-1.0085 -0.001
0 -0.001
0 0.001
-1.0085 0.001

botright
4
0 -0.001
1.7735 -0.001
1.7735 0.001
0 0.001

lEnv
4
-0.50551 0.9285000000000001
-0.19649000000000003 0.9285000000000001
-0.19051 1.0275
-0.51149 1.0275

c2
4
0.8804900000000001 0.9285000000000001
1.05451 0.9285000000000001
1.0604900000000002 1.0275
0.8745100000000001 1.0275

rEnv
4
1.0964900000000002 0.9285000000000001
1.27051 0.9285000000000001
1.2764900000000001 1.0275
1.09051 1.0275


57
IMD4d1_damage
4
-0.5149239999999999 0.9185000000000001
-0.18707600000000002 0.9185000000000001
-0.18647200000000003 0.9285000000000001
-0.515528 0.9285000000000001
3.1

IMD4d1_damage
4
-0.16392400000000001 0.9185000000000001
0.16392400000000001 0.9185000000000001
0.164528 0.9285000000000001
-0.164528 0.9285000000000001
3.1

IMD4d1_damage
4
0.8710760000000002 0.9185000000000001
1.063924 0.9185000000000001
1.0645280000000001 0.9285000000000001
0.8704720000000001 0.9285000000000001
3.1

IMD4d1_damage
4
1.0870760000000002 0.9185000000000001
1.279924 0.9185000000000001
1.280528 0.9285000000000001
1.086472 0.9285000000000001
3.1

IMD4d2_damage
4
-0.5105190000000001 0.9285000000000001
-0.50551 0.9285000000000001
-0.51149 1.0275
-0.516499 1.0275
2.9

IMD4d2_damage
4
-0.19649000000000003 0.9285000000000001
-0.191481 0.9285000000000001
-0.185501 1.0275
-0.19051 1.0275
2.9

IMD4d2_damage
4
-0.15951900000000002 0.9285000000000001
-0.15451 0.9285000000000001
-0.16049000000000002 1.0275
-0.16549900000000003 1.0275
2.9

IMD4d2_damage
4
0.15451 0.9285000000000001
0.15951900000000002 0.9285000000000001
0.16549900000000003 1.0275
0.16049000000000002 1.0275
2.9

IMD4d2_damage
4
0.8754810000000001 0.9285000000000001
0.8804900000000001 0.9285000000000001
0.8745100000000001 1.0275
0.8695010000000001 1.0275
2.9

IMD4d2_damage
4
1.05451 0.9285000000000001
1.059519 0.9285000000000001
1.0654990000000002 1.0275
1.0604900000000002 1.0275
2.9

IMD4d2_damage
4
1.0914810000000001 0.9285000000000001
1.0964900000000002 0.9285000000000001
1.09051 1.0275
1.085501 1.0275
2.9

IMD4d2_damage
4
1.27051 0.9285000000000001
1.275519 0.9285000000000001
1.2814990000000002 1.0275
1.2764900000000001 1.0275
2.9

IMD4d2
4
-1.0085 0.9285000000000001
-0.5105190000000001 0.9285000000000001
-0.516499 1.0275
-1.0085 1.0275
2.65

IMD4d2
4
-0.191481 0.9285000000000001
-0.15951900000000002 0.9285000000000001
-0.16549900000000003 1.0275
-0.185501 1.0275
2.65

IMD4d2
4
0.15951900000000002 0.9285000000000001
0.8754810000000001 0.9285000000000001
0.8695010000000001 1.0275
0.16549900000000003 1.0275
2.65

IMD4d2
4
1.059519 0.9285000000000001
1.0914810000000001 0.9285000000000001
1.085501 1.0275
1.0654990000000002 1.0275
2.65

IMD4d2
4
1.275519 0.9285000000000001
1.7735 0.9285000000000001
1.7735 1.0275
1.2814990000000002 1.0275
2.65

IMD4d1
4
-1.0085 0.9185000000000001
-0.5149239999999999 0.9185000000000001
-0.515528 0.9285000000000001
-1.0085 0.9285000000000001
2.65

IMD4d1
4
-0.18707600000000002 0.9185000000000001
-0.16392400000000001 0.9185000000000001
-0.164528 0.9285000000000001
-0.18647200000000003 0.9285000000000001
2.65

IMD4d1
4
0.16392400000000001 0.9185000000000001
0.8710760000000002 0.9185000000000001
0.8704720000000001 0.9285000000000001
0.164528 0.9285000000000001
2.65

IMD4d1
4
1.063924 0.9185000000000001
1.0870760000000002 0.9185000000000001
1.086472 0.9285000000000001
1.0645280000000001 0.9285000000000001
2.65

IMD4d1
4
1.279924 0.9185000000000001
1.7735 0.9185000000000001
1.7735 0.9285000000000001
1.280528 0.9285000000000001
2.65

IMD4d1
4
-1.0085 0.9005
1.7735 0.9005
1.7735 0.9185000000000001
-1.0085 0.9185000000000001
2.65

FOXA+FOXB+TOX
4
-1.0085 0.001
1.7735 0.001
1.7735 0.2665
-1.0085 0.2665
4.0

ILD1a
4
-1.0085 0.2665
1.7735 0.2665
1.7735 0.2765
-1.0085 0.2765
7.0

ILD1b1+ILD1b2+ILD1b3
4
-1.0085 0.2765
1.7735 0.2765
1.7735 0.3955
-1.0085 0.3955
4.0

IMD1a
4
-1.0085 0.3955
1.7735 0.3955
1.7735 0.4065
-1.0085 0.4065
5.2

IMD1b
4
-1.0085 0.4065
1.7735 0.4065
1.7735 0.4665
-1.0085 0.4665
2.8

IMD2a
4
-1.0085 0.4665
1.7735 0.4665
1.7735 0.4875
-1.0085 0.4875
5.2

IMD2b
4
-1.0085 0.4875
1.7735 0.4875
1.7735 0.5025
-1.0085 0.5025
4.2

IMD2c
4
-1.0085 0.5025
1.7735 0.5025
1.7735 0.5265
-1.0085 0.5265
3.28

IMD2d1+IMD2d2
4
-1.0085 0.5265
1.7735 0.5265
1.7735 0.6535
-1.0085 0.6535
2.65

IMD3a
4
-1.0085 0.6535
1.7735 0.6535
1.7735 0.6745
-1.0085 0.6745
5.2

IMD3b
4
-1.0085 0.6745
1.7735 0.6745
1.7735 0.6895
-1.0085 0.6895
4.2

IMD3c
4
-1.0085 0.6895
1.7735 0.6895
1.7735 0.7135
-1.0085 0.7135
3.28

IMD3d1+IMD3d2
4
-1.0085 0.7135
1.7735 0.7135
1.7735 0.8405
-1.0085 0.8405
2.65

IMD4a
4
-1.0085 0.8405
1.7735 0.8405
1.7735 0.8615
-1.0085 0.8615
5.2

IMD4b
4
-1.0085 0.8615
1.7735 0.8615
1.7735 0.8765
-1.0085 0.8765
4.2

IMD4c
4
-1.0085 0.8765
1.7735 0.8765
1.7735 0.9005
-1.0085 0.9005
3.28

IMD5a
4
-1.0085 1.0275
1.7735 1.0275
1.7735 1.0485
-1.0085 1.0485
5.2

IMD5b
4
-1.0085 1.0485
1.7735 1.0485
1.7735 1.0635
-1.0085 1.0635
4.2

IMD5c
4
-1.0085 1.0635
1.7735 1.0635
1.7735 1.0875
-1.0085 1.0875
3.28

IMD5d1+IMD5d2
4
-1.0085 1.0875
1.7735 1.0875
1.7735 1.2145
-1.0085 1.2145
2.65

IMD6a
4
-1.0085 1.2145
1.7735 1.2145
1.7735 1.2355
-1.0085 1.2355
5.2

IMD6b
4
-1.0085 1.2355
1.7735 1.2355
1.7735 1.2505
-1.0085 1.2505
4.2

IMD6c
4
-1.0085 1.2505
1.7735 1.2505
1.7735 1.2745
-1.0085 1.2745
3.28

IMD6d1+IMD6d2
4
-1.0085 1.2745
1.7735 1.2745
1.7735 1.4015
-1.0085 1.4015
2.65

IMD7a
4
-1.0085 1.4015
1.7735 1.4015
1.7735 1.4765
-1.0085 1.4765
5.2

IMD7b1+IMD7b2
4
-1.0085 1.4765
1.7735 1.4765
1.7735 2.9765
-1.0085 2.9765
4.2

IMD8a
4
-1.0085 2.9765
1.7735 2.9765
1.7735 3.0515
-1.0085 3.0515
5.2

IMD8b1+IMD8b2
4
-1.0085 3.0515
1.7735 3.0515
1.7735 4.5515
-1.0085 4.5515
4.2

PASS1
4
-1.0085 4.5515
1.7735 4.5515
1.7735 4.6265
-1.0085 4.6265
7.0

PASS2
4
-1.0085 4.6265
1.7735 4.6265
1.7735 5.0265
-1.0085 5.0265
4.2

PASS3
4
-1.0085 5.0265
1.7735 5.0265
1.7735 5.1015
-1.0085 5.1015
7.0

PASS4+PASS5
4
-1.0085 5.1015
1.7735 5.1015
1.7735 6.0515
-1.0085 6.0515
4.2

PASS6
4
-1.0085 6.0515
1.7735 6.0515
1.7735 6.6515
-1.0085 6.6515
7.0

air_Layer
4
-1.0085 6.6515
1.7735 6.6515
1.7735 6.9485
-1.0085 6.9485
1.0


4
-1.0085 0.001
1.7735 0.001
1.7735 6.9485
-1.0085 6.9485

