c1
4
-0.08700999999999999 0.9285000000000001
0.08701000000000002 0.9285000000000001
0.09299000000000002 1.0275
-0.09298999999999999 1.0275

5
botleft
4
-0.806 -0.001
0 -0.001
0 0.001
-0.806 0.001

botright
4
0 -0.001
2.3584999999999994 -0.001
2.3584999999999994 0.001
0 0.001

lEnv
4
-0.30301 0.9285000000000001
-0.12899 0.9285000000000001
-0.12300999999999998 1.0275
-0.30899 1.0275

c2
4
0.47548999999999997 0.9285000000000001
1.14451 0.9285000000000001
1.15049 1.0275
0.46951 1.0275

rEnv
4
1.18649 0.9285000000000001
1.8555099999999993 0.9285000000000001
1.8614899999999994 1.0275
1.18051 1.0275


57
IMD4d1_damage
4
-0.312424 0.9185000000000001
-0.11957599999999997 0.9185000000000001
-0.11897199999999998 0.9285000000000001
-0.313028 0.9285000000000001
3.1

IMD4d1_damage
4
-0.096424 0.9185000000000001
0.09642400000000002 0.9185000000000001
0.09702800000000002 0.9285000000000001
-0.09702799999999999 0.9285000000000001
3.1

IMD4d1_damage
4
0.466076 0.9185000000000001
1.153924 0.9185000000000001
1.154528 0.9285000000000001
0.465472 0.9285000000000001
3.1

IMD4d1_damage
4
1.177076 0.9185000000000001
1.8649239999999994 0.9185000000000001
1.8655279999999994 0.9285000000000001
1.176472 0.9285000000000001
3.1

IMD4d2_damage
4
-0.308019 0.9285000000000001
-0.30301 0.9285000000000001
-0.30899 1.0275
-0.313999 1.0275
2.9

IMD4d2_damage
4
-0.12899 0.9285000000000001
-0.123981 0.9285000000000001
-0.11800099999999998 1.0275
-0.12300999999999998 1.0275
2.9

IMD4d2_damage
4
-0.09201899999999999 0.9285000000000001
-0.08700999999999999 0.9285000000000001
-0.09298999999999999 1.0275
-0.09799899999999999 1.0275
2.9

IMD4d2_damage
4
0.08701000000000002 0.9285000000000001
0.09201900000000002 0.9285000000000001
0.09799900000000002 1.0275
0.09299000000000002 1.0275
2.9

IMD4d2_damage
4
0.470481 0.9285000000000001
0.47548999999999997 0.9285000000000001
0.46951 1.0275
0.464501 1.0275
2.9

IMD4d2_damage
4
1.14451 0.9285000000000001
1.149519 0.9285000000000001
1.155499 1.0275
1.15049 1.0275
2.9

IMD4d2_damage
4
1.181481 0.9285000000000001
1.18649 0.9285000000000001
1.18051 1.0275
1.175501 1.0275
2.9

IMD4d2_damage
4
1.8555099999999993 0.9285000000000001
1.8605189999999994 0.9285000000000001
1.8664989999999995 1.0275
1.8614899999999994 1.0275
2.9

IMD4d2
4
-0.806 0.9285000000000001
-0.308019 0.9285000000000001
-0.313999 1.0275
-0.806 1.0275
2.65

IMD4d2
4
-0.123981 0.9285000000000001
-0.09201899999999999 0.9285000000000001
-0.09799899999999999 1.0275
-0.11800099999999998 1.0275
2.65

IMD4d2
4
0.09201900000000002 0.9285000000000001
0.470481 0.9285000000000001
0.464501 1.0275
0.09799900000000002 1.0275
2.65

IMD4d2
4
1.149519 0.9285000000000001
1.181481 0.9285000000000001
1.175501 1.0275
1.155499 1.0275
2.65

IMD4d2
4
1.8605189999999994 0.9285000000000001
2.3584999999999994 0.9285000000000001
2.3584999999999994 1.0275
1.8664989999999995 1.0275
2.65

IMD4d1
4
-0.806 0.9185000000000001
-0.312424 0.9185000000000001
-0.313028 0.9285000000000001
-0.806 0.9285000000000001
2.65

IMD4d1
4
-0.11957599999999997 0.9185000000000001
-0.096424 0.9185000000000001
-0.09702799999999999 0.9285000000000001
-0.11897199999999998 0.9285000000000001
2.65

IMD4d1
4
0.09642400000000002 0.9185000000000001
0.466076 0.9185000000000001
0.465472 0.9285000000000001
0.09702800000000002 0.9285000000000001
2.65

IMD4d1
4
1.153924 0.9185000000000001
1.177076 0.9185000000000001
1.176472 0.9285000000000001
1.154528 0.9285000000000001
2.65

IMD4d1
4
1.8649239999999994 0.9185000000000001
2.3584999999999994 0.9185000000000001
2.3584999999999994 0.9285000000000001
1.8655279999999994 0.9285000000000001
2.65

IMD4d1
4
-0.806 0.9005
2.3584999999999994 0.9005
2.3584999999999994 0.9185000000000001
-0.806 0.9185000000000001
2.65

FOXA+FOXB+TOX
4
-0.806 0.001
2.3584999999999994 0.001
2.3584999999999994 0.2665
-0.806 0.2665
4.0

ILD1a
4
-0.806 0.2665
2.3584999999999994 0.2665
2.3584999999999994 0.2765
-0.806 0.2765
7.0

ILD1b1+ILD1b2+ILD1b3
4
-0.806 0.2765
2.3584999999999994 0.2765
2.3584999999999994 0.3955
-0.806 0.3955
4.0

IMD1a
4
-0.806 0.3955
2.3584999999999994 0.3955
2.3584999999999994 0.4065
-0.806 0.4065
5.2

IMD1b
4
-0.806 0.4065
2.3584999999999994 0.4065
2.3584999999999994 0.4665
-0.806 0.4665
2.8

IMD2a
4
-0.806 0.4665
2.3584999999999994 0.4665
2.3584999999999994 0.4875
-0.806 0.4875
5.2

IMD2b
4
-0.806 0.4875
2.3584999999999994 0.4875
2.3584999999999994 0.5025
-0.806 0.5025
4.2

IMD2c
4
-0.806 0.5025
2.3584999999999994 0.5025
2.3584999999999994 0.5265
-0.806 0.5265
3.28

IMD2d1+IMD2d2
4
-0.806 0.5265
2.3584999999999994 0.5265
2.3584999999999994 0.6535
-0.806 0.6535
2.65

IMD3a
4
-0.806 0.6535
2.3584999999999994 0.6535
2.3584999999999994 0.6745
-0.806 0.6745
5.2

IMD3b
4
-0.806 0.6745
2.3584999999999994 0.6745
2.3584999999999994 0.6895
-0.806 0.6895
4.2

IMD3c
4
-0.806 0.6895
2.3584999999999994 0.6895
2.3584999999999994 0.7135
-0.806 0.7135
3.28

IMD3d1+IMD3d2
4
-0.806 0.7135
2.3584999999999994 0.7135
2.3584999999999994 0.8405
-0.806 0.8405
2.65

IMD4a
4
-0.806 0.8405
2.3584999999999994 0.8405
2.3584999999999994 0.8615
-0.806 0.8615
5.2

IMD4b
4
-0.806 0.8615
2.3584999999999994 0.8615
2.3584999999999994 0.8765
-0.806 0.8765
4.2

IMD4c
4
-0.806 0.8765
2.3584999999999994 0.8765
2.3584999999999994 0.9005
-0.806 0.9005
3.28

IMD5a
4
-0.806 1.0275
2.3584999999999994 1.0275
2.3584999999999994 1.0485
-0.806 1.0485
5.2

IMD5b
4
-0.806 1.0485
2.3584999999999994 1.0485
2.3584999999999994 1.0635
-0.806 1.0635
4.2

IMD5c
4
-0.806 1.0635
2.3584999999999994 1.0635
2.3584999999999994 1.0875
-0.806 1.0875
3.28

IMD5d1+IMD5d2
4
-0.806 1.0875
2.3584999999999994 1.0875
2.3584999999999994 1.2145
-0.806 1.2145
2.65

IMD6a
4
-0.806 1.2145
2.3584999999999994 1.2145
2.3584999999999994 1.2355
-0.806 1.2355
5.2

IMD6b
4
-0.806 1.2355
2.3584999999999994 1.2355
2.3584999999999994 1.2505
-0.806 1.2505
4.2

IMD6c
4
-0.806 1.2505
2.3584999999999994 1.2505
2.3584999999999994 1.2745
-0.806 1.2745
3.28

IMD6d1+IMD6d2
4
-0.806 1.2745
2.3584999999999994 1.2745
2.3584999999999994 1.4015
-0.806 1.4015
2.65

IMD7a
4
-0.806 1.4015
2.3584999999999994 1.4015
2.3584999999999994 1.4765
-0.806 1.4765
5.2

IMD7b1+IMD7b2
4
-0.806 1.4765
2.3584999999999994 1.4765
2.3584999999999994 2.9765
-0.806 2.9765
4.2

IMD8a
4
-0.806 2.9765
2.3584999999999994 2.9765
2.3584999999999994 3.0515
-0.806 3.0515
5.2

IMD8b1+IMD8b2
4
-0.806 3.0515
2.3584999999999994 3.0515
2.3584999999999994 4.5515
-0.806 4.5515
4.2

PASS1
4
-0.806 4.5515
2.3584999999999994 4.5515
2.3584999999999994 4.6265
-0.806 4.6265
7.0

PASS2
4
-0.806 4.6265
2.3584999999999994 4.6265
2.3584999999999994 5.0265
-0.806 5.0265
4.2

PASS3
4
-0.806 5.0265
2.3584999999999994 5.0265
2.3584999999999994 5.1015
-0.806 5.1015
7.0

PASS4+PASS5
4
-0.806 5.1015
2.3584999999999994 5.1015
2.3584999999999994 6.0515
-0.806 6.0515
4.2

PASS6
4
-0.806 6.0515
2.3584999999999994 6.0515
2.3584999999999994 6.6515
-0.806 6.6515
7.0

air_Layer
4
-0.806 6.6515
2.3584999999999994 6.6515
2.3584999999999994 6.9485
-0.806 6.9485
1.0


4
-0.806 0.001
2.3584999999999994 0.001
2.3584999999999994 6.9485
-0.806 6.9485

