c1
4
-0.03300999999999997 0.9285000000000001
0.033010000000000025 0.9285000000000001
0.038990000000000025 1.0275
-0.03898999999999997 1.0275

5
botleft
4
-0.788 -0.001
0 -0.001
0 0.001
-0.788 0.001

botright
4
0 -0.001
2.156 -0.001
2.156 0.001
0 0.001

lEnv
4
-0.28501 0.9285000000000001
-0.21899 0.9285000000000001
-0.21300999999999998 1.0275
-0.29098999999999997 1.0275

c2
4
0.5789900000000001 0.9285000000000001
1.0230100000000002 0.9285000000000001
1.0289900000000003 1.0275
0.5730100000000001 1.0275

rEnv
4
1.2089900000000005 0.9285000000000001
1.65301 0.9285000000000001
1.6589900000000002 1.0275
1.2030100000000004 1.0275


57
IMD4d1_damage
4
-0.29442399999999996 0.9185000000000001
-0.20957599999999998 0.9185000000000001
-0.208972 0.9285000000000001
-0.29502799999999996 0.9285000000000001
3.1

IMD4d1_damage
4
-0.04242399999999997 0.9185000000000001
0.042424000000000024 0.9185000000000001
0.043028000000000025 0.9285000000000001
-0.04302799999999997 0.9285000000000001
3.1

IMD4d1_damage
4
0.5695760000000002 0.9185000000000001
1.0324240000000002 0.9185000000000001
1.0330280000000003 0.9285000000000001
0.5689720000000001 0.9285000000000001
3.1

IMD4d1_damage
4
1.1995760000000004 0.9185000000000001
1.6624240000000001 0.9185000000000001
1.6630280000000002 0.9285000000000001
1.1989720000000004 0.9285000000000001
3.1

IMD4d2_damage
4
-0.29001899999999997 0.9285000000000001
-0.28501 0.9285000000000001
-0.29098999999999997 1.0275
-0.29599899999999996 1.0275
2.9

IMD4d2_damage
4
-0.21899 0.9285000000000001
-0.21398099999999998 0.9285000000000001
-0.20800099999999996 1.0275
-0.21300999999999998 1.0275
2.9

IMD4d2_damage
4
-0.03801899999999997 0.9285000000000001
-0.03300999999999997 0.9285000000000001
-0.03898999999999997 1.0275
-0.04399899999999997 1.0275
2.9

IMD4d2_damage
4
0.033010000000000025 0.9285000000000001
0.038019000000000025 0.9285000000000001
0.043999000000000024 1.0275
0.038990000000000025 1.0275
2.9

IMD4d2_damage
4
0.5739810000000001 0.9285000000000001
0.5789900000000001 0.9285000000000001
0.5730100000000001 1.0275
0.5680010000000001 1.0275
2.9

IMD4d2_damage
4
1.0230100000000002 0.9285000000000001
1.0280190000000002 0.9285000000000001
1.0339990000000003 1.0275
1.0289900000000003 1.0275
2.9

IMD4d2_damage
4
1.2039810000000004 0.9285000000000001
1.2089900000000005 0.9285000000000001
1.2030100000000004 1.0275
1.1980010000000003 1.0275
2.9

IMD4d2_damage
4
1.65301 0.9285000000000001
1.6580190000000001 0.9285000000000001
1.6639990000000002 1.0275
1.6589900000000002 1.0275
2.9

IMD4d2
4
-0.788 0.9285000000000001
-0.29001899999999997 0.9285000000000001
-0.29599899999999996 1.0275
-0.788 1.0275
2.65

IMD4d2
4
-0.21398099999999998 0.9285000000000001
-0.03801899999999997 0.9285000000000001
-0.04399899999999997 1.0275
-0.20800099999999996 1.0275
2.65

IMD4d2
4
0.038019000000000025 0.9285000000000001
0.5739810000000001 0.9285000000000001
0.5680010000000001 1.0275
0.043999000000000024 1.0275
2.65

IMD4d2
4
1.0280190000000002 0.9285000000000001
1.2039810000000004 0.9285000000000001
1.1980010000000003 1.0275
1.0339990000000003 1.0275
2.65

IMD4d2
4
1.6580190000000001 0.9285000000000001
2.156 0.9285000000000001
2.156 1.0275
1.6639990000000002 1.0275
2.65

IMD4d1
4
-0.788 0.9185000000000001
-0.29442399999999996 0.9185000000000001
-0.29502799999999996 0.9285000000000001
-0.788 0.9285000000000001
2.65

IMD4d1
4
-0.20957599999999998 0.9185000000000001
-0.04242399999999997 0.9185000000000001
-0.04302799999999997 0.9285000000000001
-0.208972 0.9285000000000001
2.65

IMD4d1
4
0.042424000000000024 0.9185000000000001
0.5695760000000002 0.9185000000000001
0.5689720000000001 0.9285000000000001
0.043028000000000025 0.9285000000000001
2.65

IMD4d1
4
1.0324240000000002 0.9185000000000001
1.1995760000000004 0.9185000000000001
1.1989720000000004 0.9285000000000001
1.0330280000000003 0.9285000000000001
2.65

IMD4d1
4
1.6624240000000001 0.9185000000000001
2.156 0.9185000000000001
2.156 0.9285000000000001
1.6630280000000002 0.9285000000000001
2.65

IMD4d1
4
-0.788 0.9005
2.156 0.9005
2.156 0.9185000000000001
-0.788 0.9185000000000001
2.65

FOXA+FOXB+TOX
4
-0.788 0.001
2.156 0.001
2.156 0.2665
-0.788 0.2665
4.0

ILD1a
4
-0.788 0.2665
2.156 0.2665
2.156 0.2765
-0.788 0.2765
7.0

ILD1b1+ILD1b2+ILD1b3
4
-0.788 0.2765
2.156 0.2765
2.156 0.3955
-0.788 0.3955
4.0

IMD1a
4
-0.788 0.3955
2.156 0.3955
2.156 0.4065
-0.788 0.4065
5.2

IMD1b
4
-0.788 0.4065
2.156 0.4065
2.156 0.4665
-0.788 0.4665
2.8

IMD2a
4
-0.788 0.4665
2.156 0.4665
2.156 0.4875
-0.788 0.4875
5.2

IMD2b
4
-0.788 0.4875
2.156 0.4875
2.156 0.5025
-0.788 0.5025
4.2

IMD2c
4
-0.788 0.5025
2.156 0.5025
2.156 0.5265
-0.788 0.5265
3.28

IMD2d1+IMD2d2
4
-0.788 0.5265
2.156 0.5265
2.156 0.6535
-0.788 0.6535
2.65

IMD3a
4
-0.788 0.6535
2.156 0.6535
2.156 0.6745
-0.788 0.6745
5.2

IMD3b
4
-0.788 0.6745
2.156 0.6745
2.156 0.6895
-0.788 0.6895
4.2

IMD3c
4
-0.788 0.6895
2.156 0.6895
2.156 0.7135
-0.788 0.7135
3.28

IMD3d1+IMD3d2
4
-0.788 0.7135
2.156 0.7135
2.156 0.8405
-0.788 0.8405
2.65

IMD4a
4
-0.788 0.8405
2.156 0.8405
2.156 0.8615
-0.788 0.8615
5.2

IMD4b
4
-0.788 0.8615
2.156 0.8615
2.156 0.8765
-0.788 0.8765
4.2

IMD4c
4
-0.788 0.8765
2.156 0.8765
2.156 0.9005
-0.788 0.9005
3.28

IMD5a
4
-0.788 1.0275
2.156 1.0275
2.156 1.0485
-0.788 1.0485
5.2

IMD5b
4
-0.788 1.0485
2.156 1.0485
2.156 1.0635
-0.788 1.0635
4.2

IMD5c
4
-0.788 1.0635
2.156 1.0635
2.156 1.0875
-0.788 1.0875
3.28

IMD5d1+IMD5d2
4
-0.788 1.0875
2.156 1.0875
2.156 1.2145
-0.788 1.2145
2.65

IMD6a
4
-0.788 1.2145
2.156 1.2145
2.156 1.2355
-0.788 1.2355
5.2

IMD6b
4
-0.788 1.2355
2.156 1.2355
2.156 1.2505
-0.788 1.2505
4.2

IMD6c
4
-0.788 1.2505
2.156 1.2505
2.156 1.2745
-0.788 1.2745
3.28

IMD6d1+IMD6d2
4
-0.788 1.2745
2.156 1.2745
2.156 1.4015
-0.788 1.4015
2.65

IMD7a
4
-0.788 1.4015
2.156 1.4015
2.156 1.4765
-0.788 1.4765
5.2

IMD7b1+IMD7b2
4
-0.788 1.4765
2.156 1.4765
2.156 2.9765
-0.788 2.9765
4.2

IMD8a
4
-0.788 2.9765
2.156 2.9765
2.156 3.0515
-0.788 3.0515
5.2

IMD8b1+IMD8b2
4
-0.788 3.0515
2.156 3.0515
2.156 4.5515
-0.788 4.5515
4.2

PASS1
4
-0.788 4.5515
2.156 4.5515
2.156 4.6265
-0.788 4.6265
7.0

PASS2
4
-0.788 4.6265
2.156 4.6265
2.156 5.0265
-0.788 5.0265
4.2

PASS3
4
-0.788 5.0265
2.156 5.0265
2.156 5.1015
-0.788 5.1015
7.0

PASS4+PASS5
4
-0.788 5.1015
2.156 5.1015
2.156 6.0515
-0.788 6.0515
4.2

PASS6
4
-0.788 6.0515
2.156 6.0515
2.156 6.6515
-0.788 6.6515
7.0

air_Layer
4
-0.788 6.6515
2.156 6.6515
2.156 6.9485
-0.788 6.9485
1.0


4
-0.788 0.001
2.156 0.001
2.156 6.9485
-0.788 6.9485

