c1
4
-0.08701000000000002 1.3025
0.08701000000000002 1.3025
0.09299000000000002 1.4015
-0.09299000000000002 1.4015

5
botleft
4
-0.95 -0.001
0 -0.001
0 0.001
-0.95 0.001

botright
4
0 -0.001
2.21 -0.001
2.21 0.001
0 0.001

lEnv
4
-0.44701 1.3025
-0.27298999999999995 1.3025
-0.26700999999999997 1.4015
-0.45299 1.4015

c2
4
0.63299 1.3025
1.0770099999999998 1.3025
1.08299 1.4015
0.6270100000000001 1.4015

rEnv
4
1.26299 1.3025
1.7070099999999997 1.3025
1.7129899999999998 1.4015
1.25701 1.4015


57
IMD6d1_damage
4
-0.456424 1.2925
-0.263576 1.2925
-0.262972 1.3025
-0.457028 1.3025
3.1

IMD6d1_damage
4
-0.09642400000000002 1.2925
0.09642400000000002 1.2925
0.09702800000000002 1.3025
-0.09702800000000002 1.3025
3.1

IMD6d1_damage
4
0.6235760000000001 1.2925
1.0864239999999998 1.2925
1.0870279999999999 1.3025
0.6229720000000001 1.3025
3.1

IMD6d1_damage
4
1.253576 1.2925
1.7164239999999997 1.2925
1.7170279999999998 1.3025
1.252972 1.3025
3.1

IMD6d2_damage
4
-0.452019 1.3025
-0.44701 1.3025
-0.45299 1.4015
-0.457999 1.4015
2.9

IMD6d2_damage
4
-0.27298999999999995 1.3025
-0.26798099999999997 1.3025
-0.262001 1.4015
-0.26700999999999997 1.4015
2.9

IMD6d2_damage
4
-0.09201900000000002 1.3025
-0.08701000000000002 1.3025
-0.09299000000000002 1.4015
-0.09799900000000002 1.4015
2.9

IMD6d2_damage
4
0.08701000000000002 1.3025
0.09201900000000002 1.3025
0.09799900000000002 1.4015
0.09299000000000002 1.4015
2.9

IMD6d2_damage
4
0.627981 1.3025
0.63299 1.3025
0.6270100000000001 1.4015
0.622001 1.4015
2.9

IMD6d2_damage
4
1.0770099999999998 1.3025
1.0820189999999998 1.3025
1.087999 1.4015
1.08299 1.4015
2.9

IMD6d2_damage
4
1.257981 1.3025
1.26299 1.3025
1.25701 1.4015
1.252001 1.4015
2.9

IMD6d2_damage
4
1.7070099999999997 1.3025
1.7120189999999997 1.3025
1.7179989999999998 1.4015
1.7129899999999998 1.4015
2.9

IMD6d2
4
-0.95 1.3025
-0.452019 1.3025
-0.457999 1.4015
-0.95 1.4015
2.65

IMD6d2
4
-0.26798099999999997 1.3025
-0.09201900000000002 1.3025
-0.09799900000000002 1.4015
-0.262001 1.4015
2.65

IMD6d2
4
0.09201900000000002 1.3025
0.627981 1.3025
0.622001 1.4015
0.09799900000000002 1.4015
2.65

IMD6d2
4
1.0820189999999998 1.3025
1.257981 1.3025
1.252001 1.4015
1.087999 1.4015
2.65

IMD6d2
4
1.7120189999999997 1.3025
2.21 1.3025
2.21 1.4015
1.7179989999999998 1.4015
2.65

IMD6d1
4
-0.95 1.2925
-0.456424 1.2925
-0.457028 1.3025
-0.95 1.3025
2.65

IMD6d1
4
-0.263576 1.2925
-0.09642400000000002 1.2925
-0.09702800000000002 1.3025
-0.262972 1.3025
2.65

IMD6d1
4
0.09642400000000002 1.2925
0.6235760000000001 1.2925
0.6229720000000001 1.3025
0.09702800000000002 1.3025
2.65

IMD6d1
4
1.0864239999999998 1.2925
1.253576 1.2925
1.252972 1.3025
1.0870279999999999 1.3025
2.65

IMD6d1
4
1.7164239999999997 1.2925
2.21 1.2925
2.21 1.3025
1.7170279999999998 1.3025
2.65

IMD6d1
4
-0.95 1.2745
2.21 1.2745
2.21 1.2925
-0.95 1.2925
2.65

FOXA+FOXB+TOX
4
-0.95 0.001
2.21 0.001
2.21 0.2665
-0.95 0.2665
4.0

ILD1a
4
-0.95 0.2665
2.21 0.2665
2.21 0.2765
-0.95 0.2765
7.0

ILD1b1+ILD1b2+ILD1b3
4
-0.95 0.2765
2.21 0.2765
2.21 0.3955
-0.95 0.3955
4.0

IMD1a
4
-0.95 0.3955
2.21 0.3955
2.21 0.4065
-0.95 0.4065
5.2

IMD1b
4
-0.95 0.4065
2.21 0.4065
2.21 0.4665
-0.95 0.4665
2.8

IMD2a
4
-0.95 0.4665
2.21 0.4665
2.21 0.4875
-0.95 0.4875
5.2

IMD2b
4
-0.95 0.4875
2.21 0.4875
2.21 0.5025
-0.95 0.5025
4.2

IMD2c
4
-0.95 0.5025
2.21 0.5025
2.21 0.5265
-0.95 0.5265
3.28

IMD2d1+IMD2d2
4
-0.95 0.5265
2.21 0.5265
2.21 0.6535
-0.95 0.6535
2.65

IMD3a
4
-0.95 0.6535
2.21 0.6535
2.21 0.6745
-0.95 0.6745
5.2

IMD3b
4
-0.95 0.6745
2.21 0.6745
2.21 0.6895
-0.95 0.6895
4.2

IMD3c
4
-0.95 0.6895
2.21 0.6895
2.21 0.7135
-0.95 0.7135
3.28

IMD3d1+IMD3d2
4
-0.95 0.7135
2.21 0.7135
2.21 0.8405
-0.95 0.8405
2.65

IMD4a
4
-0.95 0.8405
2.21 0.8405
2.21 0.8615
-0.95 0.8615
5.2

IMD4b
4
-0.95 0.8615
2.21 0.8615
2.21 0.8765
-0.95 0.8765
4.2

IMD4c
4
-0.95 0.8765
2.21 0.8765
2.21 0.9005
-0.95 0.9005
3.28

IMD4d1+IMD4d2
4
-0.95 0.9005
2.21 0.9005
2.21 1.0275
-0.95 1.0275
2.65

IMD5a
4
-0.95 1.0275
2.21 1.0275
2.21 1.0485
-0.95 1.0485
5.2

IMD5b
4
-0.95 1.0485
2.21 1.0485
2.21 1.0635
-0.95 1.0635
4.2

IMD5c
4
-0.95 1.0635
2.21 1.0635
2.21 1.0875
-0.95 1.0875
3.28

IMD5d1+IMD5d2
4
-0.95 1.0875
2.21 1.0875
2.21 1.2145
-0.95 1.2145
2.65

IMD6a
4
-0.95 1.2145
2.21 1.2145
2.21 1.2355
-0.95 1.2355
5.2

IMD6b
4
-0.95 1.2355
2.21 1.2355
2.21 1.2505
-0.95 1.2505
4.2

IMD6c
4
-0.95 1.2505
2.21 1.2505
2.21 1.2745
-0.95 1.2745
3.28

IMD7a
4
-0.95 1.4015
2.21 1.4015
2.21 1.4765
-0.95 1.4765
5.2

IMD7b1+IMD7b2
4
-0.95 1.4765
2.21 1.4765
2.21 2.9765
-0.95 2.9765
4.2

IMD8a
4
-0.95 2.9765
2.21 2.9765
2.21 3.0515
-0.95 3.0515
5.2

IMD8b1+IMD8b2
4
-0.95 3.0515
2.21 3.0515
2.21 4.5515
-0.95 4.5515
4.2

PASS1
4
-0.95 4.5515
2.21 4.5515
2.21 4.6265
-0.95 4.6265
7.0

PASS2
4
-0.95 4.6265
2.21 4.6265
2.21 5.0265
-0.95 5.0265
4.2

PASS3
4
-0.95 5.0265
2.21 5.0265
2.21 5.1015
-0.95 5.1015
7.0

PASS4+PASS5
4
-0.95 5.1015
2.21 5.1015
2.21 6.0515
-0.95 6.0515
4.2

PASS6
4
-0.95 6.0515
2.21 6.0515
2.21 6.6515
-0.95 6.6515
7.0

air_Layer
4
-0.95 6.6515
2.21 6.6515
2.21 6.9485
-0.95 6.9485
1.0


4
-0.95 0.001
2.21 0.001
2.21 6.9485
-0.95 6.9485

