c1
4
-0.15450999999999995 0.5545
0.15451 0.5545
0.16049000000000002 0.6535
-0.16048999999999997 0.6535

5
botleft
4
-1.0625 -0.001
0 -0.001
0 0.001
-1.0625 0.001

botright
4
0 -0.001
1.274 -0.001
1.274 0.001
0 0.001

lEnv
4
-0.55951 0.5545
-0.25048999999999993 0.5545
-0.24450999999999995 0.6535
-0.5654899999999999 0.6535

c2
4
0.5429900000000001 0.5545
0.60901 0.5545
0.61499 0.6535
0.5370100000000001 0.6535

rEnv
4
0.70499 0.5545
0.77101 0.5545
0.77699 0.6535
0.69901 0.6535


57
IMD2d1_damage
4
-0.5689239999999999 0.5445
-0.24107599999999996 0.5445
-0.24047199999999996 0.5545
-0.5695279999999999 0.5545
3.1

IMD2d1_damage
4
-0.16392399999999996 0.5445
0.16392400000000001 0.5445
0.164528 0.5545
-0.16452799999999995 0.5545
3.1

IMD2d1_damage
4
0.5335760000000002 0.5445
0.618424 0.5445
0.619028 0.5545
0.5329720000000001 0.5545
3.1

IMD2d1_damage
4
0.6955760000000001 0.5445
0.7804239999999999 0.5445
0.781028 0.5545
0.694972 0.5545
3.1

IMD2d2_damage
4
-0.564519 0.5545
-0.55951 0.5545
-0.5654899999999999 0.6535
-0.570499 0.6535
2.9

IMD2d2_damage
4
-0.25048999999999993 0.5545
-0.24548099999999992 0.5545
-0.23950099999999994 0.6535
-0.24450999999999995 0.6535
2.9

IMD2d2_damage
4
-0.15951899999999997 0.5545
-0.15450999999999995 0.5545
-0.16048999999999997 0.6535
-0.16549899999999998 0.6535
2.9

IMD2d2_damage
4
0.15451 0.5545
0.15951900000000002 0.5545
0.16549900000000003 0.6535
0.16049000000000002 0.6535
2.9

IMD2d2_damage
4
0.537981 0.5545
0.5429900000000001 0.5545
0.5370100000000001 0.6535
0.5320010000000001 0.6535
2.9

IMD2d2_damage
4
0.60901 0.5545
0.6140190000000001 0.5545
0.6199990000000001 0.6535
0.61499 0.6535
2.9

IMD2d2_damage
4
0.699981 0.5545
0.70499 0.5545
0.69901 0.6535
0.694001 0.6535
2.9

IMD2d2_damage
4
0.77101 0.5545
0.776019 0.5545
0.781999 0.6535
0.77699 0.6535
2.9

IMD2d2
4
-1.0625 0.5545
-0.564519 0.5545
-0.570499 0.6535
-1.0625 0.6535
2.65

IMD2d2
4
-0.24548099999999992 0.5545
-0.15951899999999997 0.5545
-0.16549899999999998 0.6535
-0.23950099999999994 0.6535
2.65

IMD2d2
4
0.15951900000000002 0.5545
0.537981 0.5545
0.5320010000000001 0.6535
0.16549900000000003 0.6535
2.65

IMD2d2
4
0.6140190000000001 0.5545
0.699981 0.5545
0.694001 0.6535
0.6199990000000001 0.6535
2.65

IMD2d2
4
0.776019 0.5545
1.274 0.5545
1.274 0.6535
0.781999 0.6535
2.65

IMD2d1
4
-1.0625 0.5445
-0.5689239999999999 0.5445
-0.5695279999999999 0.5545
-1.0625 0.5545
2.65

IMD2d1
4
-0.24107599999999996 0.5445
-0.16392399999999996 0.5445
-0.16452799999999995 0.5545
-0.24047199999999996 0.5545
2.65

IMD2d1
4
0.16392400000000001 0.5445
0.5335760000000002 0.5445
0.5329720000000001 0.5545
0.164528 0.5545
2.65

IMD2d1
4
0.618424 0.5445
0.6955760000000001 0.5445
0.694972 0.5545
0.619028 0.5545
2.65

IMD2d1
4
0.7804239999999999 0.5445
1.274 0.5445
1.274 0.5545
0.781028 0.5545
2.65

IMD2d1
4
-1.0625 0.5265
1.274 0.5265
1.274 0.5445
-1.0625 0.5445
2.65

FOXA+FOXB+TOX
4
-1.0625 0.001
1.274 0.001
1.274 0.2665
-1.0625 0.2665
4.0

ILD1a
4
-1.0625 0.2665
1.274 0.2665
1.274 0.2765
-1.0625 0.2765
7.0

ILD1b1+ILD1b2+ILD1b3
4
-1.0625 0.2765
1.274 0.2765
1.274 0.3955
-1.0625 0.3955
4.0

IMD1a
4
-1.0625 0.3955
1.274 0.3955
1.274 0.4065
-1.0625 0.4065
5.2

IMD1b
4
-1.0625 0.4065
1.274 0.4065
1.274 0.4665
-1.0625 0.4665
2.8

IMD2a
4
-1.0625 0.4665
1.274 0.4665
1.274 0.4875
-1.0625 0.4875
5.2

IMD2b
4
-1.0625 0.4875
1.274 0.4875
1.274 0.5025
-1.0625 0.5025
4.2

IMD2c
4
-1.0625 0.5025
1.274 0.5025
1.274 0.5265
-1.0625 0.5265
3.28

IMD3a
4
-1.0625 0.6535
1.274 0.6535
1.274 0.6745
-1.0625 0.6745
5.2

IMD3b
4
-1.0625 0.6745
1.274 0.6745
1.274 0.6895
-1.0625 0.6895
4.2

IMD3c
4
-1.0625 0.6895
1.274 0.6895
1.274 0.7135
-1.0625 0.7135
3.28

IMD3d1+IMD3d2
4
-1.0625 0.7135
1.274 0.7135
1.274 0.8405
-1.0625 0.8405
2.65

IMD4a
4
-1.0625 0.8405
1.274 0.8405
1.274 0.8615
-1.0625 0.8615
5.2

IMD4b
4
-1.0625 0.8615
1.274 0.8615
1.274 0.8765
-1.0625 0.8765
4.2

IMD4c
4
-1.0625 0.8765
1.274 0.8765
1.274 0.9005
-1.0625 0.9005
3.28

IMD4d1+IMD4d2
4
-1.0625 0.9005
1.274 0.9005
1.274 1.0275
-1.0625 1.0275
2.65

IMD5a
4
-1.0625 1.0275
1.274 1.0275
1.274 1.0485
-1.0625 1.0485
5.2

IMD5b
4
-1.0625 1.0485
1.274 1.0485
1.274 1.0635
-1.0625 1.0635
4.2

IMD5c
4
-1.0625 1.0635
1.274 1.0635
1.274 1.0875
-1.0625 1.0875
3.28

IMD5d1+IMD5d2
4
-1.0625 1.0875
1.274 1.0875
1.274 1.2145
-1.0625 1.2145
2.65

IMD6a
4
-1.0625 1.2145
1.274 1.2145
1.274 1.2355
-1.0625 1.2355
5.2

IMD6b
4
-1.0625 1.2355
1.274 1.2355
1.274 1.2505
-1.0625 1.2505
4.2

IMD6c
4
-1.0625 1.2505
1.274 1.2505
1.274 1.2745
-1.0625 1.2745
3.28

IMD6d1+IMD6d2
4
-1.0625 1.2745
1.274 1.2745
1.274 1.4015
-1.0625 1.4015
2.65

IMD7a
4
-1.0625 1.4015
1.274 1.4015
1.274 1.4765
-1.0625 1.4765
5.2

IMD7b1+IMD7b2
4
-1.0625 1.4765
1.274 1.4765
1.274 2.9765
-1.0625 2.9765
4.2

IMD8a
4
-1.0625 2.9765
1.274 2.9765
1.274 3.0515
-1.0625 3.0515
5.2

IMD8b1+IMD8b2
4
-1.0625 3.0515
1.274 3.0515
1.274 4.5515
-1.0625 4.5515
4.2

PASS1
4
-1.0625 4.5515
1.274 4.5515
1.274 4.6265
-1.0625 4.6265
7.0

PASS2
4
-1.0625 4.6265
1.274 4.6265
1.274 5.0265
-1.0625 5.0265
4.2

PASS3
4
-1.0625 5.0265
1.274 5.0265
1.274 5.1015
-1.0625 5.1015
7.0

PASS4+PASS5
4
-1.0625 5.1015
1.274 5.1015
1.274 6.0515
-1.0625 6.0515
4.2

PASS6
4
-1.0625 6.0515
1.274 6.0515
1.274 6.6515
-1.0625 6.6515
7.0

air_Layer
4
-1.0625 6.6515
1.274 6.6515
1.274 6.9485
-1.0625 6.9485
1.0


4
-1.0625 0.001
1.274 0.001
1.274 6.9485
-1.0625 6.9485

