c1
4
-0.08701000000000002 0.7415
0.08701000000000002 0.7415
0.09299000000000002 0.8405
-0.09299000000000002 0.8405

3
botleft
4
-1.36098 -0.001
0 -0.001
0 0.001
-1.36098 0.001

botright
4
0 -0.001
5.9059800000000005 -0.001
5.9059800000000005 0.001
0 0.001

lEnv
4
-0.44701 0.7415
-0.27298999999999995 0.7415
-0.26700999999999997 0.8405
-0.45299 0.8405


47
IMD3d1_damage
4
-0.456424 0.7315
-0.263576 0.7315
-0.262972 0.7415
-0.457028 0.7415
3.1

IMD3d1_damage
4
-0.09642400000000002 0.7315
0.09642400000000002 0.7315
0.09702800000000002 0.7415
-0.09702800000000002 0.7415
3.1

IMD3d2_damage
4
-0.452019 0.7415
-0.44701 0.7415
-0.45299 0.8405
-0.457999 0.8405
2.9

IMD3d2_damage
4
-0.27298999999999995 0.7415
-0.26798099999999997 0.7415
-0.262001 0.8405
-0.26700999999999997 0.8405
2.9

IMD3d2_damage
4
-0.09201900000000002 0.7415
-0.08701000000000002 0.7415
-0.09299000000000002 0.8405
-0.09799900000000002 0.8405
2.9

IMD3d2_damage
4
0.08701000000000002 0.7415
0.09201900000000002 0.7415
0.09799900000000002 0.8405
0.09299000000000002 0.8405
2.9

IMD3d2
4
-1.36098 0.7415
-0.452019 0.7415
-0.457999 0.8405
-1.36098 0.8405
2.65

IMD3d2
4
-0.26798099999999997 0.7415
-0.09201900000000002 0.7415
-0.09799900000000002 0.8405
-0.262001 0.8405
2.65

IMD3d2
4
0.09201900000000002 0.7415
5.9059800000000005 0.7415
5.9059800000000005 0.8405
0.09799900000000002 0.8405
2.65

IMD3d1
4
-1.36098 0.7315
-0.456424 0.7315
-0.457028 0.7415
-1.36098 0.7415
2.65

IMD3d1
4
-0.263576 0.7315
-0.09642400000000002 0.7315
-0.09702800000000002 0.7415
-0.262972 0.7415
2.65

IMD3d1
4
0.09642400000000002 0.7315
5.9059800000000005 0.7315
5.9059800000000005 0.7415
0.09702800000000002 0.7415
2.65

IMD3d1
4
-1.36098 0.7135
5.9059800000000005 0.7135
5.9059800000000005 0.7315
-1.36098 0.7315
2.65

FOXA+FOXB+TOX
4
-1.36098 0.001
5.9059800000000005 0.001
5.9059800000000005 0.2665
-1.36098 0.2665
4.0

ILD1a
4
-1.36098 0.2665
5.9059800000000005 0.2665
5.9059800000000005 0.2765
-1.36098 0.2765
7.0

ILD1b1+ILD1b2+ILD1b3
4
-1.36098 0.2765
5.9059800000000005 0.2765
5.9059800000000005 0.3955
-1.36098 0.3955
4.0

IMD1a
4
-1.36098 0.3955
5.9059800000000005 0.3955
5.9059800000000005 0.4065
-1.36098 0.4065
5.2

IMD1b
4
-1.36098 0.4065
5.9059800000000005 0.4065
5.9059800000000005 0.4665
-1.36098 0.4665
2.8

IMD2a
4
-1.36098 0.4665
5.9059800000000005 0.4665
5.9059800000000005 0.4875
-1.36098 0.4875
5.2

IMD2b
4
-1.36098 0.4875
5.9059800000000005 0.4875
5.9059800000000005 0.5025
-1.36098 0.5025
4.2

IMD2c
4
-1.36098 0.5025
5.9059800000000005 0.5025
5.9059800000000005 0.5265
-1.36098 0.5265
3.28

IMD2d1+IMD2d2
4
-1.36098 0.5265
5.9059800000000005 0.5265
5.9059800000000005 0.6535
-1.36098 0.6535
2.65

IMD3a
4
-1.36098 0.6535
5.9059800000000005 0.6535
5.9059800000000005 0.6745
-1.36098 0.6745
5.2

IMD3b
4
-1.36098 0.6745
5.9059800000000005 0.6745
5.9059800000000005 0.6895
-1.36098 0.6895
4.2

IMD3c
4
-1.36098 0.6895
5.9059800000000005 0.6895
5.9059800000000005 0.7135
-1.36098 0.7135
3.28

IMD4a
4
-1.36098 0.8405
5.9059800000000005 0.8405
5.9059800000000005 0.8615
-1.36098 0.8615
5.2

IMD4b
4
-1.36098 0.8615
5.9059800000000005 0.8615
5.9059800000000005 0.8765
-1.36098 0.8765
4.2

IMD4c
4
-1.36098 0.8765
5.9059800000000005 0.8765
5.9059800000000005 0.9005
-1.36098 0.9005
3.28

IMD4d1+IMD4d2
4
-1.36098 0.9005
5.9059800000000005 0.9005
5.9059800000000005 1.0275
-1.36098 1.0275
2.65

IMD5a
4
-1.36098 1.0275
5.9059800000000005 1.0275
5.9059800000000005 1.0485
-1.36098 1.0485
5.2

IMD5b
4
-1.36098 1.0485
5.9059800000000005 1.0485
5.9059800000000005 1.0635
-1.36098 1.0635
4.2

IMD5c
4
-1.36098 1.0635
5.9059800000000005 1.0635
5.9059800000000005 1.0875
-1.36098 1.0875
3.28

IMD5d1+IMD5d2
4
-1.36098 1.0875
5.9059800000000005 1.0875
5.9059800000000005 1.2145
-1.36098 1.2145
2.65

IMD6a
4
-1.36098 1.2145
5.9059800000000005 1.2145
5.9059800000000005 1.2355
-1.36098 1.2355
5.2

IMD6b
4
-1.36098 1.2355
5.9059800000000005 1.2355
5.9059800000000005 1.2505
-1.36098 1.2505
4.2

IMD6c
4
-1.36098 1.2505
5.9059800000000005 1.2505
5.9059800000000005 1.2745
-1.36098 1.2745
3.28

IMD6d1+IMD6d2
4
-1.36098 1.2745
5.9059800000000005 1.2745
5.9059800000000005 1.4015
-1.36098 1.4015
2.65

IMD7a
4
-1.36098 1.4015
5.9059800000000005 1.4015
5.9059800000000005 1.4765
-1.36098 1.4765
5.2

IMD7b1+IMD7b2
4
-1.36098 1.4765
5.9059800000000005 1.4765
5.9059800000000005 2.9765
-1.36098 2.9765
4.2

IMD8a
4
-1.36098 2.9765
5.9059800000000005 2.9765
5.9059800000000005 3.0515
-1.36098 3.0515
5.2

IMD8b1+IMD8b2
4
-1.36098 3.0515
5.9059800000000005 3.0515
5.9059800000000005 4.5515
-1.36098 4.5515
4.2

PASS1
4
-1.36098 4.5515
5.9059800000000005 4.5515
5.9059800000000005 4.6265
-1.36098 4.6265
7.0

PASS2
4
-1.36098 4.6265
5.9059800000000005 4.6265
5.9059800000000005 5.0265
-1.36098 5.0265
4.2

PASS3
4
-1.36098 5.0265
5.9059800000000005 5.0265
5.9059800000000005 5.1015
-1.36098 5.1015
7.0

PASS4+PASS5
4
-1.36098 5.1015
5.9059800000000005 5.1015
5.9059800000000005 6.0515
-1.36098 6.0515
4.2

PASS6
4
-1.36098 6.0515
5.9059800000000005 6.0515
5.9059800000000005 6.6515
-1.36098 6.6515
7.0

air_Layer
4
-1.36098 6.6515
5.9059800000000005 6.6515
5.9059800000000005 6.9485
-1.36098 6.9485
1.0


4
-1.36098 0.001
5.9059800000000005 0.001
5.9059800000000005 6.9485
-1.36098 6.9485

