c1
4
-0.01341999999999999 0.37050000000000005
0.013420000000000045 0.37050000000000005
0.022580000000000044 0.4665
-0.02257999999999999 0.4665

5
botleft
4
-1.004 -0.001
0 -0.001
0 0.001
-1.004 0.001

botright
4
0 -0.001
1.4945 -0.001
1.4945 0.001
0 0.001

lEnv
4
-0.4994199999999999 0.37050000000000005
-0.47257999999999994 0.37050000000000005
-0.46341999999999994 0.4665
-0.5085799999999999 0.4665

c2
4
0.40508000000000005 0.37050000000000005
0.46792000000000006 0.37050000000000005
0.47708000000000006 0.4665
0.39592000000000005 0.4665

rEnv
4
0.9270799999999999 0.37050000000000005
0.9899199999999999 0.37050000000000005
0.9990799999999999 0.4665
0.91792 0.4665


48
IMD1b
4
-1.004 0.40650000000000003
-0.5028549999999999 0.40650000000000003
-0.5085799999999999 0.4665
-1.004 0.4665
2.8

IMD1b
4
-0.4691449999999999 0.40650000000000003
-0.016854999999999988 0.40650000000000003
-0.02257999999999999 0.4665
-0.46341999999999994 0.4665
2.8

IMD1b
4
0.016855000000000044 0.40650000000000003
0.40164500000000003 0.40650000000000003
0.39592000000000005 0.4665
0.022580000000000044 0.4665
2.8

IMD1b
4
0.4713550000000001 0.40650000000000003
0.9236449999999999 0.40650000000000003
0.91792 0.4665
0.47708000000000006 0.4665
2.8

IMD1b
4
0.9933549999999999 0.40650000000000003
1.4945 0.40650000000000003
1.4945 0.4665
0.9990799999999999 0.4665
2.8

IMD1a
4
-1.004 0.3955
-0.5018054166666666 0.3955
-0.5028549999999999 0.40650000000000003
-1.004 0.40650000000000003
5.2

IMD1a
4
-0.47019458333333325 0.3955
-0.015805416666666655 0.3955
-0.016854999999999988 0.40650000000000003
-0.4691449999999999 0.40650000000000003
5.2

IMD1a
4
0.01580541666666671 0.3955
0.40269458333333336 0.3955
0.40164500000000003 0.40650000000000003
0.016855000000000044 0.40650000000000003
5.2

IMD1a
4
0.47030541666666675 0.3955
0.9246945833333333 0.3955
0.9236449999999999 0.40650000000000003
0.4713550000000001 0.40650000000000003
5.2

IMD1a
4
0.9923054166666665 0.3955
1.4945 0.3955
1.4945 0.40650000000000003
0.9933549999999999 0.40650000000000003
5.2

ILD1b3
4
-1.004 0.37050000000000005
-0.4994199999999999 0.37050000000000005
-0.5018054166666666 0.3955
-1.004 0.3955
4

ILD1b3
4
-0.47257999999999994 0.37050000000000005
-0.01341999999999999 0.37050000000000005
-0.015805416666666655 0.3955
-0.47019458333333325 0.3955
4

ILD1b3
4
0.013420000000000045 0.37050000000000005
0.40508000000000005 0.37050000000000005
0.40269458333333336 0.3955
0.01580541666666671 0.3955
4

ILD1b3
4
0.46792000000000006 0.37050000000000005
0.9270799999999999 0.37050000000000005
0.9246945833333333 0.3955
0.47030541666666675 0.3955
4

ILD1b3
4
0.9899199999999999 0.37050000000000005
1.4945 0.37050000000000005
1.4945 0.3955
0.9923054166666665 0.3955
4

ILD1b1+ILD1b2
4
-1.004 0.2765
1.4945 0.2765
1.4945 0.37050000000000005
-1.004 0.37050000000000005
4

FOXA+FOXB+TOX
4
-1.004 0.001
1.4945 0.001
1.4945 0.2665
-1.004 0.2665
4.0

ILD1a
4
-1.004 0.2665
1.4945 0.2665
1.4945 0.2765
-1.004 0.2765
7.0

IMD2a
4
-1.004 0.4665
1.4945 0.4665
1.4945 0.4875
-1.004 0.4875
5.2

IMD2b
4
-1.004 0.4875
1.4945 0.4875
1.4945 0.5025
-1.004 0.5025
4.2

IMD2c
4
-1.004 0.5025
1.4945 0.5025
1.4945 0.5265
-1.004 0.5265
3.28

IMD2d1+IMD2d2
4
-1.004 0.5265
1.4945 0.5265
1.4945 0.6535
-1.004 0.6535
2.65

IMD3a
4
-1.004 0.6535
1.4945 0.6535
1.4945 0.6745
-1.004 0.6745
5.2

IMD3b
4
-1.004 0.6745
1.4945 0.6745
1.4945 0.6895
-1.004 0.6895
4.2

IMD3c
4
-1.004 0.6895
1.4945 0.6895
1.4945 0.7135
-1.004 0.7135
3.28

IMD3d1+IMD3d2
4
-1.004 0.7135
1.4945 0.7135
1.4945 0.8405
-1.004 0.8405
2.65

IMD4a
4
-1.004 0.8405
1.4945 0.8405
1.4945 0.8615
-1.004 0.8615
5.2

IMD4b
4
-1.004 0.8615
1.4945 0.8615
1.4945 0.8765
-1.004 0.8765
4.2

IMD4c
4
-1.004 0.8765
1.4945 0.8765
1.4945 0.9005
-1.004 0.9005
3.28

IMD4d1+IMD4d2
4
-1.004 0.9005
1.4945 0.9005
1.4945 1.0275
-1.004 1.0275
2.65

IMD5a
4
-1.004 1.0275
1.4945 1.0275
1.4945 1.0485
-1.004 1.0485
5.2

IMD5b
4
-1.004 1.0485
1.4945 1.0485
1.4945 1.0635
-1.004 1.0635
4.2

IMD5c
4
-1.004 1.0635
1.4945 1.0635
1.4945 1.0875
-1.004 1.0875
3.28

IMD5d1+IMD5d2
4
-1.004 1.0875
1.4945 1.0875
1.4945 1.2145
-1.004 1.2145
2.65

IMD6a
4
-1.004 1.2145
1.4945 1.2145
1.4945 1.2355
-1.004 1.2355
5.2

IMD6b
4
-1.004 1.2355
1.4945 1.2355
1.4945 1.2505
-1.004 1.2505
4.2

IMD6c
4
-1.004 1.2505
1.4945 1.2505
1.4945 1.2745
-1.004 1.2745
3.28

IMD6d1+IMD6d2
4
-1.004 1.2745
1.4945 1.2745
1.4945 1.4015
-1.004 1.4015
2.65

IMD7a
4
-1.004 1.4015
1.4945 1.4015
1.4945 1.4765
-1.004 1.4765
5.2

IMD7b1+IMD7b2
4
-1.004 1.4765
1.4945 1.4765
1.4945 2.9765
-1.004 2.9765
4.2

IMD8a
4
-1.004 2.9765
1.4945 2.9765
1.4945 3.0515
-1.004 3.0515
5.2

IMD8b1+IMD8b2
4
-1.004 3.0515
1.4945 3.0515
1.4945 4.5515
-1.004 4.5515
4.2

PASS1
4
-1.004 4.5515
1.4945 4.5515
1.4945 4.6265
-1.004 4.6265
7.0

PASS2
4
-1.004 4.6265
1.4945 4.6265
1.4945 5.0265
-1.004 5.0265
4.2

PASS3
4
-1.004 5.0265
1.4945 5.0265
1.4945 5.1015
-1.004 5.1015
7.0

PASS4+PASS5
4
-1.004 5.1015
1.4945 5.1015
1.4945 6.0515
-1.004 6.0515
4.2

PASS6
4
-1.004 6.0515
1.4945 6.0515
1.4945 6.6515
-1.004 6.6515
7.0

air_Layer
4
-1.004 6.6515
1.4945 6.6515
1.4945 6.9485
-1.004 6.9485
1.0


4
-1.004 0.001
1.4945 0.001
1.4945 6.9485
-1.004 6.9485

