c1
4
-0.01501000000000001 1.3025
0.015009999999999982 1.3025
0.02098999999999998 1.4015
-0.02099000000000001 1.4015

5
botleft
4
-0.644 -0.001
0 -0.001
0 0.001
-0.644 0.001

botright
4
0 -0.001
1.8905 -0.001
1.8905 0.001
0 0.001

lEnv
4
-0.14101 1.3025
-0.11099000000000002 1.3025
-0.10501000000000002 1.4015
-0.14699 1.4015

c2
4
0.40348999999999996 1.3025
0.8475100000000001 1.3025
0.8534900000000001 1.4015
0.39751 1.4015

rEnv
4
0.94349 1.3025
1.38751 1.3025
1.3934900000000001 1.4015
0.9375100000000001 1.4015


57
IMD6d1_damage
4
-0.150424 1.2925
-0.10157600000000001 1.2925
-0.10097200000000002 1.3025
-0.151028 1.3025
3.1

IMD6d1_damage
4
-0.024424000000000008 1.2925
0.02442399999999998 1.2925
0.02502799999999998 1.3025
-0.02502800000000001 1.3025
3.1

IMD6d1_damage
4
0.394076 1.2925
0.856924 1.2925
0.8575280000000001 1.3025
0.393472 1.3025
3.1

IMD6d1_damage
4
0.9340760000000001 1.2925
1.396924 1.2925
1.397528 1.3025
0.9334720000000001 1.3025
3.1

IMD6d2_damage
4
-0.146019 1.3025
-0.14101 1.3025
-0.14699 1.4015
-0.15199900000000002 1.4015
2.9

IMD6d2_damage
4
-0.11099000000000002 1.3025
-0.10598100000000002 1.3025
-0.10000100000000002 1.4015
-0.10501000000000002 1.4015
2.9

IMD6d2_damage
4
-0.02001900000000001 1.3025
-0.01501000000000001 1.3025
-0.02099000000000001 1.4015
-0.025999000000000008 1.4015
2.9

IMD6d2_damage
4
0.015009999999999982 1.3025
0.02001899999999998 1.3025
0.02599899999999998 1.4015
0.02098999999999998 1.4015
2.9

IMD6d2_damage
4
0.398481 1.3025
0.40348999999999996 1.3025
0.39751 1.4015
0.392501 1.4015
2.9

IMD6d2_damage
4
0.8475100000000001 1.3025
0.8525190000000001 1.3025
0.8584990000000001 1.4015
0.8534900000000001 1.4015
2.9

IMD6d2_damage
4
0.938481 1.3025
0.94349 1.3025
0.9375100000000001 1.4015
0.932501 1.4015
2.9

IMD6d2_damage
4
1.38751 1.3025
1.392519 1.3025
1.3984990000000002 1.4015
1.3934900000000001 1.4015
2.9

IMD6d2
4
-0.644 1.3025
-0.146019 1.3025
-0.15199900000000002 1.4015
-0.644 1.4015
2.65

IMD6d2
4
-0.10598100000000002 1.3025
-0.02001900000000001 1.3025
-0.025999000000000008 1.4015
-0.10000100000000002 1.4015
2.65

IMD6d2
4
0.02001899999999998 1.3025
0.398481 1.3025
0.392501 1.4015
0.02599899999999998 1.4015
2.65

IMD6d2
4
0.8525190000000001 1.3025
0.938481 1.3025
0.932501 1.4015
0.8584990000000001 1.4015
2.65

IMD6d2
4
1.392519 1.3025
1.8905 1.3025
1.8905 1.4015
1.3984990000000002 1.4015
2.65

IMD6d1
4
-0.644 1.2925
-0.150424 1.2925
-0.151028 1.3025
-0.644 1.3025
2.65

IMD6d1
4
-0.10157600000000001 1.2925
-0.024424000000000008 1.2925
-0.02502800000000001 1.3025
-0.10097200000000002 1.3025
2.65

IMD6d1
4
0.02442399999999998 1.2925
0.394076 1.2925
0.393472 1.3025
0.02502799999999998 1.3025
2.65

IMD6d1
4
0.856924 1.2925
0.9340760000000001 1.2925
0.9334720000000001 1.3025
0.8575280000000001 1.3025
2.65

IMD6d1
4
1.396924 1.2925
1.8905 1.2925
1.8905 1.3025
1.397528 1.3025
2.65

IMD6d1
4
-0.644 1.2745
1.8905 1.2745
1.8905 1.2925
-0.644 1.2925
2.65

FOXA+FOXB+TOX
4
-0.644 0.001
1.8905 0.001
1.8905 0.2665
-0.644 0.2665
4.0

ILD1a
4
-0.644 0.2665
1.8905 0.2665
1.8905 0.2765
-0.644 0.2765
7.0

ILD1b1+ILD1b2+ILD1b3
4
-0.644 0.2765
1.8905 0.2765
1.8905 0.3955
-0.644 0.3955
4.0

IMD1a
4
-0.644 0.3955
1.8905 0.3955
1.8905 0.4065
-0.644 0.4065
5.2

IMD1b
4
-0.644 0.4065
1.8905 0.4065
1.8905 0.4665
-0.644 0.4665
2.8

IMD2a
4
-0.644 0.4665
1.8905 0.4665
1.8905 0.4875
-0.644 0.4875
5.2

IMD2b
4
-0.644 0.4875
1.8905 0.4875
1.8905 0.5025
-0.644 0.5025
4.2

IMD2c
4
-0.644 0.5025
1.8905 0.5025
1.8905 0.5265
-0.644 0.5265
3.28

IMD2d1+IMD2d2
4
-0.644 0.5265
1.8905 0.5265
1.8905 0.6535
-0.644 0.6535
2.65

IMD3a
4
-0.644 0.6535
1.8905 0.6535
1.8905 0.6745
-0.644 0.6745
5.2

IMD3b
4
-0.644 0.6745
1.8905 0.6745
1.8905 0.6895
-0.644 0.6895
4.2

IMD3c
4
-0.644 0.6895
1.8905 0.6895
1.8905 0.7135
-0.644 0.7135
3.28

IMD3d1+IMD3d2
4
-0.644 0.7135
1.8905 0.7135
1.8905 0.8405
-0.644 0.8405
2.65

IMD4a
4
-0.644 0.8405
1.8905 0.8405
1.8905 0.8615
-0.644 0.8615
5.2

IMD4b
4
-0.644 0.8615
1.8905 0.8615
1.8905 0.8765
-0.644 0.8765
4.2

IMD4c
4
-0.644 0.8765
1.8905 0.8765
1.8905 0.9005
-0.644 0.9005
3.28

IMD4d1+IMD4d2
4
-0.644 0.9005
1.8905 0.9005
1.8905 1.0275
-0.644 1.0275
2.65

IMD5a
4
-0.644 1.0275
1.8905 1.0275
1.8905 1.0485
-0.644 1.0485
5.2

IMD5b
4
-0.644 1.0485
1.8905 1.0485
1.8905 1.0635
-0.644 1.0635
4.2

IMD5c
4
-0.644 1.0635
1.8905 1.0635
1.8905 1.0875
-0.644 1.0875
3.28

IMD5d1+IMD5d2
4
-0.644 1.0875
1.8905 1.0875
1.8905 1.2145
-0.644 1.2145
2.65

IMD6a
4
-0.644 1.2145
1.8905 1.2145
1.8905 1.2355
-0.644 1.2355
5.2

IMD6b
4
-0.644 1.2355
1.8905 1.2355
1.8905 1.2505
-0.644 1.2505
4.2

IMD6c
4
-0.644 1.2505
1.8905 1.2505
1.8905 1.2745
-0.644 1.2745
3.28

IMD7a
4
-0.644 1.4015
1.8905 1.4015
1.8905 1.4765
-0.644 1.4765
5.2

IMD7b1+IMD7b2
4
-0.644 1.4765
1.8905 1.4765
1.8905 2.9765
-0.644 2.9765
4.2

IMD8a
4
-0.644 2.9765
1.8905 2.9765
1.8905 3.0515
-0.644 3.0515
5.2

IMD8b1+IMD8b2
4
-0.644 3.0515
1.8905 3.0515
1.8905 4.5515
-0.644 4.5515
4.2

PASS1
4
-0.644 4.5515
1.8905 4.5515
1.8905 4.6265
-0.644 4.6265
7.0

PASS2
4
-0.644 4.6265
1.8905 4.6265
1.8905 5.0265
-0.644 5.0265
4.2

PASS3
4
-0.644 5.0265
1.8905 5.0265
1.8905 5.1015
-0.644 5.1015
7.0

PASS4+PASS5
4
-0.644 5.1015
1.8905 5.1015
1.8905 6.0515
-0.644 6.0515
4.2

PASS6
4
-0.644 6.0515
1.8905 6.0515
1.8905 6.6515
-0.644 6.6515
7.0

air_Layer
4
-0.644 6.6515
1.8905 6.6515
1.8905 6.9485
-0.644 6.9485
1.0


4
-0.644 0.001
1.8905 0.001
1.8905 6.9485
-0.644 6.9485

