c1
4
-0.22200999999999996 0.7415
0.2220099999999999 0.7415
0.22798999999999991 0.8405
-0.22798999999999997 0.8405

5
botleft
4
-1.2109999999999999 -0.001
0 -0.001
0 0.001
-1.2109999999999999 0.001

botright
4
0 -0.001
1.661 -0.001
1.661 0.001
0 0.001

lEnv
4
-0.7080099999999999 0.7415
-0.26398999999999995 0.7415
-0.25800999999999996 0.8405
-0.7139899999999999 0.8405

c2
4
0.7679900000000001 0.7415
0.9420100000000001 0.7415
0.9479900000000001 0.8405
0.7620100000000001 0.8405

rEnv
4
0.98399 0.7415
1.15801 0.7415
1.16399 0.8405
0.97801 0.8405


57
IMD3d1_damage
4
-0.7174239999999998 0.7315
-0.25457599999999997 0.7315
-0.253972 0.7415
-0.7180279999999999 0.7415
3.1

IMD3d1_damage
4
-0.23142399999999996 0.7315
0.2314239999999999 0.7315
0.2320279999999999 0.7415
-0.23202799999999996 0.7415
3.1

IMD3d1_damage
4
0.7585760000000001 0.7315
0.951424 0.7315
0.9520280000000001 0.7415
0.7579720000000001 0.7415
3.1

IMD3d1_damage
4
0.9745760000000001 0.7315
1.167424 0.7315
1.168028 0.7415
0.9739720000000001 0.7415
3.1

IMD3d2_damage
4
-0.713019 0.7415
-0.7080099999999999 0.7415
-0.7139899999999999 0.8405
-0.7189989999999999 0.8405
2.9

IMD3d2_damage
4
-0.26398999999999995 0.7415
-0.25898099999999996 0.7415
-0.253001 0.8405
-0.25800999999999996 0.8405
2.9

IMD3d2_damage
4
-0.22701899999999997 0.7415
-0.22200999999999996 0.7415
-0.22798999999999997 0.8405
-0.23299899999999998 0.8405
2.9

IMD3d2_damage
4
0.2220099999999999 0.7415
0.22701899999999992 0.7415
0.23299899999999993 0.8405
0.22798999999999991 0.8405
2.9

IMD3d2_damage
4
0.762981 0.7415
0.7679900000000001 0.7415
0.7620100000000001 0.8405
0.757001 0.8405
2.9

IMD3d2_damage
4
0.9420100000000001 0.7415
0.9470190000000002 0.7415
0.9529990000000002 0.8405
0.9479900000000001 0.8405
2.9

IMD3d2_damage
4
0.978981 0.7415
0.98399 0.7415
0.97801 0.8405
0.973001 0.8405
2.9

IMD3d2_damage
4
1.15801 0.7415
1.163019 0.7415
1.1689990000000001 0.8405
1.16399 0.8405
2.9

IMD3d2
4
-1.2109999999999999 0.7415
-0.713019 0.7415
-0.7189989999999999 0.8405
-1.2109999999999999 0.8405
2.65

IMD3d2
4
-0.25898099999999996 0.7415
-0.22701899999999997 0.7415
-0.23299899999999998 0.8405
-0.253001 0.8405
2.65

IMD3d2
4
0.22701899999999992 0.7415
0.762981 0.7415
0.757001 0.8405
0.23299899999999993 0.8405
2.65

IMD3d2
4
0.9470190000000002 0.7415
0.978981 0.7415
0.973001 0.8405
0.9529990000000002 0.8405
2.65

IMD3d2
4
1.163019 0.7415
1.661 0.7415
1.661 0.8405
1.1689990000000001 0.8405
2.65

IMD3d1
4
-1.2109999999999999 0.7315
-0.7174239999999998 0.7315
-0.7180279999999999 0.7415
-1.2109999999999999 0.7415
2.65

IMD3d1
4
-0.25457599999999997 0.7315
-0.23142399999999996 0.7315
-0.23202799999999996 0.7415
-0.253972 0.7415
2.65

IMD3d1
4
0.2314239999999999 0.7315
0.7585760000000001 0.7315
0.7579720000000001 0.7415
0.2320279999999999 0.7415
2.65

IMD3d1
4
0.951424 0.7315
0.9745760000000001 0.7315
0.9739720000000001 0.7415
0.9520280000000001 0.7415
2.65

IMD3d1
4
1.167424 0.7315
1.661 0.7315
1.661 0.7415
1.168028 0.7415
2.65

IMD3d1
4
-1.2109999999999999 0.7135
1.661 0.7135
1.661 0.7315
-1.2109999999999999 0.7315
2.65

FOXA+FOXB+TOX
4
-1.2109999999999999 0.001
1.661 0.001
1.661 0.2665
-1.2109999999999999 0.2665
4.0

ILD1a
4
-1.2109999999999999 0.2665
1.661 0.2665
1.661 0.2765
-1.2109999999999999 0.2765
7.0

ILD1b1+ILD1b2+ILD1b3
4
-1.2109999999999999 0.2765
1.661 0.2765
1.661 0.3955
-1.2109999999999999 0.3955
4.0

IMD1a
4
-1.2109999999999999 0.3955
1.661 0.3955
1.661 0.4065
-1.2109999999999999 0.4065
5.2

IMD1b
4
-1.2109999999999999 0.4065
1.661 0.4065
1.661 0.4665
-1.2109999999999999 0.4665
2.8

IMD2a
4
-1.2109999999999999 0.4665
1.661 0.4665
1.661 0.4875
-1.2109999999999999 0.4875
5.2

IMD2b
4
-1.2109999999999999 0.4875
1.661 0.4875
1.661 0.5025
-1.2109999999999999 0.5025
4.2

IMD2c
4
-1.2109999999999999 0.5025
1.661 0.5025
1.661 0.5265
-1.2109999999999999 0.5265
3.28

IMD2d1+IMD2d2
4
-1.2109999999999999 0.5265
1.661 0.5265
1.661 0.6535
-1.2109999999999999 0.6535
2.65

IMD3a
4
-1.2109999999999999 0.6535
1.661 0.6535
1.661 0.6745
-1.2109999999999999 0.6745
5.2

IMD3b
4
-1.2109999999999999 0.6745
1.661 0.6745
1.661 0.6895
-1.2109999999999999 0.6895
4.2

IMD3c
4
-1.2109999999999999 0.6895
1.661 0.6895
1.661 0.7135
-1.2109999999999999 0.7135
3.28

IMD4a
4
-1.2109999999999999 0.8405
1.661 0.8405
1.661 0.8615
-1.2109999999999999 0.8615
5.2

IMD4b
4
-1.2109999999999999 0.8615
1.661 0.8615
1.661 0.8765
-1.2109999999999999 0.8765
4.2

IMD4c
4
-1.2109999999999999 0.8765
1.661 0.8765
1.661 0.9005
-1.2109999999999999 0.9005
3.28

IMD4d1+IMD4d2
4
-1.2109999999999999 0.9005
1.661 0.9005
1.661 1.0275
-1.2109999999999999 1.0275
2.65

IMD5a
4
-1.2109999999999999 1.0275
1.661 1.0275
1.661 1.0485
-1.2109999999999999 1.0485
5.2

IMD5b
4
-1.2109999999999999 1.0485
1.661 1.0485
1.661 1.0635
-1.2109999999999999 1.0635
4.2

IMD5c
4
-1.2109999999999999 1.0635
1.661 1.0635
1.661 1.0875
-1.2109999999999999 1.0875
3.28

IMD5d1+IMD5d2
4
-1.2109999999999999 1.0875
1.661 1.0875
1.661 1.2145
-1.2109999999999999 1.2145
2.65

IMD6a
4
-1.2109999999999999 1.2145
1.661 1.2145
1.661 1.2355
-1.2109999999999999 1.2355
5.2

IMD6b
4
-1.2109999999999999 1.2355
1.661 1.2355
1.661 1.2505
-1.2109999999999999 1.2505
4.2

IMD6c
4
-1.2109999999999999 1.2505
1.661 1.2505
1.661 1.2745
-1.2109999999999999 1.2745
3.28

IMD6d1+IMD6d2
4
-1.2109999999999999 1.2745
1.661 1.2745
1.661 1.4015
-1.2109999999999999 1.4015
2.65

IMD7a
4
-1.2109999999999999 1.4015
1.661 1.4015
1.661 1.4765
-1.2109999999999999 1.4765
5.2

IMD7b1+IMD7b2
4
-1.2109999999999999 1.4765
1.661 1.4765
1.661 2.9765
-1.2109999999999999 2.9765
4.2

IMD8a
4
-1.2109999999999999 2.9765
1.661 2.9765
1.661 3.0515
-1.2109999999999999 3.0515
5.2

IMD8b1+IMD8b2
4
-1.2109999999999999 3.0515
1.661 3.0515
1.661 4.5515
-1.2109999999999999 4.5515
4.2

PASS1
4
-1.2109999999999999 4.5515
1.661 4.5515
1.661 4.6265
-1.2109999999999999 4.6265
7.0

PASS2
4
-1.2109999999999999 4.6265
1.661 4.6265
1.661 5.0265
-1.2109999999999999 5.0265
4.2

PASS3
4
-1.2109999999999999 5.0265
1.661 5.0265
1.661 5.1015
-1.2109999999999999 5.1015
7.0

PASS4+PASS5
4
-1.2109999999999999 5.1015
1.661 5.1015
1.661 6.0515
-1.2109999999999999 6.0515
4.2

PASS6
4
-1.2109999999999999 6.0515
1.661 6.0515
1.661 6.6515
-1.2109999999999999 6.6515
7.0

air_Layer
4
-1.2109999999999999 6.6515
1.661 6.6515
1.661 6.9485
-1.2109999999999999 6.9485
1.0


4
-1.2109999999999999 0.001
1.661 0.001
1.661 6.9485
-1.2109999999999999 6.9485

