c1
4
-0.08700999999999999 1.3025
0.08701000000000002 1.3025
0.09299000000000002 1.4015
-0.09298999999999999 1.4015

5
botleft
4
-0.806 -0.001
0 -0.001
0 0.001
-0.806 0.001

botright
4
0 -0.001
1.31 -0.001
1.31 0.001
0 0.001

lEnv
4
-0.30301 1.3025
-0.12899 1.3025
-0.12300999999999998 1.4015
-0.30899 1.4015

c2
4
0.63299 1.3025
0.6990100000000001 1.3025
0.7049900000000001 1.4015
0.6270100000000001 1.4015

rEnv
4
0.74099 1.3025
0.80701 1.3025
0.81299 1.4015
0.73501 1.4015


57
IMD6d1_damage
4
-0.312424 1.2925
-0.11957599999999997 1.2925
-0.11897199999999998 1.3025
-0.313028 1.3025
3.1

IMD6d1_damage
4
-0.096424 1.2925
0.09642400000000002 1.2925
0.09702800000000002 1.3025
-0.09702799999999999 1.3025
3.1

IMD6d1_damage
4
0.6235760000000001 1.2925
0.708424 1.2925
0.7090280000000001 1.3025
0.6229720000000001 1.3025
3.1

IMD6d1_damage
4
0.7315760000000001 1.2925
0.8164239999999999 1.2925
0.817028 1.3025
0.7309720000000001 1.3025
3.1

IMD6d2_damage
4
-0.308019 1.3025
-0.30301 1.3025
-0.30899 1.4015
-0.313999 1.4015
2.9

IMD6d2_damage
4
-0.12899 1.3025
-0.123981 1.3025
-0.11800099999999998 1.4015
-0.12300999999999998 1.4015
2.9

IMD6d2_damage
4
-0.09201899999999999 1.3025
-0.08700999999999999 1.3025
-0.09298999999999999 1.4015
-0.09799899999999999 1.4015
2.9

IMD6d2_damage
4
0.08701000000000002 1.3025
0.09201900000000002 1.3025
0.09799900000000002 1.4015
0.09299000000000002 1.4015
2.9

IMD6d2_damage
4
0.627981 1.3025
0.63299 1.3025
0.6270100000000001 1.4015
0.622001 1.4015
2.9

IMD6d2_damage
4
0.6990100000000001 1.3025
0.7040190000000002 1.3025
0.7099990000000002 1.4015
0.7049900000000001 1.4015
2.9

IMD6d2_damage
4
0.735981 1.3025
0.74099 1.3025
0.73501 1.4015
0.730001 1.4015
2.9

IMD6d2_damage
4
0.80701 1.3025
0.812019 1.3025
0.817999 1.4015
0.81299 1.4015
2.9

IMD6d2
4
-0.806 1.3025
-0.308019 1.3025
-0.313999 1.4015
-0.806 1.4015
2.65

IMD6d2
4
-0.123981 1.3025
-0.09201899999999999 1.3025
-0.09799899999999999 1.4015
-0.11800099999999998 1.4015
2.65

IMD6d2
4
0.09201900000000002 1.3025
0.627981 1.3025
0.622001 1.4015
0.09799900000000002 1.4015
2.65

IMD6d2
4
0.7040190000000002 1.3025
0.735981 1.3025
0.730001 1.4015
0.7099990000000002 1.4015
2.65

IMD6d2
4
0.812019 1.3025
1.31 1.3025
1.31 1.4015
0.817999 1.4015
2.65

IMD6d1
4
-0.806 1.2925
-0.312424 1.2925
-0.313028 1.3025
-0.806 1.3025
2.65

IMD6d1
4
-0.11957599999999997 1.2925
-0.096424 1.2925
-0.09702799999999999 1.3025
-0.11897199999999998 1.3025
2.65

IMD6d1
4
0.09642400000000002 1.2925
0.6235760000000001 1.2925
0.6229720000000001 1.3025
0.09702800000000002 1.3025
2.65

IMD6d1
4
0.708424 1.2925
0.7315760000000001 1.2925
0.7309720000000001 1.3025
0.7090280000000001 1.3025
2.65

IMD6d1
4
0.8164239999999999 1.2925
1.31 1.2925
1.31 1.3025
0.817028 1.3025
2.65

IMD6d1
4
-0.806 1.2745
1.31 1.2745
1.31 1.2925
-0.806 1.2925
2.65

FOXA+FOXB+TOX
4
-0.806 0.001
1.31 0.001
1.31 0.2665
-0.806 0.2665
4.0

ILD1a
4
-0.806 0.2665
1.31 0.2665
1.31 0.2765
-0.806 0.2765
7.0

ILD1b1+ILD1b2+ILD1b3
4
-0.806 0.2765
1.31 0.2765
1.31 0.3955
-0.806 0.3955
4.0

IMD1a
4
-0.806 0.3955
1.31 0.3955
1.31 0.4065
-0.806 0.4065
5.2

IMD1b
4
-0.806 0.4065
1.31 0.4065
1.31 0.4665
-0.806 0.4665
2.8

IMD2a
4
-0.806 0.4665
1.31 0.4665
1.31 0.4875
-0.806 0.4875
5.2

IMD2b
4
-0.806 0.4875
1.31 0.4875
1.31 0.5025
-0.806 0.5025
4.2

IMD2c
4
-0.806 0.5025
1.31 0.5025
1.31 0.5265
-0.806 0.5265
3.28

IMD2d1+IMD2d2
4
-0.806 0.5265
1.31 0.5265
1.31 0.6535
-0.806 0.6535
2.65

IMD3a
4
-0.806 0.6535
1.31 0.6535
1.31 0.6745
-0.806 0.6745
5.2

IMD3b
4
-0.806 0.6745
1.31 0.6745
1.31 0.6895
-0.806 0.6895
4.2

IMD3c
4
-0.806 0.6895
1.31 0.6895
1.31 0.7135
-0.806 0.7135
3.28

IMD3d1+IMD3d2
4
-0.806 0.7135
1.31 0.7135
1.31 0.8405
-0.806 0.8405
2.65

IMD4a
4
-0.806 0.8405
1.31 0.8405
1.31 0.8615
-0.806 0.8615
5.2

IMD4b
4
-0.806 0.8615
1.31 0.8615
1.31 0.8765
-0.806 0.8765
4.2

IMD4c
4
-0.806 0.8765
1.31 0.8765
1.31 0.9005
-0.806 0.9005
3.28

IMD4d1+IMD4d2
4
-0.806 0.9005
1.31 0.9005
1.31 1.0275
-0.806 1.0275
2.65

IMD5a
4
-0.806 1.0275
1.31 1.0275
1.31 1.0485
-0.806 1.0485
5.2

IMD5b
4
-0.806 1.0485
1.31 1.0485
1.31 1.0635
-0.806 1.0635
4.2

IMD5c
4
-0.806 1.0635
1.31 1.0635
1.31 1.0875
-0.806 1.0875
3.28

IMD5d1+IMD5d2
4
-0.806 1.0875
1.31 1.0875
1.31 1.2145
-0.806 1.2145
2.65

IMD6a
4
-0.806 1.2145
1.31 1.2145
1.31 1.2355
-0.806 1.2355
5.2

IMD6b
4
-0.806 1.2355
1.31 1.2355
1.31 1.2505
-0.806 1.2505
4.2

IMD6c
4
-0.806 1.2505
1.31 1.2505
1.31 1.2745
-0.806 1.2745
3.28

IMD7a
4
-0.806 1.4015
1.31 1.4015
1.31 1.4765
-0.806 1.4765
5.2

IMD7b1+IMD7b2
4
-0.806 1.4765
1.31 1.4765
1.31 2.9765
-0.806 2.9765
4.2

IMD8a
4
-0.806 2.9765
1.31 2.9765
1.31 3.0515
-0.806 3.0515
5.2

IMD8b1+IMD8b2
4
-0.806 3.0515
1.31 3.0515
1.31 4.5515
-0.806 4.5515
4.2

PASS1
4
-0.806 4.5515
1.31 4.5515
1.31 4.6265
-0.806 4.6265
7.0

PASS2
4
-0.806 4.6265
1.31 4.6265
1.31 5.0265
-0.806 5.0265
4.2

PASS3
4
-0.806 5.0265
1.31 5.0265
1.31 5.1015
-0.806 5.1015
7.0

PASS4+PASS5
4
-0.806 5.1015
1.31 5.1015
1.31 6.0515
-0.806 6.0515
4.2

PASS6
4
-0.806 6.0515
1.31 6.0515
1.31 6.6515
-0.806 6.6515
7.0

air_Layer
4
-0.806 6.6515
1.31 6.6515
1.31 6.9485
-0.806 6.9485
1.0


4
-0.806 0.001
1.31 0.001
1.31 6.9485
-0.806 6.9485

