c1
4
-0.08701000000000002 0.9285000000000001
0.08701000000000002 0.9285000000000001
0.09299000000000002 1.0275
-0.09299000000000002 1.0275

5
botleft
4
-1.22 -0.001
0 -0.001
0 0.001
-1.22 0.001

botright
4
0 -0.001
2.21 -0.001
2.21 0.001
0 0.001

lEnv
4
-0.71701 0.9285000000000001
-0.54299 0.9285000000000001
-0.53701 1.0275
-0.72299 1.0275

c2
4
0.63299 0.9285000000000001
0.9420100000000001 0.9285000000000001
0.9479900000000001 1.0275
0.6270100000000001 1.0275

rEnv
4
1.3979900000000003 0.9285000000000001
1.7070100000000001 0.9285000000000001
1.7129900000000002 1.0275
1.3920100000000002 1.0275


57
IMD4d1_damage
4
-0.726424 0.9185000000000001
-0.533576 0.9185000000000001
-0.532972 0.9285000000000001
-0.727028 0.9285000000000001
3.1

IMD4d1_damage
4
-0.09642400000000002 0.9185000000000001
0.09642400000000002 0.9185000000000001
0.09702800000000002 0.9285000000000001
-0.09702800000000002 0.9285000000000001
3.1

IMD4d1_damage
4
0.6235760000000001 0.9185000000000001
0.951424 0.9185000000000001
0.9520280000000001 0.9285000000000001
0.6229720000000001 0.9285000000000001
3.1

IMD4d1_damage
4
1.3885760000000003 0.9185000000000001
1.7164240000000002 0.9185000000000001
1.7170280000000002 0.9285000000000001
1.3879720000000002 0.9285000000000001
3.1

IMD4d2_damage
4
-0.7220190000000001 0.9285000000000001
-0.71701 0.9285000000000001
-0.72299 1.0275
-0.7279990000000001 1.0275
2.9

IMD4d2_damage
4
-0.54299 0.9285000000000001
-0.5379809999999999 0.9285000000000001
-0.532001 1.0275
-0.53701 1.0275
2.9

IMD4d2_damage
4
-0.09201900000000002 0.9285000000000001
-0.08701000000000002 0.9285000000000001
-0.09299000000000002 1.0275
-0.09799900000000002 1.0275
2.9

IMD4d2_damage
4
0.08701000000000002 0.9285000000000001
0.09201900000000002 0.9285000000000001
0.09799900000000002 1.0275
0.09299000000000002 1.0275
2.9

IMD4d2_damage
4
0.627981 0.9285000000000001
0.63299 0.9285000000000001
0.6270100000000001 1.0275
0.622001 1.0275
2.9

IMD4d2_damage
4
0.9420100000000001 0.9285000000000001
0.9470190000000002 0.9285000000000001
0.9529990000000002 1.0275
0.9479900000000001 1.0275
2.9

IMD4d2_damage
4
1.3929810000000002 0.9285000000000001
1.3979900000000003 0.9285000000000001
1.3920100000000002 1.0275
1.3870010000000002 1.0275
2.9

IMD4d2_damage
4
1.7070100000000001 0.9285000000000001
1.7120190000000002 0.9285000000000001
1.7179990000000003 1.0275
1.7129900000000002 1.0275
2.9

IMD4d2
4
-1.22 0.9285000000000001
-0.7220190000000001 0.9285000000000001
-0.7279990000000001 1.0275
-1.22 1.0275
2.65

IMD4d2
4
-0.5379809999999999 0.9285000000000001
-0.09201900000000002 0.9285000000000001
-0.09799900000000002 1.0275
-0.532001 1.0275
2.65

IMD4d2
4
0.09201900000000002 0.9285000000000001
0.627981 0.9285000000000001
0.622001 1.0275
0.09799900000000002 1.0275
2.65

IMD4d2
4
0.9470190000000002 0.9285000000000001
1.3929810000000002 0.9285000000000001
1.3870010000000002 1.0275
0.9529990000000002 1.0275
2.65

IMD4d2
4
1.7120190000000002 0.9285000000000001
2.21 0.9285000000000001
2.21 1.0275
1.7179990000000003 1.0275
2.65

IMD4d1
4
-1.22 0.9185000000000001
-0.726424 0.9185000000000001
-0.727028 0.9285000000000001
-1.22 0.9285000000000001
2.65

IMD4d1
4
-0.533576 0.9185000000000001
-0.09642400000000002 0.9185000000000001
-0.09702800000000002 0.9285000000000001
-0.532972 0.9285000000000001
2.65

IMD4d1
4
0.09642400000000002 0.9185000000000001
0.6235760000000001 0.9185000000000001
0.6229720000000001 0.9285000000000001
0.09702800000000002 0.9285000000000001
2.65

IMD4d1
4
0.951424 0.9185000000000001
1.3885760000000003 0.9185000000000001
1.3879720000000002 0.9285000000000001
0.9520280000000001 0.9285000000000001
2.65

IMD4d1
4
1.7164240000000002 0.9185000000000001
2.21 0.9185000000000001
2.21 0.9285000000000001
1.7170280000000002 0.9285000000000001
2.65

IMD4d1
4
-1.22 0.9005
2.21 0.9005
2.21 0.9185000000000001
-1.22 0.9185000000000001
2.65

FOXA+FOXB+TOX
4
-1.22 0.001
2.21 0.001
2.21 0.2665
-1.22 0.2665
4.0

ILD1a
4
-1.22 0.2665
2.21 0.2665
2.21 0.2765
-1.22 0.2765
7.0

ILD1b1+ILD1b2+ILD1b3
4
-1.22 0.2765
2.21 0.2765
2.21 0.3955
-1.22 0.3955
4.0

IMD1a
4
-1.22 0.3955
2.21 0.3955
2.21 0.4065
-1.22 0.4065
5.2

IMD1b
4
-1.22 0.4065
2.21 0.4065
2.21 0.4665
-1.22 0.4665
2.8

IMD2a
4
-1.22 0.4665
2.21 0.4665
2.21 0.4875
-1.22 0.4875
5.2

IMD2b
4
-1.22 0.4875
2.21 0.4875
2.21 0.5025
-1.22 0.5025
4.2

IMD2c
4
-1.22 0.5025
2.21 0.5025
2.21 0.5265
-1.22 0.5265
3.28

IMD2d1+IMD2d2
4
-1.22 0.5265
2.21 0.5265
2.21 0.6535
-1.22 0.6535
2.65

IMD3a
4
-1.22 0.6535
2.21 0.6535
2.21 0.6745
-1.22 0.6745
5.2

IMD3b
4
-1.22 0.6745
2.21 0.6745
2.21 0.6895
-1.22 0.6895
4.2

IMD3c
4
-1.22 0.6895
2.21 0.6895
2.21 0.7135
-1.22 0.7135
3.28

IMD3d1+IMD3d2
4
-1.22 0.7135
2.21 0.7135
2.21 0.8405
-1.22 0.8405
2.65

IMD4a
4
-1.22 0.8405
2.21 0.8405
2.21 0.8615
-1.22 0.8615
5.2

IMD4b
4
-1.22 0.8615
2.21 0.8615
2.21 0.8765
-1.22 0.8765
4.2

IMD4c
4
-1.22 0.8765
2.21 0.8765
2.21 0.9005
-1.22 0.9005
3.28

IMD5a
4
-1.22 1.0275
2.21 1.0275
2.21 1.0485
-1.22 1.0485
5.2

IMD5b
4
-1.22 1.0485
2.21 1.0485
2.21 1.0635
-1.22 1.0635
4.2

IMD5c
4
-1.22 1.0635
2.21 1.0635
2.21 1.0875
-1.22 1.0875
3.28

IMD5d1+IMD5d2
4
-1.22 1.0875
2.21 1.0875
2.21 1.2145
-1.22 1.2145
2.65

IMD6a
4
-1.22 1.2145
2.21 1.2145
2.21 1.2355
-1.22 1.2355
5.2

IMD6b
4
-1.22 1.2355
2.21 1.2355
2.21 1.2505
-1.22 1.2505
4.2

IMD6c
4
-1.22 1.2505
2.21 1.2505
2.21 1.2745
-1.22 1.2745
3.28

IMD6d1+IMD6d2
4
-1.22 1.2745
2.21 1.2745
2.21 1.4015
-1.22 1.4015
2.65

IMD7a
4
-1.22 1.4015
2.21 1.4015
2.21 1.4765
-1.22 1.4765
5.2

IMD7b1+IMD7b2
4
-1.22 1.4765
2.21 1.4765
2.21 2.9765
-1.22 2.9765
4.2

IMD8a
4
-1.22 2.9765
2.21 2.9765
2.21 3.0515
-1.22 3.0515
5.2

IMD8b1+IMD8b2
4
-1.22 3.0515
2.21 3.0515
2.21 4.5515
-1.22 4.5515
4.2

PASS1
4
-1.22 4.5515
2.21 4.5515
2.21 4.6265
-1.22 4.6265
7.0

PASS2
4
-1.22 4.6265
2.21 4.6265
2.21 5.0265
-1.22 5.0265
4.2

PASS3
4
-1.22 5.0265
2.21 5.0265
2.21 5.1015
-1.22 5.1015
7.0

PASS4+PASS5
4
-1.22 5.1015
2.21 5.1015
2.21 6.0515
-1.22 6.0515
4.2

PASS6
4
-1.22 6.0515
2.21 6.0515
2.21 6.6515
-1.22 6.6515
7.0

air_Layer
4
-1.22 6.6515
2.21 6.6515
2.21 6.9485
-1.22 6.9485
1.0


4
-1.22 0.001
2.21 0.001
2.21 6.9485
-1.22 6.9485

