c1
4
-0.33292000000000005 0.37050000000000005
0.33291999999999994 0.37050000000000005
0.34207999999999994 0.4665
-0.34208000000000005 0.4665

5
botleft
4
-1.6925 -0.001
0 -0.001
0 0.001
-1.6925 0.001

botright
4
0 -0.001
1.9175000000000002 -0.001
1.9175000000000002 0.001
0 0.001

lEnv
4
-1.1879199999999999 0.37050000000000005
-0.52208 0.37050000000000005
-0.51292 0.4665
-1.19708 0.4665

c2
4
0.8820799999999999 0.37050000000000005
1.0529199999999996 0.37050000000000005
1.0620799999999997 0.4665
0.8729199999999999 0.4665

rEnv
4
1.2420799999999999 0.37050000000000005
1.41292 0.37050000000000005
1.42208 0.4665
1.2329199999999998 0.4665


48
IMD1b
4
-1.6925 0.40650000000000003
-1.191355 0.40650000000000003
-1.19708 0.4665
-1.6925 0.4665
2.8

IMD1b
4
-0.518645 0.40650000000000003
-0.33635500000000007 0.40650000000000003
-0.34208000000000005 0.4665
-0.51292 0.4665
2.8

IMD1b
4
0.33635499999999996 0.40650000000000003
0.8786449999999999 0.40650000000000003
0.8729199999999999 0.4665
0.34207999999999994 0.4665
2.8

IMD1b
4
1.0563549999999997 0.40650000000000003
1.2386449999999998 0.40650000000000003
1.2329199999999998 0.4665
1.0620799999999997 0.4665
2.8

IMD1b
4
1.416355 0.40650000000000003
1.9175000000000002 0.40650000000000003
1.9175000000000002 0.4665
1.42208 0.4665
2.8

IMD1a
4
-1.6925 0.3955
-1.1903054166666667 0.3955
-1.191355 0.40650000000000003
-1.6925 0.40650000000000003
5.2

IMD1a
4
-0.5196945833333334 0.3955
-0.33530541666666674 0.3955
-0.33635500000000007 0.40650000000000003
-0.518645 0.40650000000000003
5.2

IMD1a
4
0.33530541666666663 0.3955
0.8796945833333333 0.3955
0.8786449999999999 0.40650000000000003
0.33635499999999996 0.40650000000000003
5.2

IMD1a
4
1.0553054166666664 0.3955
1.239694583333333 0.3955
1.2386449999999998 0.40650000000000003
1.0563549999999997 0.40650000000000003
5.2

IMD1a
4
1.4153054166666668 0.3955
1.9175000000000002 0.3955
1.9175000000000002 0.40650000000000003
1.416355 0.40650000000000003
5.2

ILD1b3
4
-1.6925 0.37050000000000005
-1.1879199999999999 0.37050000000000005
-1.1903054166666667 0.3955
-1.6925 0.3955
4

ILD1b3
4
-0.52208 0.37050000000000005
-0.33292000000000005 0.37050000000000005
-0.33530541666666674 0.3955
-0.5196945833333334 0.3955
4

ILD1b3
4
0.33291999999999994 0.37050000000000005
0.8820799999999999 0.37050000000000005
0.8796945833333333 0.3955
0.33530541666666663 0.3955
4

ILD1b3
4
1.0529199999999996 0.37050000000000005
1.2420799999999999 0.37050000000000005
1.239694583333333 0.3955
1.0553054166666664 0.3955
4

ILD1b3
4
1.41292 0.37050000000000005
1.9175000000000002 0.37050000000000005
1.9175000000000002 0.3955
1.4153054166666668 0.3955
4

ILD1b1+ILD1b2
4
-1.6925 0.2765
1.9175000000000002 0.2765
1.9175000000000002 0.37050000000000005
-1.6925 0.37050000000000005
4

FOXA+FOXB+TOX
4
-1.6925 0.001
1.9175000000000002 0.001
1.9175000000000002 0.2665
-1.6925 0.2665
4.0

ILD1a
4
-1.6925 0.2665
1.9175000000000002 0.2665
1.9175000000000002 0.2765
-1.6925 0.2765
7.0

IMD2a
4
-1.6925 0.4665
1.9175000000000002 0.4665
1.9175000000000002 0.4875
-1.6925 0.4875
5.2

IMD2b
4
-1.6925 0.4875
1.9175000000000002 0.4875
1.9175000000000002 0.5025
-1.6925 0.5025
4.2

IMD2c
4
-1.6925 0.5025
1.9175000000000002 0.5025
1.9175000000000002 0.5265
-1.6925 0.5265
3.28

IMD2d1+IMD2d2
4
-1.6925 0.5265
1.9175000000000002 0.5265
1.9175000000000002 0.6535
-1.6925 0.6535
2.65

IMD3a
4
-1.6925 0.6535
1.9175000000000002 0.6535
1.9175000000000002 0.6745
-1.6925 0.6745
5.2

IMD3b
4
-1.6925 0.6745
1.9175000000000002 0.6745
1.9175000000000002 0.6895
-1.6925 0.6895
4.2

IMD3c
4
-1.6925 0.6895
1.9175000000000002 0.6895
1.9175000000000002 0.7135
-1.6925 0.7135
3.28

IMD3d1+IMD3d2
4
-1.6925 0.7135
1.9175000000000002 0.7135
1.9175000000000002 0.8405
-1.6925 0.8405
2.65

IMD4a
4
-1.6925 0.8405
1.9175000000000002 0.8405
1.9175000000000002 0.8615
-1.6925 0.8615
5.2

IMD4b
4
-1.6925 0.8615
1.9175000000000002 0.8615
1.9175000000000002 0.8765
-1.6925 0.8765
4.2

IMD4c
4
-1.6925 0.8765
1.9175000000000002 0.8765
1.9175000000000002 0.9005
-1.6925 0.9005
3.28

IMD4d1+IMD4d2
4
-1.6925 0.9005
1.9175000000000002 0.9005
1.9175000000000002 1.0275
-1.6925 1.0275
2.65

IMD5a
4
-1.6925 1.0275
1.9175000000000002 1.0275
1.9175000000000002 1.0485
-1.6925 1.0485
5.2

IMD5b
4
-1.6925 1.0485
1.9175000000000002 1.0485
1.9175000000000002 1.0635
-1.6925 1.0635
4.2

IMD5c
4
-1.6925 1.0635
1.9175000000000002 1.0635
1.9175000000000002 1.0875
-1.6925 1.0875
3.28

IMD5d1+IMD5d2
4
-1.6925 1.0875
1.9175000000000002 1.0875
1.9175000000000002 1.2145
-1.6925 1.2145
2.65

IMD6a
4
-1.6925 1.2145
1.9175000000000002 1.2145
1.9175000000000002 1.2355
-1.6925 1.2355
5.2

IMD6b
4
-1.6925 1.2355
1.9175000000000002 1.2355
1.9175000000000002 1.2505
-1.6925 1.2505
4.2

IMD6c
4
-1.6925 1.2505
1.9175000000000002 1.2505
1.9175000000000002 1.2745
-1.6925 1.2745
3.28

IMD6d1+IMD6d2
4
-1.6925 1.2745
1.9175000000000002 1.2745
1.9175000000000002 1.4015
-1.6925 1.4015
2.65

IMD7a
4
-1.6925 1.4015
1.9175000000000002 1.4015
1.9175000000000002 1.4765
-1.6925 1.4765
5.2

IMD7b1+IMD7b2
4
-1.6925 1.4765
1.9175000000000002 1.4765
1.9175000000000002 2.9765
-1.6925 2.9765
4.2

IMD8a
4
-1.6925 2.9765
1.9175000000000002 2.9765
1.9175000000000002 3.0515
-1.6925 3.0515
5.2

IMD8b1+IMD8b2
4
-1.6925 3.0515
1.9175000000000002 3.0515
1.9175000000000002 4.5515
-1.6925 4.5515
4.2

PASS1
4
-1.6925 4.5515
1.9175000000000002 4.5515
1.9175000000000002 4.6265
-1.6925 4.6265
7.0

PASS2
4
-1.6925 4.6265
1.9175000000000002 4.6265
1.9175000000000002 5.0265
-1.6925 5.0265
4.2

PASS3
4
-1.6925 5.0265
1.9175000000000002 5.0265
1.9175000000000002 5.1015
-1.6925 5.1015
7.0

PASS4+PASS5
4
-1.6925 5.1015
1.9175000000000002 5.1015
1.9175000000000002 6.0515
-1.6925 6.0515
4.2

PASS6
4
-1.6925 6.0515
1.9175000000000002 6.0515
1.9175000000000002 6.6515
-1.6925 6.6515
7.0

air_Layer
4
-1.6925 6.6515
1.9175000000000002 6.6515
1.9175000000000002 6.9485
-1.6925 6.9485
1.0


4
-1.6925 0.001
1.9175000000000002 0.001
1.9175000000000002 6.9485
-1.6925 6.9485

