c1
4
-0.15450999999999995 1.3025
0.15451 1.3025
0.16049000000000002 1.4015
-0.16048999999999997 1.4015

5
botleft
4
-1.0625 -0.001
0 -0.001
0 0.001
-1.0625 0.001

botright
4
0 -0.001
2.4799999999999995 -0.001
2.4799999999999995 0.001
0 0.001

lEnv
4
-0.55951 1.3025
-0.25048999999999993 1.3025
-0.24450999999999995 1.4015
-0.5654899999999999 1.4015

c2
4
0.5429900000000001 1.3025
1.2120099999999998 1.3025
1.21799 1.4015
0.5370100000000001 1.4015

rEnv
4
1.3079900000000002 1.3025
1.9770099999999995 1.3025
1.9829899999999996 1.4015
1.3020100000000001 1.4015


57
IMD6d1_damage
4
-0.5689239999999999 1.2925
-0.24107599999999996 1.2925
-0.24047199999999996 1.3025
-0.5695279999999999 1.3025
3.1

IMD6d1_damage
4
-0.16392399999999996 1.2925
0.16392400000000001 1.2925
0.164528 1.3025
-0.16452799999999995 1.3025
3.1

IMD6d1_damage
4
0.5335760000000002 1.2925
1.2214239999999998 1.2925
1.222028 1.3025
0.5329720000000001 1.3025
3.1

IMD6d1_damage
4
1.2985760000000002 1.2925
1.9864239999999995 1.2925
1.9870279999999996 1.3025
1.2979720000000001 1.3025
3.1

IMD6d2_damage
4
-0.564519 1.3025
-0.55951 1.3025
-0.5654899999999999 1.4015
-0.570499 1.4015
2.9

IMD6d2_damage
4
-0.25048999999999993 1.3025
-0.24548099999999992 1.3025
-0.23950099999999994 1.4015
-0.24450999999999995 1.4015
2.9

IMD6d2_damage
4
-0.15951899999999997 1.3025
-0.15450999999999995 1.3025
-0.16048999999999997 1.4015
-0.16549899999999998 1.4015
2.9

IMD6d2_damage
4
0.15451 1.3025
0.15951900000000002 1.3025
0.16549900000000003 1.4015
0.16049000000000002 1.4015
2.9

IMD6d2_damage
4
0.537981 1.3025
0.5429900000000001 1.3025
0.5370100000000001 1.4015
0.5320010000000001 1.4015
2.9

IMD6d2_damage
4
1.2120099999999998 1.3025
1.2170189999999999 1.3025
1.222999 1.4015
1.21799 1.4015
2.9

IMD6d2_damage
4
1.3029810000000002 1.3025
1.3079900000000002 1.3025
1.3020100000000001 1.4015
1.297001 1.4015
2.9

IMD6d2_damage
4
1.9770099999999995 1.3025
1.9820189999999995 1.3025
1.9879989999999996 1.4015
1.9829899999999996 1.4015
2.9

IMD6d2
4
-1.0625 1.3025
-0.564519 1.3025
-0.570499 1.4015
-1.0625 1.4015
2.65

IMD6d2
4
-0.24548099999999992 1.3025
-0.15951899999999997 1.3025
-0.16549899999999998 1.4015
-0.23950099999999994 1.4015
2.65

IMD6d2
4
0.15951900000000002 1.3025
0.537981 1.3025
0.5320010000000001 1.4015
0.16549900000000003 1.4015
2.65

IMD6d2
4
1.2170189999999999 1.3025
1.3029810000000002 1.3025
1.297001 1.4015
1.222999 1.4015
2.65

IMD6d2
4
1.9820189999999995 1.3025
2.4799999999999995 1.3025
2.4799999999999995 1.4015
1.9879989999999996 1.4015
2.65

IMD6d1
4
-1.0625 1.2925
-0.5689239999999999 1.2925
-0.5695279999999999 1.3025
-1.0625 1.3025
2.65

IMD6d1
4
-0.24107599999999996 1.2925
-0.16392399999999996 1.2925
-0.16452799999999995 1.3025
-0.24047199999999996 1.3025
2.65

IMD6d1
4
0.16392400000000001 1.2925
0.5335760000000002 1.2925
0.5329720000000001 1.3025
0.164528 1.3025
2.65

IMD6d1
4
1.2214239999999998 1.2925
1.2985760000000002 1.2925
1.2979720000000001 1.3025
1.222028 1.3025
2.65

IMD6d1
4
1.9864239999999995 1.2925
2.4799999999999995 1.2925
2.4799999999999995 1.3025
1.9870279999999996 1.3025
2.65

IMD6d1
4
-1.0625 1.2745
2.4799999999999995 1.2745
2.4799999999999995 1.2925
-1.0625 1.2925
2.65

FOXA+FOXB+TOX
4
-1.0625 0.001
2.4799999999999995 0.001
2.4799999999999995 0.2665
-1.0625 0.2665
4.0

ILD1a
4
-1.0625 0.2665
2.4799999999999995 0.2665
2.4799999999999995 0.2765
-1.0625 0.2765
7.0

ILD1b1+ILD1b2+ILD1b3
4
-1.0625 0.2765
2.4799999999999995 0.2765
2.4799999999999995 0.3955
-1.0625 0.3955
4.0

IMD1a
4
-1.0625 0.3955
2.4799999999999995 0.3955
2.4799999999999995 0.4065
-1.0625 0.4065
5.2

IMD1b
4
-1.0625 0.4065
2.4799999999999995 0.4065
2.4799999999999995 0.4665
-1.0625 0.4665
2.8

IMD2a
4
-1.0625 0.4665
2.4799999999999995 0.4665
2.4799999999999995 0.4875
-1.0625 0.4875
5.2

IMD2b
4
-1.0625 0.4875
2.4799999999999995 0.4875
2.4799999999999995 0.5025
-1.0625 0.5025
4.2

IMD2c
4
-1.0625 0.5025
2.4799999999999995 0.5025
2.4799999999999995 0.5265
-1.0625 0.5265
3.28

IMD2d1+IMD2d2
4
-1.0625 0.5265
2.4799999999999995 0.5265
2.4799999999999995 0.6535
-1.0625 0.6535
2.65

IMD3a
4
-1.0625 0.6535
2.4799999999999995 0.6535
2.4799999999999995 0.6745
-1.0625 0.6745
5.2

IMD3b
4
-1.0625 0.6745
2.4799999999999995 0.6745
2.4799999999999995 0.6895
-1.0625 0.6895
4.2

IMD3c
4
-1.0625 0.6895
2.4799999999999995 0.6895
2.4799999999999995 0.7135
-1.0625 0.7135
3.28

IMD3d1+IMD3d2
4
-1.0625 0.7135
2.4799999999999995 0.7135
2.4799999999999995 0.8405
-1.0625 0.8405
2.65

IMD4a
4
-1.0625 0.8405
2.4799999999999995 0.8405
2.4799999999999995 0.8615
-1.0625 0.8615
5.2

IMD4b
4
-1.0625 0.8615
2.4799999999999995 0.8615
2.4799999999999995 0.8765
-1.0625 0.8765
4.2

IMD4c
4
-1.0625 0.8765
2.4799999999999995 0.8765
2.4799999999999995 0.9005
-1.0625 0.9005
3.28

IMD4d1+IMD4d2
4
-1.0625 0.9005
2.4799999999999995 0.9005
2.4799999999999995 1.0275
-1.0625 1.0275
2.65

IMD5a
4
-1.0625 1.0275
2.4799999999999995 1.0275
2.4799999999999995 1.0485
-1.0625 1.0485
5.2

IMD5b
4
-1.0625 1.0485
2.4799999999999995 1.0485
2.4799999999999995 1.0635
-1.0625 1.0635
4.2

IMD5c
4
-1.0625 1.0635
2.4799999999999995 1.0635
2.4799999999999995 1.0875
-1.0625 1.0875
3.28

IMD5d1+IMD5d2
4
-1.0625 1.0875
2.4799999999999995 1.0875
2.4799999999999995 1.2145
-1.0625 1.2145
2.65

IMD6a
4
-1.0625 1.2145
2.4799999999999995 1.2145
2.4799999999999995 1.2355
-1.0625 1.2355
5.2

IMD6b
4
-1.0625 1.2355
2.4799999999999995 1.2355
2.4799999999999995 1.2505
-1.0625 1.2505
4.2

IMD6c
4
-1.0625 1.2505
2.4799999999999995 1.2505
2.4799999999999995 1.2745
-1.0625 1.2745
3.28

IMD7a
4
-1.0625 1.4015
2.4799999999999995 1.4015
2.4799999999999995 1.4765
-1.0625 1.4765
5.2

IMD7b1+IMD7b2
4
-1.0625 1.4765
2.4799999999999995 1.4765
2.4799999999999995 2.9765
-1.0625 2.9765
4.2

IMD8a
4
-1.0625 2.9765
2.4799999999999995 2.9765
2.4799999999999995 3.0515
-1.0625 3.0515
5.2

IMD8b1+IMD8b2
4
-1.0625 3.0515
2.4799999999999995 3.0515
2.4799999999999995 4.5515
-1.0625 4.5515
4.2

PASS1
4
-1.0625 4.5515
2.4799999999999995 4.5515
2.4799999999999995 4.6265
-1.0625 4.6265
7.0

PASS2
4
-1.0625 4.6265
2.4799999999999995 4.6265
2.4799999999999995 5.0265
-1.0625 5.0265
4.2

PASS3
4
-1.0625 5.0265
2.4799999999999995 5.0265
2.4799999999999995 5.1015
-1.0625 5.1015
7.0

PASS4+PASS5
4
-1.0625 5.1015
2.4799999999999995 5.1015
2.4799999999999995 6.0515
-1.0625 6.0515
4.2

PASS6
4
-1.0625 6.0515
2.4799999999999995 6.0515
2.4799999999999995 6.6515
-1.0625 6.6515
7.0

air_Layer
4
-1.0625 6.6515
2.4799999999999995 6.6515
2.4799999999999995 6.9485
-1.0625 6.9485
1.0


4
-1.0625 0.001
2.4799999999999995 0.001
2.4799999999999995 6.9485
-1.0625 6.9485

