c1
4
-0.03301 1.3025
0.03301 1.3025
0.03899 1.4015
-0.03899 1.4015

5
botleft
4
-0.698 -0.001
0 -0.001
0 0.001
-0.698 0.001

botright
4
0 -0.001
1.9085 -0.001
1.9085 0.001
0 0.001

lEnv
4
-0.19500999999999996 1.3025
-0.12899 1.3025
-0.12300999999999998 1.4015
-0.20098999999999997 1.4015

c2
4
0.42149000000000003 1.3025
0.8655100000000001 1.3025
0.8714900000000001 1.4015
0.41551000000000005 1.4015

rEnv
4
0.9614900000000001 1.3025
1.40551 1.3025
1.4114900000000001 1.4015
0.9555100000000001 1.4015


57
IMD6d1_damage
4
-0.204424 1.2925
-0.11957599999999997 1.2925
-0.11897199999999998 1.3025
-0.205028 1.3025
3.1

IMD6d1_damage
4
-0.042423999999999996 1.2925
0.042423999999999996 1.2925
0.043028 1.3025
-0.043028 1.3025
3.1

IMD6d1_damage
4
0.41207600000000005 1.2925
0.874924 1.2925
0.8755280000000001 1.3025
0.41147200000000006 1.3025
3.1

IMD6d1_damage
4
0.9520760000000001 1.2925
1.414924 1.2925
1.4155280000000001 1.3025
0.9514720000000001 1.3025
3.1

IMD6d2_damage
4
-0.20001899999999997 1.3025
-0.19500999999999996 1.3025
-0.20098999999999997 1.4015
-0.205999 1.4015
2.9

IMD6d2_damage
4
-0.12899 1.3025
-0.123981 1.3025
-0.11800099999999998 1.4015
-0.12300999999999998 1.4015
2.9

IMD6d2_damage
4
-0.038019 1.3025
-0.03301 1.3025
-0.03899 1.4015
-0.043998999999999996 1.4015
2.9

IMD6d2_damage
4
0.03301 1.3025
0.038019 1.3025
0.043998999999999996 1.4015
0.03899 1.4015
2.9

IMD6d2_damage
4
0.41648100000000005 1.3025
0.42149000000000003 1.3025
0.41551000000000005 1.4015
0.41050100000000006 1.4015
2.9

IMD6d2_damage
4
0.8655100000000001 1.3025
0.8705190000000002 1.3025
0.8764990000000001 1.4015
0.8714900000000001 1.4015
2.9

IMD6d2_damage
4
0.956481 1.3025
0.9614900000000001 1.3025
0.9555100000000001 1.4015
0.950501 1.4015
2.9

IMD6d2_damage
4
1.40551 1.3025
1.410519 1.3025
1.4164990000000002 1.4015
1.4114900000000001 1.4015
2.9

IMD6d2
4
-0.698 1.3025
-0.20001899999999997 1.3025
-0.205999 1.4015
-0.698 1.4015
2.65

IMD6d2
4
-0.123981 1.3025
-0.038019 1.3025
-0.043998999999999996 1.4015
-0.11800099999999998 1.4015
2.65

IMD6d2
4
0.038019 1.3025
0.41648100000000005 1.3025
0.41050100000000006 1.4015
0.043998999999999996 1.4015
2.65

IMD6d2
4
0.8705190000000002 1.3025
0.956481 1.3025
0.950501 1.4015
0.8764990000000001 1.4015
2.65

IMD6d2
4
1.410519 1.3025
1.9085 1.3025
1.9085 1.4015
1.4164990000000002 1.4015
2.65

IMD6d1
4
-0.698 1.2925
-0.204424 1.2925
-0.205028 1.3025
-0.698 1.3025
2.65

IMD6d1
4
-0.11957599999999997 1.2925
-0.042423999999999996 1.2925
-0.043028 1.3025
-0.11897199999999998 1.3025
2.65

IMD6d1
4
0.042423999999999996 1.2925
0.41207600000000005 1.2925
0.41147200000000006 1.3025
0.043028 1.3025
2.65

IMD6d1
4
0.874924 1.2925
0.9520760000000001 1.2925
0.9514720000000001 1.3025
0.8755280000000001 1.3025
2.65

IMD6d1
4
1.414924 1.2925
1.9085 1.2925
1.9085 1.3025
1.4155280000000001 1.3025
2.65

IMD6d1
4
-0.698 1.2745
1.9085 1.2745
1.9085 1.2925
-0.698 1.2925
2.65

FOXA+FOXB+TOX
4
-0.698 0.001
1.9085 0.001
1.9085 0.2665
-0.698 0.2665
4.0

ILD1a
4
-0.698 0.2665
1.9085 0.2665
1.9085 0.2765
-0.698 0.2765
7.0

ILD1b1+ILD1b2+ILD1b3
4
-0.698 0.2765
1.9085 0.2765
1.9085 0.3955
-0.698 0.3955
4.0

IMD1a
4
-0.698 0.3955
1.9085 0.3955
1.9085 0.4065
-0.698 0.4065
5.2

IMD1b
4
-0.698 0.4065
1.9085 0.4065
1.9085 0.4665
-0.698 0.4665
2.8

IMD2a
4
-0.698 0.4665
1.9085 0.4665
1.9085 0.4875
-0.698 0.4875
5.2

IMD2b
4
-0.698 0.4875
1.9085 0.4875
1.9085 0.5025
-0.698 0.5025
4.2

IMD2c
4
-0.698 0.5025
1.9085 0.5025
1.9085 0.5265
-0.698 0.5265
3.28

IMD2d1+IMD2d2
4
-0.698 0.5265
1.9085 0.5265
1.9085 0.6535
-0.698 0.6535
2.65

IMD3a
4
-0.698 0.6535
1.9085 0.6535
1.9085 0.6745
-0.698 0.6745
5.2

IMD3b
4
-0.698 0.6745
1.9085 0.6745
1.9085 0.6895
-0.698 0.6895
4.2

IMD3c
4
-0.698 0.6895
1.9085 0.6895
1.9085 0.7135
-0.698 0.7135
3.28

IMD3d1+IMD3d2
4
-0.698 0.7135
1.9085 0.7135
1.9085 0.8405
-0.698 0.8405
2.65

IMD4a
4
-0.698 0.8405
1.9085 0.8405
1.9085 0.8615
-0.698 0.8615
5.2

IMD4b
4
-0.698 0.8615
1.9085 0.8615
1.9085 0.8765
-0.698 0.8765
4.2

IMD4c
4
-0.698 0.8765
1.9085 0.8765
1.9085 0.9005
-0.698 0.9005
3.28

IMD4d1+IMD4d2
4
-0.698 0.9005
1.9085 0.9005
1.9085 1.0275
-0.698 1.0275
2.65

IMD5a
4
-0.698 1.0275
1.9085 1.0275
1.9085 1.0485
-0.698 1.0485
5.2

IMD5b
4
-0.698 1.0485
1.9085 1.0485
1.9085 1.0635
-0.698 1.0635
4.2

IMD5c
4
-0.698 1.0635
1.9085 1.0635
1.9085 1.0875
-0.698 1.0875
3.28

IMD5d1+IMD5d2
4
-0.698 1.0875
1.9085 1.0875
1.9085 1.2145
-0.698 1.2145
2.65

IMD6a
4
-0.698 1.2145
1.9085 1.2145
1.9085 1.2355
-0.698 1.2355
5.2

IMD6b
4
-0.698 1.2355
1.9085 1.2355
1.9085 1.2505
-0.698 1.2505
4.2

IMD6c
4
-0.698 1.2505
1.9085 1.2505
1.9085 1.2745
-0.698 1.2745
3.28

IMD7a
4
-0.698 1.4015
1.9085 1.4015
1.9085 1.4765
-0.698 1.4765
5.2

IMD7b1+IMD7b2
4
-0.698 1.4765
1.9085 1.4765
1.9085 2.9765
-0.698 2.9765
4.2

IMD8a
4
-0.698 2.9765
1.9085 2.9765
1.9085 3.0515
-0.698 3.0515
5.2

IMD8b1+IMD8b2
4
-0.698 3.0515
1.9085 3.0515
1.9085 4.5515
-0.698 4.5515
4.2

PASS1
4
-0.698 4.5515
1.9085 4.5515
1.9085 4.6265
-0.698 4.6265
7.0

PASS2
4
-0.698 4.6265
1.9085 4.6265
1.9085 5.0265
-0.698 5.0265
4.2

PASS3
4
-0.698 5.0265
1.9085 5.0265
1.9085 5.1015
-0.698 5.1015
7.0

PASS4+PASS5
4
-0.698 5.1015
1.9085 5.1015
1.9085 6.0515
-0.698 6.0515
4.2

PASS6
4
-0.698 6.0515
1.9085 6.0515
1.9085 6.6515
-0.698 6.6515
7.0

air_Layer
4
-0.698 6.6515
1.9085 6.6515
1.9085 6.9485
-0.698 6.9485
1.0


4
-0.698 0.001
1.9085 0.001
1.9085 6.9485
-0.698 6.9485

