c1
4
-0.08700999999999999 0.7415
0.08701000000000002 0.7415
0.09299000000000002 0.8405
-0.09298999999999999 0.8405

5
botleft
4
-0.806 -0.001
0 -0.001
0 0.001
-0.806 0.001

botright
4
0 -0.001
1.0805000000000002 -0.001
1.0805000000000002 0.001
0 0.001

lEnv
4
-0.30301 0.7415
-0.12899 0.7415
-0.12300999999999998 0.8405
-0.30899 0.8405

c2
4
0.47548999999999997 0.7415
0.50551 0.7415
0.51149 0.8405
0.46951 0.8405

rEnv
4
0.54749 0.7415
0.5775100000000001 0.7415
0.5834900000000001 0.8405
0.54151 0.8405


57
IMD3d1_damage
4
-0.312424 0.7315
-0.11957599999999997 0.7315
-0.11897199999999998 0.7415
-0.313028 0.7415
3.1

IMD3d1_damage
4
-0.096424 0.7315
0.09642400000000002 0.7315
0.09702800000000002 0.7415
-0.09702799999999999 0.7415
3.1

IMD3d1_damage
4
0.466076 0.7315
0.5149239999999999 0.7315
0.515528 0.7415
0.465472 0.7415
3.1

IMD3d1_damage
4
0.5380760000000001 0.7315
0.586924 0.7315
0.587528 0.7415
0.5374720000000001 0.7415
3.1

IMD3d2_damage
4
-0.308019 0.7415
-0.30301 0.7415
-0.30899 0.8405
-0.313999 0.8405
2.9

IMD3d2_damage
4
-0.12899 0.7415
-0.123981 0.7415
-0.11800099999999998 0.8405
-0.12300999999999998 0.8405
2.9

IMD3d2_damage
4
-0.09201899999999999 0.7415
-0.08700999999999999 0.7415
-0.09298999999999999 0.8405
-0.09799899999999999 0.8405
2.9

IMD3d2_damage
4
0.08701000000000002 0.7415
0.09201900000000002 0.7415
0.09799900000000002 0.8405
0.09299000000000002 0.8405
2.9

IMD3d2_damage
4
0.470481 0.7415
0.47548999999999997 0.7415
0.46951 0.8405
0.464501 0.8405
2.9

IMD3d2_damage
4
0.50551 0.7415
0.5105190000000001 0.7415
0.516499 0.8405
0.51149 0.8405
2.9

IMD3d2_damage
4
0.542481 0.7415
0.54749 0.7415
0.54151 0.8405
0.536501 0.8405
2.9

IMD3d2_damage
4
0.5775100000000001 0.7415
0.5825190000000001 0.7415
0.5884990000000001 0.8405
0.5834900000000001 0.8405
2.9

IMD3d2
4
-0.806 0.7415
-0.308019 0.7415
-0.313999 0.8405
-0.806 0.8405
2.65

IMD3d2
4
-0.123981 0.7415
-0.09201899999999999 0.7415
-0.09799899999999999 0.8405
-0.11800099999999998 0.8405
2.65

IMD3d2
4
0.09201900000000002 0.7415
0.470481 0.7415
0.464501 0.8405
0.09799900000000002 0.8405
2.65

IMD3d2
4
0.5105190000000001 0.7415
0.542481 0.7415
0.536501 0.8405
0.516499 0.8405
2.65

IMD3d2
4
0.5825190000000001 0.7415
1.0805000000000002 0.7415
1.0805000000000002 0.8405
0.5884990000000001 0.8405
2.65

IMD3d1
4
-0.806 0.7315
-0.312424 0.7315
-0.313028 0.7415
-0.806 0.7415
2.65

IMD3d1
4
-0.11957599999999997 0.7315
-0.096424 0.7315
-0.09702799999999999 0.7415
-0.11897199999999998 0.7415
2.65

IMD3d1
4
0.09642400000000002 0.7315
0.466076 0.7315
0.465472 0.7415
0.09702800000000002 0.7415
2.65

IMD3d1
4
0.5149239999999999 0.7315
0.5380760000000001 0.7315
0.5374720000000001 0.7415
0.515528 0.7415
2.65

IMD3d1
4
0.586924 0.7315
1.0805000000000002 0.7315
1.0805000000000002 0.7415
0.587528 0.7415
2.65

IMD3d1
4
-0.806 0.7135
1.0805000000000002 0.7135
1.0805000000000002 0.7315
-0.806 0.7315
2.65

FOXA+FOXB+TOX
4
-0.806 0.001
1.0805000000000002 0.001
1.0805000000000002 0.2665
-0.806 0.2665
4.0

ILD1a
4
-0.806 0.2665
1.0805000000000002 0.2665
1.0805000000000002 0.2765
-0.806 0.2765
7.0

ILD1b1+ILD1b2+ILD1b3
4
-0.806 0.2765
1.0805000000000002 0.2765
1.0805000000000002 0.3955
-0.806 0.3955
4.0

IMD1a
4
-0.806 0.3955
1.0805000000000002 0.3955
1.0805000000000002 0.4065
-0.806 0.4065
5.2

IMD1b
4
-0.806 0.4065
1.0805000000000002 0.4065
1.0805000000000002 0.4665
-0.806 0.4665
2.8

IMD2a
4
-0.806 0.4665
1.0805000000000002 0.4665
1.0805000000000002 0.4875
-0.806 0.4875
5.2

IMD2b
4
-0.806 0.4875
1.0805000000000002 0.4875
1.0805000000000002 0.5025
-0.806 0.5025
4.2

IMD2c
4
-0.806 0.5025
1.0805000000000002 0.5025
1.0805000000000002 0.5265
-0.806 0.5265
3.28

IMD2d1+IMD2d2
4
-0.806 0.5265
1.0805000000000002 0.5265
1.0805000000000002 0.6535
-0.806 0.6535
2.65

IMD3a
4
-0.806 0.6535
1.0805000000000002 0.6535
1.0805000000000002 0.6745
-0.806 0.6745
5.2

IMD3b
4
-0.806 0.6745
1.0805000000000002 0.6745
1.0805000000000002 0.6895
-0.806 0.6895
4.2

IMD3c
4
-0.806 0.6895
1.0805000000000002 0.6895
1.0805000000000002 0.7135
-0.806 0.7135
3.28

IMD4a
4
-0.806 0.8405
1.0805000000000002 0.8405
1.0805000000000002 0.8615
-0.806 0.8615
5.2

IMD4b
4
-0.806 0.8615
1.0805000000000002 0.8615
1.0805000000000002 0.8765
-0.806 0.8765
4.2

IMD4c
4
-0.806 0.8765
1.0805000000000002 0.8765
1.0805000000000002 0.9005
-0.806 0.9005
3.28

IMD4d1+IMD4d2
4
-0.806 0.9005
1.0805000000000002 0.9005
1.0805000000000002 1.0275
-0.806 1.0275
2.65

IMD5a
4
-0.806 1.0275
1.0805000000000002 1.0275
1.0805000000000002 1.0485
-0.806 1.0485
5.2

IMD5b
4
-0.806 1.0485
1.0805000000000002 1.0485
1.0805000000000002 1.0635
-0.806 1.0635
4.2

IMD5c
4
-0.806 1.0635
1.0805000000000002 1.0635
1.0805000000000002 1.0875
-0.806 1.0875
3.28

IMD5d1+IMD5d2
4
-0.806 1.0875
1.0805000000000002 1.0875
1.0805000000000002 1.2145
-0.806 1.2145
2.65

IMD6a
4
-0.806 1.2145
1.0805000000000002 1.2145
1.0805000000000002 1.2355
-0.806 1.2355
5.2

IMD6b
4
-0.806 1.2355
1.0805000000000002 1.2355
1.0805000000000002 1.2505
-0.806 1.2505
4.2

IMD6c
4
-0.806 1.2505
1.0805000000000002 1.2505
1.0805000000000002 1.2745
-0.806 1.2745
3.28

IMD6d1+IMD6d2
4
-0.806 1.2745
1.0805000000000002 1.2745
1.0805000000000002 1.4015
-0.806 1.4015
2.65

IMD7a
4
-0.806 1.4015
1.0805000000000002 1.4015
1.0805000000000002 1.4765
-0.806 1.4765
5.2

IMD7b1+IMD7b2
4
-0.806 1.4765
1.0805000000000002 1.4765
1.0805000000000002 2.9765
-0.806 2.9765
4.2

IMD8a
4
-0.806 2.9765
1.0805000000000002 2.9765
1.0805000000000002 3.0515
-0.806 3.0515
5.2

IMD8b1+IMD8b2
4
-0.806 3.0515
1.0805000000000002 3.0515
1.0805000000000002 4.5515
-0.806 4.5515
4.2

PASS1
4
-0.806 4.5515
1.0805000000000002 4.5515
1.0805000000000002 4.6265
-0.806 4.6265
7.0

PASS2
4
-0.806 4.6265
1.0805000000000002 4.6265
1.0805000000000002 5.0265
-0.806 5.0265
4.2

PASS3
4
-0.806 5.0265
1.0805000000000002 5.0265
1.0805000000000002 5.1015
-0.806 5.1015
7.0

PASS4+PASS5
4
-0.806 5.1015
1.0805000000000002 5.1015
1.0805000000000002 6.0515
-0.806 6.0515
4.2

PASS6
4
-0.806 6.0515
1.0805000000000002 6.0515
1.0805000000000002 6.6515
-0.806 6.6515
7.0

air_Layer
4
-0.806 6.6515
1.0805000000000002 6.6515
1.0805000000000002 6.9485
-0.806 6.9485
1.0


4
-0.806 0.001
1.0805000000000002 0.001
1.0805000000000002 6.9485
-0.806 6.9485

