c1
4
-0.22201 0.7415
0.2220099999999999 0.7415
0.22798999999999991 0.8405
-0.22799000000000003 0.8405

3
botleft
4
-2.12598 -0.001
0 -0.001
0 0.001
-2.12598 0.001

botright
4
0 -0.001
5.3929800000000006 -0.001
5.3929800000000006 0.001
0 0.001

lEnv
4
-0.76201 0.7415
-0.31799 0.7415
-0.31201 0.8405
-0.76799 0.8405


47
IMD3d1_damage
4
-0.7714239999999999 0.7315
-0.308576 0.7315
-0.307972 0.7415
-0.7720279999999999 0.7415
3.1

IMD3d1_damage
4
-0.23142400000000002 0.7315
0.2314239999999999 0.7315
0.2320279999999999 0.7415
-0.232028 0.7415
3.1

IMD3d2_damage
4
-0.767019 0.7415
-0.76201 0.7415
-0.76799 0.8405
-0.772999 0.8405
2.9

IMD3d2_damage
4
-0.31799 0.7415
-0.312981 0.7415
-0.307001 0.8405
-0.31201 0.8405
2.9

IMD3d2_damage
4
-0.22701900000000003 0.7415
-0.22201 0.7415
-0.22799000000000003 0.8405
-0.23299900000000004 0.8405
2.9

IMD3d2_damage
4
0.2220099999999999 0.7415
0.22701899999999992 0.7415
0.23299899999999993 0.8405
0.22798999999999991 0.8405
2.9

IMD3d2
4
-2.12598 0.7415
-0.767019 0.7415
-0.772999 0.8405
-2.12598 0.8405
2.65

IMD3d2
4
-0.312981 0.7415
-0.22701900000000003 0.7415
-0.23299900000000004 0.8405
-0.307001 0.8405
2.65

IMD3d2
4
0.22701899999999992 0.7415
5.3929800000000006 0.7415
5.3929800000000006 0.8405
0.23299899999999993 0.8405
2.65

IMD3d1
4
-2.12598 0.7315
-0.7714239999999999 0.7315
-0.7720279999999999 0.7415
-2.12598 0.7415
2.65

IMD3d1
4
-0.308576 0.7315
-0.23142400000000002 0.7315
-0.232028 0.7415
-0.307972 0.7415
2.65

IMD3d1
4
0.2314239999999999 0.7315
5.3929800000000006 0.7315
5.3929800000000006 0.7415
0.2320279999999999 0.7415
2.65

IMD3d1
4
-2.12598 0.7135
5.3929800000000006 0.7135
5.3929800000000006 0.7315
-2.12598 0.7315
2.65

FOXA+FOXB+TOX
4
-2.12598 0.001
5.3929800000000006 0.001
5.3929800000000006 0.2665
-2.12598 0.2665
4.0

ILD1a
4
-2.12598 0.2665
5.3929800000000006 0.2665
5.3929800000000006 0.2765
-2.12598 0.2765
7.0

ILD1b1+ILD1b2+ILD1b3
4
-2.12598 0.2765
5.3929800000000006 0.2765
5.3929800000000006 0.3955
-2.12598 0.3955
4.0

IMD1a
4
-2.12598 0.3955
5.3929800000000006 0.3955
5.3929800000000006 0.4065
-2.12598 0.4065
5.2

IMD1b
4
-2.12598 0.4065
5.3929800000000006 0.4065
5.3929800000000006 0.4665
-2.12598 0.4665
2.8

IMD2a
4
-2.12598 0.4665
5.3929800000000006 0.4665
5.3929800000000006 0.4875
-2.12598 0.4875
5.2

IMD2b
4
-2.12598 0.4875
5.3929800000000006 0.4875
5.3929800000000006 0.5025
-2.12598 0.5025
4.2

IMD2c
4
-2.12598 0.5025
5.3929800000000006 0.5025
5.3929800000000006 0.5265
-2.12598 0.5265
3.28

IMD2d1+IMD2d2
4
-2.12598 0.5265
5.3929800000000006 0.5265
5.3929800000000006 0.6535
-2.12598 0.6535
2.65

IMD3a
4
-2.12598 0.6535
5.3929800000000006 0.6535
5.3929800000000006 0.6745
-2.12598 0.6745
5.2

IMD3b
4
-2.12598 0.6745
5.3929800000000006 0.6745
5.3929800000000006 0.6895
-2.12598 0.6895
4.2

IMD3c
4
-2.12598 0.6895
5.3929800000000006 0.6895
5.3929800000000006 0.7135
-2.12598 0.7135
3.28

IMD4a
4
-2.12598 0.8405
5.3929800000000006 0.8405
5.3929800000000006 0.8615
-2.12598 0.8615
5.2

IMD4b
4
-2.12598 0.8615
5.3929800000000006 0.8615
5.3929800000000006 0.8765
-2.12598 0.8765
4.2

IMD4c
4
-2.12598 0.8765
5.3929800000000006 0.8765
5.3929800000000006 0.9005
-2.12598 0.9005
3.28

IMD4d1+IMD4d2
4
-2.12598 0.9005
5.3929800000000006 0.9005
5.3929800000000006 1.0275
-2.12598 1.0275
2.65

IMD5a
4
-2.12598 1.0275
5.3929800000000006 1.0275
5.3929800000000006 1.0485
-2.12598 1.0485
5.2

IMD5b
4
-2.12598 1.0485
5.3929800000000006 1.0485
5.3929800000000006 1.0635
-2.12598 1.0635
4.2

IMD5c
4
-2.12598 1.0635
5.3929800000000006 1.0635
5.3929800000000006 1.0875
-2.12598 1.0875
3.28

IMD5d1+IMD5d2
4
-2.12598 1.0875
5.3929800000000006 1.0875
5.3929800000000006 1.2145
-2.12598 1.2145
2.65

IMD6a
4
-2.12598 1.2145
5.3929800000000006 1.2145
5.3929800000000006 1.2355
-2.12598 1.2355
5.2

IMD6b
4
-2.12598 1.2355
5.3929800000000006 1.2355
5.3929800000000006 1.2505
-2.12598 1.2505
4.2

IMD6c
4
-2.12598 1.2505
5.3929800000000006 1.2505
5.3929800000000006 1.2745
-2.12598 1.2745
3.28

IMD6d1+IMD6d2
4
-2.12598 1.2745
5.3929800000000006 1.2745
5.3929800000000006 1.4015
-2.12598 1.4015
2.65

IMD7a
4
-2.12598 1.4015
5.3929800000000006 1.4015
5.3929800000000006 1.4765
-2.12598 1.4765
5.2

IMD7b1+IMD7b2
4
-2.12598 1.4765
5.3929800000000006 1.4765
5.3929800000000006 2.9765
-2.12598 2.9765
4.2

IMD8a
4
-2.12598 2.9765
5.3929800000000006 2.9765
5.3929800000000006 3.0515
-2.12598 3.0515
5.2

IMD8b1+IMD8b2
4
-2.12598 3.0515
5.3929800000000006 3.0515
5.3929800000000006 4.5515
-2.12598 4.5515
4.2

PASS1
4
-2.12598 4.5515
5.3929800000000006 4.5515
5.3929800000000006 4.6265
-2.12598 4.6265
7.0

PASS2
4
-2.12598 4.6265
5.3929800000000006 4.6265
5.3929800000000006 5.0265
-2.12598 5.0265
4.2

PASS3
4
-2.12598 5.0265
5.3929800000000006 5.0265
5.3929800000000006 5.1015
-2.12598 5.1015
7.0

PASS4+PASS5
4
-2.12598 5.1015
5.3929800000000006 5.1015
5.3929800000000006 6.0515
-2.12598 6.0515
4.2

PASS6
4
-2.12598 6.0515
5.3929800000000006 6.0515
5.3929800000000006 6.6515
-2.12598 6.6515
7.0

air_Layer
4
-2.12598 6.6515
5.3929800000000006 6.6515
5.3929800000000006 6.9485
-2.12598 6.9485
1.0


4
-2.12598 0.001
5.3929800000000006 0.001
5.3929800000000006 6.9485
-2.12598 6.9485

