c1
4
-0.01501000000000001 0.7415
0.015009999999999982 0.7415
0.02098999999999998 0.8405
-0.02099000000000001 0.8405

3
botleft
4
-0.6769799999999999 -0.001
0 -0.001
0 0.001
-0.6769799999999999 0.001

botright
4
0 -0.001
6.01398 -0.001
6.01398 0.001
0 0.001

lEnv
4
-0.14101 0.7415
-0.11099000000000002 0.7415
-0.10501000000000002 0.8405
-0.14699 0.8405


47
IMD3d1_damage
4
-0.150424 0.7315
-0.10157600000000001 0.7315
-0.10097200000000002 0.7415
-0.151028 0.7415
3.1

IMD3d1_damage
4
-0.024424000000000008 0.7315
0.02442399999999998 0.7315
0.02502799999999998 0.7415
-0.02502800000000001 0.7415
3.1

IMD3d2_damage
4
-0.146019 0.7415
-0.14101 0.7415
-0.14699 0.8405
-0.15199900000000002 0.8405
2.9

IMD3d2_damage
4
-0.11099000000000002 0.7415
-0.10598100000000002 0.7415
-0.10000100000000002 0.8405
-0.10501000000000002 0.8405
2.9

IMD3d2_damage
4
-0.02001900000000001 0.7415
-0.01501000000000001 0.7415
-0.02099000000000001 0.8405
-0.025999000000000008 0.8405
2.9

IMD3d2_damage
4
0.015009999999999982 0.7415
0.02001899999999998 0.7415
0.02599899999999998 0.8405
0.02098999999999998 0.8405
2.9

IMD3d2
4
-0.6769799999999999 0.7415
-0.146019 0.7415
-0.15199900000000002 0.8405
-0.6769799999999999 0.8405
2.65

IMD3d2
4
-0.10598100000000002 0.7415
-0.02001900000000001 0.7415
-0.025999000000000008 0.8405
-0.10000100000000002 0.8405
2.65

IMD3d2
4
0.02001899999999998 0.7415
6.01398 0.7415
6.01398 0.8405
0.02599899999999998 0.8405
2.65

IMD3d1
4
-0.6769799999999999 0.7315
-0.150424 0.7315
-0.151028 0.7415
-0.6769799999999999 0.7415
2.65

IMD3d1
4
-0.10157600000000001 0.7315
-0.024424000000000008 0.7315
-0.02502800000000001 0.7415
-0.10097200000000002 0.7415
2.65

IMD3d1
4
0.02442399999999998 0.7315
6.01398 0.7315
6.01398 0.7415
0.02502799999999998 0.7415
2.65

IMD3d1
4
-0.6769799999999999 0.7135
6.01398 0.7135
6.01398 0.7315
-0.6769799999999999 0.7315
2.65

FOXA+FOXB+TOX
4
-0.6769799999999999 0.001
6.01398 0.001
6.01398 0.2665
-0.6769799999999999 0.2665
4.0

ILD1a
4
-0.6769799999999999 0.2665
6.01398 0.2665
6.01398 0.2765
-0.6769799999999999 0.2765
7.0

ILD1b1+ILD1b2+ILD1b3
4
-0.6769799999999999 0.2765
6.01398 0.2765
6.01398 0.3955
-0.6769799999999999 0.3955
4.0

IMD1a
4
-0.6769799999999999 0.3955
6.01398 0.3955
6.01398 0.4065
-0.6769799999999999 0.4065
5.2

IMD1b
4
-0.6769799999999999 0.4065
6.01398 0.4065
6.01398 0.4665
-0.6769799999999999 0.4665
2.8

IMD2a
4
-0.6769799999999999 0.4665
6.01398 0.4665
6.01398 0.4875
-0.6769799999999999 0.4875
5.2

IMD2b
4
-0.6769799999999999 0.4875
6.01398 0.4875
6.01398 0.5025
-0.6769799999999999 0.5025
4.2

IMD2c
4
-0.6769799999999999 0.5025
6.01398 0.5025
6.01398 0.5265
-0.6769799999999999 0.5265
3.28

IMD2d1+IMD2d2
4
-0.6769799999999999 0.5265
6.01398 0.5265
6.01398 0.6535
-0.6769799999999999 0.6535
2.65

IMD3a
4
-0.6769799999999999 0.6535
6.01398 0.6535
6.01398 0.6745
-0.6769799999999999 0.6745
5.2

IMD3b
4
-0.6769799999999999 0.6745
6.01398 0.6745
6.01398 0.6895
-0.6769799999999999 0.6895
4.2

IMD3c
4
-0.6769799999999999 0.6895
6.01398 0.6895
6.01398 0.7135
-0.6769799999999999 0.7135
3.28

IMD4a
4
-0.6769799999999999 0.8405
6.01398 0.8405
6.01398 0.8615
-0.6769799999999999 0.8615
5.2

IMD4b
4
-0.6769799999999999 0.8615
6.01398 0.8615
6.01398 0.8765
-0.6769799999999999 0.8765
4.2

IMD4c
4
-0.6769799999999999 0.8765
6.01398 0.8765
6.01398 0.9005
-0.6769799999999999 0.9005
3.28

IMD4d1+IMD4d2
4
-0.6769799999999999 0.9005
6.01398 0.9005
6.01398 1.0275
-0.6769799999999999 1.0275
2.65

IMD5a
4
-0.6769799999999999 1.0275
6.01398 1.0275
6.01398 1.0485
-0.6769799999999999 1.0485
5.2

IMD5b
4
-0.6769799999999999 1.0485
6.01398 1.0485
6.01398 1.0635
-0.6769799999999999 1.0635
4.2

IMD5c
4
-0.6769799999999999 1.0635
6.01398 1.0635
6.01398 1.0875
-0.6769799999999999 1.0875
3.28

IMD5d1+IMD5d2
4
-0.6769799999999999 1.0875
6.01398 1.0875
6.01398 1.2145
-0.6769799999999999 1.2145
2.65

IMD6a
4
-0.6769799999999999 1.2145
6.01398 1.2145
6.01398 1.2355
-0.6769799999999999 1.2355
5.2

IMD6b
4
-0.6769799999999999 1.2355
6.01398 1.2355
6.01398 1.2505
-0.6769799999999999 1.2505
4.2

IMD6c
4
-0.6769799999999999 1.2505
6.01398 1.2505
6.01398 1.2745
-0.6769799999999999 1.2745
3.28

IMD6d1+IMD6d2
4
-0.6769799999999999 1.2745
6.01398 1.2745
6.01398 1.4015
-0.6769799999999999 1.4015
2.65

IMD7a
4
-0.6769799999999999 1.4015
6.01398 1.4015
6.01398 1.4765
-0.6769799999999999 1.4765
5.2

IMD7b1+IMD7b2
4
-0.6769799999999999 1.4765
6.01398 1.4765
6.01398 2.9765
-0.6769799999999999 2.9765
4.2

IMD8a
4
-0.6769799999999999 2.9765
6.01398 2.9765
6.01398 3.0515
-0.6769799999999999 3.0515
5.2

IMD8b1+IMD8b2
4
-0.6769799999999999 3.0515
6.01398 3.0515
6.01398 4.5515
-0.6769799999999999 4.5515
4.2

PASS1
4
-0.6769799999999999 4.5515
6.01398 4.5515
6.01398 4.6265
-0.6769799999999999 4.6265
7.0

PASS2
4
-0.6769799999999999 4.6265
6.01398 4.6265
6.01398 5.0265
-0.6769799999999999 5.0265
4.2

PASS3
4
-0.6769799999999999 5.0265
6.01398 5.0265
6.01398 5.1015
-0.6769799999999999 5.1015
7.0

PASS4+PASS5
4
-0.6769799999999999 5.1015
6.01398 5.1015
6.01398 6.0515
-0.6769799999999999 6.0515
4.2

PASS6
4
-0.6769799999999999 6.0515
6.01398 6.0515
6.01398 6.6515
-0.6769799999999999 6.6515
7.0

air_Layer
4
-0.6769799999999999 6.6515
6.01398 6.6515
6.01398 6.9485
-0.6769799999999999 6.9485
1.0


4
-0.6769799999999999 0.001
6.01398 0.001
6.01398 6.9485
-0.6769799999999999 6.9485

