c1
4
-0.33451 1.1155
0.33451 1.1155
0.34048999999999996 1.2145
-0.34048999999999996 1.2145

5
botleft
4
-1.9625 -0.001
0 -0.001
0 0.001
-1.9625 0.001

botright
4
0 -0.001
2.5700000000000003 -0.001
2.5700000000000003 0.001
0 0.001

lEnv
4
-1.4595099999999999 1.1155
-0.79049 1.1155
-0.78451 1.2145
-1.46549 1.2145

c2
4
0.7229900000000001 1.1155
1.1670099999999999 1.1155
1.17299 1.2145
0.7170100000000001 1.2145

rEnv
4
1.6229900000000002 1.1155
2.06701 1.1155
2.07299 1.2145
1.61701 1.2145


57
IMD5d1_damage
4
-1.468924 1.1055
-0.7810760000000001 1.1055
-0.780472 1.1155
-1.469528 1.1155
3.1

IMD5d1_damage
4
-0.34392399999999995 1.1055
0.34392399999999995 1.1055
0.34452799999999995 1.1155
-0.34452799999999995 1.1155
3.1

IMD5d1_damage
4
0.7135760000000002 1.1055
1.176424 1.1055
1.177028 1.1155
0.7129720000000002 1.1155
3.1

IMD5d1_damage
4
1.6135760000000001 1.1055
2.076424 1.1055
2.077028 1.1155
1.612972 1.1155
3.1

IMD5d2_damage
4
-1.464519 1.1155
-1.4595099999999999 1.1155
-1.46549 1.2145
-1.470499 1.2145
2.9

IMD5d2_damage
4
-0.79049 1.1155
-0.785481 1.1155
-0.779501 1.2145
-0.78451 1.2145
2.9

IMD5d2_damage
4
-0.33951899999999996 1.1155
-0.33451 1.1155
-0.34048999999999996 1.2145
-0.34549899999999995 1.2145
2.9

IMD5d2_damage
4
0.33451 1.1155
0.33951899999999996 1.1155
0.34549899999999995 1.2145
0.34048999999999996 1.2145
2.9

IMD5d2_damage
4
0.7179810000000001 1.1155
0.7229900000000001 1.1155
0.7170100000000001 1.2145
0.7120010000000001 1.2145
2.9

IMD5d2_damage
4
1.1670099999999999 1.1155
1.172019 1.1155
1.177999 1.2145
1.17299 1.2145
2.9

IMD5d2_damage
4
1.6179810000000001 1.1155
1.6229900000000002 1.1155
1.61701 1.2145
1.612001 1.2145
2.9

IMD5d2_damage
4
2.06701 1.1155
2.0720189999999996 1.1155
2.0779989999999997 1.2145
2.07299 1.2145
2.9

IMD5d2
4
-1.9625 1.1155
-1.464519 1.1155
-1.470499 1.2145
-1.9625 1.2145
2.65

IMD5d2
4
-0.785481 1.1155
-0.33951899999999996 1.1155
-0.34549899999999995 1.2145
-0.779501 1.2145
2.65

IMD5d2
4
0.33951899999999996 1.1155
0.7179810000000001 1.1155
0.7120010000000001 1.2145
0.34549899999999995 1.2145
2.65

IMD5d2
4
1.172019 1.1155
1.6179810000000001 1.1155
1.612001 1.2145
1.177999 1.2145
2.65

IMD5d2
4
2.0720189999999996 1.1155
2.5700000000000003 1.1155
2.5700000000000003 1.2145
2.0779989999999997 1.2145
2.65

IMD5d1
4
-1.9625 1.1055
-1.468924 1.1055
-1.469528 1.1155
-1.9625 1.1155
2.65

IMD5d1
4
-0.7810760000000001 1.1055
-0.34392399999999995 1.1055
-0.34452799999999995 1.1155
-0.780472 1.1155
2.65

IMD5d1
4
0.34392399999999995 1.1055
0.7135760000000002 1.1055
0.7129720000000002 1.1155
0.34452799999999995 1.1155
2.65

IMD5d1
4
1.176424 1.1055
1.6135760000000001 1.1055
1.612972 1.1155
1.177028 1.1155
2.65

IMD5d1
4
2.076424 1.1055
2.5700000000000003 1.1055
2.5700000000000003 1.1155
2.077028 1.1155
2.65

IMD5d1
4
-1.9625 1.0875
2.5700000000000003 1.0875
2.5700000000000003 1.1055
-1.9625 1.1055
2.65

FOXA+FOXB+TOX
4
-1.9625 0.001
2.5700000000000003 0.001
2.5700000000000003 0.2665
-1.9625 0.2665
4.0

ILD1a
4
-1.9625 0.2665
2.5700000000000003 0.2665
2.5700000000000003 0.2765
-1.9625 0.2765
7.0

ILD1b1+ILD1b2+ILD1b3
4
-1.9625 0.2765
2.5700000000000003 0.2765
2.5700000000000003 0.3955
-1.9625 0.3955
4.0

IMD1a
4
-1.9625 0.3955
2.5700000000000003 0.3955
2.5700000000000003 0.4065
-1.9625 0.4065
5.2

IMD1b
4
-1.9625 0.4065
2.5700000000000003 0.4065
2.5700000000000003 0.4665
-1.9625 0.4665
2.8

IMD2a
4
-1.9625 0.4665
2.5700000000000003 0.4665
2.5700000000000003 0.4875
-1.9625 0.4875
5.2

IMD2b
4
-1.9625 0.4875
2.5700000000000003 0.4875
2.5700000000000003 0.5025
-1.9625 0.5025
4.2

IMD2c
4
-1.9625 0.5025
2.5700000000000003 0.5025
2.5700000000000003 0.5265
-1.9625 0.5265
3.28

IMD2d1+IMD2d2
4
-1.9625 0.5265
2.5700000000000003 0.5265
2.5700000000000003 0.6535
-1.9625 0.6535
2.65

IMD3a
4
-1.9625 0.6535
2.5700000000000003 0.6535
2.5700000000000003 0.6745
-1.9625 0.6745
5.2

IMD3b
4
-1.9625 0.6745
2.5700000000000003 0.6745
2.5700000000000003 0.6895
-1.9625 0.6895
4.2

IMD3c
4
-1.9625 0.6895
2.5700000000000003 0.6895
2.5700000000000003 0.7135
-1.9625 0.7135
3.28

IMD3d1+IMD3d2
4
-1.9625 0.7135
2.5700000000000003 0.7135
2.5700000000000003 0.8405
-1.9625 0.8405
2.65

IMD4a
4
-1.9625 0.8405
2.5700000000000003 0.8405
2.5700000000000003 0.8615
-1.9625 0.8615
5.2

IMD4b
4
-1.9625 0.8615
2.5700000000000003 0.8615
2.5700000000000003 0.8765
-1.9625 0.8765
4.2

IMD4c
4
-1.9625 0.8765
2.5700000000000003 0.8765
2.5700000000000003 0.9005
-1.9625 0.9005
3.28

IMD4d1+IMD4d2
4
-1.9625 0.9005
2.5700000000000003 0.9005
2.5700000000000003 1.0275
-1.9625 1.0275
2.65

IMD5a
4
-1.9625 1.0275
2.5700000000000003 1.0275
2.5700000000000003 1.0485
-1.9625 1.0485
5.2

IMD5b
4
-1.9625 1.0485
2.5700000000000003 1.0485
2.5700000000000003 1.0635
-1.9625 1.0635
4.2

IMD5c
4
-1.9625 1.0635
2.5700000000000003 1.0635
2.5700000000000003 1.0875
-1.9625 1.0875
3.28

IMD6a
4
-1.9625 1.2145
2.5700000000000003 1.2145
2.5700000000000003 1.2355
-1.9625 1.2355
5.2

IMD6b
4
-1.9625 1.2355
2.5700000000000003 1.2355
2.5700000000000003 1.2505
-1.9625 1.2505
4.2

IMD6c
4
-1.9625 1.2505
2.5700000000000003 1.2505
2.5700000000000003 1.2745
-1.9625 1.2745
3.28

IMD6d1+IMD6d2
4
-1.9625 1.2745
2.5700000000000003 1.2745
2.5700000000000003 1.4015
-1.9625 1.4015
2.65

IMD7a
4
-1.9625 1.4015
2.5700000000000003 1.4015
2.5700000000000003 1.4765
-1.9625 1.4765
5.2

IMD7b1+IMD7b2
4
-1.9625 1.4765
2.5700000000000003 1.4765
2.5700000000000003 2.9765
-1.9625 2.9765
4.2

IMD8a
4
-1.9625 2.9765
2.5700000000000003 2.9765
2.5700000000000003 3.0515
-1.9625 3.0515
5.2

IMD8b1+IMD8b2
4
-1.9625 3.0515
2.5700000000000003 3.0515
2.5700000000000003 4.5515
-1.9625 4.5515
4.2

PASS1
4
-1.9625 4.5515
2.5700000000000003 4.5515
2.5700000000000003 4.6265
-1.9625 4.6265
7.0

PASS2
4
-1.9625 4.6265
2.5700000000000003 4.6265
2.5700000000000003 5.0265
-1.9625 5.0265
4.2

PASS3
4
-1.9625 5.0265
2.5700000000000003 5.0265
2.5700000000000003 5.1015
-1.9625 5.1015
7.0

PASS4+PASS5
4
-1.9625 5.1015
2.5700000000000003 5.1015
2.5700000000000003 6.0515
-1.9625 6.0515
4.2

PASS6
4
-1.9625 6.0515
2.5700000000000003 6.0515
2.5700000000000003 6.6515
-1.9625 6.6515
7.0

air_Layer
4
-1.9625 6.6515
2.5700000000000003 6.6515
2.5700000000000003 6.9485
-1.9625 6.9485
1.0


4
-1.9625 0.001
2.5700000000000003 0.001
2.5700000000000003 6.9485
-1.9625 6.9485

