c1
4
-0.01501000000000001 0.9285000000000001
0.015009999999999982 0.9285000000000001
0.02098999999999998 1.0275
-0.02099000000000001 1.0275

5
botleft
4
-0.644 -0.001
0 -0.001
0 0.001
-0.644 0.001

botright
4
0 -0.001
1.508 -0.001
1.508 0.001
0 0.001

lEnv
4
-0.14101 0.9285000000000001
-0.11099000000000002 0.9285000000000001
-0.10501000000000002 1.0275
-0.14699 1.0275

c2
4
0.56099 0.9285000000000001
0.73501 0.9285000000000001
0.74099 1.0275
0.55501 1.0275

rEnv
4
0.83099 0.9285000000000001
1.00501 0.9285000000000001
1.01099 1.0275
0.82501 1.0275


57
IMD4d1_damage
4
-0.150424 0.9185000000000001
-0.10157600000000001 0.9185000000000001
-0.10097200000000002 0.9285000000000001
-0.151028 0.9285000000000001
3.1

IMD4d1_damage
4
-0.024424000000000008 0.9185000000000001
0.02442399999999998 0.9185000000000001
0.02502799999999998 0.9285000000000001
-0.02502800000000001 0.9285000000000001
3.1

IMD4d1_damage
4
0.5515760000000001 0.9185000000000001
0.744424 0.9185000000000001
0.745028 0.9285000000000001
0.550972 0.9285000000000001
3.1

IMD4d1_damage
4
0.8215760000000001 0.9185000000000001
1.014424 0.9185000000000001
1.015028 0.9285000000000001
0.820972 0.9285000000000001
3.1

IMD4d2_damage
4
-0.146019 0.9285000000000001
-0.14101 0.9285000000000001
-0.14699 1.0275
-0.15199900000000002 1.0275
2.9

IMD4d2_damage
4
-0.11099000000000002 0.9285000000000001
-0.10598100000000002 0.9285000000000001
-0.10000100000000002 1.0275
-0.10501000000000002 1.0275
2.9

IMD4d2_damage
4
-0.02001900000000001 0.9285000000000001
-0.01501000000000001 0.9285000000000001
-0.02099000000000001 1.0275
-0.025999000000000008 1.0275
2.9

IMD4d2_damage
4
0.015009999999999982 0.9285000000000001
0.02001899999999998 0.9285000000000001
0.02599899999999998 1.0275
0.02098999999999998 1.0275
2.9

IMD4d2_damage
4
0.555981 0.9285000000000001
0.56099 0.9285000000000001
0.55501 1.0275
0.550001 1.0275
2.9

IMD4d2_damage
4
0.73501 0.9285000000000001
0.7400190000000001 0.9285000000000001
0.7459990000000001 1.0275
0.74099 1.0275
2.9

IMD4d2_damage
4
0.825981 0.9285000000000001
0.83099 0.9285000000000001
0.82501 1.0275
0.820001 1.0275
2.9

IMD4d2_damage
4
1.00501 0.9285000000000001
1.010019 0.9285000000000001
1.015999 1.0275
1.01099 1.0275
2.9

IMD4d2
4
-0.644 0.9285000000000001
-0.146019 0.9285000000000001
-0.15199900000000002 1.0275
-0.644 1.0275
2.65

IMD4d2
4
-0.10598100000000002 0.9285000000000001
-0.02001900000000001 0.9285000000000001
-0.025999000000000008 1.0275
-0.10000100000000002 1.0275
2.65

IMD4d2
4
0.02001899999999998 0.9285000000000001
0.555981 0.9285000000000001
0.550001 1.0275
0.02599899999999998 1.0275
2.65

IMD4d2
4
0.7400190000000001 0.9285000000000001
0.825981 0.9285000000000001
0.820001 1.0275
0.7459990000000001 1.0275
2.65

IMD4d2
4
1.010019 0.9285000000000001
1.508 0.9285000000000001
1.508 1.0275
1.015999 1.0275
2.65

IMD4d1
4
-0.644 0.9185000000000001
-0.150424 0.9185000000000001
-0.151028 0.9285000000000001
-0.644 0.9285000000000001
2.65

IMD4d1
4
-0.10157600000000001 0.9185000000000001
-0.024424000000000008 0.9185000000000001
-0.02502800000000001 0.9285000000000001
-0.10097200000000002 0.9285000000000001
2.65

IMD4d1
4
0.02442399999999998 0.9185000000000001
0.5515760000000001 0.9185000000000001
0.550972 0.9285000000000001
0.02502799999999998 0.9285000000000001
2.65

IMD4d1
4
0.744424 0.9185000000000001
0.8215760000000001 0.9185000000000001
0.820972 0.9285000000000001
0.745028 0.9285000000000001
2.65

IMD4d1
4
1.014424 0.9185000000000001
1.508 0.9185000000000001
1.508 0.9285000000000001
1.015028 0.9285000000000001
2.65

IMD4d1
4
-0.644 0.9005
1.508 0.9005
1.508 0.9185000000000001
-0.644 0.9185000000000001
2.65

FOXA+FOXB+TOX
4
-0.644 0.001
1.508 0.001
1.508 0.2665
-0.644 0.2665
4.0

ILD1a
4
-0.644 0.2665
1.508 0.2665
1.508 0.2765
-0.644 0.2765
7.0

ILD1b1+ILD1b2+ILD1b3
4
-0.644 0.2765
1.508 0.2765
1.508 0.3955
-0.644 0.3955
4.0

IMD1a
4
-0.644 0.3955
1.508 0.3955
1.508 0.4065
-0.644 0.4065
5.2

IMD1b
4
-0.644 0.4065
1.508 0.4065
1.508 0.4665
-0.644 0.4665
2.8

IMD2a
4
-0.644 0.4665
1.508 0.4665
1.508 0.4875
-0.644 0.4875
5.2

IMD2b
4
-0.644 0.4875
1.508 0.4875
1.508 0.5025
-0.644 0.5025
4.2

IMD2c
4
-0.644 0.5025
1.508 0.5025
1.508 0.5265
-0.644 0.5265
3.28

IMD2d1+IMD2d2
4
-0.644 0.5265
1.508 0.5265
1.508 0.6535
-0.644 0.6535
2.65

IMD3a
4
-0.644 0.6535
1.508 0.6535
1.508 0.6745
-0.644 0.6745
5.2

IMD3b
4
-0.644 0.6745
1.508 0.6745
1.508 0.6895
-0.644 0.6895
4.2

IMD3c
4
-0.644 0.6895
1.508 0.6895
1.508 0.7135
-0.644 0.7135
3.28

IMD3d1+IMD3d2
4
-0.644 0.7135
1.508 0.7135
1.508 0.8405
-0.644 0.8405
2.65

IMD4a
4
-0.644 0.8405
1.508 0.8405
1.508 0.8615
-0.644 0.8615
5.2

IMD4b
4
-0.644 0.8615
1.508 0.8615
1.508 0.8765
-0.644 0.8765
4.2

IMD4c
4
-0.644 0.8765
1.508 0.8765
1.508 0.9005
-0.644 0.9005
3.28

IMD5a
4
-0.644 1.0275
1.508 1.0275
1.508 1.0485
-0.644 1.0485
5.2

IMD5b
4
-0.644 1.0485
1.508 1.0485
1.508 1.0635
-0.644 1.0635
4.2

IMD5c
4
-0.644 1.0635
1.508 1.0635
1.508 1.0875
-0.644 1.0875
3.28

IMD5d1+IMD5d2
4
-0.644 1.0875
1.508 1.0875
1.508 1.2145
-0.644 1.2145
2.65

IMD6a
4
-0.644 1.2145
1.508 1.2145
1.508 1.2355
-0.644 1.2355
5.2

IMD6b
4
-0.644 1.2355
1.508 1.2355
1.508 1.2505
-0.644 1.2505
4.2

IMD6c
4
-0.644 1.2505
1.508 1.2505
1.508 1.2745
-0.644 1.2745
3.28

IMD6d1+IMD6d2
4
-0.644 1.2745
1.508 1.2745
1.508 1.4015
-0.644 1.4015
2.65

IMD7a
4
-0.644 1.4015
1.508 1.4015
1.508 1.4765
-0.644 1.4765
5.2

IMD7b1+IMD7b2
4
-0.644 1.4765
1.508 1.4765
1.508 2.9765
-0.644 2.9765
4.2

IMD8a
4
-0.644 2.9765
1.508 2.9765
1.508 3.0515
-0.644 3.0515
5.2

IMD8b1+IMD8b2
4
-0.644 3.0515
1.508 3.0515
1.508 4.5515
-0.644 4.5515
4.2

PASS1
4
-0.644 4.5515
1.508 4.5515
1.508 4.6265
-0.644 4.6265
7.0

PASS2
4
-0.644 4.6265
1.508 4.6265
1.508 5.0265
-0.644 5.0265
4.2

PASS3
4
-0.644 5.0265
1.508 5.0265
1.508 5.1015
-0.644 5.1015
7.0

PASS4+PASS5
4
-0.644 5.1015
1.508 5.1015
1.508 6.0515
-0.644 6.0515
4.2

PASS6
4
-0.644 6.0515
1.508 6.0515
1.508 6.6515
-0.644 6.6515
7.0

air_Layer
4
-0.644 6.6515
1.508 6.6515
1.508 6.9485
-0.644 6.9485
1.0


4
-0.644 0.001
1.508 0.001
1.508 6.9485
-0.644 6.9485

