c1
4
-0.015010000000000065 1.3025
0.015009999999999954 1.3025
0.020989999999999953 1.4015
-0.020990000000000064 1.4015

3
botleft
4
-1.39698 -0.001
0 -0.001
0 0.001
-1.39698 0.001

botright
4
0 -0.001
5.545980000000001 -0.001
5.545980000000001 0.001
0 0.001

lEnv
4
-0.5010100000000001 1.3025
-0.47099 1.3025
-0.46501000000000003 1.4015
-0.50699 1.4015


47
IMD6d1_damage
4
-0.510424 1.2925
-0.46157600000000004 1.2925
-0.46097200000000005 1.3025
-0.511028 1.3025
3.1

IMD6d1_damage
4
-0.024424000000000064 1.2925
0.024423999999999953 1.2925
0.025027999999999953 1.3025
-0.025028000000000064 1.3025
3.1

IMD6d2_damage
4
-0.5060190000000001 1.3025
-0.5010100000000001 1.3025
-0.50699 1.4015
-0.5119990000000001 1.4015
2.9

IMD6d2_damage
4
-0.47099 1.3025
-0.46598100000000003 1.3025
-0.46000100000000005 1.4015
-0.46501000000000003 1.4015
2.9

IMD6d2_damage
4
-0.020019000000000065 1.3025
-0.015010000000000065 1.3025
-0.020990000000000064 1.4015
-0.025999000000000064 1.4015
2.9

IMD6d2_damage
4
0.015009999999999954 1.3025
0.020018999999999953 1.3025
0.025998999999999953 1.4015
0.020989999999999953 1.4015
2.9

IMD6d2
4
-1.39698 1.3025
-0.5060190000000001 1.3025
-0.5119990000000001 1.4015
-1.39698 1.4015
2.65

IMD6d2
4
-0.46598100000000003 1.3025
-0.020019000000000065 1.3025
-0.025999000000000064 1.4015
-0.46000100000000005 1.4015
2.65

IMD6d2
4
0.020018999999999953 1.3025
5.545980000000001 1.3025
5.545980000000001 1.4015
0.025998999999999953 1.4015
2.65

IMD6d1
4
-1.39698 1.2925
-0.510424 1.2925
-0.511028 1.3025
-1.39698 1.3025
2.65

IMD6d1
4
-0.46157600000000004 1.2925
-0.024424000000000064 1.2925
-0.025028000000000064 1.3025
-0.46097200000000005 1.3025
2.65

IMD6d1
4
0.024423999999999953 1.2925
5.545980000000001 1.2925
5.545980000000001 1.3025
0.025027999999999953 1.3025
2.65

IMD6d1
4
-1.39698 1.2745
5.545980000000001 1.2745
5.545980000000001 1.2925
-1.39698 1.2925
2.65

FOXA+FOXB+TOX
4
-1.39698 0.001
5.545980000000001 0.001
5.545980000000001 0.2665
-1.39698 0.2665
4.0

ILD1a
4
-1.39698 0.2665
5.545980000000001 0.2665
5.545980000000001 0.2765
-1.39698 0.2765
7.0

ILD1b1+ILD1b2+ILD1b3
4
-1.39698 0.2765
5.545980000000001 0.2765
5.545980000000001 0.3955
-1.39698 0.3955
4.0

IMD1a
4
-1.39698 0.3955
5.545980000000001 0.3955
5.545980000000001 0.4065
-1.39698 0.4065
5.2

IMD1b
4
-1.39698 0.4065
5.545980000000001 0.4065
5.545980000000001 0.4665
-1.39698 0.4665
2.8

IMD2a
4
-1.39698 0.4665
5.545980000000001 0.4665
5.545980000000001 0.4875
-1.39698 0.4875
5.2

IMD2b
4
-1.39698 0.4875
5.545980000000001 0.4875
5.545980000000001 0.5025
-1.39698 0.5025
4.2

IMD2c
4
-1.39698 0.5025
5.545980000000001 0.5025
5.545980000000001 0.5265
-1.39698 0.5265
3.28

IMD2d1+IMD2d2
4
-1.39698 0.5265
5.545980000000001 0.5265
5.545980000000001 0.6535
-1.39698 0.6535
2.65

IMD3a
4
-1.39698 0.6535
5.545980000000001 0.6535
5.545980000000001 0.6745
-1.39698 0.6745
5.2

IMD3b
4
-1.39698 0.6745
5.545980000000001 0.6745
5.545980000000001 0.6895
-1.39698 0.6895
4.2

IMD3c
4
-1.39698 0.6895
5.545980000000001 0.6895
5.545980000000001 0.7135
-1.39698 0.7135
3.28

IMD3d1+IMD3d2
4
-1.39698 0.7135
5.545980000000001 0.7135
5.545980000000001 0.8405
-1.39698 0.8405
2.65

IMD4a
4
-1.39698 0.8405
5.545980000000001 0.8405
5.545980000000001 0.8615
-1.39698 0.8615
5.2

IMD4b
4
-1.39698 0.8615
5.545980000000001 0.8615
5.545980000000001 0.8765
-1.39698 0.8765
4.2

IMD4c
4
-1.39698 0.8765
5.545980000000001 0.8765
5.545980000000001 0.9005
-1.39698 0.9005
3.28

IMD4d1+IMD4d2
4
-1.39698 0.9005
5.545980000000001 0.9005
5.545980000000001 1.0275
-1.39698 1.0275
2.65

IMD5a
4
-1.39698 1.0275
5.545980000000001 1.0275
5.545980000000001 1.0485
-1.39698 1.0485
5.2

IMD5b
4
-1.39698 1.0485
5.545980000000001 1.0485
5.545980000000001 1.0635
-1.39698 1.0635
4.2

IMD5c
4
-1.39698 1.0635
5.545980000000001 1.0635
5.545980000000001 1.0875
-1.39698 1.0875
3.28

IMD5d1+IMD5d2
4
-1.39698 1.0875
5.545980000000001 1.0875
5.545980000000001 1.2145
-1.39698 1.2145
2.65

IMD6a
4
-1.39698 1.2145
5.545980000000001 1.2145
5.545980000000001 1.2355
-1.39698 1.2355
5.2

IMD6b
4
-1.39698 1.2355
5.545980000000001 1.2355
5.545980000000001 1.2505
-1.39698 1.2505
4.2

IMD6c
4
-1.39698 1.2505
5.545980000000001 1.2505
5.545980000000001 1.2745
-1.39698 1.2745
3.28

IMD7a
4
-1.39698 1.4015
5.545980000000001 1.4015
5.545980000000001 1.4765
-1.39698 1.4765
5.2

IMD7b1+IMD7b2
4
-1.39698 1.4765
5.545980000000001 1.4765
5.545980000000001 2.9765
-1.39698 2.9765
4.2

IMD8a
4
-1.39698 2.9765
5.545980000000001 2.9765
5.545980000000001 3.0515
-1.39698 3.0515
5.2

IMD8b1+IMD8b2
4
-1.39698 3.0515
5.545980000000001 3.0515
5.545980000000001 4.5515
-1.39698 4.5515
4.2

PASS1
4
-1.39698 4.5515
5.545980000000001 4.5515
5.545980000000001 4.6265
-1.39698 4.6265
7.0

PASS2
4
-1.39698 4.6265
5.545980000000001 4.6265
5.545980000000001 5.0265
-1.39698 5.0265
4.2

PASS3
4
-1.39698 5.0265
5.545980000000001 5.0265
5.545980000000001 5.1015
-1.39698 5.1015
7.0

PASS4+PASS5
4
-1.39698 5.1015
5.545980000000001 5.1015
5.545980000000001 6.0515
-1.39698 6.0515
4.2

PASS6
4
-1.39698 6.0515
5.545980000000001 6.0515
5.545980000000001 6.6515
-1.39698 6.6515
7.0

air_Layer
4
-1.39698 6.6515
5.545980000000001 6.6515
5.545980000000001 6.9485
-1.39698 6.9485
1.0


4
-1.39698 0.001
5.545980000000001 0.001
5.545980000000001 6.9485
-1.39698 6.9485

