c1
4
-0.01501000000000001 1.3025
0.01501000000000001 1.3025
0.02099000000000001 1.4015
-0.02099000000000001 1.4015

5
botleft
4
-0.734 -0.001
0 -0.001
0 0.001
-0.734 0.001

botright
4
0 -0.001
2.4305 -0.001
2.4305 0.001
0 0.001

lEnv
4
-0.23100999999999997 1.3025
-0.20099 1.3025
-0.19501 1.4015
-0.23698999999999998 1.4015

c2
4
0.40349000000000007 1.3025
1.0725099999999999 1.3025
1.07849 1.4015
0.3975100000000001 1.4015

rEnv
4
1.25849 1.3025
1.9275099999999998 1.3025
1.93349 1.4015
1.25251 1.4015


57
IMD6d1_damage
4
-0.24042399999999997 1.2925
-0.19157599999999997 1.2925
-0.19097199999999998 1.3025
-0.24102799999999996 1.3025
3.1

IMD6d1_damage
4
-0.024424000000000008 1.2925
0.024424000000000008 1.2925
0.02502800000000001 1.3025
-0.02502800000000001 1.3025
3.1

IMD6d1_damage
4
0.3940760000000001 1.2925
1.0819239999999999 1.2925
1.082528 1.3025
0.3934720000000001 1.3025
3.1

IMD6d1_damage
4
1.249076 1.2925
1.9369239999999999 1.2925
1.937528 1.3025
1.248472 1.3025
3.1

IMD6d2_damage
4
-0.23601899999999998 1.3025
-0.23100999999999997 1.3025
-0.23698999999999998 1.4015
-0.241999 1.4015
2.9

IMD6d2_damage
4
-0.20099 1.3025
-0.195981 1.3025
-0.19000099999999998 1.4015
-0.19501 1.4015
2.9

IMD6d2_damage
4
-0.02001900000000001 1.3025
-0.01501000000000001 1.3025
-0.02099000000000001 1.4015
-0.025999000000000008 1.4015
2.9

IMD6d2_damage
4
0.01501000000000001 1.3025
0.02001900000000001 1.3025
0.025999000000000008 1.4015
0.02099000000000001 1.4015
2.9

IMD6d2_damage
4
0.3984810000000001 1.3025
0.40349000000000007 1.3025
0.3975100000000001 1.4015
0.3925010000000001 1.4015
2.9

IMD6d2_damage
4
1.0725099999999999 1.3025
1.077519 1.3025
1.083499 1.4015
1.07849 1.4015
2.9

IMD6d2_damage
4
1.253481 1.3025
1.25849 1.3025
1.25251 1.4015
1.247501 1.4015
2.9

IMD6d2_damage
4
1.9275099999999998 1.3025
1.9325189999999999 1.3025
1.938499 1.4015
1.93349 1.4015
2.9

IMD6d2
4
-0.734 1.3025
-0.23601899999999998 1.3025
-0.241999 1.4015
-0.734 1.4015
2.65

IMD6d2
4
-0.195981 1.3025
-0.02001900000000001 1.3025
-0.025999000000000008 1.4015
-0.19000099999999998 1.4015
2.65

IMD6d2
4
0.02001900000000001 1.3025
0.3984810000000001 1.3025
0.3925010000000001 1.4015
0.025999000000000008 1.4015
2.65

IMD6d2
4
1.077519 1.3025
1.253481 1.3025
1.247501 1.4015
1.083499 1.4015
2.65

IMD6d2
4
1.9325189999999999 1.3025
2.4305 1.3025
2.4305 1.4015
1.938499 1.4015
2.65

IMD6d1
4
-0.734 1.2925
-0.24042399999999997 1.2925
-0.24102799999999996 1.3025
-0.734 1.3025
2.65

IMD6d1
4
-0.19157599999999997 1.2925
-0.024424000000000008 1.2925
-0.02502800000000001 1.3025
-0.19097199999999998 1.3025
2.65

IMD6d1
4
0.024424000000000008 1.2925
0.3940760000000001 1.2925
0.3934720000000001 1.3025
0.02502800000000001 1.3025
2.65

IMD6d1
4
1.0819239999999999 1.2925
1.249076 1.2925
1.248472 1.3025
1.082528 1.3025
2.65

IMD6d1
4
1.9369239999999999 1.2925
2.4305 1.2925
2.4305 1.3025
1.937528 1.3025
2.65

IMD6d1
4
-0.734 1.2745
2.4305 1.2745
2.4305 1.2925
-0.734 1.2925
2.65

FOXA+FOXB+TOX
4
-0.734 0.001
2.4305 0.001
2.4305 0.2665
-0.734 0.2665
4.0

ILD1a
4
-0.734 0.2665
2.4305 0.2665
2.4305 0.2765
-0.734 0.2765
7.0

ILD1b1+ILD1b2+ILD1b3
4
-0.734 0.2765
2.4305 0.2765
2.4305 0.3955
-0.734 0.3955
4.0

IMD1a
4
-0.734 0.3955
2.4305 0.3955
2.4305 0.4065
-0.734 0.4065
5.2

IMD1b
4
-0.734 0.4065
2.4305 0.4065
2.4305 0.4665
-0.734 0.4665
2.8

IMD2a
4
-0.734 0.4665
2.4305 0.4665
2.4305 0.4875
-0.734 0.4875
5.2

IMD2b
4
-0.734 0.4875
2.4305 0.4875
2.4305 0.5025
-0.734 0.5025
4.2

IMD2c
4
-0.734 0.5025
2.4305 0.5025
2.4305 0.5265
-0.734 0.5265
3.28

IMD2d1+IMD2d2
4
-0.734 0.5265
2.4305 0.5265
2.4305 0.6535
-0.734 0.6535
2.65

IMD3a
4
-0.734 0.6535
2.4305 0.6535
2.4305 0.6745
-0.734 0.6745
5.2

IMD3b
4
-0.734 0.6745
2.4305 0.6745
2.4305 0.6895
-0.734 0.6895
4.2

IMD3c
4
-0.734 0.6895
2.4305 0.6895
2.4305 0.7135
-0.734 0.7135
3.28

IMD3d1+IMD3d2
4
-0.734 0.7135
2.4305 0.7135
2.4305 0.8405
-0.734 0.8405
2.65

IMD4a
4
-0.734 0.8405
2.4305 0.8405
2.4305 0.8615
-0.734 0.8615
5.2

IMD4b
4
-0.734 0.8615
2.4305 0.8615
2.4305 0.8765
-0.734 0.8765
4.2

IMD4c
4
-0.734 0.8765
2.4305 0.8765
2.4305 0.9005
-0.734 0.9005
3.28

IMD4d1+IMD4d2
4
-0.734 0.9005
2.4305 0.9005
2.4305 1.0275
-0.734 1.0275
2.65

IMD5a
4
-0.734 1.0275
2.4305 1.0275
2.4305 1.0485
-0.734 1.0485
5.2

IMD5b
4
-0.734 1.0485
2.4305 1.0485
2.4305 1.0635
-0.734 1.0635
4.2

IMD5c
4
-0.734 1.0635
2.4305 1.0635
2.4305 1.0875
-0.734 1.0875
3.28

IMD5d1+IMD5d2
4
-0.734 1.0875
2.4305 1.0875
2.4305 1.2145
-0.734 1.2145
2.65

IMD6a
4
-0.734 1.2145
2.4305 1.2145
2.4305 1.2355
-0.734 1.2355
5.2

IMD6b
4
-0.734 1.2355
2.4305 1.2355
2.4305 1.2505
-0.734 1.2505
4.2

IMD6c
4
-0.734 1.2505
2.4305 1.2505
2.4305 1.2745
-0.734 1.2745
3.28

IMD7a
4
-0.734 1.4015
2.4305 1.4015
2.4305 1.4765
-0.734 1.4765
5.2

IMD7b1+IMD7b2
4
-0.734 1.4765
2.4305 1.4765
2.4305 2.9765
-0.734 2.9765
4.2

IMD8a
4
-0.734 2.9765
2.4305 2.9765
2.4305 3.0515
-0.734 3.0515
5.2

IMD8b1+IMD8b2
4
-0.734 3.0515
2.4305 3.0515
2.4305 4.5515
-0.734 4.5515
4.2

PASS1
4
-0.734 4.5515
2.4305 4.5515
2.4305 4.6265
-0.734 4.6265
7.0

PASS2
4
-0.734 4.6265
2.4305 4.6265
2.4305 5.0265
-0.734 5.0265
4.2

PASS3
4
-0.734 5.0265
2.4305 5.0265
2.4305 5.1015
-0.734 5.1015
7.0

PASS4+PASS5
4
-0.734 5.1015
2.4305 5.1015
2.4305 6.0515
-0.734 6.0515
4.2

PASS6
4
-0.734 6.0515
2.4305 6.0515
2.4305 6.6515
-0.734 6.6515
7.0

air_Layer
4
-0.734 6.6515
2.4305 6.6515
2.4305 6.9485
-0.734 6.9485
1.0


4
-0.734 0.001
2.4305 0.001
2.4305 6.9485
-0.734 6.9485

