c1
4
-0.33291999999999994 0.37050000000000005
0.33291999999999994 0.37050000000000005
0.34207999999999994 0.4665
-0.34207999999999994 0.4665

5
botleft
4
-1.6024999999999998 -0.001
0 -0.001
0 0.001
-1.6024999999999998 0.001

botright
4
0 -0.001
1.5395000000000003 -0.001
1.5395000000000003 0.001
0 0.001

lEnv
4
-1.0979199999999998 0.37050000000000005
-0.43207999999999996 0.37050000000000005
-0.42291999999999996 0.4665
-1.1070799999999998 0.4665

c2
4
0.8820800000000001 0.37050000000000005
0.9089200000000003 0.37050000000000005
0.9180800000000002 0.4665
0.8729200000000001 0.4665

rEnv
4
1.00808 0.37050000000000005
1.03492 0.37050000000000005
1.0440800000000001 0.4665
0.99892 0.4665


48
IMD1b
4
-1.6024999999999998 0.40650000000000003
-1.1013549999999999 0.40650000000000003
-1.1070799999999998 0.4665
-1.6024999999999998 0.4665
2.8

IMD1b
4
-0.42864499999999994 0.40650000000000003
-0.33635499999999996 0.40650000000000003
-0.34207999999999994 0.4665
-0.42291999999999996 0.4665
2.8

IMD1b
4
0.33635499999999996 0.40650000000000003
0.8786450000000001 0.40650000000000003
0.8729200000000001 0.4665
0.34207999999999994 0.4665
2.8

IMD1b
4
0.9123550000000002 0.40650000000000003
1.004645 0.40650000000000003
0.99892 0.4665
0.9180800000000002 0.4665
2.8

IMD1b
4
1.0383550000000001 0.40650000000000003
1.5395000000000003 0.40650000000000003
1.5395000000000003 0.4665
1.0440800000000001 0.4665
2.8

IMD1a
4
-1.6024999999999998 0.3955
-1.1003054166666666 0.3955
-1.1013549999999999 0.40650000000000003
-1.6024999999999998 0.40650000000000003
5.2

IMD1a
4
-0.42969458333333327 0.3955
-0.33530541666666663 0.3955
-0.33635499999999996 0.40650000000000003
-0.42864499999999994 0.40650000000000003
5.2

IMD1a
4
0.33530541666666663 0.3955
0.8796945833333335 0.3955
0.8786450000000001 0.40650000000000003
0.33635499999999996 0.40650000000000003
5.2

IMD1a
4
0.9113054166666669 0.3955
1.0056945833333333 0.3955
1.004645 0.40650000000000003
0.9123550000000002 0.40650000000000003
5.2

IMD1a
4
1.0373054166666669 0.3955
1.5395000000000003 0.3955
1.5395000000000003 0.40650000000000003
1.0383550000000001 0.40650000000000003
5.2

ILD1b3
4
-1.6024999999999998 0.37050000000000005
-1.0979199999999998 0.37050000000000005
-1.1003054166666666 0.3955
-1.6024999999999998 0.3955
4

ILD1b3
4
-0.43207999999999996 0.37050000000000005
-0.33291999999999994 0.37050000000000005
-0.33530541666666663 0.3955
-0.42969458333333327 0.3955
4

ILD1b3
4
0.33291999999999994 0.37050000000000005
0.8820800000000001 0.37050000000000005
0.8796945833333335 0.3955
0.33530541666666663 0.3955
4

ILD1b3
4
0.9089200000000003 0.37050000000000005
1.00808 0.37050000000000005
1.0056945833333333 0.3955
0.9113054166666669 0.3955
4

ILD1b3
4
1.03492 0.37050000000000005
1.5395000000000003 0.37050000000000005
1.5395000000000003 0.3955
1.0373054166666669 0.3955
4

ILD1b1+ILD1b2
4
-1.6024999999999998 0.2765
1.5395000000000003 0.2765
1.5395000000000003 0.37050000000000005
-1.6024999999999998 0.37050000000000005
4

FOXA+FOXB+TOX
4
-1.6024999999999998 0.001
1.5395000000000003 0.001
1.5395000000000003 0.2665
-1.6024999999999998 0.2665
4.0

ILD1a
4
-1.6024999999999998 0.2665
1.5395000000000003 0.2665
1.5395000000000003 0.2765
-1.6024999999999998 0.2765
7.0

IMD2a
4
-1.6024999999999998 0.4665
1.5395000000000003 0.4665
1.5395000000000003 0.4875
-1.6024999999999998 0.4875
5.2

IMD2b
4
-1.6024999999999998 0.4875
1.5395000000000003 0.4875
1.5395000000000003 0.5025
-1.6024999999999998 0.5025
4.2

IMD2c
4
-1.6024999999999998 0.5025
1.5395000000000003 0.5025
1.5395000000000003 0.5265
-1.6024999999999998 0.5265
3.28

IMD2d1+IMD2d2
4
-1.6024999999999998 0.5265
1.5395000000000003 0.5265
1.5395000000000003 0.6535
-1.6024999999999998 0.6535
2.65

IMD3a
4
-1.6024999999999998 0.6535
1.5395000000000003 0.6535
1.5395000000000003 0.6745
-1.6024999999999998 0.6745
5.2

IMD3b
4
-1.6024999999999998 0.6745
1.5395000000000003 0.6745
1.5395000000000003 0.6895
-1.6024999999999998 0.6895
4.2

IMD3c
4
-1.6024999999999998 0.6895
1.5395000000000003 0.6895
1.5395000000000003 0.7135
-1.6024999999999998 0.7135
3.28

IMD3d1+IMD3d2
4
-1.6024999999999998 0.7135
1.5395000000000003 0.7135
1.5395000000000003 0.8405
-1.6024999999999998 0.8405
2.65

IMD4a
4
-1.6024999999999998 0.8405
1.5395000000000003 0.8405
1.5395000000000003 0.8615
-1.6024999999999998 0.8615
5.2

IMD4b
4
-1.6024999999999998 0.8615
1.5395000000000003 0.8615
1.5395000000000003 0.8765
-1.6024999999999998 0.8765
4.2

IMD4c
4
-1.6024999999999998 0.8765
1.5395000000000003 0.8765
1.5395000000000003 0.9005
-1.6024999999999998 0.9005
3.28

IMD4d1+IMD4d2
4
-1.6024999999999998 0.9005
1.5395000000000003 0.9005
1.5395000000000003 1.0275
-1.6024999999999998 1.0275
2.65

IMD5a
4
-1.6024999999999998 1.0275
1.5395000000000003 1.0275
1.5395000000000003 1.0485
-1.6024999999999998 1.0485
5.2

IMD5b
4
-1.6024999999999998 1.0485
1.5395000000000003 1.0485
1.5395000000000003 1.0635
-1.6024999999999998 1.0635
4.2

IMD5c
4
-1.6024999999999998 1.0635
1.5395000000000003 1.0635
1.5395000000000003 1.0875
-1.6024999999999998 1.0875
3.28

IMD5d1+IMD5d2
4
-1.6024999999999998 1.0875
1.5395000000000003 1.0875
1.5395000000000003 1.2145
-1.6024999999999998 1.2145
2.65

IMD6a
4
-1.6024999999999998 1.2145
1.5395000000000003 1.2145
1.5395000000000003 1.2355
-1.6024999999999998 1.2355
5.2

IMD6b
4
-1.6024999999999998 1.2355
1.5395000000000003 1.2355
1.5395000000000003 1.2505
-1.6024999999999998 1.2505
4.2

IMD6c
4
-1.6024999999999998 1.2505
1.5395000000000003 1.2505
1.5395000000000003 1.2745
-1.6024999999999998 1.2745
3.28

IMD6d1+IMD6d2
4
-1.6024999999999998 1.2745
1.5395000000000003 1.2745
1.5395000000000003 1.4015
-1.6024999999999998 1.4015
2.65

IMD7a
4
-1.6024999999999998 1.4015
1.5395000000000003 1.4015
1.5395000000000003 1.4765
-1.6024999999999998 1.4765
5.2

IMD7b1+IMD7b2
4
-1.6024999999999998 1.4765
1.5395000000000003 1.4765
1.5395000000000003 2.9765
-1.6024999999999998 2.9765
4.2

IMD8a
4
-1.6024999999999998 2.9765
1.5395000000000003 2.9765
1.5395000000000003 3.0515
-1.6024999999999998 3.0515
5.2

IMD8b1+IMD8b2
4
-1.6024999999999998 3.0515
1.5395000000000003 3.0515
1.5395000000000003 4.5515
-1.6024999999999998 4.5515
4.2

PASS1
4
-1.6024999999999998 4.5515
1.5395000000000003 4.5515
1.5395000000000003 4.6265
-1.6024999999999998 4.6265
7.0

PASS2
4
-1.6024999999999998 4.6265
1.5395000000000003 4.6265
1.5395000000000003 5.0265
-1.6024999999999998 5.0265
4.2

PASS3
4
-1.6024999999999998 5.0265
1.5395000000000003 5.0265
1.5395000000000003 5.1015
-1.6024999999999998 5.1015
7.0

PASS4+PASS5
4
-1.6024999999999998 5.1015
1.5395000000000003 5.1015
1.5395000000000003 6.0515
-1.6024999999999998 6.0515
4.2

PASS6
4
-1.6024999999999998 6.0515
1.5395000000000003 6.0515
1.5395000000000003 6.6515
-1.6024999999999998 6.6515
7.0

air_Layer
4
-1.6024999999999998 6.6515
1.5395000000000003 6.6515
1.5395000000000003 6.9485
-1.6024999999999998 6.9485
1.0


4
-1.6024999999999998 0.001
1.5395000000000003 0.001
1.5395000000000003 6.9485
-1.6024999999999998 6.9485

