c1
4
-0.2220099999999999 1.3025
0.2220099999999999 1.3025
0.22798999999999991 1.4015
-0.22798999999999991 1.4015

3
botleft
4
-2.30598 -0.001
0 -0.001
0 0.001
-2.30598 0.001

botright
4
0 -0.001
6.76098 -0.001
6.76098 0.001
0 0.001

lEnv
4
-0.8520099999999998 1.3025
-0.40798999999999985 1.3025
-0.40200999999999987 1.4015
-0.8579899999999998 1.4015


47
IMD6d1_damage
4
-0.8614239999999997 1.2925
-0.3985759999999999 1.2925
-0.3979719999999999 1.3025
-0.8620279999999998 1.3025
3.1

IMD6d1_damage
4
-0.2314239999999999 1.2925
0.2314239999999999 1.2925
0.2320279999999999 1.3025
-0.2320279999999999 1.3025
3.1

IMD6d2_damage
4
-0.8570189999999999 1.3025
-0.8520099999999998 1.3025
-0.8579899999999998 1.4015
-0.8629989999999998 1.4015
2.9

IMD6d2_damage
4
-0.40798999999999985 1.3025
-0.40298099999999987 1.3025
-0.3970009999999999 1.4015
-0.40200999999999987 1.4015
2.9

IMD6d2_damage
4
-0.22701899999999992 1.3025
-0.2220099999999999 1.3025
-0.22798999999999991 1.4015
-0.23299899999999993 1.4015
2.9

IMD6d2_damage
4
0.2220099999999999 1.3025
0.22701899999999992 1.3025
0.23299899999999993 1.4015
0.22798999999999991 1.4015
2.9

IMD6d2
4
-2.30598 1.3025
-0.8570189999999999 1.3025
-0.8629989999999998 1.4015
-2.30598 1.4015
2.65

IMD6d2
4
-0.40298099999999987 1.3025
-0.22701899999999992 1.3025
-0.23299899999999993 1.4015
-0.3970009999999999 1.4015
2.65

IMD6d2
4
0.22701899999999992 1.3025
6.76098 1.3025
6.76098 1.4015
0.23299899999999993 1.4015
2.65

IMD6d1
4
-2.30598 1.2925
-0.8614239999999997 1.2925
-0.8620279999999998 1.3025
-2.30598 1.3025
2.65

IMD6d1
4
-0.3985759999999999 1.2925
-0.2314239999999999 1.2925
-0.2320279999999999 1.3025
-0.3979719999999999 1.3025
2.65

IMD6d1
4
0.2314239999999999 1.2925
6.76098 1.2925
6.76098 1.3025
0.2320279999999999 1.3025
2.65

IMD6d1
4
-2.30598 1.2745
6.76098 1.2745
6.76098 1.2925
-2.30598 1.2925
2.65

FOXA+FOXB+TOX
4
-2.30598 0.001
6.76098 0.001
6.76098 0.2665
-2.30598 0.2665
4.0

ILD1a
4
-2.30598 0.2665
6.76098 0.2665
6.76098 0.2765
-2.30598 0.2765
7.0

ILD1b1+ILD1b2+ILD1b3
4
-2.30598 0.2765
6.76098 0.2765
6.76098 0.3955
-2.30598 0.3955
4.0

IMD1a
4
-2.30598 0.3955
6.76098 0.3955
6.76098 0.4065
-2.30598 0.4065
5.2

IMD1b
4
-2.30598 0.4065
6.76098 0.4065
6.76098 0.4665
-2.30598 0.4665
2.8

IMD2a
4
-2.30598 0.4665
6.76098 0.4665
6.76098 0.4875
-2.30598 0.4875
5.2

IMD2b
4
-2.30598 0.4875
6.76098 0.4875
6.76098 0.5025
-2.30598 0.5025
4.2

IMD2c
4
-2.30598 0.5025
6.76098 0.5025
6.76098 0.5265
-2.30598 0.5265
3.28

IMD2d1+IMD2d2
4
-2.30598 0.5265
6.76098 0.5265
6.76098 0.6535
-2.30598 0.6535
2.65

IMD3a
4
-2.30598 0.6535
6.76098 0.6535
6.76098 0.6745
-2.30598 0.6745
5.2

IMD3b
4
-2.30598 0.6745
6.76098 0.6745
6.76098 0.6895
-2.30598 0.6895
4.2

IMD3c
4
-2.30598 0.6895
6.76098 0.6895
6.76098 0.7135
-2.30598 0.7135
3.28

IMD3d1+IMD3d2
4
-2.30598 0.7135
6.76098 0.7135
6.76098 0.8405
-2.30598 0.8405
2.65

IMD4a
4
-2.30598 0.8405
6.76098 0.8405
6.76098 0.8615
-2.30598 0.8615
5.2

IMD4b
4
-2.30598 0.8615
6.76098 0.8615
6.76098 0.8765
-2.30598 0.8765
4.2

IMD4c
4
-2.30598 0.8765
6.76098 0.8765
6.76098 0.9005
-2.30598 0.9005
3.28

IMD4d1+IMD4d2
4
-2.30598 0.9005
6.76098 0.9005
6.76098 1.0275
-2.30598 1.0275
2.65

IMD5a
4
-2.30598 1.0275
6.76098 1.0275
6.76098 1.0485
-2.30598 1.0485
5.2

IMD5b
4
-2.30598 1.0485
6.76098 1.0485
6.76098 1.0635
-2.30598 1.0635
4.2

IMD5c
4
-2.30598 1.0635
6.76098 1.0635
6.76098 1.0875
-2.30598 1.0875
3.28

IMD5d1+IMD5d2
4
-2.30598 1.0875
6.76098 1.0875
6.76098 1.2145
-2.30598 1.2145
2.65

IMD6a
4
-2.30598 1.2145
6.76098 1.2145
6.76098 1.2355
-2.30598 1.2355
5.2

IMD6b
4
-2.30598 1.2355
6.76098 1.2355
6.76098 1.2505
-2.30598 1.2505
4.2

IMD6c
4
-2.30598 1.2505
6.76098 1.2505
6.76098 1.2745
-2.30598 1.2745
3.28

IMD7a
4
-2.30598 1.4015
6.76098 1.4015
6.76098 1.4765
-2.30598 1.4765
5.2

IMD7b1+IMD7b2
4
-2.30598 1.4765
6.76098 1.4765
6.76098 2.9765
-2.30598 2.9765
4.2

IMD8a
4
-2.30598 2.9765
6.76098 2.9765
6.76098 3.0515
-2.30598 3.0515
5.2

IMD8b1+IMD8b2
4
-2.30598 3.0515
6.76098 3.0515
6.76098 4.5515
-2.30598 4.5515
4.2

PASS1
4
-2.30598 4.5515
6.76098 4.5515
6.76098 4.6265
-2.30598 4.6265
7.0

PASS2
4
-2.30598 4.6265
6.76098 4.6265
6.76098 5.0265
-2.30598 5.0265
4.2

PASS3
4
-2.30598 5.0265
6.76098 5.0265
6.76098 5.1015
-2.30598 5.1015
7.0

PASS4+PASS5
4
-2.30598 5.1015
6.76098 5.1015
6.76098 6.0515
-2.30598 6.0515
4.2

PASS6
4
-2.30598 6.0515
6.76098 6.0515
6.76098 6.6515
-2.30598 6.6515
7.0

air_Layer
4
-2.30598 6.6515
6.76098 6.6515
6.76098 6.9485
-2.30598 6.9485
1.0


4
-2.30598 0.001
6.76098 0.001
6.76098 6.9485
-2.30598 6.9485

