c1
4
-0.3345100000000001 1.3025
0.33451 1.3025
0.34048999999999996 1.4015
-0.34049000000000007 1.4015

5
botleft
4
-1.6925 -0.001
0 -0.001
0 0.001
-1.6925 0.001

botright
4
0 -0.001
1.544 -0.001
1.544 0.001
0 0.001

lEnv
4
-1.1895099999999998 1.3025
-0.52049 1.3025
-0.51451 1.4015
-1.19549 1.4015

c2
4
0.7229899999999999 1.3025
0.7890099999999999 1.3025
0.7949899999999999 1.4015
0.7170099999999999 1.4015

rEnv
4
0.9749899999999999 1.3025
1.04101 1.3025
1.04699 1.4015
0.9690099999999999 1.4015


57
IMD6d1_damage
4
-1.1989239999999999 1.2925
-0.5110760000000001 1.2925
-0.510472 1.3025
-1.199528 1.3025
3.1

IMD6d1_damage
4
-0.34392400000000006 1.2925
0.34392399999999995 1.2925
0.34452799999999995 1.3025
-0.34452800000000006 1.3025
3.1

IMD6d1_damage
4
0.713576 1.2925
0.7984239999999998 1.2925
0.7990279999999998 1.3025
0.7129719999999999 1.3025
3.1

IMD6d1_damage
4
0.965576 1.2925
1.050424 1.2925
1.051028 1.3025
0.9649719999999999 1.3025
3.1

IMD6d2_damage
4
-1.1945189999999999 1.3025
-1.1895099999999998 1.3025
-1.19549 1.4015
-1.200499 1.4015
2.9

IMD6d2_damage
4
-0.52049 1.3025
-0.515481 1.3025
-0.509501 1.4015
-0.51451 1.4015
2.9

IMD6d2_damage
4
-0.33951900000000007 1.3025
-0.3345100000000001 1.3025
-0.34049000000000007 1.4015
-0.34549900000000006 1.4015
2.9

IMD6d2_damage
4
0.33451 1.3025
0.33951899999999996 1.3025
0.34549899999999995 1.4015
0.34048999999999996 1.4015
2.9

IMD6d2_damage
4
0.7179809999999999 1.3025
0.7229899999999999 1.3025
0.7170099999999999 1.4015
0.7120009999999999 1.4015
2.9

IMD6d2_damage
4
0.7890099999999999 1.3025
0.7940189999999999 1.3025
0.7999989999999999 1.4015
0.7949899999999999 1.4015
2.9

IMD6d2_damage
4
0.9699809999999999 1.3025
0.9749899999999999 1.3025
0.9690099999999999 1.4015
0.9640009999999999 1.4015
2.9

IMD6d2_damage
4
1.04101 1.3025
1.046019 1.3025
1.0519990000000001 1.4015
1.04699 1.4015
2.9

IMD6d2
4
-1.6925 1.3025
-1.1945189999999999 1.3025
-1.200499 1.4015
-1.6925 1.4015
2.65

IMD6d2
4
-0.515481 1.3025
-0.33951900000000007 1.3025
-0.34549900000000006 1.4015
-0.509501 1.4015
2.65

IMD6d2
4
0.33951899999999996 1.3025
0.7179809999999999 1.3025
0.7120009999999999 1.4015
0.34549899999999995 1.4015
2.65

IMD6d2
4
0.7940189999999999 1.3025
0.9699809999999999 1.3025
0.9640009999999999 1.4015
0.7999989999999999 1.4015
2.65

IMD6d2
4
1.046019 1.3025
1.544 1.3025
1.544 1.4015
1.0519990000000001 1.4015
2.65

IMD6d1
4
-1.6925 1.2925
-1.1989239999999999 1.2925
-1.199528 1.3025
-1.6925 1.3025
2.65

IMD6d1
4
-0.5110760000000001 1.2925
-0.34392400000000006 1.2925
-0.34452800000000006 1.3025
-0.510472 1.3025
2.65

IMD6d1
4
0.34392399999999995 1.2925
0.713576 1.2925
0.7129719999999999 1.3025
0.34452799999999995 1.3025
2.65

IMD6d1
4
0.7984239999999998 1.2925
0.965576 1.2925
0.9649719999999999 1.3025
0.7990279999999998 1.3025
2.65

IMD6d1
4
1.050424 1.2925
1.544 1.2925
1.544 1.3025
1.051028 1.3025
2.65

IMD6d1
4
-1.6925 1.2745
1.544 1.2745
1.544 1.2925
-1.6925 1.2925
2.65

FOXA+FOXB+TOX
4
-1.6925 0.001
1.544 0.001
1.544 0.2665
-1.6925 0.2665
4.0

ILD1a
4
-1.6925 0.2665
1.544 0.2665
1.544 0.2765
-1.6925 0.2765
7.0

ILD1b1+ILD1b2+ILD1b3
4
-1.6925 0.2765
1.544 0.2765
1.544 0.3955
-1.6925 0.3955
4.0

IMD1a
4
-1.6925 0.3955
1.544 0.3955
1.544 0.4065
-1.6925 0.4065
5.2

IMD1b
4
-1.6925 0.4065
1.544 0.4065
1.544 0.4665
-1.6925 0.4665
2.8

IMD2a
4
-1.6925 0.4665
1.544 0.4665
1.544 0.4875
-1.6925 0.4875
5.2

IMD2b
4
-1.6925 0.4875
1.544 0.4875
1.544 0.5025
-1.6925 0.5025
4.2

IMD2c
4
-1.6925 0.5025
1.544 0.5025
1.544 0.5265
-1.6925 0.5265
3.28

IMD2d1+IMD2d2
4
-1.6925 0.5265
1.544 0.5265
1.544 0.6535
-1.6925 0.6535
2.65

IMD3a
4
-1.6925 0.6535
1.544 0.6535
1.544 0.6745
-1.6925 0.6745
5.2

IMD3b
4
-1.6925 0.6745
1.544 0.6745
1.544 0.6895
-1.6925 0.6895
4.2

IMD3c
4
-1.6925 0.6895
1.544 0.6895
1.544 0.7135
-1.6925 0.7135
3.28

IMD3d1+IMD3d2
4
-1.6925 0.7135
1.544 0.7135
1.544 0.8405
-1.6925 0.8405
2.65

IMD4a
4
-1.6925 0.8405
1.544 0.8405
1.544 0.8615
-1.6925 0.8615
5.2

IMD4b
4
-1.6925 0.8615
1.544 0.8615
1.544 0.8765
-1.6925 0.8765
4.2

IMD4c
4
-1.6925 0.8765
1.544 0.8765
1.544 0.9005
-1.6925 0.9005
3.28

IMD4d1+IMD4d2
4
-1.6925 0.9005
1.544 0.9005
1.544 1.0275
-1.6925 1.0275
2.65

IMD5a
4
-1.6925 1.0275
1.544 1.0275
1.544 1.0485
-1.6925 1.0485
5.2

IMD5b
4
-1.6925 1.0485
1.544 1.0485
1.544 1.0635
-1.6925 1.0635
4.2

IMD5c
4
-1.6925 1.0635
1.544 1.0635
1.544 1.0875
-1.6925 1.0875
3.28

IMD5d1+IMD5d2
4
-1.6925 1.0875
1.544 1.0875
1.544 1.2145
-1.6925 1.2145
2.65

IMD6a
4
-1.6925 1.2145
1.544 1.2145
1.544 1.2355
-1.6925 1.2355
5.2

IMD6b
4
-1.6925 1.2355
1.544 1.2355
1.544 1.2505
-1.6925 1.2505
4.2

IMD6c
4
-1.6925 1.2505
1.544 1.2505
1.544 1.2745
-1.6925 1.2745
3.28

IMD7a
4
-1.6925 1.4015
1.544 1.4015
1.544 1.4765
-1.6925 1.4765
5.2

IMD7b1+IMD7b2
4
-1.6925 1.4765
1.544 1.4765
1.544 2.9765
-1.6925 2.9765
4.2

IMD8a
4
-1.6925 2.9765
1.544 2.9765
1.544 3.0515
-1.6925 3.0515
5.2

IMD8b1+IMD8b2
4
-1.6925 3.0515
1.544 3.0515
1.544 4.5515
-1.6925 4.5515
4.2

PASS1
4
-1.6925 4.5515
1.544 4.5515
1.544 4.6265
-1.6925 4.6265
7.0

PASS2
4
-1.6925 4.6265
1.544 4.6265
1.544 5.0265
-1.6925 5.0265
4.2

PASS3
4
-1.6925 5.0265
1.544 5.0265
1.544 5.1015
-1.6925 5.1015
7.0

PASS4+PASS5
4
-1.6925 5.1015
1.544 5.1015
1.544 6.0515
-1.6925 6.0515
4.2

PASS6
4
-1.6925 6.0515
1.544 6.0515
1.544 6.6515
-1.6925 6.6515
7.0

air_Layer
4
-1.6925 6.6515
1.544 6.6515
1.544 6.9485
-1.6925 6.9485
1.0


4
-1.6925 0.001
1.544 0.001
1.544 6.9485
-1.6925 6.9485

