c1
4
-0.03301 0.7415
0.03301 0.7415
0.03899 0.8405
-0.03899 0.8405

3
botleft
4
-0.80298 -0.001
0 -0.001
0 0.001
-0.80298 0.001

botright
4
0 -0.001
5.49198 -0.001
5.49198 0.001
0 0.001

lEnv
4
-0.19500999999999996 0.7415
-0.12899 0.7415
-0.12300999999999998 0.8405
-0.20098999999999997 0.8405


47
IMD3d1_damage
4
-0.204424 0.7315
-0.11957599999999997 0.7315
-0.11897199999999998 0.7415
-0.205028 0.7415
3.1

IMD3d1_damage
4
-0.042423999999999996 0.7315
0.042423999999999996 0.7315
0.043028 0.7415
-0.043028 0.7415
3.1

IMD3d2_damage
4
-0.20001899999999997 0.7415
-0.19500999999999996 0.7415
-0.20098999999999997 0.8405
-0.205999 0.8405
2.9

IMD3d2_damage
4
-0.12899 0.7415
-0.123981 0.7415
-0.11800099999999998 0.8405
-0.12300999999999998 0.8405
2.9

IMD3d2_damage
4
-0.038019 0.7415
-0.03301 0.7415
-0.03899 0.8405
-0.043998999999999996 0.8405
2.9

IMD3d2_damage
4
0.03301 0.7415
0.038019 0.7415
0.043998999999999996 0.8405
0.03899 0.8405
2.9

IMD3d2
4
-0.80298 0.7415
-0.20001899999999997 0.7415
-0.205999 0.8405
-0.80298 0.8405
2.65

IMD3d2
4
-0.123981 0.7415
-0.038019 0.7415
-0.043998999999999996 0.8405
-0.11800099999999998 0.8405
2.65

IMD3d2
4
0.038019 0.7415
5.49198 0.7415
5.49198 0.8405
0.043998999999999996 0.8405
2.65

IMD3d1
4
-0.80298 0.7315
-0.204424 0.7315
-0.205028 0.7415
-0.80298 0.7415
2.65

IMD3d1
4
-0.11957599999999997 0.7315
-0.042423999999999996 0.7315
-0.043028 0.7415
-0.11897199999999998 0.7415
2.65

IMD3d1
4
0.042423999999999996 0.7315
5.49198 0.7315
5.49198 0.7415
0.043028 0.7415
2.65

IMD3d1
4
-0.80298 0.7135
5.49198 0.7135
5.49198 0.7315
-0.80298 0.7315
2.65

FOXA+FOXB+TOX
4
-0.80298 0.001
5.49198 0.001
5.49198 0.2665
-0.80298 0.2665
4.0

ILD1a
4
-0.80298 0.2665
5.49198 0.2665
5.49198 0.2765
-0.80298 0.2765
7.0

ILD1b1+ILD1b2+ILD1b3
4
-0.80298 0.2765
5.49198 0.2765
5.49198 0.3955
-0.80298 0.3955
4.0

IMD1a
4
-0.80298 0.3955
5.49198 0.3955
5.49198 0.4065
-0.80298 0.4065
5.2

IMD1b
4
-0.80298 0.4065
5.49198 0.4065
5.49198 0.4665
-0.80298 0.4665
2.8

IMD2a
4
-0.80298 0.4665
5.49198 0.4665
5.49198 0.4875
-0.80298 0.4875
5.2

IMD2b
4
-0.80298 0.4875
5.49198 0.4875
5.49198 0.5025
-0.80298 0.5025
4.2

IMD2c
4
-0.80298 0.5025
5.49198 0.5025
5.49198 0.5265
-0.80298 0.5265
3.28

IMD2d1+IMD2d2
4
-0.80298 0.5265
5.49198 0.5265
5.49198 0.6535
-0.80298 0.6535
2.65

IMD3a
4
-0.80298 0.6535
5.49198 0.6535
5.49198 0.6745
-0.80298 0.6745
5.2

IMD3b
4
-0.80298 0.6745
5.49198 0.6745
5.49198 0.6895
-0.80298 0.6895
4.2

IMD3c
4
-0.80298 0.6895
5.49198 0.6895
5.49198 0.7135
-0.80298 0.7135
3.28

IMD4a
4
-0.80298 0.8405
5.49198 0.8405
5.49198 0.8615
-0.80298 0.8615
5.2

IMD4b
4
-0.80298 0.8615
5.49198 0.8615
5.49198 0.8765
-0.80298 0.8765
4.2

IMD4c
4
-0.80298 0.8765
5.49198 0.8765
5.49198 0.9005
-0.80298 0.9005
3.28

IMD4d1+IMD4d2
4
-0.80298 0.9005
5.49198 0.9005
5.49198 1.0275
-0.80298 1.0275
2.65

IMD5a
4
-0.80298 1.0275
5.49198 1.0275
5.49198 1.0485
-0.80298 1.0485
5.2

IMD5b
4
-0.80298 1.0485
5.49198 1.0485
5.49198 1.0635
-0.80298 1.0635
4.2

IMD5c
4
-0.80298 1.0635
5.49198 1.0635
5.49198 1.0875
-0.80298 1.0875
3.28

IMD5d1+IMD5d2
4
-0.80298 1.0875
5.49198 1.0875
5.49198 1.2145
-0.80298 1.2145
2.65

IMD6a
4
-0.80298 1.2145
5.49198 1.2145
5.49198 1.2355
-0.80298 1.2355
5.2

IMD6b
4
-0.80298 1.2355
5.49198 1.2355
5.49198 1.2505
-0.80298 1.2505
4.2

IMD6c
4
-0.80298 1.2505
5.49198 1.2505
5.49198 1.2745
-0.80298 1.2745
3.28

IMD6d1+IMD6d2
4
-0.80298 1.2745
5.49198 1.2745
5.49198 1.4015
-0.80298 1.4015
2.65

IMD7a
4
-0.80298 1.4015
5.49198 1.4015
5.49198 1.4765
-0.80298 1.4765
5.2

IMD7b1+IMD7b2
4
-0.80298 1.4765
5.49198 1.4765
5.49198 2.9765
-0.80298 2.9765
4.2

IMD8a
4
-0.80298 2.9765
5.49198 2.9765
5.49198 3.0515
-0.80298 3.0515
5.2

IMD8b1+IMD8b2
4
-0.80298 3.0515
5.49198 3.0515
5.49198 4.5515
-0.80298 4.5515
4.2

PASS1
4
-0.80298 4.5515
5.49198 4.5515
5.49198 4.6265
-0.80298 4.6265
7.0

PASS2
4
-0.80298 4.6265
5.49198 4.6265
5.49198 5.0265
-0.80298 5.0265
4.2

PASS3
4
-0.80298 5.0265
5.49198 5.0265
5.49198 5.1015
-0.80298 5.1015
7.0

PASS4+PASS5
4
-0.80298 5.1015
5.49198 5.1015
5.49198 6.0515
-0.80298 6.0515
4.2

PASS6
4
-0.80298 6.0515
5.49198 6.0515
5.49198 6.6515
-0.80298 6.6515
7.0

air_Layer
4
-0.80298 6.6515
5.49198 6.6515
5.49198 6.9485
-0.80298 6.9485
1.0


4
-0.80298 0.001
5.49198 0.001
5.49198 6.9485
-0.80298 6.9485

