c1
4
-0.22042 0.37050000000000005
0.2204199999999999 0.37050000000000005
0.2295799999999999 0.4665
-0.22958 0.4665

5
botleft
4
-1.265 -0.001
0 -0.001
0 0.001
-1.265 0.001

botright
4
0 -0.001
1.427 -0.001
1.427 0.001
0 0.001

lEnv
4
-0.76042 0.37050000000000005
-0.31958 0.37050000000000005
-0.31042 0.4665
-0.7695799999999999 0.4665

c2
4
0.7695799999999998 0.37050000000000005
0.79642 0.37050000000000005
0.80558 0.4665
0.7604199999999999 0.4665

rEnv
4
0.8955799999999999 0.37050000000000005
0.9224200000000001 0.37050000000000005
0.9315800000000001 0.4665
0.88642 0.4665


48
IMD1b
4
-1.265 0.40650000000000003
-0.763855 0.40650000000000003
-0.7695799999999999 0.4665
-1.265 0.4665
2.8

IMD1b
4
-0.31614499999999995 0.40650000000000003
-0.223855 0.40650000000000003
-0.22958 0.4665
-0.31042 0.4665
2.8

IMD1b
4
0.2238549999999999 0.40650000000000003
0.7661449999999999 0.40650000000000003
0.7604199999999999 0.4665
0.2295799999999999 0.4665
2.8

IMD1b
4
0.799855 0.40650000000000003
0.892145 0.40650000000000003
0.88642 0.4665
0.80558 0.4665
2.8

IMD1b
4
0.9258550000000001 0.40650000000000003
1.427 0.40650000000000003
1.427 0.4665
0.9315800000000001 0.4665
2.8

IMD1a
4
-1.265 0.3955
-0.7628054166666666 0.3955
-0.763855 0.40650000000000003
-1.265 0.40650000000000003
5.2

IMD1a
4
-0.3171945833333333 0.3955
-0.22280541666666667 0.3955
-0.223855 0.40650000000000003
-0.31614499999999995 0.40650000000000003
5.2

IMD1a
4
0.22280541666666656 0.3955
0.7671945833333332 0.3955
0.7661449999999999 0.40650000000000003
0.2238549999999999 0.40650000000000003
5.2

IMD1a
4
0.7988054166666666 0.3955
0.8931945833333333 0.3955
0.892145 0.40650000000000003
0.799855 0.40650000000000003
5.2

IMD1a
4
0.9248054166666667 0.3955
1.427 0.3955
1.427 0.40650000000000003
0.9258550000000001 0.40650000000000003
5.2

ILD1b3
4
-1.265 0.37050000000000005
-0.76042 0.37050000000000005
-0.7628054166666666 0.3955
-1.265 0.3955
4

ILD1b3
4
-0.31958 0.37050000000000005
-0.22042 0.37050000000000005
-0.22280541666666667 0.3955
-0.3171945833333333 0.3955
4

ILD1b3
4
0.2204199999999999 0.37050000000000005
0.7695799999999998 0.37050000000000005
0.7671945833333332 0.3955
0.22280541666666656 0.3955
4

ILD1b3
4
0.79642 0.37050000000000005
0.8955799999999999 0.37050000000000005
0.8931945833333333 0.3955
0.7988054166666666 0.3955
4

ILD1b3
4
0.9224200000000001 0.37050000000000005
1.427 0.37050000000000005
1.427 0.3955
0.9248054166666667 0.3955
4

ILD1b1+ILD1b2
4
-1.265 0.2765
1.427 0.2765
1.427 0.37050000000000005
-1.265 0.37050000000000005
4

FOXA+FOXB+TOX
4
-1.265 0.001
1.427 0.001
1.427 0.2665
-1.265 0.2665
4.0

ILD1a
4
-1.265 0.2665
1.427 0.2665
1.427 0.2765
-1.265 0.2765
7.0

IMD2a
4
-1.265 0.4665
1.427 0.4665
1.427 0.4875
-1.265 0.4875
5.2

IMD2b
4
-1.265 0.4875
1.427 0.4875
1.427 0.5025
-1.265 0.5025
4.2

IMD2c
4
-1.265 0.5025
1.427 0.5025
1.427 0.5265
-1.265 0.5265
3.28

IMD2d1+IMD2d2
4
-1.265 0.5265
1.427 0.5265
1.427 0.6535
-1.265 0.6535
2.65

IMD3a
4
-1.265 0.6535
1.427 0.6535
1.427 0.6745
-1.265 0.6745
5.2

IMD3b
4
-1.265 0.6745
1.427 0.6745
1.427 0.6895
-1.265 0.6895
4.2

IMD3c
4
-1.265 0.6895
1.427 0.6895
1.427 0.7135
-1.265 0.7135
3.28

IMD3d1+IMD3d2
4
-1.265 0.7135
1.427 0.7135
1.427 0.8405
-1.265 0.8405
2.65

IMD4a
4
-1.265 0.8405
1.427 0.8405
1.427 0.8615
-1.265 0.8615
5.2

IMD4b
4
-1.265 0.8615
1.427 0.8615
1.427 0.8765
-1.265 0.8765
4.2

IMD4c
4
-1.265 0.8765
1.427 0.8765
1.427 0.9005
-1.265 0.9005
3.28

IMD4d1+IMD4d2
4
-1.265 0.9005
1.427 0.9005
1.427 1.0275
-1.265 1.0275
2.65

IMD5a
4
-1.265 1.0275
1.427 1.0275
1.427 1.0485
-1.265 1.0485
5.2

IMD5b
4
-1.265 1.0485
1.427 1.0485
1.427 1.0635
-1.265 1.0635
4.2

IMD5c
4
-1.265 1.0635
1.427 1.0635
1.427 1.0875
-1.265 1.0875
3.28

IMD5d1+IMD5d2
4
-1.265 1.0875
1.427 1.0875
1.427 1.2145
-1.265 1.2145
2.65

IMD6a
4
-1.265 1.2145
1.427 1.2145
1.427 1.2355
-1.265 1.2355
5.2

IMD6b
4
-1.265 1.2355
1.427 1.2355
1.427 1.2505
-1.265 1.2505
4.2

IMD6c
4
-1.265 1.2505
1.427 1.2505
1.427 1.2745
-1.265 1.2745
3.28

IMD6d1+IMD6d2
4
-1.265 1.2745
1.427 1.2745
1.427 1.4015
-1.265 1.4015
2.65

IMD7a
4
-1.265 1.4015
1.427 1.4015
1.427 1.4765
-1.265 1.4765
5.2

IMD7b1+IMD7b2
4
-1.265 1.4765
1.427 1.4765
1.427 2.9765
-1.265 2.9765
4.2

IMD8a
4
-1.265 2.9765
1.427 2.9765
1.427 3.0515
-1.265 3.0515
5.2

IMD8b1+IMD8b2
4
-1.265 3.0515
1.427 3.0515
1.427 4.5515
-1.265 4.5515
4.2

PASS1
4
-1.265 4.5515
1.427 4.5515
1.427 4.6265
-1.265 4.6265
7.0

PASS2
4
-1.265 4.6265
1.427 4.6265
1.427 5.0265
-1.265 5.0265
4.2

PASS3
4
-1.265 5.0265
1.427 5.0265
1.427 5.1015
-1.265 5.1015
7.0

PASS4+PASS5
4
-1.265 5.1015
1.427 5.1015
1.427 6.0515
-1.265 6.0515
4.2

PASS6
4
-1.265 6.0515
1.427 6.0515
1.427 6.6515
-1.265 6.6515
7.0

air_Layer
4
-1.265 6.6515
1.427 6.6515
1.427 6.9485
-1.265 6.9485
1.0


4
-1.265 0.001
1.427 0.001
1.427 6.9485
-1.265 6.9485

