c1
4
-0.08700999999999999 1.1155
0.08701000000000002 1.1155
0.09299000000000002 1.2145
-0.09298999999999999 1.2145

3
botleft
4
-1.0729799999999998 -0.001
0 -0.001
0 0.001
-1.0729799999999998 0.001

botright
4
0 -0.001
6.03198 -0.001
6.03198 0.001
0 0.001

lEnv
4
-0.30301 1.1155
-0.12899 1.1155
-0.12300999999999998 1.2145
-0.30899 1.2145


47
IMD5d1_damage
4
-0.312424 1.1055
-0.11957599999999997 1.1055
-0.11897199999999998 1.1155
-0.313028 1.1155
3.1

IMD5d1_damage
4
-0.096424 1.1055
0.09642400000000002 1.1055
0.09702800000000002 1.1155
-0.09702799999999999 1.1155
3.1

IMD5d2_damage
4
-0.308019 1.1155
-0.30301 1.1155
-0.30899 1.2145
-0.313999 1.2145
2.9

IMD5d2_damage
4
-0.12899 1.1155
-0.123981 1.1155
-0.11800099999999998 1.2145
-0.12300999999999998 1.2145
2.9

IMD5d2_damage
4
-0.09201899999999999 1.1155
-0.08700999999999999 1.1155
-0.09298999999999999 1.2145
-0.09799899999999999 1.2145
2.9

IMD5d2_damage
4
0.08701000000000002 1.1155
0.09201900000000002 1.1155
0.09799900000000002 1.2145
0.09299000000000002 1.2145
2.9

IMD5d2
4
-1.0729799999999998 1.1155
-0.308019 1.1155
-0.313999 1.2145
-1.0729799999999998 1.2145
2.65

IMD5d2
4
-0.123981 1.1155
-0.09201899999999999 1.1155
-0.09799899999999999 1.2145
-0.11800099999999998 1.2145
2.65

IMD5d2
4
0.09201900000000002 1.1155
6.03198 1.1155
6.03198 1.2145
0.09799900000000002 1.2145
2.65

IMD5d1
4
-1.0729799999999998 1.1055
-0.312424 1.1055
-0.313028 1.1155
-1.0729799999999998 1.1155
2.65

IMD5d1
4
-0.11957599999999997 1.1055
-0.096424 1.1055
-0.09702799999999999 1.1155
-0.11897199999999998 1.1155
2.65

IMD5d1
4
0.09642400000000002 1.1055
6.03198 1.1055
6.03198 1.1155
0.09702800000000002 1.1155
2.65

IMD5d1
4
-1.0729799999999998 1.0875
6.03198 1.0875
6.03198 1.1055
-1.0729799999999998 1.1055
2.65

FOXA+FOXB+TOX
4
-1.0729799999999998 0.001
6.03198 0.001
6.03198 0.2665
-1.0729799999999998 0.2665
4.0

ILD1a
4
-1.0729799999999998 0.2665
6.03198 0.2665
6.03198 0.2765
-1.0729799999999998 0.2765
7.0

ILD1b1+ILD1b2+ILD1b3
4
-1.0729799999999998 0.2765
6.03198 0.2765
6.03198 0.3955
-1.0729799999999998 0.3955
4.0

IMD1a
4
-1.0729799999999998 0.3955
6.03198 0.3955
6.03198 0.4065
-1.0729799999999998 0.4065
5.2

IMD1b
4
-1.0729799999999998 0.4065
6.03198 0.4065
6.03198 0.4665
-1.0729799999999998 0.4665
2.8

IMD2a
4
-1.0729799999999998 0.4665
6.03198 0.4665
6.03198 0.4875
-1.0729799999999998 0.4875
5.2

IMD2b
4
-1.0729799999999998 0.4875
6.03198 0.4875
6.03198 0.5025
-1.0729799999999998 0.5025
4.2

IMD2c
4
-1.0729799999999998 0.5025
6.03198 0.5025
6.03198 0.5265
-1.0729799999999998 0.5265
3.28

IMD2d1+IMD2d2
4
-1.0729799999999998 0.5265
6.03198 0.5265
6.03198 0.6535
-1.0729799999999998 0.6535
2.65

IMD3a
4
-1.0729799999999998 0.6535
6.03198 0.6535
6.03198 0.6745
-1.0729799999999998 0.6745
5.2

IMD3b
4
-1.0729799999999998 0.6745
6.03198 0.6745
6.03198 0.6895
-1.0729799999999998 0.6895
4.2

IMD3c
4
-1.0729799999999998 0.6895
6.03198 0.6895
6.03198 0.7135
-1.0729799999999998 0.7135
3.28

IMD3d1+IMD3d2
4
-1.0729799999999998 0.7135
6.03198 0.7135
6.03198 0.8405
-1.0729799999999998 0.8405
2.65

IMD4a
4
-1.0729799999999998 0.8405
6.03198 0.8405
6.03198 0.8615
-1.0729799999999998 0.8615
5.2

IMD4b
4
-1.0729799999999998 0.8615
6.03198 0.8615
6.03198 0.8765
-1.0729799999999998 0.8765
4.2

IMD4c
4
-1.0729799999999998 0.8765
6.03198 0.8765
6.03198 0.9005
-1.0729799999999998 0.9005
3.28

IMD4d1+IMD4d2
4
-1.0729799999999998 0.9005
6.03198 0.9005
6.03198 1.0275
-1.0729799999999998 1.0275
2.65

IMD5a
4
-1.0729799999999998 1.0275
6.03198 1.0275
6.03198 1.0485
-1.0729799999999998 1.0485
5.2

IMD5b
4
-1.0729799999999998 1.0485
6.03198 1.0485
6.03198 1.0635
-1.0729799999999998 1.0635
4.2

IMD5c
4
-1.0729799999999998 1.0635
6.03198 1.0635
6.03198 1.0875
-1.0729799999999998 1.0875
3.28

IMD6a
4
-1.0729799999999998 1.2145
6.03198 1.2145
6.03198 1.2355
-1.0729799999999998 1.2355
5.2

IMD6b
4
-1.0729799999999998 1.2355
6.03198 1.2355
6.03198 1.2505
-1.0729799999999998 1.2505
4.2

IMD6c
4
-1.0729799999999998 1.2505
6.03198 1.2505
6.03198 1.2745
-1.0729799999999998 1.2745
3.28

IMD6d1+IMD6d2
4
-1.0729799999999998 1.2745
6.03198 1.2745
6.03198 1.4015
-1.0729799999999998 1.4015
2.65

IMD7a
4
-1.0729799999999998 1.4015
6.03198 1.4015
6.03198 1.4765
-1.0729799999999998 1.4765
5.2

IMD7b1+IMD7b2
4
-1.0729799999999998 1.4765
6.03198 1.4765
6.03198 2.9765
-1.0729799999999998 2.9765
4.2

IMD8a
4
-1.0729799999999998 2.9765
6.03198 2.9765
6.03198 3.0515
-1.0729799999999998 3.0515
5.2

IMD8b1+IMD8b2
4
-1.0729799999999998 3.0515
6.03198 3.0515
6.03198 4.5515
-1.0729799999999998 4.5515
4.2

PASS1
4
-1.0729799999999998 4.5515
6.03198 4.5515
6.03198 4.6265
-1.0729799999999998 4.6265
7.0

PASS2
4
-1.0729799999999998 4.6265
6.03198 4.6265
6.03198 5.0265
-1.0729799999999998 5.0265
4.2

PASS3
4
-1.0729799999999998 5.0265
6.03198 5.0265
6.03198 5.1015
-1.0729799999999998 5.1015
7.0

PASS4+PASS5
4
-1.0729799999999998 5.1015
6.03198 5.1015
6.03198 6.0515
-1.0729799999999998 6.0515
4.2

PASS6
4
-1.0729799999999998 6.0515
6.03198 6.0515
6.03198 6.6515
-1.0729799999999998 6.6515
7.0

air_Layer
4
-1.0729799999999998 6.6515
6.03198 6.6515
6.03198 6.9485
-1.0729799999999998 6.9485
1.0


4
-1.0729799999999998 0.001
6.03198 0.001
6.03198 6.9485
-1.0729799999999998 6.9485

