c1
4
-0.15450999999999995 0.9285000000000001
0.15451 0.9285000000000001
0.16049000000000002 1.0275
-0.16048999999999997 1.0275

5
botleft
4
-1.0625 -0.001
0 -0.001
0 0.001
-1.0625 0.001

botright
4
0 -0.001
2.3674999999999997 -0.001
2.3674999999999997 0.001
0 0.001

lEnv
4
-0.55951 0.9285000000000001
-0.25048999999999993 0.9285000000000001
-0.24450999999999995 1.0275
-0.5654899999999999 1.0275

c2
4
0.88049 0.9285000000000001
1.3245099999999996 0.9285000000000001
1.3304899999999997 1.0275
0.87451 1.0275

rEnv
4
1.42049 0.9285000000000001
1.8645099999999997 0.9285000000000001
1.8704899999999998 1.0275
1.41451 1.0275


57
IMD4d1_damage
4
-0.5689239999999999 0.9185000000000001
-0.24107599999999996 0.9185000000000001
-0.24047199999999996 0.9285000000000001
-0.5695279999999999 0.9285000000000001
3.1

IMD4d1_damage
4
-0.16392399999999996 0.9185000000000001
0.16392400000000001 0.9185000000000001
0.164528 0.9285000000000001
-0.16452799999999995 0.9285000000000001
3.1

IMD4d1_damage
4
0.8710760000000001 0.9185000000000001
1.3339239999999997 0.9185000000000001
1.3345279999999997 0.9285000000000001
0.870472 0.9285000000000001
3.1

IMD4d1_damage
4
1.411076 0.9185000000000001
1.8739239999999997 0.9185000000000001
1.8745279999999998 0.9285000000000001
1.410472 0.9285000000000001
3.1

IMD4d2_damage
4
-0.564519 0.9285000000000001
-0.55951 0.9285000000000001
-0.5654899999999999 1.0275
-0.570499 1.0275
2.9

IMD4d2_damage
4
-0.25048999999999993 0.9285000000000001
-0.24548099999999992 0.9285000000000001
-0.23950099999999994 1.0275
-0.24450999999999995 1.0275
2.9

IMD4d2_damage
4
-0.15951899999999997 0.9285000000000001
-0.15450999999999995 0.9285000000000001
-0.16048999999999997 1.0275
-0.16549899999999998 1.0275
2.9

IMD4d2_damage
4
0.15451 0.9285000000000001
0.15951900000000002 0.9285000000000001
0.16549900000000003 1.0275
0.16049000000000002 1.0275
2.9

IMD4d2_damage
4
0.875481 0.9285000000000001
0.88049 0.9285000000000001
0.87451 1.0275
0.869501 1.0275
2.9

IMD4d2_damage
4
1.3245099999999996 0.9285000000000001
1.3295189999999997 0.9285000000000001
1.3354989999999998 1.0275
1.3304899999999997 1.0275
2.9

IMD4d2_damage
4
1.415481 0.9285000000000001
1.42049 0.9285000000000001
1.41451 1.0275
1.409501 1.0275
2.9

IMD4d2_damage
4
1.8645099999999997 0.9285000000000001
1.8695189999999997 0.9285000000000001
1.8754989999999998 1.0275
1.8704899999999998 1.0275
2.9

IMD4d2
4
-1.0625 0.9285000000000001
-0.564519 0.9285000000000001
-0.570499 1.0275
-1.0625 1.0275
2.65

IMD4d2
4
-0.24548099999999992 0.9285000000000001
-0.15951899999999997 0.9285000000000001
-0.16549899999999998 1.0275
-0.23950099999999994 1.0275
2.65

IMD4d2
4
0.15951900000000002 0.9285000000000001
0.875481 0.9285000000000001
0.869501 1.0275
0.16549900000000003 1.0275
2.65

IMD4d2
4
1.3295189999999997 0.9285000000000001
1.415481 0.9285000000000001
1.409501 1.0275
1.3354989999999998 1.0275
2.65

IMD4d2
4
1.8695189999999997 0.9285000000000001
2.3674999999999997 0.9285000000000001
2.3674999999999997 1.0275
1.8754989999999998 1.0275
2.65

IMD4d1
4
-1.0625 0.9185000000000001
-0.5689239999999999 0.9185000000000001
-0.5695279999999999 0.9285000000000001
-1.0625 0.9285000000000001
2.65

IMD4d1
4
-0.24107599999999996 0.9185000000000001
-0.16392399999999996 0.9185000000000001
-0.16452799999999995 0.9285000000000001
-0.24047199999999996 0.9285000000000001
2.65

IMD4d1
4
0.16392400000000001 0.9185000000000001
0.8710760000000001 0.9185000000000001
0.870472 0.9285000000000001
0.164528 0.9285000000000001
2.65

IMD4d1
4
1.3339239999999997 0.9185000000000001
1.411076 0.9185000000000001
1.410472 0.9285000000000001
1.3345279999999997 0.9285000000000001
2.65

IMD4d1
4
1.8739239999999997 0.9185000000000001
2.3674999999999997 0.9185000000000001
2.3674999999999997 0.9285000000000001
1.8745279999999998 0.9285000000000001
2.65

IMD4d1
4
-1.0625 0.9005
2.3674999999999997 0.9005
2.3674999999999997 0.9185000000000001
-1.0625 0.9185000000000001
2.65

FOXA+FOXB+TOX
4
-1.0625 0.001
2.3674999999999997 0.001
2.3674999999999997 0.2665
-1.0625 0.2665
4.0

ILD1a
4
-1.0625 0.2665
2.3674999999999997 0.2665
2.3674999999999997 0.2765
-1.0625 0.2765
7.0

ILD1b1+ILD1b2+ILD1b3
4
-1.0625 0.2765
2.3674999999999997 0.2765
2.3674999999999997 0.3955
-1.0625 0.3955
4.0

IMD1a
4
-1.0625 0.3955
2.3674999999999997 0.3955
2.3674999999999997 0.4065
-1.0625 0.4065
5.2

IMD1b
4
-1.0625 0.4065
2.3674999999999997 0.4065
2.3674999999999997 0.4665
-1.0625 0.4665
2.8

IMD2a
4
-1.0625 0.4665
2.3674999999999997 0.4665
2.3674999999999997 0.4875
-1.0625 0.4875
5.2

IMD2b
4
-1.0625 0.4875
2.3674999999999997 0.4875
2.3674999999999997 0.5025
-1.0625 0.5025
4.2

IMD2c
4
-1.0625 0.5025
2.3674999999999997 0.5025
2.3674999999999997 0.5265
-1.0625 0.5265
3.28

IMD2d1+IMD2d2
4
-1.0625 0.5265
2.3674999999999997 0.5265
2.3674999999999997 0.6535
-1.0625 0.6535
2.65

IMD3a
4
-1.0625 0.6535
2.3674999999999997 0.6535
2.3674999999999997 0.6745
-1.0625 0.6745
5.2

IMD3b
4
-1.0625 0.6745
2.3674999999999997 0.6745
2.3674999999999997 0.6895
-1.0625 0.6895
4.2

IMD3c
4
-1.0625 0.6895
2.3674999999999997 0.6895
2.3674999999999997 0.7135
-1.0625 0.7135
3.28

IMD3d1+IMD3d2
4
-1.0625 0.7135
2.3674999999999997 0.7135
2.3674999999999997 0.8405
-1.0625 0.8405
2.65

IMD4a
4
-1.0625 0.8405
2.3674999999999997 0.8405
2.3674999999999997 0.8615
-1.0625 0.8615
5.2

IMD4b
4
-1.0625 0.8615
2.3674999999999997 0.8615
2.3674999999999997 0.8765
-1.0625 0.8765
4.2

IMD4c
4
-1.0625 0.8765
2.3674999999999997 0.8765
2.3674999999999997 0.9005
-1.0625 0.9005
3.28

IMD5a
4
-1.0625 1.0275
2.3674999999999997 1.0275
2.3674999999999997 1.0485
-1.0625 1.0485
5.2

IMD5b
4
-1.0625 1.0485
2.3674999999999997 1.0485
2.3674999999999997 1.0635
-1.0625 1.0635
4.2

IMD5c
4
-1.0625 1.0635
2.3674999999999997 1.0635
2.3674999999999997 1.0875
-1.0625 1.0875
3.28

IMD5d1+IMD5d2
4
-1.0625 1.0875
2.3674999999999997 1.0875
2.3674999999999997 1.2145
-1.0625 1.2145
2.65

IMD6a
4
-1.0625 1.2145
2.3674999999999997 1.2145
2.3674999999999997 1.2355
-1.0625 1.2355
5.2

IMD6b
4
-1.0625 1.2355
2.3674999999999997 1.2355
2.3674999999999997 1.2505
-1.0625 1.2505
4.2

IMD6c
4
-1.0625 1.2505
2.3674999999999997 1.2505
2.3674999999999997 1.2745
-1.0625 1.2745
3.28

IMD6d1+IMD6d2
4
-1.0625 1.2745
2.3674999999999997 1.2745
2.3674999999999997 1.4015
-1.0625 1.4015
2.65

IMD7a
4
-1.0625 1.4015
2.3674999999999997 1.4015
2.3674999999999997 1.4765
-1.0625 1.4765
5.2

IMD7b1+IMD7b2
4
-1.0625 1.4765
2.3674999999999997 1.4765
2.3674999999999997 2.9765
-1.0625 2.9765
4.2

IMD8a
4
-1.0625 2.9765
2.3674999999999997 2.9765
2.3674999999999997 3.0515
-1.0625 3.0515
5.2

IMD8b1+IMD8b2
4
-1.0625 3.0515
2.3674999999999997 3.0515
2.3674999999999997 4.5515
-1.0625 4.5515
4.2

PASS1
4
-1.0625 4.5515
2.3674999999999997 4.5515
2.3674999999999997 4.6265
-1.0625 4.6265
7.0

PASS2
4
-1.0625 4.6265
2.3674999999999997 4.6265
2.3674999999999997 5.0265
-1.0625 5.0265
4.2

PASS3
4
-1.0625 5.0265
2.3674999999999997 5.0265
2.3674999999999997 5.1015
-1.0625 5.1015
7.0

PASS4+PASS5
4
-1.0625 5.1015
2.3674999999999997 5.1015
2.3674999999999997 6.0515
-1.0625 6.0515
4.2

PASS6
4
-1.0625 6.0515
2.3674999999999997 6.0515
2.3674999999999997 6.6515
-1.0625 6.6515
7.0

air_Layer
4
-1.0625 6.6515
2.3674999999999997 6.6515
2.3674999999999997 6.9485
-1.0625 6.9485
1.0


4
-1.0625 0.001
2.3674999999999997 0.001
2.3674999999999997 6.9485
-1.0625 6.9485

