c1
4
-0.031420000000000003 0.37050000000000005
0.031420000000000003 0.37050000000000005
0.040580000000000005 0.4665
-0.040580000000000005 0.4665

5
botleft
4
-0.698 -0.001
0 -0.001
0 0.001
-0.698 0.001

botright
4
0 -0.001
1.6385 -0.001
1.6385 0.001
0 0.001

lEnv
4
-0.19341999999999998 0.37050000000000005
-0.13057999999999997 0.37050000000000005
-0.12141999999999999 0.4665
-0.20257999999999998 0.4665

c2
4
0.42308000000000007 0.37050000000000005
0.7289200000000001 0.37050000000000005
0.7380800000000001 0.4665
0.41392000000000007 0.4665

rEnv
4
0.82808 0.37050000000000005
1.13392 0.37050000000000005
1.14308 0.4665
0.8189200000000001 0.4665


48
IMD1b
4
-0.698 0.40650000000000003
-0.19685499999999997 0.40650000000000003
-0.20257999999999998 0.4665
-0.698 0.4665
2.8

IMD1b
4
-0.12714499999999998 0.40650000000000003
-0.034855000000000004 0.40650000000000003
-0.040580000000000005 0.4665
-0.12141999999999999 0.4665
2.8

IMD1b
4
0.034855000000000004 0.40650000000000003
0.41964500000000005 0.40650000000000003
0.41392000000000007 0.4665
0.040580000000000005 0.4665
2.8

IMD1b
4
0.7323550000000001 0.40650000000000003
0.8246450000000001 0.40650000000000003
0.8189200000000001 0.4665
0.7380800000000001 0.4665
2.8

IMD1b
4
1.1373550000000001 0.40650000000000003
1.6385 0.40650000000000003
1.6385 0.4665
1.14308 0.4665
2.8

IMD1a
4
-0.698 0.3955
-0.19580541666666665 0.3955
-0.19685499999999997 0.40650000000000003
-0.698 0.40650000000000003
5.2

IMD1a
4
-0.1281945833333333 0.3955
-0.03380541666666667 0.3955
-0.034855000000000004 0.40650000000000003
-0.12714499999999998 0.40650000000000003
5.2

IMD1a
4
0.03380541666666667 0.3955
0.42069458333333337 0.3955
0.41964500000000005 0.40650000000000003
0.034855000000000004 0.40650000000000003
5.2

IMD1a
4
0.7313054166666667 0.3955
0.8256945833333335 0.3955
0.8246450000000001 0.40650000000000003
0.7323550000000001 0.40650000000000003
5.2

IMD1a
4
1.1363054166666668 0.3955
1.6385 0.3955
1.6385 0.40650000000000003
1.1373550000000001 0.40650000000000003
5.2

ILD1b3
4
-0.698 0.37050000000000005
-0.19341999999999998 0.37050000000000005
-0.19580541666666665 0.3955
-0.698 0.3955
4

ILD1b3
4
-0.13057999999999997 0.37050000000000005
-0.031420000000000003 0.37050000000000005
-0.03380541666666667 0.3955
-0.1281945833333333 0.3955
4

ILD1b3
4
0.031420000000000003 0.37050000000000005
0.42308000000000007 0.37050000000000005
0.42069458333333337 0.3955
0.03380541666666667 0.3955
4

ILD1b3
4
0.7289200000000001 0.37050000000000005
0.82808 0.37050000000000005
0.8256945833333335 0.3955
0.7313054166666667 0.3955
4

ILD1b3
4
1.13392 0.37050000000000005
1.6385 0.37050000000000005
1.6385 0.3955
1.1363054166666668 0.3955
4

ILD1b1+ILD1b2
4
-0.698 0.2765
1.6385 0.2765
1.6385 0.37050000000000005
-0.698 0.37050000000000005
4

FOXA+FOXB+TOX
4
-0.698 0.001
1.6385 0.001
1.6385 0.2665
-0.698 0.2665
4.0

ILD1a
4
-0.698 0.2665
1.6385 0.2665
1.6385 0.2765
-0.698 0.2765
7.0

IMD2a
4
-0.698 0.4665
1.6385 0.4665
1.6385 0.4875
-0.698 0.4875
5.2

IMD2b
4
-0.698 0.4875
1.6385 0.4875
1.6385 0.5025
-0.698 0.5025
4.2

IMD2c
4
-0.698 0.5025
1.6385 0.5025
1.6385 0.5265
-0.698 0.5265
3.28

IMD2d1+IMD2d2
4
-0.698 0.5265
1.6385 0.5265
1.6385 0.6535
-0.698 0.6535
2.65

IMD3a
4
-0.698 0.6535
1.6385 0.6535
1.6385 0.6745
-0.698 0.6745
5.2

IMD3b
4
-0.698 0.6745
1.6385 0.6745
1.6385 0.6895
-0.698 0.6895
4.2

IMD3c
4
-0.698 0.6895
1.6385 0.6895
1.6385 0.7135
-0.698 0.7135
3.28

IMD3d1+IMD3d2
4
-0.698 0.7135
1.6385 0.7135
1.6385 0.8405
-0.698 0.8405
2.65

IMD4a
4
-0.698 0.8405
1.6385 0.8405
1.6385 0.8615
-0.698 0.8615
5.2

IMD4b
4
-0.698 0.8615
1.6385 0.8615
1.6385 0.8765
-0.698 0.8765
4.2

IMD4c
4
-0.698 0.8765
1.6385 0.8765
1.6385 0.9005
-0.698 0.9005
3.28

IMD4d1+IMD4d2
4
-0.698 0.9005
1.6385 0.9005
1.6385 1.0275
-0.698 1.0275
2.65

IMD5a
4
-0.698 1.0275
1.6385 1.0275
1.6385 1.0485
-0.698 1.0485
5.2

IMD5b
4
-0.698 1.0485
1.6385 1.0485
1.6385 1.0635
-0.698 1.0635
4.2

IMD5c
4
-0.698 1.0635
1.6385 1.0635
1.6385 1.0875
-0.698 1.0875
3.28

IMD5d1+IMD5d2
4
-0.698 1.0875
1.6385 1.0875
1.6385 1.2145
-0.698 1.2145
2.65

IMD6a
4
-0.698 1.2145
1.6385 1.2145
1.6385 1.2355
-0.698 1.2355
5.2

IMD6b
4
-0.698 1.2355
1.6385 1.2355
1.6385 1.2505
-0.698 1.2505
4.2

IMD6c
4
-0.698 1.2505
1.6385 1.2505
1.6385 1.2745
-0.698 1.2745
3.28

IMD6d1+IMD6d2
4
-0.698 1.2745
1.6385 1.2745
1.6385 1.4015
-0.698 1.4015
2.65

IMD7a
4
-0.698 1.4015
1.6385 1.4015
1.6385 1.4765
-0.698 1.4765
5.2

IMD7b1+IMD7b2
4
-0.698 1.4765
1.6385 1.4765
1.6385 2.9765
-0.698 2.9765
4.2

IMD8a
4
-0.698 2.9765
1.6385 2.9765
1.6385 3.0515
-0.698 3.0515
5.2

IMD8b1+IMD8b2
4
-0.698 3.0515
1.6385 3.0515
1.6385 4.5515
-0.698 4.5515
4.2

PASS1
4
-0.698 4.5515
1.6385 4.5515
1.6385 4.6265
-0.698 4.6265
7.0

PASS2
4
-0.698 4.6265
1.6385 4.6265
1.6385 5.0265
-0.698 5.0265
4.2

PASS3
4
-0.698 5.0265
1.6385 5.0265
1.6385 5.1015
-0.698 5.1015
7.0

PASS4+PASS5
4
-0.698 5.1015
1.6385 5.1015
1.6385 6.0515
-0.698 6.0515
4.2

PASS6
4
-0.698 6.0515
1.6385 6.0515
1.6385 6.6515
-0.698 6.6515
7.0

air_Layer
4
-0.698 6.6515
1.6385 6.6515
1.6385 6.9485
-0.698 6.9485
1.0


4
-0.698 0.001
1.6385 0.001
1.6385 6.9485
-0.698 6.9485

