c1
4
-0.22200999999999996 0.9285000000000001
0.2220099999999999 0.9285000000000001
0.22798999999999991 1.0275
-0.22798999999999997 1.0275

5
botleft
4
-1.2109999999999999 -0.001
0 -0.001
0 0.001
-1.2109999999999999 0.001

botright
4
0 -0.001
1.931 -0.001
1.931 0.001
0 0.001

lEnv
4
-0.7080099999999999 0.9285000000000001
-0.26398999999999995 0.9285000000000001
-0.25800999999999996 1.0275
-0.7139899999999999 1.0275

c2
4
0.7679900000000001 0.9285000000000001
1.07701 0.9285000000000001
1.0829900000000001 1.0275
0.7620100000000001 1.0275

rEnv
4
1.1189900000000002 0.9285000000000001
1.42801 0.9285000000000001
1.43399 1.0275
1.11301 1.0275


57
IMD4d1_damage
4
-0.7174239999999998 0.9185000000000001
-0.25457599999999997 0.9185000000000001
-0.253972 0.9285000000000001
-0.7180279999999999 0.9285000000000001
3.1

IMD4d1_damage
4
-0.23142399999999996 0.9185000000000001
0.2314239999999999 0.9185000000000001
0.2320279999999999 0.9285000000000001
-0.23202799999999996 0.9285000000000001
3.1

IMD4d1_damage
4
0.7585760000000001 0.9185000000000001
1.086424 0.9185000000000001
1.087028 0.9285000000000001
0.7579720000000001 0.9285000000000001
3.1

IMD4d1_damage
4
1.1095760000000001 0.9185000000000001
1.437424 0.9185000000000001
1.438028 0.9285000000000001
1.108972 0.9285000000000001
3.1

IMD4d2_damage
4
-0.713019 0.9285000000000001
-0.7080099999999999 0.9285000000000001
-0.7139899999999999 1.0275
-0.7189989999999999 1.0275
2.9

IMD4d2_damage
4
-0.26398999999999995 0.9285000000000001
-0.25898099999999996 0.9285000000000001
-0.253001 1.0275
-0.25800999999999996 1.0275
2.9

IMD4d2_damage
4
-0.22701899999999997 0.9285000000000001
-0.22200999999999996 0.9285000000000001
-0.22798999999999997 1.0275
-0.23299899999999998 1.0275
2.9

IMD4d2_damage
4
0.2220099999999999 0.9285000000000001
0.22701899999999992 0.9285000000000001
0.23299899999999993 1.0275
0.22798999999999991 1.0275
2.9

IMD4d2_damage
4
0.762981 0.9285000000000001
0.7679900000000001 0.9285000000000001
0.7620100000000001 1.0275
0.757001 1.0275
2.9

IMD4d2_damage
4
1.07701 0.9285000000000001
1.082019 0.9285000000000001
1.0879990000000002 1.0275
1.0829900000000001 1.0275
2.9

IMD4d2_damage
4
1.113981 0.9285000000000001
1.1189900000000002 0.9285000000000001
1.11301 1.0275
1.108001 1.0275
2.9

IMD4d2_damage
4
1.42801 0.9285000000000001
1.433019 0.9285000000000001
1.4389990000000001 1.0275
1.43399 1.0275
2.9

IMD4d2
4
-1.2109999999999999 0.9285000000000001
-0.713019 0.9285000000000001
-0.7189989999999999 1.0275
-1.2109999999999999 1.0275
2.65

IMD4d2
4
-0.25898099999999996 0.9285000000000001
-0.22701899999999997 0.9285000000000001
-0.23299899999999998 1.0275
-0.253001 1.0275
2.65

IMD4d2
4
0.22701899999999992 0.9285000000000001
0.762981 0.9285000000000001
0.757001 1.0275
0.23299899999999993 1.0275
2.65

IMD4d2
4
1.082019 0.9285000000000001
1.113981 0.9285000000000001
1.108001 1.0275
1.0879990000000002 1.0275
2.65

IMD4d2
4
1.433019 0.9285000000000001
1.931 0.9285000000000001
1.931 1.0275
1.4389990000000001 1.0275
2.65

IMD4d1
4
-1.2109999999999999 0.9185000000000001
-0.7174239999999998 0.9185000000000001
-0.7180279999999999 0.9285000000000001
-1.2109999999999999 0.9285000000000001
2.65

IMD4d1
4
-0.25457599999999997 0.9185000000000001
-0.23142399999999996 0.9185000000000001
-0.23202799999999996 0.9285000000000001
-0.253972 0.9285000000000001
2.65

IMD4d1
4
0.2314239999999999 0.9185000000000001
0.7585760000000001 0.9185000000000001
0.7579720000000001 0.9285000000000001
0.2320279999999999 0.9285000000000001
2.65

IMD4d1
4
1.086424 0.9185000000000001
1.1095760000000001 0.9185000000000001
1.108972 0.9285000000000001
1.087028 0.9285000000000001
2.65

IMD4d1
4
1.437424 0.9185000000000001
1.931 0.9185000000000001
1.931 0.9285000000000001
1.438028 0.9285000000000001
2.65

IMD4d1
4
-1.2109999999999999 0.9005
1.931 0.9005
1.931 0.9185000000000001
-1.2109999999999999 0.9185000000000001
2.65

FOXA+FOXB+TOX
4
-1.2109999999999999 0.001
1.931 0.001
1.931 0.2665
-1.2109999999999999 0.2665
4.0

ILD1a
4
-1.2109999999999999 0.2665
1.931 0.2665
1.931 0.2765
-1.2109999999999999 0.2765
7.0

ILD1b1+ILD1b2+ILD1b3
4
-1.2109999999999999 0.2765
1.931 0.2765
1.931 0.3955
-1.2109999999999999 0.3955
4.0

IMD1a
4
-1.2109999999999999 0.3955
1.931 0.3955
1.931 0.4065
-1.2109999999999999 0.4065
5.2

IMD1b
4
-1.2109999999999999 0.4065
1.931 0.4065
1.931 0.4665
-1.2109999999999999 0.4665
2.8

IMD2a
4
-1.2109999999999999 0.4665
1.931 0.4665
1.931 0.4875
-1.2109999999999999 0.4875
5.2

IMD2b
4
-1.2109999999999999 0.4875
1.931 0.4875
1.931 0.5025
-1.2109999999999999 0.5025
4.2

IMD2c
4
-1.2109999999999999 0.5025
1.931 0.5025
1.931 0.5265
-1.2109999999999999 0.5265
3.28

IMD2d1+IMD2d2
4
-1.2109999999999999 0.5265
1.931 0.5265
1.931 0.6535
-1.2109999999999999 0.6535
2.65

IMD3a
4
-1.2109999999999999 0.6535
1.931 0.6535
1.931 0.6745
-1.2109999999999999 0.6745
5.2

IMD3b
4
-1.2109999999999999 0.6745
1.931 0.6745
1.931 0.6895
-1.2109999999999999 0.6895
4.2

IMD3c
4
-1.2109999999999999 0.6895
1.931 0.6895
1.931 0.7135
-1.2109999999999999 0.7135
3.28

IMD3d1+IMD3d2
4
-1.2109999999999999 0.7135
1.931 0.7135
1.931 0.8405
-1.2109999999999999 0.8405
2.65

IMD4a
4
-1.2109999999999999 0.8405
1.931 0.8405
1.931 0.8615
-1.2109999999999999 0.8615
5.2

IMD4b
4
-1.2109999999999999 0.8615
1.931 0.8615
1.931 0.8765
-1.2109999999999999 0.8765
4.2

IMD4c
4
-1.2109999999999999 0.8765
1.931 0.8765
1.931 0.9005
-1.2109999999999999 0.9005
3.28

IMD5a
4
-1.2109999999999999 1.0275
1.931 1.0275
1.931 1.0485
-1.2109999999999999 1.0485
5.2

IMD5b
4
-1.2109999999999999 1.0485
1.931 1.0485
1.931 1.0635
-1.2109999999999999 1.0635
4.2

IMD5c
4
-1.2109999999999999 1.0635
1.931 1.0635
1.931 1.0875
-1.2109999999999999 1.0875
3.28

IMD5d1+IMD5d2
4
-1.2109999999999999 1.0875
1.931 1.0875
1.931 1.2145
-1.2109999999999999 1.2145
2.65

IMD6a
4
-1.2109999999999999 1.2145
1.931 1.2145
1.931 1.2355
-1.2109999999999999 1.2355
5.2

IMD6b
4
-1.2109999999999999 1.2355
1.931 1.2355
1.931 1.2505
-1.2109999999999999 1.2505
4.2

IMD6c
4
-1.2109999999999999 1.2505
1.931 1.2505
1.931 1.2745
-1.2109999999999999 1.2745
3.28

IMD6d1+IMD6d2
4
-1.2109999999999999 1.2745
1.931 1.2745
1.931 1.4015
-1.2109999999999999 1.4015
2.65

IMD7a
4
-1.2109999999999999 1.4015
1.931 1.4015
1.931 1.4765
-1.2109999999999999 1.4765
5.2

IMD7b1+IMD7b2
4
-1.2109999999999999 1.4765
1.931 1.4765
1.931 2.9765
-1.2109999999999999 2.9765
4.2

IMD8a
4
-1.2109999999999999 2.9765
1.931 2.9765
1.931 3.0515
-1.2109999999999999 3.0515
5.2

IMD8b1+IMD8b2
4
-1.2109999999999999 3.0515
1.931 3.0515
1.931 4.5515
-1.2109999999999999 4.5515
4.2

PASS1
4
-1.2109999999999999 4.5515
1.931 4.5515
1.931 4.6265
-1.2109999999999999 4.6265
7.0

PASS2
4
-1.2109999999999999 4.6265
1.931 4.6265
1.931 5.0265
-1.2109999999999999 5.0265
4.2

PASS3
4
-1.2109999999999999 5.0265
1.931 5.0265
1.931 5.1015
-1.2109999999999999 5.1015
7.0

PASS4+PASS5
4
-1.2109999999999999 5.1015
1.931 5.1015
1.931 6.0515
-1.2109999999999999 6.0515
4.2

PASS6
4
-1.2109999999999999 6.0515
1.931 6.0515
1.931 6.6515
-1.2109999999999999 6.6515
7.0

air_Layer
4
-1.2109999999999999 6.6515
1.931 6.6515
1.931 6.9485
-1.2109999999999999 6.9485
1.0


4
-1.2109999999999999 0.001
1.931 0.001
1.931 6.9485
-1.2109999999999999 6.9485

