c1
4
-0.015010000000000065 0.5545
0.015009999999999954 0.5545
0.020989999999999953 0.6535
-0.020990000000000064 0.6535

5
botleft
4
-1.004 -0.001
0 -0.001
0 0.001
-1.004 0.001

botright
4
0 -0.001
1.9805000000000001 -0.001
1.9805000000000001 0.001
0 0.001

lEnv
4
-0.5010100000000001 0.5545
-0.47099 0.5545
-0.46501000000000003 0.6535
-0.50699 0.6535

c2
4
0.40349 0.5545
0.7125100000000001 0.5545
0.7184900000000001 0.6535
0.39751000000000003 0.6535

rEnv
4
1.1684900000000003 0.5545
1.47751 0.5545
1.4834900000000002 0.6535
1.1625100000000002 0.6535


57
IMD2d1_damage
4
-0.510424 0.5445
-0.46157600000000004 0.5445
-0.46097200000000005 0.5545
-0.511028 0.5545
3.1

IMD2d1_damage
4
-0.024424000000000064 0.5445
0.024423999999999953 0.5445
0.025027999999999953 0.5545
-0.025028000000000064 0.5545
3.1

IMD2d1_damage
4
0.39407600000000004 0.5445
0.721924 0.5445
0.7225280000000001 0.5545
0.39347200000000004 0.5545
3.1

IMD2d1_damage
4
1.1590760000000002 0.5445
1.4869240000000001 0.5445
1.4875280000000002 0.5545
1.1584720000000002 0.5545
3.1

IMD2d2_damage
4
-0.5060190000000001 0.5545
-0.5010100000000001 0.5545
-0.50699 0.6535
-0.5119990000000001 0.6535
2.9

IMD2d2_damage
4
-0.47099 0.5545
-0.46598100000000003 0.5545
-0.46000100000000005 0.6535
-0.46501000000000003 0.6535
2.9

IMD2d2_damage
4
-0.020019000000000065 0.5545
-0.015010000000000065 0.5545
-0.020990000000000064 0.6535
-0.025999000000000064 0.6535
2.9

IMD2d2_damage
4
0.015009999999999954 0.5545
0.020018999999999953 0.5545
0.025998999999999953 0.6535
0.020989999999999953 0.6535
2.9

IMD2d2_damage
4
0.39848100000000003 0.5545
0.40349 0.5545
0.39751000000000003 0.6535
0.39250100000000004 0.6535
2.9

IMD2d2_damage
4
0.7125100000000001 0.5545
0.7175190000000001 0.5545
0.7234990000000001 0.6535
0.7184900000000001 0.6535
2.9

IMD2d2_damage
4
1.1634810000000002 0.5545
1.1684900000000003 0.5545
1.1625100000000002 0.6535
1.1575010000000001 0.6535
2.9

IMD2d2_damage
4
1.47751 0.5545
1.4825190000000001 0.5545
1.4884990000000002 0.6535
1.4834900000000002 0.6535
2.9

IMD2d2
4
-1.004 0.5545
-0.5060190000000001 0.5545
-0.5119990000000001 0.6535
-1.004 0.6535
2.65

IMD2d2
4
-0.46598100000000003 0.5545
-0.020019000000000065 0.5545
-0.025999000000000064 0.6535
-0.46000100000000005 0.6535
2.65

IMD2d2
4
0.020018999999999953 0.5545
0.39848100000000003 0.5545
0.39250100000000004 0.6535
0.025998999999999953 0.6535
2.65

IMD2d2
4
0.7175190000000001 0.5545
1.1634810000000002 0.5545
1.1575010000000001 0.6535
0.7234990000000001 0.6535
2.65

IMD2d2
4
1.4825190000000001 0.5545
1.9805000000000001 0.5545
1.9805000000000001 0.6535
1.4884990000000002 0.6535
2.65

IMD2d1
4
-1.004 0.5445
-0.510424 0.5445
-0.511028 0.5545
-1.004 0.5545
2.65

IMD2d1
4
-0.46157600000000004 0.5445
-0.024424000000000064 0.5445
-0.025028000000000064 0.5545
-0.46097200000000005 0.5545
2.65

IMD2d1
4
0.024423999999999953 0.5445
0.39407600000000004 0.5445
0.39347200000000004 0.5545
0.025027999999999953 0.5545
2.65

IMD2d1
4
0.721924 0.5445
1.1590760000000002 0.5445
1.1584720000000002 0.5545
0.7225280000000001 0.5545
2.65

IMD2d1
4
1.4869240000000001 0.5445
1.9805000000000001 0.5445
1.9805000000000001 0.5545
1.4875280000000002 0.5545
2.65

IMD2d1
4
-1.004 0.5265
1.9805000000000001 0.5265
1.9805000000000001 0.5445
-1.004 0.5445
2.65

FOXA+FOXB+TOX
4
-1.004 0.001
1.9805000000000001 0.001
1.9805000000000001 0.2665
-1.004 0.2665
4.0

ILD1a
4
-1.004 0.2665
1.9805000000000001 0.2665
1.9805000000000001 0.2765
-1.004 0.2765
7.0

ILD1b1+ILD1b2+ILD1b3
4
-1.004 0.2765
1.9805000000000001 0.2765
1.9805000000000001 0.3955
-1.004 0.3955
4.0

IMD1a
4
-1.004 0.3955
1.9805000000000001 0.3955
1.9805000000000001 0.4065
-1.004 0.4065
5.2

IMD1b
4
-1.004 0.4065
1.9805000000000001 0.4065
1.9805000000000001 0.4665
-1.004 0.4665
2.8

IMD2a
4
-1.004 0.4665
1.9805000000000001 0.4665
1.9805000000000001 0.4875
-1.004 0.4875
5.2

IMD2b
4
-1.004 0.4875
1.9805000000000001 0.4875
1.9805000000000001 0.5025
-1.004 0.5025
4.2

IMD2c
4
-1.004 0.5025
1.9805000000000001 0.5025
1.9805000000000001 0.5265
-1.004 0.5265
3.28

IMD3a
4
-1.004 0.6535
1.9805000000000001 0.6535
1.9805000000000001 0.6745
-1.004 0.6745
5.2

IMD3b
4
-1.004 0.6745
1.9805000000000001 0.6745
1.9805000000000001 0.6895
-1.004 0.6895
4.2

IMD3c
4
-1.004 0.6895
1.9805000000000001 0.6895
1.9805000000000001 0.7135
-1.004 0.7135
3.28

IMD3d1+IMD3d2
4
-1.004 0.7135
1.9805000000000001 0.7135
1.9805000000000001 0.8405
-1.004 0.8405
2.65

IMD4a
4
-1.004 0.8405
1.9805000000000001 0.8405
1.9805000000000001 0.8615
-1.004 0.8615
5.2

IMD4b
4
-1.004 0.8615
1.9805000000000001 0.8615
1.9805000000000001 0.8765
-1.004 0.8765
4.2

IMD4c
4
-1.004 0.8765
1.9805000000000001 0.8765
1.9805000000000001 0.9005
-1.004 0.9005
3.28

IMD4d1+IMD4d2
4
-1.004 0.9005
1.9805000000000001 0.9005
1.9805000000000001 1.0275
-1.004 1.0275
2.65

IMD5a
4
-1.004 1.0275
1.9805000000000001 1.0275
1.9805000000000001 1.0485
-1.004 1.0485
5.2

IMD5b
4
-1.004 1.0485
1.9805000000000001 1.0485
1.9805000000000001 1.0635
-1.004 1.0635
4.2

IMD5c
4
-1.004 1.0635
1.9805000000000001 1.0635
1.9805000000000001 1.0875
-1.004 1.0875
3.28

IMD5d1+IMD5d2
4
-1.004 1.0875
1.9805000000000001 1.0875
1.9805000000000001 1.2145
-1.004 1.2145
2.65

IMD6a
4
-1.004 1.2145
1.9805000000000001 1.2145
1.9805000000000001 1.2355
-1.004 1.2355
5.2

IMD6b
4
-1.004 1.2355
1.9805000000000001 1.2355
1.9805000000000001 1.2505
-1.004 1.2505
4.2

IMD6c
4
-1.004 1.2505
1.9805000000000001 1.2505
1.9805000000000001 1.2745
-1.004 1.2745
3.28

IMD6d1+IMD6d2
4
-1.004 1.2745
1.9805000000000001 1.2745
1.9805000000000001 1.4015
-1.004 1.4015
2.65

IMD7a
4
-1.004 1.4015
1.9805000000000001 1.4015
1.9805000000000001 1.4765
-1.004 1.4765
5.2

IMD7b1+IMD7b2
4
-1.004 1.4765
1.9805000000000001 1.4765
1.9805000000000001 2.9765
-1.004 2.9765
4.2

IMD8a
4
-1.004 2.9765
1.9805000000000001 2.9765
1.9805000000000001 3.0515
-1.004 3.0515
5.2

IMD8b1+IMD8b2
4
-1.004 3.0515
1.9805000000000001 3.0515
1.9805000000000001 4.5515
-1.004 4.5515
4.2

PASS1
4
-1.004 4.5515
1.9805000000000001 4.5515
1.9805000000000001 4.6265
-1.004 4.6265
7.0

PASS2
4
-1.004 4.6265
1.9805000000000001 4.6265
1.9805000000000001 5.0265
-1.004 5.0265
4.2

PASS3
4
-1.004 5.0265
1.9805000000000001 5.0265
1.9805000000000001 5.1015
-1.004 5.1015
7.0

PASS4+PASS5
4
-1.004 5.1015
1.9805000000000001 5.1015
1.9805000000000001 6.0515
-1.004 6.0515
4.2

PASS6
4
-1.004 6.0515
1.9805000000000001 6.0515
1.9805000000000001 6.6515
-1.004 6.6515
7.0

air_Layer
4
-1.004 6.6515
1.9805000000000001 6.6515
1.9805000000000001 6.9485
-1.004 6.9485
1.0


4
-1.004 0.001
1.9805000000000001 0.001
1.9805000000000001 6.9485
-1.004 6.9485

