c1
4
-0.03300999999999997 0.9285000000000001
0.03300999999999997 0.9285000000000001
0.03898999999999997 1.0275
-0.03898999999999997 1.0275

5
botleft
4
-1.058 -0.001
0 -0.001
0 0.001
-1.058 0.001

botright
4
0 -0.001
2.606 -0.001
2.606 0.001
0 0.001

lEnv
4
-0.55501 0.9285000000000001
-0.48899 0.9285000000000001
-0.48301 1.0275
-0.56099 1.0275

c2
4
0.75899 0.9285000000000001
1.20301 0.9285000000000001
1.20899 1.0275
0.7530100000000001 1.0275

rEnv
4
1.6589900000000002 0.9285000000000001
2.10301 0.9285000000000001
2.10899 1.0275
1.65301 1.0275


57
IMD4d1_damage
4
-0.5644239999999999 0.9185000000000001
-0.479576 0.9185000000000001
-0.478972 0.9285000000000001
-0.565028 0.9285000000000001
3.1

IMD4d1_damage
4
-0.04242399999999997 0.9185000000000001
0.04242399999999997 0.9185000000000001
0.04302799999999997 0.9285000000000001
-0.04302799999999997 0.9285000000000001
3.1

IMD4d1_damage
4
0.7495760000000001 0.9185000000000001
1.212424 0.9185000000000001
1.213028 0.9285000000000001
0.7489720000000001 0.9285000000000001
3.1

IMD4d1_damage
4
1.6495760000000002 0.9185000000000001
2.112424 0.9185000000000001
2.113028 0.9285000000000001
1.648972 0.9285000000000001
3.1

IMD4d2_damage
4
-0.560019 0.9285000000000001
-0.55501 0.9285000000000001
-0.56099 1.0275
-0.565999 1.0275
2.9

IMD4d2_damage
4
-0.48899 0.9285000000000001
-0.483981 0.9285000000000001
-0.478001 1.0275
-0.48301 1.0275
2.9

IMD4d2_damage
4
-0.03801899999999997 0.9285000000000001
-0.03300999999999997 0.9285000000000001
-0.03898999999999997 1.0275
-0.04399899999999997 1.0275
2.9

IMD4d2_damage
4
0.03300999999999997 0.9285000000000001
0.03801899999999997 0.9285000000000001
0.04399899999999997 1.0275
0.03898999999999997 1.0275
2.9

IMD4d2_damage
4
0.753981 0.9285000000000001
0.75899 0.9285000000000001
0.7530100000000001 1.0275
0.748001 1.0275
2.9

IMD4d2_damage
4
1.20301 0.9285000000000001
1.208019 0.9285000000000001
1.213999 1.0275
1.20899 1.0275
2.9

IMD4d2_damage
4
1.6539810000000001 0.9285000000000001
1.6589900000000002 0.9285000000000001
1.65301 1.0275
1.648001 1.0275
2.9

IMD4d2_damage
4
2.10301 0.9285000000000001
2.1080189999999996 0.9285000000000001
2.1139989999999997 1.0275
2.10899 1.0275
2.9

IMD4d2
4
-1.058 0.9285000000000001
-0.560019 0.9285000000000001
-0.565999 1.0275
-1.058 1.0275
2.65

IMD4d2
4
-0.483981 0.9285000000000001
-0.03801899999999997 0.9285000000000001
-0.04399899999999997 1.0275
-0.478001 1.0275
2.65

IMD4d2
4
0.03801899999999997 0.9285000000000001
0.753981 0.9285000000000001
0.748001 1.0275
0.04399899999999997 1.0275
2.65

IMD4d2
4
1.208019 0.9285000000000001
1.6539810000000001 0.9285000000000001
1.648001 1.0275
1.213999 1.0275
2.65

IMD4d2
4
2.1080189999999996 0.9285000000000001
2.606 0.9285000000000001
2.606 1.0275
2.1139989999999997 1.0275
2.65

IMD4d1
4
-1.058 0.9185000000000001
-0.5644239999999999 0.9185000000000001
-0.565028 0.9285000000000001
-1.058 0.9285000000000001
2.65

IMD4d1
4
-0.479576 0.9185000000000001
-0.04242399999999997 0.9185000000000001
-0.04302799999999997 0.9285000000000001
-0.478972 0.9285000000000001
2.65

IMD4d1
4
0.04242399999999997 0.9185000000000001
0.7495760000000001 0.9185000000000001
0.7489720000000001 0.9285000000000001
0.04302799999999997 0.9285000000000001
2.65

IMD4d1
4
1.212424 0.9185000000000001
1.6495760000000002 0.9185000000000001
1.648972 0.9285000000000001
1.213028 0.9285000000000001
2.65

IMD4d1
4
2.112424 0.9185000000000001
2.606 0.9185000000000001
2.606 0.9285000000000001
2.113028 0.9285000000000001
2.65

IMD4d1
4
-1.058 0.9005
2.606 0.9005
2.606 0.9185000000000001
-1.058 0.9185000000000001
2.65

FOXA+FOXB+TOX
4
-1.058 0.001
2.606 0.001
2.606 0.2665
-1.058 0.2665
4.0

ILD1a
4
-1.058 0.2665
2.606 0.2665
2.606 0.2765
-1.058 0.2765
7.0

ILD1b1+ILD1b2+ILD1b3
4
-1.058 0.2765
2.606 0.2765
2.606 0.3955
-1.058 0.3955
4.0

IMD1a
4
-1.058 0.3955
2.606 0.3955
2.606 0.4065
-1.058 0.4065
5.2

IMD1b
4
-1.058 0.4065
2.606 0.4065
2.606 0.4665
-1.058 0.4665
2.8

IMD2a
4
-1.058 0.4665
2.606 0.4665
2.606 0.4875
-1.058 0.4875
5.2

IMD2b
4
-1.058 0.4875
2.606 0.4875
2.606 0.5025
-1.058 0.5025
4.2

IMD2c
4
-1.058 0.5025
2.606 0.5025
2.606 0.5265
-1.058 0.5265
3.28

IMD2d1+IMD2d2
4
-1.058 0.5265
2.606 0.5265
2.606 0.6535
-1.058 0.6535
2.65

IMD3a
4
-1.058 0.6535
2.606 0.6535
2.606 0.6745
-1.058 0.6745
5.2

IMD3b
4
-1.058 0.6745
2.606 0.6745
2.606 0.6895
-1.058 0.6895
4.2

IMD3c
4
-1.058 0.6895
2.606 0.6895
2.606 0.7135
-1.058 0.7135
3.28

IMD3d1+IMD3d2
4
-1.058 0.7135
2.606 0.7135
2.606 0.8405
-1.058 0.8405
2.65

IMD4a
4
-1.058 0.8405
2.606 0.8405
2.606 0.8615
-1.058 0.8615
5.2

IMD4b
4
-1.058 0.8615
2.606 0.8615
2.606 0.8765
-1.058 0.8765
4.2

IMD4c
4
-1.058 0.8765
2.606 0.8765
2.606 0.9005
-1.058 0.9005
3.28

IMD5a
4
-1.058 1.0275
2.606 1.0275
2.606 1.0485
-1.058 1.0485
5.2

IMD5b
4
-1.058 1.0485
2.606 1.0485
2.606 1.0635
-1.058 1.0635
4.2

IMD5c
4
-1.058 1.0635
2.606 1.0635
2.606 1.0875
-1.058 1.0875
3.28

IMD5d1+IMD5d2
4
-1.058 1.0875
2.606 1.0875
2.606 1.2145
-1.058 1.2145
2.65

IMD6a
4
-1.058 1.2145
2.606 1.2145
2.606 1.2355
-1.058 1.2355
5.2

IMD6b
4
-1.058 1.2355
2.606 1.2355
2.606 1.2505
-1.058 1.2505
4.2

IMD6c
4
-1.058 1.2505
2.606 1.2505
2.606 1.2745
-1.058 1.2745
3.28

IMD6d1+IMD6d2
4
-1.058 1.2745
2.606 1.2745
2.606 1.4015
-1.058 1.4015
2.65

IMD7a
4
-1.058 1.4015
2.606 1.4015
2.606 1.4765
-1.058 1.4765
5.2

IMD7b1+IMD7b2
4
-1.058 1.4765
2.606 1.4765
2.606 2.9765
-1.058 2.9765
4.2

IMD8a
4
-1.058 2.9765
2.606 2.9765
2.606 3.0515
-1.058 3.0515
5.2

IMD8b1+IMD8b2
4
-1.058 3.0515
2.606 3.0515
2.606 4.5515
-1.058 4.5515
4.2

PASS1
4
-1.058 4.5515
2.606 4.5515
2.606 4.6265
-1.058 4.6265
7.0

PASS2
4
-1.058 4.6265
2.606 4.6265
2.606 5.0265
-1.058 5.0265
4.2

PASS3
4
-1.058 5.0265
2.606 5.0265
2.606 5.1015
-1.058 5.1015
7.0

PASS4+PASS5
4
-1.058 5.1015
2.606 5.1015
2.606 6.0515
-1.058 6.0515
4.2

PASS6
4
-1.058 6.0515
2.606 6.0515
2.606 6.6515
-1.058 6.6515
7.0

air_Layer
4
-1.058 6.6515
2.606 6.6515
2.606 6.9485
-1.058 6.9485
1.0


4
-1.058 0.001
2.606 0.001
2.606 6.9485
-1.058 6.9485

