c1
4
-0.33291999999999994 0.37050000000000005
0.33291999999999994 0.37050000000000005
0.34207999999999994 0.4665
-0.34207999999999994 0.4665

3
botleft
4
-6.02166 -0.001
0 -0.001
0 0.001
-6.02166 0.001

botright
4
0 -0.001
6.21066 -0.001
6.21066 0.001
0 0.001

c2
4
1.0620800000000001 0.37050000000000005
1.12492 0.37050000000000005
1.13408 0.4665
1.05292 0.4665


42
IMD1b
4
-6.02166 0.40650000000000003
-0.33635499999999996 0.40650000000000003
-0.34207999999999994 0.4665
-6.02166 0.4665
2.8

IMD1b
4
0.33635499999999996 0.40650000000000003
1.058645 0.40650000000000003
1.05292 0.4665
0.34207999999999994 0.4665
2.8

IMD1b
4
1.128355 0.40650000000000003
6.21066 0.40650000000000003
6.21066 0.4665
1.13408 0.4665
2.8

IMD1a
4
-6.02166 0.3955
-0.33530541666666663 0.3955
-0.33635499999999996 0.40650000000000003
-6.02166 0.40650000000000003
5.2

IMD1a
4
0.33530541666666663 0.3955
1.0596945833333333 0.3955
1.058645 0.40650000000000003
0.33635499999999996 0.40650000000000003
5.2

IMD1a
4
1.1273054166666667 0.3955
6.21066 0.3955
6.21066 0.40650000000000003
1.128355 0.40650000000000003
5.2

ILD1b3
4
-6.02166 0.37050000000000005
-0.33291999999999994 0.37050000000000005
-0.33530541666666663 0.3955
-6.02166 0.3955
4

ILD1b3
4
0.33291999999999994 0.37050000000000005
1.0620800000000001 0.37050000000000005
1.0596945833333333 0.3955
0.33530541666666663 0.3955
4

ILD1b3
4
1.12492 0.37050000000000005
6.21066 0.37050000000000005
6.21066 0.3955
1.1273054166666667 0.3955
4

ILD1b1+ILD1b2
4
-6.02166 0.2765
6.21066 0.2765
6.21066 0.37050000000000005
-6.02166 0.37050000000000005
4

FOXA+FOXB+TOX
4
-6.02166 0.001
6.21066 0.001
6.21066 0.2665
-6.02166 0.2665
4.0

ILD1a
4
-6.02166 0.2665
6.21066 0.2665
6.21066 0.2765
-6.02166 0.2765
7.0

IMD2a
4
-6.02166 0.4665
6.21066 0.4665
6.21066 0.4875
-6.02166 0.4875
5.2

IMD2b
4
-6.02166 0.4875
6.21066 0.4875
6.21066 0.5025
-6.02166 0.5025
4.2

IMD2c
4
-6.02166 0.5025
6.21066 0.5025
6.21066 0.5265
-6.02166 0.5265
3.28

IMD2d1+IMD2d2
4
-6.02166 0.5265
6.21066 0.5265
6.21066 0.6535
-6.02166 0.6535
2.65

IMD3a
4
-6.02166 0.6535
6.21066 0.6535
6.21066 0.6745
-6.02166 0.6745
5.2

IMD3b
4
-6.02166 0.6745
6.21066 0.6745
6.21066 0.6895
-6.02166 0.6895
4.2

IMD3c
4
-6.02166 0.6895
6.21066 0.6895
6.21066 0.7135
-6.02166 0.7135
3.28

IMD3d1+IMD3d2
4
-6.02166 0.7135
6.21066 0.7135
6.21066 0.8405
-6.02166 0.8405
2.65

IMD4a
4
-6.02166 0.8405
6.21066 0.8405
6.21066 0.8615
-6.02166 0.8615
5.2

IMD4b
4
-6.02166 0.8615
6.21066 0.8615
6.21066 0.8765
-6.02166 0.8765
4.2

IMD4c
4
-6.02166 0.8765
6.21066 0.8765
6.21066 0.9005
-6.02166 0.9005
3.28

IMD4d1+IMD4d2
4
-6.02166 0.9005
6.21066 0.9005
6.21066 1.0275
-6.02166 1.0275
2.65

IMD5a
4
-6.02166 1.0275
6.21066 1.0275
6.21066 1.0485
-6.02166 1.0485
5.2

IMD5b
4
-6.02166 1.0485
6.21066 1.0485
6.21066 1.0635
-6.02166 1.0635
4.2

IMD5c
4
-6.02166 1.0635
6.21066 1.0635
6.21066 1.0875
-6.02166 1.0875
3.28

IMD5d1+IMD5d2
4
-6.02166 1.0875
6.21066 1.0875
6.21066 1.2145
-6.02166 1.2145
2.65

IMD6a
4
-6.02166 1.2145
6.21066 1.2145
6.21066 1.2355
-6.02166 1.2355
5.2

IMD6b
4
-6.02166 1.2355
6.21066 1.2355
6.21066 1.2505
-6.02166 1.2505
4.2

IMD6c
4
-6.02166 1.2505
6.21066 1.2505
6.21066 1.2745
-6.02166 1.2745
3.28

IMD6d1+IMD6d2
4
-6.02166 1.2745
6.21066 1.2745
6.21066 1.4015
-6.02166 1.4015
2.65

IMD7a
4
-6.02166 1.4015
6.21066 1.4015
6.21066 1.4765
-6.02166 1.4765
5.2

IMD7b1+IMD7b2
4
-6.02166 1.4765
6.21066 1.4765
6.21066 2.9765
-6.02166 2.9765
4.2

IMD8a
4
-6.02166 2.9765
6.21066 2.9765
6.21066 3.0515
-6.02166 3.0515
5.2

IMD8b1+IMD8b2
4
-6.02166 3.0515
6.21066 3.0515
6.21066 4.5515
-6.02166 4.5515
4.2

PASS1
4
-6.02166 4.5515
6.21066 4.5515
6.21066 4.6265
-6.02166 4.6265
7.0

PASS2
4
-6.02166 4.6265
6.21066 4.6265
6.21066 5.0265
-6.02166 5.0265
4.2

PASS3
4
-6.02166 5.0265
6.21066 5.0265
6.21066 5.1015
-6.02166 5.1015
7.0

PASS4+PASS5
4
-6.02166 5.1015
6.21066 5.1015
6.21066 6.0515
-6.02166 6.0515
4.2

PASS6
4
-6.02166 6.0515
6.21066 6.0515
6.21066 6.6515
-6.02166 6.6515
7.0

air_Layer
4
-6.02166 6.6515
6.21066 6.6515
6.21066 6.9485
-6.02166 6.9485
1.0


4
-6.02166 0.001
6.21066 0.001
6.21066 6.9485
-6.02166 6.9485

