c1
4
-0.08541999999999997 0.37050000000000005
0.08542 0.37050000000000005
0.09458 0.4665
-0.09457999999999997 0.4665

5
botleft
4
-0.806 -0.001
0 -0.001
0 0.001
-0.806 0.001

botright
4
0 -0.001
1.7060000000000004 -0.001
1.7060000000000004 0.001
0 0.001

lEnv
4
-0.30141999999999997 0.37050000000000005
-0.13057999999999997 0.37050000000000005
-0.12141999999999997 0.4665
-0.31057999999999997 0.4665

c2
4
0.8145800000000001 0.37050000000000005
0.9854200000000002 0.37050000000000005
0.9945800000000001 0.4665
0.8054200000000001 0.4665

rEnv
4
1.03058 0.37050000000000005
1.2014200000000002 0.37050000000000005
1.2105800000000002 0.4665
1.02142 0.4665


48
IMD1b
4
-0.806 0.40650000000000003
-0.304855 0.40650000000000003
-0.31057999999999997 0.4665
-0.806 0.4665
2.8

IMD1b
4
-0.12714499999999998 0.40650000000000003
-0.08885499999999998 0.40650000000000003
-0.09457999999999997 0.4665
-0.12141999999999997 0.4665
2.8

IMD1b
4
0.088855 0.40650000000000003
0.8111450000000001 0.40650000000000003
0.8054200000000001 0.4665
0.09458 0.4665
2.8

IMD1b
4
0.9888550000000002 0.40650000000000003
1.027145 0.40650000000000003
1.02142 0.4665
0.9945800000000001 0.4665
2.8

IMD1b
4
1.2048550000000002 0.40650000000000003
1.7060000000000004 0.40650000000000003
1.7060000000000004 0.4665
1.2105800000000002 0.4665
2.8

IMD1a
4
-0.806 0.3955
-0.30380541666666666 0.3955
-0.304855 0.40650000000000003
-0.806 0.40650000000000003
5.2

IMD1a
4
-0.1281945833333333 0.3955
-0.08780541666666664 0.3955
-0.08885499999999998 0.40650000000000003
-0.12714499999999998 0.40650000000000003
5.2

IMD1a
4
0.08780541666666666 0.3955
0.8121945833333335 0.3955
0.8111450000000001 0.40650000000000003
0.088855 0.40650000000000003
5.2

IMD1a
4
0.9878054166666668 0.3955
1.0281945833333332 0.3955
1.027145 0.40650000000000003
0.9888550000000002 0.40650000000000003
5.2

IMD1a
4
1.203805416666667 0.3955
1.7060000000000004 0.3955
1.7060000000000004 0.40650000000000003
1.2048550000000002 0.40650000000000003
5.2

ILD1b3
4
-0.806 0.37050000000000005
-0.30141999999999997 0.37050000000000005
-0.30380541666666666 0.3955
-0.806 0.3955
4

ILD1b3
4
-0.13057999999999997 0.37050000000000005
-0.08541999999999997 0.37050000000000005
-0.08780541666666664 0.3955
-0.1281945833333333 0.3955
4

ILD1b3
4
0.08542 0.37050000000000005
0.8145800000000001 0.37050000000000005
0.8121945833333335 0.3955
0.08780541666666666 0.3955
4

ILD1b3
4
0.9854200000000002 0.37050000000000005
1.03058 0.37050000000000005
1.0281945833333332 0.3955
0.9878054166666668 0.3955
4

ILD1b3
4
1.2014200000000002 0.37050000000000005
1.7060000000000004 0.37050000000000005
1.7060000000000004 0.3955
1.203805416666667 0.3955
4

ILD1b1+ILD1b2
4
-0.806 0.2765
1.7060000000000004 0.2765
1.7060000000000004 0.37050000000000005
-0.806 0.37050000000000005
4

FOXA+FOXB+TOX
4
-0.806 0.001
1.7060000000000004 0.001
1.7060000000000004 0.2665
-0.806 0.2665
4.0

ILD1a
4
-0.806 0.2665
1.7060000000000004 0.2665
1.7060000000000004 0.2765
-0.806 0.2765
7.0

IMD2a
4
-0.806 0.4665
1.7060000000000004 0.4665
1.7060000000000004 0.4875
-0.806 0.4875
5.2

IMD2b
4
-0.806 0.4875
1.7060000000000004 0.4875
1.7060000000000004 0.5025
-0.806 0.5025
4.2

IMD2c
4
-0.806 0.5025
1.7060000000000004 0.5025
1.7060000000000004 0.5265
-0.806 0.5265
3.28

IMD2d1+IMD2d2
4
-0.806 0.5265
1.7060000000000004 0.5265
1.7060000000000004 0.6535
-0.806 0.6535
2.65

IMD3a
4
-0.806 0.6535
1.7060000000000004 0.6535
1.7060000000000004 0.6745
-0.806 0.6745
5.2

IMD3b
4
-0.806 0.6745
1.7060000000000004 0.6745
1.7060000000000004 0.6895
-0.806 0.6895
4.2

IMD3c
4
-0.806 0.6895
1.7060000000000004 0.6895
1.7060000000000004 0.7135
-0.806 0.7135
3.28

IMD3d1+IMD3d2
4
-0.806 0.7135
1.7060000000000004 0.7135
1.7060000000000004 0.8405
-0.806 0.8405
2.65

IMD4a
4
-0.806 0.8405
1.7060000000000004 0.8405
1.7060000000000004 0.8615
-0.806 0.8615
5.2

IMD4b
4
-0.806 0.8615
1.7060000000000004 0.8615
1.7060000000000004 0.8765
-0.806 0.8765
4.2

IMD4c
4
-0.806 0.8765
1.7060000000000004 0.8765
1.7060000000000004 0.9005
-0.806 0.9005
3.28

IMD4d1+IMD4d2
4
-0.806 0.9005
1.7060000000000004 0.9005
1.7060000000000004 1.0275
-0.806 1.0275
2.65

IMD5a
4
-0.806 1.0275
1.7060000000000004 1.0275
1.7060000000000004 1.0485
-0.806 1.0485
5.2

IMD5b
4
-0.806 1.0485
1.7060000000000004 1.0485
1.7060000000000004 1.0635
-0.806 1.0635
4.2

IMD5c
4
-0.806 1.0635
1.7060000000000004 1.0635
1.7060000000000004 1.0875
-0.806 1.0875
3.28

IMD5d1+IMD5d2
4
-0.806 1.0875
1.7060000000000004 1.0875
1.7060000000000004 1.2145
-0.806 1.2145
2.65

IMD6a
4
-0.806 1.2145
1.7060000000000004 1.2145
1.7060000000000004 1.2355
-0.806 1.2355
5.2

IMD6b
4
-0.806 1.2355
1.7060000000000004 1.2355
1.7060000000000004 1.2505
-0.806 1.2505
4.2

IMD6c
4
-0.806 1.2505
1.7060000000000004 1.2505
1.7060000000000004 1.2745
-0.806 1.2745
3.28

IMD6d1+IMD6d2
4
-0.806 1.2745
1.7060000000000004 1.2745
1.7060000000000004 1.4015
-0.806 1.4015
2.65

IMD7a
4
-0.806 1.4015
1.7060000000000004 1.4015
1.7060000000000004 1.4765
-0.806 1.4765
5.2

IMD7b1+IMD7b2
4
-0.806 1.4765
1.7060000000000004 1.4765
1.7060000000000004 2.9765
-0.806 2.9765
4.2

IMD8a
4
-0.806 2.9765
1.7060000000000004 2.9765
1.7060000000000004 3.0515
-0.806 3.0515
5.2

IMD8b1+IMD8b2
4
-0.806 3.0515
1.7060000000000004 3.0515
1.7060000000000004 4.5515
-0.806 4.5515
4.2

PASS1
4
-0.806 4.5515
1.7060000000000004 4.5515
1.7060000000000004 4.6265
-0.806 4.6265
7.0

PASS2
4
-0.806 4.6265
1.7060000000000004 4.6265
1.7060000000000004 5.0265
-0.806 5.0265
4.2

PASS3
4
-0.806 5.0265
1.7060000000000004 5.0265
1.7060000000000004 5.1015
-0.806 5.1015
7.0

PASS4+PASS5
4
-0.806 5.1015
1.7060000000000004 5.1015
1.7060000000000004 6.0515
-0.806 6.0515
4.2

PASS6
4
-0.806 6.0515
1.7060000000000004 6.0515
1.7060000000000004 6.6515
-0.806 6.6515
7.0

air_Layer
4
-0.806 6.6515
1.7060000000000004 6.6515
1.7060000000000004 6.9485
-0.806 6.9485
1.0


4
-0.806 0.001
1.7060000000000004 0.001
1.7060000000000004 6.9485
-0.806 6.9485

