c1
4
-0.2220099999999999 1.3025
0.2220099999999999 1.3025
0.22798999999999991 1.4015
-0.22798999999999991 1.4015

5
botleft
4
-1.6249999999999998 -0.001
0 -0.001
0 0.001
-1.6249999999999998 0.001

botright
4
0 -0.001
2.1875 -0.001
2.1875 0.001
0 0.001

lEnv
4
-1.1220099999999997 1.3025
-0.6779899999999999 1.3025
-0.6720099999999999 1.4015
-1.1279899999999998 1.4015

c2
4
0.6104899999999999 1.3025
0.9195099999999997 1.3025
0.9254899999999997 1.4015
0.6045099999999999 1.4015

rEnv
4
1.3754899999999999 1.3025
1.6845099999999997 1.3025
1.6904899999999998 1.4015
1.3695099999999998 1.4015


57
IMD6d1_damage
4
-1.1314239999999998 1.2925
-0.668576 1.2925
-0.6679719999999999 1.3025
-1.1320279999999998 1.3025
3.1

IMD6d1_damage
4
-0.2314239999999999 1.2925
0.2314239999999999 1.2925
0.2320279999999999 1.3025
-0.2320279999999999 1.3025
3.1

IMD6d1_damage
4
0.6010759999999999 1.2925
0.9289239999999996 1.2925
0.9295279999999997 1.3025
0.6004719999999999 1.3025
3.1

IMD6d1_damage
4
1.3660759999999998 1.2925
1.6939239999999998 1.2925
1.6945279999999998 1.3025
1.3654719999999998 1.3025
3.1

IMD6d2_damage
4
-1.1270189999999998 1.3025
-1.1220099999999997 1.3025
-1.1279899999999998 1.4015
-1.1329989999999999 1.4015
2.9

IMD6d2_damage
4
-0.6779899999999999 1.3025
-0.6729809999999998 1.3025
-0.6670009999999998 1.4015
-0.6720099999999999 1.4015
2.9

IMD6d2_damage
4
-0.22701899999999992 1.3025
-0.2220099999999999 1.3025
-0.22798999999999991 1.4015
-0.23299899999999993 1.4015
2.9

IMD6d2_damage
4
0.2220099999999999 1.3025
0.22701899999999992 1.3025
0.23299899999999993 1.4015
0.22798999999999991 1.4015
2.9

IMD6d2_damage
4
0.6054809999999998 1.3025
0.6104899999999999 1.3025
0.6045099999999999 1.4015
0.5995009999999998 1.4015
2.9

IMD6d2_damage
4
0.9195099999999997 1.3025
0.9245189999999998 1.3025
0.9304989999999997 1.4015
0.9254899999999997 1.4015
2.9

IMD6d2_damage
4
1.3704809999999998 1.3025
1.3754899999999999 1.3025
1.3695099999999998 1.4015
1.3645009999999997 1.4015
2.9

IMD6d2_damage
4
1.6845099999999997 1.3025
1.6895189999999998 1.3025
1.6954989999999999 1.4015
1.6904899999999998 1.4015
2.9

IMD6d2
4
-1.6249999999999998 1.3025
-1.1270189999999998 1.3025
-1.1329989999999999 1.4015
-1.6249999999999998 1.4015
2.65

IMD6d2
4
-0.6729809999999998 1.3025
-0.22701899999999992 1.3025
-0.23299899999999993 1.4015
-0.6670009999999998 1.4015
2.65

IMD6d2
4
0.22701899999999992 1.3025
0.6054809999999998 1.3025
0.5995009999999998 1.4015
0.23299899999999993 1.4015
2.65

IMD6d2
4
0.9245189999999998 1.3025
1.3704809999999998 1.3025
1.3645009999999997 1.4015
0.9304989999999997 1.4015
2.65

IMD6d2
4
1.6895189999999998 1.3025
2.1875 1.3025
2.1875 1.4015
1.6954989999999999 1.4015
2.65

IMD6d1
4
-1.6249999999999998 1.2925
-1.1314239999999998 1.2925
-1.1320279999999998 1.3025
-1.6249999999999998 1.3025
2.65

IMD6d1
4
-0.668576 1.2925
-0.2314239999999999 1.2925
-0.2320279999999999 1.3025
-0.6679719999999999 1.3025
2.65

IMD6d1
4
0.2314239999999999 1.2925
0.6010759999999999 1.2925
0.6004719999999999 1.3025
0.2320279999999999 1.3025
2.65

IMD6d1
4
0.9289239999999996 1.2925
1.3660759999999998 1.2925
1.3654719999999998 1.3025
0.9295279999999997 1.3025
2.65

IMD6d1
4
1.6939239999999998 1.2925
2.1875 1.2925
2.1875 1.3025
1.6945279999999998 1.3025
2.65

IMD6d1
4
-1.6249999999999998 1.2745
2.1875 1.2745
2.1875 1.2925
-1.6249999999999998 1.2925
2.65

FOXA+FOXB+TOX
4
-1.6249999999999998 0.001
2.1875 0.001
2.1875 0.2665
-1.6249999999999998 0.2665
4.0

ILD1a
4
-1.6249999999999998 0.2665
2.1875 0.2665
2.1875 0.2765
-1.6249999999999998 0.2765
7.0

ILD1b1+ILD1b2+ILD1b3
4
-1.6249999999999998 0.2765
2.1875 0.2765
2.1875 0.3955
-1.6249999999999998 0.3955
4.0

IMD1a
4
-1.6249999999999998 0.3955
2.1875 0.3955
2.1875 0.4065
-1.6249999999999998 0.4065
5.2

IMD1b
4
-1.6249999999999998 0.4065
2.1875 0.4065
2.1875 0.4665
-1.6249999999999998 0.4665
2.8

IMD2a
4
-1.6249999999999998 0.4665
2.1875 0.4665
2.1875 0.4875
-1.6249999999999998 0.4875
5.2

IMD2b
4
-1.6249999999999998 0.4875
2.1875 0.4875
2.1875 0.5025
-1.6249999999999998 0.5025
4.2

IMD2c
4
-1.6249999999999998 0.5025
2.1875 0.5025
2.1875 0.5265
-1.6249999999999998 0.5265
3.28

IMD2d1+IMD2d2
4
-1.6249999999999998 0.5265
2.1875 0.5265
2.1875 0.6535
-1.6249999999999998 0.6535
2.65

IMD3a
4
-1.6249999999999998 0.6535
2.1875 0.6535
2.1875 0.6745
-1.6249999999999998 0.6745
5.2

IMD3b
4
-1.6249999999999998 0.6745
2.1875 0.6745
2.1875 0.6895
-1.6249999999999998 0.6895
4.2

IMD3c
4
-1.6249999999999998 0.6895
2.1875 0.6895
2.1875 0.7135
-1.6249999999999998 0.7135
3.28

IMD3d1+IMD3d2
4
-1.6249999999999998 0.7135
2.1875 0.7135
2.1875 0.8405
-1.6249999999999998 0.8405
2.65

IMD4a
4
-1.6249999999999998 0.8405
2.1875 0.8405
2.1875 0.8615
-1.6249999999999998 0.8615
5.2

IMD4b
4
-1.6249999999999998 0.8615
2.1875 0.8615
2.1875 0.8765
-1.6249999999999998 0.8765
4.2

IMD4c
4
-1.6249999999999998 0.8765
2.1875 0.8765
2.1875 0.9005
-1.6249999999999998 0.9005
3.28

IMD4d1+IMD4d2
4
-1.6249999999999998 0.9005
2.1875 0.9005
2.1875 1.0275
-1.6249999999999998 1.0275
2.65

IMD5a
4
-1.6249999999999998 1.0275
2.1875 1.0275
2.1875 1.0485
-1.6249999999999998 1.0485
5.2

IMD5b
4
-1.6249999999999998 1.0485
2.1875 1.0485
2.1875 1.0635
-1.6249999999999998 1.0635
4.2

IMD5c
4
-1.6249999999999998 1.0635
2.1875 1.0635
2.1875 1.0875
-1.6249999999999998 1.0875
3.28

IMD5d1+IMD5d2
4
-1.6249999999999998 1.0875
2.1875 1.0875
2.1875 1.2145
-1.6249999999999998 1.2145
2.65

IMD6a
4
-1.6249999999999998 1.2145
2.1875 1.2145
2.1875 1.2355
-1.6249999999999998 1.2355
5.2

IMD6b
4
-1.6249999999999998 1.2355
2.1875 1.2355
2.1875 1.2505
-1.6249999999999998 1.2505
4.2

IMD6c
4
-1.6249999999999998 1.2505
2.1875 1.2505
2.1875 1.2745
-1.6249999999999998 1.2745
3.28

IMD7a
4
-1.6249999999999998 1.4015
2.1875 1.4015
2.1875 1.4765
-1.6249999999999998 1.4765
5.2

IMD7b1+IMD7b2
4
-1.6249999999999998 1.4765
2.1875 1.4765
2.1875 2.9765
-1.6249999999999998 2.9765
4.2

IMD8a
4
-1.6249999999999998 2.9765
2.1875 2.9765
2.1875 3.0515
-1.6249999999999998 3.0515
5.2

IMD8b1+IMD8b2
4
-1.6249999999999998 3.0515
2.1875 3.0515
2.1875 4.5515
-1.6249999999999998 4.5515
4.2

PASS1
4
-1.6249999999999998 4.5515
2.1875 4.5515
2.1875 4.6265
-1.6249999999999998 4.6265
7.0

PASS2
4
-1.6249999999999998 4.6265
2.1875 4.6265
2.1875 5.0265
-1.6249999999999998 5.0265
4.2

PASS3
4
-1.6249999999999998 5.0265
2.1875 5.0265
2.1875 5.1015
-1.6249999999999998 5.1015
7.0

PASS4+PASS5
4
-1.6249999999999998 5.1015
2.1875 5.1015
2.1875 6.0515
-1.6249999999999998 6.0515
4.2

PASS6
4
-1.6249999999999998 6.0515
2.1875 6.0515
2.1875 6.6515
-1.6249999999999998 6.6515
7.0

air_Layer
4
-1.6249999999999998 6.6515
2.1875 6.6515
2.1875 6.9485
-1.6249999999999998 6.9485
1.0


4
-1.6249999999999998 0.001
2.1875 0.001
2.1875 6.9485
-1.6249999999999998 6.9485

