c1
4
-0.33451 0.7415
0.33451 0.7415
0.34048999999999996 0.8405
-0.34048999999999996 0.8405

3
botleft
4
-6.01848 -0.001
0 -0.001
0 0.001
-6.01848 0.001

botright
4
0 -0.001
6.5134799999999995 -0.001
6.5134799999999995 0.001
0 0.001

c2
4
0.8804899999999999 0.7415
1.1895099999999998 0.7415
1.19549 0.8405
0.8745099999999999 0.8405


47
IMD3d1_damage
4
-0.34392399999999995 0.7315
0.34392399999999995 0.7315
0.34452799999999995 0.7415
-0.34452799999999995 0.7415
3.1

IMD3d1_damage
4
0.871076 0.7315
1.1989239999999999 0.7315
1.199528 0.7415
0.8704719999999999 0.7415
3.1

IMD3d2_damage
4
-0.33951899999999996 0.7415
-0.33451 0.7415
-0.34048999999999996 0.8405
-0.34549899999999995 0.8405
2.9

IMD3d2_damage
4
0.33451 0.7415
0.33951899999999996 0.7415
0.34549899999999995 0.8405
0.34048999999999996 0.8405
2.9

IMD3d2_damage
4
0.8754809999999998 0.7415
0.8804899999999999 0.7415
0.8745099999999999 0.8405
0.8695009999999999 0.8405
2.9

IMD3d2_damage
4
1.1895099999999998 0.7415
1.1945189999999999 0.7415
1.200499 0.8405
1.19549 0.8405
2.9

IMD3d2
4
-6.01848 0.7415
-0.33951899999999996 0.7415
-0.34549899999999995 0.8405
-6.01848 0.8405
2.65

IMD3d2
4
0.33951899999999996 0.7415
0.8754809999999998 0.7415
0.8695009999999999 0.8405
0.34549899999999995 0.8405
2.65

IMD3d2
4
1.1945189999999999 0.7415
6.5134799999999995 0.7415
6.5134799999999995 0.8405
1.200499 0.8405
2.65

IMD3d1
4
-6.01848 0.7315
-0.34392399999999995 0.7315
-0.34452799999999995 0.7415
-6.01848 0.7415
2.65

IMD3d1
4
0.34392399999999995 0.7315
0.871076 0.7315
0.8704719999999999 0.7415
0.34452799999999995 0.7415
2.65

IMD3d1
4
1.1989239999999999 0.7315
6.5134799999999995 0.7315
6.5134799999999995 0.7415
1.199528 0.7415
2.65

IMD3d1
4
-6.01848 0.7135
6.5134799999999995 0.7135
6.5134799999999995 0.7315
-6.01848 0.7315
2.65

FOXA+FOXB+TOX
4
-6.01848 0.001
6.5134799999999995 0.001
6.5134799999999995 0.2665
-6.01848 0.2665
4.0

ILD1a
4
-6.01848 0.2665
6.5134799999999995 0.2665
6.5134799999999995 0.2765
-6.01848 0.2765
7.0

ILD1b1+ILD1b2+ILD1b3
4
-6.01848 0.2765
6.5134799999999995 0.2765
6.5134799999999995 0.3955
-6.01848 0.3955
4.0

IMD1a
4
-6.01848 0.3955
6.5134799999999995 0.3955
6.5134799999999995 0.4065
-6.01848 0.4065
5.2

IMD1b
4
-6.01848 0.4065
6.5134799999999995 0.4065
6.5134799999999995 0.4665
-6.01848 0.4665
2.8

IMD2a
4
-6.01848 0.4665
6.5134799999999995 0.4665
6.5134799999999995 0.4875
-6.01848 0.4875
5.2

IMD2b
4
-6.01848 0.4875
6.5134799999999995 0.4875
6.5134799999999995 0.5025
-6.01848 0.5025
4.2

IMD2c
4
-6.01848 0.5025
6.5134799999999995 0.5025
6.5134799999999995 0.5265
-6.01848 0.5265
3.28

IMD2d1+IMD2d2
4
-6.01848 0.5265
6.5134799999999995 0.5265
6.5134799999999995 0.6535
-6.01848 0.6535
2.65

IMD3a
4
-6.01848 0.6535
6.5134799999999995 0.6535
6.5134799999999995 0.6745
-6.01848 0.6745
5.2

IMD3b
4
-6.01848 0.6745
6.5134799999999995 0.6745
6.5134799999999995 0.6895
-6.01848 0.6895
4.2

IMD3c
4
-6.01848 0.6895
6.5134799999999995 0.6895
6.5134799999999995 0.7135
-6.01848 0.7135
3.28

IMD4a
4
-6.01848 0.8405
6.5134799999999995 0.8405
6.5134799999999995 0.8615
-6.01848 0.8615
5.2

IMD4b
4
-6.01848 0.8615
6.5134799999999995 0.8615
6.5134799999999995 0.8765
-6.01848 0.8765
4.2

IMD4c
4
-6.01848 0.8765
6.5134799999999995 0.8765
6.5134799999999995 0.9005
-6.01848 0.9005
3.28

IMD4d1+IMD4d2
4
-6.01848 0.9005
6.5134799999999995 0.9005
6.5134799999999995 1.0275
-6.01848 1.0275
2.65

IMD5a
4
-6.01848 1.0275
6.5134799999999995 1.0275
6.5134799999999995 1.0485
-6.01848 1.0485
5.2

IMD5b
4
-6.01848 1.0485
6.5134799999999995 1.0485
6.5134799999999995 1.0635
-6.01848 1.0635
4.2

IMD5c
4
-6.01848 1.0635
6.5134799999999995 1.0635
6.5134799999999995 1.0875
-6.01848 1.0875
3.28

IMD5d1+IMD5d2
4
-6.01848 1.0875
6.5134799999999995 1.0875
6.5134799999999995 1.2145
-6.01848 1.2145
2.65

IMD6a
4
-6.01848 1.2145
6.5134799999999995 1.2145
6.5134799999999995 1.2355
-6.01848 1.2355
5.2

IMD6b
4
-6.01848 1.2355
6.5134799999999995 1.2355
6.5134799999999995 1.2505
-6.01848 1.2505
4.2

IMD6c
4
-6.01848 1.2505
6.5134799999999995 1.2505
6.5134799999999995 1.2745
-6.01848 1.2745
3.28

IMD6d1+IMD6d2
4
-6.01848 1.2745
6.5134799999999995 1.2745
6.5134799999999995 1.4015
-6.01848 1.4015
2.65

IMD7a
4
-6.01848 1.4015
6.5134799999999995 1.4015
6.5134799999999995 1.4765
-6.01848 1.4765
5.2

IMD7b1+IMD7b2
4
-6.01848 1.4765
6.5134799999999995 1.4765
6.5134799999999995 2.9765
-6.01848 2.9765
4.2

IMD8a
4
-6.01848 2.9765
6.5134799999999995 2.9765
6.5134799999999995 3.0515
-6.01848 3.0515
5.2

IMD8b1+IMD8b2
4
-6.01848 3.0515
6.5134799999999995 3.0515
6.5134799999999995 4.5515
-6.01848 4.5515
4.2

PASS1
4
-6.01848 4.5515
6.5134799999999995 4.5515
6.5134799999999995 4.6265
-6.01848 4.6265
7.0

PASS2
4
-6.01848 4.6265
6.5134799999999995 4.6265
6.5134799999999995 5.0265
-6.01848 5.0265
4.2

PASS3
4
-6.01848 5.0265
6.5134799999999995 5.0265
6.5134799999999995 5.1015
-6.01848 5.1015
7.0

PASS4+PASS5
4
-6.01848 5.1015
6.5134799999999995 5.1015
6.5134799999999995 6.0515
-6.01848 6.0515
4.2

PASS6
4
-6.01848 6.0515
6.5134799999999995 6.0515
6.5134799999999995 6.6515
-6.01848 6.6515
7.0

air_Layer
4
-6.01848 6.6515
6.5134799999999995 6.6515
6.5134799999999995 6.9485
-6.01848 6.9485
1.0


4
-6.01848 0.001
6.5134799999999995 0.001
6.5134799999999995 6.9485
-6.01848 6.9485

