c1
4
-0.33451 0.7415
0.33451 0.7415
0.34048999999999996 0.8405
-0.34048999999999996 0.8405

5
botleft
4
-1.6024999999999998 -0.001
0 -0.001
0 0.001
-1.6024999999999998 0.001

botright
4
0 -0.001
2.5474999999999994 -0.001
2.5474999999999994 0.001
0 0.001

lEnv
4
-1.0995099999999998 0.7415
-0.43048999999999993 0.7415
-0.42450999999999994 0.8405
-1.1054899999999999 0.8405

c2
4
1.06049 0.7415
1.5045099999999996 0.7415
1.5104899999999997 0.8405
1.0545099999999998 0.8405

rEnv
4
1.60049 0.7415
2.04451 0.7415
2.05049 0.8405
1.5945099999999999 0.8405


57
IMD3d1_damage
4
-1.1089239999999998 0.7315
-0.42107599999999995 0.7315
-0.42047199999999996 0.7415
-1.1095279999999998 0.7415
3.1

IMD3d1_damage
4
-0.34392399999999995 0.7315
0.34392399999999995 0.7315
0.34452799999999995 0.7415
-0.34452799999999995 0.7415
3.1

IMD3d1_damage
4
1.051076 0.7315
1.5139239999999996 0.7315
1.5145279999999997 0.7415
1.0504719999999999 0.7415
3.1

IMD3d1_damage
4
1.591076 0.7315
2.053924 0.7315
2.054528 0.7415
1.5904719999999999 0.7415
3.1

IMD3d2_damage
4
-1.1045189999999998 0.7415
-1.0995099999999998 0.7415
-1.1054899999999999 0.8405
-1.110499 0.8405
2.9

IMD3d2_damage
4
-0.43048999999999993 0.7415
-0.42548099999999994 0.7415
-0.41950099999999996 0.8405
-0.42450999999999994 0.8405
2.9

IMD3d2_damage
4
-0.33951899999999996 0.7415
-0.33451 0.7415
-0.34048999999999996 0.8405
-0.34549899999999995 0.8405
2.9

IMD3d2_damage
4
0.33451 0.7415
0.33951899999999996 0.7415
0.34549899999999995 0.8405
0.34048999999999996 0.8405
2.9

IMD3d2_damage
4
1.055481 0.7415
1.06049 0.7415
1.0545099999999998 0.8405
1.0495009999999998 0.8405
2.9

IMD3d2_damage
4
1.5045099999999996 0.7415
1.5095189999999996 0.7415
1.5154989999999997 0.8405
1.5104899999999997 0.8405
2.9

IMD3d2_damage
4
1.595481 0.7415
1.60049 0.7415
1.5945099999999999 0.8405
1.5895009999999998 0.8405
2.9

IMD3d2_damage
4
2.04451 0.7415
2.0495189999999996 0.7415
2.0554989999999997 0.8405
2.05049 0.8405
2.9

IMD3d2
4
-1.6024999999999998 0.7415
-1.1045189999999998 0.7415
-1.110499 0.8405
-1.6024999999999998 0.8405
2.65

IMD3d2
4
-0.42548099999999994 0.7415
-0.33951899999999996 0.7415
-0.34549899999999995 0.8405
-0.41950099999999996 0.8405
2.65

IMD3d2
4
0.33951899999999996 0.7415
1.055481 0.7415
1.0495009999999998 0.8405
0.34549899999999995 0.8405
2.65

IMD3d2
4
1.5095189999999996 0.7415
1.595481 0.7415
1.5895009999999998 0.8405
1.5154989999999997 0.8405
2.65

IMD3d2
4
2.0495189999999996 0.7415
2.5474999999999994 0.7415
2.5474999999999994 0.8405
2.0554989999999997 0.8405
2.65

IMD3d1
4
-1.6024999999999998 0.7315
-1.1089239999999998 0.7315
-1.1095279999999998 0.7415
-1.6024999999999998 0.7415
2.65

IMD3d1
4
-0.42107599999999995 0.7315
-0.34392399999999995 0.7315
-0.34452799999999995 0.7415
-0.42047199999999996 0.7415
2.65

IMD3d1
4
0.34392399999999995 0.7315
1.051076 0.7315
1.0504719999999999 0.7415
0.34452799999999995 0.7415
2.65

IMD3d1
4
1.5139239999999996 0.7315
1.591076 0.7315
1.5904719999999999 0.7415
1.5145279999999997 0.7415
2.65

IMD3d1
4
2.053924 0.7315
2.5474999999999994 0.7315
2.5474999999999994 0.7415
2.054528 0.7415
2.65

IMD3d1
4
-1.6024999999999998 0.7135
2.5474999999999994 0.7135
2.5474999999999994 0.7315
-1.6024999999999998 0.7315
2.65

FOXA+FOXB+TOX
4
-1.6024999999999998 0.001
2.5474999999999994 0.001
2.5474999999999994 0.2665
-1.6024999999999998 0.2665
4.0

ILD1a
4
-1.6024999999999998 0.2665
2.5474999999999994 0.2665
2.5474999999999994 0.2765
-1.6024999999999998 0.2765
7.0

ILD1b1+ILD1b2+ILD1b3
4
-1.6024999999999998 0.2765
2.5474999999999994 0.2765
2.5474999999999994 0.3955
-1.6024999999999998 0.3955
4.0

IMD1a
4
-1.6024999999999998 0.3955
2.5474999999999994 0.3955
2.5474999999999994 0.4065
-1.6024999999999998 0.4065
5.2

IMD1b
4
-1.6024999999999998 0.4065
2.5474999999999994 0.4065
2.5474999999999994 0.4665
-1.6024999999999998 0.4665
2.8

IMD2a
4
-1.6024999999999998 0.4665
2.5474999999999994 0.4665
2.5474999999999994 0.4875
-1.6024999999999998 0.4875
5.2

IMD2b
4
-1.6024999999999998 0.4875
2.5474999999999994 0.4875
2.5474999999999994 0.5025
-1.6024999999999998 0.5025
4.2

IMD2c
4
-1.6024999999999998 0.5025
2.5474999999999994 0.5025
2.5474999999999994 0.5265
-1.6024999999999998 0.5265
3.28

IMD2d1+IMD2d2
4
-1.6024999999999998 0.5265
2.5474999999999994 0.5265
2.5474999999999994 0.6535
-1.6024999999999998 0.6535
2.65

IMD3a
4
-1.6024999999999998 0.6535
2.5474999999999994 0.6535
2.5474999999999994 0.6745
-1.6024999999999998 0.6745
5.2

IMD3b
4
-1.6024999999999998 0.6745
2.5474999999999994 0.6745
2.5474999999999994 0.6895
-1.6024999999999998 0.6895
4.2

IMD3c
4
-1.6024999999999998 0.6895
2.5474999999999994 0.6895
2.5474999999999994 0.7135
-1.6024999999999998 0.7135
3.28

IMD4a
4
-1.6024999999999998 0.8405
2.5474999999999994 0.8405
2.5474999999999994 0.8615
-1.6024999999999998 0.8615
5.2

IMD4b
4
-1.6024999999999998 0.8615
2.5474999999999994 0.8615
2.5474999999999994 0.8765
-1.6024999999999998 0.8765
4.2

IMD4c
4
-1.6024999999999998 0.8765
2.5474999999999994 0.8765
2.5474999999999994 0.9005
-1.6024999999999998 0.9005
3.28

IMD4d1+IMD4d2
4
-1.6024999999999998 0.9005
2.5474999999999994 0.9005
2.5474999999999994 1.0275
-1.6024999999999998 1.0275
2.65

IMD5a
4
-1.6024999999999998 1.0275
2.5474999999999994 1.0275
2.5474999999999994 1.0485
-1.6024999999999998 1.0485
5.2

IMD5b
4
-1.6024999999999998 1.0485
2.5474999999999994 1.0485
2.5474999999999994 1.0635
-1.6024999999999998 1.0635
4.2

IMD5c
4
-1.6024999999999998 1.0635
2.5474999999999994 1.0635
2.5474999999999994 1.0875
-1.6024999999999998 1.0875
3.28

IMD5d1+IMD5d2
4
-1.6024999999999998 1.0875
2.5474999999999994 1.0875
2.5474999999999994 1.2145
-1.6024999999999998 1.2145
2.65

IMD6a
4
-1.6024999999999998 1.2145
2.5474999999999994 1.2145
2.5474999999999994 1.2355
-1.6024999999999998 1.2355
5.2

IMD6b
4
-1.6024999999999998 1.2355
2.5474999999999994 1.2355
2.5474999999999994 1.2505
-1.6024999999999998 1.2505
4.2

IMD6c
4
-1.6024999999999998 1.2505
2.5474999999999994 1.2505
2.5474999999999994 1.2745
-1.6024999999999998 1.2745
3.28

IMD6d1+IMD6d2
4
-1.6024999999999998 1.2745
2.5474999999999994 1.2745
2.5474999999999994 1.4015
-1.6024999999999998 1.4015
2.65

IMD7a
4
-1.6024999999999998 1.4015
2.5474999999999994 1.4015
2.5474999999999994 1.4765
-1.6024999999999998 1.4765
5.2

IMD7b1+IMD7b2
4
-1.6024999999999998 1.4765
2.5474999999999994 1.4765
2.5474999999999994 2.9765
-1.6024999999999998 2.9765
4.2

IMD8a
4
-1.6024999999999998 2.9765
2.5474999999999994 2.9765
2.5474999999999994 3.0515
-1.6024999999999998 3.0515
5.2

IMD8b1+IMD8b2
4
-1.6024999999999998 3.0515
2.5474999999999994 3.0515
2.5474999999999994 4.5515
-1.6024999999999998 4.5515
4.2

PASS1
4
-1.6024999999999998 4.5515
2.5474999999999994 4.5515
2.5474999999999994 4.6265
-1.6024999999999998 4.6265
7.0

PASS2
4
-1.6024999999999998 4.6265
2.5474999999999994 4.6265
2.5474999999999994 5.0265
-1.6024999999999998 5.0265
4.2

PASS3
4
-1.6024999999999998 5.0265
2.5474999999999994 5.0265
2.5474999999999994 5.1015
-1.6024999999999998 5.1015
7.0

PASS4+PASS5
4
-1.6024999999999998 5.1015
2.5474999999999994 5.1015
2.5474999999999994 6.0515
-1.6024999999999998 6.0515
4.2

PASS6
4
-1.6024999999999998 6.0515
2.5474999999999994 6.0515
2.5474999999999994 6.6515
-1.6024999999999998 6.6515
7.0

air_Layer
4
-1.6024999999999998 6.6515
2.5474999999999994 6.6515
2.5474999999999994 6.9485
-1.6024999999999998 6.9485
1.0


4
-1.6024999999999998 0.001
2.5474999999999994 0.001
2.5474999999999994 6.9485
-1.6024999999999998 6.9485

