c1
4
-0.03300999999999997 1.3025
0.03300999999999997 1.3025
0.03898999999999997 1.4015
-0.03898999999999997 1.4015

3
botleft
4
-1.52298 -0.001
0 -0.001
0 0.001
-1.52298 0.001

botright
4
0 -0.001
6.8419799999999995 -0.001
6.8419799999999995 0.001
0 0.001

lEnv
4
-0.55501 1.3025
-0.48899 1.3025
-0.48301 1.4015
-0.56099 1.4015


47
IMD6d1_damage
4
-0.5644239999999999 1.2925
-0.479576 1.2925
-0.478972 1.3025
-0.565028 1.3025
3.1

IMD6d1_damage
4
-0.04242399999999997 1.2925
0.04242399999999997 1.2925
0.04302799999999997 1.3025
-0.04302799999999997 1.3025
3.1

IMD6d2_damage
4
-0.560019 1.3025
-0.55501 1.3025
-0.56099 1.4015
-0.565999 1.4015
2.9

IMD6d2_damage
4
-0.48899 1.3025
-0.483981 1.3025
-0.478001 1.4015
-0.48301 1.4015
2.9

IMD6d2_damage
4
-0.03801899999999997 1.3025
-0.03300999999999997 1.3025
-0.03898999999999997 1.4015
-0.04399899999999997 1.4015
2.9

IMD6d2_damage
4
0.03300999999999997 1.3025
0.03801899999999997 1.3025
0.04399899999999997 1.4015
0.03898999999999997 1.4015
2.9

IMD6d2
4
-1.52298 1.3025
-0.560019 1.3025
-0.565999 1.4015
-1.52298 1.4015
2.65

IMD6d2
4
-0.483981 1.3025
-0.03801899999999997 1.3025
-0.04399899999999997 1.4015
-0.478001 1.4015
2.65

IMD6d2
4
0.03801899999999997 1.3025
6.8419799999999995 1.3025
6.8419799999999995 1.4015
0.04399899999999997 1.4015
2.65

IMD6d1
4
-1.52298 1.2925
-0.5644239999999999 1.2925
-0.565028 1.3025
-1.52298 1.3025
2.65

IMD6d1
4
-0.479576 1.2925
-0.04242399999999997 1.2925
-0.04302799999999997 1.3025
-0.478972 1.3025
2.65

IMD6d1
4
0.04242399999999997 1.2925
6.8419799999999995 1.2925
6.8419799999999995 1.3025
0.04302799999999997 1.3025
2.65

IMD6d1
4
-1.52298 1.2745
6.8419799999999995 1.2745
6.8419799999999995 1.2925
-1.52298 1.2925
2.65

FOXA+FOXB+TOX
4
-1.52298 0.001
6.8419799999999995 0.001
6.8419799999999995 0.2665
-1.52298 0.2665
4.0

ILD1a
4
-1.52298 0.2665
6.8419799999999995 0.2665
6.8419799999999995 0.2765
-1.52298 0.2765
7.0

ILD1b1+ILD1b2+ILD1b3
4
-1.52298 0.2765
6.8419799999999995 0.2765
6.8419799999999995 0.3955
-1.52298 0.3955
4.0

IMD1a
4
-1.52298 0.3955
6.8419799999999995 0.3955
6.8419799999999995 0.4065
-1.52298 0.4065
5.2

IMD1b
4
-1.52298 0.4065
6.8419799999999995 0.4065
6.8419799999999995 0.4665
-1.52298 0.4665
2.8

IMD2a
4
-1.52298 0.4665
6.8419799999999995 0.4665
6.8419799999999995 0.4875
-1.52298 0.4875
5.2

IMD2b
4
-1.52298 0.4875
6.8419799999999995 0.4875
6.8419799999999995 0.5025
-1.52298 0.5025
4.2

IMD2c
4
-1.52298 0.5025
6.8419799999999995 0.5025
6.8419799999999995 0.5265
-1.52298 0.5265
3.28

IMD2d1+IMD2d2
4
-1.52298 0.5265
6.8419799999999995 0.5265
6.8419799999999995 0.6535
-1.52298 0.6535
2.65

IMD3a
4
-1.52298 0.6535
6.8419799999999995 0.6535
6.8419799999999995 0.6745
-1.52298 0.6745
5.2

IMD3b
4
-1.52298 0.6745
6.8419799999999995 0.6745
6.8419799999999995 0.6895
-1.52298 0.6895
4.2

IMD3c
4
-1.52298 0.6895
6.8419799999999995 0.6895
6.8419799999999995 0.7135
-1.52298 0.7135
3.28

IMD3d1+IMD3d2
4
-1.52298 0.7135
6.8419799999999995 0.7135
6.8419799999999995 0.8405
-1.52298 0.8405
2.65

IMD4a
4
-1.52298 0.8405
6.8419799999999995 0.8405
6.8419799999999995 0.8615
-1.52298 0.8615
5.2

IMD4b
4
-1.52298 0.8615
6.8419799999999995 0.8615
6.8419799999999995 0.8765
-1.52298 0.8765
4.2

IMD4c
4
-1.52298 0.8765
6.8419799999999995 0.8765
6.8419799999999995 0.9005
-1.52298 0.9005
3.28

IMD4d1+IMD4d2
4
-1.52298 0.9005
6.8419799999999995 0.9005
6.8419799999999995 1.0275
-1.52298 1.0275
2.65

IMD5a
4
-1.52298 1.0275
6.8419799999999995 1.0275
6.8419799999999995 1.0485
-1.52298 1.0485
5.2

IMD5b
4
-1.52298 1.0485
6.8419799999999995 1.0485
6.8419799999999995 1.0635
-1.52298 1.0635
4.2

IMD5c
4
-1.52298 1.0635
6.8419799999999995 1.0635
6.8419799999999995 1.0875
-1.52298 1.0875
3.28

IMD5d1+IMD5d2
4
-1.52298 1.0875
6.8419799999999995 1.0875
6.8419799999999995 1.2145
-1.52298 1.2145
2.65

IMD6a
4
-1.52298 1.2145
6.8419799999999995 1.2145
6.8419799999999995 1.2355
-1.52298 1.2355
5.2

IMD6b
4
-1.52298 1.2355
6.8419799999999995 1.2355
6.8419799999999995 1.2505
-1.52298 1.2505
4.2

IMD6c
4
-1.52298 1.2505
6.8419799999999995 1.2505
6.8419799999999995 1.2745
-1.52298 1.2745
3.28

IMD7a
4
-1.52298 1.4015
6.8419799999999995 1.4015
6.8419799999999995 1.4765
-1.52298 1.4765
5.2

IMD7b1+IMD7b2
4
-1.52298 1.4765
6.8419799999999995 1.4765
6.8419799999999995 2.9765
-1.52298 2.9765
4.2

IMD8a
4
-1.52298 2.9765
6.8419799999999995 2.9765
6.8419799999999995 3.0515
-1.52298 3.0515
5.2

IMD8b1+IMD8b2
4
-1.52298 3.0515
6.8419799999999995 3.0515
6.8419799999999995 4.5515
-1.52298 4.5515
4.2

PASS1
4
-1.52298 4.5515
6.8419799999999995 4.5515
6.8419799999999995 4.6265
-1.52298 4.6265
7.0

PASS2
4
-1.52298 4.6265
6.8419799999999995 4.6265
6.8419799999999995 5.0265
-1.52298 5.0265
4.2

PASS3
4
-1.52298 5.0265
6.8419799999999995 5.0265
6.8419799999999995 5.1015
-1.52298 5.1015
7.0

PASS4+PASS5
4
-1.52298 5.1015
6.8419799999999995 5.1015
6.8419799999999995 6.0515
-1.52298 6.0515
4.2

PASS6
4
-1.52298 6.0515
6.8419799999999995 6.0515
6.8419799999999995 6.6515
-1.52298 6.6515
7.0

air_Layer
4
-1.52298 6.6515
6.8419799999999995 6.6515
6.8419799999999995 6.9485
-1.52298 6.9485
1.0


4
-1.52298 0.001
6.8419799999999995 0.001
6.8419799999999995 6.9485
-1.52298 6.9485

