c1
4
-0.15292 0.37050000000000005
0.15292 0.37050000000000005
0.16208 0.4665
-0.16208 0.4665

5
botleft
4
-1.0625 -0.001
0 -0.001
0 0.001
-1.0625 0.001

botright
4
0 -0.001
1.8275 -0.001
1.8275 0.001
0 0.001

lEnv
4
-0.5579200000000001 0.37050000000000005
-0.25208 0.37050000000000005
-0.24292000000000002 0.4665
-0.56708 0.4665

c2
4
0.8820799999999999 0.37050000000000005
1.0529199999999999 0.37050000000000005
1.06208 0.4665
0.8729199999999999 0.4665

rEnv
4
1.15208 0.37050000000000005
1.3229199999999999 0.37050000000000005
1.33208 0.4665
1.14292 0.4665


48
IMD1b
4
-1.0625 0.40650000000000003
-0.561355 0.40650000000000003
-0.56708 0.4665
-1.0625 0.4665
2.8

IMD1b
4
-0.24864500000000003 0.40650000000000003
-0.156355 0.40650000000000003
-0.16208 0.4665
-0.24292000000000002 0.4665
2.8

IMD1b
4
0.156355 0.40650000000000003
0.8786449999999999 0.40650000000000003
0.8729199999999999 0.4665
0.16208 0.4665
2.8

IMD1b
4
1.056355 0.40650000000000003
1.148645 0.40650000000000003
1.14292 0.4665
1.06208 0.4665
2.8

IMD1b
4
1.326355 0.40650000000000003
1.8275 0.40650000000000003
1.8275 0.4665
1.33208 0.4665
2.8

IMD1a
4
-1.0625 0.3955
-0.5603054166666667 0.3955
-0.561355 0.40650000000000003
-1.0625 0.40650000000000003
5.2

IMD1a
4
-0.24969458333333336 0.3955
-0.15530541666666667 0.3955
-0.156355 0.40650000000000003
-0.24864500000000003 0.40650000000000003
5.2

IMD1a
4
0.15530541666666667 0.3955
0.8796945833333333 0.3955
0.8786449999999999 0.40650000000000003
0.156355 0.40650000000000003
5.2

IMD1a
4
1.0553054166666667 0.3955
1.1496945833333332 0.3955
1.148645 0.40650000000000003
1.056355 0.40650000000000003
5.2

IMD1a
4
1.3253054166666667 0.3955
1.8275 0.3955
1.8275 0.40650000000000003
1.326355 0.40650000000000003
5.2

ILD1b3
4
-1.0625 0.37050000000000005
-0.5579200000000001 0.37050000000000005
-0.5603054166666667 0.3955
-1.0625 0.3955
4

ILD1b3
4
-0.25208 0.37050000000000005
-0.15292 0.37050000000000005
-0.15530541666666667 0.3955
-0.24969458333333336 0.3955
4

ILD1b3
4
0.15292 0.37050000000000005
0.8820799999999999 0.37050000000000005
0.8796945833333333 0.3955
0.15530541666666667 0.3955
4

ILD1b3
4
1.0529199999999999 0.37050000000000005
1.15208 0.37050000000000005
1.1496945833333332 0.3955
1.0553054166666667 0.3955
4

ILD1b3
4
1.3229199999999999 0.37050000000000005
1.8275 0.37050000000000005
1.8275 0.3955
1.3253054166666667 0.3955
4

ILD1b1+ILD1b2
4
-1.0625 0.2765
1.8275 0.2765
1.8275 0.37050000000000005
-1.0625 0.37050000000000005
4

FOXA+FOXB+TOX
4
-1.0625 0.001
1.8275 0.001
1.8275 0.2665
-1.0625 0.2665
4.0

ILD1a
4
-1.0625 0.2665
1.8275 0.2665
1.8275 0.2765
-1.0625 0.2765
7.0

IMD2a
4
-1.0625 0.4665
1.8275 0.4665
1.8275 0.4875
-1.0625 0.4875
5.2

IMD2b
4
-1.0625 0.4875
1.8275 0.4875
1.8275 0.5025
-1.0625 0.5025
4.2

IMD2c
4
-1.0625 0.5025
1.8275 0.5025
1.8275 0.5265
-1.0625 0.5265
3.28

IMD2d1+IMD2d2
4
-1.0625 0.5265
1.8275 0.5265
1.8275 0.6535
-1.0625 0.6535
2.65

IMD3a
4
-1.0625 0.6535
1.8275 0.6535
1.8275 0.6745
-1.0625 0.6745
5.2

IMD3b
4
-1.0625 0.6745
1.8275 0.6745
1.8275 0.6895
-1.0625 0.6895
4.2

IMD3c
4
-1.0625 0.6895
1.8275 0.6895
1.8275 0.7135
-1.0625 0.7135
3.28

IMD3d1+IMD3d2
4
-1.0625 0.7135
1.8275 0.7135
1.8275 0.8405
-1.0625 0.8405
2.65

IMD4a
4
-1.0625 0.8405
1.8275 0.8405
1.8275 0.8615
-1.0625 0.8615
5.2

IMD4b
4
-1.0625 0.8615
1.8275 0.8615
1.8275 0.8765
-1.0625 0.8765
4.2

IMD4c
4
-1.0625 0.8765
1.8275 0.8765
1.8275 0.9005
-1.0625 0.9005
3.28

IMD4d1+IMD4d2
4
-1.0625 0.9005
1.8275 0.9005
1.8275 1.0275
-1.0625 1.0275
2.65

IMD5a
4
-1.0625 1.0275
1.8275 1.0275
1.8275 1.0485
-1.0625 1.0485
5.2

IMD5b
4
-1.0625 1.0485
1.8275 1.0485
1.8275 1.0635
-1.0625 1.0635
4.2

IMD5c
4
-1.0625 1.0635
1.8275 1.0635
1.8275 1.0875
-1.0625 1.0875
3.28

IMD5d1+IMD5d2
4
-1.0625 1.0875
1.8275 1.0875
1.8275 1.2145
-1.0625 1.2145
2.65

IMD6a
4
-1.0625 1.2145
1.8275 1.2145
1.8275 1.2355
-1.0625 1.2355
5.2

IMD6b
4
-1.0625 1.2355
1.8275 1.2355
1.8275 1.2505
-1.0625 1.2505
4.2

IMD6c
4
-1.0625 1.2505
1.8275 1.2505
1.8275 1.2745
-1.0625 1.2745
3.28

IMD6d1+IMD6d2
4
-1.0625 1.2745
1.8275 1.2745
1.8275 1.4015
-1.0625 1.4015
2.65

IMD7a
4
-1.0625 1.4015
1.8275 1.4015
1.8275 1.4765
-1.0625 1.4765
5.2

IMD7b1+IMD7b2
4
-1.0625 1.4765
1.8275 1.4765
1.8275 2.9765
-1.0625 2.9765
4.2

IMD8a
4
-1.0625 2.9765
1.8275 2.9765
1.8275 3.0515
-1.0625 3.0515
5.2

IMD8b1+IMD8b2
4
-1.0625 3.0515
1.8275 3.0515
1.8275 4.5515
-1.0625 4.5515
4.2

PASS1
4
-1.0625 4.5515
1.8275 4.5515
1.8275 4.6265
-1.0625 4.6265
7.0

PASS2
4
-1.0625 4.6265
1.8275 4.6265
1.8275 5.0265
-1.0625 5.0265
4.2

PASS3
4
-1.0625 5.0265
1.8275 5.0265
1.8275 5.1015
-1.0625 5.1015
7.0

PASS4+PASS5
4
-1.0625 5.1015
1.8275 5.1015
1.8275 6.0515
-1.0625 6.0515
4.2

PASS6
4
-1.0625 6.0515
1.8275 6.0515
1.8275 6.6515
-1.0625 6.6515
7.0

air_Layer
4
-1.0625 6.6515
1.8275 6.6515
1.8275 6.9485
-1.0625 6.9485
1.0


4
-1.0625 0.001
1.8275 0.001
1.8275 6.9485
-1.0625 6.9485

