botcenter
4
0 -0.001
1.2825 -0.001
1.2825 0.001
0 0.001

9
lEnv
4
-0.10792 0.37050000000000005
-0.07208 0.37050000000000005
-0.06292 0.4665
-0.11708 0.4665

c1
4
-0.017920000000000005 0.37050000000000005
0.017920000000000005 0.37050000000000005
0.027080000000000007 0.4665
-0.027080000000000007 0.4665

c2
4
0.83708 0.37050000000000005
1.7279199999999997 0.37050000000000005
1.7370799999999997 0.4665
0.8279200000000001 0.4665

rEnv
4
1.7820799999999999 0.37050000000000005
2.6729199999999995 0.37050000000000005
2.6820799999999996 0.4665
1.7729199999999998 0.4665

topleft
4
-0.6125 0.9285000000000001
0 0.9285000000000001
0 1.0275
-0.6125 1.0275

topcenter
4
0 0.9285000000000001
1.2825 0.9285000000000001
1.2825 1.0275
0 1.0275

topright
4
1.2825 0.9285000000000001
3.1774999999999998 0.9285000000000001
3.1774999999999998 1.0275
1.2825 1.0275

botleft
4
-0.6125 -0.001
0 -0.001
0 0.001
-0.6125 0.001

botright
4
1.2825 -0.001
3.1774999999999998 -0.001
3.1774999999999998 0.001
1.2825 0.001


31
IMD4d1_damage
4
-0.6125 0.9185000000000001
3.1774999999999998 0.9185000000000001
3.1774999999999998 0.9285000000000001
-0.6125 0.9285000000000001
3.1

IMD1b
4
-0.6125 0.40650000000000003
-0.11135500000000001 0.40650000000000003
-0.11708 0.4665
-0.6125 0.4665
2.8

IMD1b
4
-0.068645 0.40650000000000003
-0.021355000000000006 0.40650000000000003
-0.027080000000000007 0.4665
-0.06292 0.4665
2.8

IMD1b
4
0.021355000000000006 0.40650000000000003
0.8336450000000001 0.40650000000000003
0.8279200000000001 0.4665
0.027080000000000007 0.4665
2.8

IMD1b
4
1.7313549999999998 0.40650000000000003
1.7786449999999998 0.40650000000000003
1.7729199999999998 0.4665
1.7370799999999997 0.4665
2.8

IMD1b
4
2.6763549999999996 0.40650000000000003
3.1774999999999998 0.40650000000000003
3.1774999999999998 0.4665
2.6820799999999996 0.4665
2.8

IMD1a
4
-0.6125 0.3955
-0.11030541666666667 0.3955
-0.11135500000000001 0.40650000000000003
-0.6125 0.40650000000000003
5.2

IMD1a
4
-0.06969458333333334 0.3955
-0.020305416666666673 0.3955
-0.021355000000000006 0.40650000000000003
-0.068645 0.40650000000000003
5.2

IMD1a
4
0.020305416666666673 0.3955
0.8346945833333335 0.3955
0.8336450000000001 0.40650000000000003
0.021355000000000006 0.40650000000000003
5.2

IMD1a
4
1.7303054166666665 0.3955
1.779694583333333 0.3955
1.7786449999999998 0.40650000000000003
1.7313549999999998 0.40650000000000003
5.2

IMD1a
4
2.6753054166666663 0.3955
3.1774999999999998 0.3955
3.1774999999999998 0.40650000000000003
2.6763549999999996 0.40650000000000003
5.2

ILD1b3
4
-0.6125 0.37050000000000005
-0.10792 0.37050000000000005
-0.11030541666666667 0.3955
-0.6125 0.3955
4

ILD1b3
4
-0.07208 0.37050000000000005
-0.017920000000000005 0.37050000000000005
-0.020305416666666673 0.3955
-0.06969458333333334 0.3955
4

ILD1b3
4
0.017920000000000005 0.37050000000000005
0.83708 0.37050000000000005
0.8346945833333335 0.3955
0.020305416666666673 0.3955
4

ILD1b3
4
1.7279199999999997 0.37050000000000005
1.7820799999999999 0.37050000000000005
1.779694583333333 0.3955
1.7303054166666665 0.3955
4

ILD1b3
4
2.6729199999999995 0.37050000000000005
3.1774999999999998 0.37050000000000005
3.1774999999999998 0.3955
2.6753054166666663 0.3955
4

ILD1b1+ILD1b2
4
-0.6125 0.2765
3.1774999999999998 0.2765
3.1774999999999998 0.37050000000000005
-0.6125 0.37050000000000005
4

IMD4d1
4
-0.6125 0.9005
3.1774999999999998 0.9005
3.1774999999999998 0.9185000000000001
-0.6125 0.9185000000000001
2.65

FOXA+FOXB+TOX
4
-0.6125 0.001
3.1774999999999998 0.001
3.1774999999999998 0.2665
-0.6125 0.2665
4.0

ILD1a
4
-0.6125 0.2665
3.1774999999999998 0.2665
3.1774999999999998 0.2765
-0.6125 0.2765
7.0

IMD2a
4
-0.6125 0.4665
3.1774999999999998 0.4665
3.1774999999999998 0.4875
-0.6125 0.4875
5.2

IMD2b
4
-0.6125 0.4875
3.1774999999999998 0.4875
3.1774999999999998 0.5025
-0.6125 0.5025
4.2

IMD2c
4
-0.6125 0.5025
3.1774999999999998 0.5025
3.1774999999999998 0.5265
-0.6125 0.5265
3.28

IMD2d1+IMD2d2
4
-0.6125 0.5265
3.1774999999999998 0.5265
3.1774999999999998 0.6535
-0.6125 0.6535
2.65

IMD3a
4
-0.6125 0.6535
3.1774999999999998 0.6535
3.1774999999999998 0.6745
-0.6125 0.6745
5.2

IMD3b
4
-0.6125 0.6745
3.1774999999999998 0.6745
3.1774999999999998 0.6895
-0.6125 0.6895
4.2

IMD3c
4
-0.6125 0.6895
3.1774999999999998 0.6895
3.1774999999999998 0.7135
-0.6125 0.7135
3.28

IMD3d1+IMD3d2
4
-0.6125 0.7135
3.1774999999999998 0.7135
3.1774999999999998 0.8405
-0.6125 0.8405
2.65

IMD4a
4
-0.6125 0.8405
3.1774999999999998 0.8405
3.1774999999999998 0.8615
-0.6125 0.8615
5.2

IMD4b
4
-0.6125 0.8615
3.1774999999999998 0.8615
3.1774999999999998 0.8765
-0.6125 0.8765
4.2

IMD4c
4
-0.6125 0.8765
3.1774999999999998 0.8765
3.1774999999999998 0.9005
-0.6125 0.9005
3.28


4
-0.6125 0.001
3.1774999999999998 0.001
3.1774999999999998 0.9285000000000001
-0.6125 0.9285000000000001

