botcenter
4
0 -0.001
0.135 -0.001
0.135 0.001
0 0.001

9
lEnv
4
-0.37792 0.37050000000000005
-0.34208 0.37050000000000005
-0.33292 0.4665
-0.38708 0.4665

c1
4
-0.01791999999999999 0.37050000000000005
0.01791999999999999 0.37050000000000005
0.027079999999999993 0.4665
-0.027079999999999993 0.4665

c2
4
0.07207999999999998 0.37050000000000005
0.19792000000000004 0.37050000000000005
0.20708000000000004 0.4665
0.06291999999999998 0.4665

rEnv
4
0.52208 0.37050000000000005
0.64792 0.37050000000000005
0.65708 0.4665
0.51292 0.4665

topleft
4
-0.8825000000000001 1.3025
0 1.3025
0 1.4015
-0.8825000000000001 1.4015

topcenter
4
0 1.3025
0.135 1.3025
0.135 1.4015
0 1.4015

topright
4
0.135 1.3025
1.1524999999999999 1.3025
1.1524999999999999 1.4015
0.135 1.4015

botleft
4
-0.8825000000000001 -0.001
0 -0.001
0 0.001
-0.8825000000000001 0.001

botright
4
0.135 -0.001
1.1524999999999999 -0.001
1.1524999999999999 0.001
0.135 0.001


39
IMD6d1_damage
4
-0.8825000000000001 1.2925
1.1524999999999999 1.2925
1.1524999999999999 1.3025
-0.8825000000000001 1.3025
3.1

IMD1b
4
-0.8825000000000001 0.40650000000000003
-0.381355 0.40650000000000003
-0.38708 0.4665
-0.8825000000000001 0.4665
2.8

IMD1b
4
-0.338645 0.40650000000000003
-0.021354999999999992 0.40650000000000003
-0.027079999999999993 0.4665
-0.33292 0.4665
2.8

IMD1b
4
0.021354999999999992 0.40650000000000003
0.06864499999999997 0.40650000000000003
0.06291999999999998 0.4665
0.027079999999999993 0.4665
2.8

IMD1b
4
0.20135500000000003 0.40650000000000003
0.518645 0.40650000000000003
0.51292 0.4665
0.20708000000000004 0.4665
2.8

IMD1b
4
0.651355 0.40650000000000003
1.1524999999999999 0.40650000000000003
1.1524999999999999 0.4665
0.65708 0.4665
2.8

IMD1a
4
-0.8825000000000001 0.3955
-0.3803054166666667 0.3955
-0.381355 0.40650000000000003
-0.8825000000000001 0.40650000000000003
5.2

IMD1a
4
-0.3396945833333333 0.3955
-0.02030541666666666 0.3955
-0.021354999999999992 0.40650000000000003
-0.338645 0.40650000000000003
5.2

IMD1a
4
0.02030541666666666 0.3955
0.06969458333333331 0.3955
0.06864499999999997 0.40650000000000003
0.021354999999999992 0.40650000000000003
5.2

IMD1a
4
0.2003054166666667 0.3955
0.5196945833333334 0.3955
0.518645 0.40650000000000003
0.20135500000000003 0.40650000000000003
5.2

IMD1a
4
0.6503054166666666 0.3955
1.1524999999999999 0.3955
1.1524999999999999 0.40650000000000003
0.651355 0.40650000000000003
5.2

ILD1b3
4
-0.8825000000000001 0.37050000000000005
-0.37792 0.37050000000000005
-0.3803054166666667 0.3955
-0.8825000000000001 0.3955
4

ILD1b3
4
-0.34208 0.37050000000000005
-0.01791999999999999 0.37050000000000005
-0.02030541666666666 0.3955
-0.3396945833333333 0.3955
4

ILD1b3
4
0.01791999999999999 0.37050000000000005
0.07207999999999998 0.37050000000000005
0.06969458333333331 0.3955
0.02030541666666666 0.3955
4

ILD1b3
4
0.19792000000000004 0.37050000000000005
0.52208 0.37050000000000005
0.5196945833333334 0.3955
0.2003054166666667 0.3955
4

ILD1b3
4
0.64792 0.37050000000000005
1.1524999999999999 0.37050000000000005
1.1524999999999999 0.3955
0.6503054166666666 0.3955
4

ILD1b1+ILD1b2
4
-0.8825000000000001 0.2765
1.1524999999999999 0.2765
1.1524999999999999 0.37050000000000005
-0.8825000000000001 0.37050000000000005
4

IMD6d1
4
-0.8825000000000001 1.2745
1.1524999999999999 1.2745
1.1524999999999999 1.2925
-0.8825000000000001 1.2925
2.65

FOXA+FOXB+TOX
4
-0.8825000000000001 0.001
1.1524999999999999 0.001
1.1524999999999999 0.2665
-0.8825000000000001 0.2665
4.0

ILD1a
4
-0.8825000000000001 0.2665
1.1524999999999999 0.2665
1.1524999999999999 0.2765
-0.8825000000000001 0.2765
7.0

IMD2a
4
-0.8825000000000001 0.4665
1.1524999999999999 0.4665
1.1524999999999999 0.4875
-0.8825000000000001 0.4875
5.2

IMD2b
4
-0.8825000000000001 0.4875
1.1524999999999999 0.4875
1.1524999999999999 0.5025
-0.8825000000000001 0.5025
4.2

IMD2c
4
-0.8825000000000001 0.5025
1.1524999999999999 0.5025
1.1524999999999999 0.5265
-0.8825000000000001 0.5265
3.28

IMD2d1+IMD2d2
4
-0.8825000000000001 0.5265
1.1524999999999999 0.5265
1.1524999999999999 0.6535
-0.8825000000000001 0.6535
2.65

IMD3a
4
-0.8825000000000001 0.6535
1.1524999999999999 0.6535
1.1524999999999999 0.6745
-0.8825000000000001 0.6745
5.2

IMD3b
4
-0.8825000000000001 0.6745
1.1524999999999999 0.6745
1.1524999999999999 0.6895
-0.8825000000000001 0.6895
4.2

IMD3c
4
-0.8825000000000001 0.6895
1.1524999999999999 0.6895
1.1524999999999999 0.7135
-0.8825000000000001 0.7135
3.28

IMD3d1+IMD3d2
4
-0.8825000000000001 0.7135
1.1524999999999999 0.7135
1.1524999999999999 0.8405
-0.8825000000000001 0.8405
2.65

IMD4a
4
-0.8825000000000001 0.8405
1.1524999999999999 0.8405
1.1524999999999999 0.8615
-0.8825000000000001 0.8615
5.2

IMD4b
4
-0.8825000000000001 0.8615
1.1524999999999999 0.8615
1.1524999999999999 0.8765
-0.8825000000000001 0.8765
4.2

IMD4c
4
-0.8825000000000001 0.8765
1.1524999999999999 0.8765
1.1524999999999999 0.9005
-0.8825000000000001 0.9005
3.28

IMD4d1+IMD4d2
4
-0.8825000000000001 0.9005
1.1524999999999999 0.9005
1.1524999999999999 1.0275
-0.8825000000000001 1.0275
2.65

IMD5a
4
-0.8825000000000001 1.0275
1.1524999999999999 1.0275
1.1524999999999999 1.0485
-0.8825000000000001 1.0485
5.2

IMD5b
4
-0.8825000000000001 1.0485
1.1524999999999999 1.0485
1.1524999999999999 1.0635
-0.8825000000000001 1.0635
4.2

IMD5c
4
-0.8825000000000001 1.0635
1.1524999999999999 1.0635
1.1524999999999999 1.0875
-0.8825000000000001 1.0875
3.28

IMD5d1+IMD5d2
4
-0.8825000000000001 1.0875
1.1524999999999999 1.0875
1.1524999999999999 1.2145
-0.8825000000000001 1.2145
2.65

IMD6a
4
-0.8825000000000001 1.2145
1.1524999999999999 1.2145
1.1524999999999999 1.2355
-0.8825000000000001 1.2355
5.2

IMD6b
4
-0.8825000000000001 1.2355
1.1524999999999999 1.2355
1.1524999999999999 1.2505
-0.8825000000000001 1.2505
4.2

IMD6c
4
-0.8825000000000001 1.2505
1.1524999999999999 1.2505
1.1524999999999999 1.2745
-0.8825000000000001 1.2745
3.28


4
-0.8825000000000001 0.001
1.1524999999999999 0.001
1.1524999999999999 1.3025
-0.8825000000000001 1.3025

