botcenter
4
0 -0.001
0.9674999999999998 -0.001
0.9674999999999998 0.001
0 0.001

7
c1
4
-0.06292 0.37050000000000005
0.06292 0.37050000000000005
0.07208 0.4665
-0.07208 0.4665

c2
4
0.5220799999999999 0.37050000000000005
1.41292 0.37050000000000005
1.42208 0.4665
0.5129199999999999 0.4665

topleft
4
-5.2025 1.1155
0 1.1155
0 1.2145
-5.2025 1.2145

topcenter
4
0 1.1155
0.9674999999999998 1.1155
0.9674999999999998 1.2145
0 1.2145

topright
4
0.9674999999999998 1.1155
7.3175 1.1155
7.3175 1.2145
0.9674999999999998 1.2145

botleft
4
-5.2025 -0.001
0 -0.001
0 0.001
-5.2025 0.001

botright
4
0.9674999999999998 -0.001
7.3175 -0.001
7.3175 0.001
0.9674999999999998 0.001


29
IMD5d1_damage
4
-5.2025 1.1055
7.3175 1.1055
7.3175 1.1155
-5.2025 1.1155
3.1

IMD1b
4
-5.2025 0.40650000000000003
-0.06635500000000001 0.40650000000000003
-0.07208 0.4665
-5.2025 0.4665
2.8

IMD1b
4
0.06635500000000001 0.40650000000000003
0.5186449999999999 0.40650000000000003
0.5129199999999999 0.4665
0.07208 0.4665
2.8

IMD1b
4
1.416355 0.40650000000000003
7.3175 0.40650000000000003
7.3175 0.4665
1.42208 0.4665
2.8

IMD1a
4
-5.2025 0.3955
-0.06530541666666667 0.3955
-0.06635500000000001 0.40650000000000003
-5.2025 0.40650000000000003
5.2

IMD1a
4
0.06530541666666667 0.3955
0.5196945833333333 0.3955
0.5186449999999999 0.40650000000000003
0.06635500000000001 0.40650000000000003
5.2

IMD1a
4
1.4153054166666668 0.3955
7.3175 0.3955
7.3175 0.40650000000000003
1.416355 0.40650000000000003
5.2

ILD1b3
4
-5.2025 0.37050000000000005
-0.06292 0.37050000000000005
-0.06530541666666667 0.3955
-5.2025 0.3955
4

ILD1b3
4
0.06292 0.37050000000000005
0.5220799999999999 0.37050000000000005
0.5196945833333333 0.3955
0.06530541666666667 0.3955
4

ILD1b3
4
1.41292 0.37050000000000005
7.3175 0.37050000000000005
7.3175 0.3955
1.4153054166666668 0.3955
4

ILD1b1+ILD1b2
4
-5.2025 0.2765
7.3175 0.2765
7.3175 0.37050000000000005
-5.2025 0.37050000000000005
4

IMD5d1
4
-5.2025 1.0875
7.3175 1.0875
7.3175 1.1055
-5.2025 1.1055
2.65

FOXA+FOXB+TOX
4
-5.2025 0.001
7.3175 0.001
7.3175 0.2665
-5.2025 0.2665
4.0

ILD1a
4
-5.2025 0.2665
7.3175 0.2665
7.3175 0.2765
-5.2025 0.2765
7.0

IMD2a
4
-5.2025 0.4665
7.3175 0.4665
7.3175 0.4875
-5.2025 0.4875
5.2

IMD2b
4
-5.2025 0.4875
7.3175 0.4875
7.3175 0.5025
-5.2025 0.5025
4.2

IMD2c
4
-5.2025 0.5025
7.3175 0.5025
7.3175 0.5265
-5.2025 0.5265
3.28

IMD2d1+IMD2d2
4
-5.2025 0.5265
7.3175 0.5265
7.3175 0.6535
-5.2025 0.6535
2.65

IMD3a
4
-5.2025 0.6535
7.3175 0.6535
7.3175 0.6745
-5.2025 0.6745
5.2

IMD3b
4
-5.2025 0.6745
7.3175 0.6745
7.3175 0.6895
-5.2025 0.6895
4.2

IMD3c
4
-5.2025 0.6895
7.3175 0.6895
7.3175 0.7135
-5.2025 0.7135
3.28

IMD3d1+IMD3d2
4
-5.2025 0.7135
7.3175 0.7135
7.3175 0.8405
-5.2025 0.8405
2.65

IMD4a
4
-5.2025 0.8405
7.3175 0.8405
7.3175 0.8615
-5.2025 0.8615
5.2

IMD4b
4
-5.2025 0.8615
7.3175 0.8615
7.3175 0.8765
-5.2025 0.8765
4.2

IMD4c
4
-5.2025 0.8765
7.3175 0.8765
7.3175 0.9005
-5.2025 0.9005
3.28

IMD4d1+IMD4d2
4
-5.2025 0.9005
7.3175 0.9005
7.3175 1.0275
-5.2025 1.0275
2.65

IMD5a
4
-5.2025 1.0275
7.3175 1.0275
7.3175 1.0485
-5.2025 1.0485
5.2

IMD5b
4
-5.2025 1.0485
7.3175 1.0485
7.3175 1.0635
-5.2025 1.0635
4.2

IMD5c
4
-5.2025 1.0635
7.3175 1.0635
7.3175 1.0875
-5.2025 1.0875
3.28


4
-5.2025 0.001
7.3175 0.001
7.3175 1.1155
-5.2025 1.1155

