c1
4
-0.06292 0.37050000000000005
0.06292 0.37050000000000005
0.07208 0.4665
-0.07208 0.4665

4
botleft
4
-5.2025 -0.001
0 -0.001
0 0.001
-5.2025 0.001

botright
4
0 -0.001
9.657499999999999 -0.001
9.657499999999999 0.001
0 0.001

topleft
4
-5.2025 0.9285000000000001
0 0.9285000000000001
0 1.0275
-5.2025 1.0275

topright
4
0 0.9285000000000001
9.657499999999999 0.9285000000000001
9.657499999999999 1.0275
0 1.0275


23
IMD4d1_damage
4
-5.2025 0.9185000000000001
4.454999999999999 0.9185000000000001
4.454999999999999 0.9285000000000001
-5.2025 0.9285000000000001
3.1

IMD1b
4
-5.2025 0.40650000000000003
-0.06635500000000001 0.40650000000000003
-0.07208 0.4665
-5.2025 0.4665
2.8

IMD1b
4
0.06635500000000001 0.40650000000000003
9.657499999999999 0.40650000000000003
9.657499999999999 0.4665
0.07208 0.4665
2.8

IMD1a
4
-5.2025 0.3955
-0.06530541666666667 0.3955
-0.06635500000000001 0.40650000000000003
-5.2025 0.40650000000000003
5.2

IMD1a
4
0.06530541666666667 0.3955
9.657499999999999 0.3955
9.657499999999999 0.40650000000000003
0.06635500000000001 0.40650000000000003
5.2

ILD1b3
4
-5.2025 0.37050000000000005
-0.06292 0.37050000000000005
-0.06530541666666667 0.3955
-5.2025 0.3955
4

ILD1b3
4
0.06292 0.37050000000000005
9.657499999999999 0.37050000000000005
9.657499999999999 0.3955
0.06530541666666667 0.3955
4

ILD1b1+ILD1b2
4
-5.2025 0.2765
9.657499999999999 0.2765
9.657499999999999 0.37050000000000005
-5.2025 0.37050000000000005
4

IMD4d1
4
-5.2025 0.9005
4.454999999999999 0.9005
4.454999999999999 0.9185000000000001
-5.2025 0.9185000000000001
2.65

IMD4d1
4
4.454999999999999 0.9185000000000001
9.657499999999999 0.9185000000000001
9.657499999999999 0.9285000000000001
4.454999999999999 0.9285000000000001
2.65

FOXA+FOXB+TOX
4
-5.2025 0.001
9.657499999999999 0.001
9.657499999999999 0.2665
-5.2025 0.2665
4.0

ILD1a
4
-5.2025 0.2665
9.657499999999999 0.2665
9.657499999999999 0.2765
-5.2025 0.2765
7.0

IMD2a
4
-5.2025 0.4665
9.657499999999999 0.4665
9.657499999999999 0.4875
-5.2025 0.4875
5.2

IMD2b
4
-5.2025 0.4875
9.657499999999999 0.4875
9.657499999999999 0.5025
-5.2025 0.5025
4.2

IMD2c
4
-5.2025 0.5025
9.657499999999999 0.5025
9.657499999999999 0.5265
-5.2025 0.5265
3.28

IMD2d1+IMD2d2
4
-5.2025 0.5265
9.657499999999999 0.5265
9.657499999999999 0.6535
-5.2025 0.6535
2.65

IMD3a
4
-5.2025 0.6535
9.657499999999999 0.6535
9.657499999999999 0.6745
-5.2025 0.6745
5.2

IMD3b
4
-5.2025 0.6745
9.657499999999999 0.6745
9.657499999999999 0.6895
-5.2025 0.6895
4.2

IMD3c
4
-5.2025 0.6895
9.657499999999999 0.6895
9.657499999999999 0.7135
-5.2025 0.7135
3.28

IMD3d1+IMD3d2
4
-5.2025 0.7135
9.657499999999999 0.7135
9.657499999999999 0.8405
-5.2025 0.8405
2.65

IMD4a
4
-5.2025 0.8405
9.657499999999999 0.8405
9.657499999999999 0.8615
-5.2025 0.8615
5.2

IMD4b
4
-5.2025 0.8615
9.657499999999999 0.8615
9.657499999999999 0.8765
-5.2025 0.8765
4.2

IMD4c
4
-5.2025 0.8765
9.657499999999999 0.8765
9.657499999999999 0.9005
-5.2025 0.9005
3.28


4
-5.2025 0.001
9.657499999999999 0.001
9.657499999999999 0.9285000000000001
-5.2025 0.9285000000000001

