botcenter
4
0 -0.001
1.71 -0.001
1.71 0.001
0 0.001

7
c1
4
-0.4454199999999999 0.37050000000000005
0.4454199999999999 0.37050000000000005
0.45457999999999993 0.4665
-0.45457999999999993 0.4665

c2
4
1.26458 0.37050000000000005
2.15542 0.37050000000000005
2.16458 0.4665
1.25542 0.4665

topleft
4
-6.35 1.1155
0 1.1155
0 1.2145
-6.35 1.2145

topcenter
4
0 1.1155
1.71 1.1155
1.71 1.2145
0 1.2145

topright
4
1.71 1.1155
8.06 1.1155
8.06 1.2145
1.71 1.2145

botleft
4
-6.35 -0.001
0 -0.001
0 0.001
-6.35 0.001

botright
4
1.71 -0.001
8.06 -0.001
8.06 0.001
1.71 0.001


29
IMD5d1_damage
4
-6.35 1.1055
8.06 1.1055
8.06 1.1155
-6.35 1.1155
3.1

IMD1b
4
-6.35 0.40650000000000003
-0.44885499999999995 0.40650000000000003
-0.45457999999999993 0.4665
-6.35 0.4665
2.8

IMD1b
4
0.44885499999999995 0.40650000000000003
1.261145 0.40650000000000003
1.25542 0.4665
0.45457999999999993 0.4665
2.8

IMD1b
4
2.158855 0.40650000000000003
8.06 0.40650000000000003
8.06 0.4665
2.16458 0.4665
2.8

IMD1a
4
-6.35 0.3955
-0.4478054166666666 0.3955
-0.44885499999999995 0.40650000000000003
-6.35 0.40650000000000003
5.2

IMD1a
4
0.4478054166666666 0.3955
1.2621945833333332 0.3955
1.261145 0.40650000000000003
0.44885499999999995 0.40650000000000003
5.2

IMD1a
4
2.1578054166666667 0.3955
8.06 0.3955
8.06 0.40650000000000003
2.158855 0.40650000000000003
5.2

ILD1b3
4
-6.35 0.37050000000000005
-0.4454199999999999 0.37050000000000005
-0.4478054166666666 0.3955
-6.35 0.3955
4

ILD1b3
4
0.4454199999999999 0.37050000000000005
1.26458 0.37050000000000005
1.2621945833333332 0.3955
0.4478054166666666 0.3955
4

ILD1b3
4
2.15542 0.37050000000000005
8.06 0.37050000000000005
8.06 0.3955
2.1578054166666667 0.3955
4

ILD1b1+ILD1b2
4
-6.35 0.2765
8.06 0.2765
8.06 0.37050000000000005
-6.35 0.37050000000000005
4

IMD5d1
4
-6.35 1.0875
8.06 1.0875
8.06 1.1055
-6.35 1.1055
2.65

FOXA+FOXB+TOX
4
-6.35 0.001
8.06 0.001
8.06 0.2665
-6.35 0.2665
4.0

ILD1a
4
-6.35 0.2665
8.06 0.2665
8.06 0.2765
-6.35 0.2765
7.0

IMD2a
4
-6.35 0.4665
8.06 0.4665
8.06 0.4875
-6.35 0.4875
5.2

IMD2b
4
-6.35 0.4875
8.06 0.4875
8.06 0.5025
-6.35 0.5025
4.2

IMD2c
4
-6.35 0.5025
8.06 0.5025
8.06 0.5265
-6.35 0.5265
3.28

IMD2d1+IMD2d2
4
-6.35 0.5265
8.06 0.5265
8.06 0.6535
-6.35 0.6535
2.65

IMD3a
4
-6.35 0.6535
8.06 0.6535
8.06 0.6745
-6.35 0.6745
5.2

IMD3b
4
-6.35 0.6745
8.06 0.6745
8.06 0.6895
-6.35 0.6895
4.2

IMD3c
4
-6.35 0.6895
8.06 0.6895
8.06 0.7135
-6.35 0.7135
3.28

IMD3d1+IMD3d2
4
-6.35 0.7135
8.06 0.7135
8.06 0.8405
-6.35 0.8405
2.65

IMD4a
4
-6.35 0.8405
8.06 0.8405
8.06 0.8615
-6.35 0.8615
5.2

IMD4b
4
-6.35 0.8615
8.06 0.8615
8.06 0.8765
-6.35 0.8765
4.2

IMD4c
4
-6.35 0.8765
8.06 0.8765
8.06 0.9005
-6.35 0.9005
3.28

IMD4d1+IMD4d2
4
-6.35 0.9005
8.06 0.9005
8.06 1.0275
-6.35 1.0275
2.65

IMD5a
4
-6.35 1.0275
8.06 1.0275
8.06 1.0485
-6.35 1.0485
5.2

IMD5b
4
-6.35 1.0485
8.06 1.0485
8.06 1.0635
-6.35 1.0635
4.2

IMD5c
4
-6.35 1.0635
8.06 1.0635
8.06 1.0875
-6.35 1.0875
3.28


4
-6.35 0.001
8.06 0.001
8.06 1.1155
-6.35 1.1155

