botcenter
4
0 -0.001
0.9224999999999999 -0.001
0.9224999999999999 0.001
0 0.001

9
lEnv
4
-0.37792 0.37050000000000005
-0.34208 0.37050000000000005
-0.33292 0.4665
-0.38708 0.4665

c1
4
-0.01791999999999999 0.37050000000000005
0.01791999999999999 0.37050000000000005
0.027079999999999993 0.4665
-0.027079999999999993 0.4665

c2
4
0.47708 0.37050000000000005
1.3679199999999998 0.37050000000000005
1.3770799999999999 0.4665
0.46792 0.4665

rEnv
4
1.6920799999999998 0.37050000000000005
2.5829199999999997 0.37050000000000005
2.5920799999999997 0.4665
1.6829199999999997 0.4665

topleft
4
-0.8825000000000001 0.9285000000000001
0 0.9285000000000001
0 1.0275
-0.8825000000000001 1.0275

topcenter
4
0 0.9285000000000001
0.9224999999999999 0.9285000000000001
0.9224999999999999 1.0275
0 1.0275

topright
4
0.9224999999999999 0.9285000000000001
3.0875 0.9285000000000001
3.0875 1.0275
0.9224999999999999 1.0275

botleft
4
-0.8825000000000001 -0.001
0 -0.001
0 0.001
-0.8825000000000001 0.001

botright
4
0.9224999999999999 -0.001
3.0875 -0.001
3.0875 0.001
0.9224999999999999 0.001


31
IMD4d1_damage
4
-0.8825000000000001 0.9185000000000001
3.0875 0.9185000000000001
3.0875 0.9285000000000001
-0.8825000000000001 0.9285000000000001
3.1

IMD1b
4
-0.8825000000000001 0.40650000000000003
-0.381355 0.40650000000000003
-0.38708 0.4665
-0.8825000000000001 0.4665
2.8

IMD1b
4
-0.338645 0.40650000000000003
-0.021354999999999992 0.40650000000000003
-0.027079999999999993 0.4665
-0.33292 0.4665
2.8

IMD1b
4
0.021354999999999992 0.40650000000000003
0.473645 0.40650000000000003
0.46792 0.4665
0.027079999999999993 0.4665
2.8

IMD1b
4
1.3713549999999999 0.40650000000000003
1.6886449999999997 0.40650000000000003
1.6829199999999997 0.4665
1.3770799999999999 0.4665
2.8

IMD1b
4
2.5863549999999997 0.40650000000000003
3.0875 0.40650000000000003
3.0875 0.4665
2.5920799999999997 0.4665
2.8

IMD1a
4
-0.8825000000000001 0.3955
-0.3803054166666667 0.3955
-0.381355 0.40650000000000003
-0.8825000000000001 0.40650000000000003
5.2

IMD1a
4
-0.3396945833333333 0.3955
-0.02030541666666666 0.3955
-0.021354999999999992 0.40650000000000003
-0.338645 0.40650000000000003
5.2

IMD1a
4
0.02030541666666666 0.3955
0.4746945833333333 0.3955
0.473645 0.40650000000000003
0.021354999999999992 0.40650000000000003
5.2

IMD1a
4
1.3703054166666666 0.3955
1.689694583333333 0.3955
1.6886449999999997 0.40650000000000003
1.3713549999999999 0.40650000000000003
5.2

IMD1a
4
2.5853054166666665 0.3955
3.0875 0.3955
3.0875 0.40650000000000003
2.5863549999999997 0.40650000000000003
5.2

ILD1b3
4
-0.8825000000000001 0.37050000000000005
-0.37792 0.37050000000000005
-0.3803054166666667 0.3955
-0.8825000000000001 0.3955
4

ILD1b3
4
-0.34208 0.37050000000000005
-0.01791999999999999 0.37050000000000005
-0.02030541666666666 0.3955
-0.3396945833333333 0.3955
4

ILD1b3
4
0.01791999999999999 0.37050000000000005
0.47708 0.37050000000000005
0.4746945833333333 0.3955
0.02030541666666666 0.3955
4

ILD1b3
4
1.3679199999999998 0.37050000000000005
1.6920799999999998 0.37050000000000005
1.689694583333333 0.3955
1.3703054166666666 0.3955
4

ILD1b3
4
2.5829199999999997 0.37050000000000005
3.0875 0.37050000000000005
3.0875 0.3955
2.5853054166666665 0.3955
4

ILD1b1+ILD1b2
4
-0.8825000000000001 0.2765
3.0875 0.2765
3.0875 0.37050000000000005
-0.8825000000000001 0.37050000000000005
4

IMD4d1
4
-0.8825000000000001 0.9005
3.0875 0.9005
3.0875 0.9185000000000001
-0.8825000000000001 0.9185000000000001
2.65

FOXA+FOXB+TOX
4
-0.8825000000000001 0.001
3.0875 0.001
3.0875 0.2665
-0.8825000000000001 0.2665
4.0

ILD1a
4
-0.8825000000000001 0.2665
3.0875 0.2665
3.0875 0.2765
-0.8825000000000001 0.2765
7.0

IMD2a
4
-0.8825000000000001 0.4665
3.0875 0.4665
3.0875 0.4875
-0.8825000000000001 0.4875
5.2

IMD2b
4
-0.8825000000000001 0.4875
3.0875 0.4875
3.0875 0.5025
-0.8825000000000001 0.5025
4.2

IMD2c
4
-0.8825000000000001 0.5025
3.0875 0.5025
3.0875 0.5265
-0.8825000000000001 0.5265
3.28

IMD2d1+IMD2d2
4
-0.8825000000000001 0.5265
3.0875 0.5265
3.0875 0.6535
-0.8825000000000001 0.6535
2.65

IMD3a
4
-0.8825000000000001 0.6535
3.0875 0.6535
3.0875 0.6745
-0.8825000000000001 0.6745
5.2

IMD3b
4
-0.8825000000000001 0.6745
3.0875 0.6745
3.0875 0.6895
-0.8825000000000001 0.6895
4.2

IMD3c
4
-0.8825000000000001 0.6895
3.0875 0.6895
3.0875 0.7135
-0.8825000000000001 0.7135
3.28

IMD3d1+IMD3d2
4
-0.8825000000000001 0.7135
3.0875 0.7135
3.0875 0.8405
-0.8825000000000001 0.8405
2.65

IMD4a
4
-0.8825000000000001 0.8405
3.0875 0.8405
3.0875 0.8615
-0.8825000000000001 0.8615
5.2

IMD4b
4
-0.8825000000000001 0.8615
3.0875 0.8615
3.0875 0.8765
-0.8825000000000001 0.8765
4.2

IMD4c
4
-0.8825000000000001 0.8765
3.0875 0.8765
3.0875 0.9005
-0.8825000000000001 0.9005
3.28


4
-0.8825000000000001 0.001
3.0875 0.001
3.0875 0.9285000000000001
-0.8825000000000001 0.9285000000000001

