c1
4
-0.44542 0.37050000000000005
0.44542 0.37050000000000005
0.45458 0.4665
-0.45458 0.4665

7
botleft
4
-2.165 -0.001
0 -0.001
0 0.001
-2.165 0.001

botright
4
0 -0.001
1.5574999999999997 -0.001
1.5574999999999997 0.001
0 0.001

lEnv
4
-1.6604199999999998 0.37050000000000005
-0.7695799999999999 0.37050000000000005
-0.76042 0.4665
-1.6695799999999998 0.4665

c2
4
0.4770799999999999 0.37050000000000005
0.6029199999999998 0.37050000000000005
0.6120799999999997 0.4665
0.4679199999999999 0.4665

rEnv
4
0.9270799999999996 0.37050000000000005
1.0529199999999994 0.37050000000000005
1.0620799999999995 0.4665
0.9179199999999996 0.4665

topleft
4
-2.165 1.3025
0 1.3025
0 1.4015
-2.165 1.4015

topright
4
0 1.3025
1.5574999999999997 1.3025
1.5574999999999997 1.4015
0 1.4015


39
IMD6d1_damage
4
-2.165 1.2925
1.5574999999999997 1.2925
1.5574999999999997 1.3025
-2.165 1.3025
3.1

IMD1b
4
-2.165 0.40650000000000003
-1.6638549999999999 0.40650000000000003
-1.6695799999999998 0.4665
-2.165 0.4665
2.8

IMD1b
4
-0.766145 0.40650000000000003
-0.448855 0.40650000000000003
-0.45458 0.4665
-0.76042 0.4665
2.8

IMD1b
4
0.448855 0.40650000000000003
0.47364499999999987 0.40650000000000003
0.4679199999999999 0.4665
0.45458 0.4665
2.8

IMD1b
4
0.6063549999999998 0.40650000000000003
0.9236449999999996 0.40650000000000003
0.9179199999999996 0.4665
0.6120799999999997 0.4665
2.8

IMD1b
4
1.0563549999999995 0.40650000000000003
1.5574999999999997 0.40650000000000003
1.5574999999999997 0.4665
1.0620799999999995 0.4665
2.8

IMD1a
4
-2.165 0.3955
-1.6628054166666666 0.3955
-1.6638549999999999 0.40650000000000003
-2.165 0.40650000000000003
5.2

IMD1a
4
-0.7671945833333333 0.3955
-0.4478054166666667 0.3955
-0.448855 0.40650000000000003
-0.766145 0.40650000000000003
5.2

IMD1a
4
0.4478054166666667 0.3955
0.4746945833333332 0.3955
0.47364499999999987 0.40650000000000003
0.448855 0.40650000000000003
5.2

IMD1a
4
0.6053054166666664 0.3955
0.924694583333333 0.3955
0.9236449999999996 0.40650000000000003
0.6063549999999998 0.40650000000000003
5.2

IMD1a
4
1.0553054166666662 0.3955
1.5574999999999997 0.3955
1.5574999999999997 0.40650000000000003
1.0563549999999995 0.40650000000000003
5.2

ILD1b3
4
-2.165 0.37050000000000005
-1.6604199999999998 0.37050000000000005
-1.6628054166666666 0.3955
-2.165 0.3955
4

ILD1b3
4
-0.7695799999999999 0.37050000000000005
-0.44542 0.37050000000000005
-0.4478054166666667 0.3955
-0.7671945833333333 0.3955
4

ILD1b3
4
0.44542 0.37050000000000005
0.4770799999999999 0.37050000000000005
0.4746945833333332 0.3955
0.4478054166666667 0.3955
4

ILD1b3
4
0.6029199999999998 0.37050000000000005
0.9270799999999996 0.37050000000000005
0.924694583333333 0.3955
0.6053054166666664 0.3955
4

ILD1b3
4
1.0529199999999994 0.37050000000000005
1.5574999999999997 0.37050000000000005
1.5574999999999997 0.3955
1.0553054166666662 0.3955
4

ILD1b1+ILD1b2
4
-2.165 0.2765
1.5574999999999997 0.2765
1.5574999999999997 0.37050000000000005
-2.165 0.37050000000000005
4

IMD6d1
4
-2.165 1.2745
1.5574999999999997 1.2745
1.5574999999999997 1.2925
-2.165 1.2925
2.65

FOXA+FOXB+TOX
4
-2.165 0.001
1.5574999999999997 0.001
1.5574999999999997 0.2665
-2.165 0.2665
4.0

ILD1a
4
-2.165 0.2665
1.5574999999999997 0.2665
1.5574999999999997 0.2765
-2.165 0.2765
7.0

IMD2a
4
-2.165 0.4665
1.5574999999999997 0.4665
1.5574999999999997 0.4875
-2.165 0.4875
5.2

IMD2b
4
-2.165 0.4875
1.5574999999999997 0.4875
1.5574999999999997 0.5025
-2.165 0.5025
4.2

IMD2c
4
-2.165 0.5025
1.5574999999999997 0.5025
1.5574999999999997 0.5265
-2.165 0.5265
3.28

IMD2d1+IMD2d2
4
-2.165 0.5265
1.5574999999999997 0.5265
1.5574999999999997 0.6535
-2.165 0.6535
2.65

IMD3a
4
-2.165 0.6535
1.5574999999999997 0.6535
1.5574999999999997 0.6745
-2.165 0.6745
5.2

IMD3b
4
-2.165 0.6745
1.5574999999999997 0.6745
1.5574999999999997 0.6895
-2.165 0.6895
4.2

IMD3c
4
-2.165 0.6895
1.5574999999999997 0.6895
1.5574999999999997 0.7135
-2.165 0.7135
3.28

IMD3d1+IMD3d2
4
-2.165 0.7135
1.5574999999999997 0.7135
1.5574999999999997 0.8405
-2.165 0.8405
2.65

IMD4a
4
-2.165 0.8405
1.5574999999999997 0.8405
1.5574999999999997 0.8615
-2.165 0.8615
5.2

IMD4b
4
-2.165 0.8615
1.5574999999999997 0.8615
1.5574999999999997 0.8765
-2.165 0.8765
4.2

IMD4c
4
-2.165 0.8765
1.5574999999999997 0.8765
1.5574999999999997 0.9005
-2.165 0.9005
3.28

IMD4d1+IMD4d2
4
-2.165 0.9005
1.5574999999999997 0.9005
1.5574999999999997 1.0275
-2.165 1.0275
2.65

IMD5a
4
-2.165 1.0275
1.5574999999999997 1.0275
1.5574999999999997 1.0485
-2.165 1.0485
5.2

IMD5b
4
-2.165 1.0485
1.5574999999999997 1.0485
1.5574999999999997 1.0635
-2.165 1.0635
4.2

IMD5c
4
-2.165 1.0635
1.5574999999999997 1.0635
1.5574999999999997 1.0875
-2.165 1.0875
3.28

IMD5d1+IMD5d2
4
-2.165 1.0875
1.5574999999999997 1.0875
1.5574999999999997 1.2145
-2.165 1.2145
2.65

IMD6a
4
-2.165 1.2145
1.5574999999999997 1.2145
1.5574999999999997 1.2355
-2.165 1.2355
5.2

IMD6b
4
-2.165 1.2355
1.5574999999999997 1.2355
1.5574999999999997 1.2505
-2.165 1.2505
4.2

IMD6c
4
-2.165 1.2505
1.5574999999999997 1.2505
1.5574999999999997 1.2745
-2.165 1.2745
3.28


4
-2.165 0.001
1.5574999999999997 0.001
1.5574999999999997 1.3025
-2.165 1.3025

