c1
4
-0.06291999999999998 0.37050000000000005
0.06292000000000003 0.37050000000000005
0.07208000000000003 0.4665
-0.07207999999999998 0.4665

7
botleft
4
-0.7475 -0.001
0 -0.001
0 0.001
-0.7475 0.001

botright
4
0 -0.001
1.3325 -0.001
1.3325 0.001
0 0.001

lEnv
4
-0.24291999999999997 0.37050000000000005
-0.11707999999999996 0.37050000000000005
-0.10791999999999996 0.4665
-0.25207999999999997 0.4665

c2
4
0.5220799999999999 0.37050000000000005
0.64792 0.37050000000000005
0.65708 0.4665
0.5129199999999999 0.4665

rEnv
4
0.7020799999999999 0.37050000000000005
0.82792 0.37050000000000005
0.8370799999999999 0.4665
0.69292 0.4665

topleft
4
-0.7475 0.9285000000000001
0 0.9285000000000001
0 1.0275
-0.7475 1.0275

topright
4
0 0.9285000000000001
1.3325 0.9285000000000001
1.3325 1.0275
0 1.0275


31
IMD4d1_damage
4
-0.7475 0.9185000000000001
1.3325 0.9185000000000001
1.3325 0.9285000000000001
-0.7475 0.9285000000000001
3.1

IMD1b
4
-0.7475 0.40650000000000003
-0.24635499999999996 0.40650000000000003
-0.25207999999999997 0.4665
-0.7475 0.4665
2.8

IMD1b
4
-0.11364499999999995 0.40650000000000003
-0.06635499999999998 0.40650000000000003
-0.07207999999999998 0.4665
-0.10791999999999996 0.4665
2.8

IMD1b
4
0.06635500000000004 0.40650000000000003
0.5186449999999999 0.40650000000000003
0.5129199999999999 0.4665
0.07208000000000003 0.4665
2.8

IMD1b
4
0.651355 0.40650000000000003
0.698645 0.40650000000000003
0.69292 0.4665
0.65708 0.4665
2.8

IMD1b
4
0.831355 0.40650000000000003
1.3325 0.40650000000000003
1.3325 0.4665
0.8370799999999999 0.4665
2.8

IMD1a
4
-0.7475 0.3955
-0.24530541666666664 0.3955
-0.24635499999999996 0.40650000000000003
-0.7475 0.40650000000000003
5.2

IMD1a
4
-0.1146945833333333 0.3955
-0.06530541666666664 0.3955
-0.06635499999999998 0.40650000000000003
-0.11364499999999995 0.40650000000000003
5.2

IMD1a
4
0.0653054166666667 0.3955
0.5196945833333333 0.3955
0.5186449999999999 0.40650000000000003
0.06635500000000004 0.40650000000000003
5.2

IMD1a
4
0.6503054166666666 0.3955
0.6996945833333333 0.3955
0.698645 0.40650000000000003
0.651355 0.40650000000000003
5.2

IMD1a
4
0.8303054166666666 0.3955
1.3325 0.3955
1.3325 0.40650000000000003
0.831355 0.40650000000000003
5.2

ILD1b3
4
-0.7475 0.37050000000000005
-0.24291999999999997 0.37050000000000005
-0.24530541666666664 0.3955
-0.7475 0.3955
4

ILD1b3
4
-0.11707999999999996 0.37050000000000005
-0.06291999999999998 0.37050000000000005
-0.06530541666666664 0.3955
-0.1146945833333333 0.3955
4

ILD1b3
4
0.06292000000000003 0.37050000000000005
0.5220799999999999 0.37050000000000005
0.5196945833333333 0.3955
0.0653054166666667 0.3955
4

ILD1b3
4
0.64792 0.37050000000000005
0.7020799999999999 0.37050000000000005
0.6996945833333333 0.3955
0.6503054166666666 0.3955
4

ILD1b3
4
0.82792 0.37050000000000005
1.3325 0.37050000000000005
1.3325 0.3955
0.8303054166666666 0.3955
4

ILD1b1+ILD1b2
4
-0.7475 0.2765
1.3325 0.2765
1.3325 0.37050000000000005
-0.7475 0.37050000000000005
4

IMD4d1
4
-0.7475 0.9005
1.3325 0.9005
1.3325 0.9185000000000001
-0.7475 0.9185000000000001
2.65

FOXA+FOXB+TOX
4
-0.7475 0.001
1.3325 0.001
1.3325 0.2665
-0.7475 0.2665
4.0

ILD1a
4
-0.7475 0.2665
1.3325 0.2665
1.3325 0.2765
-0.7475 0.2765
7.0

IMD2a
4
-0.7475 0.4665
1.3325 0.4665
1.3325 0.4875
-0.7475 0.4875
5.2

IMD2b
4
-0.7475 0.4875
1.3325 0.4875
1.3325 0.5025
-0.7475 0.5025
4.2

IMD2c
4
-0.7475 0.5025
1.3325 0.5025
1.3325 0.5265
-0.7475 0.5265
3.28

IMD2d1+IMD2d2
4
-0.7475 0.5265
1.3325 0.5265
1.3325 0.6535
-0.7475 0.6535
2.65

IMD3a
4
-0.7475 0.6535
1.3325 0.6535
1.3325 0.6745
-0.7475 0.6745
5.2

IMD3b
4
-0.7475 0.6745
1.3325 0.6745
1.3325 0.6895
-0.7475 0.6895
4.2

IMD3c
4
-0.7475 0.6895
1.3325 0.6895
1.3325 0.7135
-0.7475 0.7135
3.28

IMD3d1+IMD3d2
4
-0.7475 0.7135
1.3325 0.7135
1.3325 0.8405
-0.7475 0.8405
2.65

IMD4a
4
-0.7475 0.8405
1.3325 0.8405
1.3325 0.8615
-0.7475 0.8615
5.2

IMD4b
4
-0.7475 0.8615
1.3325 0.8615
1.3325 0.8765
-0.7475 0.8765
4.2

IMD4c
4
-0.7475 0.8765
1.3325 0.8765
1.3325 0.9005
-0.7475 0.9005
3.28


4
-0.7475 0.001
1.3325 0.001
1.3325 0.9285000000000001
-0.7475 0.9285000000000001

