botcenter
4
0 -0.001
0.6524999999999999 -0.001
0.6524999999999999 0.001
0 0.001

9
lEnv
4
-1.6604199999999998 0.37050000000000005
-0.7695799999999999 0.37050000000000005
-0.76042 0.4665
-1.6695799999999998 0.4665

c1
4
-0.44542 0.37050000000000005
0.44542 0.37050000000000005
0.45458 0.4665
-0.45458 0.4665

c2
4
0.63458 0.37050000000000005
0.6704200000000001 0.37050000000000005
0.6795800000000001 0.4665
0.6254200000000001 0.4665

rEnv
4
0.9945799999999999 0.37050000000000005
1.03042 0.37050000000000005
1.03958 0.4665
0.98542 0.4665

topleft
4
-2.165 0.9285000000000001
0 0.9285000000000001
0 1.0275
-2.165 1.0275

topcenter
4
0 0.9285000000000001
0.6524999999999999 0.9285000000000001
0.6524999999999999 1.0275
0 1.0275

topright
4
0.6524999999999999 0.9285000000000001
1.5350000000000001 0.9285000000000001
1.5350000000000001 1.0275
0.6524999999999999 1.0275

botleft
4
-2.165 -0.001
0 -0.001
0 0.001
-2.165 0.001

botright
4
0.6524999999999999 -0.001
1.5350000000000001 -0.001
1.5350000000000001 0.001
0.6524999999999999 0.001


31
IMD4d1_damage
4
-2.165 0.9185000000000001
1.5350000000000001 0.9185000000000001
1.5350000000000001 0.9285000000000001
-2.165 0.9285000000000001
3.1

IMD1b
4
-2.165 0.40650000000000003
-1.6638549999999999 0.40650000000000003
-1.6695799999999998 0.4665
-2.165 0.4665
2.8

IMD1b
4
-0.766145 0.40650000000000003
-0.448855 0.40650000000000003
-0.45458 0.4665
-0.76042 0.4665
2.8

IMD1b
4
0.448855 0.40650000000000003
0.6311450000000001 0.40650000000000003
0.6254200000000001 0.4665
0.45458 0.4665
2.8

IMD1b
4
0.6738550000000001 0.40650000000000003
0.9911449999999999 0.40650000000000003
0.98542 0.4665
0.6795800000000001 0.4665
2.8

IMD1b
4
1.033855 0.40650000000000003
1.5350000000000001 0.40650000000000003
1.5350000000000001 0.4665
1.03958 0.4665
2.8

IMD1a
4
-2.165 0.3955
-1.6628054166666666 0.3955
-1.6638549999999999 0.40650000000000003
-2.165 0.40650000000000003
5.2

IMD1a
4
-0.7671945833333333 0.3955
-0.4478054166666667 0.3955
-0.448855 0.40650000000000003
-0.766145 0.40650000000000003
5.2

IMD1a
4
0.4478054166666667 0.3955
0.6321945833333334 0.3955
0.6311450000000001 0.40650000000000003
0.448855 0.40650000000000003
5.2

IMD1a
4
0.6728054166666667 0.3955
0.9921945833333333 0.3955
0.9911449999999999 0.40650000000000003
0.6738550000000001 0.40650000000000003
5.2

IMD1a
4
1.0328054166666667 0.3955
1.5350000000000001 0.3955
1.5350000000000001 0.40650000000000003
1.033855 0.40650000000000003
5.2

ILD1b3
4
-2.165 0.37050000000000005
-1.6604199999999998 0.37050000000000005
-1.6628054166666666 0.3955
-2.165 0.3955
4

ILD1b3
4
-0.7695799999999999 0.37050000000000005
-0.44542 0.37050000000000005
-0.4478054166666667 0.3955
-0.7671945833333333 0.3955
4

ILD1b3
4
0.44542 0.37050000000000005
0.63458 0.37050000000000005
0.6321945833333334 0.3955
0.4478054166666667 0.3955
4

ILD1b3
4
0.6704200000000001 0.37050000000000005
0.9945799999999999 0.37050000000000005
0.9921945833333333 0.3955
0.6728054166666667 0.3955
4

ILD1b3
4
1.03042 0.37050000000000005
1.5350000000000001 0.37050000000000005
1.5350000000000001 0.3955
1.0328054166666667 0.3955
4

ILD1b1+ILD1b2
4
-2.165 0.2765
1.5350000000000001 0.2765
1.5350000000000001 0.37050000000000005
-2.165 0.37050000000000005
4

IMD4d1
4
-2.165 0.9005
1.5350000000000001 0.9005
1.5350000000000001 0.9185000000000001
-2.165 0.9185000000000001
2.65

FOXA+FOXB+TOX
4
-2.165 0.001
1.5350000000000001 0.001
1.5350000000000001 0.2665
-2.165 0.2665
4.0

ILD1a
4
-2.165 0.2665
1.5350000000000001 0.2665
1.5350000000000001 0.2765
-2.165 0.2765
7.0

IMD2a
4
-2.165 0.4665
1.5350000000000001 0.4665
1.5350000000000001 0.4875
-2.165 0.4875
5.2

IMD2b
4
-2.165 0.4875
1.5350000000000001 0.4875
1.5350000000000001 0.5025
-2.165 0.5025
4.2

IMD2c
4
-2.165 0.5025
1.5350000000000001 0.5025
1.5350000000000001 0.5265
-2.165 0.5265
3.28

IMD2d1+IMD2d2
4
-2.165 0.5265
1.5350000000000001 0.5265
1.5350000000000001 0.6535
-2.165 0.6535
2.65

IMD3a
4
-2.165 0.6535
1.5350000000000001 0.6535
1.5350000000000001 0.6745
-2.165 0.6745
5.2

IMD3b
4
-2.165 0.6745
1.5350000000000001 0.6745
1.5350000000000001 0.6895
-2.165 0.6895
4.2

IMD3c
4
-2.165 0.6895
1.5350000000000001 0.6895
1.5350000000000001 0.7135
-2.165 0.7135
3.28

IMD3d1+IMD3d2
4
-2.165 0.7135
1.5350000000000001 0.7135
1.5350000000000001 0.8405
-2.165 0.8405
2.65

IMD4a
4
-2.165 0.8405
1.5350000000000001 0.8405
1.5350000000000001 0.8615
-2.165 0.8615
5.2

IMD4b
4
-2.165 0.8615
1.5350000000000001 0.8615
1.5350000000000001 0.8765
-2.165 0.8765
4.2

IMD4c
4
-2.165 0.8765
1.5350000000000001 0.8765
1.5350000000000001 0.9005
-2.165 0.9005
3.28


4
-2.165 0.001
1.5350000000000001 0.001
1.5350000000000001 0.9285000000000001
-2.165 0.9285000000000001

