botcenter
4
0 -0.001
0.6074999999999999 -0.001
0.6074999999999999 0.001
0 0.001

9
lEnv
4
-0.51292 0.37050000000000005
-0.38708 0.37050000000000005
-0.37792 0.4665
-0.52208 0.4665

c1
4
-0.06291999999999998 0.37050000000000005
0.06292000000000003 0.37050000000000005
0.07208000000000003 0.4665
-0.07207999999999998 0.4665

c2
4
0.16208000000000006 0.37050000000000005
1.0529199999999999 0.37050000000000005
1.06208 0.4665
0.15292000000000006 0.4665

rEnv
4
1.3770799999999999 0.37050000000000005
2.2679199999999997 0.37050000000000005
2.2770799999999998 0.4665
1.3679199999999998 0.4665

topleft
4
-1.0175 0.9285000000000001
0 0.9285000000000001
0 1.0275
-1.0175 1.0275

topcenter
4
0 0.9285000000000001
0.6074999999999999 0.9285000000000001
0.6074999999999999 1.0275
0 1.0275

topright
4
0.6074999999999999 0.9285000000000001
2.7725 0.9285000000000001
2.7725 1.0275
0.6074999999999999 1.0275

botleft
4
-1.0175 -0.001
0 -0.001
0 0.001
-1.0175 0.001

botright
4
0.6074999999999999 -0.001
2.7725 -0.001
2.7725 0.001
0.6074999999999999 0.001


31
IMD4d1_damage
4
-1.0175 0.9185000000000001
2.7725 0.9185000000000001
2.7725 0.9285000000000001
-1.0175 0.9285000000000001
3.1

IMD1b
4
-1.0175 0.40650000000000003
-0.516355 0.40650000000000003
-0.52208 0.4665
-1.0175 0.4665
2.8

IMD1b
4
-0.38364499999999996 0.40650000000000003
-0.06635499999999998 0.40650000000000003
-0.07207999999999998 0.4665
-0.37792 0.4665
2.8

IMD1b
4
0.06635500000000004 0.40650000000000003
0.15864500000000006 0.40650000000000003
0.15292000000000006 0.4665
0.07208000000000003 0.4665
2.8

IMD1b
4
1.056355 0.40650000000000003
1.3736449999999998 0.40650000000000003
1.3679199999999998 0.4665
1.06208 0.4665
2.8

IMD1b
4
2.271355 0.40650000000000003
2.7725 0.40650000000000003
2.7725 0.4665
2.2770799999999998 0.4665
2.8

IMD1a
4
-1.0175 0.3955
-0.5153054166666666 0.3955
-0.516355 0.40650000000000003
-1.0175 0.40650000000000003
5.2

IMD1a
4
-0.3846945833333333 0.3955
-0.06530541666666664 0.3955
-0.06635499999999998 0.40650000000000003
-0.38364499999999996 0.40650000000000003
5.2

IMD1a
4
0.0653054166666667 0.3955
0.1596945833333334 0.3955
0.15864500000000006 0.40650000000000003
0.06635500000000004 0.40650000000000003
5.2

IMD1a
4
1.0553054166666667 0.3955
1.374694583333333 0.3955
1.3736449999999998 0.40650000000000003
1.056355 0.40650000000000003
5.2

IMD1a
4
2.2703054166666665 0.3955
2.7725 0.3955
2.7725 0.40650000000000003
2.271355 0.40650000000000003
5.2

ILD1b3
4
-1.0175 0.37050000000000005
-0.51292 0.37050000000000005
-0.5153054166666666 0.3955
-1.0175 0.3955
4

ILD1b3
4
-0.38708 0.37050000000000005
-0.06291999999999998 0.37050000000000005
-0.06530541666666664 0.3955
-0.3846945833333333 0.3955
4

ILD1b3
4
0.06292000000000003 0.37050000000000005
0.16208000000000006 0.37050000000000005
0.1596945833333334 0.3955
0.0653054166666667 0.3955
4

ILD1b3
4
1.0529199999999999 0.37050000000000005
1.3770799999999999 0.37050000000000005
1.374694583333333 0.3955
1.0553054166666667 0.3955
4

ILD1b3
4
2.2679199999999997 0.37050000000000005
2.7725 0.37050000000000005
2.7725 0.3955
2.2703054166666665 0.3955
4

ILD1b1+ILD1b2
4
-1.0175 0.2765
2.7725 0.2765
2.7725 0.37050000000000005
-1.0175 0.37050000000000005
4

IMD4d1
4
-1.0175 0.9005
2.7725 0.9005
2.7725 0.9185000000000001
-1.0175 0.9185000000000001
2.65

FOXA+FOXB+TOX
4
-1.0175 0.001
2.7725 0.001
2.7725 0.2665
-1.0175 0.2665
4.0

ILD1a
4
-1.0175 0.2665
2.7725 0.2665
2.7725 0.2765
-1.0175 0.2765
7.0

IMD2a
4
-1.0175 0.4665
2.7725 0.4665
2.7725 0.4875
-1.0175 0.4875
5.2

IMD2b
4
-1.0175 0.4875
2.7725 0.4875
2.7725 0.5025
-1.0175 0.5025
4.2

IMD2c
4
-1.0175 0.5025
2.7725 0.5025
2.7725 0.5265
-1.0175 0.5265
3.28

IMD2d1+IMD2d2
4
-1.0175 0.5265
2.7725 0.5265
2.7725 0.6535
-1.0175 0.6535
2.65

IMD3a
4
-1.0175 0.6535
2.7725 0.6535
2.7725 0.6745
-1.0175 0.6745
5.2

IMD3b
4
-1.0175 0.6745
2.7725 0.6745
2.7725 0.6895
-1.0175 0.6895
4.2

IMD3c
4
-1.0175 0.6895
2.7725 0.6895
2.7725 0.7135
-1.0175 0.7135
3.28

IMD3d1+IMD3d2
4
-1.0175 0.7135
2.7725 0.7135
2.7725 0.8405
-1.0175 0.8405
2.65

IMD4a
4
-1.0175 0.8405
2.7725 0.8405
2.7725 0.8615
-1.0175 0.8615
5.2

IMD4b
4
-1.0175 0.8615
2.7725 0.8615
2.7725 0.8765
-1.0175 0.8765
4.2

IMD4c
4
-1.0175 0.8765
2.7725 0.8765
2.7725 0.9005
-1.0175 0.9005
3.28


4
-1.0175 0.001
2.7725 0.001
2.7725 0.9285000000000001
-1.0175 0.9285000000000001

