c1
4
-0.06291999999999998 0.37050000000000005
0.06292000000000003 0.37050000000000005
0.07208000000000003 0.4665
-0.07207999999999998 0.4665

7
botleft
4
-1.0175 -0.001
0 -0.001
0 0.001
-1.0175 0.001

botright
4
0 -0.001
1.1750000000000003 -0.001
1.1750000000000003 0.001
0 0.001

lEnv
4
-0.51292 0.37050000000000005
-0.38708 0.37050000000000005
-0.37792 0.4665
-0.52208 0.4665

c2
4
0.09458000000000005 0.37050000000000005
0.22042 0.37050000000000005
0.22958 0.4665
0.08542000000000005 0.4665

rEnv
4
0.5445800000000001 0.37050000000000005
0.6704200000000002 0.37050000000000005
0.6795800000000002 0.4665
0.5354200000000001 0.4665

topleft
4
-1.0175 1.1155
0 1.1155
0 1.2145
-1.0175 1.2145

topright
4
0 1.1155
1.1750000000000003 1.1155
1.1750000000000003 1.2145
0 1.2145


35
IMD5d1_damage
4
-1.0175 1.1055
1.1750000000000003 1.1055
1.1750000000000003 1.1155
-1.0175 1.1155
3.1

IMD1b
4
-1.0175 0.40650000000000003
-0.516355 0.40650000000000003
-0.52208 0.4665
-1.0175 0.4665
2.8

IMD1b
4
-0.38364499999999996 0.40650000000000003
-0.06635499999999998 0.40650000000000003
-0.07207999999999998 0.4665
-0.37792 0.4665
2.8

IMD1b
4
0.06635500000000004 0.40650000000000003
0.09114500000000005 0.40650000000000003
0.08542000000000005 0.4665
0.07208000000000003 0.4665
2.8

IMD1b
4
0.223855 0.40650000000000003
0.5411450000000001 0.40650000000000003
0.5354200000000001 0.4665
0.22958 0.4665
2.8

IMD1b
4
0.6738550000000002 0.40650000000000003
1.1750000000000003 0.40650000000000003
1.1750000000000003 0.4665
0.6795800000000002 0.4665
2.8

IMD1a
4
-1.0175 0.3955
-0.5153054166666666 0.3955
-0.516355 0.40650000000000003
-1.0175 0.40650000000000003
5.2

IMD1a
4
-0.3846945833333333 0.3955
-0.06530541666666664 0.3955
-0.06635499999999998 0.40650000000000003
-0.38364499999999996 0.40650000000000003
5.2

IMD1a
4
0.0653054166666667 0.3955
0.09219458333333339 0.3955
0.09114500000000005 0.40650000000000003
0.06635500000000004 0.40650000000000003
5.2

IMD1a
4
0.22280541666666667 0.3955
0.5421945833333335 0.3955
0.5411450000000001 0.40650000000000003
0.223855 0.40650000000000003
5.2

IMD1a
4
0.6728054166666668 0.3955
1.1750000000000003 0.3955
1.1750000000000003 0.40650000000000003
0.6738550000000002 0.40650000000000003
5.2

ILD1b3
4
-1.0175 0.37050000000000005
-0.51292 0.37050000000000005
-0.5153054166666666 0.3955
-1.0175 0.3955
4

ILD1b3
4
-0.38708 0.37050000000000005
-0.06291999999999998 0.37050000000000005
-0.06530541666666664 0.3955
-0.3846945833333333 0.3955
4

ILD1b3
4
0.06292000000000003 0.37050000000000005
0.09458000000000005 0.37050000000000005
0.09219458333333339 0.3955
0.0653054166666667 0.3955
4

ILD1b3
4
0.22042 0.37050000000000005
0.5445800000000001 0.37050000000000005
0.5421945833333335 0.3955
0.22280541666666667 0.3955
4

ILD1b3
4
0.6704200000000002 0.37050000000000005
1.1750000000000003 0.37050000000000005
1.1750000000000003 0.3955
0.6728054166666668 0.3955
4

ILD1b1+ILD1b2
4
-1.0175 0.2765
1.1750000000000003 0.2765
1.1750000000000003 0.37050000000000005
-1.0175 0.37050000000000005
4

IMD5d1
4
-1.0175 1.0875
1.1750000000000003 1.0875
1.1750000000000003 1.1055
-1.0175 1.1055
2.65

FOXA+FOXB+TOX
4
-1.0175 0.001
1.1750000000000003 0.001
1.1750000000000003 0.2665
-1.0175 0.2665
4.0

ILD1a
4
-1.0175 0.2665
1.1750000000000003 0.2665
1.1750000000000003 0.2765
-1.0175 0.2765
7.0

IMD2a
4
-1.0175 0.4665
1.1750000000000003 0.4665
1.1750000000000003 0.4875
-1.0175 0.4875
5.2

IMD2b
4
-1.0175 0.4875
1.1750000000000003 0.4875
1.1750000000000003 0.5025
-1.0175 0.5025
4.2

IMD2c
4
-1.0175 0.5025
1.1750000000000003 0.5025
1.1750000000000003 0.5265
-1.0175 0.5265
3.28

IMD2d1+IMD2d2
4
-1.0175 0.5265
1.1750000000000003 0.5265
1.1750000000000003 0.6535
-1.0175 0.6535
2.65

IMD3a
4
-1.0175 0.6535
1.1750000000000003 0.6535
1.1750000000000003 0.6745
-1.0175 0.6745
5.2

IMD3b
4
-1.0175 0.6745
1.1750000000000003 0.6745
1.1750000000000003 0.6895
-1.0175 0.6895
4.2

IMD3c
4
-1.0175 0.6895
1.1750000000000003 0.6895
1.1750000000000003 0.7135
-1.0175 0.7135
3.28

IMD3d1+IMD3d2
4
-1.0175 0.7135
1.1750000000000003 0.7135
1.1750000000000003 0.8405
-1.0175 0.8405
2.65

IMD4a
4
-1.0175 0.8405
1.1750000000000003 0.8405
1.1750000000000003 0.8615
-1.0175 0.8615
5.2

IMD4b
4
-1.0175 0.8615
1.1750000000000003 0.8615
1.1750000000000003 0.8765
-1.0175 0.8765
4.2

IMD4c
4
-1.0175 0.8765
1.1750000000000003 0.8765
1.1750000000000003 0.9005
-1.0175 0.9005
3.28

IMD4d1+IMD4d2
4
-1.0175 0.9005
1.1750000000000003 0.9005
1.1750000000000003 1.0275
-1.0175 1.0275
2.65

IMD5a
4
-1.0175 1.0275
1.1750000000000003 1.0275
1.1750000000000003 1.0485
-1.0175 1.0485
5.2

IMD5b
4
-1.0175 1.0485
1.1750000000000003 1.0485
1.1750000000000003 1.0635
-1.0175 1.0635
4.2

IMD5c
4
-1.0175 1.0635
1.1750000000000003 1.0635
1.1750000000000003 1.0875
-1.0175 1.0875
3.28


4
-1.0175 0.001
1.1750000000000003 0.001
1.1750000000000003 1.1155
-1.0175 1.1155

