c1
4
-0.017920000000000005 0.37050000000000005
0.017920000000000005 0.37050000000000005
0.027080000000000007 0.4665
-0.027080000000000007 0.4665

7
botleft
4
-0.6125 -0.001
0 -0.001
0 0.001
-0.6125 0.001

botright
4
0 -0.001
0.8780000000000001 -0.001
0.8780000000000001 0.001
0 0.001

lEnv
4
-0.10792 0.37050000000000005
-0.07208 0.37050000000000005
-0.06292 0.4665
-0.11708 0.4665

c2
4
0.06758000000000002 0.37050000000000005
0.19342000000000004 0.37050000000000005
0.20258000000000004 0.4665
0.058420000000000014 0.4665

rEnv
4
0.24758000000000002 0.37050000000000005
0.37342000000000003 0.37050000000000005
0.38258000000000003 0.4665
0.23842000000000002 0.4665

topleft
4
-0.6125 1.3025
0 1.3025
0 1.4015
-0.6125 1.4015

topright
4
0 1.3025
0.8780000000000001 1.3025
0.8780000000000001 1.4015
0 1.4015


39
IMD6d1_damage
4
-0.6125 1.2925
0.8780000000000001 1.2925
0.8780000000000001 1.3025
-0.6125 1.3025
3.1

IMD1b
4
-0.6125 0.40650000000000003
-0.11135500000000001 0.40650000000000003
-0.11708 0.4665
-0.6125 0.4665
2.8

IMD1b
4
-0.068645 0.40650000000000003
-0.021355000000000006 0.40650000000000003
-0.027080000000000007 0.4665
-0.06292 0.4665
2.8

IMD1b
4
0.021355000000000006 0.40650000000000003
0.06414500000000001 0.40650000000000003
0.058420000000000014 0.4665
0.027080000000000007 0.4665
2.8

IMD1b
4
0.19685500000000003 0.40650000000000003
0.24414500000000003 0.40650000000000003
0.23842000000000002 0.4665
0.20258000000000004 0.4665
2.8

IMD1b
4
0.37685500000000005 0.40650000000000003
0.8780000000000001 0.40650000000000003
0.8780000000000001 0.4665
0.38258000000000003 0.4665
2.8

IMD1a
4
-0.6125 0.3955
-0.11030541666666667 0.3955
-0.11135500000000001 0.40650000000000003
-0.6125 0.40650000000000003
5.2

IMD1a
4
-0.06969458333333334 0.3955
-0.020305416666666673 0.3955
-0.021355000000000006 0.40650000000000003
-0.068645 0.40650000000000003
5.2

IMD1a
4
0.020305416666666673 0.3955
0.06519458333333335 0.3955
0.06414500000000001 0.40650000000000003
0.021355000000000006 0.40650000000000003
5.2

IMD1a
4
0.1958054166666667 0.3955
0.24519458333333335 0.3955
0.24414500000000003 0.40650000000000003
0.19685500000000003 0.40650000000000003
5.2

IMD1a
4
0.3758054166666667 0.3955
0.8780000000000001 0.3955
0.8780000000000001 0.40650000000000003
0.37685500000000005 0.40650000000000003
5.2

ILD1b3
4
-0.6125 0.37050000000000005
-0.10792 0.37050000000000005
-0.11030541666666667 0.3955
-0.6125 0.3955
4

ILD1b3
4
-0.07208 0.37050000000000005
-0.017920000000000005 0.37050000000000005
-0.020305416666666673 0.3955
-0.06969458333333334 0.3955
4

ILD1b3
4
0.017920000000000005 0.37050000000000005
0.06758000000000002 0.37050000000000005
0.06519458333333335 0.3955
0.020305416666666673 0.3955
4

ILD1b3
4
0.19342000000000004 0.37050000000000005
0.24758000000000002 0.37050000000000005
0.24519458333333335 0.3955
0.1958054166666667 0.3955
4

ILD1b3
4
0.37342000000000003 0.37050000000000005
0.8780000000000001 0.37050000000000005
0.8780000000000001 0.3955
0.3758054166666667 0.3955
4

ILD1b1+ILD1b2
4
-0.6125 0.2765
0.8780000000000001 0.2765
0.8780000000000001 0.37050000000000005
-0.6125 0.37050000000000005
4

IMD6d1
4
-0.6125 1.2745
0.8780000000000001 1.2745
0.8780000000000001 1.2925
-0.6125 1.2925
2.65

FOXA+FOXB+TOX
4
-0.6125 0.001
0.8780000000000001 0.001
0.8780000000000001 0.2665
-0.6125 0.2665
4.0

ILD1a
4
-0.6125 0.2665
0.8780000000000001 0.2665
0.8780000000000001 0.2765
-0.6125 0.2765
7.0

IMD2a
4
-0.6125 0.4665
0.8780000000000001 0.4665
0.8780000000000001 0.4875
-0.6125 0.4875
5.2

IMD2b
4
-0.6125 0.4875
0.8780000000000001 0.4875
0.8780000000000001 0.5025
-0.6125 0.5025
4.2

IMD2c
4
-0.6125 0.5025
0.8780000000000001 0.5025
0.8780000000000001 0.5265
-0.6125 0.5265
3.28

IMD2d1+IMD2d2
4
-0.6125 0.5265
0.8780000000000001 0.5265
0.8780000000000001 0.6535
-0.6125 0.6535
2.65

IMD3a
4
-0.6125 0.6535
0.8780000000000001 0.6535
0.8780000000000001 0.6745
-0.6125 0.6745
5.2

IMD3b
4
-0.6125 0.6745
0.8780000000000001 0.6745
0.8780000000000001 0.6895
-0.6125 0.6895
4.2

IMD3c
4
-0.6125 0.6895
0.8780000000000001 0.6895
0.8780000000000001 0.7135
-0.6125 0.7135
3.28

IMD3d1+IMD3d2
4
-0.6125 0.7135
0.8780000000000001 0.7135
0.8780000000000001 0.8405
-0.6125 0.8405
2.65

IMD4a
4
-0.6125 0.8405
0.8780000000000001 0.8405
0.8780000000000001 0.8615
-0.6125 0.8615
5.2

IMD4b
4
-0.6125 0.8615
0.8780000000000001 0.8615
0.8780000000000001 0.8765
-0.6125 0.8765
4.2

IMD4c
4
-0.6125 0.8765
0.8780000000000001 0.8765
0.8780000000000001 0.9005
-0.6125 0.9005
3.28

IMD4d1+IMD4d2
4
-0.6125 0.9005
0.8780000000000001 0.9005
0.8780000000000001 1.0275
-0.6125 1.0275
2.65

IMD5a
4
-0.6125 1.0275
0.8780000000000001 1.0275
0.8780000000000001 1.0485
-0.6125 1.0485
5.2

IMD5b
4
-0.6125 1.0485
0.8780000000000001 1.0485
0.8780000000000001 1.0635
-0.6125 1.0635
4.2

IMD5c
4
-0.6125 1.0635
0.8780000000000001 1.0635
0.8780000000000001 1.0875
-0.6125 1.0875
3.28

IMD5d1+IMD5d2
4
-0.6125 1.0875
0.8780000000000001 1.0875
0.8780000000000001 1.2145
-0.6125 1.2145
2.65

IMD6a
4
-0.6125 1.2145
0.8780000000000001 1.2145
0.8780000000000001 1.2355
-0.6125 1.2355
5.2

IMD6b
4
-0.6125 1.2355
0.8780000000000001 1.2355
0.8780000000000001 1.2505
-0.6125 1.2505
4.2

IMD6c
4
-0.6125 1.2505
0.8780000000000001 1.2505
0.8780000000000001 1.2745
-0.6125 1.2745
3.28


4
-0.6125 0.001
0.8780000000000001 0.001
0.8780000000000001 1.3025
-0.6125 1.3025

