botcenter
4
0 -0.001
0.6974999999999999 -0.001
0.6974999999999999 0.001
0 0.001

9
lEnv
4
-0.24291999999999997 0.37050000000000005
-0.11707999999999996 0.37050000000000005
-0.10791999999999996 0.4665
-0.25207999999999997 0.4665

c1
4
-0.06291999999999998 0.37050000000000005
0.06292000000000003 0.37050000000000005
0.07208000000000003 0.4665
-0.07207999999999998 0.4665

c2
4
0.25208 0.37050000000000005
1.1429199999999997 0.37050000000000005
1.1520799999999998 0.4665
0.24292000000000002 0.4665

rEnv
4
1.1970800000000001 0.37050000000000005
2.08792 0.37050000000000005
2.09708 0.4665
1.18792 0.4665

topleft
4
-0.7475 0.9285000000000001
0 0.9285000000000001
0 1.0275
-0.7475 1.0275

topcenter
4
0 0.9285000000000001
0.6974999999999999 0.9285000000000001
0.6974999999999999 1.0275
0 1.0275

topright
4
0.6974999999999999 0.9285000000000001
2.5925000000000002 0.9285000000000001
2.5925000000000002 1.0275
0.6974999999999999 1.0275

botleft
4
-0.7475 -0.001
0 -0.001
0 0.001
-0.7475 0.001

botright
4
0.6974999999999999 -0.001
2.5925000000000002 -0.001
2.5925000000000002 0.001
0.6974999999999999 0.001


31
IMD4d1_damage
4
-0.7475 0.9185000000000001
2.5925000000000002 0.9185000000000001
2.5925000000000002 0.9285000000000001
-0.7475 0.9285000000000001
3.1

IMD1b
4
-0.7475 0.40650000000000003
-0.24635499999999996 0.40650000000000003
-0.25207999999999997 0.4665
-0.7475 0.4665
2.8

IMD1b
4
-0.11364499999999995 0.40650000000000003
-0.06635499999999998 0.40650000000000003
-0.07207999999999998 0.4665
-0.10791999999999996 0.4665
2.8

IMD1b
4
0.06635500000000004 0.40650000000000003
0.24864500000000003 0.40650000000000003
0.24292000000000002 0.4665
0.07208000000000003 0.4665
2.8

IMD1b
4
1.1463549999999998 0.40650000000000003
1.193645 0.40650000000000003
1.18792 0.4665
1.1520799999999998 0.4665
2.8

IMD1b
4
2.091355 0.40650000000000003
2.5925000000000002 0.40650000000000003
2.5925000000000002 0.4665
2.09708 0.4665
2.8

IMD1a
4
-0.7475 0.3955
-0.24530541666666664 0.3955
-0.24635499999999996 0.40650000000000003
-0.7475 0.40650000000000003
5.2

IMD1a
4
-0.1146945833333333 0.3955
-0.06530541666666664 0.3955
-0.06635499999999998 0.40650000000000003
-0.11364499999999995 0.40650000000000003
5.2

IMD1a
4
0.0653054166666667 0.3955
0.24969458333333336 0.3955
0.24864500000000003 0.40650000000000003
0.06635500000000004 0.40650000000000003
5.2

IMD1a
4
1.1453054166666665 0.3955
1.1946945833333333 0.3955
1.193645 0.40650000000000003
1.1463549999999998 0.40650000000000003
5.2

IMD1a
4
2.090305416666667 0.3955
2.5925000000000002 0.3955
2.5925000000000002 0.40650000000000003
2.091355 0.40650000000000003
5.2

ILD1b3
4
-0.7475 0.37050000000000005
-0.24291999999999997 0.37050000000000005
-0.24530541666666664 0.3955
-0.7475 0.3955
4

ILD1b3
4
-0.11707999999999996 0.37050000000000005
-0.06291999999999998 0.37050000000000005
-0.06530541666666664 0.3955
-0.1146945833333333 0.3955
4

ILD1b3
4
0.06292000000000003 0.37050000000000005
0.25208 0.37050000000000005
0.24969458333333336 0.3955
0.0653054166666667 0.3955
4

ILD1b3
4
1.1429199999999997 0.37050000000000005
1.1970800000000001 0.37050000000000005
1.1946945833333333 0.3955
1.1453054166666665 0.3955
4

ILD1b3
4
2.08792 0.37050000000000005
2.5925000000000002 0.37050000000000005
2.5925000000000002 0.3955
2.090305416666667 0.3955
4

ILD1b1+ILD1b2
4
-0.7475 0.2765
2.5925000000000002 0.2765
2.5925000000000002 0.37050000000000005
-0.7475 0.37050000000000005
4

IMD4d1
4
-0.7475 0.9005
2.5925000000000002 0.9005
2.5925000000000002 0.9185000000000001
-0.7475 0.9185000000000001
2.65

FOXA+FOXB+TOX
4
-0.7475 0.001
2.5925000000000002 0.001
2.5925000000000002 0.2665
-0.7475 0.2665
4.0

ILD1a
4
-0.7475 0.2665
2.5925000000000002 0.2665
2.5925000000000002 0.2765
-0.7475 0.2765
7.0

IMD2a
4
-0.7475 0.4665
2.5925000000000002 0.4665
2.5925000000000002 0.4875
-0.7475 0.4875
5.2

IMD2b
4
-0.7475 0.4875
2.5925000000000002 0.4875
2.5925000000000002 0.5025
-0.7475 0.5025
4.2

IMD2c
4
-0.7475 0.5025
2.5925000000000002 0.5025
2.5925000000000002 0.5265
-0.7475 0.5265
3.28

IMD2d1+IMD2d2
4
-0.7475 0.5265
2.5925000000000002 0.5265
2.5925000000000002 0.6535
-0.7475 0.6535
2.65

IMD3a
4
-0.7475 0.6535
2.5925000000000002 0.6535
2.5925000000000002 0.6745
-0.7475 0.6745
5.2

IMD3b
4
-0.7475 0.6745
2.5925000000000002 0.6745
2.5925000000000002 0.6895
-0.7475 0.6895
4.2

IMD3c
4
-0.7475 0.6895
2.5925000000000002 0.6895
2.5925000000000002 0.7135
-0.7475 0.7135
3.28

IMD3d1+IMD3d2
4
-0.7475 0.7135
2.5925000000000002 0.7135
2.5925000000000002 0.8405
-0.7475 0.8405
2.65

IMD4a
4
-0.7475 0.8405
2.5925000000000002 0.8405
2.5925000000000002 0.8615
-0.7475 0.8615
5.2

IMD4b
4
-0.7475 0.8615
2.5925000000000002 0.8615
2.5925000000000002 0.8765
-0.7475 0.8765
4.2

IMD4c
4
-0.7475 0.8765
2.5925000000000002 0.8765
2.5925000000000002 0.9005
-0.7475 0.9005
3.28


4
-0.7475 0.001
2.5925000000000002 0.001
2.5925000000000002 0.9285000000000001
-0.7475 0.9285000000000001

