botcenter
4
0 -0.001
0.1125 -0.001
0.1125 0.001
0 0.001

7
c1
4
-0.01792 0.37050000000000005
0.01792 0.37050000000000005
0.02708 0.4665
-0.02708 0.4665

c2
4
0.049580000000000006 0.37050000000000005
0.17542000000000002 0.37050000000000005
0.18458000000000002 0.4665
0.040420000000000005 0.4665

topleft
4
-5.0675 1.1155
0 1.1155
0 1.2145
-5.0675 1.2145

topcenter
4
0 1.1155
0.1125 1.1155
0.1125 1.2145
0 1.2145

topright
4
0.1125 1.1155
5.315 1.1155
5.315 1.2145
0.1125 1.2145

botleft
4
-5.0675 -0.001
0 -0.001
0 0.001
-5.0675 0.001

botright
4
0.1125 -0.001
5.315 -0.001
5.315 0.001
0.1125 0.001


29
IMD5d1_damage
4
-5.0675 1.1055
5.315 1.1055
5.315 1.1155
-5.0675 1.1155
3.1

IMD1b
4
-5.0675 0.40650000000000003
-0.021355 0.40650000000000003
-0.02708 0.4665
-5.0675 0.4665
2.8

IMD1b
4
0.021355 0.40650000000000003
0.046145000000000005 0.40650000000000003
0.040420000000000005 0.4665
0.02708 0.4665
2.8

IMD1b
4
0.17885500000000001 0.40650000000000003
5.315 0.40650000000000003
5.315 0.4665
0.18458000000000002 0.4665
2.8

IMD1a
4
-5.0675 0.3955
-0.020305416666666666 0.3955
-0.021355 0.40650000000000003
-5.0675 0.40650000000000003
5.2

IMD1a
4
0.020305416666666666 0.3955
0.04719458333333334 0.3955
0.046145000000000005 0.40650000000000003
0.021355 0.40650000000000003
5.2

IMD1a
4
0.1778054166666667 0.3955
5.315 0.3955
5.315 0.40650000000000003
0.17885500000000001 0.40650000000000003
5.2

ILD1b3
4
-5.0675 0.37050000000000005
-0.01792 0.37050000000000005
-0.020305416666666666 0.3955
-5.0675 0.3955
4

ILD1b3
4
0.01792 0.37050000000000005
0.049580000000000006 0.37050000000000005
0.04719458333333334 0.3955
0.020305416666666666 0.3955
4

ILD1b3
4
0.17542000000000002 0.37050000000000005
5.315 0.37050000000000005
5.315 0.3955
0.1778054166666667 0.3955
4

ILD1b1+ILD1b2
4
-5.0675 0.2765
5.315 0.2765
5.315 0.37050000000000005
-5.0675 0.37050000000000005
4

IMD5d1
4
-5.0675 1.0875
5.315 1.0875
5.315 1.1055
-5.0675 1.1055
2.65

FOXA+FOXB+TOX
4
-5.0675 0.001
5.315 0.001
5.315 0.2665
-5.0675 0.2665
4.0

ILD1a
4
-5.0675 0.2665
5.315 0.2665
5.315 0.2765
-5.0675 0.2765
7.0

IMD2a
4
-5.0675 0.4665
5.315 0.4665
5.315 0.4875
-5.0675 0.4875
5.2

IMD2b
4
-5.0675 0.4875
5.315 0.4875
5.315 0.5025
-5.0675 0.5025
4.2

IMD2c
4
-5.0675 0.5025
5.315 0.5025
5.315 0.5265
-5.0675 0.5265
3.28

IMD2d1+IMD2d2
4
-5.0675 0.5265
5.315 0.5265
5.315 0.6535
-5.0675 0.6535
2.65

IMD3a
4
-5.0675 0.6535
5.315 0.6535
5.315 0.6745
-5.0675 0.6745
5.2

IMD3b
4
-5.0675 0.6745
5.315 0.6745
5.315 0.6895
-5.0675 0.6895
4.2

IMD3c
4
-5.0675 0.6895
5.315 0.6895
5.315 0.7135
-5.0675 0.7135
3.28

IMD3d1+IMD3d2
4
-5.0675 0.7135
5.315 0.7135
5.315 0.8405
-5.0675 0.8405
2.65

IMD4a
4
-5.0675 0.8405
5.315 0.8405
5.315 0.8615
-5.0675 0.8615
5.2

IMD4b
4
-5.0675 0.8615
5.315 0.8615
5.315 0.8765
-5.0675 0.8765
4.2

IMD4c
4
-5.0675 0.8765
5.315 0.8765
5.315 0.9005
-5.0675 0.9005
3.28

IMD4d1+IMD4d2
4
-5.0675 0.9005
5.315 0.9005
5.315 1.0275
-5.0675 1.0275
2.65

IMD5a
4
-5.0675 1.0275
5.315 1.0275
5.315 1.0485
-5.0675 1.0485
5.2

IMD5b
4
-5.0675 1.0485
5.315 1.0485
5.315 1.0635
-5.0675 1.0635
4.2

IMD5c
4
-5.0675 1.0635
5.315 1.0635
5.315 1.0875
-5.0675 1.0875
3.28


4
-5.0675 0.001
5.315 0.001
5.315 1.1155
-5.0675 1.1155

