botcenter
4
0 -0.001
0.09 -0.001
0.09 0.001
0 0.001

9
lEnv
4
-0.37792 0.37050000000000005
-0.34208 0.37050000000000005
-0.33292 0.4665
-0.38708 0.4665

c1
4
-0.01791999999999999 0.37050000000000005
0.01791999999999999 0.37050000000000005
0.027079999999999993 0.4665
-0.027079999999999993 0.4665

c2
4
0.07207999999999998 0.37050000000000005
0.10791999999999996 0.37050000000000005
0.11707999999999996 0.4665
0.06291999999999998 0.4665

rEnv
4
0.43207999999999996 0.37050000000000005
0.46791999999999995 0.37050000000000005
0.47707999999999995 0.4665
0.42291999999999996 0.4665

topleft
4
-0.8825000000000001 1.1155
0 1.1155
0 1.2145
-0.8825000000000001 1.2145

topcenter
4
0 1.1155
0.09 1.1155
0.09 1.2145
0 1.2145

topright
4
0.09 1.1155
0.9725 1.1155
0.9725 1.2145
0.09 1.2145

botleft
4
-0.8825000000000001 -0.001
0 -0.001
0 0.001
-0.8825000000000001 0.001

botright
4
0.09 -0.001
0.9725 -0.001
0.9725 0.001
0.09 0.001


35
IMD5d1_damage
4
-0.8825000000000001 1.1055
0.9725 1.1055
0.9725 1.1155
-0.8825000000000001 1.1155
3.1

IMD1b
4
-0.8825000000000001 0.40650000000000003
-0.381355 0.40650000000000003
-0.38708 0.4665
-0.8825000000000001 0.4665
2.8

IMD1b
4
-0.338645 0.40650000000000003
-0.021354999999999992 0.40650000000000003
-0.027079999999999993 0.4665
-0.33292 0.4665
2.8

IMD1b
4
0.021354999999999992 0.40650000000000003
0.06864499999999997 0.40650000000000003
0.06291999999999998 0.4665
0.027079999999999993 0.4665
2.8

IMD1b
4
0.11135499999999997 0.40650000000000003
0.42864499999999994 0.40650000000000003
0.42291999999999996 0.4665
0.11707999999999996 0.4665
2.8

IMD1b
4
0.47135499999999997 0.40650000000000003
0.9725 0.40650000000000003
0.9725 0.4665
0.47707999999999995 0.4665
2.8

IMD1a
4
-0.8825000000000001 0.3955
-0.3803054166666667 0.3955
-0.381355 0.40650000000000003
-0.8825000000000001 0.40650000000000003
5.2

IMD1a
4
-0.3396945833333333 0.3955
-0.02030541666666666 0.3955
-0.021354999999999992 0.40650000000000003
-0.338645 0.40650000000000003
5.2

IMD1a
4
0.02030541666666666 0.3955
0.06969458333333331 0.3955
0.06864499999999997 0.40650000000000003
0.021354999999999992 0.40650000000000003
5.2

IMD1a
4
0.11030541666666663 0.3955
0.42969458333333327 0.3955
0.42864499999999994 0.40650000000000003
0.11135499999999997 0.40650000000000003
5.2

IMD1a
4
0.47030541666666664 0.3955
0.9725 0.3955
0.9725 0.40650000000000003
0.47135499999999997 0.40650000000000003
5.2

ILD1b3
4
-0.8825000000000001 0.37050000000000005
-0.37792 0.37050000000000005
-0.3803054166666667 0.3955
-0.8825000000000001 0.3955
4

ILD1b3
4
-0.34208 0.37050000000000005
-0.01791999999999999 0.37050000000000005
-0.02030541666666666 0.3955
-0.3396945833333333 0.3955
4

ILD1b3
4
0.01791999999999999 0.37050000000000005
0.07207999999999998 0.37050000000000005
0.06969458333333331 0.3955
0.02030541666666666 0.3955
4

ILD1b3
4
0.10791999999999996 0.37050000000000005
0.43207999999999996 0.37050000000000005
0.42969458333333327 0.3955
0.11030541666666663 0.3955
4

ILD1b3
4
0.46791999999999995 0.37050000000000005
0.9725 0.37050000000000005
0.9725 0.3955
0.47030541666666664 0.3955
4

ILD1b1+ILD1b2
4
-0.8825000000000001 0.2765
0.9725 0.2765
0.9725 0.37050000000000005
-0.8825000000000001 0.37050000000000005
4

IMD5d1
4
-0.8825000000000001 1.0875
0.9725 1.0875
0.9725 1.1055
-0.8825000000000001 1.1055
2.65

FOXA+FOXB+TOX
4
-0.8825000000000001 0.001
0.9725 0.001
0.9725 0.2665
-0.8825000000000001 0.2665
4.0

ILD1a
4
-0.8825000000000001 0.2665
0.9725 0.2665
0.9725 0.2765
-0.8825000000000001 0.2765
7.0

IMD2a
4
-0.8825000000000001 0.4665
0.9725 0.4665
0.9725 0.4875
-0.8825000000000001 0.4875
5.2

IMD2b
4
-0.8825000000000001 0.4875
0.9725 0.4875
0.9725 0.5025
-0.8825000000000001 0.5025
4.2

IMD2c
4
-0.8825000000000001 0.5025
0.9725 0.5025
0.9725 0.5265
-0.8825000000000001 0.5265
3.28

IMD2d1+IMD2d2
4
-0.8825000000000001 0.5265
0.9725 0.5265
0.9725 0.6535
-0.8825000000000001 0.6535
2.65

IMD3a
4
-0.8825000000000001 0.6535
0.9725 0.6535
0.9725 0.6745
-0.8825000000000001 0.6745
5.2

IMD3b
4
-0.8825000000000001 0.6745
0.9725 0.6745
0.9725 0.6895
-0.8825000000000001 0.6895
4.2

IMD3c
4
-0.8825000000000001 0.6895
0.9725 0.6895
0.9725 0.7135
-0.8825000000000001 0.7135
3.28

IMD3d1+IMD3d2
4
-0.8825000000000001 0.7135
0.9725 0.7135
0.9725 0.8405
-0.8825000000000001 0.8405
2.65

IMD4a
4
-0.8825000000000001 0.8405
0.9725 0.8405
0.9725 0.8615
-0.8825000000000001 0.8615
5.2

IMD4b
4
-0.8825000000000001 0.8615
0.9725 0.8615
0.9725 0.8765
-0.8825000000000001 0.8765
4.2

IMD4c
4
-0.8825000000000001 0.8765
0.9725 0.8765
0.9725 0.9005
-0.8825000000000001 0.9005
3.28

IMD4d1+IMD4d2
4
-0.8825000000000001 0.9005
0.9725 0.9005
0.9725 1.0275
-0.8825000000000001 1.0275
2.65

IMD5a
4
-0.8825000000000001 1.0275
0.9725 1.0275
0.9725 1.0485
-0.8825000000000001 1.0485
5.2

IMD5b
4
-0.8825000000000001 1.0485
0.9725 1.0485
0.9725 1.0635
-0.8825000000000001 1.0635
4.2

IMD5c
4
-0.8825000000000001 1.0635
0.9725 1.0635
0.9725 1.0875
-0.8825000000000001 1.0875
3.28


4
-0.8825000000000001 0.001
0.9725 0.001
0.9725 1.1155
-0.8825000000000001 1.1155

