botcenter
4
0 -0.001
0.675 -0.001
0.675 0.001
0 0.001

9
lEnv
4
-0.10792 0.37050000000000005
-0.07208 0.37050000000000005
-0.06292 0.4665
-0.11708 0.4665

c1
4
-0.017920000000000005 0.37050000000000005
0.017920000000000005 0.37050000000000005
0.027080000000000007 0.4665
-0.027080000000000007 0.4665

c2
4
0.6570800000000001 0.37050000000000005
0.6929200000000002 0.37050000000000005
0.7020800000000001 0.4665
0.6479200000000002 0.4665

rEnv
4
0.7470800000000001 0.37050000000000005
0.7829200000000002 0.37050000000000005
0.7920800000000001 0.4665
0.7379200000000001 0.4665

topleft
4
-0.6125 1.3025
0 1.3025
0 1.4015
-0.6125 1.4015

topcenter
4
0 1.3025
0.675 1.3025
0.675 1.4015
0 1.4015

topright
4
0.675 1.3025
1.2875 1.3025
1.2875 1.4015
0.675 1.4015

botleft
4
-0.6125 -0.001
0 -0.001
0 0.001
-0.6125 0.001

botright
4
0.675 -0.001
1.2875 -0.001
1.2875 0.001
0.675 0.001


39
IMD6d1_damage
4
-0.6125 1.2925
1.2875 1.2925
1.2875 1.3025
-0.6125 1.3025
3.1

IMD1b
4
-0.6125 0.40650000000000003
-0.11135500000000001 0.40650000000000003
-0.11708 0.4665
-0.6125 0.4665
2.8

IMD1b
4
-0.068645 0.40650000000000003
-0.021355000000000006 0.40650000000000003
-0.027080000000000007 0.4665
-0.06292 0.4665
2.8

IMD1b
4
0.021355000000000006 0.40650000000000003
0.6536450000000001 0.40650000000000003
0.6479200000000002 0.4665
0.027080000000000007 0.4665
2.8

IMD1b
4
0.6963550000000002 0.40650000000000003
0.7436450000000001 0.40650000000000003
0.7379200000000001 0.4665
0.7020800000000001 0.4665
2.8

IMD1b
4
0.7863550000000001 0.40650000000000003
1.2875 0.40650000000000003
1.2875 0.4665
0.7920800000000001 0.4665
2.8

IMD1a
4
-0.6125 0.3955
-0.11030541666666667 0.3955
-0.11135500000000001 0.40650000000000003
-0.6125 0.40650000000000003
5.2

IMD1a
4
-0.06969458333333334 0.3955
-0.020305416666666673 0.3955
-0.021355000000000006 0.40650000000000003
-0.068645 0.40650000000000003
5.2

IMD1a
4
0.020305416666666673 0.3955
0.6546945833333335 0.3955
0.6536450000000001 0.40650000000000003
0.021355000000000006 0.40650000000000003
5.2

IMD1a
4
0.6953054166666668 0.3955
0.7446945833333335 0.3955
0.7436450000000001 0.40650000000000003
0.6963550000000002 0.40650000000000003
5.2

IMD1a
4
0.7853054166666668 0.3955
1.2875 0.3955
1.2875 0.40650000000000003
0.7863550000000001 0.40650000000000003
5.2

ILD1b3
4
-0.6125 0.37050000000000005
-0.10792 0.37050000000000005
-0.11030541666666667 0.3955
-0.6125 0.3955
4

ILD1b3
4
-0.07208 0.37050000000000005
-0.017920000000000005 0.37050000000000005
-0.020305416666666673 0.3955
-0.06969458333333334 0.3955
4

ILD1b3
4
0.017920000000000005 0.37050000000000005
0.6570800000000001 0.37050000000000005
0.6546945833333335 0.3955
0.020305416666666673 0.3955
4

ILD1b3
4
0.6929200000000002 0.37050000000000005
0.7470800000000001 0.37050000000000005
0.7446945833333335 0.3955
0.6953054166666668 0.3955
4

ILD1b3
4
0.7829200000000002 0.37050000000000005
1.2875 0.37050000000000005
1.2875 0.3955
0.7853054166666668 0.3955
4

ILD1b1+ILD1b2
4
-0.6125 0.2765
1.2875 0.2765
1.2875 0.37050000000000005
-0.6125 0.37050000000000005
4

IMD6d1
4
-0.6125 1.2745
1.2875 1.2745
1.2875 1.2925
-0.6125 1.2925
2.65

FOXA+FOXB+TOX
4
-0.6125 0.001
1.2875 0.001
1.2875 0.2665
-0.6125 0.2665
4.0

ILD1a
4
-0.6125 0.2665
1.2875 0.2665
1.2875 0.2765
-0.6125 0.2765
7.0

IMD2a
4
-0.6125 0.4665
1.2875 0.4665
1.2875 0.4875
-0.6125 0.4875
5.2

IMD2b
4
-0.6125 0.4875
1.2875 0.4875
1.2875 0.5025
-0.6125 0.5025
4.2

IMD2c
4
-0.6125 0.5025
1.2875 0.5025
1.2875 0.5265
-0.6125 0.5265
3.28

IMD2d1+IMD2d2
4
-0.6125 0.5265
1.2875 0.5265
1.2875 0.6535
-0.6125 0.6535
2.65

IMD3a
4
-0.6125 0.6535
1.2875 0.6535
1.2875 0.6745
-0.6125 0.6745
5.2

IMD3b
4
-0.6125 0.6745
1.2875 0.6745
1.2875 0.6895
-0.6125 0.6895
4.2

IMD3c
4
-0.6125 0.6895
1.2875 0.6895
1.2875 0.7135
-0.6125 0.7135
3.28

IMD3d1+IMD3d2
4
-0.6125 0.7135
1.2875 0.7135
1.2875 0.8405
-0.6125 0.8405
2.65

IMD4a
4
-0.6125 0.8405
1.2875 0.8405
1.2875 0.8615
-0.6125 0.8615
5.2

IMD4b
4
-0.6125 0.8615
1.2875 0.8615
1.2875 0.8765
-0.6125 0.8765
4.2

IMD4c
4
-0.6125 0.8765
1.2875 0.8765
1.2875 0.9005
-0.6125 0.9005
3.28

IMD4d1+IMD4d2
4
-0.6125 0.9005
1.2875 0.9005
1.2875 1.0275
-0.6125 1.0275
2.65

IMD5a
4
-0.6125 1.0275
1.2875 1.0275
1.2875 1.0485
-0.6125 1.0485
5.2

IMD5b
4
-0.6125 1.0485
1.2875 1.0485
1.2875 1.0635
-0.6125 1.0635
4.2

IMD5c
4
-0.6125 1.0635
1.2875 1.0635
1.2875 1.0875
-0.6125 1.0875
3.28

IMD5d1+IMD5d2
4
-0.6125 1.0875
1.2875 1.0875
1.2875 1.2145
-0.6125 1.2145
2.65

IMD6a
4
-0.6125 1.2145
1.2875 1.2145
1.2875 1.2355
-0.6125 1.2355
5.2

IMD6b
4
-0.6125 1.2355
1.2875 1.2355
1.2875 1.2505
-0.6125 1.2505
4.2

IMD6c
4
-0.6125 1.2505
1.2875 1.2505
1.2875 1.2745
-0.6125 1.2745
3.28


4
-0.6125 0.001
1.2875 0.001
1.2875 1.3025
-0.6125 1.3025

