botcenter
4
0 -0.001
1.1025 -0.001
1.1025 0.001
0 0.001

9
lEnv
4
-1.3904199999999998 0.37050000000000005
-0.49957999999999997 0.37050000000000005
-0.49041999999999997 0.4665
-1.3995799999999998 0.4665

c1
4
-0.44542 0.37050000000000005
0.44542 0.37050000000000005
0.45458 0.4665
-0.45458 0.4665

c2
4
1.0845799999999999 0.37050000000000005
1.1204199999999997 0.37050000000000005
1.1295799999999998 0.4665
1.0754199999999998 0.4665

rEnv
4
1.1745799999999997 0.37050000000000005
1.2104199999999996 0.37050000000000005
1.2195799999999997 0.4665
1.1654199999999997 0.4665

topleft
4
-1.8949999999999998 1.3025
0 1.3025
0 1.4015
-1.8949999999999998 1.4015

topcenter
4
0 1.3025
1.1025 1.3025
1.1025 1.4015
0 1.4015

topright
4
1.1025 1.3025
1.7149999999999999 1.3025
1.7149999999999999 1.4015
1.1025 1.4015

botleft
4
-1.8949999999999998 -0.001
0 -0.001
0 0.001
-1.8949999999999998 0.001

botright
4
1.1025 -0.001
1.7149999999999999 -0.001
1.7149999999999999 0.001
1.1025 0.001


39
IMD6d1_damage
4
-1.8949999999999998 1.2925
1.7149999999999999 1.2925
1.7149999999999999 1.3025
-1.8949999999999998 1.3025
3.1

IMD1b
4
-1.8949999999999998 0.40650000000000003
-1.3938549999999998 0.40650000000000003
-1.3995799999999998 0.4665
-1.8949999999999998 0.4665
2.8

IMD1b
4
-0.49614499999999995 0.40650000000000003
-0.448855 0.40650000000000003
-0.45458 0.4665
-0.49041999999999997 0.4665
2.8

IMD1b
4
0.448855 0.40650000000000003
1.0811449999999998 0.40650000000000003
1.0754199999999998 0.4665
0.45458 0.4665
2.8

IMD1b
4
1.1238549999999998 0.40650000000000003
1.1711449999999997 0.40650000000000003
1.1654199999999997 0.4665
1.1295799999999998 0.4665
2.8

IMD1b
4
1.2138549999999997 0.40650000000000003
1.7149999999999999 0.40650000000000003
1.7149999999999999 0.4665
1.2195799999999997 0.4665
2.8

IMD1a
4
-1.8949999999999998 0.3955
-1.3928054166666666 0.3955
-1.3938549999999998 0.40650000000000003
-1.8949999999999998 0.40650000000000003
5.2

IMD1a
4
-0.4971945833333333 0.3955
-0.4478054166666667 0.3955
-0.448855 0.40650000000000003
-0.49614499999999995 0.40650000000000003
5.2

IMD1a
4
0.4478054166666667 0.3955
1.082194583333333 0.3955
1.0811449999999998 0.40650000000000003
0.448855 0.40650000000000003
5.2

IMD1a
4
1.1228054166666666 0.3955
1.172194583333333 0.3955
1.1711449999999997 0.40650000000000003
1.1238549999999998 0.40650000000000003
5.2

IMD1a
4
1.2128054166666664 0.3955
1.7149999999999999 0.3955
1.7149999999999999 0.40650000000000003
1.2138549999999997 0.40650000000000003
5.2

ILD1b3
4
-1.8949999999999998 0.37050000000000005
-1.3904199999999998 0.37050000000000005
-1.3928054166666666 0.3955
-1.8949999999999998 0.3955
4

ILD1b3
4
-0.49957999999999997 0.37050000000000005
-0.44542 0.37050000000000005
-0.4478054166666667 0.3955
-0.4971945833333333 0.3955
4

ILD1b3
4
0.44542 0.37050000000000005
1.0845799999999999 0.37050000000000005
1.082194583333333 0.3955
0.4478054166666667 0.3955
4

ILD1b3
4
1.1204199999999997 0.37050000000000005
1.1745799999999997 0.37050000000000005
1.172194583333333 0.3955
1.1228054166666666 0.3955
4

ILD1b3
4
1.2104199999999996 0.37050000000000005
1.7149999999999999 0.37050000000000005
1.7149999999999999 0.3955
1.2128054166666664 0.3955
4

ILD1b1+ILD1b2
4
-1.8949999999999998 0.2765
1.7149999999999999 0.2765
1.7149999999999999 0.37050000000000005
-1.8949999999999998 0.37050000000000005
4

IMD6d1
4
-1.8949999999999998 1.2745
1.7149999999999999 1.2745
1.7149999999999999 1.2925
-1.8949999999999998 1.2925
2.65

FOXA+FOXB+TOX
4
-1.8949999999999998 0.001
1.7149999999999999 0.001
1.7149999999999999 0.2665
-1.8949999999999998 0.2665
4.0

ILD1a
4
-1.8949999999999998 0.2665
1.7149999999999999 0.2665
1.7149999999999999 0.2765
-1.8949999999999998 0.2765
7.0

IMD2a
4
-1.8949999999999998 0.4665
1.7149999999999999 0.4665
1.7149999999999999 0.4875
-1.8949999999999998 0.4875
5.2

IMD2b
4
-1.8949999999999998 0.4875
1.7149999999999999 0.4875
1.7149999999999999 0.5025
-1.8949999999999998 0.5025
4.2

IMD2c
4
-1.8949999999999998 0.5025
1.7149999999999999 0.5025
1.7149999999999999 0.5265
-1.8949999999999998 0.5265
3.28

IMD2d1+IMD2d2
4
-1.8949999999999998 0.5265
1.7149999999999999 0.5265
1.7149999999999999 0.6535
-1.8949999999999998 0.6535
2.65

IMD3a
4
-1.8949999999999998 0.6535
1.7149999999999999 0.6535
1.7149999999999999 0.6745
-1.8949999999999998 0.6745
5.2

IMD3b
4
-1.8949999999999998 0.6745
1.7149999999999999 0.6745
1.7149999999999999 0.6895
-1.8949999999999998 0.6895
4.2

IMD3c
4
-1.8949999999999998 0.6895
1.7149999999999999 0.6895
1.7149999999999999 0.7135
-1.8949999999999998 0.7135
3.28

IMD3d1+IMD3d2
4
-1.8949999999999998 0.7135
1.7149999999999999 0.7135
1.7149999999999999 0.8405
-1.8949999999999998 0.8405
2.65

IMD4a
4
-1.8949999999999998 0.8405
1.7149999999999999 0.8405
1.7149999999999999 0.8615
-1.8949999999999998 0.8615
5.2

IMD4b
4
-1.8949999999999998 0.8615
1.7149999999999999 0.8615
1.7149999999999999 0.8765
-1.8949999999999998 0.8765
4.2

IMD4c
4
-1.8949999999999998 0.8765
1.7149999999999999 0.8765
1.7149999999999999 0.9005
-1.8949999999999998 0.9005
3.28

IMD4d1+IMD4d2
4
-1.8949999999999998 0.9005
1.7149999999999999 0.9005
1.7149999999999999 1.0275
-1.8949999999999998 1.0275
2.65

IMD5a
4
-1.8949999999999998 1.0275
1.7149999999999999 1.0275
1.7149999999999999 1.0485
-1.8949999999999998 1.0485
5.2

IMD5b
4
-1.8949999999999998 1.0485
1.7149999999999999 1.0485
1.7149999999999999 1.0635
-1.8949999999999998 1.0635
4.2

IMD5c
4
-1.8949999999999998 1.0635
1.7149999999999999 1.0635
1.7149999999999999 1.0875
-1.8949999999999998 1.0875
3.28

IMD5d1+IMD5d2
4
-1.8949999999999998 1.0875
1.7149999999999999 1.0875
1.7149999999999999 1.2145
-1.8949999999999998 1.2145
2.65

IMD6a
4
-1.8949999999999998 1.2145
1.7149999999999999 1.2145
1.7149999999999999 1.2355
-1.8949999999999998 1.2355
5.2

IMD6b
4
-1.8949999999999998 1.2355
1.7149999999999999 1.2355
1.7149999999999999 1.2505
-1.8949999999999998 1.2505
4.2

IMD6c
4
-1.8949999999999998 1.2505
1.7149999999999999 1.2505
1.7149999999999999 1.2745
-1.8949999999999998 1.2745
3.28


4
-1.8949999999999998 0.001
1.7149999999999999 0.001
1.7149999999999999 1.3025
-1.8949999999999998 1.3025

