botcenter
4
0 -0.001
0.9224999999999999 -0.001
0.9224999999999999 0.001
0 0.001

9
lEnv
4
-0.10792 0.37050000000000005
-0.07208 0.37050000000000005
-0.06292 0.4665
-0.11708 0.4665

c1
4
-0.017920000000000005 0.37050000000000005
0.017920000000000005 0.37050000000000005
0.027080000000000007 0.4665
-0.027080000000000007 0.4665

c2
4
0.47707999999999995 0.37050000000000005
1.3679199999999998 0.37050000000000005
1.3770799999999999 0.4665
0.46791999999999995 0.4665

rEnv
4
1.42208 0.37050000000000005
2.3129199999999996 0.37050000000000005
2.3220799999999997 0.4665
1.41292 0.4665

topleft
4
-0.6125 1.3025
0 1.3025
0 1.4015
-0.6125 1.4015

topcenter
4
0 1.3025
0.9224999999999999 1.3025
0.9224999999999999 1.4015
0 1.4015

topright
4
0.9224999999999999 1.3025
2.8175 1.3025
2.8175 1.4015
0.9224999999999999 1.4015

botleft
4
-0.6125 -0.001
0 -0.001
0 0.001
-0.6125 0.001

botright
4
0.9224999999999999 -0.001
2.8175 -0.001
2.8175 0.001
0.9224999999999999 0.001


39
IMD6d1_damage
4
-0.6125 1.2925
2.8175 1.2925
2.8175 1.3025
-0.6125 1.3025
3.1

IMD1b
4
-0.6125 0.40650000000000003
-0.11135500000000001 0.40650000000000003
-0.11708 0.4665
-0.6125 0.4665
2.8

IMD1b
4
-0.068645 0.40650000000000003
-0.021355000000000006 0.40650000000000003
-0.027080000000000007 0.4665
-0.06292 0.4665
2.8

IMD1b
4
0.021355000000000006 0.40650000000000003
0.4736449999999999 0.40650000000000003
0.46791999999999995 0.4665
0.027080000000000007 0.4665
2.8

IMD1b
4
1.3713549999999999 0.40650000000000003
1.418645 0.40650000000000003
1.41292 0.4665
1.3770799999999999 0.4665
2.8

IMD1b
4
2.3163549999999997 0.40650000000000003
2.8175 0.40650000000000003
2.8175 0.4665
2.3220799999999997 0.4665
2.8

IMD1a
4
-0.6125 0.3955
-0.11030541666666667 0.3955
-0.11135500000000001 0.40650000000000003
-0.6125 0.40650000000000003
5.2

IMD1a
4
-0.06969458333333334 0.3955
-0.020305416666666673 0.3955
-0.021355000000000006 0.40650000000000003
-0.068645 0.40650000000000003
5.2

IMD1a
4
0.020305416666666673 0.3955
0.47469458333333325 0.3955
0.4736449999999999 0.40650000000000003
0.021355000000000006 0.40650000000000003
5.2

IMD1a
4
1.3703054166666666 0.3955
1.4196945833333332 0.3955
1.418645 0.40650000000000003
1.3713549999999999 0.40650000000000003
5.2

IMD1a
4
2.3153054166666664 0.3955
2.8175 0.3955
2.8175 0.40650000000000003
2.3163549999999997 0.40650000000000003
5.2

ILD1b3
4
-0.6125 0.37050000000000005
-0.10792 0.37050000000000005
-0.11030541666666667 0.3955
-0.6125 0.3955
4

ILD1b3
4
-0.07208 0.37050000000000005
-0.017920000000000005 0.37050000000000005
-0.020305416666666673 0.3955
-0.06969458333333334 0.3955
4

ILD1b3
4
0.017920000000000005 0.37050000000000005
0.47707999999999995 0.37050000000000005
0.47469458333333325 0.3955
0.020305416666666673 0.3955
4

ILD1b3
4
1.3679199999999998 0.37050000000000005
1.42208 0.37050000000000005
1.4196945833333332 0.3955
1.3703054166666666 0.3955
4

ILD1b3
4
2.3129199999999996 0.37050000000000005
2.8175 0.37050000000000005
2.8175 0.3955
2.3153054166666664 0.3955
4

ILD1b1+ILD1b2
4
-0.6125 0.2765
2.8175 0.2765
2.8175 0.37050000000000005
-0.6125 0.37050000000000005
4

IMD6d1
4
-0.6125 1.2745
2.8175 1.2745
2.8175 1.2925
-0.6125 1.2925
2.65

FOXA+FOXB+TOX
4
-0.6125 0.001
2.8175 0.001
2.8175 0.2665
-0.6125 0.2665
4.0

ILD1a
4
-0.6125 0.2665
2.8175 0.2665
2.8175 0.2765
-0.6125 0.2765
7.0

IMD2a
4
-0.6125 0.4665
2.8175 0.4665
2.8175 0.4875
-0.6125 0.4875
5.2

IMD2b
4
-0.6125 0.4875
2.8175 0.4875
2.8175 0.5025
-0.6125 0.5025
4.2

IMD2c
4
-0.6125 0.5025
2.8175 0.5025
2.8175 0.5265
-0.6125 0.5265
3.28

IMD2d1+IMD2d2
4
-0.6125 0.5265
2.8175 0.5265
2.8175 0.6535
-0.6125 0.6535
2.65

IMD3a
4
-0.6125 0.6535
2.8175 0.6535
2.8175 0.6745
-0.6125 0.6745
5.2

IMD3b
4
-0.6125 0.6745
2.8175 0.6745
2.8175 0.6895
-0.6125 0.6895
4.2

IMD3c
4
-0.6125 0.6895
2.8175 0.6895
2.8175 0.7135
-0.6125 0.7135
3.28

IMD3d1+IMD3d2
4
-0.6125 0.7135
2.8175 0.7135
2.8175 0.8405
-0.6125 0.8405
2.65

IMD4a
4
-0.6125 0.8405
2.8175 0.8405
2.8175 0.8615
-0.6125 0.8615
5.2

IMD4b
4
-0.6125 0.8615
2.8175 0.8615
2.8175 0.8765
-0.6125 0.8765
4.2

IMD4c
4
-0.6125 0.8765
2.8175 0.8765
2.8175 0.9005
-0.6125 0.9005
3.28

IMD4d1+IMD4d2
4
-0.6125 0.9005
2.8175 0.9005
2.8175 1.0275
-0.6125 1.0275
2.65

IMD5a
4
-0.6125 1.0275
2.8175 1.0275
2.8175 1.0485
-0.6125 1.0485
5.2

IMD5b
4
-0.6125 1.0485
2.8175 1.0485
2.8175 1.0635
-0.6125 1.0635
4.2

IMD5c
4
-0.6125 1.0635
2.8175 1.0635
2.8175 1.0875
-0.6125 1.0875
3.28

IMD5d1+IMD5d2
4
-0.6125 1.0875
2.8175 1.0875
2.8175 1.2145
-0.6125 1.2145
2.65

IMD6a
4
-0.6125 1.2145
2.8175 1.2145
2.8175 1.2355
-0.6125 1.2355
5.2

IMD6b
4
-0.6125 1.2355
2.8175 1.2355
2.8175 1.2505
-0.6125 1.2505
4.2

IMD6c
4
-0.6125 1.2505
2.8175 1.2505
2.8175 1.2745
-0.6125 1.2745
3.28


4
-0.6125 0.001
2.8175 0.001
2.8175 1.3025
-0.6125 1.3025

