c1
4
-0.44542 0.37050000000000005
0.44542 0.37050000000000005
0.45458 0.4665
-0.45458 0.4665

5
botleft
4
-3.6049999999999995 -0.001
0 -0.001
0 0.001
-3.6049999999999995 0.001

botright
4
0 -0.001
7.294999999999998 -0.001
7.294999999999998 0.001
0 0.001

lEnv
4
-1.3904199999999998 0.37050000000000005
-0.49957999999999997 0.37050000000000005
-0.49041999999999997 0.4665
-1.3995799999999998 0.4665

topleft
4
-3.6049999999999995 1.1155
0 1.1155
0 1.2145
-3.6049999999999995 1.2145

topright
4
0 1.1155
7.294999999999998 1.1155
7.294999999999998 1.2145
0 1.2145


30
IMD5d1_damage
4
-3.6049999999999995 1.1055
3.6899999999999986 1.1055
3.6899999999999986 1.1155
-3.6049999999999995 1.1155
3.1

IMD1b
4
-3.6049999999999995 0.40650000000000003
-1.3938549999999998 0.40650000000000003
-1.3995799999999998 0.4665
-3.6049999999999995 0.4665
2.8

IMD1b
4
-0.49614499999999995 0.40650000000000003
-0.448855 0.40650000000000003
-0.45458 0.4665
-0.49041999999999997 0.4665
2.8

IMD1b
4
0.448855 0.40650000000000003
7.294999999999998 0.40650000000000003
7.294999999999998 0.4665
0.45458 0.4665
2.8

IMD1a
4
-3.6049999999999995 0.3955
-1.3928054166666666 0.3955
-1.3938549999999998 0.40650000000000003
-3.6049999999999995 0.40650000000000003
5.2

IMD1a
4
-0.4971945833333333 0.3955
-0.4478054166666667 0.3955
-0.448855 0.40650000000000003
-0.49614499999999995 0.40650000000000003
5.2

IMD1a
4
0.4478054166666667 0.3955
7.294999999999998 0.3955
7.294999999999998 0.40650000000000003
0.448855 0.40650000000000003
5.2

ILD1b3
4
-3.6049999999999995 0.37050000000000005
-1.3904199999999998 0.37050000000000005
-1.3928054166666666 0.3955
-3.6049999999999995 0.3955
4

ILD1b3
4
-0.49957999999999997 0.37050000000000005
-0.44542 0.37050000000000005
-0.4478054166666667 0.3955
-0.4971945833333333 0.3955
4

ILD1b3
4
0.44542 0.37050000000000005
7.294999999999998 0.37050000000000005
7.294999999999998 0.3955
0.4478054166666667 0.3955
4

ILD1b1+ILD1b2
4
-3.6049999999999995 0.2765
7.294999999999998 0.2765
7.294999999999998 0.37050000000000005
-3.6049999999999995 0.37050000000000005
4

IMD5d1
4
-3.6049999999999995 1.0875
3.6899999999999986 1.0875
3.6899999999999986 1.1055
-3.6049999999999995 1.1055
2.65

IMD5d1
4
3.6899999999999986 1.1055
7.294999999999998 1.1055
7.294999999999998 1.1155
3.6899999999999986 1.1155
2.65

FOXA+FOXB+TOX
4
-3.6049999999999995 0.001
7.294999999999998 0.001
7.294999999999998 0.2665
-3.6049999999999995 0.2665
4.0

ILD1a
4
-3.6049999999999995 0.2665
7.294999999999998 0.2665
7.294999999999998 0.2765
-3.6049999999999995 0.2765
7.0

IMD2a
4
-3.6049999999999995 0.4665
7.294999999999998 0.4665
7.294999999999998 0.4875
-3.6049999999999995 0.4875
5.2

IMD2b
4
-3.6049999999999995 0.4875
7.294999999999998 0.4875
7.294999999999998 0.5025
-3.6049999999999995 0.5025
4.2

IMD2c
4
-3.6049999999999995 0.5025
7.294999999999998 0.5025
7.294999999999998 0.5265
-3.6049999999999995 0.5265
3.28

IMD2d1+IMD2d2
4
-3.6049999999999995 0.5265
7.294999999999998 0.5265
7.294999999999998 0.6535
-3.6049999999999995 0.6535
2.65

IMD3a
4
-3.6049999999999995 0.6535
7.294999999999998 0.6535
7.294999999999998 0.6745
-3.6049999999999995 0.6745
5.2

IMD3b
4
-3.6049999999999995 0.6745
7.294999999999998 0.6745
7.294999999999998 0.6895
-3.6049999999999995 0.6895
4.2

IMD3c
4
-3.6049999999999995 0.6895
7.294999999999998 0.6895
7.294999999999998 0.7135
-3.6049999999999995 0.7135
3.28

IMD3d1+IMD3d2
4
-3.6049999999999995 0.7135
7.294999999999998 0.7135
7.294999999999998 0.8405
-3.6049999999999995 0.8405
2.65

IMD4a
4
-3.6049999999999995 0.8405
7.294999999999998 0.8405
7.294999999999998 0.8615
-3.6049999999999995 0.8615
5.2

IMD4b
4
-3.6049999999999995 0.8615
7.294999999999998 0.8615
7.294999999999998 0.8765
-3.6049999999999995 0.8765
4.2

IMD4c
4
-3.6049999999999995 0.8765
7.294999999999998 0.8765
7.294999999999998 0.9005
-3.6049999999999995 0.9005
3.28

IMD4d1+IMD4d2
4
-3.6049999999999995 0.9005
7.294999999999998 0.9005
7.294999999999998 1.0275
-3.6049999999999995 1.0275
2.65

IMD5a
4
-3.6049999999999995 1.0275
7.294999999999998 1.0275
7.294999999999998 1.0485
-3.6049999999999995 1.0485
5.2

IMD5b
4
-3.6049999999999995 1.0485
7.294999999999998 1.0485
7.294999999999998 1.0635
-3.6049999999999995 1.0635
4.2

IMD5c
4
-3.6049999999999995 1.0635
7.294999999999998 1.0635
7.294999999999998 1.0875
-3.6049999999999995 1.0875
3.28


4
-3.6049999999999995 0.001
7.294999999999998 0.001
7.294999999999998 1.1155
-3.6049999999999995 1.1155

