c1
4
-0.44542 0.37050000000000005
0.44542 0.37050000000000005
0.45458 0.4665
-0.45458 0.4665

5
botleft
4
-3.8749999999999996 -0.001
0 -0.001
0 0.001
-3.8749999999999996 0.001

botright
4
0 -0.001
5.855 -0.001
5.855 0.001
0 0.001

lEnv
4
-1.6604199999999998 0.37050000000000005
-0.7695799999999999 0.37050000000000005
-0.76042 0.4665
-1.6695799999999998 0.4665

topleft
4
-3.8749999999999996 1.3025
0 1.3025
0 1.4015
-3.8749999999999996 1.4015

topright
4
0 1.3025
5.855 1.3025
5.855 1.4015
0 1.4015


34
IMD6d1_damage
4
-3.8749999999999996 1.2925
1.9800000000000009 1.2925
1.9800000000000009 1.3025
-3.8749999999999996 1.3025
3.1

IMD1b
4
-3.8749999999999996 0.40650000000000003
-1.6638549999999999 0.40650000000000003
-1.6695799999999998 0.4665
-3.8749999999999996 0.4665
2.8

IMD1b
4
-0.766145 0.40650000000000003
-0.448855 0.40650000000000003
-0.45458 0.4665
-0.76042 0.4665
2.8

IMD1b
4
0.448855 0.40650000000000003
5.855 0.40650000000000003
5.855 0.4665
0.45458 0.4665
2.8

IMD1a
4
-3.8749999999999996 0.3955
-1.6628054166666666 0.3955
-1.6638549999999999 0.40650000000000003
-3.8749999999999996 0.40650000000000003
5.2

IMD1a
4
-0.7671945833333333 0.3955
-0.4478054166666667 0.3955
-0.448855 0.40650000000000003
-0.766145 0.40650000000000003
5.2

IMD1a
4
0.4478054166666667 0.3955
5.855 0.3955
5.855 0.40650000000000003
0.448855 0.40650000000000003
5.2

ILD1b3
4
-3.8749999999999996 0.37050000000000005
-1.6604199999999998 0.37050000000000005
-1.6628054166666666 0.3955
-3.8749999999999996 0.3955
4

ILD1b3
4
-0.7695799999999999 0.37050000000000005
-0.44542 0.37050000000000005
-0.4478054166666667 0.3955
-0.7671945833333333 0.3955
4

ILD1b3
4
0.44542 0.37050000000000005
5.855 0.37050000000000005
5.855 0.3955
0.4478054166666667 0.3955
4

ILD1b1+ILD1b2
4
-3.8749999999999996 0.2765
5.855 0.2765
5.855 0.37050000000000005
-3.8749999999999996 0.37050000000000005
4

IMD6d1
4
-3.8749999999999996 1.2745
1.9800000000000009 1.2745
1.9800000000000009 1.2925
-3.8749999999999996 1.2925
2.65

IMD6d1
4
1.9800000000000009 1.2925
5.855 1.2925
5.855 1.3025
1.9800000000000009 1.3025
2.65

FOXA+FOXB+TOX
4
-3.8749999999999996 0.001
5.855 0.001
5.855 0.2665
-3.8749999999999996 0.2665
4.0

ILD1a
4
-3.8749999999999996 0.2665
5.855 0.2665
5.855 0.2765
-3.8749999999999996 0.2765
7.0

IMD2a
4
-3.8749999999999996 0.4665
5.855 0.4665
5.855 0.4875
-3.8749999999999996 0.4875
5.2

IMD2b
4
-3.8749999999999996 0.4875
5.855 0.4875
5.855 0.5025
-3.8749999999999996 0.5025
4.2

IMD2c
4
-3.8749999999999996 0.5025
5.855 0.5025
5.855 0.5265
-3.8749999999999996 0.5265
3.28

IMD2d1+IMD2d2
4
-3.8749999999999996 0.5265
5.855 0.5265
5.855 0.6535
-3.8749999999999996 0.6535
2.65

IMD3a
4
-3.8749999999999996 0.6535
5.855 0.6535
5.855 0.6745
-3.8749999999999996 0.6745
5.2

IMD3b
4
-3.8749999999999996 0.6745
5.855 0.6745
5.855 0.6895
-3.8749999999999996 0.6895
4.2

IMD3c
4
-3.8749999999999996 0.6895
5.855 0.6895
5.855 0.7135
-3.8749999999999996 0.7135
3.28

IMD3d1+IMD3d2
4
-3.8749999999999996 0.7135
5.855 0.7135
5.855 0.8405
-3.8749999999999996 0.8405
2.65

IMD4a
4
-3.8749999999999996 0.8405
5.855 0.8405
5.855 0.8615
-3.8749999999999996 0.8615
5.2

IMD4b
4
-3.8749999999999996 0.8615
5.855 0.8615
5.855 0.8765
-3.8749999999999996 0.8765
4.2

IMD4c
4
-3.8749999999999996 0.8765
5.855 0.8765
5.855 0.9005
-3.8749999999999996 0.9005
3.28

IMD4d1+IMD4d2
4
-3.8749999999999996 0.9005
5.855 0.9005
5.855 1.0275
-3.8749999999999996 1.0275
2.65

IMD5a
4
-3.8749999999999996 1.0275
5.855 1.0275
5.855 1.0485
-3.8749999999999996 1.0485
5.2

IMD5b
4
-3.8749999999999996 1.0485
5.855 1.0485
5.855 1.0635
-3.8749999999999996 1.0635
4.2

IMD5c
4
-3.8749999999999996 1.0635
5.855 1.0635
5.855 1.0875
-3.8749999999999996 1.0875
3.28

IMD5d1+IMD5d2
4
-3.8749999999999996 1.0875
5.855 1.0875
5.855 1.2145
-3.8749999999999996 1.2145
2.65

IMD6a
4
-3.8749999999999996 1.2145
5.855 1.2145
5.855 1.2355
-3.8749999999999996 1.2355
5.2

IMD6b
4
-3.8749999999999996 1.2355
5.855 1.2355
5.855 1.2505
-3.8749999999999996 1.2505
4.2

IMD6c
4
-3.8749999999999996 1.2505
5.855 1.2505
5.855 1.2745
-3.8749999999999996 1.2745
3.28


4
-3.8749999999999996 0.001
5.855 0.001
5.855 1.3025
-3.8749999999999996 1.3025

