c1
4
-0.01791999999999999 0.37050000000000005
0.01791999999999999 0.37050000000000005
0.027079999999999993 0.4665
-0.027079999999999993 0.4665

7
botleft
4
-0.8825000000000001 -0.001
0 -0.001
0 0.001
-0.8825000000000001 0.001

botright
4
0 -0.001
1.2875 -0.001
1.2875 0.001
0 0.001

lEnv
4
-0.37792 0.37050000000000005
-0.34208 0.37050000000000005
-0.33292 0.4665
-0.38708 0.4665

c2
4
0.20708 0.37050000000000005
0.33292000000000005 0.37050000000000005
0.34208000000000005 0.4665
0.19791999999999998 0.4665

rEnv
4
0.6570800000000001 0.37050000000000005
0.7829200000000003 0.37050000000000005
0.7920800000000002 0.4665
0.6479200000000002 0.4665

topleft
4
-0.8825000000000001 0.9285000000000001
0 0.9285000000000001
0 1.0275
-0.8825000000000001 1.0275

topright
4
0 0.9285000000000001
1.2875 0.9285000000000001
1.2875 1.0275
0 1.0275


31
IMD4d1_damage
4
-0.8825000000000001 0.9185000000000001
1.2875 0.9185000000000001
1.2875 0.9285000000000001
-0.8825000000000001 0.9285000000000001
3.1

IMD1b
4
-0.8825000000000001 0.40650000000000003
-0.381355 0.40650000000000003
-0.38708 0.4665
-0.8825000000000001 0.4665
2.8

IMD1b
4
-0.338645 0.40650000000000003
-0.021354999999999992 0.40650000000000003
-0.027079999999999993 0.4665
-0.33292 0.4665
2.8

IMD1b
4
0.021354999999999992 0.40650000000000003
0.203645 0.40650000000000003
0.19791999999999998 0.4665
0.027079999999999993 0.4665
2.8

IMD1b
4
0.33635500000000007 0.40650000000000003
0.6536450000000001 0.40650000000000003
0.6479200000000002 0.4665
0.34208000000000005 0.4665
2.8

IMD1b
4
0.7863550000000002 0.40650000000000003
1.2875 0.40650000000000003
1.2875 0.4665
0.7920800000000002 0.4665
2.8

IMD1a
4
-0.8825000000000001 0.3955
-0.3803054166666667 0.3955
-0.381355 0.40650000000000003
-0.8825000000000001 0.40650000000000003
5.2

IMD1a
4
-0.3396945833333333 0.3955
-0.02030541666666666 0.3955
-0.021354999999999992 0.40650000000000003
-0.338645 0.40650000000000003
5.2

IMD1a
4
0.02030541666666666 0.3955
0.20469458333333332 0.3955
0.203645 0.40650000000000003
0.021354999999999992 0.40650000000000003
5.2

IMD1a
4
0.33530541666666674 0.3955
0.6546945833333335 0.3955
0.6536450000000001 0.40650000000000003
0.33635500000000007 0.40650000000000003
5.2

IMD1a
4
0.7853054166666669 0.3955
1.2875 0.3955
1.2875 0.40650000000000003
0.7863550000000002 0.40650000000000003
5.2

ILD1b3
4
-0.8825000000000001 0.37050000000000005
-0.37792 0.37050000000000005
-0.3803054166666667 0.3955
-0.8825000000000001 0.3955
4

ILD1b3
4
-0.34208 0.37050000000000005
-0.01791999999999999 0.37050000000000005
-0.02030541666666666 0.3955
-0.3396945833333333 0.3955
4

ILD1b3
4
0.01791999999999999 0.37050000000000005
0.20708 0.37050000000000005
0.20469458333333332 0.3955
0.02030541666666666 0.3955
4

ILD1b3
4
0.33292000000000005 0.37050000000000005
0.6570800000000001 0.37050000000000005
0.6546945833333335 0.3955
0.33530541666666674 0.3955
4

ILD1b3
4
0.7829200000000003 0.37050000000000005
1.2875 0.37050000000000005
1.2875 0.3955
0.7853054166666669 0.3955
4

ILD1b1+ILD1b2
4
-0.8825000000000001 0.2765
1.2875 0.2765
1.2875 0.37050000000000005
-0.8825000000000001 0.37050000000000005
4

IMD4d1
4
-0.8825000000000001 0.9005
1.2875 0.9005
1.2875 0.9185000000000001
-0.8825000000000001 0.9185000000000001
2.65

FOXA+FOXB+TOX
4
-0.8825000000000001 0.001
1.2875 0.001
1.2875 0.2665
-0.8825000000000001 0.2665
4.0

ILD1a
4
-0.8825000000000001 0.2665
1.2875 0.2665
1.2875 0.2765
-0.8825000000000001 0.2765
7.0

IMD2a
4
-0.8825000000000001 0.4665
1.2875 0.4665
1.2875 0.4875
-0.8825000000000001 0.4875
5.2

IMD2b
4
-0.8825000000000001 0.4875
1.2875 0.4875
1.2875 0.5025
-0.8825000000000001 0.5025
4.2

IMD2c
4
-0.8825000000000001 0.5025
1.2875 0.5025
1.2875 0.5265
-0.8825000000000001 0.5265
3.28

IMD2d1+IMD2d2
4
-0.8825000000000001 0.5265
1.2875 0.5265
1.2875 0.6535
-0.8825000000000001 0.6535
2.65

IMD3a
4
-0.8825000000000001 0.6535
1.2875 0.6535
1.2875 0.6745
-0.8825000000000001 0.6745
5.2

IMD3b
4
-0.8825000000000001 0.6745
1.2875 0.6745
1.2875 0.6895
-0.8825000000000001 0.6895
4.2

IMD3c
4
-0.8825000000000001 0.6895
1.2875 0.6895
1.2875 0.7135
-0.8825000000000001 0.7135
3.28

IMD3d1+IMD3d2
4
-0.8825000000000001 0.7135
1.2875 0.7135
1.2875 0.8405
-0.8825000000000001 0.8405
2.65

IMD4a
4
-0.8825000000000001 0.8405
1.2875 0.8405
1.2875 0.8615
-0.8825000000000001 0.8615
5.2

IMD4b
4
-0.8825000000000001 0.8615
1.2875 0.8615
1.2875 0.8765
-0.8825000000000001 0.8765
4.2

IMD4c
4
-0.8825000000000001 0.8765
1.2875 0.8765
1.2875 0.9005
-0.8825000000000001 0.9005
3.28


4
-0.8825000000000001 0.001
1.2875 0.001
1.2875 0.9285000000000001
-0.8825000000000001 0.9285000000000001

