c1
4
-0.017920000000000005 0.37050000000000005
0.017920000000000005 0.37050000000000005
0.027080000000000007 0.4665
-0.027080000000000007 0.4665

7
botleft
4
-0.6125 -0.001
0 -0.001
0 0.001
-0.6125 0.001

botright
4
0 -0.001
0.8825 -0.001
0.8825 0.001
0 0.001

lEnv
4
-0.10792 0.37050000000000005
-0.07208 0.37050000000000005
-0.06292 0.4665
-0.11708 0.4665

c2
4
0.07207999999999999 0.37050000000000005
0.19791999999999998 0.37050000000000005
0.20708 0.4665
0.06291999999999999 0.4665

rEnv
4
0.25207999999999997 0.37050000000000005
0.3779199999999999 0.37050000000000005
0.3870799999999999 0.4665
0.24291999999999997 0.4665

topleft
4
-0.6125 1.1155
0 1.1155
0 1.2145
-0.6125 1.2145

topright
4
0 1.1155
0.8825 1.1155
0.8825 1.2145
0 1.2145


35
IMD5d1_damage
4
-0.6125 1.1055
0.8825 1.1055
0.8825 1.1155
-0.6125 1.1155
3.1

IMD1b
4
-0.6125 0.40650000000000003
-0.11135500000000001 0.40650000000000003
-0.11708 0.4665
-0.6125 0.4665
2.8

IMD1b
4
-0.068645 0.40650000000000003
-0.021355000000000006 0.40650000000000003
-0.027080000000000007 0.4665
-0.06292 0.4665
2.8

IMD1b
4
0.021355000000000006 0.40650000000000003
0.06864499999999998 0.40650000000000003
0.06291999999999999 0.4665
0.027080000000000007 0.4665
2.8

IMD1b
4
0.20135499999999998 0.40650000000000003
0.24864499999999998 0.40650000000000003
0.24291999999999997 0.4665
0.20708 0.4665
2.8

IMD1b
4
0.38135499999999994 0.40650000000000003
0.8825 0.40650000000000003
0.8825 0.4665
0.3870799999999999 0.4665
2.8

IMD1a
4
-0.6125 0.3955
-0.11030541666666667 0.3955
-0.11135500000000001 0.40650000000000003
-0.6125 0.40650000000000003
5.2

IMD1a
4
-0.06969458333333334 0.3955
-0.020305416666666673 0.3955
-0.021355000000000006 0.40650000000000003
-0.068645 0.40650000000000003
5.2

IMD1a
4
0.020305416666666673 0.3955
0.06969458333333332 0.3955
0.06864499999999998 0.40650000000000003
0.021355000000000006 0.40650000000000003
5.2

IMD1a
4
0.20030541666666665 0.3955
0.2496945833333333 0.3955
0.24864499999999998 0.40650000000000003
0.20135499999999998 0.40650000000000003
5.2

IMD1a
4
0.3803054166666666 0.3955
0.8825 0.3955
0.8825 0.40650000000000003
0.38135499999999994 0.40650000000000003
5.2

ILD1b3
4
-0.6125 0.37050000000000005
-0.10792 0.37050000000000005
-0.11030541666666667 0.3955
-0.6125 0.3955
4

ILD1b3
4
-0.07208 0.37050000000000005
-0.017920000000000005 0.37050000000000005
-0.020305416666666673 0.3955
-0.06969458333333334 0.3955
4

ILD1b3
4
0.017920000000000005 0.37050000000000005
0.07207999999999999 0.37050000000000005
0.06969458333333332 0.3955
0.020305416666666673 0.3955
4

ILD1b3
4
0.19791999999999998 0.37050000000000005
0.25207999999999997 0.37050000000000005
0.2496945833333333 0.3955
0.20030541666666665 0.3955
4

ILD1b3
4
0.3779199999999999 0.37050000000000005
0.8825 0.37050000000000005
0.8825 0.3955
0.3803054166666666 0.3955
4

ILD1b1+ILD1b2
4
-0.6125 0.2765
0.8825 0.2765
0.8825 0.37050000000000005
-0.6125 0.37050000000000005
4

IMD5d1
4
-0.6125 1.0875
0.8825 1.0875
0.8825 1.1055
-0.6125 1.1055
2.65

FOXA+FOXB+TOX
4
-0.6125 0.001
0.8825 0.001
0.8825 0.2665
-0.6125 0.2665
4.0

ILD1a
4
-0.6125 0.2665
0.8825 0.2665
0.8825 0.2765
-0.6125 0.2765
7.0

IMD2a
4
-0.6125 0.4665
0.8825 0.4665
0.8825 0.4875
-0.6125 0.4875
5.2

IMD2b
4
-0.6125 0.4875
0.8825 0.4875
0.8825 0.5025
-0.6125 0.5025
4.2

IMD2c
4
-0.6125 0.5025
0.8825 0.5025
0.8825 0.5265
-0.6125 0.5265
3.28

IMD2d1+IMD2d2
4
-0.6125 0.5265
0.8825 0.5265
0.8825 0.6535
-0.6125 0.6535
2.65

IMD3a
4
-0.6125 0.6535
0.8825 0.6535
0.8825 0.6745
-0.6125 0.6745
5.2

IMD3b
4
-0.6125 0.6745
0.8825 0.6745
0.8825 0.6895
-0.6125 0.6895
4.2

IMD3c
4
-0.6125 0.6895
0.8825 0.6895
0.8825 0.7135
-0.6125 0.7135
3.28

IMD3d1+IMD3d2
4
-0.6125 0.7135
0.8825 0.7135
0.8825 0.8405
-0.6125 0.8405
2.65

IMD4a
4
-0.6125 0.8405
0.8825 0.8405
0.8825 0.8615
-0.6125 0.8615
5.2

IMD4b
4
-0.6125 0.8615
0.8825 0.8615
0.8825 0.8765
-0.6125 0.8765
4.2

IMD4c
4
-0.6125 0.8765
0.8825 0.8765
0.8825 0.9005
-0.6125 0.9005
3.28

IMD4d1+IMD4d2
4
-0.6125 0.9005
0.8825 0.9005
0.8825 1.0275
-0.6125 1.0275
2.65

IMD5a
4
-0.6125 1.0275
0.8825 1.0275
0.8825 1.0485
-0.6125 1.0485
5.2

IMD5b
4
-0.6125 1.0485
0.8825 1.0485
0.8825 1.0635
-0.6125 1.0635
4.2

IMD5c
4
-0.6125 1.0635
0.8825 1.0635
0.8825 1.0875
-0.6125 1.0875
3.28


4
-0.6125 0.001
0.8825 0.001
0.8825 1.1155
-0.6125 1.1155

