c1
4
-0.44542 0.37050000000000005
0.44542 0.37050000000000005
0.45458 0.4665
-0.45458 0.4665

7
botleft
4
-1.8949999999999998 -0.001
0 -0.001
0 0.001
-1.8949999999999998 0.001

botright
4
0 -0.001
1.355 -0.001
1.355 0.001
0 0.001

lEnv
4
-1.3904199999999998 0.37050000000000005
-0.49957999999999997 0.37050000000000005
-0.49041999999999997 0.4665
-1.3995799999999998 0.4665

c2
4
0.54458 0.37050000000000005
0.6704200000000001 0.37050000000000005
0.6795800000000001 0.4665
0.53542 0.4665

rEnv
4
0.7245799999999999 0.37050000000000005
0.8504199999999998 0.37050000000000005
0.8595799999999998 0.4665
0.71542 0.4665

topleft
4
-1.8949999999999998 0.9285000000000001
0 0.9285000000000001
0 1.0275
-1.8949999999999998 1.0275

topright
4
0 0.9285000000000001
1.355 0.9285000000000001
1.355 1.0275
0 1.0275


31
IMD4d1_damage
4
-1.8949999999999998 0.9185000000000001
1.355 0.9185000000000001
1.355 0.9285000000000001
-1.8949999999999998 0.9285000000000001
3.1

IMD1b
4
-1.8949999999999998 0.40650000000000003
-1.3938549999999998 0.40650000000000003
-1.3995799999999998 0.4665
-1.8949999999999998 0.4665
2.8

IMD1b
4
-0.49614499999999995 0.40650000000000003
-0.448855 0.40650000000000003
-0.45458 0.4665
-0.49041999999999997 0.4665
2.8

IMD1b
4
0.448855 0.40650000000000003
0.541145 0.40650000000000003
0.53542 0.4665
0.45458 0.4665
2.8

IMD1b
4
0.6738550000000001 0.40650000000000003
0.7211449999999999 0.40650000000000003
0.71542 0.4665
0.6795800000000001 0.4665
2.8

IMD1b
4
0.8538549999999998 0.40650000000000003
1.355 0.40650000000000003
1.355 0.4665
0.8595799999999998 0.4665
2.8

IMD1a
4
-1.8949999999999998 0.3955
-1.3928054166666666 0.3955
-1.3938549999999998 0.40650000000000003
-1.8949999999999998 0.40650000000000003
5.2

IMD1a
4
-0.4971945833333333 0.3955
-0.4478054166666667 0.3955
-0.448855 0.40650000000000003
-0.49614499999999995 0.40650000000000003
5.2

IMD1a
4
0.4478054166666667 0.3955
0.5421945833333334 0.3955
0.541145 0.40650000000000003
0.448855 0.40650000000000003
5.2

IMD1a
4
0.6728054166666667 0.3955
0.7221945833333333 0.3955
0.7211449999999999 0.40650000000000003
0.6738550000000001 0.40650000000000003
5.2

IMD1a
4
0.8528054166666664 0.3955
1.355 0.3955
1.355 0.40650000000000003
0.8538549999999998 0.40650000000000003
5.2

ILD1b3
4
-1.8949999999999998 0.37050000000000005
-1.3904199999999998 0.37050000000000005
-1.3928054166666666 0.3955
-1.8949999999999998 0.3955
4

ILD1b3
4
-0.49957999999999997 0.37050000000000005
-0.44542 0.37050000000000005
-0.4478054166666667 0.3955
-0.4971945833333333 0.3955
4

ILD1b3
4
0.44542 0.37050000000000005
0.54458 0.37050000000000005
0.5421945833333334 0.3955
0.4478054166666667 0.3955
4

ILD1b3
4
0.6704200000000001 0.37050000000000005
0.7245799999999999 0.37050000000000005
0.7221945833333333 0.3955
0.6728054166666667 0.3955
4

ILD1b3
4
0.8504199999999998 0.37050000000000005
1.355 0.37050000000000005
1.355 0.3955
0.8528054166666664 0.3955
4

ILD1b1+ILD1b2
4
-1.8949999999999998 0.2765
1.355 0.2765
1.355 0.37050000000000005
-1.8949999999999998 0.37050000000000005
4

IMD4d1
4
-1.8949999999999998 0.9005
1.355 0.9005
1.355 0.9185000000000001
-1.8949999999999998 0.9185000000000001
2.65

FOXA+FOXB+TOX
4
-1.8949999999999998 0.001
1.355 0.001
1.355 0.2665
-1.8949999999999998 0.2665
4.0

ILD1a
4
-1.8949999999999998 0.2665
1.355 0.2665
1.355 0.2765
-1.8949999999999998 0.2765
7.0

IMD2a
4
-1.8949999999999998 0.4665
1.355 0.4665
1.355 0.4875
-1.8949999999999998 0.4875
5.2

IMD2b
4
-1.8949999999999998 0.4875
1.355 0.4875
1.355 0.5025
-1.8949999999999998 0.5025
4.2

IMD2c
4
-1.8949999999999998 0.5025
1.355 0.5025
1.355 0.5265
-1.8949999999999998 0.5265
3.28

IMD2d1+IMD2d2
4
-1.8949999999999998 0.5265
1.355 0.5265
1.355 0.6535
-1.8949999999999998 0.6535
2.65

IMD3a
4
-1.8949999999999998 0.6535
1.355 0.6535
1.355 0.6745
-1.8949999999999998 0.6745
5.2

IMD3b
4
-1.8949999999999998 0.6745
1.355 0.6745
1.355 0.6895
-1.8949999999999998 0.6895
4.2

IMD3c
4
-1.8949999999999998 0.6895
1.355 0.6895
1.355 0.7135
-1.8949999999999998 0.7135
3.28

IMD3d1+IMD3d2
4
-1.8949999999999998 0.7135
1.355 0.7135
1.355 0.8405
-1.8949999999999998 0.8405
2.65

IMD4a
4
-1.8949999999999998 0.8405
1.355 0.8405
1.355 0.8615
-1.8949999999999998 0.8615
5.2

IMD4b
4
-1.8949999999999998 0.8615
1.355 0.8615
1.355 0.8765
-1.8949999999999998 0.8765
4.2

IMD4c
4
-1.8949999999999998 0.8765
1.355 0.8765
1.355 0.9005
-1.8949999999999998 0.9005
3.28


4
-1.8949999999999998 0.001
1.355 0.001
1.355 0.9285000000000001
-1.8949999999999998 0.9285000000000001

