botcenter
4
0 -0.001
0.27 -0.001
0.27 0.001
0 0.001

7
c1
4
-0.06292 0.37050000000000005
0.06292 0.37050000000000005
0.07208 0.4665
-0.07208 0.4665

c2
4
0.20708000000000001 0.37050000000000005
0.33292000000000005 0.37050000000000005
0.34208000000000005 0.4665
0.19792 0.4665

topleft
4
-5.2025 1.3025
0 1.3025
0 1.4015
-5.2025 1.4015

topcenter
4
0 1.3025
0.27 1.3025
0.27 1.4015
0 1.4015

topright
4
0.27 1.3025
5.4725 1.3025
5.4725 1.4015
0.27 1.4015

botleft
4
-5.2025 -0.001
0 -0.001
0 0.001
-5.2025 0.001

botright
4
0.27 -0.001
5.4725 -0.001
5.4725 0.001
0.27 0.001


33
IMD6d1_damage
4
-5.2025 1.2925
5.4725 1.2925
5.4725 1.3025
-5.2025 1.3025
3.1

IMD1b
4
-5.2025 0.40650000000000003
-0.06635500000000001 0.40650000000000003
-0.07208 0.4665
-5.2025 0.4665
2.8

IMD1b
4
0.06635500000000001 0.40650000000000003
0.20364500000000002 0.40650000000000003
0.19792 0.4665
0.07208 0.4665
2.8

IMD1b
4
0.33635500000000007 0.40650000000000003
5.4725 0.40650000000000003
5.4725 0.4665
0.34208000000000005 0.4665
2.8

IMD1a
4
-5.2025 0.3955
-0.06530541666666667 0.3955
-0.06635500000000001 0.40650000000000003
-5.2025 0.40650000000000003
5.2

IMD1a
4
0.06530541666666667 0.3955
0.20469458333333335 0.3955
0.20364500000000002 0.40650000000000003
0.06635500000000001 0.40650000000000003
5.2

IMD1a
4
0.33530541666666674 0.3955
5.4725 0.3955
5.4725 0.40650000000000003
0.33635500000000007 0.40650000000000003
5.2

ILD1b3
4
-5.2025 0.37050000000000005
-0.06292 0.37050000000000005
-0.06530541666666667 0.3955
-5.2025 0.3955
4

ILD1b3
4
0.06292 0.37050000000000005
0.20708000000000001 0.37050000000000005
0.20469458333333335 0.3955
0.06530541666666667 0.3955
4

ILD1b3
4
0.33292000000000005 0.37050000000000005
5.4725 0.37050000000000005
5.4725 0.3955
0.33530541666666674 0.3955
4

ILD1b1+ILD1b2
4
-5.2025 0.2765
5.4725 0.2765
5.4725 0.37050000000000005
-5.2025 0.37050000000000005
4

IMD6d1
4
-5.2025 1.2745
5.4725 1.2745
5.4725 1.2925
-5.2025 1.2925
2.65

FOXA+FOXB+TOX
4
-5.2025 0.001
5.4725 0.001
5.4725 0.2665
-5.2025 0.2665
4.0

ILD1a
4
-5.2025 0.2665
5.4725 0.2665
5.4725 0.2765
-5.2025 0.2765
7.0

IMD2a
4
-5.2025 0.4665
5.4725 0.4665
5.4725 0.4875
-5.2025 0.4875
5.2

IMD2b
4
-5.2025 0.4875
5.4725 0.4875
5.4725 0.5025
-5.2025 0.5025
4.2

IMD2c
4
-5.2025 0.5025
5.4725 0.5025
5.4725 0.5265
-5.2025 0.5265
3.28

IMD2d1+IMD2d2
4
-5.2025 0.5265
5.4725 0.5265
5.4725 0.6535
-5.2025 0.6535
2.65

IMD3a
4
-5.2025 0.6535
5.4725 0.6535
5.4725 0.6745
-5.2025 0.6745
5.2

IMD3b
4
-5.2025 0.6745
5.4725 0.6745
5.4725 0.6895
-5.2025 0.6895
4.2

IMD3c
4
-5.2025 0.6895
5.4725 0.6895
5.4725 0.7135
-5.2025 0.7135
3.28

IMD3d1+IMD3d2
4
-5.2025 0.7135
5.4725 0.7135
5.4725 0.8405
-5.2025 0.8405
2.65

IMD4a
4
-5.2025 0.8405
5.4725 0.8405
5.4725 0.8615
-5.2025 0.8615
5.2

IMD4b
4
-5.2025 0.8615
5.4725 0.8615
5.4725 0.8765
-5.2025 0.8765
4.2

IMD4c
4
-5.2025 0.8765
5.4725 0.8765
5.4725 0.9005
-5.2025 0.9005
3.28

IMD4d1+IMD4d2
4
-5.2025 0.9005
5.4725 0.9005
5.4725 1.0275
-5.2025 1.0275
2.65

IMD5a
4
-5.2025 1.0275
5.4725 1.0275
5.4725 1.0485
-5.2025 1.0485
5.2

IMD5b
4
-5.2025 1.0485
5.4725 1.0485
5.4725 1.0635
-5.2025 1.0635
4.2

IMD5c
4
-5.2025 1.0635
5.4725 1.0635
5.4725 1.0875
-5.2025 1.0875
3.28

IMD5d1+IMD5d2
4
-5.2025 1.0875
5.4725 1.0875
5.4725 1.2145
-5.2025 1.2145
2.65

IMD6a
4
-5.2025 1.2145
5.4725 1.2145
5.4725 1.2355
-5.2025 1.2355
5.2

IMD6b
4
-5.2025 1.2355
5.4725 1.2355
5.4725 1.2505
-5.2025 1.2505
4.2

IMD6c
4
-5.2025 1.2505
5.4725 1.2505
5.4725 1.2745
-5.2025 1.2745
3.28


4
-5.2025 0.001
5.4725 0.001
5.4725 1.3025
-5.2025 1.3025

