botcenter
4
0 -0.001
0.6524999999999999 -0.001
0.6524999999999999 0.001
0 0.001

7
c1
4
-0.4454199999999999 0.37050000000000005
0.4454199999999999 0.37050000000000005
0.45457999999999993 0.4665
-0.45457999999999993 0.4665

c2
4
0.5895799999999999 0.37050000000000005
0.7154200000000001 0.37050000000000005
0.72458 0.4665
0.5804199999999999 0.4665

topleft
4
-6.35 1.3025
0 1.3025
0 1.4015
-6.35 1.4015

topcenter
4
0 1.3025
0.6524999999999999 1.3025
0.6524999999999999 1.4015
0 1.4015

topright
4
0.6524999999999999 1.3025
5.855 1.3025
5.855 1.4015
0.6524999999999999 1.4015

botleft
4
-6.35 -0.001
0 -0.001
0 0.001
-6.35 0.001

botright
4
0.6524999999999999 -0.001
5.855 -0.001
5.855 0.001
0.6524999999999999 0.001


33
IMD6d1_damage
4
-6.35 1.2925
5.855 1.2925
5.855 1.3025
-6.35 1.3025
3.1

IMD1b
4
-6.35 0.40650000000000003
-0.44885499999999995 0.40650000000000003
-0.45457999999999993 0.4665
-6.35 0.4665
2.8

IMD1b
4
0.44885499999999995 0.40650000000000003
0.5861449999999999 0.40650000000000003
0.5804199999999999 0.4665
0.45457999999999993 0.4665
2.8

IMD1b
4
0.718855 0.40650000000000003
5.855 0.40650000000000003
5.855 0.4665
0.72458 0.4665
2.8

IMD1a
4
-6.35 0.3955
-0.4478054166666666 0.3955
-0.44885499999999995 0.40650000000000003
-6.35 0.40650000000000003
5.2

IMD1a
4
0.4478054166666666 0.3955
0.5871945833333333 0.3955
0.5861449999999999 0.40650000000000003
0.44885499999999995 0.40650000000000003
5.2

IMD1a
4
0.7178054166666666 0.3955
5.855 0.3955
5.855 0.40650000000000003
0.718855 0.40650000000000003
5.2

ILD1b3
4
-6.35 0.37050000000000005
-0.4454199999999999 0.37050000000000005
-0.4478054166666666 0.3955
-6.35 0.3955
4

ILD1b3
4
0.4454199999999999 0.37050000000000005
0.5895799999999999 0.37050000000000005
0.5871945833333333 0.3955
0.4478054166666666 0.3955
4

ILD1b3
4
0.7154200000000001 0.37050000000000005
5.855 0.37050000000000005
5.855 0.3955
0.7178054166666666 0.3955
4

ILD1b1+ILD1b2
4
-6.35 0.2765
5.855 0.2765
5.855 0.37050000000000005
-6.35 0.37050000000000005
4

IMD6d1
4
-6.35 1.2745
5.855 1.2745
5.855 1.2925
-6.35 1.2925
2.65

FOXA+FOXB+TOX
4
-6.35 0.001
5.855 0.001
5.855 0.2665
-6.35 0.2665
4.0

ILD1a
4
-6.35 0.2665
5.855 0.2665
5.855 0.2765
-6.35 0.2765
7.0

IMD2a
4
-6.35 0.4665
5.855 0.4665
5.855 0.4875
-6.35 0.4875
5.2

IMD2b
4
-6.35 0.4875
5.855 0.4875
5.855 0.5025
-6.35 0.5025
4.2

IMD2c
4
-6.35 0.5025
5.855 0.5025
5.855 0.5265
-6.35 0.5265
3.28

IMD2d1+IMD2d2
4
-6.35 0.5265
5.855 0.5265
5.855 0.6535
-6.35 0.6535
2.65

IMD3a
4
-6.35 0.6535
5.855 0.6535
5.855 0.6745
-6.35 0.6745
5.2

IMD3b
4
-6.35 0.6745
5.855 0.6745
5.855 0.6895
-6.35 0.6895
4.2

IMD3c
4
-6.35 0.6895
5.855 0.6895
5.855 0.7135
-6.35 0.7135
3.28

IMD3d1+IMD3d2
4
-6.35 0.7135
5.855 0.7135
5.855 0.8405
-6.35 0.8405
2.65

IMD4a
4
-6.35 0.8405
5.855 0.8405
5.855 0.8615
-6.35 0.8615
5.2

IMD4b
4
-6.35 0.8615
5.855 0.8615
5.855 0.8765
-6.35 0.8765
4.2

IMD4c
4
-6.35 0.8765
5.855 0.8765
5.855 0.9005
-6.35 0.9005
3.28

IMD4d1+IMD4d2
4
-6.35 0.9005
5.855 0.9005
5.855 1.0275
-6.35 1.0275
2.65

IMD5a
4
-6.35 1.0275
5.855 1.0275
5.855 1.0485
-6.35 1.0485
5.2

IMD5b
4
-6.35 1.0485
5.855 1.0485
5.855 1.0635
-6.35 1.0635
4.2

IMD5c
4
-6.35 1.0635
5.855 1.0635
5.855 1.0875
-6.35 1.0875
3.28

IMD5d1+IMD5d2
4
-6.35 1.0875
5.855 1.0875
5.855 1.2145
-6.35 1.2145
2.65

IMD6a
4
-6.35 1.2145
5.855 1.2145
5.855 1.2355
-6.35 1.2355
5.2

IMD6b
4
-6.35 1.2355
5.855 1.2355
5.855 1.2505
-6.35 1.2505
4.2

IMD6c
4
-6.35 1.2505
5.855 1.2505
5.855 1.2745
-6.35 1.2745
3.28


4
-6.35 0.001
5.855 0.001
5.855 1.3025
-6.35 1.3025

