c1
4
-0.017920000000000005 0.37050000000000005
0.017920000000000005 0.37050000000000005
0.027080000000000007 0.4665
-0.027080000000000007 0.4665

7
botleft
4
-0.6125 -0.001
0 -0.001
0 0.001
-0.6125 0.001

botright
4
0 -0.001
2.4575 -0.001
2.4575 0.001
0 0.001

lEnv
4
-0.10792 0.37050000000000005
-0.07208 0.37050000000000005
-0.06292 0.4665
-0.11708 0.4665

c2
4
0.11708 0.37050000000000005
1.0079199999999997 0.37050000000000005
1.0170799999999998 0.4665
0.10792 0.4665

rEnv
4
1.06208 0.37050000000000005
1.9529199999999998 0.37050000000000005
1.9620799999999998 0.4665
1.0529199999999999 0.4665

topleft
4
-0.6125 1.1155
0 1.1155
0 1.2145
-0.6125 1.2145

topright
4
0 1.1155
2.4575 1.1155
2.4575 1.2145
0 1.2145


35
IMD5d1_damage
4
-0.6125 1.1055
2.4575 1.1055
2.4575 1.1155
-0.6125 1.1155
3.1

IMD1b
4
-0.6125 0.40650000000000003
-0.11135500000000001 0.40650000000000003
-0.11708 0.4665
-0.6125 0.4665
2.8

IMD1b
4
-0.068645 0.40650000000000003
-0.021355000000000006 0.40650000000000003
-0.027080000000000007 0.4665
-0.06292 0.4665
2.8

IMD1b
4
0.021355000000000006 0.40650000000000003
0.113645 0.40650000000000003
0.10792 0.4665
0.027080000000000007 0.4665
2.8

IMD1b
4
1.0113549999999998 0.40650000000000003
1.0586449999999998 0.40650000000000003
1.0529199999999999 0.4665
1.0170799999999998 0.4665
2.8

IMD1b
4
1.9563549999999998 0.40650000000000003
2.4575 0.40650000000000003
2.4575 0.4665
1.9620799999999998 0.4665
2.8

IMD1a
4
-0.6125 0.3955
-0.11030541666666667 0.3955
-0.11135500000000001 0.40650000000000003
-0.6125 0.40650000000000003
5.2

IMD1a
4
-0.06969458333333334 0.3955
-0.020305416666666673 0.3955
-0.021355000000000006 0.40650000000000003
-0.068645 0.40650000000000003
5.2

IMD1a
4
0.020305416666666673 0.3955
0.11469458333333334 0.3955
0.113645 0.40650000000000003
0.021355000000000006 0.40650000000000003
5.2

IMD1a
4
1.0103054166666665 0.3955
1.059694583333333 0.3955
1.0586449999999998 0.40650000000000003
1.0113549999999998 0.40650000000000003
5.2

IMD1a
4
1.9553054166666666 0.3955
2.4575 0.3955
2.4575 0.40650000000000003
1.9563549999999998 0.40650000000000003
5.2

ILD1b3
4
-0.6125 0.37050000000000005
-0.10792 0.37050000000000005
-0.11030541666666667 0.3955
-0.6125 0.3955
4

ILD1b3
4
-0.07208 0.37050000000000005
-0.017920000000000005 0.37050000000000005
-0.020305416666666673 0.3955
-0.06969458333333334 0.3955
4

ILD1b3
4
0.017920000000000005 0.37050000000000005
0.11708 0.37050000000000005
0.11469458333333334 0.3955
0.020305416666666673 0.3955
4

ILD1b3
4
1.0079199999999997 0.37050000000000005
1.06208 0.37050000000000005
1.059694583333333 0.3955
1.0103054166666665 0.3955
4

ILD1b3
4
1.9529199999999998 0.37050000000000005
2.4575 0.37050000000000005
2.4575 0.3955
1.9553054166666666 0.3955
4

ILD1b1+ILD1b2
4
-0.6125 0.2765
2.4575 0.2765
2.4575 0.37050000000000005
-0.6125 0.37050000000000005
4

IMD5d1
4
-0.6125 1.0875
2.4575 1.0875
2.4575 1.1055
-0.6125 1.1055
2.65

FOXA+FOXB+TOX
4
-0.6125 0.001
2.4575 0.001
2.4575 0.2665
-0.6125 0.2665
4.0

ILD1a
4
-0.6125 0.2665
2.4575 0.2665
2.4575 0.2765
-0.6125 0.2765
7.0

IMD2a
4
-0.6125 0.4665
2.4575 0.4665
2.4575 0.4875
-0.6125 0.4875
5.2

IMD2b
4
-0.6125 0.4875
2.4575 0.4875
2.4575 0.5025
-0.6125 0.5025
4.2

IMD2c
4
-0.6125 0.5025
2.4575 0.5025
2.4575 0.5265
-0.6125 0.5265
3.28

IMD2d1+IMD2d2
4
-0.6125 0.5265
2.4575 0.5265
2.4575 0.6535
-0.6125 0.6535
2.65

IMD3a
4
-0.6125 0.6535
2.4575 0.6535
2.4575 0.6745
-0.6125 0.6745
5.2

IMD3b
4
-0.6125 0.6745
2.4575 0.6745
2.4575 0.6895
-0.6125 0.6895
4.2

IMD3c
4
-0.6125 0.6895
2.4575 0.6895
2.4575 0.7135
-0.6125 0.7135
3.28

IMD3d1+IMD3d2
4
-0.6125 0.7135
2.4575 0.7135
2.4575 0.8405
-0.6125 0.8405
2.65

IMD4a
4
-0.6125 0.8405
2.4575 0.8405
2.4575 0.8615
-0.6125 0.8615
5.2

IMD4b
4
-0.6125 0.8615
2.4575 0.8615
2.4575 0.8765
-0.6125 0.8765
4.2

IMD4c
4
-0.6125 0.8765
2.4575 0.8765
2.4575 0.9005
-0.6125 0.9005
3.28

IMD4d1+IMD4d2
4
-0.6125 0.9005
2.4575 0.9005
2.4575 1.0275
-0.6125 1.0275
2.65

IMD5a
4
-0.6125 1.0275
2.4575 1.0275
2.4575 1.0485
-0.6125 1.0485
5.2

IMD5b
4
-0.6125 1.0485
2.4575 1.0485
2.4575 1.0635
-0.6125 1.0635
4.2

IMD5c
4
-0.6125 1.0635
2.4575 1.0635
2.4575 1.0875
-0.6125 1.0875
3.28


4
-0.6125 0.001
2.4575 0.001
2.4575 1.1155
-0.6125 1.1155

