botcenter
4
0 -0.001
0.9224999999999999 -0.001
0.9224999999999999 0.001
0 0.001

7
c1
4
-0.01792 0.37050000000000005
0.01792 0.37050000000000005
0.02708 0.4665
-0.02708 0.4665

c2
4
0.47707999999999995 0.37050000000000005
1.3679199999999998 0.37050000000000005
1.3770799999999999 0.4665
0.46791999999999995 0.4665

topleft
4
-5.0675 1.3025
0 1.3025
0 1.4015
-5.0675 1.4015

topcenter
4
0 1.3025
0.9224999999999999 1.3025
0.9224999999999999 1.4015
0 1.4015

topright
4
0.9224999999999999 1.3025
7.2725 1.3025
7.2725 1.4015
0.9224999999999999 1.4015

botleft
4
-5.0675 -0.001
0 -0.001
0 0.001
-5.0675 0.001

botright
4
0.9224999999999999 -0.001
7.2725 -0.001
7.2725 0.001
0.9224999999999999 0.001


33
IMD6d1_damage
4
-5.0675 1.2925
7.2725 1.2925
7.2725 1.3025
-5.0675 1.3025
3.1

IMD1b
4
-5.0675 0.40650000000000003
-0.021355 0.40650000000000003
-0.02708 0.4665
-5.0675 0.4665
2.8

IMD1b
4
0.021355 0.40650000000000003
0.4736449999999999 0.40650000000000003
0.46791999999999995 0.4665
0.02708 0.4665
2.8

IMD1b
4
1.3713549999999999 0.40650000000000003
7.2725 0.40650000000000003
7.2725 0.4665
1.3770799999999999 0.4665
2.8

IMD1a
4
-5.0675 0.3955
-0.020305416666666666 0.3955
-0.021355 0.40650000000000003
-5.0675 0.40650000000000003
5.2

IMD1a
4
0.020305416666666666 0.3955
0.47469458333333325 0.3955
0.4736449999999999 0.40650000000000003
0.021355 0.40650000000000003
5.2

IMD1a
4
1.3703054166666666 0.3955
7.2725 0.3955
7.2725 0.40650000000000003
1.3713549999999999 0.40650000000000003
5.2

ILD1b3
4
-5.0675 0.37050000000000005
-0.01792 0.37050000000000005
-0.020305416666666666 0.3955
-5.0675 0.3955
4

ILD1b3
4
0.01792 0.37050000000000005
0.47707999999999995 0.37050000000000005
0.47469458333333325 0.3955
0.020305416666666666 0.3955
4

ILD1b3
4
1.3679199999999998 0.37050000000000005
7.2725 0.37050000000000005
7.2725 0.3955
1.3703054166666666 0.3955
4

ILD1b1+ILD1b2
4
-5.0675 0.2765
7.2725 0.2765
7.2725 0.37050000000000005
-5.0675 0.37050000000000005
4

IMD6d1
4
-5.0675 1.2745
7.2725 1.2745
7.2725 1.2925
-5.0675 1.2925
2.65

FOXA+FOXB+TOX
4
-5.0675 0.001
7.2725 0.001
7.2725 0.2665
-5.0675 0.2665
4.0

ILD1a
4
-5.0675 0.2665
7.2725 0.2665
7.2725 0.2765
-5.0675 0.2765
7.0

IMD2a
4
-5.0675 0.4665
7.2725 0.4665
7.2725 0.4875
-5.0675 0.4875
5.2

IMD2b
4
-5.0675 0.4875
7.2725 0.4875
7.2725 0.5025
-5.0675 0.5025
4.2

IMD2c
4
-5.0675 0.5025
7.2725 0.5025
7.2725 0.5265
-5.0675 0.5265
3.28

IMD2d1+IMD2d2
4
-5.0675 0.5265
7.2725 0.5265
7.2725 0.6535
-5.0675 0.6535
2.65

IMD3a
4
-5.0675 0.6535
7.2725 0.6535
7.2725 0.6745
-5.0675 0.6745
5.2

IMD3b
4
-5.0675 0.6745
7.2725 0.6745
7.2725 0.6895
-5.0675 0.6895
4.2

IMD3c
4
-5.0675 0.6895
7.2725 0.6895
7.2725 0.7135
-5.0675 0.7135
3.28

IMD3d1+IMD3d2
4
-5.0675 0.7135
7.2725 0.7135
7.2725 0.8405
-5.0675 0.8405
2.65

IMD4a
4
-5.0675 0.8405
7.2725 0.8405
7.2725 0.8615
-5.0675 0.8615
5.2

IMD4b
4
-5.0675 0.8615
7.2725 0.8615
7.2725 0.8765
-5.0675 0.8765
4.2

IMD4c
4
-5.0675 0.8765
7.2725 0.8765
7.2725 0.9005
-5.0675 0.9005
3.28

IMD4d1+IMD4d2
4
-5.0675 0.9005
7.2725 0.9005
7.2725 1.0275
-5.0675 1.0275
2.65

IMD5a
4
-5.0675 1.0275
7.2725 1.0275
7.2725 1.0485
-5.0675 1.0485
5.2

IMD5b
4
-5.0675 1.0485
7.2725 1.0485
7.2725 1.0635
-5.0675 1.0635
4.2

IMD5c
4
-5.0675 1.0635
7.2725 1.0635
7.2725 1.0875
-5.0675 1.0875
3.28

IMD5d1+IMD5d2
4
-5.0675 1.0875
7.2725 1.0875
7.2725 1.2145
-5.0675 1.2145
2.65

IMD6a
4
-5.0675 1.2145
7.2725 1.2145
7.2725 1.2355
-5.0675 1.2355
5.2

IMD6b
4
-5.0675 1.2355
7.2725 1.2355
7.2725 1.2505
-5.0675 1.2505
4.2

IMD6c
4
-5.0675 1.2505
7.2725 1.2505
7.2725 1.2745
-5.0675 1.2745
3.28


4
-5.0675 0.001
7.2725 0.001
7.2725 1.3025
-5.0675 1.3025

