c1
4
-0.4454199999999999 0.37050000000000005
0.4454199999999999 0.37050000000000005
0.45457999999999993 0.4665
-0.45457999999999993 0.4665

5
botleft
4
-6.35 -0.001
0 -0.001
0 0.001
-6.35 0.001

botright
4
0 -0.001
5.63 -0.001
5.63 0.001
0 0.001

c2
4
0.54458 0.37050000000000005
0.58042 0.37050000000000005
0.58958 0.4665
0.53542 0.4665

topleft
4
-6.35 1.1155
0 1.1155
0 1.2145
-6.35 1.2145

topright
4
0 1.1155
5.63 1.1155
5.63 1.2145
0 1.2145


29
IMD5d1_damage
4
-6.35 1.1055
5.63 1.1055
5.63 1.1155
-6.35 1.1155
3.1

IMD1b
4
-6.35 0.40650000000000003
-0.44885499999999995 0.40650000000000003
-0.45457999999999993 0.4665
-6.35 0.4665
2.8

IMD1b
4
0.44885499999999995 0.40650000000000003
0.541145 0.40650000000000003
0.53542 0.4665
0.45457999999999993 0.4665
2.8

IMD1b
4
0.583855 0.40650000000000003
5.63 0.40650000000000003
5.63 0.4665
0.58958 0.4665
2.8

IMD1a
4
-6.35 0.3955
-0.4478054166666666 0.3955
-0.44885499999999995 0.40650000000000003
-6.35 0.40650000000000003
5.2

IMD1a
4
0.4478054166666666 0.3955
0.5421945833333334 0.3955
0.541145 0.40650000000000003
0.44885499999999995 0.40650000000000003
5.2

IMD1a
4
0.5828054166666666 0.3955
5.63 0.3955
5.63 0.40650000000000003
0.583855 0.40650000000000003
5.2

ILD1b3
4
-6.35 0.37050000000000005
-0.4454199999999999 0.37050000000000005
-0.4478054166666666 0.3955
-6.35 0.3955
4

ILD1b3
4
0.4454199999999999 0.37050000000000005
0.54458 0.37050000000000005
0.5421945833333334 0.3955
0.4478054166666666 0.3955
4

ILD1b3
4
0.58042 0.37050000000000005
5.63 0.37050000000000005
5.63 0.3955
0.5828054166666666 0.3955
4

ILD1b1+ILD1b2
4
-6.35 0.2765
5.63 0.2765
5.63 0.37050000000000005
-6.35 0.37050000000000005
4

IMD5d1
4
-6.35 1.0875
5.63 1.0875
5.63 1.1055
-6.35 1.1055
2.65

FOXA+FOXB+TOX
4
-6.35 0.001
5.63 0.001
5.63 0.2665
-6.35 0.2665
4.0

ILD1a
4
-6.35 0.2665
5.63 0.2665
5.63 0.2765
-6.35 0.2765
7.0

IMD2a
4
-6.35 0.4665
5.63 0.4665
5.63 0.4875
-6.35 0.4875
5.2

IMD2b
4
-6.35 0.4875
5.63 0.4875
5.63 0.5025
-6.35 0.5025
4.2

IMD2c
4
-6.35 0.5025
5.63 0.5025
5.63 0.5265
-6.35 0.5265
3.28

IMD2d1+IMD2d2
4
-6.35 0.5265
5.63 0.5265
5.63 0.6535
-6.35 0.6535
2.65

IMD3a
4
-6.35 0.6535
5.63 0.6535
5.63 0.6745
-6.35 0.6745
5.2

IMD3b
4
-6.35 0.6745
5.63 0.6745
5.63 0.6895
-6.35 0.6895
4.2

IMD3c
4
-6.35 0.6895
5.63 0.6895
5.63 0.7135
-6.35 0.7135
3.28

IMD3d1+IMD3d2
4
-6.35 0.7135
5.63 0.7135
5.63 0.8405
-6.35 0.8405
2.65

IMD4a
4
-6.35 0.8405
5.63 0.8405
5.63 0.8615
-6.35 0.8615
5.2

IMD4b
4
-6.35 0.8615
5.63 0.8615
5.63 0.8765
-6.35 0.8765
4.2

IMD4c
4
-6.35 0.8765
5.63 0.8765
5.63 0.9005
-6.35 0.9005
3.28

IMD4d1+IMD4d2
4
-6.35 0.9005
5.63 0.9005
5.63 1.0275
-6.35 1.0275
2.65

IMD5a
4
-6.35 1.0275
5.63 1.0275
5.63 1.0485
-6.35 1.0485
5.2

IMD5b
4
-6.35 1.0485
5.63 1.0485
5.63 1.0635
-6.35 1.0635
4.2

IMD5c
4
-6.35 1.0635
5.63 1.0635
5.63 1.0875
-6.35 1.0875
3.28


4
-6.35 0.001
5.63 0.001
5.63 1.1155
-6.35 1.1155

