c1
4
-0.0135 0.2514
0.0135 0.2514
0.0135 0.2944
-0.0135 0.2944

5
botleft
4
-0.7475 -0.001
0 -0.001
0 0.001
-0.7475 0.001

botright
4
0 -0.001
2.3585 -0.001
2.3585 0.001
0 0.001

c3
4
-0.1125 0.2514
-0.0855 0.2514
-0.0855 0.2944
-0.1125 0.2944

c2
4
1.4535 0.2514
1.4805 0.2514
1.4805 0.2944
1.4535 0.2944

c2e
4
1.6965 0.2514
1.7235 0.2514
1.7235 0.2944
1.6965 0.2944


79
DIE1
6
-0.7476 0.001
-0.7475 0.001
0 0.001
2.3585 0.001
2.3585 0.157
-0.7476 0.157
3

DIE2
4
-0.7476 0.157
2.3585 0.157
2.3585 0.185
-0.7476 0.185
3

DIE3
4
-0.7476 0.185
2.3585 0.185
2.3585 0.25
-0.7476 0.25
3

DIE4
28
-0.7476 0.25
2.3585 0.25
2.3585 0.2514
1.7475 0.2514
1.7335 0.2514
1.7235 0.2514
1.6965 0.2514
1.6865 0.2514
1.6725 0.2514
1.5045 0.2514
1.4905 0.2514
1.4805 0.2514
1.4535 0.2514
1.4435 0.2514
1.4295 0.2514
0.0375 0.2514
0.0235 0.2514
0.0135 0.2514
-0.0135 0.2514
-0.0235 0.2514
-0.0375 0.2514
-0.0615 0.2514
-0.0755 0.2514
-0.0855 0.2514
-0.1125 0.2514
-0.1225 0.2514
-0.1365 0.2514
-0.7476 0.2514
4

DIE6
4
-0.7476 0.2514
-0.1365 0.2514
-0.1365 0.2654
-0.7476 0.2654
5

DIE6
5
-0.1365 0.2514
-0.1225 0.2514
-0.1225 0.2944
-0.1365 0.2944
-0.1365 0.2654
5

DIE5
4
-0.1225 0.2514
-0.1125 0.2514
-0.1125 0.2944
-0.1225 0.2944
6

DIE5
4
-0.0855 0.2514
-0.0755 0.2514
-0.0755 0.2944
-0.0855 0.2944
6

DIE6
5
-0.0755 0.2514
-0.0615 0.2514
-0.0615 0.2654
-0.0615 0.2944
-0.0755 0.2944
5

DIE6
4
-0.0615 0.2514
-0.0375 0.2514
-0.0375 0.2654
-0.0615 0.2654
5

DIE6
5
-0.0375 0.2514
-0.0235 0.2514
-0.0235 0.2944
-0.0375 0.2944
-0.0375 0.2654
5

DIE5
4
-0.0235 0.2514
-0.0135 0.2514
-0.0135 0.2944
-0.0235 0.2944
6

DIE5
4
0.0135 0.2514
0.0235 0.2514
0.0235 0.2944
0.0135 0.2944
6

DIE6
5
0.0235 0.2514
0.0375 0.2514
0.0375 0.2654
0.0375 0.2944
0.0235 0.2944
5

DIE6
4
0.0375 0.2514
1.4295 0.2514
1.4295 0.2654
0.0375 0.2654
5

DIE6
5
1.4295 0.2514
1.4435 0.2514
1.4435 0.2944
1.4295 0.2944
1.4295 0.2654
5

DIE5
4
1.4435 0.2514
1.4535 0.2514
1.4535 0.2944
1.4435 0.2944
6

DIE5
4
1.4805 0.2514
1.4905 0.2514
1.4905 0.2944
1.4805 0.2944
6

DIE6
5
1.4905 0.2514
1.5045 0.2514
1.5045 0.2654
1.5045 0.2944
1.4905 0.2944
5

DIE6
4
1.5045 0.2514
1.6725 0.2514
1.6725 0.2654
1.5045 0.2654
5

DIE6
5
1.6725 0.2514
1.6865 0.2514
1.6865 0.2944
1.6725 0.2944
1.6725 0.2654
5

DIE5
4
1.6865 0.2514
1.6965 0.2514
1.6965 0.2944
1.6865 0.2944
6

DIE5
4
1.7235 0.2514
1.7335 0.2514
1.7335 0.2944
1.7235 0.2944
6

DIE6
5
1.7335 0.2514
1.7475 0.2514
1.7475 0.2654
1.7475 0.2944
1.7335 0.2944
5

DIE6
4
1.7475 0.2514
2.3585 0.2514
2.3585 0.2654
1.7475 0.2654
5

DIE7
4
-0.7476 0.2654
-0.1365 0.2654
-0.1365 0.2944
-0.7476 0.2944
4

DIE7
4
-0.0615 0.2654
-0.0375 0.2654
-0.0375 0.2944
-0.0615 0.2944
4

DIE7
4
0.0375 0.2654
1.4295 0.2654
1.4295 0.2944
0.0375 0.2944
4

DIE7
4
1.5045 0.2654
1.6725 0.2654
1.6725 0.2944
1.5045 0.2944
4

DIE7
4
1.7475 0.2654
2.3585 0.2654
2.3585 0.2944
1.7475 0.2944
4

DIE7
28
-0.7476 0.2944
-0.1365 0.2944
-0.1225 0.2944
-0.1125 0.2944
-0.0855 0.2944
-0.0755 0.2944
-0.0615 0.2944
-0.0375 0.2944
-0.0235 0.2944
-0.0135 0.2944
0.0135 0.2944
0.0235 0.2944
0.0375 0.2944
1.4295 0.2944
1.4435 0.2944
1.4535 0.2944
1.4805 0.2944
1.4905 0.2944
1.5045 0.2944
1.6725 0.2944
1.6865 0.2944
1.6965 0.2944
1.7235 0.2944
1.7335 0.2944
1.7475 0.2944
2.3585 0.2944
2.3585 0.307
-0.7476 0.307
4

DIE8
4
-0.7476 0.307
2.3585 0.307
2.3585 0.375
-0.7476 0.375
4

DIE9
4
-0.7476 0.375
2.3585 0.375
2.3585 0.4
-0.7476 0.4
4

DIE10
4
-0.7476 0.4
2.3585 0.4
2.3585 0.418
-0.7476 0.418
4

DIE11
4
-0.7476 0.418
2.3585 0.418
2.3585 0.465
-0.7476 0.465
2

DIE12
4
-0.7476 0.465
2.3585 0.465
2.3585 0.49
-0.7476 0.49
5

DIE13
4
-0.7476 0.49
2.3585 0.49
2.3585 0.513
-0.7476 0.513
4

DIE14
4
-0.7476 0.513
2.3585 0.513
2.3585 0.55
-0.7476 0.55
2

DIE15
4
-0.7476 0.55
2.3585 0.55
2.3585 0.64
-0.7476 0.64
2

DIE16
4
-0.7476 0.64
2.3585 0.64
2.3585 0.665
-0.7476 0.665
5

DIE17
4
-0.7476 0.665
2.3585 0.665
2.3585 0.688
-0.7476 0.688
4

DIE18
4
-0.7476 0.688
2.3585 0.688
2.3585 0.725
-0.7476 0.725
2

DIE19
4
-0.7476 0.725
2.3585 0.725
2.3585 0.815
-0.7476 0.815
2

DIE20
4
-0.7476 0.815
2.3585 0.815
2.3585 0.84
-0.7476 0.84
5

DIE21
4
-0.7476 0.84
2.3585 0.84
2.3585 0.863
-0.7476 0.863
4

DIE22
4
-0.7476 0.863
2.3585 0.863
2.3585 0.9
-0.7476 0.9
2

DIE23
4
-0.7476 0.9
2.3585 0.9
2.3585 0.99
-0.7476 0.99
2

DIE24
4
-0.7476 0.99
2.3585 0.99
2.3585 1.015
-0.7476 1.015
5

DIE25
4
-0.7476 1.015
2.3585 1.015
2.3585 1.038
-0.7476 1.038
4

DIE26
4
-0.7476 1.038
2.3585 1.038
2.3585 1.075
-0.7476 1.075
2

DIE27
4
-0.7476 1.075
2.3585 1.075
2.3585 1.165
-0.7476 1.165
2

DIE28
4
-0.7476 1.165
2.3585 1.165
2.3585 1.19
-0.7476 1.19
5

DIE29
4
-0.7476 1.19
2.3585 1.19
2.3585 1.213
-0.7476 1.213
4

DIE30
4
-0.7476 1.213
2.3585 1.213
2.3585 1.25
-0.7476 1.25
2

DIE31
4
-0.7476 1.25
2.3585 1.25
2.3585 1.34
-0.7476 1.34
2

DIE32
4
-0.7476 1.34
2.3585 1.34
2.3585 1.39
-0.7476 1.39
5

DIE33
4
-0.7476 1.39
2.3585 1.39
2.3585 1.42
-0.7476 1.42
4

DIE34
4
-0.7476 1.42
2.3585 1.42
2.3585 1.515
-0.7476 1.515
2

DIE35
4
-0.7476 1.515
2.3585 1.515
2.3585 1.705
-0.7476 1.705
2

DIE36
4
-0.7476 1.705
2.3585 1.705
2.3585 1.755
-0.7476 1.755
5

DIE37
4
-0.7476 1.755
2.3585 1.755
2.3585 1.785
-0.7476 1.785
4

DIE38
4
-0.7476 1.785
2.3585 1.785
2.3585 1.88
-0.7476 1.88
2

DIE39
4
-0.7476 1.88
2.3585 1.88
2.3585 2.07
-0.7476 2.07
2

DIE40
4
-0.7476 2.07
2.3585 2.07
2.3585 2.125
-0.7476 2.125
5

DIE41
4
-0.7476 2.125
2.3585 2.125
2.3585 2.665
-0.7476 2.665
4

DIE42
4
-0.7476 2.665
2.3585 2.665
2.3585 2.715
-0.7476 2.715
4

DIE43
4
-0.7476 2.715
2.3585 2.715
2.3585 2.765
-0.7476 2.765
7

DIE44
4
-0.7476 2.765
2.3585 2.765
2.3585 3.515
-0.7476 3.515
4

DIE45
4
-0.7476 3.515
2.3585 3.515
2.3585 3.57
-0.7476 3.57
5

DIE46
4
-0.7476 3.57
2.3585 3.57
2.3585 4.11
-0.7476 4.11
4

DIE47
4
-0.7476 4.11
2.3585 4.11
2.3585 4.16
-0.7476 4.16
4

DIE48
4
-0.7476 4.16
2.3585 4.16
2.3585 4.21
-0.7476 4.21
7

DIE49
4
-0.7476 4.21
2.3585 4.21
2.3585 4.96
-0.7476 4.96
4

DIE50
4
-0.7476 4.96
2.3585 4.96
2.3585 5.035
-0.7476 5.035
7

DIE51
4
-0.7476 5.035
2.3585 5.035
2.3585 5.735
-0.7476 5.735
4

DIE52
4
-0.7476 5.735
2.3585 5.735
2.3585 8.535
-0.7476 8.535
4

DIE53
4
-0.7476 8.535
2.3585 8.535
2.3585 9.735
-0.7476 9.735
4

DIE54
4
-0.7476 9.735
2.3585 9.735
2.3585 10.435
-0.7476 10.435
7

air_Layer
4
-0.7476 10.435
2.3585 10.435
2.3585 10.564
-0.7476 10.564
1


4
-0.7476 0.001
2.3585 0.001
2.3585 10.564
-0.7476 10.564

