c1
4
-0.0135 0.2514
0.0135 0.2514
0.0135 0.2944
-0.0135 0.2944

5
botleft
4
-0.7475 -0.001
0 -0.001
0 0.001
-0.7475 0.001

botright
4
0 -0.001
1.1345 -0.001
1.1345 0.001
0 0.001

c3
4
-0.1125 0.2514
-0.0855 0.2514
-0.0855 0.2944
-0.1125 0.2944

c2
4
0.2295 0.2514
0.2565 0.2514
0.2565 0.2944
0.2295 0.2944

c2e
4
0.4725 0.2514
0.4995 0.2514
0.4995 0.2944
0.4725 0.2944


79
DIE1
6
-0.7476 0.001
-0.7475 0.001
0 0.001
1.1345 0.001
1.1345 0.157
-0.7476 0.157
3

DIE2
4
-0.7476 0.157
1.1345 0.157
1.1345 0.185
-0.7476 0.185
3

DIE3
4
-0.7476 0.185
1.1345 0.185
1.1345 0.25
-0.7476 0.25
3

DIE4
28
-0.7476 0.25
1.1345 0.25
1.1345 0.2514
0.5235 0.2514
0.5095 0.2514
0.4995 0.2514
0.4725 0.2514
0.4625 0.2514
0.4485 0.2514
0.2805 0.2514
0.2665 0.2514
0.2565 0.2514
0.2295 0.2514
0.2195 0.2514
0.2055 0.2514
0.0375 0.2514
0.0235 0.2514
0.0135 0.2514
-0.0135 0.2514
-0.0235 0.2514
-0.0375 0.2514
-0.0615 0.2514
-0.0755 0.2514
-0.0855 0.2514
-0.1125 0.2514
-0.1225 0.2514
-0.1365 0.2514
-0.7476 0.2514
4

DIE6
4
-0.7476 0.2514
-0.1365 0.2514
-0.1365 0.2654
-0.7476 0.2654
5

DIE6
5
-0.1365 0.2514
-0.1225 0.2514
-0.1225 0.2944
-0.1365 0.2944
-0.1365 0.2654
5

DIE5
4
-0.1225 0.2514
-0.1125 0.2514
-0.1125 0.2944
-0.1225 0.2944
6

DIE5
4
-0.0855 0.2514
-0.0755 0.2514
-0.0755 0.2944
-0.0855 0.2944
6

DIE6
5
-0.0755 0.2514
-0.0615 0.2514
-0.0615 0.2654
-0.0615 0.2944
-0.0755 0.2944
5

DIE6
4
-0.0615 0.2514
-0.0375 0.2514
-0.0375 0.2654
-0.0615 0.2654
5

DIE6
5
-0.0375 0.2514
-0.0235 0.2514
-0.0235 0.2944
-0.0375 0.2944
-0.0375 0.2654
5

DIE5
4
-0.0235 0.2514
-0.0135 0.2514
-0.0135 0.2944
-0.0235 0.2944
6

DIE5
4
0.0135 0.2514
0.0235 0.2514
0.0235 0.2944
0.0135 0.2944
6

DIE6
5
0.0235 0.2514
0.0375 0.2514
0.0375 0.2654
0.0375 0.2944
0.0235 0.2944
5

DIE6
4
0.0375 0.2514
0.2055 0.2514
0.2055 0.2654
0.0375 0.2654
5

DIE6
5
0.2055 0.2514
0.2195 0.2514
0.2195 0.2944
0.2055 0.2944
0.2055 0.2654
5

DIE5
4
0.2195 0.2514
0.2295 0.2514
0.2295 0.2944
0.2195 0.2944
6

DIE5
4
0.2565 0.2514
0.2665 0.2514
0.2665 0.2944
0.2565 0.2944
6

DIE6
5
0.2665 0.2514
0.2805 0.2514
0.2805 0.2654
0.2805 0.2944
0.2665 0.2944
5

DIE6
4
0.2805 0.2514
0.4485 0.2514
0.4485 0.2654
0.2805 0.2654
5

DIE6
5
0.4485 0.2514
0.4625 0.2514
0.4625 0.2944
0.4485 0.2944
0.4485 0.2654
5

DIE5
4
0.4625 0.2514
0.4725 0.2514
0.4725 0.2944
0.4625 0.2944
6

DIE5
4
0.4995 0.2514
0.5095 0.2514
0.5095 0.2944
0.4995 0.2944
6

DIE6
5
0.5095 0.2514
0.5235 0.2514
0.5235 0.2654
0.5235 0.2944
0.5095 0.2944
5

DIE6
4
0.5235 0.2514
1.1345 0.2514
1.1345 0.2654
0.5235 0.2654
5

DIE7
4
-0.7476 0.2654
-0.1365 0.2654
-0.1365 0.2944
-0.7476 0.2944
4

DIE7
4
-0.0615 0.2654
-0.0375 0.2654
-0.0375 0.2944
-0.0615 0.2944
4

DIE7
4
0.0375 0.2654
0.2055 0.2654
0.2055 0.2944
0.0375 0.2944
4

DIE7
4
0.2805 0.2654
0.4485 0.2654
0.4485 0.2944
0.2805 0.2944
4

DIE7
4
0.5235 0.2654
1.1345 0.2654
1.1345 0.2944
0.5235 0.2944
4

DIE7
28
-0.7476 0.2944
-0.1365 0.2944
-0.1225 0.2944
-0.1125 0.2944
-0.0855 0.2944
-0.0755 0.2944
-0.0615 0.2944
-0.0375 0.2944
-0.0235 0.2944
-0.0135 0.2944
0.0135 0.2944
0.0235 0.2944
0.0375 0.2944
0.2055 0.2944
0.2195 0.2944
0.2295 0.2944
0.2565 0.2944
0.2665 0.2944
0.2805 0.2944
0.4485 0.2944
0.4625 0.2944
0.4725 0.2944
0.4995 0.2944
0.5095 0.2944
0.5235 0.2944
1.1345 0.2944
1.1345 0.307
-0.7476 0.307
4

DIE8
4
-0.7476 0.307
1.1345 0.307
1.1345 0.375
-0.7476 0.375
4

DIE9
4
-0.7476 0.375
1.1345 0.375
1.1345 0.4
-0.7476 0.4
4

DIE10
4
-0.7476 0.4
1.1345 0.4
1.1345 0.418
-0.7476 0.418
4

DIE11
4
-0.7476 0.418
1.1345 0.418
1.1345 0.465
-0.7476 0.465
2

DIE12
4
-0.7476 0.465
1.1345 0.465
1.1345 0.49
-0.7476 0.49
5

DIE13
4
-0.7476 0.49
1.1345 0.49
1.1345 0.513
-0.7476 0.513
4

DIE14
4
-0.7476 0.513
1.1345 0.513
1.1345 0.55
-0.7476 0.55
2

DIE15
4
-0.7476 0.55
1.1345 0.55
1.1345 0.64
-0.7476 0.64
2

DIE16
4
-0.7476 0.64
1.1345 0.64
1.1345 0.665
-0.7476 0.665
5

DIE17
4
-0.7476 0.665
1.1345 0.665
1.1345 0.688
-0.7476 0.688
4

DIE18
4
-0.7476 0.688
1.1345 0.688
1.1345 0.725
-0.7476 0.725
2

DIE19
4
-0.7476 0.725
1.1345 0.725
1.1345 0.815
-0.7476 0.815
2

DIE20
4
-0.7476 0.815
1.1345 0.815
1.1345 0.84
-0.7476 0.84
5

DIE21
4
-0.7476 0.84
1.1345 0.84
1.1345 0.863
-0.7476 0.863
4

DIE22
4
-0.7476 0.863
1.1345 0.863
1.1345 0.9
-0.7476 0.9
2

DIE23
4
-0.7476 0.9
1.1345 0.9
1.1345 0.99
-0.7476 0.99
2

DIE24
4
-0.7476 0.99
1.1345 0.99
1.1345 1.015
-0.7476 1.015
5

DIE25
4
-0.7476 1.015
1.1345 1.015
1.1345 1.038
-0.7476 1.038
4

DIE26
4
-0.7476 1.038
1.1345 1.038
1.1345 1.075
-0.7476 1.075
2

DIE27
4
-0.7476 1.075
1.1345 1.075
1.1345 1.165
-0.7476 1.165
2

DIE28
4
-0.7476 1.165
1.1345 1.165
1.1345 1.19
-0.7476 1.19
5

DIE29
4
-0.7476 1.19
1.1345 1.19
1.1345 1.213
-0.7476 1.213
4

DIE30
4
-0.7476 1.213
1.1345 1.213
1.1345 1.25
-0.7476 1.25
2

DIE31
4
-0.7476 1.25
1.1345 1.25
1.1345 1.34
-0.7476 1.34
2

DIE32
4
-0.7476 1.34
1.1345 1.34
1.1345 1.39
-0.7476 1.39
5

DIE33
4
-0.7476 1.39
1.1345 1.39
1.1345 1.42
-0.7476 1.42
4

DIE34
4
-0.7476 1.42
1.1345 1.42
1.1345 1.515
-0.7476 1.515
2

DIE35
4
-0.7476 1.515
1.1345 1.515
1.1345 1.705
-0.7476 1.705
2

DIE36
4
-0.7476 1.705
1.1345 1.705
1.1345 1.755
-0.7476 1.755
5

DIE37
4
-0.7476 1.755
1.1345 1.755
1.1345 1.785
-0.7476 1.785
4

DIE38
4
-0.7476 1.785
1.1345 1.785
1.1345 1.88
-0.7476 1.88
2

DIE39
4
-0.7476 1.88
1.1345 1.88
1.1345 2.07
-0.7476 2.07
2

DIE40
4
-0.7476 2.07
1.1345 2.07
1.1345 2.125
-0.7476 2.125
5

DIE41
4
-0.7476 2.125
1.1345 2.125
1.1345 2.665
-0.7476 2.665
4

DIE42
4
-0.7476 2.665
1.1345 2.665
1.1345 2.715
-0.7476 2.715
4

DIE43
4
-0.7476 2.715
1.1345 2.715
1.1345 2.765
-0.7476 2.765
7

DIE44
4
-0.7476 2.765
1.1345 2.765
1.1345 3.515
-0.7476 3.515
4

DIE45
4
-0.7476 3.515
1.1345 3.515
1.1345 3.57
-0.7476 3.57
5

DIE46
4
-0.7476 3.57
1.1345 3.57
1.1345 4.11
-0.7476 4.11
4

DIE47
4
-0.7476 4.11
1.1345 4.11
1.1345 4.16
-0.7476 4.16
4

DIE48
4
-0.7476 4.16
1.1345 4.16
1.1345 4.21
-0.7476 4.21
7

DIE49
4
-0.7476 4.21
1.1345 4.21
1.1345 4.96
-0.7476 4.96
4

DIE50
4
-0.7476 4.96
1.1345 4.96
1.1345 5.035
-0.7476 5.035
7

DIE51
4
-0.7476 5.035
1.1345 5.035
1.1345 5.735
-0.7476 5.735
4

DIE52
4
-0.7476 5.735
1.1345 5.735
1.1345 8.535
-0.7476 8.535
4

DIE53
4
-0.7476 8.535
1.1345 8.535
1.1345 9.735
-0.7476 9.735
4

DIE54
4
-0.7476 9.735
1.1345 9.735
1.1345 10.435
-0.7476 10.435
7

air_Layer
4
-0.7476 10.435
1.1345 10.435
1.1345 10.564
-0.7476 10.564
1


4
-0.7476 0.001
1.1345 0.001
1.1345 10.564
-0.7476 10.564

