c1
4
-0.0135 0.2514
0.0135 0.2514
0.0135 0.2944
-0.0135 0.2944

5
botleft
4
-1.3955 -0.001
0 -0.001
0 0.001
-1.3955 0.001

botright
4
0 -0.001
1.6385 -0.001
1.6385 0.001
0 0.001

c3
4
-0.7605 0.2514
-0.7335 0.2514
-0.7335 0.2944
-0.7605 0.2944

c2
4
0.7335 0.2514
0.7605 0.2514
0.7605 0.2944
0.7335 0.2944

c2e
4
0.9765 0.2514
1.0035 0.2514
1.0035 0.2944
0.9765 0.2944


79
DIE1
5
-1.3955 0.001
0 0.001
1.6385 0.001
1.6385 0.157
-1.3955 0.157
3

DIE2
4
-1.3955 0.157
1.6385 0.157
1.6385 0.185
-1.3955 0.185
3

DIE3
4
-1.3955 0.185
1.6385 0.185
1.6385 0.25
-1.3955 0.25
3

DIE4
28
-1.3955 0.25
1.6385 0.25
1.6385 0.2514
1.0275 0.2514
1.0135 0.2514
1.0035 0.2514
0.9765 0.2514
0.9665 0.2514
0.9525 0.2514
0.7845 0.2514
0.7705 0.2514
0.7605 0.2514
0.7335 0.2514
0.7235 0.2514
0.7095 0.2514
0.0375 0.2514
0.0235 0.2514
0.0135 0.2514
-0.0135 0.2514
-0.0235 0.2514
-0.0375 0.2514
-0.7095 0.2514
-0.7235 0.2514
-0.7335 0.2514
-0.7605 0.2514
-0.7705 0.2514
-0.7845 0.2514
-1.3955 0.2514
4

DIE6
4
-1.3955 0.2514
-0.7845 0.2514
-0.7845 0.2654
-1.3955 0.2654
5

DIE6
5
-0.7845 0.2514
-0.7705 0.2514
-0.7705 0.2944
-0.7845 0.2944
-0.7845 0.2654
5

DIE5
4
-0.7705 0.2514
-0.7605 0.2514
-0.7605 0.2944
-0.7705 0.2944
6

DIE5
4
-0.7335 0.2514
-0.7235 0.2514
-0.7235 0.2944
-0.7335 0.2944
6

DIE6
5
-0.7235 0.2514
-0.7095 0.2514
-0.7095 0.2654
-0.7095 0.2944
-0.7235 0.2944
5

DIE6
4
-0.7095 0.2514
-0.0375 0.2514
-0.0375 0.2654
-0.7095 0.2654
5

DIE6
5
-0.0375 0.2514
-0.0235 0.2514
-0.0235 0.2944
-0.0375 0.2944
-0.0375 0.2654
5

DIE5
4
-0.0235 0.2514
-0.0135 0.2514
-0.0135 0.2944
-0.0235 0.2944
6

DIE5
4
0.0135 0.2514
0.0235 0.2514
0.0235 0.2944
0.0135 0.2944
6

DIE6
5
0.0235 0.2514
0.0375 0.2514
0.0375 0.2654
0.0375 0.2944
0.0235 0.2944
5

DIE6
4
0.0375 0.2514
0.7095 0.2514
0.7095 0.2654
0.0375 0.2654
5

DIE6
5
0.7095 0.2514
0.7235 0.2514
0.7235 0.2944
0.7095 0.2944
0.7095 0.2654
5

DIE5
4
0.7235 0.2514
0.7335 0.2514
0.7335 0.2944
0.7235 0.2944
6

DIE5
4
0.7605 0.2514
0.7705 0.2514
0.7705 0.2944
0.7605 0.2944
6

DIE6
5
0.7705 0.2514
0.7845 0.2514
0.7845 0.2654
0.7845 0.2944
0.7705 0.2944
5

DIE6
4
0.7845 0.2514
0.9525 0.2514
0.9525 0.2654
0.7845 0.2654
5

DIE6
5
0.9525 0.2514
0.9665 0.2514
0.9665 0.2944
0.9525 0.2944
0.9525 0.2654
5

DIE5
4
0.9665 0.2514
0.9765 0.2514
0.9765 0.2944
0.9665 0.2944
6

DIE5
4
1.0035 0.2514
1.0135 0.2514
1.0135 0.2944
1.0035 0.2944
6

DIE6
5
1.0135 0.2514
1.0275 0.2514
1.0275 0.2654
1.0275 0.2944
1.0135 0.2944
5

DIE6
4
1.0275 0.2514
1.6385 0.2514
1.6385 0.2654
1.0275 0.2654
5

DIE7
4
-1.3955 0.2654
-0.7845 0.2654
-0.7845 0.2944
-1.3955 0.2944
4

DIE7
4
-0.7095 0.2654
-0.0375 0.2654
-0.0375 0.2944
-0.7095 0.2944
4

DIE7
4
0.0375 0.2654
0.7095 0.2654
0.7095 0.2944
0.0375 0.2944
4

DIE7
4
0.7845 0.2654
0.9525 0.2654
0.9525 0.2944
0.7845 0.2944
4

DIE7
4
1.0275 0.2654
1.6385 0.2654
1.6385 0.2944
1.0275 0.2944
4

DIE7
28
-1.3955 0.2944
-0.7845 0.2944
-0.7705 0.2944
-0.7605 0.2944
-0.7335 0.2944
-0.7235 0.2944
-0.7095 0.2944
-0.0375 0.2944
-0.0235 0.2944
-0.0135 0.2944
0.0135 0.2944
0.0235 0.2944
0.0375 0.2944
0.7095 0.2944
0.7235 0.2944
0.7335 0.2944
0.7605 0.2944
0.7705 0.2944
0.7845 0.2944
0.9525 0.2944
0.9665 0.2944
0.9765 0.2944
1.0035 0.2944
1.0135 0.2944
1.0275 0.2944
1.6385 0.2944
1.6385 0.307
-1.3955 0.307
4

DIE8
4
-1.3955 0.307
1.6385 0.307
1.6385 0.375
-1.3955 0.375
4

DIE9
4
-1.3955 0.375
1.6385 0.375
1.6385 0.4
-1.3955 0.4
4

DIE10
4
-1.3955 0.4
1.6385 0.4
1.6385 0.418
-1.3955 0.418
4

DIE11
4
-1.3955 0.418
1.6385 0.418
1.6385 0.465
-1.3955 0.465
2

DIE12
4
-1.3955 0.465
1.6385 0.465
1.6385 0.49
-1.3955 0.49
5

DIE13
4
-1.3955 0.49
1.6385 0.49
1.6385 0.513
-1.3955 0.513
4

DIE14
4
-1.3955 0.513
1.6385 0.513
1.6385 0.55
-1.3955 0.55
2

DIE15
4
-1.3955 0.55
1.6385 0.55
1.6385 0.64
-1.3955 0.64
2

DIE16
4
-1.3955 0.64
1.6385 0.64
1.6385 0.665
-1.3955 0.665
5

DIE17
4
-1.3955 0.665
1.6385 0.665
1.6385 0.688
-1.3955 0.688
4

DIE18
4
-1.3955 0.688
1.6385 0.688
1.6385 0.725
-1.3955 0.725
2

DIE19
4
-1.3955 0.725
1.6385 0.725
1.6385 0.815
-1.3955 0.815
2

DIE20
4
-1.3955 0.815
1.6385 0.815
1.6385 0.84
-1.3955 0.84
5

DIE21
4
-1.3955 0.84
1.6385 0.84
1.6385 0.863
-1.3955 0.863
4

DIE22
4
-1.3955 0.863
1.6385 0.863
1.6385 0.9
-1.3955 0.9
2

DIE23
4
-1.3955 0.9
1.6385 0.9
1.6385 0.99
-1.3955 0.99
2

DIE24
4
-1.3955 0.99
1.6385 0.99
1.6385 1.015
-1.3955 1.015
5

DIE25
4
-1.3955 1.015
1.6385 1.015
1.6385 1.038
-1.3955 1.038
4

DIE26
4
-1.3955 1.038
1.6385 1.038
1.6385 1.075
-1.3955 1.075
2

DIE27
4
-1.3955 1.075
1.6385 1.075
1.6385 1.165
-1.3955 1.165
2

DIE28
4
-1.3955 1.165
1.6385 1.165
1.6385 1.19
-1.3955 1.19
5

DIE29
4
-1.3955 1.19
1.6385 1.19
1.6385 1.213
-1.3955 1.213
4

DIE30
4
-1.3955 1.213
1.6385 1.213
1.6385 1.25
-1.3955 1.25
2

DIE31
4
-1.3955 1.25
1.6385 1.25
1.6385 1.34
-1.3955 1.34
2

DIE32
4
-1.3955 1.34
1.6385 1.34
1.6385 1.39
-1.3955 1.39
5

DIE33
4
-1.3955 1.39
1.6385 1.39
1.6385 1.42
-1.3955 1.42
4

DIE34
4
-1.3955 1.42
1.6385 1.42
1.6385 1.515
-1.3955 1.515
2

DIE35
4
-1.3955 1.515
1.6385 1.515
1.6385 1.705
-1.3955 1.705
2

DIE36
4
-1.3955 1.705
1.6385 1.705
1.6385 1.755
-1.3955 1.755
5

DIE37
4
-1.3955 1.755
1.6385 1.755
1.6385 1.785
-1.3955 1.785
4

DIE38
4
-1.3955 1.785
1.6385 1.785
1.6385 1.88
-1.3955 1.88
2

DIE39
4
-1.3955 1.88
1.6385 1.88
1.6385 2.07
-1.3955 2.07
2

DIE40
4
-1.3955 2.07
1.6385 2.07
1.6385 2.125
-1.3955 2.125
5

DIE41
4
-1.3955 2.125
1.6385 2.125
1.6385 2.665
-1.3955 2.665
4

DIE42
4
-1.3955 2.665
1.6385 2.665
1.6385 2.715
-1.3955 2.715
4

DIE43
4
-1.3955 2.715
1.6385 2.715
1.6385 2.765
-1.3955 2.765
7

DIE44
4
-1.3955 2.765
1.6385 2.765
1.6385 3.515
-1.3955 3.515
4

DIE45
4
-1.3955 3.515
1.6385 3.515
1.6385 3.57
-1.3955 3.57
5

DIE46
4
-1.3955 3.57
1.6385 3.57
1.6385 4.11
-1.3955 4.11
4

DIE47
4
-1.3955 4.11
1.6385 4.11
1.6385 4.16
-1.3955 4.16
4

DIE48
4
-1.3955 4.16
1.6385 4.16
1.6385 4.21
-1.3955 4.21
7

DIE49
4
-1.3955 4.21
1.6385 4.21
1.6385 4.96
-1.3955 4.96
4

DIE50
4
-1.3955 4.96
1.6385 4.96
1.6385 5.035
-1.3955 5.035
7

DIE51
4
-1.3955 5.035
1.6385 5.035
1.6385 5.735
-1.3955 5.735
4

DIE52
4
-1.3955 5.735
1.6385 5.735
1.6385 8.535
-1.3955 8.535
4

DIE53
4
-1.3955 8.535
1.6385 8.535
1.6385 9.735
-1.3955 9.735
4

DIE54
4
-1.3955 9.735
1.6385 9.735
1.6385 10.435
-1.3955 10.435
7

air_Layer
4
-1.3955 10.435
1.6385 10.435
1.6385 10.564
-1.3955 10.564
1


4
-1.3955 0.001
1.6385 0.001
1.6385 10.564
-1.3955 10.564

