c1
4
-0.0135 0.2514
0.0135 0.2514
0.0135 0.2944
-0.0135 0.2944

5
botleft
4
-2.1155 -0.001
0 -0.001
0 0.001
-2.1155 0.001

botright
4
0 -0.001
1.2785 -0.001
1.2785 0.001
0 0.001

c3
4
-1.4805 0.2514
-1.4535 0.2514
-1.4535 0.2944
-1.4805 0.2944

c2
4
0.0855 0.2514
0.1125 0.2514
0.1125 0.2944
0.0855 0.2944

c2e
4
0.6165 0.2514
0.6435 0.2514
0.6435 0.2944
0.6165 0.2944


79
DIE1
5
-2.1155 0.001
0 0.001
1.2785 0.001
1.2785 0.157
-2.1155 0.157
3

DIE2
4
-2.1155 0.157
1.2785 0.157
1.2785 0.185
-2.1155 0.185
3

DIE3
4
-2.1155 0.185
1.2785 0.185
1.2785 0.25
-2.1155 0.25
3

DIE4
28
-2.1155 0.25
1.2785 0.25
1.2785 0.2514
0.6675 0.2514
0.6535 0.2514
0.6435 0.2514
0.6165 0.2514
0.6065 0.2514
0.5925 0.2514
0.1365 0.2514
0.1225 0.2514
0.1125 0.2514
0.0855 0.2514
0.0755 0.2514
0.0615 0.2514
0.0375 0.2514
0.0235 0.2514
0.0135 0.2514
-0.0135 0.2514
-0.0235 0.2514
-0.0375 0.2514
-1.4295 0.2514
-1.4435 0.2514
-1.4535 0.2514
-1.4805 0.2514
-1.4905 0.2514
-1.5045 0.2514
-2.1155 0.2514
4

DIE6
4
-2.1155 0.2514
-1.5045 0.2514
-1.5045 0.2654
-2.1155 0.2654
5

DIE6
5
-1.5045 0.2514
-1.4905 0.2514
-1.4905 0.2944
-1.5045 0.2944
-1.5045 0.2654
5

DIE5
4
-1.4905 0.2514
-1.4805 0.2514
-1.4805 0.2944
-1.4905 0.2944
6

DIE5
4
-1.4535 0.2514
-1.4435 0.2514
-1.4435 0.2944
-1.4535 0.2944
6

DIE6
5
-1.4435 0.2514
-1.4295 0.2514
-1.4295 0.2654
-1.4295 0.2944
-1.4435 0.2944
5

DIE6
4
-1.4295 0.2514
-0.0375 0.2514
-0.0375 0.2654
-1.4295 0.2654
5

DIE6
5
-0.0375 0.2514
-0.0235 0.2514
-0.0235 0.2944
-0.0375 0.2944
-0.0375 0.2654
5

DIE5
4
-0.0235 0.2514
-0.0135 0.2514
-0.0135 0.2944
-0.0235 0.2944
6

DIE5
4
0.0135 0.2514
0.0235 0.2514
0.0235 0.2944
0.0135 0.2944
6

DIE6
5
0.0235 0.2514
0.0375 0.2514
0.0375 0.2654
0.0375 0.2944
0.0235 0.2944
5

DIE6
4
0.0375 0.2514
0.0615 0.2514
0.0615 0.2654
0.0375 0.2654
5

DIE6
5
0.0615 0.2514
0.0755 0.2514
0.0755 0.2944
0.0615 0.2944
0.0615 0.2654
5

DIE5
4
0.0755 0.2514
0.0855 0.2514
0.0855 0.2944
0.0755 0.2944
6

DIE5
4
0.1125 0.2514
0.1225 0.2514
0.1225 0.2944
0.1125 0.2944
6

DIE6
5
0.1225 0.2514
0.1365 0.2514
0.1365 0.2654
0.1365 0.2944
0.1225 0.2944
5

DIE6
4
0.1365 0.2514
0.5925 0.2514
0.5925 0.2654
0.1365 0.2654
5

DIE6
5
0.5925 0.2514
0.6065 0.2514
0.6065 0.2944
0.5925 0.2944
0.5925 0.2654
5

DIE5
4
0.6065 0.2514
0.6165 0.2514
0.6165 0.2944
0.6065 0.2944
6

DIE5
4
0.6435 0.2514
0.6535 0.2514
0.6535 0.2944
0.6435 0.2944
6

DIE6
5
0.6535 0.2514
0.6675 0.2514
0.6675 0.2654
0.6675 0.2944
0.6535 0.2944
5

DIE6
4
0.6675 0.2514
1.2785 0.2514
1.2785 0.2654
0.6675 0.2654
5

DIE7
4
-2.1155 0.2654
-1.5045 0.2654
-1.5045 0.2944
-2.1155 0.2944
4

DIE7
4
-1.4295 0.2654
-0.0375 0.2654
-0.0375 0.2944
-1.4295 0.2944
4

DIE7
4
0.0375 0.2654
0.0615 0.2654
0.0615 0.2944
0.0375 0.2944
4

DIE7
4
0.1365 0.2654
0.5925 0.2654
0.5925 0.2944
0.1365 0.2944
4

DIE7
4
0.6675 0.2654
1.2785 0.2654
1.2785 0.2944
0.6675 0.2944
4

DIE7
28
-2.1155 0.2944
-1.5045 0.2944
-1.4905 0.2944
-1.4805 0.2944
-1.4535 0.2944
-1.4435 0.2944
-1.4295 0.2944
-0.0375 0.2944
-0.0235 0.2944
-0.0135 0.2944
0.0135 0.2944
0.0235 0.2944
0.0375 0.2944
0.0615 0.2944
0.0755 0.2944
0.0855 0.2944
0.1125 0.2944
0.1225 0.2944
0.1365 0.2944
0.5925 0.2944
0.6065 0.2944
0.6165 0.2944
0.6435 0.2944
0.6535 0.2944
0.6675 0.2944
1.2785 0.2944
1.2785 0.307
-2.1155 0.307
4

DIE8
4
-2.1155 0.307
1.2785 0.307
1.2785 0.375
-2.1155 0.375
4

DIE9
4
-2.1155 0.375
1.2785 0.375
1.2785 0.4
-2.1155 0.4
4

DIE10
4
-2.1155 0.4
1.2785 0.4
1.2785 0.418
-2.1155 0.418
4

DIE11
4
-2.1155 0.418
1.2785 0.418
1.2785 0.465
-2.1155 0.465
2

DIE12
4
-2.1155 0.465
1.2785 0.465
1.2785 0.49
-2.1155 0.49
5

DIE13
4
-2.1155 0.49
1.2785 0.49
1.2785 0.513
-2.1155 0.513
4

DIE14
4
-2.1155 0.513
1.2785 0.513
1.2785 0.55
-2.1155 0.55
2

DIE15
4
-2.1155 0.55
1.2785 0.55
1.2785 0.64
-2.1155 0.64
2

DIE16
4
-2.1155 0.64
1.2785 0.64
1.2785 0.665
-2.1155 0.665
5

DIE17
4
-2.1155 0.665
1.2785 0.665
1.2785 0.688
-2.1155 0.688
4

DIE18
4
-2.1155 0.688
1.2785 0.688
1.2785 0.725
-2.1155 0.725
2

DIE19
4
-2.1155 0.725
1.2785 0.725
1.2785 0.815
-2.1155 0.815
2

DIE20
4
-2.1155 0.815
1.2785 0.815
1.2785 0.84
-2.1155 0.84
5

DIE21
4
-2.1155 0.84
1.2785 0.84
1.2785 0.863
-2.1155 0.863
4

DIE22
4
-2.1155 0.863
1.2785 0.863
1.2785 0.9
-2.1155 0.9
2

DIE23
4
-2.1155 0.9
1.2785 0.9
1.2785 0.99
-2.1155 0.99
2

DIE24
4
-2.1155 0.99
1.2785 0.99
1.2785 1.015
-2.1155 1.015
5

DIE25
4
-2.1155 1.015
1.2785 1.015
1.2785 1.038
-2.1155 1.038
4

DIE26
4
-2.1155 1.038
1.2785 1.038
1.2785 1.075
-2.1155 1.075
2

DIE27
4
-2.1155 1.075
1.2785 1.075
1.2785 1.165
-2.1155 1.165
2

DIE28
4
-2.1155 1.165
1.2785 1.165
1.2785 1.19
-2.1155 1.19
5

DIE29
4
-2.1155 1.19
1.2785 1.19
1.2785 1.213
-2.1155 1.213
4

DIE30
4
-2.1155 1.213
1.2785 1.213
1.2785 1.25
-2.1155 1.25
2

DIE31
4
-2.1155 1.25
1.2785 1.25
1.2785 1.34
-2.1155 1.34
2

DIE32
4
-2.1155 1.34
1.2785 1.34
1.2785 1.39
-2.1155 1.39
5

DIE33
4
-2.1155 1.39
1.2785 1.39
1.2785 1.42
-2.1155 1.42
4

DIE34
4
-2.1155 1.42
1.2785 1.42
1.2785 1.515
-2.1155 1.515
2

DIE35
4
-2.1155 1.515
1.2785 1.515
1.2785 1.705
-2.1155 1.705
2

DIE36
4
-2.1155 1.705
1.2785 1.705
1.2785 1.755
-2.1155 1.755
5

DIE37
4
-2.1155 1.755
1.2785 1.755
1.2785 1.785
-2.1155 1.785
4

DIE38
4
-2.1155 1.785
1.2785 1.785
1.2785 1.88
-2.1155 1.88
2

DIE39
4
-2.1155 1.88
1.2785 1.88
1.2785 2.07
-2.1155 2.07
2

DIE40
4
-2.1155 2.07
1.2785 2.07
1.2785 2.125
-2.1155 2.125
5

DIE41
4
-2.1155 2.125
1.2785 2.125
1.2785 2.665
-2.1155 2.665
4

DIE42
4
-2.1155 2.665
1.2785 2.665
1.2785 2.715
-2.1155 2.715
4

DIE43
4
-2.1155 2.715
1.2785 2.715
1.2785 2.765
-2.1155 2.765
7

DIE44
4
-2.1155 2.765
1.2785 2.765
1.2785 3.515
-2.1155 3.515
4

DIE45
4
-2.1155 3.515
1.2785 3.515
1.2785 3.57
-2.1155 3.57
5

DIE46
4
-2.1155 3.57
1.2785 3.57
1.2785 4.11
-2.1155 4.11
4

DIE47
4
-2.1155 4.11
1.2785 4.11
1.2785 4.16
-2.1155 4.16
4

DIE48
4
-2.1155 4.16
1.2785 4.16
1.2785 4.21
-2.1155 4.21
7

DIE49
4
-2.1155 4.21
1.2785 4.21
1.2785 4.96
-2.1155 4.96
4

DIE50
4
-2.1155 4.96
1.2785 4.96
1.2785 5.035
-2.1155 5.035
7

DIE51
4
-2.1155 5.035
1.2785 5.035
1.2785 5.735
-2.1155 5.735
4

DIE52
4
-2.1155 5.735
1.2785 5.735
1.2785 8.535
-2.1155 8.535
4

DIE53
4
-2.1155 8.535
1.2785 8.535
1.2785 9.735
-2.1155 9.735
4

DIE54
4
-2.1155 9.735
1.2785 9.735
1.2785 10.435
-2.1155 10.435
7

air_Layer
4
-2.1155 10.435
1.2785 10.435
1.2785 10.564
-2.1155 10.564
1


4
-2.1155 0.001
1.2785 0.001
1.2785 10.564
-2.1155 10.564

