c1
4
-0.0405 0.2514
0.0405 0.2514
0.0405 0.2944
-0.0405 0.2944

5
botleft
4
-0.9725 -0.001
0 -0.001
0 0.001
-0.9725 0.001

botright
4
0 -0.001
1.2155 -0.001
1.2155 0.001
0 0.001

c3
4
-0.3375 0.2514
-0.2565 0.2514
-0.2565 0.2944
-0.3375 0.2944

c2
4
0.2565 0.2514
0.3375 0.2514
0.3375 0.2944
0.2565 0.2944

c2e
4
0.5535 0.2514
0.5805 0.2514
0.5805 0.2944
0.5535 0.2944


79
DIE1
5
-0.9725 0.001
0 0.001
1.2155 0.001
1.2155 0.157
-0.9725 0.157
3

DIE2
4
-0.9725 0.157
1.2155 0.157
1.2155 0.185
-0.9725 0.185
3

DIE3
4
-0.9725 0.185
1.2155 0.185
1.2155 0.25
-0.9725 0.25
3

DIE4
28
-0.9725 0.25
1.2155 0.25
1.2155 0.2514
0.6045 0.2514
0.5905 0.2514
0.5805 0.2514
0.5535 0.2514
0.5435 0.2514
0.5295 0.2514
0.3615 0.2514
0.3475 0.2514
0.3375 0.2514
0.2565 0.2514
0.2465 0.2514
0.2325 0.2514
0.0645 0.2514
0.0505 0.2514
0.0405 0.2514
-0.0405 0.2514
-0.0505 0.2514
-0.0645 0.2514
-0.2325 0.2514
-0.2465 0.2514
-0.2565 0.2514
-0.3375 0.2514
-0.3475 0.2514
-0.3615 0.2514
-0.9725 0.2514
4

DIE6
4
-0.9725 0.2514
-0.3615 0.2514
-0.3615 0.2654
-0.9725 0.2654
5

DIE6
5
-0.3615 0.2514
-0.3475 0.2514
-0.3475 0.2944
-0.3615 0.2944
-0.3615 0.2654
5

DIE5
4
-0.3475 0.2514
-0.3375 0.2514
-0.3375 0.2944
-0.3475 0.2944
6

DIE5
4
-0.2565 0.2514
-0.2465 0.2514
-0.2465 0.2944
-0.2565 0.2944
6

DIE6
5
-0.2465 0.2514
-0.2325 0.2514
-0.2325 0.2654
-0.2325 0.2944
-0.2465 0.2944
5

DIE6
4
-0.2325 0.2514
-0.0645 0.2514
-0.0645 0.2654
-0.2325 0.2654
5

DIE6
5
-0.0645 0.2514
-0.0505 0.2514
-0.0505 0.2944
-0.0645 0.2944
-0.0645 0.2654
5

DIE5
4
-0.0505 0.2514
-0.0405 0.2514
-0.0405 0.2944
-0.0505 0.2944
6

DIE5
4
0.0405 0.2514
0.0505 0.2514
0.0505 0.2944
0.0405 0.2944
6

DIE6
5
0.0505 0.2514
0.0645 0.2514
0.0645 0.2654
0.0645 0.2944
0.0505 0.2944
5

DIE6
4
0.0645 0.2514
0.2325 0.2514
0.2325 0.2654
0.0645 0.2654
5

DIE6
5
0.2325 0.2514
0.2465 0.2514
0.2465 0.2944
0.2325 0.2944
0.2325 0.2654
5

DIE5
4
0.2465 0.2514
0.2565 0.2514
0.2565 0.2944
0.2465 0.2944
6

DIE5
4
0.3375 0.2514
0.3475 0.2514
0.3475 0.2944
0.3375 0.2944
6

DIE6
5
0.3475 0.2514
0.3615 0.2514
0.3615 0.2654
0.3615 0.2944
0.3475 0.2944
5

DIE6
4
0.3615 0.2514
0.5295 0.2514
0.5295 0.2654
0.3615 0.2654
5

DIE6
5
0.5295 0.2514
0.5435 0.2514
0.5435 0.2944
0.5295 0.2944
0.5295 0.2654
5

DIE5
4
0.5435 0.2514
0.5535 0.2514
0.5535 0.2944
0.5435 0.2944
6

DIE5
4
0.5805 0.2514
0.5905 0.2514
0.5905 0.2944
0.5805 0.2944
6

DIE6
5
0.5905 0.2514
0.6045 0.2514
0.6045 0.2654
0.6045 0.2944
0.5905 0.2944
5

DIE6
4
0.6045 0.2514
1.2155 0.2514
1.2155 0.2654
0.6045 0.2654
5

DIE7
4
-0.9725 0.2654
-0.3615 0.2654
-0.3615 0.2944
-0.9725 0.2944
4

DIE7
4
-0.2325 0.2654
-0.0645 0.2654
-0.0645 0.2944
-0.2325 0.2944
4

DIE7
4
0.0645 0.2654
0.2325 0.2654
0.2325 0.2944
0.0645 0.2944
4

DIE7
4
0.3615 0.2654
0.5295 0.2654
0.5295 0.2944
0.3615 0.2944
4

DIE7
4
0.6045 0.2654
1.2155 0.2654
1.2155 0.2944
0.6045 0.2944
4

DIE7
28
-0.9725 0.2944
-0.3615 0.2944
-0.3475 0.2944
-0.3375 0.2944
-0.2565 0.2944
-0.2465 0.2944
-0.2325 0.2944
-0.0645 0.2944
-0.0505 0.2944
-0.0405 0.2944
0.0405 0.2944
0.0505 0.2944
0.0645 0.2944
0.2325 0.2944
0.2465 0.2944
0.2565 0.2944
0.3375 0.2944
0.3475 0.2944
0.3615 0.2944
0.5295 0.2944
0.5435 0.2944
0.5535 0.2944
0.5805 0.2944
0.5905 0.2944
0.6045 0.2944
1.2155 0.2944
1.2155 0.307
-0.9725 0.307
4

DIE8
4
-0.9725 0.307
1.2155 0.307
1.2155 0.375
-0.9725 0.375
4

DIE9
4
-0.9725 0.375
1.2155 0.375
1.2155 0.4
-0.9725 0.4
4

DIE10
4
-0.9725 0.4
1.2155 0.4
1.2155 0.418
-0.9725 0.418
4

DIE11
4
-0.9725 0.418
1.2155 0.418
1.2155 0.465
-0.9725 0.465
2

DIE12
4
-0.9725 0.465
1.2155 0.465
1.2155 0.49
-0.9725 0.49
5

DIE13
4
-0.9725 0.49
1.2155 0.49
1.2155 0.513
-0.9725 0.513
4

DIE14
4
-0.9725 0.513
1.2155 0.513
1.2155 0.55
-0.9725 0.55
2

DIE15
4
-0.9725 0.55
1.2155 0.55
1.2155 0.64
-0.9725 0.64
2

DIE16
4
-0.9725 0.64
1.2155 0.64
1.2155 0.665
-0.9725 0.665
5

DIE17
4
-0.9725 0.665
1.2155 0.665
1.2155 0.688
-0.9725 0.688
4

DIE18
4
-0.9725 0.688
1.2155 0.688
1.2155 0.725
-0.9725 0.725
2

DIE19
4
-0.9725 0.725
1.2155 0.725
1.2155 0.815
-0.9725 0.815
2

DIE20
4
-0.9725 0.815
1.2155 0.815
1.2155 0.84
-0.9725 0.84
5

DIE21
4
-0.9725 0.84
1.2155 0.84
1.2155 0.863
-0.9725 0.863
4

DIE22
4
-0.9725 0.863
1.2155 0.863
1.2155 0.9
-0.9725 0.9
2

DIE23
4
-0.9725 0.9
1.2155 0.9
1.2155 0.99
-0.9725 0.99
2

DIE24
4
-0.9725 0.99
1.2155 0.99
1.2155 1.015
-0.9725 1.015
5

DIE25
4
-0.9725 1.015
1.2155 1.015
1.2155 1.038
-0.9725 1.038
4

DIE26
4
-0.9725 1.038
1.2155 1.038
1.2155 1.075
-0.9725 1.075
2

DIE27
4
-0.9725 1.075
1.2155 1.075
1.2155 1.165
-0.9725 1.165
2

DIE28
4
-0.9725 1.165
1.2155 1.165
1.2155 1.19
-0.9725 1.19
5

DIE29
4
-0.9725 1.19
1.2155 1.19
1.2155 1.213
-0.9725 1.213
4

DIE30
4
-0.9725 1.213
1.2155 1.213
1.2155 1.25
-0.9725 1.25
2

DIE31
4
-0.9725 1.25
1.2155 1.25
1.2155 1.34
-0.9725 1.34
2

DIE32
4
-0.9725 1.34
1.2155 1.34
1.2155 1.39
-0.9725 1.39
5

DIE33
4
-0.9725 1.39
1.2155 1.39
1.2155 1.42
-0.9725 1.42
4

DIE34
4
-0.9725 1.42
1.2155 1.42
1.2155 1.515
-0.9725 1.515
2

DIE35
4
-0.9725 1.515
1.2155 1.515
1.2155 1.705
-0.9725 1.705
2

DIE36
4
-0.9725 1.705
1.2155 1.705
1.2155 1.755
-0.9725 1.755
5

DIE37
4
-0.9725 1.755
1.2155 1.755
1.2155 1.785
-0.9725 1.785
4

DIE38
4
-0.9725 1.785
1.2155 1.785
1.2155 1.88
-0.9725 1.88
2

DIE39
4
-0.9725 1.88
1.2155 1.88
1.2155 2.07
-0.9725 2.07
2

DIE40
4
-0.9725 2.07
1.2155 2.07
1.2155 2.125
-0.9725 2.125
5

DIE41
4
-0.9725 2.125
1.2155 2.125
1.2155 2.665
-0.9725 2.665
4

DIE42
4
-0.9725 2.665
1.2155 2.665
1.2155 2.715
-0.9725 2.715
4

DIE43
4
-0.9725 2.715
1.2155 2.715
1.2155 2.765
-0.9725 2.765
7

DIE44
4
-0.9725 2.765
1.2155 2.765
1.2155 3.515
-0.9725 3.515
4

DIE45
4
-0.9725 3.515
1.2155 3.515
1.2155 3.57
-0.9725 3.57
5

DIE46
4
-0.9725 3.57
1.2155 3.57
1.2155 4.11
-0.9725 4.11
4

DIE47
4
-0.9725 4.11
1.2155 4.11
1.2155 4.16
-0.9725 4.16
4

DIE48
4
-0.9725 4.16
1.2155 4.16
1.2155 4.21
-0.9725 4.21
7

DIE49
4
-0.9725 4.21
1.2155 4.21
1.2155 4.96
-0.9725 4.96
4

DIE50
4
-0.9725 4.96
1.2155 4.96
1.2155 5.035
-0.9725 5.035
7

DIE51
4
-0.9725 5.035
1.2155 5.035
1.2155 5.735
-0.9725 5.735
4

DIE52
4
-0.9725 5.735
1.2155 5.735
1.2155 8.535
-0.9725 8.535
4

DIE53
4
-0.9725 8.535
1.2155 8.535
1.2155 9.735
-0.9725 9.735
4

DIE54
4
-0.9725 9.735
1.2155 9.735
1.2155 10.435
-0.9725 10.435
7

air_Layer
4
-0.9725 10.435
1.2155 10.435
1.2155 10.678
-0.9725 10.678
1


4
-0.9725 0.001
1.2155 0.001
1.2155 10.678
-0.9725 10.678

