c1
4
-0.0405 0.2514
0.0405 0.2514
0.0405 0.2944
-0.0405 0.2944

5
botleft
4
-1.4765 -0.001
0 -0.001
0 0.001
-1.4765 0.001

botright
4
0 -0.001
2.4395 -0.001
2.4395 0.001
0 0.001

c3
4
-0.8415 0.2514
-0.7605 0.2514
-0.7605 0.2944
-0.8415 0.2944

c2
4
1.4805 0.2514
1.5615 0.2514
1.5615 0.2944
1.4805 0.2944

c2e
4
1.7775 0.2514
1.8045 0.2514
1.8045 0.2944
1.7775 0.2944


79
DIE1
5
-1.4765 0.001
0 0.001
2.4395 0.001
2.4395 0.157
-1.4765 0.157
3

DIE2
4
-1.4765 0.157
2.4395 0.157
2.4395 0.185
-1.4765 0.185
3

DIE3
4
-1.4765 0.185
2.4395 0.185
2.4395 0.25
-1.4765 0.25
3

DIE4
28
-1.4765 0.25
2.4395 0.25
2.4395 0.2514
1.8285 0.2514
1.8145 0.2514
1.8045 0.2514
1.7775 0.2514
1.7675 0.2514
1.7535 0.2514
1.5855 0.2514
1.5715 0.2514
1.5615 0.2514
1.4805 0.2514
1.4705 0.2514
1.4565 0.2514
0.0645 0.2514
0.0505 0.2514
0.0405 0.2514
-0.0405 0.2514
-0.0505 0.2514
-0.0645 0.2514
-0.7365 0.2514
-0.7505 0.2514
-0.7605 0.2514
-0.8415 0.2514
-0.8515 0.2514
-0.8655 0.2514
-1.4765 0.2514
4

DIE6
4
-1.4765 0.2514
-0.8655 0.2514
-0.8655 0.2654
-1.4765 0.2654
5

DIE6
5
-0.8655 0.2514
-0.8515 0.2514
-0.8515 0.2944
-0.8655 0.2944
-0.8655 0.2654
5

DIE5
4
-0.8515 0.2514
-0.8415 0.2514
-0.8415 0.2944
-0.8515 0.2944
6

DIE5
4
-0.7605 0.2514
-0.7505 0.2514
-0.7505 0.2944
-0.7605 0.2944
6

DIE6
5
-0.7505 0.2514
-0.7365 0.2514
-0.7365 0.2654
-0.7365 0.2944
-0.7505 0.2944
5

DIE6
4
-0.7365 0.2514
-0.0645 0.2514
-0.0645 0.2654
-0.7365 0.2654
5

DIE6
5
-0.0645 0.2514
-0.0505 0.2514
-0.0505 0.2944
-0.0645 0.2944
-0.0645 0.2654
5

DIE5
4
-0.0505 0.2514
-0.0405 0.2514
-0.0405 0.2944
-0.0505 0.2944
6

DIE5
4
0.0405 0.2514
0.0505 0.2514
0.0505 0.2944
0.0405 0.2944
6

DIE6
5
0.0505 0.2514
0.0645 0.2514
0.0645 0.2654
0.0645 0.2944
0.0505 0.2944
5

DIE6
4
0.0645 0.2514
1.4565 0.2514
1.4565 0.2654
0.0645 0.2654
5

DIE6
5
1.4565 0.2514
1.4705 0.2514
1.4705 0.2944
1.4565 0.2944
1.4565 0.2654
5

DIE5
4
1.4705 0.2514
1.4805 0.2514
1.4805 0.2944
1.4705 0.2944
6

DIE5
4
1.5615 0.2514
1.5715 0.2514
1.5715 0.2944
1.5615 0.2944
6

DIE6
5
1.5715 0.2514
1.5855 0.2514
1.5855 0.2654
1.5855 0.2944
1.5715 0.2944
5

DIE6
4
1.5855 0.2514
1.7535 0.2514
1.7535 0.2654
1.5855 0.2654
5

DIE6
5
1.7535 0.2514
1.7675 0.2514
1.7675 0.2944
1.7535 0.2944
1.7535 0.2654
5

DIE5
4
1.7675 0.2514
1.7775 0.2514
1.7775 0.2944
1.7675 0.2944
6

DIE5
4
1.8045 0.2514
1.8145 0.2514
1.8145 0.2944
1.8045 0.2944
6

DIE6
5
1.8145 0.2514
1.8285 0.2514
1.8285 0.2654
1.8285 0.2944
1.8145 0.2944
5

DIE6
4
1.8285 0.2514
2.4395 0.2514
2.4395 0.2654
1.8285 0.2654
5

DIE7
4
-1.4765 0.2654
-0.8655 0.2654
-0.8655 0.2944
-1.4765 0.2944
4

DIE7
4
-0.7365 0.2654
-0.0645 0.2654
-0.0645 0.2944
-0.7365 0.2944
4

DIE7
4
0.0645 0.2654
1.4565 0.2654
1.4565 0.2944
0.0645 0.2944
4

DIE7
4
1.5855 0.2654
1.7535 0.2654
1.7535 0.2944
1.5855 0.2944
4

DIE7
4
1.8285 0.2654
2.4395 0.2654
2.4395 0.2944
1.8285 0.2944
4

DIE7
28
-1.4765 0.2944
-0.8655 0.2944
-0.8515 0.2944
-0.8415 0.2944
-0.7605 0.2944
-0.7505 0.2944
-0.7365 0.2944
-0.0645 0.2944
-0.0505 0.2944
-0.0405 0.2944
0.0405 0.2944
0.0505 0.2944
0.0645 0.2944
1.4565 0.2944
1.4705 0.2944
1.4805 0.2944
1.5615 0.2944
1.5715 0.2944
1.5855 0.2944
1.7535 0.2944
1.7675 0.2944
1.7775 0.2944
1.8045 0.2944
1.8145 0.2944
1.8285 0.2944
2.4395 0.2944
2.4395 0.307
-1.4765 0.307
4

DIE8
4
-1.4765 0.307
2.4395 0.307
2.4395 0.375
-1.4765 0.375
4

DIE9
4
-1.4765 0.375
2.4395 0.375
2.4395 0.4
-1.4765 0.4
4

DIE10
4
-1.4765 0.4
2.4395 0.4
2.4395 0.418
-1.4765 0.418
4

DIE11
4
-1.4765 0.418
2.4395 0.418
2.4395 0.465
-1.4765 0.465
2

DIE12
4
-1.4765 0.465
2.4395 0.465
2.4395 0.49
-1.4765 0.49
5

DIE13
4
-1.4765 0.49
2.4395 0.49
2.4395 0.513
-1.4765 0.513
4

DIE14
4
-1.4765 0.513
2.4395 0.513
2.4395 0.55
-1.4765 0.55
2

DIE15
4
-1.4765 0.55
2.4395 0.55
2.4395 0.64
-1.4765 0.64
2

DIE16
4
-1.4765 0.64
2.4395 0.64
2.4395 0.665
-1.4765 0.665
5

DIE17
4
-1.4765 0.665
2.4395 0.665
2.4395 0.688
-1.4765 0.688
4

DIE18
4
-1.4765 0.688
2.4395 0.688
2.4395 0.725
-1.4765 0.725
2

DIE19
4
-1.4765 0.725
2.4395 0.725
2.4395 0.815
-1.4765 0.815
2

DIE20
4
-1.4765 0.815
2.4395 0.815
2.4395 0.84
-1.4765 0.84
5

DIE21
4
-1.4765 0.84
2.4395 0.84
2.4395 0.863
-1.4765 0.863
4

DIE22
4
-1.4765 0.863
2.4395 0.863
2.4395 0.9
-1.4765 0.9
2

DIE23
4
-1.4765 0.9
2.4395 0.9
2.4395 0.99
-1.4765 0.99
2

DIE24
4
-1.4765 0.99
2.4395 0.99
2.4395 1.015
-1.4765 1.015
5

DIE25
4
-1.4765 1.015
2.4395 1.015
2.4395 1.038
-1.4765 1.038
4

DIE26
4
-1.4765 1.038
2.4395 1.038
2.4395 1.075
-1.4765 1.075
2

DIE27
4
-1.4765 1.075
2.4395 1.075
2.4395 1.165
-1.4765 1.165
2

DIE28
4
-1.4765 1.165
2.4395 1.165
2.4395 1.19
-1.4765 1.19
5

DIE29
4
-1.4765 1.19
2.4395 1.19
2.4395 1.213
-1.4765 1.213
4

DIE30
4
-1.4765 1.213
2.4395 1.213
2.4395 1.25
-1.4765 1.25
2

DIE31
4
-1.4765 1.25
2.4395 1.25
2.4395 1.34
-1.4765 1.34
2

DIE32
4
-1.4765 1.34
2.4395 1.34
2.4395 1.39
-1.4765 1.39
5

DIE33
4
-1.4765 1.39
2.4395 1.39
2.4395 1.42
-1.4765 1.42
4

DIE34
4
-1.4765 1.42
2.4395 1.42
2.4395 1.515
-1.4765 1.515
2

DIE35
4
-1.4765 1.515
2.4395 1.515
2.4395 1.705
-1.4765 1.705
2

DIE36
4
-1.4765 1.705
2.4395 1.705
2.4395 1.755
-1.4765 1.755
5

DIE37
4
-1.4765 1.755
2.4395 1.755
2.4395 1.785
-1.4765 1.785
4

DIE38
4
-1.4765 1.785
2.4395 1.785
2.4395 1.88
-1.4765 1.88
2

DIE39
4
-1.4765 1.88
2.4395 1.88
2.4395 2.07
-1.4765 2.07
2

DIE40
4
-1.4765 2.07
2.4395 2.07
2.4395 2.125
-1.4765 2.125
5

DIE41
4
-1.4765 2.125
2.4395 2.125
2.4395 2.665
-1.4765 2.665
4

DIE42
4
-1.4765 2.665
2.4395 2.665
2.4395 2.715
-1.4765 2.715
4

DIE43
4
-1.4765 2.715
2.4395 2.715
2.4395 2.765
-1.4765 2.765
7

DIE44
4
-1.4765 2.765
2.4395 2.765
2.4395 3.515
-1.4765 3.515
4

DIE45
4
-1.4765 3.515
2.4395 3.515
2.4395 3.57
-1.4765 3.57
5

DIE46
4
-1.4765 3.57
2.4395 3.57
2.4395 4.11
-1.4765 4.11
4

DIE47
4
-1.4765 4.11
2.4395 4.11
2.4395 4.16
-1.4765 4.16
4

DIE48
4
-1.4765 4.16
2.4395 4.16
2.4395 4.21
-1.4765 4.21
7

DIE49
4
-1.4765 4.21
2.4395 4.21
2.4395 4.96
-1.4765 4.96
4

DIE50
4
-1.4765 4.96
2.4395 4.96
2.4395 5.035
-1.4765 5.035
7

DIE51
4
-1.4765 5.035
2.4395 5.035
2.4395 5.735
-1.4765 5.735
4

DIE52
4
-1.4765 5.735
2.4395 5.735
2.4395 8.535
-1.4765 8.535
4

DIE53
4
-1.4765 8.535
2.4395 8.535
2.4395 9.735
-1.4765 9.735
4

DIE54
4
-1.4765 9.735
2.4395 9.735
2.4395 10.435
-1.4765 10.435
7

air_Layer
4
-1.4765 10.435
2.4395 10.435
2.4395 10.678
-1.4765 10.678
1


4
-1.4765 0.001
2.4395 0.001
2.4395 10.678
-1.4765 10.678

