c1
4
-0.0405 0.2514
0.0405 0.2514
0.0405 0.2944
-0.0405 0.2944

5
botleft
4
-2.1965 -0.001
0 -0.001
0 0.001
-2.1965 0.001

botright
4
0 -0.001
2.0075 -0.001
2.0075 0.001
0 0.001

c3
4
-1.5615 0.2514
-1.4805 0.2514
-1.4805 0.2944
-1.5615 0.2944

c2
4
0.7605 0.2514
0.8415 0.2514
0.8415 0.2944
0.7605 0.2944

c2e
4
1.3455 0.2514
1.3725 0.2514
1.3725 0.2944
1.3455 0.2944


79
DIE1
6
-2.1965 0.001
0 0.001
2.0075 0.001
2.0076 0.001
2.0076 0.157
-2.1965 0.157
3

DIE2
4
-2.1965 0.157
2.0076 0.157
2.0076 0.185
-2.1965 0.185
3

DIE3
4
-2.1965 0.185
2.0076 0.185
2.0076 0.25
-2.1965 0.25
3

DIE4
28
-2.1965 0.25
2.0076 0.25
2.0076 0.2514
1.3965 0.2514
1.3825 0.2514
1.3725 0.2514
1.3455 0.2514
1.3355 0.2514
1.3215 0.2514
0.8655 0.2514
0.8515 0.2514
0.8415 0.2514
0.7605 0.2514
0.7505 0.2514
0.7365 0.2514
0.0645 0.2514
0.0505 0.2514
0.0405 0.2514
-0.0405 0.2514
-0.0505 0.2514
-0.0645 0.2514
-1.4565 0.2514
-1.4705 0.2514
-1.4805 0.2514
-1.5615 0.2514
-1.5715 0.2514
-1.5855 0.2514
-2.1965 0.2514
4

DIE6
4
-2.1965 0.2514
-1.5855 0.2514
-1.5855 0.2654
-2.1965 0.2654
5

DIE6
5
-1.5855 0.2514
-1.5715 0.2514
-1.5715 0.2944
-1.5855 0.2944
-1.5855 0.2654
5

DIE5
4
-1.5715 0.2514
-1.5615 0.2514
-1.5615 0.2944
-1.5715 0.2944
6

DIE5
4
-1.4805 0.2514
-1.4705 0.2514
-1.4705 0.2944
-1.4805 0.2944
6

DIE6
5
-1.4705 0.2514
-1.4565 0.2514
-1.4565 0.2654
-1.4565 0.2944
-1.4705 0.2944
5

DIE6
4
-1.4565 0.2514
-0.0645 0.2514
-0.0645 0.2654
-1.4565 0.2654
5

DIE6
5
-0.0645 0.2514
-0.0505 0.2514
-0.0505 0.2944
-0.0645 0.2944
-0.0645 0.2654
5

DIE5
4
-0.0505 0.2514
-0.0405 0.2514
-0.0405 0.2944
-0.0505 0.2944
6

DIE5
4
0.0405 0.2514
0.0505 0.2514
0.0505 0.2944
0.0405 0.2944
6

DIE6
5
0.0505 0.2514
0.0645 0.2514
0.0645 0.2654
0.0645 0.2944
0.0505 0.2944
5

DIE6
4
0.0645 0.2514
0.7365 0.2514
0.7365 0.2654
0.0645 0.2654
5

DIE6
5
0.7365 0.2514
0.7505 0.2514
0.7505 0.2944
0.7365 0.2944
0.7365 0.2654
5

DIE5
4
0.7505 0.2514
0.7605 0.2514
0.7605 0.2944
0.7505 0.2944
6

DIE5
4
0.8415 0.2514
0.8515 0.2514
0.8515 0.2944
0.8415 0.2944
6

DIE6
5
0.8515 0.2514
0.8655 0.2514
0.8655 0.2654
0.8655 0.2944
0.8515 0.2944
5

DIE6
4
0.8655 0.2514
1.3215 0.2514
1.3215 0.2654
0.8655 0.2654
5

DIE6
5
1.3215 0.2514
1.3355 0.2514
1.3355 0.2944
1.3215 0.2944
1.3215 0.2654
5

DIE5
4
1.3355 0.2514
1.3455 0.2514
1.3455 0.2944
1.3355 0.2944
6

DIE5
4
1.3725 0.2514
1.3825 0.2514
1.3825 0.2944
1.3725 0.2944
6

DIE6
5
1.3825 0.2514
1.3965 0.2514
1.3965 0.2654
1.3965 0.2944
1.3825 0.2944
5

DIE6
4
1.3965 0.2514
2.0076 0.2514
2.0076 0.2654
1.3965 0.2654
5

DIE7
4
-2.1965 0.2654
-1.5855 0.2654
-1.5855 0.2944
-2.1965 0.2944
4

DIE7
4
-1.4565 0.2654
-0.0645 0.2654
-0.0645 0.2944
-1.4565 0.2944
4

DIE7
4
0.0645 0.2654
0.7365 0.2654
0.7365 0.2944
0.0645 0.2944
4

DIE7
4
0.8655 0.2654
1.3215 0.2654
1.3215 0.2944
0.8655 0.2944
4

DIE7
4
1.3965 0.2654
2.0076 0.2654
2.0076 0.2944
1.3965 0.2944
4

DIE7
28
-2.1965 0.2944
-1.5855 0.2944
-1.5715 0.2944
-1.5615 0.2944
-1.4805 0.2944
-1.4705 0.2944
-1.4565 0.2944
-0.0645 0.2944
-0.0505 0.2944
-0.0405 0.2944
0.0405 0.2944
0.0505 0.2944
0.0645 0.2944
0.7365 0.2944
0.7505 0.2944
0.7605 0.2944
0.8415 0.2944
0.8515 0.2944
0.8655 0.2944
1.3215 0.2944
1.3355 0.2944
1.3455 0.2944
1.3725 0.2944
1.3825 0.2944
1.3965 0.2944
2.0076 0.2944
2.0076 0.307
-2.1965 0.307
4

DIE8
4
-2.1965 0.307
2.0076 0.307
2.0076 0.375
-2.1965 0.375
4

DIE9
4
-2.1965 0.375
2.0076 0.375
2.0076 0.4
-2.1965 0.4
4

DIE10
4
-2.1965 0.4
2.0076 0.4
2.0076 0.418
-2.1965 0.418
4

DIE11
4
-2.1965 0.418
2.0076 0.418
2.0076 0.465
-2.1965 0.465
2

DIE12
4
-2.1965 0.465
2.0076 0.465
2.0076 0.49
-2.1965 0.49
5

DIE13
4
-2.1965 0.49
2.0076 0.49
2.0076 0.513
-2.1965 0.513
4

DIE14
4
-2.1965 0.513
2.0076 0.513
2.0076 0.55
-2.1965 0.55
2

DIE15
4
-2.1965 0.55
2.0076 0.55
2.0076 0.64
-2.1965 0.64
2

DIE16
4
-2.1965 0.64
2.0076 0.64
2.0076 0.665
-2.1965 0.665
5

DIE17
4
-2.1965 0.665
2.0076 0.665
2.0076 0.688
-2.1965 0.688
4

DIE18
4
-2.1965 0.688
2.0076 0.688
2.0076 0.725
-2.1965 0.725
2

DIE19
4
-2.1965 0.725
2.0076 0.725
2.0076 0.815
-2.1965 0.815
2

DIE20
4
-2.1965 0.815
2.0076 0.815
2.0076 0.84
-2.1965 0.84
5

DIE21
4
-2.1965 0.84
2.0076 0.84
2.0076 0.863
-2.1965 0.863
4

DIE22
4
-2.1965 0.863
2.0076 0.863
2.0076 0.9
-2.1965 0.9
2

DIE23
4
-2.1965 0.9
2.0076 0.9
2.0076 0.99
-2.1965 0.99
2

DIE24
4
-2.1965 0.99
2.0076 0.99
2.0076 1.015
-2.1965 1.015
5

DIE25
4
-2.1965 1.015
2.0076 1.015
2.0076 1.038
-2.1965 1.038
4

DIE26
4
-2.1965 1.038
2.0076 1.038
2.0076 1.075
-2.1965 1.075
2

DIE27
4
-2.1965 1.075
2.0076 1.075
2.0076 1.165
-2.1965 1.165
2

DIE28
4
-2.1965 1.165
2.0076 1.165
2.0076 1.19
-2.1965 1.19
5

DIE29
4
-2.1965 1.19
2.0076 1.19
2.0076 1.213
-2.1965 1.213
4

DIE30
4
-2.1965 1.213
2.0076 1.213
2.0076 1.25
-2.1965 1.25
2

DIE31
4
-2.1965 1.25
2.0076 1.25
2.0076 1.34
-2.1965 1.34
2

DIE32
4
-2.1965 1.34
2.0076 1.34
2.0076 1.39
-2.1965 1.39
5

DIE33
4
-2.1965 1.39
2.0076 1.39
2.0076 1.42
-2.1965 1.42
4

DIE34
4
-2.1965 1.42
2.0076 1.42
2.0076 1.515
-2.1965 1.515
2

DIE35
4
-2.1965 1.515
2.0076 1.515
2.0076 1.705
-2.1965 1.705
2

DIE36
4
-2.1965 1.705
2.0076 1.705
2.0076 1.755
-2.1965 1.755
5

DIE37
4
-2.1965 1.755
2.0076 1.755
2.0076 1.785
-2.1965 1.785
4

DIE38
4
-2.1965 1.785
2.0076 1.785
2.0076 1.88
-2.1965 1.88
2

DIE39
4
-2.1965 1.88
2.0076 1.88
2.0076 2.07
-2.1965 2.07
2

DIE40
4
-2.1965 2.07
2.0076 2.07
2.0076 2.125
-2.1965 2.125
5

DIE41
4
-2.1965 2.125
2.0076 2.125
2.0076 2.665
-2.1965 2.665
4

DIE42
4
-2.1965 2.665
2.0076 2.665
2.0076 2.715
-2.1965 2.715
4

DIE43
4
-2.1965 2.715
2.0076 2.715
2.0076 2.765
-2.1965 2.765
7

DIE44
4
-2.1965 2.765
2.0076 2.765
2.0076 3.515
-2.1965 3.515
4

DIE45
4
-2.1965 3.515
2.0076 3.515
2.0076 3.57
-2.1965 3.57
5

DIE46
4
-2.1965 3.57
2.0076 3.57
2.0076 4.11
-2.1965 4.11
4

DIE47
4
-2.1965 4.11
2.0076 4.11
2.0076 4.16
-2.1965 4.16
4

DIE48
4
-2.1965 4.16
2.0076 4.16
2.0076 4.21
-2.1965 4.21
7

DIE49
4
-2.1965 4.21
2.0076 4.21
2.0076 4.96
-2.1965 4.96
4

DIE50
4
-2.1965 4.96
2.0076 4.96
2.0076 5.035
-2.1965 5.035
7

DIE51
4
-2.1965 5.035
2.0076 5.035
2.0076 5.735
-2.1965 5.735
4

DIE52
4
-2.1965 5.735
2.0076 5.735
2.0076 8.535
-2.1965 8.535
4

DIE53
4
-2.1965 8.535
2.0076 8.535
2.0076 9.735
-2.1965 9.735
4

DIE54
4
-2.1965 9.735
2.0076 9.735
2.0076 10.435
-2.1965 10.435
7

air_Layer
4
-2.1965 10.435
2.0076 10.435
2.0076 10.678
-2.1965 10.678
1


4
-2.1965 0.001
2.0076 0.001
2.0076 10.678
-2.1965 10.678

