c1
4
-0.37342 0.37050000000000005
0.37342 0.37050000000000005
0.38258 0.4665
-0.38258 0.4665

3
botleft
4
-6.14316 -0.001
0 -0.001
0 0.001
-6.14316 0.001

botright
4
0 -0.001
6.82716 -0.001
6.82716 0.001
0 0.001

c2
4
0.49058 0.37050000000000005
1.1474199999999999 0.37050000000000005
1.15658 0.4665
0.48142 0.4665


42
IMD1b
4
-6.14316 0.40650000000000003
-0.376855 0.40650000000000003
-0.38258 0.4665
-6.14316 0.4665
2.8

IMD1b
4
0.376855 0.40650000000000003
0.487145 0.40650000000000003
0.48142 0.4665
0.38258 0.4665
2.8

IMD1b
4
1.150855 0.40650000000000003
6.82716 0.40650000000000003
6.82716 0.4665
1.15658 0.4665
2.8

IMD1a
4
-6.14316 0.3955
-0.37580541666666667 0.3955
-0.376855 0.40650000000000003
-6.14316 0.40650000000000003
5.2

IMD1a
4
0.37580541666666667 0.3955
0.4881945833333333 0.3955
0.487145 0.40650000000000003
0.376855 0.40650000000000003
5.2

IMD1a
4
1.1498054166666667 0.3955
6.82716 0.3955
6.82716 0.40650000000000003
1.150855 0.40650000000000003
5.2

ILD1b3
4
-6.14316 0.37050000000000005
-0.37342 0.37050000000000005
-0.37580541666666667 0.3955
-6.14316 0.3955
4

ILD1b3
4
0.37342 0.37050000000000005
0.49058 0.37050000000000005
0.4881945833333333 0.3955
0.37580541666666667 0.3955
4

ILD1b3
4
1.1474199999999999 0.37050000000000005
6.82716 0.37050000000000005
6.82716 0.3955
1.1498054166666667 0.3955
4

ILD1b1+ILD1b2
4
-6.14316 0.2765
6.82716 0.2765
6.82716 0.37050000000000005
-6.14316 0.37050000000000005
4

FOXA+FOXB+TOX
4
-6.14316 0.001
6.82716 0.001
6.82716 0.2665
-6.14316 0.2665
4.0

ILD1a
4
-6.14316 0.2665
6.82716 0.2665
6.82716 0.2765
-6.14316 0.2765
7.0

IMD2a
4
-6.14316 0.4665
6.82716 0.4665
6.82716 0.4875
-6.14316 0.4875
5.2

IMD2b
4
-6.14316 0.4875
6.82716 0.4875
6.82716 0.5025
-6.14316 0.5025
4.2

IMD2c
4
-6.14316 0.5025
6.82716 0.5025
6.82716 0.5265
-6.14316 0.5265
3.28

IMD2d1+IMD2d2
4
-6.14316 0.5265
6.82716 0.5265
6.82716 0.6535
-6.14316 0.6535
2.65

IMD3a
4
-6.14316 0.6535
6.82716 0.6535
6.82716 0.6745
-6.14316 0.6745
5.2

IMD3b
4
-6.14316 0.6745
6.82716 0.6745
6.82716 0.6895
-6.14316 0.6895
4.2

IMD3c
4
-6.14316 0.6895
6.82716 0.6895
6.82716 0.7135
-6.14316 0.7135
3.28

IMD3d1+IMD3d2
4
-6.14316 0.7135
6.82716 0.7135
6.82716 0.8405
-6.14316 0.8405
2.65

IMD4a
4
-6.14316 0.8405
6.82716 0.8405
6.82716 0.8615
-6.14316 0.8615
5.2

IMD4b
4
-6.14316 0.8615
6.82716 0.8615
6.82716 0.8765
-6.14316 0.8765
4.2

IMD4c
4
-6.14316 0.8765
6.82716 0.8765
6.82716 0.9005
-6.14316 0.9005
3.28

IMD4d1+IMD4d2
4
-6.14316 0.9005
6.82716 0.9005
6.82716 1.0275
-6.14316 1.0275
2.65

IMD5a
4
-6.14316 1.0275
6.82716 1.0275
6.82716 1.0485
-6.14316 1.0485
5.2

IMD5b
4
-6.14316 1.0485
6.82716 1.0485
6.82716 1.0635
-6.14316 1.0635
4.2

IMD5c
4
-6.14316 1.0635
6.82716 1.0635
6.82716 1.0875
-6.14316 1.0875
3.28

IMD5d1+IMD5d2
4
-6.14316 1.0875
6.82716 1.0875
6.82716 1.2145
-6.14316 1.2145
2.65

IMD6a
4
-6.14316 1.2145
6.82716 1.2145
6.82716 1.2355
-6.14316 1.2355
5.2

IMD6b
4
-6.14316 1.2355
6.82716 1.2355
6.82716 1.2505
-6.14316 1.2505
4.2

IMD6c
4
-6.14316 1.2505
6.82716 1.2505
6.82716 1.2745
-6.14316 1.2745
3.28

IMD6d1+IMD6d2
4
-6.14316 1.2745
6.82716 1.2745
6.82716 1.4015
-6.14316 1.4015
2.65

IMD7a
4
-6.14316 1.4015
6.82716 1.4015
6.82716 1.4765
-6.14316 1.4765
5.2

IMD7b1+IMD7b2
4
-6.14316 1.4765
6.82716 1.4765
6.82716 2.9765
-6.14316 2.9765
4.2

IMD8a
4
-6.14316 2.9765
6.82716 2.9765
6.82716 3.0515
-6.14316 3.0515
5.2

IMD8b1+IMD8b2
4
-6.14316 3.0515
6.82716 3.0515
6.82716 4.5515
-6.14316 4.5515
4.2

PASS1
4
-6.14316 4.5515
6.82716 4.5515
6.82716 4.6265
-6.14316 4.6265
7.0

PASS2
4
-6.14316 4.6265
6.82716 4.6265
6.82716 5.0265
-6.14316 5.0265
4.2

PASS3
4
-6.14316 5.0265
6.82716 5.0265
6.82716 5.1015
-6.14316 5.1015
7.0

PASS4+PASS5
4
-6.14316 5.1015
6.82716 5.1015
6.82716 6.0515
-6.14316 6.0515
4.2

PASS6
4
-6.14316 6.0515
6.82716 6.0515
6.82716 6.6515
-6.14316 6.6515
7.0

air_Layer
4
-6.14316 6.6515
6.82716 6.6515
6.82716 6.9485
-6.14316 6.9485
1.0


4
-6.14316 0.001
6.82716 0.001
6.82716 6.9485
-6.14316 6.9485

