c1
4
-0.19501 1.1155
0.19501 1.1155
0.20099 1.2145
-0.20099 1.2145

3
botleft
4
-5.59998 -0.001
0 -0.001
0 0.001
-5.59998 0.001

botright
4
0 -0.001
7.04898 -0.001
7.04898 0.001
0 0.001

c2
4
0.3539899999999999 1.1155
1.1940099999999998 1.1155
1.19999 1.2145
0.34800999999999993 1.2145


47
IMD5d1_damage
4
-0.204424 1.1055
0.204424 1.1055
0.205028 1.1155
-0.205028 1.1155
3.1

IMD5d1_damage
4
0.34457599999999994 1.1055
1.2034239999999998 1.1055
1.2040279999999999 1.1155
0.34397199999999994 1.1155
3.1

IMD5d2_damage
4
-0.200019 1.1155
-0.19501 1.1155
-0.20099 1.2145
-0.20599900000000002 1.2145
2.9

IMD5d2_damage
4
0.19501 1.1155
0.200019 1.1155
0.20599900000000002 1.2145
0.20099 1.2145
2.9

IMD5d2_damage
4
0.34898099999999993 1.1155
0.3539899999999999 1.1155
0.34800999999999993 1.2145
0.34300099999999994 1.2145
2.9

IMD5d2_damage
4
1.1940099999999998 1.1155
1.1990189999999998 1.1155
1.204999 1.2145
1.19999 1.2145
2.9

IMD5d2
4
-5.59998 1.1155
-0.200019 1.1155
-0.20599900000000002 1.2145
-5.59998 1.2145
2.65

IMD5d2
4
0.200019 1.1155
0.34898099999999993 1.1155
0.34300099999999994 1.2145
0.20599900000000002 1.2145
2.65

IMD5d2
4
1.1990189999999998 1.1155
7.04898 1.1155
7.04898 1.2145
1.204999 1.2145
2.65

IMD5d1
4
-5.59998 1.1055
-0.204424 1.1055
-0.205028 1.1155
-5.59998 1.1155
2.65

IMD5d1
4
0.204424 1.1055
0.34457599999999994 1.1055
0.34397199999999994 1.1155
0.205028 1.1155
2.65

IMD5d1
4
1.2034239999999998 1.1055
7.04898 1.1055
7.04898 1.1155
1.2040279999999999 1.1155
2.65

IMD5d1
4
-5.59998 1.0875
7.04898 1.0875
7.04898 1.1055
-5.59998 1.1055
2.65

FOXA+FOXB+TOX
4
-5.59998 0.001
7.04898 0.001
7.04898 0.2665
-5.59998 0.2665
4.0

ILD1a
4
-5.59998 0.2665
7.04898 0.2665
7.04898 0.2765
-5.59998 0.2765
7.0

ILD1b1+ILD1b2+ILD1b3
4
-5.59998 0.2765
7.04898 0.2765
7.04898 0.3955
-5.59998 0.3955
4.0

IMD1a
4
-5.59998 0.3955
7.04898 0.3955
7.04898 0.4065
-5.59998 0.4065
5.2

IMD1b
4
-5.59998 0.4065
7.04898 0.4065
7.04898 0.4665
-5.59998 0.4665
2.8

IMD2a
4
-5.59998 0.4665
7.04898 0.4665
7.04898 0.4875
-5.59998 0.4875
5.2

IMD2b
4
-5.59998 0.4875
7.04898 0.4875
7.04898 0.5025
-5.59998 0.5025
4.2

IMD2c
4
-5.59998 0.5025
7.04898 0.5025
7.04898 0.5265
-5.59998 0.5265
3.28

IMD2d1+IMD2d2
4
-5.59998 0.5265
7.04898 0.5265
7.04898 0.6535
-5.59998 0.6535
2.65

IMD3a
4
-5.59998 0.6535
7.04898 0.6535
7.04898 0.6745
-5.59998 0.6745
5.2

IMD3b
4
-5.59998 0.6745
7.04898 0.6745
7.04898 0.6895
-5.59998 0.6895
4.2

IMD3c
4
-5.59998 0.6895
7.04898 0.6895
7.04898 0.7135
-5.59998 0.7135
3.28

IMD3d1+IMD3d2
4
-5.59998 0.7135
7.04898 0.7135
7.04898 0.8405
-5.59998 0.8405
2.65

IMD4a
4
-5.59998 0.8405
7.04898 0.8405
7.04898 0.8615
-5.59998 0.8615
5.2

IMD4b
4
-5.59998 0.8615
7.04898 0.8615
7.04898 0.8765
-5.59998 0.8765
4.2

IMD4c
4
-5.59998 0.8765
7.04898 0.8765
7.04898 0.9005
-5.59998 0.9005
3.28

IMD4d1+IMD4d2
4
-5.59998 0.9005
7.04898 0.9005
7.04898 1.0275
-5.59998 1.0275
2.65

IMD5a
4
-5.59998 1.0275
7.04898 1.0275
7.04898 1.0485
-5.59998 1.0485
5.2

IMD5b
4
-5.59998 1.0485
7.04898 1.0485
7.04898 1.0635
-5.59998 1.0635
4.2

IMD5c
4
-5.59998 1.0635
7.04898 1.0635
7.04898 1.0875
-5.59998 1.0875
3.28

IMD6a
4
-5.59998 1.2145
7.04898 1.2145
7.04898 1.2355
-5.59998 1.2355
5.2

IMD6b
4
-5.59998 1.2355
7.04898 1.2355
7.04898 1.2505
-5.59998 1.2505
4.2

IMD6c
4
-5.59998 1.2505
7.04898 1.2505
7.04898 1.2745
-5.59998 1.2745
3.28

IMD6d1+IMD6d2
4
-5.59998 1.2745
7.04898 1.2745
7.04898 1.4015
-5.59998 1.4015
2.65

IMD7a
4
-5.59998 1.4015
7.04898 1.4015
7.04898 1.4765
-5.59998 1.4765
5.2

IMD7b1+IMD7b2
4
-5.59998 1.4765
7.04898 1.4765
7.04898 2.9765
-5.59998 2.9765
4.2

IMD8a
4
-5.59998 2.9765
7.04898 2.9765
7.04898 3.0515
-5.59998 3.0515
5.2

IMD8b1+IMD8b2
4
-5.59998 3.0515
7.04898 3.0515
7.04898 4.5515
-5.59998 4.5515
4.2

PASS1
4
-5.59998 4.5515
7.04898 4.5515
7.04898 4.6265
-5.59998 4.6265
7.0

PASS2
4
-5.59998 4.6265
7.04898 4.6265
7.04898 5.0265
-5.59998 5.0265
4.2

PASS3
4
-5.59998 5.0265
7.04898 5.0265
7.04898 5.1015
-5.59998 5.1015
7.0

PASS4+PASS5
4
-5.59998 5.1015
7.04898 5.1015
7.04898 6.0515
-5.59998 6.0515
4.2

PASS6
4
-5.59998 6.0515
7.04898 6.0515
7.04898 6.6515
-5.59998 6.6515
7.0

air_Layer
4
-5.59998 6.6515
7.04898 6.6515
7.04898 6.9485
-5.59998 6.9485
1.0


4
-5.59998 0.001
7.04898 0.001
7.04898 6.9485
-5.59998 6.9485

