c1
4
-0.46501 1.1155
0.46501 1.1155
0.47098999999999996 1.2145
-0.47098999999999996 1.2145

3
botleft
4
-6.40998 -0.001
0 -0.001
0 0.001
-6.40998 0.001

botright
4
0 -0.001
6.688980000000001 -0.001
6.688980000000001 0.001
0 0.001

c2
4
1.25399 1.1155
1.4640099999999998 1.1155
1.46999 1.2145
1.2480099999999998 1.2145


47
IMD5d1_damage
4
-0.47442399999999996 1.1055
0.47442399999999996 1.1055
0.47502799999999995 1.1155
-0.47502799999999995 1.1155
3.1

IMD5d1_damage
4
1.244576 1.1055
1.4734239999999998 1.1055
1.474028 1.1155
1.2439719999999999 1.1155
3.1

IMD5d2_damage
4
-0.47001899999999996 1.1155
-0.46501 1.1155
-0.47098999999999996 1.2145
-0.47599899999999995 1.2145
2.9

IMD5d2_damage
4
0.46501 1.1155
0.47001899999999996 1.1155
0.47599899999999995 1.2145
0.47098999999999996 1.2145
2.9

IMD5d2_damage
4
1.248981 1.1155
1.25399 1.1155
1.2480099999999998 1.2145
1.2430009999999998 1.2145
2.9

IMD5d2_damage
4
1.4640099999999998 1.1155
1.4690189999999999 1.1155
1.474999 1.2145
1.46999 1.2145
2.9

IMD5d2
4
-6.40998 1.1155
-0.47001899999999996 1.1155
-0.47599899999999995 1.2145
-6.40998 1.2145
2.65

IMD5d2
4
0.47001899999999996 1.1155
1.248981 1.1155
1.2430009999999998 1.2145
0.47599899999999995 1.2145
2.65

IMD5d2
4
1.4690189999999999 1.1155
6.688980000000001 1.1155
6.688980000000001 1.2145
1.474999 1.2145
2.65

IMD5d1
4
-6.40998 1.1055
-0.47442399999999996 1.1055
-0.47502799999999995 1.1155
-6.40998 1.1155
2.65

IMD5d1
4
0.47442399999999996 1.1055
1.244576 1.1055
1.2439719999999999 1.1155
0.47502799999999995 1.1155
2.65

IMD5d1
4
1.4734239999999998 1.1055
6.688980000000001 1.1055
6.688980000000001 1.1155
1.474028 1.1155
2.65

IMD5d1
4
-6.40998 1.0875
6.688980000000001 1.0875
6.688980000000001 1.1055
-6.40998 1.1055
2.65

FOXA+FOXB+TOX
4
-6.40998 0.001
6.688980000000001 0.001
6.688980000000001 0.2665
-6.40998 0.2665
4.0

ILD1a
4
-6.40998 0.2665
6.688980000000001 0.2665
6.688980000000001 0.2765
-6.40998 0.2765
7.0

ILD1b1+ILD1b2+ILD1b3
4
-6.40998 0.2765
6.688980000000001 0.2765
6.688980000000001 0.3955
-6.40998 0.3955
4.0

IMD1a
4
-6.40998 0.3955
6.688980000000001 0.3955
6.688980000000001 0.4065
-6.40998 0.4065
5.2

IMD1b
4
-6.40998 0.4065
6.688980000000001 0.4065
6.688980000000001 0.4665
-6.40998 0.4665
2.8

IMD2a
4
-6.40998 0.4665
6.688980000000001 0.4665
6.688980000000001 0.4875
-6.40998 0.4875
5.2

IMD2b
4
-6.40998 0.4875
6.688980000000001 0.4875
6.688980000000001 0.5025
-6.40998 0.5025
4.2

IMD2c
4
-6.40998 0.5025
6.688980000000001 0.5025
6.688980000000001 0.5265
-6.40998 0.5265
3.28

IMD2d1+IMD2d2
4
-6.40998 0.5265
6.688980000000001 0.5265
6.688980000000001 0.6535
-6.40998 0.6535
2.65

IMD3a
4
-6.40998 0.6535
6.688980000000001 0.6535
6.688980000000001 0.6745
-6.40998 0.6745
5.2

IMD3b
4
-6.40998 0.6745
6.688980000000001 0.6745
6.688980000000001 0.6895
-6.40998 0.6895
4.2

IMD3c
4
-6.40998 0.6895
6.688980000000001 0.6895
6.688980000000001 0.7135
-6.40998 0.7135
3.28

IMD3d1+IMD3d2
4
-6.40998 0.7135
6.688980000000001 0.7135
6.688980000000001 0.8405
-6.40998 0.8405
2.65

IMD4a
4
-6.40998 0.8405
6.688980000000001 0.8405
6.688980000000001 0.8615
-6.40998 0.8615
5.2

IMD4b
4
-6.40998 0.8615
6.688980000000001 0.8615
6.688980000000001 0.8765
-6.40998 0.8765
4.2

IMD4c
4
-6.40998 0.8765
6.688980000000001 0.8765
6.688980000000001 0.9005
-6.40998 0.9005
3.28

IMD4d1+IMD4d2
4
-6.40998 0.9005
6.688980000000001 0.9005
6.688980000000001 1.0275
-6.40998 1.0275
2.65

IMD5a
4
-6.40998 1.0275
6.688980000000001 1.0275
6.688980000000001 1.0485
-6.40998 1.0485
5.2

IMD5b
4
-6.40998 1.0485
6.688980000000001 1.0485
6.688980000000001 1.0635
-6.40998 1.0635
4.2

IMD5c
4
-6.40998 1.0635
6.688980000000001 1.0635
6.688980000000001 1.0875
-6.40998 1.0875
3.28

IMD6a
4
-6.40998 1.2145
6.688980000000001 1.2145
6.688980000000001 1.2355
-6.40998 1.2355
5.2

IMD6b
4
-6.40998 1.2355
6.688980000000001 1.2355
6.688980000000001 1.2505
-6.40998 1.2505
4.2

IMD6c
4
-6.40998 1.2505
6.688980000000001 1.2505
6.688980000000001 1.2745
-6.40998 1.2745
3.28

IMD6d1+IMD6d2
4
-6.40998 1.2745
6.688980000000001 1.2745
6.688980000000001 1.4015
-6.40998 1.4015
2.65

IMD7a
4
-6.40998 1.4015
6.688980000000001 1.4015
6.688980000000001 1.4765
-6.40998 1.4765
5.2

IMD7b1+IMD7b2
4
-6.40998 1.4765
6.688980000000001 1.4765
6.688980000000001 2.9765
-6.40998 2.9765
4.2

IMD8a
4
-6.40998 2.9765
6.688980000000001 2.9765
6.688980000000001 3.0515
-6.40998 3.0515
5.2

IMD8b1+IMD8b2
4
-6.40998 3.0515
6.688980000000001 3.0515
6.688980000000001 4.5515
-6.40998 4.5515
4.2

PASS1
4
-6.40998 4.5515
6.688980000000001 4.5515
6.688980000000001 4.6265
-6.40998 4.6265
7.0

PASS2
4
-6.40998 4.6265
6.688980000000001 4.6265
6.688980000000001 5.0265
-6.40998 5.0265
4.2

PASS3
4
-6.40998 5.0265
6.688980000000001 5.0265
6.688980000000001 5.1015
-6.40998 5.1015
7.0

PASS4+PASS5
4
-6.40998 5.1015
6.688980000000001 5.1015
6.688980000000001 6.0515
-6.40998 6.0515
4.2

PASS6
4
-6.40998 6.0515
6.688980000000001 6.0515
6.688980000000001 6.6515
-6.40998 6.6515
7.0

air_Layer
4
-6.40998 6.6515
6.688980000000001 6.6515
6.688980000000001 6.9485
-6.40998 6.9485
1.0


4
-6.40998 0.001
6.688980000000001 0.001
6.688980000000001 6.9485
-6.40998 6.9485

