c1
4
-0.06001000000000001 1.3025
0.06001000000000001 1.3025
0.06599000000000001 1.4015
-0.06599000000000001 1.4015

3
botleft
4
-5.19498 -0.001
0 -0.001
0 0.001
-5.19498 0.001

botright
4
0 -0.001
6.86898 -0.001
6.86898 0.001
0 0.001

c2
4
0.53399 1.3025
1.1940099999999998 1.3025
1.19999 1.4015
0.52801 1.4015


47
IMD6d1_damage
4
-0.06942400000000001 1.2925
0.06942400000000001 1.2925
0.070028 1.3025
-0.070028 1.3025
3.1

IMD6d1_damage
4
0.524576 1.2925
1.2034239999999998 1.2925
1.2040279999999999 1.3025
0.523972 1.3025
3.1

IMD6d2_damage
4
-0.06501900000000001 1.3025
-0.06001000000000001 1.3025
-0.06599000000000001 1.4015
-0.070999 1.4015
2.9

IMD6d2_damage
4
0.06001000000000001 1.3025
0.06501900000000001 1.3025
0.070999 1.4015
0.06599000000000001 1.4015
2.9

IMD6d2_damage
4
0.5289809999999999 1.3025
0.53399 1.3025
0.52801 1.4015
0.5230009999999999 1.4015
2.9

IMD6d2_damage
4
1.1940099999999998 1.3025
1.1990189999999998 1.3025
1.204999 1.4015
1.19999 1.4015
2.9

IMD6d2
4
-5.19498 1.3025
-0.06501900000000001 1.3025
-0.070999 1.4015
-5.19498 1.4015
2.65

IMD6d2
4
0.06501900000000001 1.3025
0.5289809999999999 1.3025
0.5230009999999999 1.4015
0.070999 1.4015
2.65

IMD6d2
4
1.1990189999999998 1.3025
6.86898 1.3025
6.86898 1.4015
1.204999 1.4015
2.65

IMD6d1
4
-5.19498 1.2925
-0.06942400000000001 1.2925
-0.070028 1.3025
-5.19498 1.3025
2.65

IMD6d1
4
0.06942400000000001 1.2925
0.524576 1.2925
0.523972 1.3025
0.070028 1.3025
2.65

IMD6d1
4
1.2034239999999998 1.2925
6.86898 1.2925
6.86898 1.3025
1.2040279999999999 1.3025
2.65

IMD6d1
4
-5.19498 1.2745
6.86898 1.2745
6.86898 1.2925
-5.19498 1.2925
2.65

FOXA+FOXB+TOX
4
-5.19498 0.001
6.86898 0.001
6.86898 0.2665
-5.19498 0.2665
4.0

ILD1a
4
-5.19498 0.2665
6.86898 0.2665
6.86898 0.2765
-5.19498 0.2765
7.0

ILD1b1+ILD1b2+ILD1b3
4
-5.19498 0.2765
6.86898 0.2765
6.86898 0.3955
-5.19498 0.3955
4.0

IMD1a
4
-5.19498 0.3955
6.86898 0.3955
6.86898 0.4065
-5.19498 0.4065
5.2

IMD1b
4
-5.19498 0.4065
6.86898 0.4065
6.86898 0.4665
-5.19498 0.4665
2.8

IMD2a
4
-5.19498 0.4665
6.86898 0.4665
6.86898 0.4875
-5.19498 0.4875
5.2

IMD2b
4
-5.19498 0.4875
6.86898 0.4875
6.86898 0.5025
-5.19498 0.5025
4.2

IMD2c
4
-5.19498 0.5025
6.86898 0.5025
6.86898 0.5265
-5.19498 0.5265
3.28

IMD2d1+IMD2d2
4
-5.19498 0.5265
6.86898 0.5265
6.86898 0.6535
-5.19498 0.6535
2.65

IMD3a
4
-5.19498 0.6535
6.86898 0.6535
6.86898 0.6745
-5.19498 0.6745
5.2

IMD3b
4
-5.19498 0.6745
6.86898 0.6745
6.86898 0.6895
-5.19498 0.6895
4.2

IMD3c
4
-5.19498 0.6895
6.86898 0.6895
6.86898 0.7135
-5.19498 0.7135
3.28

IMD3d1+IMD3d2
4
-5.19498 0.7135
6.86898 0.7135
6.86898 0.8405
-5.19498 0.8405
2.65

IMD4a
4
-5.19498 0.8405
6.86898 0.8405
6.86898 0.8615
-5.19498 0.8615
5.2

IMD4b
4
-5.19498 0.8615
6.86898 0.8615
6.86898 0.8765
-5.19498 0.8765
4.2

IMD4c
4
-5.19498 0.8765
6.86898 0.8765
6.86898 0.9005
-5.19498 0.9005
3.28

IMD4d1+IMD4d2
4
-5.19498 0.9005
6.86898 0.9005
6.86898 1.0275
-5.19498 1.0275
2.65

IMD5a
4
-5.19498 1.0275
6.86898 1.0275
6.86898 1.0485
-5.19498 1.0485
5.2

IMD5b
4
-5.19498 1.0485
6.86898 1.0485
6.86898 1.0635
-5.19498 1.0635
4.2

IMD5c
4
-5.19498 1.0635
6.86898 1.0635
6.86898 1.0875
-5.19498 1.0875
3.28

IMD5d1+IMD5d2
4
-5.19498 1.0875
6.86898 1.0875
6.86898 1.2145
-5.19498 1.2145
2.65

IMD6a
4
-5.19498 1.2145
6.86898 1.2145
6.86898 1.2355
-5.19498 1.2355
5.2

IMD6b
4
-5.19498 1.2355
6.86898 1.2355
6.86898 1.2505
-5.19498 1.2505
4.2

IMD6c
4
-5.19498 1.2505
6.86898 1.2505
6.86898 1.2745
-5.19498 1.2745
3.28

IMD7a
4
-5.19498 1.4015
6.86898 1.4015
6.86898 1.4765
-5.19498 1.4765
5.2

IMD7b1+IMD7b2
4
-5.19498 1.4765
6.86898 1.4765
6.86898 2.9765
-5.19498 2.9765
4.2

IMD8a
4
-5.19498 2.9765
6.86898 2.9765
6.86898 3.0515
-5.19498 3.0515
5.2

IMD8b1+IMD8b2
4
-5.19498 3.0515
6.86898 3.0515
6.86898 4.5515
-5.19498 4.5515
4.2

PASS1
4
-5.19498 4.5515
6.86898 4.5515
6.86898 4.6265
-5.19498 4.6265
7.0

PASS2
4
-5.19498 4.6265
6.86898 4.6265
6.86898 5.0265
-5.19498 5.0265
4.2

PASS3
4
-5.19498 5.0265
6.86898 5.0265
6.86898 5.1015
-5.19498 5.1015
7.0

PASS4+PASS5
4
-5.19498 5.1015
6.86898 5.1015
6.86898 6.0515
-5.19498 6.0515
4.2

PASS6
4
-5.19498 6.0515
6.86898 6.0515
6.86898 6.6515
-5.19498 6.6515
7.0

air_Layer
4
-5.19498 6.6515
6.86898 6.6515
6.86898 6.9485
-5.19498 6.9485
1.0


4
-5.19498 0.001
6.86898 0.001
6.86898 6.9485
-5.19498 6.9485

