c1
4
-0.15000999999999998 0.5545
0.15000999999999998 0.5545
0.15599 0.6535
-0.15599 0.6535

3
botleft
4
-5.464980000000001 -0.001
0 -0.001
0 0.001
-5.464980000000001 0.001

botright
4
0 -0.001
5.33898 -0.001
5.33898 0.001
0 0.001

c2
4
0.26398999999999995 0.5545
0.29401 0.5545
0.29999 0.6535
0.25800999999999996 0.6535


47
IMD2d1_damage
4
-0.159424 0.5445
0.159424 0.5445
0.160028 0.5545
-0.160028 0.5545
3.1

IMD2d1_damage
4
0.25457599999999997 0.5445
0.30342399999999997 0.5445
0.30402799999999996 0.5545
0.253972 0.5545
3.1

IMD2d2_damage
4
-0.155019 0.5545
-0.15000999999999998 0.5545
-0.15599 0.6535
-0.160999 0.6535
2.9

IMD2d2_damage
4
0.15000999999999998 0.5545
0.155019 0.5545
0.160999 0.6535
0.15599 0.6535
2.9

IMD2d2_damage
4
0.25898099999999996 0.5545
0.26398999999999995 0.5545
0.25800999999999996 0.6535
0.253001 0.6535
2.9

IMD2d2_damage
4
0.29401 0.5545
0.299019 0.5545
0.30499899999999996 0.6535
0.29999 0.6535
2.9

IMD2d2
4
-5.464980000000001 0.5545
-0.155019 0.5545
-0.160999 0.6535
-5.464980000000001 0.6535
2.65

IMD2d2
4
0.155019 0.5545
0.25898099999999996 0.5545
0.253001 0.6535
0.160999 0.6535
2.65

IMD2d2
4
0.299019 0.5545
5.33898 0.5545
5.33898 0.6535
0.30499899999999996 0.6535
2.65

IMD2d1
4
-5.464980000000001 0.5445
-0.159424 0.5445
-0.160028 0.5545
-5.464980000000001 0.5545
2.65

IMD2d1
4
0.159424 0.5445
0.25457599999999997 0.5445
0.253972 0.5545
0.160028 0.5545
2.65

IMD2d1
4
0.30342399999999997 0.5445
5.33898 0.5445
5.33898 0.5545
0.30402799999999996 0.5545
2.65

IMD2d1
4
-5.464980000000001 0.5265
5.33898 0.5265
5.33898 0.5445
-5.464980000000001 0.5445
2.65

FOXA+FOXB+TOX
4
-5.464980000000001 0.001
5.33898 0.001
5.33898 0.2665
-5.464980000000001 0.2665
4.0

ILD1a
4
-5.464980000000001 0.2665
5.33898 0.2665
5.33898 0.2765
-5.464980000000001 0.2765
7.0

ILD1b1+ILD1b2+ILD1b3
4
-5.464980000000001 0.2765
5.33898 0.2765
5.33898 0.3955
-5.464980000000001 0.3955
4.0

IMD1a
4
-5.464980000000001 0.3955
5.33898 0.3955
5.33898 0.4065
-5.464980000000001 0.4065
5.2

IMD1b
4
-5.464980000000001 0.4065
5.33898 0.4065
5.33898 0.4665
-5.464980000000001 0.4665
2.8

IMD2a
4
-5.464980000000001 0.4665
5.33898 0.4665
5.33898 0.4875
-5.464980000000001 0.4875
5.2

IMD2b
4
-5.464980000000001 0.4875
5.33898 0.4875
5.33898 0.5025
-5.464980000000001 0.5025
4.2

IMD2c
4
-5.464980000000001 0.5025
5.33898 0.5025
5.33898 0.5265
-5.464980000000001 0.5265
3.28

IMD3a
4
-5.464980000000001 0.6535
5.33898 0.6535
5.33898 0.6745
-5.464980000000001 0.6745
5.2

IMD3b
4
-5.464980000000001 0.6745
5.33898 0.6745
5.33898 0.6895
-5.464980000000001 0.6895
4.2

IMD3c
4
-5.464980000000001 0.6895
5.33898 0.6895
5.33898 0.7135
-5.464980000000001 0.7135
3.28

IMD3d1+IMD3d2
4
-5.464980000000001 0.7135
5.33898 0.7135
5.33898 0.8405
-5.464980000000001 0.8405
2.65

IMD4a
4
-5.464980000000001 0.8405
5.33898 0.8405
5.33898 0.8615
-5.464980000000001 0.8615
5.2

IMD4b
4
-5.464980000000001 0.8615
5.33898 0.8615
5.33898 0.8765
-5.464980000000001 0.8765
4.2

IMD4c
4
-5.464980000000001 0.8765
5.33898 0.8765
5.33898 0.9005
-5.464980000000001 0.9005
3.28

IMD4d1+IMD4d2
4
-5.464980000000001 0.9005
5.33898 0.9005
5.33898 1.0275
-5.464980000000001 1.0275
2.65

IMD5a
4
-5.464980000000001 1.0275
5.33898 1.0275
5.33898 1.0485
-5.464980000000001 1.0485
5.2

IMD5b
4
-5.464980000000001 1.0485
5.33898 1.0485
5.33898 1.0635
-5.464980000000001 1.0635
4.2

IMD5c
4
-5.464980000000001 1.0635
5.33898 1.0635
5.33898 1.0875
-5.464980000000001 1.0875
3.28

IMD5d1+IMD5d2
4
-5.464980000000001 1.0875
5.33898 1.0875
5.33898 1.2145
-5.464980000000001 1.2145
2.65

IMD6a
4
-5.464980000000001 1.2145
5.33898 1.2145
5.33898 1.2355
-5.464980000000001 1.2355
5.2

IMD6b
4
-5.464980000000001 1.2355
5.33898 1.2355
5.33898 1.2505
-5.464980000000001 1.2505
4.2

IMD6c
4
-5.464980000000001 1.2505
5.33898 1.2505
5.33898 1.2745
-5.464980000000001 1.2745
3.28

IMD6d1+IMD6d2
4
-5.464980000000001 1.2745
5.33898 1.2745
5.33898 1.4015
-5.464980000000001 1.4015
2.65

IMD7a
4
-5.464980000000001 1.4015
5.33898 1.4015
5.33898 1.4765
-5.464980000000001 1.4765
5.2

IMD7b1+IMD7b2
4
-5.464980000000001 1.4765
5.33898 1.4765
5.33898 2.9765
-5.464980000000001 2.9765
4.2

IMD8a
4
-5.464980000000001 2.9765
5.33898 2.9765
5.33898 3.0515
-5.464980000000001 3.0515
5.2

IMD8b1+IMD8b2
4
-5.464980000000001 3.0515
5.33898 3.0515
5.33898 4.5515
-5.464980000000001 4.5515
4.2

PASS1
4
-5.464980000000001 4.5515
5.33898 4.5515
5.33898 4.6265
-5.464980000000001 4.6265
7.0

PASS2
4
-5.464980000000001 4.6265
5.33898 4.6265
5.33898 5.0265
-5.464980000000001 5.0265
4.2

PASS3
4
-5.464980000000001 5.0265
5.33898 5.0265
5.33898 5.1015
-5.464980000000001 5.1015
7.0

PASS4+PASS5
4
-5.464980000000001 5.1015
5.33898 5.1015
5.33898 6.0515
-5.464980000000001 6.0515
4.2

PASS6
4
-5.464980000000001 6.0515
5.33898 6.0515
5.33898 6.6515
-5.464980000000001 6.6515
7.0

air_Layer
4
-5.464980000000001 6.6515
5.33898 6.6515
5.33898 6.9485
-5.464980000000001 6.9485
1.0


4
-5.464980000000001 0.001
5.33898 0.001
5.33898 6.9485
-5.464980000000001 6.9485

