c1
4
-0.10342 0.37050000000000005
0.10342 0.37050000000000005
0.11258 0.4665
-0.11258 0.4665

3
botleft
4
-5.33316 -0.001
0 -0.001
0 0.001
-5.33316 0.001

botright
4
0 -0.001
7.2321599999999995 -0.001
7.2321599999999995 0.001
0 0.001

c2
4
0.71558 0.37050000000000005
1.46242 0.37050000000000005
1.47158 0.4665
0.70642 0.4665


42
IMD1b
4
-5.33316 0.40650000000000003
-0.106855 0.40650000000000003
-0.11258 0.4665
-5.33316 0.4665
2.8

IMD1b
4
0.106855 0.40650000000000003
0.712145 0.40650000000000003
0.70642 0.4665
0.11258 0.4665
2.8

IMD1b
4
1.4658550000000001 0.40650000000000003
7.2321599999999995 0.40650000000000003
7.2321599999999995 0.4665
1.47158 0.4665
2.8

IMD1a
4
-5.33316 0.3955
-0.10580541666666667 0.3955
-0.106855 0.40650000000000003
-5.33316 0.40650000000000003
5.2

IMD1a
4
0.10580541666666667 0.3955
0.7131945833333334 0.3955
0.712145 0.40650000000000003
0.106855 0.40650000000000003
5.2

IMD1a
4
1.4648054166666669 0.3955
7.2321599999999995 0.3955
7.2321599999999995 0.40650000000000003
1.4658550000000001 0.40650000000000003
5.2

ILD1b3
4
-5.33316 0.37050000000000005
-0.10342 0.37050000000000005
-0.10580541666666667 0.3955
-5.33316 0.3955
4

ILD1b3
4
0.10342 0.37050000000000005
0.71558 0.37050000000000005
0.7131945833333334 0.3955
0.10580541666666667 0.3955
4

ILD1b3
4
1.46242 0.37050000000000005
7.2321599999999995 0.37050000000000005
7.2321599999999995 0.3955
1.4648054166666669 0.3955
4

ILD1b1+ILD1b2
4
-5.33316 0.2765
7.2321599999999995 0.2765
7.2321599999999995 0.37050000000000005
-5.33316 0.37050000000000005
4

FOXA+FOXB+TOX
4
-5.33316 0.001
7.2321599999999995 0.001
7.2321599999999995 0.2665
-5.33316 0.2665
4.0

ILD1a
4
-5.33316 0.2665
7.2321599999999995 0.2665
7.2321599999999995 0.2765
-5.33316 0.2765
7.0

IMD2a
4
-5.33316 0.4665
7.2321599999999995 0.4665
7.2321599999999995 0.4875
-5.33316 0.4875
5.2

IMD2b
4
-5.33316 0.4875
7.2321599999999995 0.4875
7.2321599999999995 0.5025
-5.33316 0.5025
4.2

IMD2c
4
-5.33316 0.5025
7.2321599999999995 0.5025
7.2321599999999995 0.5265
-5.33316 0.5265
3.28

IMD2d1+IMD2d2
4
-5.33316 0.5265
7.2321599999999995 0.5265
7.2321599999999995 0.6535
-5.33316 0.6535
2.65

IMD3a
4
-5.33316 0.6535
7.2321599999999995 0.6535
7.2321599999999995 0.6745
-5.33316 0.6745
5.2

IMD3b
4
-5.33316 0.6745
7.2321599999999995 0.6745
7.2321599999999995 0.6895
-5.33316 0.6895
4.2

IMD3c
4
-5.33316 0.6895
7.2321599999999995 0.6895
7.2321599999999995 0.7135
-5.33316 0.7135
3.28

IMD3d1+IMD3d2
4
-5.33316 0.7135
7.2321599999999995 0.7135
7.2321599999999995 0.8405
-5.33316 0.8405
2.65

IMD4a
4
-5.33316 0.8405
7.2321599999999995 0.8405
7.2321599999999995 0.8615
-5.33316 0.8615
5.2

IMD4b
4
-5.33316 0.8615
7.2321599999999995 0.8615
7.2321599999999995 0.8765
-5.33316 0.8765
4.2

IMD4c
4
-5.33316 0.8765
7.2321599999999995 0.8765
7.2321599999999995 0.9005
-5.33316 0.9005
3.28

IMD4d1+IMD4d2
4
-5.33316 0.9005
7.2321599999999995 0.9005
7.2321599999999995 1.0275
-5.33316 1.0275
2.65

IMD5a
4
-5.33316 1.0275
7.2321599999999995 1.0275
7.2321599999999995 1.0485
-5.33316 1.0485
5.2

IMD5b
4
-5.33316 1.0485
7.2321599999999995 1.0485
7.2321599999999995 1.0635
-5.33316 1.0635
4.2

IMD5c
4
-5.33316 1.0635
7.2321599999999995 1.0635
7.2321599999999995 1.0875
-5.33316 1.0875
3.28

IMD5d1+IMD5d2
4
-5.33316 1.0875
7.2321599999999995 1.0875
7.2321599999999995 1.2145
-5.33316 1.2145
2.65

IMD6a
4
-5.33316 1.2145
7.2321599999999995 1.2145
7.2321599999999995 1.2355
-5.33316 1.2355
5.2

IMD6b
4
-5.33316 1.2355
7.2321599999999995 1.2355
7.2321599999999995 1.2505
-5.33316 1.2505
4.2

IMD6c
4
-5.33316 1.2505
7.2321599999999995 1.2505
7.2321599999999995 1.2745
-5.33316 1.2745
3.28

IMD6d1+IMD6d2
4
-5.33316 1.2745
7.2321599999999995 1.2745
7.2321599999999995 1.4015
-5.33316 1.4015
2.65

IMD7a
4
-5.33316 1.4015
7.2321599999999995 1.4015
7.2321599999999995 1.4765
-5.33316 1.4765
5.2

IMD7b1+IMD7b2
4
-5.33316 1.4765
7.2321599999999995 1.4765
7.2321599999999995 2.9765
-5.33316 2.9765
4.2

IMD8a
4
-5.33316 2.9765
7.2321599999999995 2.9765
7.2321599999999995 3.0515
-5.33316 3.0515
5.2

IMD8b1+IMD8b2
4
-5.33316 3.0515
7.2321599999999995 3.0515
7.2321599999999995 4.5515
-5.33316 4.5515
4.2

PASS1
4
-5.33316 4.5515
7.2321599999999995 4.5515
7.2321599999999995 4.6265
-5.33316 4.6265
7.0

PASS2
4
-5.33316 4.6265
7.2321599999999995 4.6265
7.2321599999999995 5.0265
-5.33316 5.0265
4.2

PASS3
4
-5.33316 5.0265
7.2321599999999995 5.0265
7.2321599999999995 5.1015
-5.33316 5.1015
7.0

PASS4+PASS5
4
-5.33316 5.1015
7.2321599999999995 5.1015
7.2321599999999995 6.0515
-5.33316 6.0515
4.2

PASS6
4
-5.33316 6.0515
7.2321599999999995 6.0515
7.2321599999999995 6.6515
-5.33316 6.6515
7.0

air_Layer
4
-5.33316 6.6515
7.2321599999999995 6.6515
7.2321599999999995 6.9485
-5.33316 6.9485
1.0


4
-5.33316 0.001
7.2321599999999995 0.001
7.2321599999999995 6.9485
-5.33316 6.9485

