c1
4
-0.33001 1.1155
0.33001 1.1155
0.33599 1.2145
-0.33599 1.2145

3
botleft
4
-6.00498 -0.001
0 -0.001
0 0.001
-6.00498 0.001

botright
4
0 -0.001
7.228980000000001 -0.001
7.228980000000001 0.001
0 0.001

c2
4
0.53399 1.1155
1.37401 1.1155
1.37999 1.2145
0.52801 1.2145


47
IMD5d1_damage
4
-0.339424 1.1055
0.339424 1.1055
0.340028 1.1155
-0.340028 1.1155
3.1

IMD5d1_damage
4
0.524576 1.1055
1.383424 1.1055
1.384028 1.1155
0.523972 1.1155
3.1

IMD5d2_damage
4
-0.335019 1.1155
-0.33001 1.1155
-0.33599 1.2145
-0.340999 1.2145
2.9

IMD5d2_damage
4
0.33001 1.1155
0.335019 1.1155
0.340999 1.2145
0.33599 1.2145
2.9

IMD5d2_damage
4
0.5289809999999999 1.1155
0.53399 1.1155
0.52801 1.2145
0.5230009999999999 1.2145
2.9

IMD5d2_damage
4
1.37401 1.1155
1.379019 1.1155
1.384999 1.2145
1.37999 1.2145
2.9

IMD5d2
4
-6.00498 1.1155
-0.335019 1.1155
-0.340999 1.2145
-6.00498 1.2145
2.65

IMD5d2
4
0.335019 1.1155
0.5289809999999999 1.1155
0.5230009999999999 1.2145
0.340999 1.2145
2.65

IMD5d2
4
1.379019 1.1155
7.228980000000001 1.1155
7.228980000000001 1.2145
1.384999 1.2145
2.65

IMD5d1
4
-6.00498 1.1055
-0.339424 1.1055
-0.340028 1.1155
-6.00498 1.1155
2.65

IMD5d1
4
0.339424 1.1055
0.524576 1.1055
0.523972 1.1155
0.340028 1.1155
2.65

IMD5d1
4
1.383424 1.1055
7.228980000000001 1.1055
7.228980000000001 1.1155
1.384028 1.1155
2.65

IMD5d1
4
-6.00498 1.0875
7.228980000000001 1.0875
7.228980000000001 1.1055
-6.00498 1.1055
2.65

FOXA+FOXB+TOX
4
-6.00498 0.001
7.228980000000001 0.001
7.228980000000001 0.2665
-6.00498 0.2665
4.0

ILD1a
4
-6.00498 0.2665
7.228980000000001 0.2665
7.228980000000001 0.2765
-6.00498 0.2765
7.0

ILD1b1+ILD1b2+ILD1b3
4
-6.00498 0.2765
7.228980000000001 0.2765
7.228980000000001 0.3955
-6.00498 0.3955
4.0

IMD1a
4
-6.00498 0.3955
7.228980000000001 0.3955
7.228980000000001 0.4065
-6.00498 0.4065
5.2

IMD1b
4
-6.00498 0.4065
7.228980000000001 0.4065
7.228980000000001 0.4665
-6.00498 0.4665
2.8

IMD2a
4
-6.00498 0.4665
7.228980000000001 0.4665
7.228980000000001 0.4875
-6.00498 0.4875
5.2

IMD2b
4
-6.00498 0.4875
7.228980000000001 0.4875
7.228980000000001 0.5025
-6.00498 0.5025
4.2

IMD2c
4
-6.00498 0.5025
7.228980000000001 0.5025
7.228980000000001 0.5265
-6.00498 0.5265
3.28

IMD2d1+IMD2d2
4
-6.00498 0.5265
7.228980000000001 0.5265
7.228980000000001 0.6535
-6.00498 0.6535
2.65

IMD3a
4
-6.00498 0.6535
7.228980000000001 0.6535
7.228980000000001 0.6745
-6.00498 0.6745
5.2

IMD3b
4
-6.00498 0.6745
7.228980000000001 0.6745
7.228980000000001 0.6895
-6.00498 0.6895
4.2

IMD3c
4
-6.00498 0.6895
7.228980000000001 0.6895
7.228980000000001 0.7135
-6.00498 0.7135
3.28

IMD3d1+IMD3d2
4
-6.00498 0.7135
7.228980000000001 0.7135
7.228980000000001 0.8405
-6.00498 0.8405
2.65

IMD4a
4
-6.00498 0.8405
7.228980000000001 0.8405
7.228980000000001 0.8615
-6.00498 0.8615
5.2

IMD4b
4
-6.00498 0.8615
7.228980000000001 0.8615
7.228980000000001 0.8765
-6.00498 0.8765
4.2

IMD4c
4
-6.00498 0.8765
7.228980000000001 0.8765
7.228980000000001 0.9005
-6.00498 0.9005
3.28

IMD4d1+IMD4d2
4
-6.00498 0.9005
7.228980000000001 0.9005
7.228980000000001 1.0275
-6.00498 1.0275
2.65

IMD5a
4
-6.00498 1.0275
7.228980000000001 1.0275
7.228980000000001 1.0485
-6.00498 1.0485
5.2

IMD5b
4
-6.00498 1.0485
7.228980000000001 1.0485
7.228980000000001 1.0635
-6.00498 1.0635
4.2

IMD5c
4
-6.00498 1.0635
7.228980000000001 1.0635
7.228980000000001 1.0875
-6.00498 1.0875
3.28

IMD6a
4
-6.00498 1.2145
7.228980000000001 1.2145
7.228980000000001 1.2355
-6.00498 1.2355
5.2

IMD6b
4
-6.00498 1.2355
7.228980000000001 1.2355
7.228980000000001 1.2505
-6.00498 1.2505
4.2

IMD6c
4
-6.00498 1.2505
7.228980000000001 1.2505
7.228980000000001 1.2745
-6.00498 1.2745
3.28

IMD6d1+IMD6d2
4
-6.00498 1.2745
7.228980000000001 1.2745
7.228980000000001 1.4015
-6.00498 1.4015
2.65

IMD7a
4
-6.00498 1.4015
7.228980000000001 1.4015
7.228980000000001 1.4765
-6.00498 1.4765
5.2

IMD7b1+IMD7b2
4
-6.00498 1.4765
7.228980000000001 1.4765
7.228980000000001 2.9765
-6.00498 2.9765
4.2

IMD8a
4
-6.00498 2.9765
7.228980000000001 2.9765
7.228980000000001 3.0515
-6.00498 3.0515
5.2

IMD8b1+IMD8b2
4
-6.00498 3.0515
7.228980000000001 3.0515
7.228980000000001 4.5515
-6.00498 4.5515
4.2

PASS1
4
-6.00498 4.5515
7.228980000000001 4.5515
7.228980000000001 4.6265
-6.00498 4.6265
7.0

PASS2
4
-6.00498 4.6265
7.228980000000001 4.6265
7.228980000000001 5.0265
-6.00498 5.0265
4.2

PASS3
4
-6.00498 5.0265
7.228980000000001 5.0265
7.228980000000001 5.1015
-6.00498 5.1015
7.0

PASS4+PASS5
4
-6.00498 5.1015
7.228980000000001 5.1015
7.228980000000001 6.0515
-6.00498 6.0515
4.2

PASS6
4
-6.00498 6.0515
7.228980000000001 6.0515
7.228980000000001 6.6515
-6.00498 6.6515
7.0

air_Layer
4
-6.00498 6.6515
7.228980000000001 6.6515
7.228980000000001 6.9485
-6.00498 6.9485
1.0


4
-6.00498 0.001
7.228980000000001 0.001
7.228980000000001 6.9485
-6.00498 6.9485

