c1
4
-0.19342 0.37050000000000005
0.19342 0.37050000000000005
0.20258 0.4665
-0.20258 0.4665

3
botleft
4
-5.60316 -0.001
0 -0.001
0 0.001
-5.60316 0.001

botright
4
0 -0.001
5.79216 -0.001
5.79216 0.001
0 0.001

c2
4
0.5355800000000001 0.37050000000000005
0.6524200000000001 0.37050000000000005
0.6615800000000001 0.4665
0.5264200000000001 0.4665


42
IMD1b
4
-5.60316 0.40650000000000003
-0.196855 0.40650000000000003
-0.20258 0.4665
-5.60316 0.4665
2.8

IMD1b
4
0.196855 0.40650000000000003
0.5321450000000001 0.40650000000000003
0.5264200000000001 0.4665
0.20258 0.4665
2.8

IMD1b
4
0.6558550000000001 0.40650000000000003
5.79216 0.40650000000000003
5.79216 0.4665
0.6615800000000001 0.4665
2.8

IMD1a
4
-5.60316 0.3955
-0.19580541666666668 0.3955
-0.196855 0.40650000000000003
-5.60316 0.40650000000000003
5.2

IMD1a
4
0.19580541666666668 0.3955
0.5331945833333335 0.3955
0.5321450000000001 0.40650000000000003
0.196855 0.40650000000000003
5.2

IMD1a
4
0.6548054166666667 0.3955
5.79216 0.3955
5.79216 0.40650000000000003
0.6558550000000001 0.40650000000000003
5.2

ILD1b3
4
-5.60316 0.37050000000000005
-0.19342 0.37050000000000005
-0.19580541666666668 0.3955
-5.60316 0.3955
4

ILD1b3
4
0.19342 0.37050000000000005
0.5355800000000001 0.37050000000000005
0.5331945833333335 0.3955
0.19580541666666668 0.3955
4

ILD1b3
4
0.6524200000000001 0.37050000000000005
5.79216 0.37050000000000005
5.79216 0.3955
0.6548054166666667 0.3955
4

ILD1b1+ILD1b2
4
-5.60316 0.2765
5.79216 0.2765
5.79216 0.37050000000000005
-5.60316 0.37050000000000005
4

FOXA+FOXB+TOX
4
-5.60316 0.001
5.79216 0.001
5.79216 0.2665
-5.60316 0.2665
4.0

ILD1a
4
-5.60316 0.2665
5.79216 0.2665
5.79216 0.2765
-5.60316 0.2765
7.0

IMD2a
4
-5.60316 0.4665
5.79216 0.4665
5.79216 0.4875
-5.60316 0.4875
5.2

IMD2b
4
-5.60316 0.4875
5.79216 0.4875
5.79216 0.5025
-5.60316 0.5025
4.2

IMD2c
4
-5.60316 0.5025
5.79216 0.5025
5.79216 0.5265
-5.60316 0.5265
3.28

IMD2d1+IMD2d2
4
-5.60316 0.5265
5.79216 0.5265
5.79216 0.6535
-5.60316 0.6535
2.65

IMD3a
4
-5.60316 0.6535
5.79216 0.6535
5.79216 0.6745
-5.60316 0.6745
5.2

IMD3b
4
-5.60316 0.6745
5.79216 0.6745
5.79216 0.6895
-5.60316 0.6895
4.2

IMD3c
4
-5.60316 0.6895
5.79216 0.6895
5.79216 0.7135
-5.60316 0.7135
3.28

IMD3d1+IMD3d2
4
-5.60316 0.7135
5.79216 0.7135
5.79216 0.8405
-5.60316 0.8405
2.65

IMD4a
4
-5.60316 0.8405
5.79216 0.8405
5.79216 0.8615
-5.60316 0.8615
5.2

IMD4b
4
-5.60316 0.8615
5.79216 0.8615
5.79216 0.8765
-5.60316 0.8765
4.2

IMD4c
4
-5.60316 0.8765
5.79216 0.8765
5.79216 0.9005
-5.60316 0.9005
3.28

IMD4d1+IMD4d2
4
-5.60316 0.9005
5.79216 0.9005
5.79216 1.0275
-5.60316 1.0275
2.65

IMD5a
4
-5.60316 1.0275
5.79216 1.0275
5.79216 1.0485
-5.60316 1.0485
5.2

IMD5b
4
-5.60316 1.0485
5.79216 1.0485
5.79216 1.0635
-5.60316 1.0635
4.2

IMD5c
4
-5.60316 1.0635
5.79216 1.0635
5.79216 1.0875
-5.60316 1.0875
3.28

IMD5d1+IMD5d2
4
-5.60316 1.0875
5.79216 1.0875
5.79216 1.2145
-5.60316 1.2145
2.65

IMD6a
4
-5.60316 1.2145
5.79216 1.2145
5.79216 1.2355
-5.60316 1.2355
5.2

IMD6b
4
-5.60316 1.2355
5.79216 1.2355
5.79216 1.2505
-5.60316 1.2505
4.2

IMD6c
4
-5.60316 1.2505
5.79216 1.2505
5.79216 1.2745
-5.60316 1.2745
3.28

IMD6d1+IMD6d2
4
-5.60316 1.2745
5.79216 1.2745
5.79216 1.4015
-5.60316 1.4015
2.65

IMD7a
4
-5.60316 1.4015
5.79216 1.4015
5.79216 1.4765
-5.60316 1.4765
5.2

IMD7b1+IMD7b2
4
-5.60316 1.4765
5.79216 1.4765
5.79216 2.9765
-5.60316 2.9765
4.2

IMD8a
4
-5.60316 2.9765
5.79216 2.9765
5.79216 3.0515
-5.60316 3.0515
5.2

IMD8b1+IMD8b2
4
-5.60316 3.0515
5.79216 3.0515
5.79216 4.5515
-5.60316 4.5515
4.2

PASS1
4
-5.60316 4.5515
5.79216 4.5515
5.79216 4.6265
-5.60316 4.6265
7.0

PASS2
4
-5.60316 4.6265
5.79216 4.6265
5.79216 5.0265
-5.60316 5.0265
4.2

PASS3
4
-5.60316 5.0265
5.79216 5.0265
5.79216 5.1015
-5.60316 5.1015
7.0

PASS4+PASS5
4
-5.60316 5.1015
5.79216 5.1015
5.79216 6.0515
-5.60316 6.0515
4.2

PASS6
4
-5.60316 6.0515
5.79216 6.0515
5.79216 6.6515
-5.60316 6.6515
7.0

air_Layer
4
-5.60316 6.6515
5.79216 6.6515
5.79216 6.9485
-5.60316 6.9485
1.0


4
-5.60316 0.001
5.79216 0.001
5.79216 6.9485
-5.60316 6.9485

